2048 7038 0
6 8 16 
28 
4 11 13 25 26 
2 12 27 




10 


3 28 
4 12 
2031 

1 





24 
21 22 

3 11 
3 11 
2 11 

33 34 38 39 42 50 51 63 
31 32 35 36 37 45 56 57 58 59 61 
1 5 6 30 48 49 
35 37 46 57 58 59 
51 52 72 
42 43 53 54 
30 57 
45 58 
30 35 58 
29 34 39 41 43 53 54 
34 38 43 
42 53 
34 42 43 54 
29 34 38 40 
29 38 39 40 42 54 

32 37 46 60 
30 32 59 
31 49 
31 
16 47 




40 43 

30 35 36 57 
35 58 
30 35 36 57 
30 32 60 
46 


64 71 72 83 84 93 97 
29 33 63 72 81 82 83 84 94 95 97 98 99 
66 67 68 69 75 76 85 86 87 106 108 124 
65 69 70 76 77 78 79 80 86 87 88 89 90 91 
65 66 70 76 77 80 88 89 90 91 
65 108 
66 67 68 75 76 87 
65 67 76 77 78 79 87 89 90 91 
64 81 
50 51 84 99 
65 69 
65 68 73 85 
65 68 69 85 
66 69 70 75 87 88 89 
78 79 80 90 
66 70 79 80 90 91 
66 67 70 77 80 90 
66 

63 64 94 95 
63 82 84 96 97 
72 83 96 97 98 
68 
66 68 74 75 85 
65 66 67 89 

76 87 
79 91 
66 70 77 79 90 



71 82 94 
63 83 97 
64 84 
64 72 99 



105 



107 108 119 
119 122 
73 121 123 124 










121 122 

107 120 
106 107 108 119 
107 108 121 122 

127 129 130 132 134 135 136 143 146 147 165 
100 128 137 138 140 150 151 153 154 155 156 157 158 159 
126 128 132 148 
127 137 138 139 148 149 150 152 
142 145 
132 136 147 
125 130 132 134 135 146 147 
127 130 
127 132 
125 132 146 147 
130 131 132 134 136 146 147 
125 131 134 135 
126 127 139 150 151 
128 137 139 150 152 
126 128 138 140 150 151 152 155 156 
126 154 158 
109 160 
125 129 143 



135 
134 
133 

128 137 138 139 151 
126 128 138 152 
126 138 139 151 153 154 155 156 
126 139 154 156 
126 140 152 153 156 
139 140 154 156 
139 153 
126 158 159 

126 140 157 158 


164 170 184 185 187 189 215 225 240 241 242 243 
166 167 169 177 198 199 200 202 
162 167 171 172 173 174 175 192 
145 181 182 183 206 207 
163 164 167 172 173 174 175 195 196 198 
166 168 174 177 178 195 196 197 199 200 

163 201 202 204 
162 184 186 187 223 224 225 240 241 
162 164 189 190 191 
171 173 174 192 193 194 

164 173 175 194 195 
174 
163 167 168 177 198 199 200 
163 167 168 176 178 199 
163 176 199 
202 203 
165 169 179 181 182 203 204 205 206 
169 206 207 
180 207 
165 182 207 
185 241 242 243 
170 184 186 187 241 242 243 
162 170 184 187 241 242 

162 187 189 





166 172 173 174 192 
163 166 167 174 175 196 197 198 199 
166 
196 
166 167 195 197 199 
167 176 178 195 196 198 
177 

163 179 
169 179 202 
179 
180 204 206 207 
180 205 207 
183 
209 211 227 228 255 265 266 283 
211 226 227 228 
214 
208 209 226 227 255 265 
210 
210 212 
210 212 232 233 
224 238 


220 

221 236 

238 
184 186 187 215 224 225 241 242 243 
170 184 185 186 225 240 241 242 243 
184 186 223 241 242 243 
211 
211 226 
208 211 
212 


214 233 



220 


215 221 238 
215 222 223 225 
184 223 224 225 242 
223 240 
186 223 224 240 241 242 
245 246 251 252 257 258 259 268 295 
244 246 250 253 254 258 259 260 268 
244 245 254 259 268 269 
245 246 262 271 272 
263 272 273 274 
247 248 262 274 277 278 279 
244 245 252 253 256 257 258 267 295 
245 250 252 253 256 257 259 267 295 
245 246 251 253 257 258 259 267 268 
244 246 251 256 258 267 268 
244 269 

244 251 252 258 295 
252 258 
245 256 267 268 
244 245 246 251 258 268 
245 246 248 254 269 270 271 272 
270 271 
247 263 
248 262 
247 249 263 274 


244 250 252 256 257 
244 245 252 258 

247 248 260 272 
260 261 270 273 
247 248 260 271 
247 248 261 262 271 
248 
264 276 277 
249 
249 275 276 279 

249 278 280 
278 
279 280 


208 209 244 245 246 247 248 249 250 251 252 253 254 255 256 257 258 259 260 261 263 267 268 269 270 285 286 287 288 289 290 292 293 294 295 296 297 298 299 300 301 302 303 304 305 306 307 308 309 310 311 312 313 314 315 316 317 320 323 324 325 326 327 328 329 330 335 337 339 340 341 342 343 345 369 415 
286 287 291 296 297 299 308 310 311 317 341 342 
284 285 287 288 292 301 
285 286 
289 290 

294 295 304 305 306 
287 


289 295 
256 288 290 294 306 




286 287 301 302 
286 300 302 
284 300 303 

290 


285 308 309 310 311 313 314 315 316 320 322 323 325 326 327 332 333 334 335 336 337 338 
307 309 310 311 314 315 316 324 325 326 329 330 336 337 338 339 340 
307 310 313 315 316 325 336 
308 309 311 314 315 316 317 325 326 327 328 329 330 336 337 338 339 340 
296 297 298 307 308 310 317 342 

309 320 323 334 
307 308 309 315 316 325 336 
309 310 324 326 336 338 
307 309 310 314 315 324 325 326 327 336 337 
296 330 341 
319 

321 334 
307 313 320 322 332 334 
313 320 321 332 333 334 
307 309 321 322 332 333 334 
307 314 315 335 336 
307 308 309 310 315 316 324 326 336 337 
307 308 310 315 325 327 336 337 338 
307 308 310 316 326 328 330 337 340 
308 310 327 330 337 340 
327 340 
308 310 317 329 340 
318 
313 320 321 322 

313 320 322 323 333 
309 314 
307 308 309 310 315 324 326 
315 325 326 328 338 
308 326 327 339 
310 326 337 
308 310 328 329 


345 346 347 354 355 
348 351 358 362 389 
347 353 364 


358 359 360 

344 

350 353 364 

346 
343 366 




344 
344 362 

344 349 350 361 


355 357 


371 372 373 374 375 376 377 378 379 380 381 382 383 384 385 390 392 393 394 395 396 397 398 399 400 401 402 403 404 415 416 417 431 
369 376 377 378 385 386 387 388 404 405 406 407 408 410 411 412 413 414 
369 372 373 379 380 381 382 383 394 395 396 397 
371 373 374 375 380 381 382 383 384 395 396 398 399 400 
369 374 375 379 380 381 383 396 397 398 399 
369 371 372 373 375 379 380 381 382 383 395 396 397 399 
369 372 376 384 398 399 400 401 
369 370 375 400 401 402 
369 370 376 402 403 405 406 
369 386 387 407 408 409 410 411 412 
371 373 374 381 382 383 393 394 395 396 
371 372 373 379 381 394 396 
369 383 393 394 395 396 
369 372 379 381 383 395 397 
369 371 372 373 374 379 381 382 395 396 397 
401 402 403 
369 370 378 386 405 407 408 410 
378 385 407 409 
370 378 412 414 
348 358 359 370 387 414 




371 373 381 382 
369 371 393 395 
371 372 373 374 379 380 381 394 
369 372 379 381 383 395 397 
371 372 374 382 396 398 399 
373 400 
374 375 398 400 
375 376 398 399 
369 375 376 377 384 402 403 
376 401 403 

369 377 405 406 407 

404 
370 377 378 386 404 406 408 409 410 
385 407 
378 385 386 408 411 
386 407 
370 385 386 

370 412 

417 418 419 420 421 423 424 425 429 430 436 438 439 440 
415 417 418 419 420 423 425 426 431 438 439 440 441 442 443 444 
415 416 418 419 421 423 430 436 437 
415 417 420 423 429 430 436 
415 418 421 437 
417 423 
416 417 419 420 425 438 440 
418 434 435 
417 418 436 437 
415 419 420 421 438 439 
421 426 443 444 
415 416 425 431 432 443 444 





426 445 



415 417 418 423 437 
415 417 419 420 423 436 
416 419 
415 416 421 
421 
421 442 

416 425 441 
425 431 432 

447 450 452 464 
452 464 468 469 
459 460 461 462 
446 
449 457 463 
457 
446 465 
468 



451 

455 


448 461 



447 468 



471 472 473 475 480 482 483 484 486 
474 479 480 481 482 483 484 
448 455 456 458 470 475 476 495 

471 478 
472 484 486 488 494 
454 
454 
491 
471 474 
470 493 
471 473 480 482 483 
470 473 481 483 

475 485 


470 486 488 
476 





475 486 

497 498 501 502 506 507 509 511 512 514 515 

496 501 507 541 
497 500 504 520 
520 

513 514 515 
517 518 
521 
490 521 

496 498 508 


496 508 511 
496 509 510 513 
496 502 509 511 
496 511 
496 502 







524 525 530 531 536 537 538 539 546 547 548 549 551 552 553 
524 526 527 535 
522 523 525 528 544 
522 524 528 529 530 536 537 538 539 
535 
524 529 536 
527 529 544 545 
524 528 536 544 
525 531 537 539 547 548 549 550 553 
522 530 551 552 554 556 


543 
523 524 526 
522 524 525 527 
522 530 538 539 548 549 

522 530 537 548 

540 

523 535 
524 529 
527 529 


530 538 539 547 549 
522 537 547 550 
530 539 548 

522 530 531 
531 552 
531 540 
531 540 541 554 556 
531 555 
522 523 524 526 532 533 558 560 561 562 563 564 567 568 569 570 571 572 573 574 575 576 577 578 579 580 581 582 583 585 588 589 590 591 593 594 596 597 602 610 627 628 672 
557 560 563 574 577 578 579 581 
557 564 579 580 581 582 584 585 586 
557 558 559 581 582 583 584 585 


558 576 
557 558 559 560 582 583 584 585 586 


566 

557 








557 563 576 577 
557 559 560 563 580 581 
559 581 
557 559 560 564 580 582 583 
558 560 581 583 
557 559 564 581 582 584 585 
557 564 585 
559 560 583 586 
557 564 585 

561 



595 598 599 600 604 605 611 612 614 615 
567 594 602 603 608 609 610 619 621 622 624 625 
565 566 567 593 597 602 603 609 610 622 623 624 625 626 
599 605 606 612 613 615 616 
593 594 597 602 603 608 609 620 621 622 
594 602 603 608 609 610 620 621 622 623 624 625 
599 604 611 
595 598 605 613 614 
599 612 614 615 

593 594 596 597 603 609 623 624 625 626 
593 594 596 597 602 609 610 620 622 624 625 626 
598 
592 599 600 606 613 614 615 616 617 
592 600 612 615 616 617 

596 618 620 
593 594 596 597 602 603 608 619 620 621 622 
565 593 594 602 623 625 626 

592 595 599 613 614 615 
592 595 599 600 605 614 
592 595 599 600 605 
592 600 606 



593 596 608 609 620 
594 596 597 602 603 609 621 
593 596 597 609 620 622 
594 609 620 
593 594 597 602 603 624 625 626 
594 610 
593 594 597 602 610 623 624 626 
593 594 602 624 625 
592 628 629 630 631 634 635 639 640 641 642 644 645 646 653 655 656 658 660 661 662 665 666 667 668 669 673 
592 595 598 599 604 627 629 630 631 632 633 634 635 639 640 641 643 644 645 646 656 657 658 659 662 663 664 665 666 667 669 670 671 
627 630 631 632 634 636 637 638 639 640 649 650 651 652 653 654 655 656 673 677 678 690 691 
627 628 638 640 653 655 
627 630 632 634 635 640 641 655 656 657 658 
627 628 629 630 633 635 639 640 641 656 657 658 659 661 
627 628 631 632 634 635 642 643 659 660 662 664 665 666 668 
628 629 631 635 640 641 656 657 658 659 661 662 
628 631 632 633 634 641 642 658 659 660 661 662 
637 647 649 651 
630 636 638 651 652 
629 630 636 
627 628 629 632 653 654 655 
627 629 632 634 641 656 657 
635 658 659 
627 628 633 644 659 
628 644 
628 633 642 643 645 665 666 667 669 670 
646 667 668 669 


647 650 651 
636 650 651 
629 636 648 649 651 
629 636 637 638 648 649 

627 629 
630 653 
629 631 639 
628 629 631 634 640 657 
628 632 641 
627 628 632 635 659 
627 628 633 635 642 658 661 
627 632 633 634 635 659 661 663 
627 632 633 634 635 659 662 663 
628 633 635 642 659 661 664 
627 642 661 662 
627 633 643 665 

628 644 645 667 668 669 670 
627 628 666 
667 669 
627 666 670 
644 667 668 
645 646 
627 628 629 630 631 636 673 675 677 678 679 681 682 683 684 685 686 687 688 689 690 691 696 698 699 700 701 702 703 704 705 706 707 708 709 710 711 713 
672 675 676 678 684 686 688 689 690 705 706 708 709 
679 680 698 699 
672 673 676 684 685 686 687 705 706 
672 673 677 686 688 689 706 707 708 
678 689 707 708 
647 649 650 651 691 709 
672 674 695 

672 700 701 
681 684 
672 684 703 704 

672 673 675 676 705 
672 675 676 677 685 687 688 706 707 
672 673 675 686 688 706 
672 673 676 677 686 689 706 708 709 
673 677 686 688 706 707 708 709 
636 647 649 650 673 677 678 709 
647 649 672 






672 699 
674 680 696 698 700 
681 701 
672 

672 683 702 

672 675 
672 676 677 707 
672 673 676 686 688 689 706 708 
673 676 677 688 
688 689 
711 712 713 715 718 719 721 723 724 725 726 727 732 734 736 738 
674 679 692 693 694 710 713 719 720 722 723 726 727 728 733 734 735 736 737 
710 714 716 717 729 741 747 772 773 774 775 
692 710 711 723 726 727 736 737 
717 
710 712 719 730 731 
714 717 

715 720 724 
710 711 715 718 720 732 
711 725 732 
711 713 723 726 735 736 
710 711 721 723 727 728 
710 711 722 727 728 736 737 
710 715 
720 
710 713 721 734 735 
710 711 736 
693 
712 


718 720 

710 
710 721 726 733 734 
710 723 727 
713 722 
714 716 717 740 741 746 747 759 770 772 773 774 
752 753 762 763 764 
738 745 746 747 759 768 769 772 773 
714 716 738 740 746 747 759 770 771 772 773 774 775 
739 743 753 755 764 766 767 
753 754 758 766 767 
743 745 754 756 757 758 766 767 
740 743 744 757 768 
738 740 769 
738 740 741 746 771 772 
749 761 




739 743 744 765 
743 744 745 756 757 758 766 
754 756 757 758 767 
744 745 754 
744 754 758 
743 754 755 757 768 
738 746 747 770 771 


739 751 752 763 
751 752 


739 744 753 754 767 
743 744 754 
745 756 758 
740 
738 740 759 771 772 773 
740 747 
740 746 747 759 
772 


739 748 750 760 761 777 779 780 782 793 804 805 806 807 808 
748 760 761 776 779 782 784 793 807 
785 786 794 795 796 
776 782 783 791 792 803 805 806 
748 760 777 779 793 808 
788 789 799 800 801 802 
777 783 792 
776 780 782 804 806 
776 780 808 


781 788 790 800 802 
781 787 790 800 801 802 

788 789 802 
776 782 792 
791 
776 780 808 

796 

795 798 

797 

781 787 789 802 
787 789 790 


776 779 782 
807 

776 777 784 
814 815 816 824 839 840 841 842 843 844 
817 818 819 829 830 832 833 834 835 
815 816 840 841 842 844 

817 819 828 829 830 
809 820 822 823 
814 840 841 


810 813 832 
810 820 
819 821 822 823 835 836 837 838 

814 837 
821 
816 845 



813 817 

810 829 832 833 
810 830 
813 830 
813 818 832 

810 818 819 820 834 836 837 
818 819 820 821 835 
819 820 821 835 836 
822 823 839 
809 815 838 

809 811 
809 811 815 841 843 
841 


847 848 850 851 852 853 854 855 856 868 869 870 
849 850 852 853 862 863 866 867 878 
846 855 857 858 870 873 
850 861 862 
846 847 852 863 864 865 
848 872 873 
846 847 850 854 863 865 866 867 
852 

856 

846 856 871 
848 871 873 



861 910 

847 863 865 
847 866 
850 863 
847 852 865 866 


857 858 
851 857 
851 873 
858 

881 883 884 885 886 887 888 894 896 897 898 899 900 901 902 
875 877 879 881 883 890 891 893 894 895 919 920 925 926 927 928 948 950 951 952 
876 879 884 885 887 897 899 
847 849 882 888 909 910 
875 893 897 
849 875 889 904 906 907 908 
879 883 893 895 
861 862 878 909 
876 879 894 895 
877 


877 888 899 901 
875 878 901 903 904 
878 880 905 907 

952 
891 952 
879 881 891 
875 876 881 
876 879 881 883 894 
877 884 

875 
875 877 
875 887 902 
899 900 902 
875 887 900 901 903 
888 905 
878 880 888 905 
878 880 888 889 903 904 

906 

878 882 910 

912 913 915 922 933 934 935 936 
911 921 929 930 931 932 933 957 966 967 987 
911 914 916 917 918 919 924 938 939 940 941 942 944 945 946 947 
913 917 919 924 944 945 946 
922 
913 914 918 923 938 942 944 
913 914 924 941 942 943 944 945 
914 917 919 924 
914 925 926 927 948 949 
919 927 948 949 950 951 952 
911 915 932 933 
921 933 934 936 
911 913 916 917 937 939 940 941 942 943 944 
913 914 916 917 943 944 946 
914 919 920 928 948 
919 949 
919 926 928 948 950 951 
925 926 951 952 





915 936 
922 936 


913 923 940 942 

916 941 
916 917 923 939 940 943 944 
916 917 940 941 943 944 945 
913 916 917 923 924 940 941 942 944 945 
913 916 917 923 942 943 
913 914 916 917 918 943 944 


919 926 
948 
890 920 927 952 
920 
890 891 892 920 928 950 951 
954 956 960 963 974 975 
955 958 959 961 970 972 973 974 
953 954 960 961 970 971 972 973 974 975 
912 953 957 964 965 966 967 977 978 980 981 982 983 984 985 986 987 
912 929 956 964 965 983 984 987 
954 969 


954 955 975 
976 
962 
980 981 982 983 984 
956 957 964 966 983 984 986 




955 958 959 
953 970 
954 973 
972 
954 972 976 
961 962 976 
953 961 
978 

956 964 978 982 
956 978 981 982 
956 964 979 980 982 

956 957 984 986 
965 
956 957 964 965 984 
956 983 984 985 987 
929 956 
953 954 955 958 959 960 968 969 970 989 990 991 992 993 994 999 1001 1002 1003 1004 1014 1015 1016 1017 1018 1019 1020 1021 1023 1024 1025 
988 991 996 997 999 1012 1013 1015 
988 991 997 998 999 1011 1012 1013 1014 1015 
989 
991 999 1000 1016 1018 
994 1001 1002 1003 1021 
988 1002 
1009 
1008 1010 
1012 1013 
989 990 997 1011 
990 992 1015 1016 

988 1020 
988 993 1003 1022 
1002 1022 
1002 1003 1023 
1006 1007 


995 996 1009 1010 

996 
989 990 1012 

989 997 998 1012 
988 990 1015 
990 991 999 1014 
988 992 
992 1000 1016 1018 
988 1016 1017 



994 1002 1003 
1003 1004 1022 
1025 1026 1027 1028 1029 1030 1033 1034 1035 1036 1040 1042 1044 1045 1047 1048 
989 1005 1027 1029 1049 1051 1053 1054 1055 
1024 1028 1035 1041 1043 
1025 1026 1034 1041 1042 1044 1045 
1024 1026 1032 1033 1037 1039 1040 
1027 1030 1044 1046 1049 1051 
1025 1029 1045 1046 
1052 1053 1054 1055 1056 

1024 1026 1034 
1024 1026 1027 1040 
1024 1027 1042 
1024 1029 1045 1046 

1028 
1032 
1028 


1027 1036 
1024 1029 1036 1043 1045 1046 
1024 1027 1036 
1030 1044 1045 1048 1049 
1045 1049 
1024 1029 1030 1046 1047 1050 
1025 1029 1046 1047 

1025 1030 
1031 1054 1055 
1025 1052 1055 
1025 1052 
1031 1052 1053 1054 
1025 1052 1054 
1024 1058 1059 1060 1061 1062 1063 1068 1069 1070 1071 1072 1079 1080 1081 1083 1084 1085 1086 1094 
1057 1059 1060 1061 1063 1066 1067 1069 1077 1078 1079 1080 1081 1082 1083 1094 
1057 1058 1063 1068 1077 1078 1079 1080 1081 
1057 1058 1066 1067 1075 1076 1094 1106 1117 1118 
1057 1058 1062 1064 1071 1072 1073 1084 1085 1086 1088 
1057 1061 1071 1073 1086 1087 1089 
1058 1079 1080 1082 
1057 1061 1062 1089 

1058 1060 1076 

1058 1079 


1057 1061 1062 1073 1084 1086 1087 
1073 
1061 1062 1064 1072 1086 1087 1088 
1065 1118 
1074 1076 
1065 1074 1118 
1058 


1057 1059 1079 
1057 1058 1059 1063 1082 




1057 1064 1072 1073 1087 
1061 1073 

1062 1064 
1091 1096 1101 1102 1108 1109 
1092 1095 1100 1101 1102 1108 1111 
1096 1100 1101 1102 1108 1109 1110 1111 
1116 
1060 1065 1076 1093 1105 1116 1117 
1090 1091 1098 1099 1100 1107 
1090 1091 1092 1095 1108 



1090 1091 1095 1096 1101 1108 1109 
1092 1100 1102 1108 1109 
1090 1091 1096 
1114 
1093 1114 
1118 
1105 1117 1118 
1090 1095 1100 1109 
1090 1091 1095 1096 1100 1101 1102 
1090 1091 1096 1107 1108 





1116 
1094 
1106 
1074 1075 1076 1106 1117 
1057 1058 1090 1091 1120 1121 1122 1123 1124 1125 1126 1127 1128 1129 1130 1131 1134 1135 1136 1137 1138 1139 1140 1141 1142 1143 1144 1145 1146 1147 1150 1152 1153 1157 1161 1164 1165 1166 1167 1168 1174 1175 1177 1178 1179 1180 1181 1182 1183 1184 1185 
1057 1090 1095 1096 1097 1098 1119 1121 1123 1125 1126 1128 1129 1130 1131 1140 1141 1143 1144 1145 1146 1147 1148 1149 
1090 1091 1092 1095 1096 1097 1099 1101 1107 1120 1124 1125 1126 1128 1129 1130 1131 1147 1148 
1119 1120 1123 1135 1136 1137 1138 1139 1140 1141 1142 
1124 1142 
1119 1120 1128 1143 1144 1145 1146 
1119 1120 1121 1124 1126 1128 1129 1130 1131 

1119 1132 1133 1134 
1121 1124 1125 1146 
1119 1121 1131 1147 1148 
1120 1125 1126 1129 1131 
1120 1121 1125 1126 1129 1149 

1127 

1122 

1122 1139 
1135 
1122 1136 1137 1138 
1119 1122 1123 1141 1142 
1120 1122 1142 
1119 1123 1140 1141 
1119 1120 1124 
1120 

1128 
1128 1148 
1125 1129 1147 
1126 1131 
1154 1158 1169 1170 1172 1210 
1150 1156 
1157 1162 1163 1165 1174 1175 1177 1178 
1152 1157 1164 1165 1166 1174 1175 1176 1177 1178 
1151 1156 1159 1160 1172 1173 
1150 1151 1156 1160 
1154 1160 
1152 1153 1165 1166 1178 1181 

1150 1151 1154 1172 1173 


1152 1163 1164 

1152 1153 1163 1174 1176 
1164 1166 1174 
1179 


1150 1210 

1151 1172 


1153 1162 1164 1165 
1153 1165 1166 1174 
1153 1164 1166 1175 
1153 1166 1175 1178 
1153 1166 1177 






1150 1158 1159 1169 1186 1187 1189 1190 1203 1204 1206 1207 1208 1209 1210 
1188 1192 1199 1200 1201 
1185 1189 1190 1205 1207 
1186 1191 1192 1197 1199 1201 1202 
1190 
1187 
1199 1200 
1188 1191 1198 




1188 1192 1199 
1199 
1191 1192 1197 
1186 1188 1191 1192 1202 

1188 


1185 1189 1190 
1189 




284 988 1024 1057 1058 1090 1091 1120 1121 1123 1124 1150 1151 1152 1153 1154 1155 1156 1157 1158 1159 1160 1161 1162 1163 1164 1165 1169 1170 1171 1172 1173 1185 1186 1187 1188 1189 1190 1191 1193 1194 1196 1197 1198 1199 1200 1202 1203 1204 1205 1206 1207 1208 1209 1210 1212 1213 1214 1215 1216 1217 1218 1219 1220 1221 1222 1223 1224 1225 1226 1227 1228 1229 1230 1231 1232 1233 1234 1235 1236 1238 1239 1240 1241 1242 1243 1244 1245 1246 1247 1249 1250 1251 1252 1253 1254 1255 1256 1257 1258 1259 1260 1261 1264 1265 1266 1267 1268 1270 1271 1272 1273 1274 1275 1276 1277 1278 1279 1280 1281 1282 1283 1284 1285 1286 1287 1288 1289 1291 1292 1293 1294 1295 1296 1302 1303 1304 1305 1306 1316 1317 1318 1319 1320 1321 1322 1356 1357 1405 1642 
1211 1216 1217 1225 1227 1228 1229 1230 1231 1232 1243 
1222 
1217 1228 1229 1231 1232 
1211 1214 
1220 1285 
1211 1214 1228 1229 1231 1232 
1211 1215 1221 1233 
1237 1238 


1213 1234 

1216 1225 



1211 1212 1214 1229 1230 
1211 1214 1217 1228 1231 

1214 
1214 1231 




1211 1213 1238 

1211 1213 1238 
1241 1242 1245 1250 1251 1252 1253 1254 1255 1261 1262 1263 1264 1265 1267 1268 1269 1286 1287 1289 1295 1296 1305 1306 1314 1315 1316 
1240 1242 1243 1244 1245 1247 1251 1252 1253 1254 1255 1256 1257 1258 1262 1264 1265 1266 1267 1268 1269 1270 1272 1273 1286 1287 
1240 1241 1245 1247 1255 1256 1258 1259 1270 1272 1274 
1212 1216 1224 1241 1245 1246 1248 1249 1260 1279 1280 1281 1282 1283 1284 1285 
1250 1252 1261 1262 1263 1264 
1242 1243 1246 1247 1258 1274 1275 
1245 1248 1260 1277 1278 1279 1280 1281 1282 1283 
1248 1259 1273 
1246 1249 1260 1275 1277 1280 1281 
1248 1260 1279 1281 1282 1284 
1262 1316 
1241 1244 1252 1266 
1241 1251 1253 1254 1264 1266 
1240 1251 1254 
1241 1251 1252 1253 1265 1267 1269 
1242 1254 1269 

1241 1242 1256 1271 
1242 1245 1247 1259 1273 1274 1275 

1243 1246 1249 1277 1279 1280 

1244 1250 1251 1263 

1253 1262 

1240 1251 1252 1253 1255 1265 1267 1268 1269 
1240 1241 1255 1266 
1240 1241 1253 1254 1269 
1240 1241 1254 1255 1266 1268 
1241 1242 1256 1271 
1242 1256 1257 1272 
1256 1257 1270 1271 
1245 1258 
1242 1247 1248 1259 1275 1276 
1247 1258 1259 1276 

1275 1276 

1243 1246 1248 1249 1260 1277 1280 
1246 1248 1249 1260 1279 1281 1282 
1248 1249 1279 1280 1282 1283 

1246 1249 1260 1280 1281 1282 
1243 1246 1285 

1250 1293 1294 1295 1302 1303 1304 1314 1316 
1244 1289 1296 1302 1303 1305 1306 1313 1314 1315 
1290 1307 1308 1322 1338 
1286 1295 1296 1302 1303 1304 1305 1306 1313 1314 
1307 
1292 1299 1312 
1291 1301 
1286 1291 1301 
1286 1289 1302 1303 
1286 1287 1289 1305 1306 1314 1316 
1287 1289 1306 1314 1315 
1338 
1288 1308 

1310 
1291 1292 1293 1312 
1286 1287 1304 
1313 
1286 1287 1289 1295 1302 1305 1306 1313 
1287 1289 1295 1304 1314 1315 
1286 1287 1289 1295 1296 1304 1305 1313 1314 1315 





1291 
1287 1289 1295 1296 1303 1304 1305 1306 1314 
1287 1306 1313 
1286 1287 1295 1296 1305 1306 

1318 1319 1320 1321 1322 1323 1325 1326 1330 1331 1332 1333 1334 1335 1337 1340 1341 1342 1343 1345 1346 1347 1349 1350 1351 1352 1353 1354 1359 1361 
1317 1328 1329 1330 1332 1341 1342 1343 1361 
1320 1321 1322 1325 1326 1336 1338 1354 1355 
1319 1321 1324 1331 1332 1333 1334 1335 1344 1345 1347 1348 
1317 1319 1320 1322 1325 1333 1334 1335 1336 1337 1349 1350 1351 1352 1353 1354 
1288 1297 1317 1319 1321 1324 1325 1326 1338 1355 
1317 1329 1339 1361 
1319 1321 1322 1325 1334 1335 1336 1350 1351 1352 1353 
1319 1321 1355 
1297 1319 1355 
1318 1323 1328 1329 1339 1364 
1318 1329 1339 
1328 
1339 
1320 
1320 1331 1344 1345 1346 
1320 1334 1344 1345 1347 1349 
1317 1320 1321 1324 1335 1348 1350 
1317 1320 1334 1349 1351 1352 
1317 1319 1321 1337 1354 
1319 1321 1352 1353 
1319 
1318 1329 
1317 1318 1323 1341 


1317 
1317 1320 1332 1333 1345 1347 1348 
1317 1320 1332 1346 1347 1348 
1320 1347 
1317 1333 1344 1346 1348 1349 
1320 1333 1334 1345 1349 
1317 1321 1335 1347 
1317 1321 1334 1335 1336 1351 1352 1353 
1317 1321 1324 1336 1337 1350 1353 
1335 1336 1337 1353 
1317 1321 1324 1337 1350 1351 1352 
1319 1321 1324 1325 1337 

1360 1362 1365 1366 1367 1368 1372 
1356 1358 1360 1370 
1356 1357 1360 1369 1370 1371 1372 1374 1375 1376 1377 
1323 1327 1339 1361 1363 1380 1381 
1356 1362 1368 1370 
1323 1329 1359 1363 1364 1381 







1356 1357 1360 1371 1372 

1357 1370 
1356 1357 1369 1371 1373 
1371 





1359 1363 
1363 
1361 1380 
1383 1384 1388 1389 1395 1397 1399 
1382 1389 1390 1391 1400 1401 1402 



1382 1388 


1403 
1404 
1404 


1396 



1382 
1398 




1356 1357 1382 1383 1384 1385 1386 1387 1388 1389 1393 1394 1395 1396 1397 1406 1407 1411 1412 1416 1417 1418 1419 1426 1427 1428 1429 
1405 1411 1412 1417 1427 
1405 1408 1413 1418 1419 1429 
1393 1394 
1460 

1405 1406 1412 1425 
1411 1416 
1406 1407 1418 1426 1427 
1415 1422 1423 

1405 1406 1411 1412 1415 1425 

1407 1413 1419 1427 







1406 1412 

1407 

1434 1441 1442 1469 1470 1489 1491 
1430 1435 1436 1442 1443 1444 1445 
1451 


1431 1436 1437 1443 1445 
1435 1437 1443 1444 
1445 1446 
1439 1459 1460 
1420 
1492 

1434 


1435 
1437 

1449 
1433 



1432 1451 1454 



1439 1456 1459 

1420 1438 1460 
1420 1438 1439 
1473 1475 1477 1478 
1461 1464 1465 1471 1475 1476 1477 
1470 1486 1487 1488 1489 
1473 1477 1478 1479 1480 
1466 1482 
1463 1482 1483 1484 1485 
1463 1468 1474 1483 1485 1486 

1463 1470 1487 1488 1489 
1440 1463 1488 1490 1491 

1462 1464 1473 1477 1478 
1461 1465 1480 
1467 1487 
1461 1471 
1461 1462 
1462 1464 1472 1473 1478 
1461 1462 1473 1477 
1464 1465 1480 





1467 



1463 1491 
1470 
1470 
1440 1490 
1495 1502 1510 1511 1513 1514 1516 1517 1518 
1493 1495 1496 1503 1512 1513 1514 1515 1517 1519 1520 
1493 1494 1496 1501 1509 1510 1511 1512 1513 1514 1515 1516 
1516 1517 1518 
1498 


1506 
1495 1502 1509 1510 1511 
1493 1494 1495 1501 1510 1511 1512 1513 1514 1515 


1500 1506 1561 



1493 1501 1502 
1493 1502 
1494 1495 1501 1509 1510 1512 1513 
1493 1495 1502 1513 1514 
1493 1502 1512 1514 1515 
1493 1495 1496 1502 1512 1515 
1495 1496 1502 1513 1514 1516 
1515 1517 
1493 1515 1518 
1493 1494 1496 1517 

1494 1503 1519 


1524 1527 1530 1535 1536 1545 1548 1549 1552 1553 1555 1557 
1523 1525 1526 1529 1530 1533 1535 1536 1542 1544 1545 1547 1548 
1528 1529 1538 1539 1540 
1524 1525 1528 1529 1531 1538 1540 1541 
1523 1537 1554 1555 1557 1559 1560 1561 
1525 1529 1531 1532 1538 
1525 1526 1528 1531 1532 1533 1540 1541 
1536 
1529 1538 
1525 1526 1529 1531 1541 
1524 1534 1541 

1523 1524 1536 1546 1547 1548 
1524 
1499 1505 1506 1527 1559 1560 1561 

1528 1531 
1525 1528 1529 1531 1532 1541 
1529 1533 
1524 1533 1543 


1535 1546 1547 
1523 1524 1535 1545 1547 1548 
1535 
1523 1535 
1523 1530 1536 1550 1552 

1530 1550 1553 
1523 1530 



1527 1554 
1558 


1558 
1527 
1564 1568 1570 1577 1578 1581 1582 1583 1586 

1562 1567 1568 1569 1574 1575 1580 1581 

1563 1564 1572 1573 1574 

1573 1579 
1564 1575 1576 1583 1584 
1562 1576 1577 1583 1585 


1564 1566 1567 1568 1574 1579 1580 
1564 1566 1573 

1562 1570 
1562 1570 1583 1584 



1562 1564 1569 
1584 
1562 1576 




1592 1593 1594 1597 1598 1599 1600 1605 1606 1608 1609 
1571 1588 1602 1612 1613 
1588 1591 1592 1594 1597 1598 1600 1607 
1588 1593 1594 1600 1609 1611 
1588 1590 1594 1597 1598 1599 1605 1606 1607 
1590 1592 1594 1597 1598 1599 1600 1607 1608 
1590 1591 1593 1598 


1588 1590 1593 1594 1606 1607 
1588 1590 1592 1593 1594 1597 1608 
1590 1597 1598 1600 
1588 1590 1608 


1595 1596 
1588 1605 1606 
1588 1592 
1604 
1588 1593 1597 1608 
1599 1607 
1591 
1611 

1589 

1617 1619 1627 1628 1633 
1614 1616 1627 1629 1630 1631 
1619 1631 1632 1634 
1616 1635 
1626 
1615 1632 
1617 1621 







1627 
1628 

1633 

1619 1631 

1616 1620 1636 
1617 1635 





1588 1614 1615 1616 1618 1643 1644 1645 1646 1647 1648 1649 1650 1651 1652 1653 1654 1655 1656 1657 1658 1659 1660 1661 1662 1663 1664 1665 1666 1667 1668 1669 1670 1671 1672 1673 1674 1675 1676 1677 1678 1679 1680 1681 1682 1683 1688 1689 1690 1699 1702 1703 1704 1705 1706 1707 1708 1709 1710 1746 

1645 1646 1649 1650 1651 1656 1657 1669 1672 1673 1674 
1642 1646 1648 1649 1655 1656 1669 1670 
1642 1644 1645 1650 1651 1656 1670 1671 1672 1673 
1643 1652 
1642 1644 1645 1650 1651 1667 1668 
1642 1648 1650 1656 1668 1669 
1642 1644 1645 1648 1651 1655 1669 
1642 1644 1646 1648 1650 1655 1669 1670 
1642 1647 1653 1660 
1652 1660 

1642 1644 1645 1649 1651 1656 1669 
1642 1644 1645 1649 1650 1651 1670 
1624 1646 1674 
1642 

1643 1653 


1642 
1642 1663 

1642 1667 

1645 1649 1667 
1642 1644 1649 1650 1651 1655 1656 1670 
1642 1644 1646 1650 1656 1669 
1642 1645 1672 
1646 1673 


1676 1677 1678 1679 1681 1687 1688 1696 1697 1698 1700 1701 1703 
1643 1675 1678 1679 1680 1687 1688 1689 1690 1702 1704 
1675 1676 1678 1679 1680 1683 1688 1700 1701 1703 
1675 1676 1677 1679 1680 1683 1687 1689 1702 1703 
1675 1676 1678 1687 1688 1689 1702 1703 
1676 1677 1678 1679 1683 1688 1705 


1675 1676 1680 1687 1689 1690 1704 
1685 1691 1725 
1692 

1676 1677 1678 1679 1680 1683 1702 
1675 1677 1680 1683 1687 1703 
1676 1679 1680 1683 1704 1705 
1680 1683 




1682 1697 
1697 
1675 1695 1696 1698 

1701 


1675 1676 1677 1678 1688 1703 
1675 1679 1688 
1676 1678 1679 1680 1683 
1683 1690 
1707 1708 1709 1711 1712 1713 1716 1717 1718 1728 1730 1731 1746 1750 1759 1760 1761 1770 1772 
1675 1706 1708 1709 1710 1713 1714 1715 1719 1720 1721 1722 1724 1725 1736 1737 1738 1739 1740 1741 1742 1743 1744 1745 
1706 1707 1709 1710 1713 1714 1715 1719 1720 1722 1737 1738 1742 
1706 1707 1710 1714 1715 1720 1722 1723 1724 1740 1741 1742 1743 1744 
1684 1707 1708 1709 1715 1721 1722 1723 1724 1725 1726 
1706 1712 1716 1717 1727 1760 1761 1771 1772 
1706 1718 1728 1729 
1706 1736 1738 
1708 1738 1739 1740 1741 1742 
1709 1720 1721 1722 1723 1724 1745 
1711 1717 1727 1760 1761 1771 1772 
1706 1761 1771 
1712 1729 
1707 1708 1737 1738 
1707 1708 1709 1714 1715 1721 1722 1740 1741 1742 
1707 1708 1709 1710 1714 1720 1722 1723 1724 1744 
1707 1709 1715 1720 1721 1723 1744 
1707 1709 1710 1721 1722 1724 
1709 1715 1721 1722 1744 1745 
1707 1710 1726 



1706 1730 


1731 1734 


1713 1732 1736 
1719 1735 

1707 1714 

1707 
1707 1709 1714 1720 1721 1740 1743 
1708 1709 1714 1720 1721 1743 
1707 1709 1714 1720 1721 1742 
1709 1710 1723 1724 
1707 
1706 1747 1748 1749 1750 1751 1754 1755 1756 1757 1762 1763 1764 1765 1780 1787 1801 1802 1803 
1746 1749 1751 1756 1757 1758 1763 1774 1780 1787 1801 1802 1803 
1716 1717 1746 1750 1759 1761 1771 1772 
1746 1747 1751 1755 1758 1764 1765 
1769 
1746 1749 1755 1758 1764 

1750 1768 
1787 
1746 1747 1749 1751 1756 1763 1764 
1747 1749 
1746 1747 1749 1756 1758 1764 
1746 1747 1756 1757 
1760 
1716 1717 1759 1761 1771 1772 



1757 1758 



1752 1753 1766 1767 



1760 1761 1771 
1775 1776 1778 1781 1782 1791 
1779 1785 1786 1799 1800 
1773 

1781 
1783 1792 1794 1796 1797 
1783 1784 1785 1786 1797 
1754 1763 

1773 1791 1794 1795 


1784 1786 
1774 1784 
1754 1762 1780 1802 

1788 1790 

1794 
1778 1782 1791 1794 
1782 1791 1794 
1782 1791 1792 1793 1795 1796 
1778 1782 1792 1794 

1778 1779 1783 





1762 1801 1802 
1807 1814 1815 1816 1818 1833 1843 1857 
1775 1781 1789 1790 1809 1810 

1833 1842 
1804 1807 1814 1816 1843 1857 
1812 1813 1825 
1828 
1823 
1809 1823 








1822 
1811 






1830 1831 1832 1834 1835 1836 1837 1841 1844 1845 1846 1848 1849 1850 1851 1852 1858 1860 1861 1866 1867 1873 1874 1890 
1829 1834 1847 1874 1890 
1829 1832 1837 1838 1840 1853 1854 
1829 1837 1838 1853 
1807 1808 1814 1838 1840 1855 1856 1857 

1829 1841 1849 1851 1852 


1832 1833 
1831 1833 1838 1840 
1833 1839 
1834 1835 1848 1849 
1833 1843 1856 
1842 
1830 1847 
1829 1846 1847 1890 
1830 1844 1845 
1830 1844 


1829 1835 1849 1851 







1859 1860 1862 1863 1864 1865 1871 1872 1876 1877 1878 1880 1882 
1862 1863 1877 
1858 1861 1863 1864 1865 1866 1871 1872 1883 1885 
1860 1866 1867 1873 1882 1883 1884 1885 1886 
1870 1875 
1858 1859 1860 1864 1871 1872 1879 1880 1881 
1858 1860 1863 1865 1871 1872 1881 1882 
1858 1863 1864 1871 1883 
1861 1886 1887 1888 
1861 1873 1886 1887 1888 1889 

1868 
1862 
1860 1863 1864 1881 
1858 1860 1863 1864 
1867 1874 1886 1887 1888 
1844 1866 1867 1873 1889 1890 

1863 1878 



1858 1863 1879 
1864 
1860 1865 1884 1885 
1884 
1882 

1861 1866 1867 
1866 1873 
1866 1867 1873 
1890 
1844 1846 1847 1874 1889 

1893 1895 1896 1902 

1898 
1893 1896 1897 1924 
1924 



1892 

1892 
1905 








1910 
1917 1925 1927 1928 1929 1947 1948 1949 
1915 1918 1921 1930 


1916 1928 



1914 1931 

1895 1934 
1896 1923 1933 1934 
1926 


1913 

1920 1931 

1915 1921 


1936 1937 1938 1941 1942 1944 1950 1952 1953 1954 1955 1956 1957 1966 1969 1970 1981 1993 1994 1995 
1935 1941 1950 1954 
1935 1939 1940 1944 1946 1959 1960 1962 1963 
1935 1957 
1937 1940 1946 1960 1961 1962 1963 
1937 1945 1946 1963 
1936 1942 1950 
1935 1941 

1935 1937 1938 1959 
1937 1940 1961 1963 
1940 
1948 1949 1964 1965 
1925 1947 1965 
1925 1947 1948 
1935 1936 1994 1995 
1936 1952 

1935 1936 1952 1954 






1961 

1937 1939 1940 1945 1961 1963 



1968 1969 1970 1978 1979 1988 1989 1990 1991 
1972 1973 1974 1975 1984 1985 1986 
1966 1979 1980 
1966 1970 1980 1981 1982 1989 1990 1991 1992 1993 
1969 


1967 1986 
1967 1975 1986 




1966 1980 1989 
1970 1979 1990 1991 
1993 1994 1995 
1981 

1972 1985 

1975 


1980 

1966 1981 1992 
1969 1981 1991 1993 
1981 1992 1995 
1950 1970 1981 1993 1995 
1950 
2001 2002 2011 2013 2015 2016 2017 

2008 

2001 2004 2013 
2016 
1971 1996 2017 
1997 1998 2006 2007 
2012 
2044 2045 







2012 




2019 2020 2025 2028 2029 2030 2038 2039 2040 2041 2042 2043 2044 
2018 2020 2021 2022 2023 2024 2025 2026 2028 2029 2036 2037 2038 2039 2040 2041 
2018 2019 2024 2025 2028 2033 2035 2036 2037 2038 
2025 2030 2040 2041 2042 
2020 2023 
2020 2022 2033 2035 
2019 2022 2033 2035 2036 
2019 2020 2026 2028 2038 
2018 2021 2025 2028 2039 2040 

2018 2020 2029 2039 2040 
2019 2025 2028 2039 
2018 2021 2043 2045 


2034 


2038 
2019 2038 
2018 2019 2037 
2018 2019 2026 2029 2040 
2025 2029 

2018 2021 

2005 2018 2048 
2005 2047 
2005 2030 2044 2045 2047 2048 
2046 
2030 2046 
