2048 6147 0
6 7 16 
28 
4 12 13 
3 27 
49 



20 


3 13 28 
3 28 









22 



4 11 25 

33 38 39 50 52 53 63 81 99 
31 32 35 36 37 45 46 56 57 58 60 61 
1 5 16 49 
35 36 45 46 58 59 
51 52 71 99 
40 42 43 44 54 55 
30 32 37 44 57 
30 35 37 56 57 58 
30 35 58 
39 41 42 43 
29 34 
42 
34 38 40 42 43 54 
29 34 40 
29 38 40 42 54 

30 37 46 59 60 
30 59 
31 48 49 

5 47 




34 42 

57 58 
36 58 
30 32 36 57 
30 32 60 

62 

29 70 79 80 92 94 
29 33 63 70 71 80 81 93 94 97 98 
68 73 74 82 83 84 108 124 
63 69 76 77 78 79 89 90 
68 72 82 
65 72 73 74 84 
75 76 85 86 88 
63 64 91 92 93 
50 64 98 
68 74 83 
65 72 74 
65 67 72 83 84 
65 68 86 87 
69 77 78 89 90 

66 89 90 
63 
63 95 

65 67 68 73 74 83 
65 68 72 74 84 
65 68 74 75 83 85 

84 


77 78 



64 70 80 


63 95 

64 71 

109 141 
110 
105 116 



107 108 119 120 
119 121 122 
106 




114 







107 120 
106 107 
107 108 122 

127 129 130 132 134 135 136 142 144 145 146 147 164 
128 137 139 141 151 152 153 156 157 158 159 
132 148 
126 127 137 138 149 152 
125 142 143 144 181 
125 132 134 135 
125 130 134 146 147 
127 130 131 
127 
125 131 132 146 147 
130 131 132 134 146 147 
132 135 
127 128 150 
128 137 139 150 151 
126 138 140 151 153 155 156 
139 157 158 

125 129 207 



125 130 135 
130 134 146 


128 137 138 151 
126 137 139 
128 154 155 156 
126 139 154 156 
139 155 156 
126 139 152 153 156 
126 140 152 154 
126 159 

126 140 157 


163 168 182 183 185 186 188 189 223 225 241 242 243 
165 171 173 191 192 
129 142 143 144 145 178 179 180 
172 174 175 176 193 194 196 197 198 
165 174 175 198 199 200 
201 
185 225 242 243 
162 188 190 191 
163 169 
163 170 172 173 192 
171 173 193 195 196 
171 
175 198 

165 166 174 175 198 
167 178 201 202 203 204 
164 203 
180 
178 179 181 206 

162 183 184 185 241 
162 168 182 184 241 242 243 
182 241 242 243 
168 182 183 184 186 
187 

169 186 

170 191 
190 

171 
172 193 195 197 
165 173 193 194 196 197 
165 173 195 
194 196 
165 166 174 




167 178 204 205 


179 180 

209 216 227 254 266 283 
211 216 227 228 254 266 283 
212 214 
209 226 254 

210 212 
210 231 233 
221 222 223 238 

218 234 
220 235 

236 

221 
182 183 184 215 224 241 242 243 
182 184 223 225 241 242 243 
182 183 184 224 241 242 243 
211 


212 213 

214 232 233 
231 233 
214 





215 221 238 
223 224 241 
182 184 223 242 
182 183 240 
182 183 224 240 242 
245 249 251 252 255 256 257 258 267 268 
244 252 258 259 268 
244 269 

263 274 276 279 
244 250 251 256 257 267 295 
244 249 251 252 255 256 257 258 
252 255 256 257 258 267 268 
245 249 250 255 256 257 258 267 268 
269 
226 
250 252 257 267 
244 250 251 267 
249 251 252 258 267 

245 246 253 
246 270 271 272 273 
260 270 271 
273 
247 274 
279 


244 249 250 251 252 256 257 
244 245 251 252 258 
259 
246 271 

260 271 
247 260 261 272 
247 248 
248 274 276 277 278 
248 277 
276 

278 
264 265 281 
264 265 280 
264 

208 209 244 245 246 247 248 249 250 251 252 253 254 255 256 257 258 259 260 262 267 268 269 285 286 287 288 289 290 291 293 294 295 296 297 298 299 300 301 302 303 304 305 306 307 308 309 310 311 312 313 314 315 316 317 320 323 324 325 326 327 328 329 330 336 337 339 340 341 342 343 345 369 415 
286 287 291 296 297 299 308 310 311 317 341 342 
284 285 287 288 292 301 
285 
290 304 

305 306 
284 
293 

304 
284 290 


296 297 

286 301 302 
300 
284 286 300 301 303 




285 309 310 311 313 314 315 316 320 321 322 323 324 326 327 332 333 334 335 336 337 
307 309 310 311 314 315 324 325 326 328 329 336 337 338 339 340 
307 314 316 323 324 
307 308 309 311 314 315 316 325 326 327 328 329 330 336 337 338 339 340 
296 297 298 307 308 310 317 342 

320 321 322 
307 308 309 315 316 336 
307 309 324 326 336 337 
307 309 310 314 315 324 325 326 327 336 337 338 
330 342 


313 321 
307 313 322 332 334 
313 320 321 333 
309 333 334 
308 309 314 336 
307 308 309 310 314 315 316 326 
308 310 315 316 325 327 337 
307 308 310 316 326 328 337 338 340 
308 327 330 340 
310 327 328 340 


307 313 320 321 334 
320 334 
313 323 333 
309 
307 310 315 324 326 
310 316 326 338 
327 339 
326 337 
308 310 328 329 


345 346 353 365 
347 348 350 357 358 359 360 361 389 

345 354 
358 389 
349 350 360 362 




343 
346 365 366 
356 
346 

344 347 357 
361 

344 360 

352 

345 
346 356 


370 371 372 373 374 375 376 377 378 379 380 381 382 383 384 385 393 394 395 396 397 398 399 400 401 402 403 404 415 416 
369 377 378 385 386 387 405 406 407 408 409 410 411 412 413 
369 372 373 379 380 381 382 383 394 395 396 397 
369 371 373 374 375 380 381 383 395 396 397 398 
369 372 374 375 379 381 382 383 396 398 399 
371 372 373 379 380 381 382 383 397 398 399 
369 372 376 384 398 399 400 401 
369 375 384 401 402 
369 370 376 406 
369 386 407 408 410 411 
369 371 373 374 381 382 383 393 394 395 396 
369 371 372 374 379 381 383 395 396 
373 383 394 395 396 
369 372 380 383 395 
369 371 372 373 374 379 381 382 395 396 397 
376 401 
369 370 378 386 406 407 408 410 
378 385 409 
370 388 412 
347 357 358 387 389 414 




371 379 380 381 382 394 395 
369 371 380 393 395 
371 372 373 379 380 394 
369 372 374 379 381 395 397 
371 372 373 374 396 398 399 
373 375 
374 375 
375 
369 376 377 384 402 403 
376 403 

369 377 405 406 

405 
385 386 408 409 410 
407 410 
378 407 
386 407 




417 418 419 420 421 423 424 425 430 436 437 438 439 440 
415 417 419 420 421 423 425 426 431 438 439 440 441 442 443 444 
415 416 420 421 423 424 436 437 438 
416 417 419 420 423 429 436 
415 417 418 420 421 424 438 
417 418 423 
416 417 419 424 439 440 
433 435 
415 417 418 419 437 
415 419 420 421 438 439 
421 426 443 
416 425 431 432 444 445 




416 432 




415 417 418 423 437 
415 419 420 423 436 
415 
415 416 421 424 440 
416 421 424 
416 442 


416 431 

447 449 450 452 463 464 
453 466 469 
459 460 461 
446 451 457 463 
449 457 463 
457 
465 
467 468 


455 













471 472 475 480 482 483 484 486 494 
470 473 474 479 481 482 493 
448 454 458 470 476 477 

471 478 479 
470 486 487 494 


490 

470 481 
471 483 
470 473 481 

485 


470 486 494 






470 475 486 

501 502 506 507 508 510 512 514 515 

501 
500 504 520 




499 505 521 
490 504 521 

496 501 


496 508 511 
496 508 510 512 513 
508 509 513 
496 502 511 
502 515 







524 529 530 538 539 541 547 548 549 550 551 552 
525 526 527 528 535 544 545 

523 534 
528 536 546 

523 526 535 537 546 
522 530 539 540 541 542 549 550 551 552 
529 540 542 543 553 554 


525 531 
533 544 545 
523 536 
524 526 527 528 535 537 538 547 
524 528 

522 541 550 551 
529 530 541 552 
529 540 542 552 553 
529 530 540 552 553 


534 



522 540 551 
522 539 540 549 552 

522 529 539 542 551 
542 554 
530 541 542 555 
530 542 553 

522 523 525 531 558 559 560 561 562 564 570 571 572 573 574 575 576 578 579 580 581 582 583 584 585 586 587 588 589 590 594 596 597 602 603 610 627 628 672 
557 559 560 574 576 578 579 580 581 582 
557 558 560 579 580 581 583 585 586 
557 559 581 582 583 584 


558 576 
557 559 560 582 585 








574 
558 575 
558 574 
558 

563 576 577 
558 559 580 581 
558 559 
557 558 559 580 582 583 
581 
557 559 564 581 582 
557 560 564 585 586 
557 559 560 586 
557 564 584 





595 598 599 600 604 606 611 612 614 
597 603 608 609 610 620 621 623 624 
565 566 567 593 596 602 603 609 610 623 624 626 
599 600 601 605 606 612 613 615 
593 594 597 602 603 608 609 620 621 622 
593 594 596 603 609 619 620 621 622 
604 
595 598 600 605 613 614 
595 

593 594 596 597 603 609 620 624 625 626 
593 594 596 597 609 622 624 
592 611 
599 600 606 613 614 615 616 
592 595 605 615 616 617 

597 618 
593 594 596 597 602 620 621 
566 594 603 623 626 

595 599 600 605 614 
592 595 599 600 605 612 
592 595 605 612 613 
605 606 



597 
596 602 609 619 
593 596 597 602 609 620 622 
596 602 609 
593 597 603 624 625 
594 597 602 603 626 
593 594 602 610 623 626 
593 594 602 624 625 
592 628 629 630 631 633 634 635 639 640 641 642 643 644 645 653 656 657 658 659 660 662 664 665 666 667 673 
592 598 627 629 630 631 632 633 634 635 640 641 642 643 644 645 656 657 659 660 661 662 663 664 665 666 667 669 670 671 
627 628 631 632 634 636 637 638 640 650 651 652 653 654 655 673 678 690 
627 628 638 653 654 655 
627 628 629 630 632 634 635 639 640 641 655 656 657 
627 628 629 630 631 634 640 657 659 
627 632 634 635 643 644 659 662 664 665 667 
627 628 629 631 640 641 657 658 659 661 
627 628 631 632 633 658 659 660 661 662 663 
651 
630 636 651 652 
629 
627 629 630 654 655 
627 628 629 632 634 656 657 
634 635 658 
627 628 633 663 664 
627 628 644 665 
627 628 633 643 665 666 667 668 669 670 
627 668 669 670 


650 
647 651 
629 636 648 651 
636 637 650 

627 
630 653 

628 631 632 657 
628 632 634 640 
627 628 632 634 635 659 
627 628 633 635 658 661 
627 628 634 635 659 661 663 
627 634 659 660 662 663 
628 633 635 642 661 663 
627 635 642 659 661 662 664 
628 642 643 

628 633 644 668 669 670 
627 628 633 645 666 
667 669 
628 645 667 
644 645 666 667 668 669 
646 
627 628 629 630 631 636 675 676 677 678 679 680 681 682 683 684 685 686 687 688 689 690 691 696 699 700 701 702 703 704 705 706 707 708 709 710 711 713 
675 676 677 678 685 686 688 689 705 707 708 709 
679 680 696 697 698 
673 676 684 685 686 687 705 
672 673 686 687 688 689 706 707 708 
672 673 676 678 689 690 708 
636 647 649 650 672 691 709 
672 674 696 
672 681 701 702 
672 700 701 
684 
684 
672 
672 673 675 676 705 
672 688 706 707 708 
672 673 675 676 686 688 706 
672 673 676 686 687 689 706 707 
672 673 677 688 706 707 708 709 
647 648 649 672 691 
647 649 677 






674 
672 680 698 700 
699 701 


682 683 
682 683 
672 
676 686 688 689 708 
672 673 676 686 688 689 706 708 
672 676 687 688 689 
672 689 
711 712 713 715 718 719 720 722 723 724 725 726 733 734 738 
692 693 710 713 719 720 722 726 727 735 736 737 
714 717 738 740 741 746 774 775 
692 710 711 721 722 725 726 735 736 737 

710 718 730 731 
712 714 728 

719 
710 724 732 
719 732 733 734 
710 711 713 726 735 736 
692 693 711 721 727 736 737 
715 729 

713 
710 711 713 721 735 
692 693 713 737 

723 

710 
719 733 734 
725 734 
725 
710 713 721 726 
692 
711 
714 716 728 740 741 746 773 775 
751 752 761 762 763 764 765 
738 741 743 744 745 746 758 770 771 
714 738 746 758 771 772 774 775 
739 743 744 752 753 754 755 757 765 766 
744 745 753 754 756 757 
743 745 754 756 757 767 768 
743 
740 741 771 773 774 
748 
747 749 



742 765 
743 
743 755 756 
742 753 754 757 767 
755 757 
744 755 756 
741 770 771 



739 750 751 761 
739 764 


752 753 765 
744 756 757 
740 
740 771 
769 
740 769 


741 

747 759 777 779 780 782 783 784 793 805 806 807 808 
747 748 759 779 780 782 784 807 808 
785 794 795 
776 777 783 791 803 805 806 
776 783 808 
788 789 790 800 801 
779 
776 780 782 804 806 807 
776 780 793 808 

778 795 
781 788 789 790 800 801 802 
781 787 789 790 802 

787 801 802 
782 792 
791 803 


778 

795 


781 787 
781 787 789 790 802 
787 790 801 


776 783 


776 784 
811 814 815 816 841 842 843 844 
818 819 829 831 833 835 
815 816 840 841 842 843 

810 817 832 833 
809 822 823 
839 840 842 


813 819 
810 
814 819 821 822 836 837 
837 
823 838 
820 838 
816 825 845 



817 

818 829 832 833 
810 818 829 830 

810 813 831 
810 835 
810 818 819 820 834 836 837 
820 821 835 
819 821 835 836 
821 822 823 839 
814 838 
841 842 
811 
809 811 815 841 843 
809 


847 848 850 851 852 853 854 855 856 857 868 
849 852 863 864 866 867 878 882 
846 851 856 857 870 871 872 

846 847 865 
846 848 858 872 873 
846 850 853 867 


848 856 

846 856 871 
848 871 872 873 



861 910 

850 
847 852 866 
847 
847 865 866 

868 

857 
848 858 873 


876 877 879 883 884 885 886 887 896 897 898 899 900 901 
875 877 879 881 883 890 891 893 894 895 919 920 925 926 927 928 950 951 952 
876 884 885 886 897 
847 880 906 907 909 
875 877 881 883 884 893 896 
875 882 889 906 907 
895 
861 862 880 909 910 
875 876 879 894 



888 899 900 901 
887 901 
878 906 907 

890 952 
891 
891 892 
876 881 
876 879 
877 879 884 

875 877 885 

875 
900 902 
888 903 
888 905 
888 
878 888 903 904 
907 


882 910 

912 913 922 923 933 934 935 936 
911 921 929 930 931 932 957 966 967 
911 914 916 917 918 919 923 924 938 939 940 941 942 944 945 946 
913 916 917 918 919 945 
933 935 936 
913 914 918 923 938 941 942 943 944 
913 914 923 938 942 945 
913 916 924 
914 918 926 947 948 949 
919 925 926 948 949 950 952 
911 922 933 
921 933 934 936 
911 913 916 917 938 939 940 941 942 
913 914 916 917 943 944 946 
919 920 927 948 
920 948 
919 928 948 949 
927 952 




921 922 
933 
922 936 


913 917 923 939 940 942 

941 942 
916 917 940 943 944 
916 917 939 940 941 944 
913 916 917 923 924 941 945 
913 916 917 942 945 
913 914 917 924 943 

946 
919 926 
920 926 
920 927 952 
920 
891 920 950 
954 956 960 961 962 975 
955 960 961 970 971 972 974 
953 954 960 961 970 971 972 973 974 
953 957 964 966 967 979 980 981 982 983 984 985 986 
912 956 965 983 986 



954 955 975 


981 982 984 985 
956 957 964 983 985 
956 



954 971 

953 954 
972 
953 955 961 975 
976 
961 975 


956 977 982 
956 979 
956 980 982 
979 
956 957 965 985 986 

956 957 965 984 
967 983 985 
957 
953 954 955 958 959 968 989 990 991 992 993 994 999 1000 1001 1002 1003 1017 1018 1019 1020 1021 1022 1023 1024 1025 
988 991 996 999 1011 1012 1013 
988 989 991 997 998 999 1011 1012 1013 

991 999 1016 1017 1018 
1001 1002 1020 1021 
993 1003 
1005 1008 

989 990 998 1013 
989 997 1011 
990 991 992 

988 1020 
994 1003 1021 1022 
994 1002 1004 1022 
988 1002 1003 1022 1023 
1007 

1008 
995 996 1010 


989 990 1012 
1011 
989 990 997 998 1011 1012 
989 


1000 
992 1016 1017 



988 994 1002 1003 1004 1023 
1004 1022 
1025 1026 1027 1028 1029 1030 1033 1034 1035 1036 1040 1041 1042 1043 1045 1046 
995 1029 1030 1031 1050 1052 1054 1056 
1025 1027 1029 1035 1043 
1024 1025 1029 1036 1041 1042 1044 1045 
1024 1033 1037 1038 
1025 1027 1036 1046 1047 1048 1049 
1025 1029 1045 1046 1047 
1053 1054 1055 1056 

1024 1026 1034 
1024 1026 
1024 1027 1041 1042 
1024 1029 1044 

1037 



1027 
1026 1027 
1029 1036 1045 
1024 1027 1036 
1024 1045 1048 
1049 
1029 1030 1045 1047 1050 
1029 


1025 1031 1054 1055 1056 
1025 1052 1055 
1025 
1025 1052 1053 
1031 1052 1053 1054 
1024 1058 1059 1060 1061 1063 1068 1069 1070 1071 1072 1078 1080 1081 1083 1084 1085 
1057 1059 1061 1063 1066 1068 1069 1077 1078 1079 1080 1081 1083 1094 
1058 1063 1068 1080 
1057 1058 1066 1067 1075 1076 1094 1104 1105 1117 1118 
1057 1058 1062 1064 1071 1072 1073 1084 1085 1086 1088 
1057 1061 1064 1071 1072 1073 1086 1087 1088 1089 
1059 1079 1080 1082 
1057 1061 1071 1087 

1058 1060 1067 

1057 1058 1059 1078 1079 
1058 1070 

1057 1061 1085 1086 1087 
1061 1062 1064 1073 1087 1088 
1061 1062 1072 1087 1088 

1076 
1065 1074 1075 


1059 1068 
1057 1059 1063 1079 
1057 1058 1063 1082 




1064 1072 1073 1087 
1061 1062 1064 1072 1073 

1062 
1091 1096 1106 1108 
1092 1095 1101 1107 1108 1111 
1091 1100 1101 1109 1110 1111 
1115 
1060 1093 1118 
1090 1101 

1098 

1100 1106 
1090 1091 1095 1101 

1093 1103 1114 
1114 
1094 1105 1118 
1104 1118 
1107 
1091 1108 
1091 1100 
1091 1110 1111 





1093 

1118 
1094 1105 
1057 1090 1091 1120 1121 1122 1123 1124 1125 1126 1128 1129 1130 1132 1133 1134 1135 1137 1138 1139 1140 1141 1142 1143 1144 1145 1146 1147 1150 1151 1152 1153 1157 1165 1166 1167 1168 1178 1180 1181 1182 1183 1184 1185 
1057 1090 1091 1092 1096 1097 1119 1121 1123 1124 1125 1126 1128 1130 1131 1140 1142 1143 1144 1145 1146 1147 1148 
1091 1092 1095 1096 1097 1098 1099 1100 1106 1119 1120 1124 1125 1126 1128 1130 1131 1149 
1119 1123 1135 1136 1137 1138 1139 1140 1141 1142 
1119 1122 1140 1141 1143 
1119 1120 1121 1128 1143 1144 1145 
1119 1120 1126 1128 1129 1130 1147 
1119 1120 1131 
1132 1133 1134 
1120 1124 1125 1146 
1119 1121 1130 1131 1147 
1120 1125 1126 1131 
1120 1121 1126 1129 1130 1149 




1135 
1122 1135 1136 1139 

1136 1137 
1119 1120 1122 1123 1142 
1119 1122 1142 
1119 1122 1123 1140 1141 
1119 1124 
1143 

1124 


1120 1126 1131 
1151 1170 1171 
1150 1171 1173 
1157 1162 1164 1174 1175 1177 1178 
1152 1157 1164 1165 1166 1174 1175 1176 1177 1178 
1151 1160 1172 1173 
1151 1156 
1151 
1152 1153 1165 1166 1181 

1150 1171 


1152 1163 1164 1174 

1152 1153 1162 1163 1175 
1152 1157 1166 1176 
1177 1178 1179 
1182 

1158 1170 
1169 
1151 
1151 

1152 1153 1165 
1165 
1174 
1153 1157 1165 1166 
1152 1157 






1150 1151 1158 1186 1187 1189 1190 1204 1205 1206 1207 1208 1209 1210 
1185 1188 1191 1192 1193 1200 1201 
1185 1190 1205 1206 
1186 1191 1199 1200 1201 

1187 1189 
1188 1198 1199 1200 
1186 1191 1198 
1200 



1188 1191 1192 1199 
1199 
1191 1197 
1186 1188 1193 
1188 1193 



1185 1187 1189 1190 1206 





284 988 1057 1058 1090 1119 1120 1121 1122 1123 1124 1150 1151 1152 1153 1154 1155 1157 1158 1159 1160 1161 1169 1170 1171 1172 1185 1186 1187 1188 1189 1190 1191 1192 1193 1194 1195 1197 1198 1199 1200 1201 1202 1203 1204 1205 1206 1207 1208 1209 1210 1212 1213 1215 1216 1217 1218 1219 1220 1221 1222 1223 1224 1225 1226 1227 1228 1229 1230 1231 1232 1233 1234 1235 1236 1237 1238 1239 1240 1241 1242 1243 1244 1245 1246 1247 1248 1249 1251 1252 1253 1254 1255 1256 1257 1258 1259 1260 1262 1264 1265 1266 1267 1268 1270 1271 1272 1273 1274 1275 1276 1277 1278 1279 1280 1282 1283 1284 1285 1286 1287 1288 1289 1291 1292 1293 1294 1295 1296 1302 1305 1317 1318 1319 1320 1356 1357 1405 1642 
1211 1214 1216 1217 1226 1229 1230 1231 1232 
1222 1235 
1228 1229 1230 1231 1232 

1212 1220 
1211 1214 1228 1230 1231 
1215 1221 
1213 


1213 1234 

1211 1225 



1211 1212 1214 1229 1230 
1211 1214 1230 
1228 

1211 1214 1231 




1213 1219 

1211 1213 1238 
1241 1242 1244 1251 1252 1253 1254 1255 1261 1262 1263 1264 1265 1266 1267 1268 1269 1286 1287 1289 1295 1296 1305 1316 
1240 1242 1244 1245 1247 1251 1252 1253 1254 1255 1256 1257 1258 1264 1265 1266 1267 1268 1269 1270 1271 1272 1286 1287 
1240 1241 1245 1257 1270 1271 1272 1273 
1212 1220 1224 1246 1248 1249 1260 1279 1281 1282 1283 1284 1285 
1250 1252 1261 1263 1316 
1242 1246 1247 1258 1273 1275 
1243 1245 1248 1260 1277 1278 1279 1280 1281 1282 1283 
1241 1242 1259 1273 
1249 1259 1277 1278 1279 1280 
1248 1260 1280 1282 1284 1285 
1261 1316 
1240 1241 
1241 1251 1253 1254 1264 1266 
1240 1241 1254 1264 1265 1267 
1240 1252 1253 1265 1266 1267 1269 
1241 1253 1267 
1241 1242 1270 1272 
1241 1242 1256 1271 1272 
1241 1242 1245 1247 1259 1273 1274 

1243 1246 1248 1249 1277 1278 1280 1281 1282 
1240 1244 
1251 1263 
1240 
1253 1265 
1253 1266 
1240 1252 1253 1255 1265 1267 1268 1269 
1240 1241 1253 1254 1255 1268 
1240 1241 1254 1266 1269 
1240 1241 1254 1255 1266 1268 
1241 1242 1256 1271 
1242 1257 1270 
1256 1257 1270 1271 
1245 
1275 1276 
1248 1259 1276 

1260 1275 

1246 1248 1260 1280 
1243 1246 1248 1249 1260 1279 1282 
1243 1249 1279 1280 1282 

1243 1249 1282 
1243 

1289 1296 1302 1303 1306 1313 1315 
1244 1250 1286 1296 1302 1305 1306 1313 1314 1315 1316 
1297 1298 1308 1324 
1286 1287 1296 1302 1303 1304 1305 1306 1313 1314 
1298 1307 
1292 1300 1312 
1291 1293 1312 
1312 

1286 1289 1296 1305 1306 1314 1316 
1286 1287 1289 1305 1306 1314 




1291 1292 1293 1312 
1286 
1287 1302 1313 
1286 1302 1303 1305 1313 
1287 1289 1304 1313 1314 1315 
1286 1287 1295 1296 1305 1313 1314 1315 





1291 
1287 1289 1295 1296 1303 1304 1305 1306 1314 
1286 1287 1313 
1286 1287 1296 1306 

1318 1319 1320 1321 1323 1328 1329 1330 1331 1332 1333 1334 1335 1340 1341 1342 1343 1345 1346 1347 1349 1350 1351 1352 1359 1361 
1317 1319 1322 1323 1333 1335 1353 1354 
1318 1320 1322 1332 1334 1347 1349 1350 1351 1352 
1318 1319 1322 1323 1334 1335 1353 
1317 1325 1326 1336 1337 1361 
1317 1318 1319 1320 1323 1331 1332 1333 1334 1335 1351 1352 
1317 1318 1319 1324 1353 
1354 


1321 1325 1326 1336 
1317 1337 1338 1339 
1343 1344 

1322 1333 1347 1348 1350 
1319 1322 1331 1333 1350 1351 
1318 1319 1351 1352 
1318 1322 1323 1353 
1317 1323 1334 





1330 1344 1345 
1330 1341 1343 1344 
1317 1329 1330 1341 1342 
1317 1330 1341 1342 1343 1345 1346 
1317 1329 1330 1342 1344 1346 

1331 1350 
1319 
1317 1319 1331 1347 
1317 1319 1347 1348 1349 1351 
1317 1319 1322 1331 1332 1333 1350 

1334 
1320 1324 

1358 1360 1362 1366 1367 1368 1369 
1356 1358 1360 1368 1370 1371 
1356 1357 1360 1369 1372 1373 1374 1375 1376 
1321 1325 1336 1361 1363 1379 1380 1381 
1356 1362 1368 1369 
1325 1327 1336 1363 







1356 1360 1371 1372 

1357 
1356 1369 1371 1373 
1356 1372 




1379 
1359 1363 
1359 1381 
1363 1380 
1383 1384 1388 1389 1398 
1382 1389 1391 1400 1401 1402 1403 
1397 

1387 



1401 1403 

1404 


1396 




1398 1399 




1317 1356 1357 1382 1384 1385 1386 1387 1388 1389 1393 1394 1395 1396 1397 1406 1407 1408 1411 1412 1413 1416 1417 1418 1419 1426 1427 1428 
1405 1407 1411 1416 1419 
1405 1413 1418 1419 1427 1429 
1385 1393 


1405 1406 1412 
1405 1411 1416 
1406 1407 1418 1419 1426 1427 
1422 
1424 1425 
1405 1406 1415 1425 

1405 1407 1413 1419 1427 








1413 


1435 1445 
1437 1439 1453 1455 


1444 1445 
1436 1445 
1434 1435 

1431 1452 1453 1454 1455 
1431 1456 
1439 1458 
1439 1459 



1434 1446 



1432 1451 

1450 

1431 1454 
1431 1438 1453 1456 
1438 1453 1456 
1439 1440 1454 1457 
1440 
1441 
1441 
1441 1459 
1462 1472 1475 1476 
1464 1465 1470 1472 1474 1475 1477 1478 
1466 1467 1473 1485 1487 1488 
1462 1471 1472 1476 1477 1479 
1466 
1463 1467 1482 1483 1484 
1463 1468 1485 
1463 1484 1485 
1433 1442 1463 1488 1490 1491 1492 
1474 1475 
1461 1462 1472 1476 
1461 1462 1464 1471 1477 1478 1479 

1461 
1461 1470 1471 
1461 1462 1464 1477 1478 
1462 1464 1471 1472 1476 
1462 1464 1476 1479 






1467 1468 1473 



1463 1490 
1489 

1442 
1494 1495 1503 1506 1511 1512 1514 1515 1516 1517 1518 1519 
1493 1495 1496 1504 1505 1506 1512 1513 1515 1517 1518 1519 
1493 1494 1496 1502 1503 1504 1505 1506 1514 1515 1516 1517 1518 
1505 1506 1518 

1499 1507 



1493 1494 1511 1512 1513 1514 
1493 1504 1514 1516 1517 
1493 1494 1505 1516 1517 
1493 1494 1495 1496 1503 1504 1506 1515 1516 1517 1518 
1494 1496 1517 1518 1519 





1493 1494 1502 1513 

1493 1495 1502 1503 1512 1515 
1495 1503 1504 1516 1517 
1493 1494 1495 1503 1504 1505 1517 
1493 1494 1503 1504 1506 1515 1518 
1493 1494 1495 1496 1505 1506 1517 1519 
1493 1506 



1534 1535 1544 1545 1546 1547 1548 1550 1554 1555 1556 
1525 1530 1531 
1524 1527 1528 1538 1539 1540 
1498 1523 1536 1555 1556 1557 1558 1560 1561 
1525 1528 1531 1538 1539 
1524 1527 1530 1531 1540 
1523 1548 1549 1550 1551 1552 
1531 1537 1539 


1532 1542 

1523 1548 
1499 1507 1526 1559 1561 
1524 1527 1538 
1524 1525 
1530 1531 
1528 1531 
1542 
1532 1533 1543 


1544 1546 
1523 1545 

1523 
1523 1529 1535 1551 
1552 
1552 
1523 


1523 1526 1554 1556 
1526 
1558 


1536 
1559 
1564 1568 1569 1573 1576 1577 1580 1581 1582 1584 1586 

1562 1566 1569 1573 1574 1578 1580 



1564 1578 
1575 1582 1583 
1562 1576 1577 1584 


1562 1564 1568 1579 1580 
1568 1579 

1562 1584 
1562 1570 1586 
1566 


1562 1569 1583 
1569 1575 1583 
1575 1581 


1576 1577 

1590 1591 1592 1594 1597 1598 1599 1600 1607 1608 1609 
1571 1601 1602 1612 
1591 1592 1593 1597 1598 1599 1607 1608 
1588 1594 1600 1610 
1588 1597 1598 1606 1607 
1590 1597 1598 1599 1600 1607 1608 
1590 1591 


1590 1593 1598 1606 
1588 1590 1592 1593 1594 1597 1599 1608 
1590 1594 1598 1608 
1588 1590 1608 


1595 1596 
1588 1592 1605 1606 


1588 1590 1593 1594 1608 
1588 1594 1599 1607 

1611 

1589 

1616 1627 1630 1632 1633 
1614 1616 1619 1627 1628 
1619 1631 1633 
1620 

1614 1615 1616 1631 1633 











1615 1633 
1631 1633 
1616 1631 


1620 





1588 1614 1615 1618 1643 1644 1645 1646 1647 1648 1649 1650 1652 1653 1654 1655 1656 1657 1658 1659 1660 1661 1662 1664 1665 1666 1667 1668 1669 1670 1671 1672 1673 1674 1675 1677 1678 1679 1680 1681 1682 1683 1687 1688 1689 1690 1702 1703 1704 1705 1706 1707 1708 1709 1710 1746 
1653 
1649 1651 1655 1656 1669 1670 1671 1672 1673 
1642 1646 1648 1651 1655 1656 1668 1669 1670 
1642 1645 1656 1657 1670 1671 1672 1673 
1643 1659 
1642 1649 1650 1667 1668 
1642 1648 1650 1656 1668 1669 
1642 1645 1649 1655 
1642 1644 1645 1649 1650 1656 1669 1670 
1642 1647 1653 1660 
1652 

1642 1644 1645 1651 1656 1669 
1642 1644 1645 1649 1651 1670 
1624 1646 


1643 


1643 1664 




1645 1649 1667 
1642 1644 1649 1650 1651 1655 1656 
1642 1646 1651 1656 1671 
1642 1646 
1646 1673 
1671 
1657 
1676 1677 1679 1681 1682 1687 1688 1697 1698 1700 1702 1707 
1643 1677 1678 1679 1680 1687 1688 1689 1690 1702 1705 
1675 1676 1678 1679 1680 1683 1687 1688 1700 1701 1703 
1675 1676 1677 1679 1680 1687 1702 1703 
1675 1677 1678 1683 1687 1688 1702 1703 
1676 1677 1678 1679 1683 1688 1689 1705 


1675 1676 1678 1680 1687 1688 1689 1690 1705 
1685 1692 
1692 
1694 
1676 1677 1678 1679 1680 1683 1702 
1675 1678 1683 1687 1703 
1676 1683 1690 1704 
1680 1683 1689 
1684 



1682 1696 1697 
1681 1682 1695 1697 
1682 1695 1696 

1677 1701 


1675 1676 1677 1678 1688 1703 
1676 1687 1702 
1676 1683 1689 
1683 1690 
1707 1708 1711 1716 1717 1724 1725 1726 1728 1729 1730 1746 1748 1759 1760 1770 1771 1772 
1675 1706 1708 1709 1713 1714 1718 1719 1720 1721 1722 1735 1736 1737 1738 1739 1740 1741 1742 1743 1744 
1706 1710 1713 1718 1735 1736 1737 1738 1739 
1707 1708 1710 1713 1714 1739 1740 1741 1742 1743 
1707 1708 1709 1714 1719 1720 1721 1722 1745 
1706 1715 1716 1724 1760 1761 1771 1772 
1706 1725 1726 1727 1728 
1707 1708 1718 1738 1739 1741 
1709 1719 1720 1721 1722 1723 1745 
1711 1724 1760 
1706 1711 1715 1724 1760 1761 1771 1772 
1728 1730 1732 1733 
1708 1709 1713 1737 
1707 1708 1720 1743 
1707 1709 1710 1714 1719 1721 1722 1745 
1714 1722 1744 1745 
1707 1710 1714 1721 1723 1745 
1710 1714 1721 1744 
1716 
1712 


1706 1712 1730 
1706 1717 1731 





1707 1708 
1737 
1708 1736 
1707 1737 1739 

1707 1708 1709 1713 1739 1741 
1707 1709 
1707 1709 1741 1743 

1710 1714 1720 1722 1745 
1710 1720 1723 
1706 1747 1754 1755 1757 1758 1762 1763 1764 1765 1774 1780 1787 1801 1802 
1746 1751 1754 1756 1757 1758 1774 1787 1801 1802 1803 
1715 1716 1750 1761 1771 1772 
1747 1751 1758 1764 

1749 1756 1758 

1768 

1746 1747 1749 1751 1756 1764 
1746 1749 1764 
1746 1747 1749 1751 1756 
1746 1749 1757 

1715 1759 1771 1772 



1746 1749 1755 1756 1757 1758 



1753 1767 



1761 1771 
1775 1776 1782 1791 
1779 1784 1786 1799 



1782 1783 1796 1797 
1778 1783 1784 1785 1786 1797 
1762 

1778 1793 1794 1795 


1784 1786 
1774 1779 1785 
1754 1762 1780 1801 1802 

1788 1790 

1794 
1791 
1791 1794 
1782 1791 1792 1793 1795 1796 
1782 1792 1793 

1778 1779 1783 



1780 1803 

1780 1802 
1807 1814 1815 1816 1817 1818 1833 1842 1843 1857 
1775 1781 1789 1790 1809 1810 

1808 1833 
1804 1807 1814 1816 1857 
1812 1813 1825 1826 


1809 1813 


1808 




1811 








1830 1831 1832 1834 1835 1836 1841 1844 1845 1846 1848 1849 1850 1852 1858 1861 1866 1867 1873 1874 1890 
1829 1834 1844 1846 1847 
1829 1832 1837 1853 1854 
1829 1837 1854 
1807 1808 1838 1839 1842 1843 1855 1857 
1841 
1829 1841 1849 1851 1852 
1829 1832 1853 

1831 1833 1837 
1837 1840 

1829 1835 1848 
1833 1856 1857 

1829 1845 1846 
1829 1844 1846 1890 
1829 1830 1844 1845 


1848 
1835 1851 
1829 1835 1850 



1838 
1833 

1859 1860 1861 1862 1863 1864 1865 1871 1872 1876 1877 1878 1880 1881 1882 
1862 1863 1876 
1858 1861 1863 1864 1866 1872 1883 1885 
1860 1866 1867 1884 1885 1886 1887 
1858 1875 
1858 1859 1860 1871 1872 1880 1881 
1860 1863 1865 1871 1872 1881 
1860 1863 1882 
1886 1888 
1861 1873 1886 1887 1888 1889 



1860 1863 1864 1865 1881 
1863 1864 1865 1871 
1866 1867 1874 1887 1888 1889 
1844 1867 1873 1889 

1858 1878 

1877 

1858 1863 1879 

1858 1860 1865 

1861 

1866 

1866 
1890 
1844 1846 1874 1889 
1894 1910 1911 
1893 1895 1896 1901 


1896 1900 1924 
1892 1900 1923 1924 



1892 











1891 
1917 1925 1927 1928 1929 1948 1949 
1915 1918 1920 1921 1930 


1916 1927 1928 



1914 

1895 1900 1933 1934 
1896 1901 1923 1933 
1913 




1920 1931 




1936 1937 1941 1944 1950 1952 1953 1954 1955 1956 1957 1966 1969 1970 1981 1993 1994 1995 
1941 1951 
1939 1940 1944 1959 1960 1961 1962 1963 
1935 1944 1957 1958 
1937 1945 1961 1962 1963 
1937 1939 1945 1946 1963 
1935 1936 1943 1950 
1935 1936 1941 
1941 
1935 1959 
1937 1940 1961 
1947 
1946 1948 1949 1964 1965 
1949 
1925 1947 1948 
1935 1941 1995 
1935 1936 
1935 
1935 1936 1951 1952 1954 






1961 

1937 1939 1940 1945 1963 
1961 


1968 1969 1970 1978 1980 1989 1990 
1973 1974 1984 1985 
1966 1979 
1966 1970 1980 1981 1982 1989 1991 1992 1993 



1967 1974 1975 1976 1986 
1967 1975 1977 1986 




1966 
1989 
1994 1995 
1970 1981 1993 



1974 1975 




1966 1969 1981 
1981 1991 1993 
1981 1992 1994 
1950 1982 1993 
1950 1981 
1971 2000 2002 2004 2014 2016 

2008 


2014 2016 
1971 1996 2017 
1997 2006 2007 
2013 
2045 












2019 2020 2025 2028 2029 2030 2038 2039 2040 2041 2042 2043 
2018 2021 2024 2026 2028 2029 2036 2037 2038 2039 2040 2041 
2018 2019 2023 2024 2033 2036 2037 
2025 2030 2041 2042 2043 
2023 2034 
2020 2022 2035 
2019 2020 2022 2023 2035 2036 
2019 2026 2038 2039 
2018 2021 2025 2040 

2018 2029 2039 
2026 2028 
2018 2021 2044 2045 2046 



2022 
2020 2022 
2019 2038 
2019 2020 2036 2038 
2018 2037 
2018 2019 2025 2026 2028 2029 2040 
2021 2025 2026 

2018 2021 2043 
2018 2030 
2045 2048 
2005 
2005 2030 2044 2045 2047 2048 
2044 2045 2048 
2044 2045 2046 
