2048 11302 0
2 3 4 5 6 7 8 9 10 11 13 14 18 19 20 21 30 32 63 1966 2018 
1 3 4 5 6 7 11 17 32 60 61 62 
1 2 4 5 7 8 11 12 18 
1 2 3 5 7 11 12 17 
1 2 3 4 7 8 11 18 
1 2 
1 2 3 4 8 18 
1 3 5 7 
1 10 13 14 21 
1 9 22 
2 3 4 5 12 
1 3 4 11 
1 9 
1 9 


2 
1 3 7 

1 19 
1 9 10 
10 






1 2 3 4 5 6 7 8 9 10 11 13 30 31 32 33 34 35 36 37 38 39 40 41 42 43 44 45 46 47 48 49 50 51 52 53 54 55 56 57 58 60 62 63 64 65 66 67 68 69 70 71 75 77 78 79 80 81 91 92 95 97 98 99 100 101 102 105 108 125 126 127 129 162 163 164 165 166 167 168 169 209 285 307 369 557 809 911 954 1151 1461 1523 1588 1642 1804 1829 1830 1858 1913 1966 1996 1997 1998 2018 2019 2020 
1 2 3 29 31 32 33 34 36 37 38 45 46 47 48 63 64 66 67 70 71 79 80 81 98 99 
29 30 33 34 37 38 
29 30 43 
29 30 31 37 38 
29 31 49 
39 40 52 53 
29 30 81 
29 30 31 33 
29 30 31 33 
29 35 

29 

29 32 
29 58 
29 30 
29 30 
29 30 
29 30 
29 34 
29 

29 35 39 53 
35 52 
29 
29 
29 
29 
29 44 59 
58 
61 
60 

1 2 3 30 31 32 33 64 65 66 67 68 69 70 71 75 77 78 79 80 81 87 88 89 90 91 92 93 94 95 100 101 125 126 164 
63 65 66 67 68 69 72 73 74 75 85 86 108 
63 64 82 108 114 
63 64 67 75 76 77 87 88 89 
63 64 66 77 87 88 89 
63 64 74 85 
63 64 
63 71 79 80 95 96 97 98 
63 70 79 80 81 97 98 
64 73 84 
72 
64 68 
63 64 66 
63 66 
63 66 89 
63 
63 70 95 96 97 
63 70 71 81 99 
36 63 80 


72 
64 68 
64 
63 66 67 
63 66 67 
66 67 77 
63 
63 

63 

63 70 79 96 
70 79 95 
70 71 79 
70 71 
80 
102 109 110 115 125 126 127 129 130 
104 105 106 107 111 
100 103 104 
102 118 

101 106 111 
101 105 107 111 120 121 
101 106 
112 113 114 124 
100 110 
100 109 
101 105 106 
108 123 
108 
108 



103 


106 



100 126 127 128 129 130 131 137 138 139 147 148 149 150 165 167 168 169 170 
100 102 125 128 129 130 131 132 133 139 140 141 152 154 155 156 157 158 159 160 167 168 169 
100 125 126 129 130 131 132 133 139 140 141 156 157 158 159 160 167 
125 126 135 136 144 145 146 168 169 170 
126 127 130 131 132 133 139 140 156 157 158 159 
125 126 127 129 131 132 133 139 140 157 
125 126 127 129 130 132 133 156 157 158 
126 127 129 130 131 133 158 
126 127 129 130 131 132 158 159 
142 143 
128 
128 
125 138 
125 137 
125 126 127 129 130 140 154 155 
126 129 130 139 
126 127 129 160 

134 
128 


125 
125 149 
148 
125 

126 153 
152 
126 139 155 
126 139 154 
126 127 129 130 131 157 
126 127 129 130 131 156 
126 127 129 132 133 
126 127 129 132 133 
126 127 141 

1 29 30 63 64 66 100 101 102 125 126 127 128 129 130 131 132 134 135 136 137 163 164 165 166 167 168 169 170 171 172 173 174 175 176 177 178 179 180 181 182 183 184 185 186 187 188 189 190 191 192 193 194 195 196 197 198 199 200 201 202 203 204 205 206 209 210 211 212 213 217 218 219 220 221 222 223 224 242 243 244 245 246 251 252 285 286 287 288 307 308 309 310 343 369 370 557 809 911 954 1151 1461 1523 1588 1642 1804 1829 1830 1913 1966 
1 30 63 64 66 100 101 102 125 126 127 128 129 130 131 132 133 134 135 136 137 138 139 142 143 144 145 146 147 162 164 165 166 167 168 169 170 171 173 174 175 176 177 178 179 180 181 182 183 184 192 198 199 200 201 202 203 204 205 206 207 209 210 211 212 213 224 244 246 285 286 288 307 343 557 1913 1966 
63 125 126 128 162 163 165 166 167 168 169 170 171 173 174 175 176 191 192 193 194 195 196 197 198 209 210 211 212 307 
125 162 163 164 166 167 168 169 173 187 188 189 190 191 192 209 210 
162 163 164 165 167 168 173 191 192 
125 126 127 128 129 134 135 136 142 143 162 163 164 165 166 168 169 170 171 176 177 178 179 180 181 182 183 184 205 206 207 
128 162 163 164 165 166 167 169 170 171 177 178 179 180 181 182 183 184 205 206 
128 134 142 162 163 164 165 167 168 170 177 178 180 181 182 183 184 206 207 
128 134 162 163 167 168 169 183 184 206 207 
162 163 164 167 168 176 199 200 
162 
162 163 164 165 166 174 
162 163 164 173 198 
162 
162 163 164 167 171 200 
162 163 167 168 169 178 179 180 181 
162 163 167 168 177 179 180 181 
162 163 167 168 177 178 181 205 
162 163 167 168 169 177 178 179 181 182 205 
162 163 167 168 169 177 178 179 180 182 205 
162 163 167 168 169 180 181 205 
162 163 167 168 169 170 
134 162 163 167 168 169 170 206 
162 
162 
162 
162 165 
162 
165 189 
162 164 165 166 
163 164 165 166 193 
164 192 
164 
162 164 
162 164 
164 
162 163 174 
162 171 
171 176 201 
162 200 
163 
162 163 204 
163 203 
162 163 167 179 180 181 182 
162 163 167 168 169 170 184 207 
163 167 169 170 206 
1 2 3 4 5 6 7 8 9 10 11 29 30 31 32 33 34 35 37 39 63 64 65 66 67 68 69 70 71 72 73 74 75 76 77 78 79 80 81 85 100 101 102 103 104 105 106 107 108 109 110 111 112 113 114 115 116 118 120 123 125 126 127 128 129 130 131 132 133 134 135 136 137 138 139 140 141 142 143 144 145 146 147 148 149 150 151 152 153 154 155 156 157 158 159 160 161 162 163 164 165 166 167 168 169 170 171 172 173 174 175 176 177 178 179 180 181 182 183 184 185 186 187 188 189 190 191 192 193 194 195 196 197 198 199 200 201 202 203 204 205 206 207 209 210 211 212 213 214 215 216 217 218 219 220 221 222 223 224 225 226 227 228 229 230 231 232 233 234 235 236 237 238 239 240 241 242 243 244 245 246 247 248 249 250 251 252 253 254 255 256 257 258 259 260 261 262 263 264 265 266 267 268 269 270 271 272 273 274 275 276 277 278 279 280 281 282 283 285 286 287 288 289 290 291 292 293 294 301 302 304 305 306 307 308 309 310 311 312 313 314 315 316 317 318 319 320 321 322 323 324 325 326 327 328 329 330 341 342 343 344 345 346 347 348 349 350 352 353 369 370 371 372 373 374 375 385 415 416 417 418 419 420 433 446 447 448 449 450 470 471 472 474 475 497 498 499 501 502 503 504 505 522 523 557 558 560 592 593 594 595 627 628 629 630 672 673 710 711 712 713 740 809 810 811 812 813 814 846 847 848 875 876 877 911 912 913 914 953 954 955 956 957 958 988 1024 1057 1058 1059 1060 1061 1090 1119 1150 1151 1152 1185 1186 1211 1212 1213 1240 1241 1286 1317 1382 1383 1384 1430 1431 1432 1461 1462 1493 1494 1523 1524 1525 1562 1563 1588 1589 1590 1614 1615 1642 1643 1675 1676 1677 1679 1680 1746 1748 1749 1804 1805 1806 1807 1808 1829 1830 1858 1859 1860 1891 1892 1893 1894 1913 1935 1936 1966 1967 1969 1970 1996 1997 1998 1999 2000 2018 2019 2020 2021 2022 2023 
165 208 211 212 216 217 218 232 246 251 
165 208 209 211 212 213 217 218 219 233 234 
208 209 210 212 217 218 233 
208 209 210 211 213 219 234 235 236 237 238 
208 210 212 220 221 222 240 
208 215 226 227 228 
208 214 228 229 
208 209 
208 209 210 211 232 
208 209 210 
208 210 212 
208 213 
208 213 220 
208 213 240 
208 
208 
208 
208 214 
208 214 
208 214 215 229 
208 215 228 
208 231 
208 230 
208 209 217 
208 210 211 
208 210 212 235 
208 212 234 236 
208 212 235 


208 
208 213 222 

208 

245 247 248 253 254 255 256 266 267 268 286 288 
244 248 249 250 255 256 257 258 269 270 271 272 273 288 
251 252 259 260 261 263 280 281 
244 253 266 267 
249 255 256 
244 245 248 257 269 270 271 272 
245 258 274 
246 252 263 264 265 283 
246 251 264 265 283 
244 247 254 266 267 
244 247 253 268 
244 245 248 256 
244 245 255 
245 249 273 
245 250 274 
246 260 278 279 
246 259 280 
246 262 
246 261 
246 251 281 282 
251 252 
251 252 264 283 
247 253 267 
244 247 253 266 
244 254 
245 
245 249 271 
249 270 272 
245 249 271 
245 257 
250 




259 
246 260 
246 

251 252 265 
1 2 3 4 5 6 7 8 9 10 11 13 29 30 31 32 33 34 35 37 39 40 42 44 63 64 65 66 67 68 69 70 71 72 73 74 75 76 77 78 79 80 81 100 101 102 103 104 105 106 107 108 109 110 111 112 113 114 116 120 125 126 127 128 129 130 131 132 133 134 135 136 137 138 139 140 141 143 144 146 147 148 150 151 152 156 160 162 163 164 165 166 167 168 169 170 171 172 173 174 175 176 177 178 179 180 181 182 183 184 185 186 187 188 189 190 191 192 193 194 195 196 197 198 199 200 201 202 203 205 206 208 209 210 211 212 213 214 215 216 217 218 219 220 221 222 223 224 225 226 227 228 229 230 231 232 233 234 235 236 237 238 239 240 241 242 243 244 245 246 247 248 249 250 251 252 253 254 255 256 257 258 259 260 261 262 263 264 265 266 267 268 269 270 271 272 273 274 275 276 277 278 279 280 281 282 283 285 286 287 288 289 290 291 292 293 294 295 296 297 298 299 300 301 302 303 304 305 306 307 308 309 310 311 312 313 314 315 316 317 318 319 320 321 322 323 324 325 326 327 328 329 330 331 332 333 334 335 336 337 338 339 340 341 342 343 344 345 346 347 348 349 350 351 352 353 354 355 356 357 358 359 360 361 362 363 364 365 366 367 368 369 370 371 372 373 374 375 376 377 378 379 380 381 382 383 384 385 386 387 388 389 398 399 401 403 405 406 407 408 409 410 411 412 413 414 415 416 417 418 419 420 421 422 423 424 425 426 427 428 429 430 431 432 433 434 435 438 445 446 447 448 449 450 452 453 454 455 456 457 458 462 466 470 471 472 473 474 475 477 479 496 497 498 499 500 501 502 503 504 505 509 522 523 524 525 526 527 528 532 533 534 536 557 558 559 560 561 562 563 564 565 566 575 592 593 594 595 596 597 598 599 627 628 629 630 631 632 633 634 635 636 637 638 640 641 672 673 674 675 677 710 711 712 713 714 738 739 740 741 745 747 750 776 777 778 782 809 810 811 812 813 814 818 846 847 848 849 875 876 877 878 911 912 913 914 953 954 955 956 957 958 959 960 988 989 1024 1025 1027 1057 1058 1059 1060 1061 1062 1063 1065 1090 1091 1119 1150 1151 1152 1153 1154 1155 1156 1185 1186 1187 1211 1212 1213 1216 1240 1241 1286 1287 1288 1317 1356 1382 1383 1384 1385 1407 1430 1431 1432 1433 1435 1461 1462 1463 1464 1493 1494 1495 1523 1524 1525 1526 1528 1562 1563 1564 1566 1588 1589 1590 1591 1614 1615 1616 1642 1643 1644 1645 1646 1675 1676 1677 1678 1679 1680 1706 1746 1747 1748 1749 1804 1805 1806 1807 1808 1809 1810 1811 1829 1830 1858 1859 1860 1862 1891 1892 1893 1894 1913 1914 1935 1936 1938 1966 1967 1968 1969 1970 1971 1996 1997 1998 1999 2000 2018 2019 2020 2021 2022 2023 
244 245 284 286 287 288 289 290 291 292 293 294 298 299 300 301 302 307 308 309 310 311 312 343 
244 245 284 285 287 288 290 291 294 302 304 
284 285 286 288 290 291 294 
245 247 284 285 286 287 306 
284 285 292 297 298 
284 285 286 301 
284 285 286 287 
284 285 289 297 
284 285 300 
284 285 287 302 
284 
284 
284 289 292 
284 285 289 
284 285 
284 285 293 
284 285 290 
285 286 294 

284 286 
284 
284 288 
164 209 244 245 285 286 287 288 289 290 291 292 293 295 296 297 308 309 310 311 312 315 316 317 319 320 321 325 327 328 329 330 340 341 342 343 370 
307 309 310 311 313 314 315 316 317 318 319 322 323 324 331 332 333 343 
307 308 310 311 313 314 315 316 317 318 319 322 323 324 331 332 333 343 
307 308 309 311 312 316 317 318 319 320 321 325 326 327 336 337 338 343 
307 308 309 310 312 316 317 318 319 320 325 326 334 335 336 
307 310 311 321 327 328 329 330 341 
308 309 368 
308 309 315 322 323 
307 308 309 314 316 323 331 
307 308 309 310 311 315 317 318 324 333 
307 308 309 310 311 316 318 324 
308 309 310 311 316 317 324 
307 308 309 310 311 325 335 
307 310 311 321 
307 310 312 320 327 339 
308 309 314 
309 314 315 
308 309 316 317 318 
307 310 311 319 326 
310 311 325 
307 310 312 321 328 340 
307 312 327 

307 312 
309 315 
308 309 315 
308 309 316 

311 319 
310 311 
310 

321 
307 327 
307 312 

308 309 310 311 313 314 315 316 322 344 345 350 351 352 353 365 366 367 368 370 
343 345 347 348 349 
343 344 349 

344 348 
344 347 358 359 
344 345 
343 351 

343 
343 365 366 


346 

348 


362 
361 


343 353 366 
343 353 365 
343 

29 63 162 163 164 165 167 209 244 285 286 287 288 307 308 309 310 311 312 314 343 344 345 346 347 348 349 370 371 372 373 374 375 376 377 378 379 380 381 382 383 384 385 386 387 388 389 390 391 392 393 394 395 396 397 398 399 400 401 402 403 404 405 406 407 408 409 410 411 412 413 415 416 417 418 419 420 424 427 428 430 431 432 433 445 446 447 448 449 470 471 497 498 557 558 592 627 628 630 710 711 809 911 954 1151 1461 1588 1642 1804 1829 1830 1913 1966 
343 369 371 373 374 375 385 386 405 406 407 408 409 410 
369 370 374 405 406 
369 379 380 381 382 396 397 
369 370 371 374 405 406 
369 370 371 373 407 408 
369 370 385 386 387 388 389 411 
369 433 
369 378 391 392 393 
369 377 392 393 
369 372 380 395 396 
372 379 396 397 
369 372 382 398 
369 372 383 398 
369 382 
369 
369 370 375 386 
369 370 375 385 
369 375 388 389 411 
369 387 389 411 
369 375 387 
369 376 
369 377 
369 377 378 
369 377 378 
369 
369 379 
369 372 379 380 
369 372 380 
369 372 381 382 
369 400 
369 399 
369 
369 
369 

369 370 371 373 
369 370 371 373 
369 370 374 
369 370 374 
369 370 
369 370 
369 375 388 
369 
369 

416 418 419 420 427 428 429 430 431 438 439 440 441 442 443 
415 420 432 444 
424 425 426 434 
415 419 427 
415 418 427 
415 416 
422 
421 

425 
417 
417 
415 418 419 
415 430 438 439 
415 428 
428 441 
415 443 
416 445 
376 390 
417 

437 

415 428 
415 428 429 
415 430 
415 430 
415 443 
415 431 442 
420 
432 
447 448 452 453 454 455 471 
446 448 454 455 471 
446 447 449 456 461 
448 456 461 
457 462 463 464 
495 
446 

447 
446 447 459 
448 449 
450 462 463 
468 469 
455 

448 449 
450 457 463 
450 457 462 
450 465 
464 



458 
472 478 487 
447 451 474 475 491 492 493 494 495 
470 473 477 
470 472 478 
471 479 
491 492 493 494 
480 
470 
470 473 
474 
476 






473 


479 
471 475 
475 
471 475 494 
471 475 493 

1 2 3 4 5 7 29 30 31 32 63 64 65 66 67 68 70 100 101 102 104 105 106 108 125 126 127 128 129 130 131 132 162 163 164 165 166 167 168 169 170 171 208 209 210 211 212 213 219 244 245 246 247 248 249 250 251 252 253 255 257 259 284 285 286 287 288 289 290 291 292 307 308 309 310 311 312 313 314 315 316 317 318 319 320 321 322 323 324 325 327 328 330 343 344 345 346 347 348 349 350 351 352 353 360 361 365 369 370 371 372 373 374 375 376 377 378 379 380 381 382 383 384 385 386 387 388 389 390 394 396 398 399 401 405 407 411 412 415 416 417 418 419 420 421 422 423 424 425 426 427 428 429 430 431 432 433 434 435 436 437 438 439 440 441 442 443 444 445 446 447 448 449 450 451 452 453 454 455 456 457 458 459 461 462 463 464 465 466 467 468 469 470 471 472 473 474 475 476 477 478 479 480 481 482 483 484 485 486 487 488 489 490 491 492 493 494 495 497 498 499 500 501 502 503 504 505 506 507 508 509 510 511 512 513 514 515 516 517 518 519 520 521 522 523 524 525 526 527 528 529 530 531 532 533 534 535 536 537 538 539 540 541 542 543 544 545 546 547 548 549 550 551 552 553 554 555 556 557 558 559 560 561 562 563 564 565 566 567 568 569 570 571 572 573 574 575 576 577 578 579 580 581 582 583 584 585 586 587 588 589 590 591 592 593 594 595 596 597 598 599 600 601 602 603 604 605 606 608 609 610 611 612 613 614 615 616 617 618 619 620 621 622 623 624 625 626 627 628 629 630 631 632 633 634 635 636 637 638 639 640 641 642 643 644 645 646 647 648 649 650 651 652 653 658 662 665 666 668 671 672 673 674 675 676 677 678 679 680 681 682 683 684 685 686 687 688 701 710 711 712 713 714 715 716 718 719 720 722 725 726 738 739 740 741 742 743 744 745 746 747 748 749 750 751 752 756 758 776 777 778 779 780 781 782 789 791 809 810 811 812 813 814 815 816 817 818 819 820 821 846 847 848 849 850 851 853 875 876 877 878 879 880 881 911 912 913 914 915 953 954 955 956 957 958 959 960 988 989 990 1024 1025 1026 1027 1057 1058 1059 1060 1061 1062 1063 1064 1065 1067 1090 1091 1119 1122 1150 1151 1152 1153 1154 1155 1156 1185 1186 1187 1211 1212 1213 1214 1215 1216 1240 1241 1242 1286 1287 1288 1317 1356 1382 1383 1384 1385 1407 1430 1431 1432 1433 1435 1461 1462 1463 1493 1494 1495 1523 1524 1525 1526 1528 1562 1563 1566 1588 1589 1590 1614 1615 1642 1643 1644 1646 1675 1676 1677 1678 1679 1680 1706 1746 1748 1749 1804 1805 1806 1807 1808 1829 1830 1858 1860 1891 1892 1893 1913 1935 1936 1966 1970 1996 1997 1998 2018 2019 2021 
496 498 499 500 501 506 507 522 523 528 534 536 537 554 555 556 558 628 
470 472 476 496 497 499 502 503 504 505 509 515 516 517 518 519 520 521 523 
496 497 498 502 503 513 514 
496 497 
496 497 
496 498 499 503 514 
496 498 499 502 515 
496 498 505 509 
496 498 504 509 
496 497 
496 497 
496 
498 504 505 521 
496 
496 

496 499 
496 499 
496 498 503 
496 498 
496 498 516 518 519 520 
496 498 517 519 520 
496 517 518 520 
496 498 517 518 519 
496 509 
524 525 529 530 531 538 539 540 541 558 563 566 575 592 
500 506 534 536 537 554 555 556 
522 525 530 531 
522 
527 532 
549 
533 552 
522 530 
522 529 541 542 
522 524 
526 547 
528 
535 553 
534 553 
523 537 554 555 
523 536 555 
522 
522 
522 
522 530 





532 

527 


528 
535 
523 536 
523 536 537 
523 
163 497 498 522 523 524 525 558 559 560 561 562 563 564 565 566 567 568 569 570 571 572 573 574 575 577 578 579 580 581 582 583 584 586 592 593 594 595 596 597 598 599 604 627 628 629 630 710 711 713 
522 557 559 560 561 562 563 564 565 573 574 592 
558 568 569 577 578 
557 558 561 562 
557 558 560 562 
557 558 560 561 563 
557 558 562 564 565 
557 558 563 565 574 
557 558 563 564 574 
557 558 575 589 590 591 
557 
557 559 

557 584 
557 572 
557 571 586 
557 558 
557 558 563 564 565 
538 557 566 

557 559 568 
557 559 
580 
579 

557 
557 
557 570 
557 
557 572 
588 

566 
566 591 
590 
522 558 559 567 568 576 593 594 595 597 598 599 604 617 618 621 622 623 624 625 626 630 
592 594 595 596 597 598 602 603 611 612 
592 593 595 597 598 599 614 615 616 
592 593 594 599 616 
593 609 
592 593 594 602 603 
592 593 594 595 614 615 
592 594 595 617 618 619 620 621 

607 
593 597 612 
593 597 
592 623 624 625 

601 607 
601 

596 


593 602 

594 598 
594 598 
594 595 
592 599 
592 619 620 
599 620 
599 618 619 
592 599 
592 
592 604 624 

592 604 
592 
592 593 628 629 630 631 632 633 634 635 636 637 638 639 640 641 642 643 644 645 646 647 648 653 657 658 659 660 661 662 663 664 665 672 673 674 677 710 711 712 713 
497 558 592 593 594 595 596 597 600 601 605 627 629 630 631 633 634 635 636 637 638 639 640 641 647 648 649 650 651 652 666 668 669 670 671 672 673 710 711 712 713 
627 628 630 631 633 642 673 677 709 713 
592 593 594 596 600 601 605 627 628 629 637 638 639 640 641 648 649 650 651 652 671 
627 628 629 632 633 642 643 644 
627 629 631 642 
627 628 629 631 634 646 658 659 660 
627 628 633 635 636 662 
627 628 634 636 662 663 664 
627 628 634 635 647 
627 628 630 638 639 647 666 667 
627 628 630 637 639 
628 630 638 668 
627 628 630 641 649 650 
627 628 630 640 650 651 652 671 
629 631 632 643 
627 631 642 644 
627 631 643 645 
627 644 653 
627 633 634 661 
627 628 636 637 665 
627 628 630 639 669 
628 640 
628 630 640 641 
628 630 641 650 652 671 
630 641 651 671 
627 645 
653 655 656 
654 656 
654 655 
627 
627 
627 633 
627 633 
627 646 
627 634 635 663 664 
627 635 662 664 
627 635 662 663 

628 637 
637 
628 639 
628 648 
628 
628 630 641 651 652 
673 675 678 679 680 681 696 712 713 
672 674 677 685 686 687 701 
673 685 686 687 701 
672 676 679 680 681 
672 675 697 
673 688 705 706 
672 
672 675 695 696 
672 675 
672 675 676 697 
683 699 
682 684 

673 674 686 
673 674 685 
673 674 
677 705 


692 693 
691 693 
691 
693 
672 679 
672 695 
676 681 

682 

673 674 

704 

677 688 706 
677 688 705 



627 628 629 630 672 673 675 711 712 713 714 715 716 718 719 720 721 722 723 724 725 726 730 732 733 734 735 740 741 747 750 751 
627 628 629 630 672 673 675 678 710 712 713 714 715 716 722 723 724 725 726 734 735 736 
672 710 711 713 714 715 716 719 720 721 722 723 724 730 731 732 733 
629 672 673 675 676 678 679 689 690 691 692 693 694 710 711 712 714 725 726 736 737 
710 711 712 713 715 720 721 722 730 732 733 
710 711 712 714 719 
710 711 712 714 720 721 730 731 

710 727 
710 712 715 
710 712 714 716 721 731 
710 712 714 720 732 
710 712 714 
710 711 712 
710 711 712 
710 711 713 
710 711 713 



710 712 714 716 
712 716 720 
710 712 714 721 
710 712 714 
710 
710 711 
711 

739 742 743 782 808 
738 742 743 753 782 808 
741 744 746 756 764 765 
740 747 748 749 756 757 768 769 770 771 
738 739 743 753 782 
738 739 742 744 753 754 759 760 761 
743 755 762 
740 746 765 
740 745 765 
741 748 749 750 772 773 
741 747 749 750 773 
747 748 750 773 
747 748 749 751 752 774 
750 752 758 774 
750 751 774 
739 742 743 
743 759 
744 
740 741 767 
741 769 
751 775 
743 754 
743 
743 760 
744 755 


740 746 


741 
741 757 
741 
741 
747 
747 748 749 
750 752 

777 783 784 814 
814 
779 787 788 798 
780 
779 
804 
808 
776 777 
776 777 


778 788 
778 787 
790 802 
789 802 

793 
792 


786 

778 
779 780 
801 
800 
789 790 

781 



782 
29 162 163 369 557 592 627 628 630 672 710 711 712 713 738 739 740 741 742 743 744 745 747 776 777 778 779 780 781 782 783 784 785 786 787 789 810 811 812 813 814 815 816 817 818 819 820 821 822 823 824 825 826 827 828 829 830 831 832 833 834 835 836 837 838 839 840 842 844 845 846 847 848 849 850 851 852 853 861 862 870 871 872 873 874 875 876 877 878 881 911 912 913 914 954 955 956 957 958 988 1024 1057 1058 1059 1060 1061 1119 1151 1152 1212 1286 1461 1523 1588 1642 1804 1829 1830 
809 811 812 813 814 815 816 817 818 822 823 824 830 831 846 847 848 849 851 862 876 
809 810 812 813 814 815 816 817 818 822 823 824 825 831 832 833 849 876 
809 810 811 813 814 815 817 818 819 820 825 826 836 
776 777 809 810 811 812 814 818 819 820 821 826 827 828 837 838 839 840 841 842 
776 777 783 784 794 809 810 811 812 813 818 819 820 821 828 842 843 844 
809 810 811 823 824 
809 810 811 812 817 834 835 
809 810 811 812 816 825 836 
809 810 811 812 813 814 819 826 
809 813 814 818 820 826 827 
809 812 813 814 819 821 839 840 841 
809 813 814 820 839 840 841 
809 811 
809 810 811 824 
809 810 811 815 823 
809 811 812 817 
809 812 813 819 
809 813 819 
809 813 814 842 843 
809 
809 810 
809 810 811 832 
809 811 831 
809 816 834 
809 816 835 
809 816 834 
809 812 817 
809 813 819 
809 
809 813 820 821 
809 813 820 821 841 
813 820 821 840 
809 813 814 828 843 
828 842 
809 
809 814 
810 811 812 847 848 849 850 851 854 855 856 857 858 859 863 864 875 876 877 878 881 891 910 
846 848 850 854 855 856 857 863 875 876 877 878 881 
846 847 849 850 855 856 857 858 859 864 875 876 877 878 
848 852 853 861 870 
846 848 859 865 
846 849 852 853 867 868 869 
849 851 868 869 
849 851 861 
846 847 
846 847 848 856 
846 847 848 855 
846 847 848 
846 848 859 
846 848 850 858 864 

853 870 

846 847 
846 848 859 
850 

851 
851 869 
851 
861 




847 848 876 877 878 879 880 883 884 885 886 887 899 900 901 913 914 
811 847 848 849 850 854 855 856 857 863 875 877 878 880 881 890 891 907 909 910 
875 876 878 881 889 891 907 908 909 
875 876 877 881 890 891 909 910 
882 897 
875 876 884 885 886 901 
876 877 878 890 907 908 
879 896 897 
875 
875 880 
880 886 901 
875 
875 888 903 

877 
876 877 878 907 908 
876 877 878 



882 
882 
879 

875 
875 
875 880 885 886 


905 
904 

876 877 881 890 908 
877 881 890 907 
876 877 878 
876 
29 162 163 307 369 497 557 592 627 628 630 672 710 711 712 713 740 776 777 809 810 811 812 813 814 815 816 818 846 847 848 849 850 851 852 853 854 855 875 876 877 878 879 880 881 882 883 884 885 886 887 888 889 890 891 892 893 894 895 896 897 898 899 900 901 902 903 904 907 912 913 914 915 916 917 918 919 920 921 922 923 924 930 932 933 934 935 936 937 938 939 940 941 942 943 944 945 946 947 948 949 950 951 952 954 955 956 957 958 959 960 961 962 963 966 984 985 988 989 990 992 1024 1025 1027 1057 1058 1059 1060 1061 1090 1119 1151 1152 1212 1240 1286 1461 1523 1563 1588 1642 1804 1829 1830 1913 
911 913 914 915 916 917 918 919 920 930 931 932 933 934 957 958 
875 911 912 914 915 921 922 936 937 939 940 941 942 943 944 945 946 958 
911 912 913 922 923 924 952 
911 912 913 921 939 940 942 
911 912 917 931 
911 912 930 931 
911 
911 912 920 
912 934 
911 913 939 940 
911 913 914 948 949 950 
911 914 
911 914 952 



929 
928 
911 912 916 917 931 
912 916 917 930 
912 
912 
911 920 

911 913 937 
911 913 936 938 
911 937 
911 913 915 921 
911 913 921 
911 913 915 
913 915 943 
911 913 942 
911 913 
911 913 
913 
911 
911 922 
911 922 
911 
911 
911 914 924 
1 29 30 63 125 126 162 163 164 165 167 208 209 210 244 285 286 307 308 309 310 343 369 370 415 446 470 471 497 498 499 522 523 557 558 592 593 594 595 627 628 629 630 631 633 672 673 674 710 711 712 713 714 715 738 739 740 741 742 743 744 745 747 748 749 750 751 776 777 778 779 780 781 782 809 810 811 812 813 814 815 816 817 818 819 820 821 822 823 825 826 828 846 847 848 849 850 851 852 853 854 855 856 857 858 859 860 861 862 864 867 875 876 877 878 879 880 881 882 883 884 885 886 887 888 889 890 891 892 893 894 895 896 897 898 899 900 901 902 903 904 907 910 911 912 913 914 915 916 917 918 919 920 921 922 923 924 925 926 927 928 929 930 931 932 933 934 935 936 937 938 939 940 941 942 943 944 945 946 947 948 949 950 951 952 954 955 956 957 958 959 960 961 962 963 964 965 966 967 968 969 970 971 972 973 974 975 976 977 978 979 980 981 982 983 984 985 986 987 988 989 990 991 992 993 994 995 996 997 998 999 1000 1001 1002 1003 1004 1005 1006 1007 1008 1009 1010 1011 1012 1013 1014 1015 1016 1017 1018 1019 1020 1021 1022 1023 1024 1025 1026 1027 1028 1029 1030 1031 1032 1033 1034 1035 1036 1037 1050 1051 1052 1054 1055 1056 1057 1058 1059 1060 1061 1062 1063 1064 1065 1066 1067 1068 1069 1071 1072 1073 1074 1075 1076 1090 1091 1092 1093 1094 1096 1099 1100 1106 1119 1120 1121 1122 1150 1151 1152 1153 1154 1155 1156 1157 1158 1159 1185 1186 1187 1211 1212 1213 1214 1215 1216 1240 1241 1242 1286 1287 1288 1317 1356 1382 1383 1384 1385 1407 1430 1431 1432 1433 1435 1461 1462 1463 1493 1494 1523 1524 1525 1562 1563 1588 1589 1590 1614 1642 1643 1675 1676 1677 1804 1829 1830 1858 1913 1966 1996 
29 162 163 369 557 627 628 710 711 809 810 811 812 813 846 847 848 875 876 877 911 912 913 914 915 916 953 955 956 957 958 959 960 961 962 963 964 965 966 967 968 969 970 971 972 973 974 975 976 977 978 979 980 981 982 983 988 989 990 991 992 995 996 998 999 1000 1001 1002 1003 1004 1005 1006 1021 1023 1024 1025 1026 1027 1030 1057 1058 1059 1060 1061 1063 1065 1090 1119 1151 1152 1212 1286 1461 1523 1588 1642 1804 1829 1830 
912 953 954 956 957 958 959 960 961 962 963 964 965 966 972 973 974 975 988 989 990 992 1002 1003 1004 1005 1006 1024 1057 1059 1060 1061 
912 913 953 954 955 957 958 959 960 961 962 963 965 966 967 968 969 975 976 977 978 979 980 988 1006 1024 1057 1059 1061 
912 953 954 955 956 958 959 960 961 962 963 966 967 968 969 979 980 981 
912 913 953 954 955 956 957 970 971 983 
953 954 955 956 957 960 961 964 972 973 1006 
953 954 955 956 957 961 965 975 976 977 978 
953 954 955 956 957 959 960 965 974 
954 955 956 963 966 967 979 980 
953 954 955 956 957 962 966 967 968 979 
953 954 955 959 972 
953 954 955 956 960 961 
953 954 955 956 957 962 963 
953 954 956 957 962 963 968 
953 954 956 957 963 967 969 
953 954 956 957 968 
953 954 958 
953 954 958 
953 954 955 959 964 
953 954 955 
953 954 955 961 
953 954 955 956 960 
953 954 956 977 
953 954 956 960 976 
953 954 956 960 
953 954 956 957 962 963 980 
953 954 956 957 962 
953 957 
953 954 
953 954 958 
953 
953 986 
953 985 
953 
955 956 957 989 990 993 994 995 996 1007 1008 1024 1030 1037 1055 1056 1057 1058 1059 1060 1061 1119 
988 990 996 998 1015 1016 
988 989 991 998 1017 1018 
990 999 
1021 1022 
988 
988 1007 

988 989 997 
996 
989 990 1018 
991 1000 1019 
999 
1000 
1003 1004 

1002 1005 


988 994 
988 




1014 
1013 
989 
989 
990 
990 998 
991 

992 
992 

955 956 988 1025 1026 1027 1028 1029 1031 1032 1038 1039 1040 1041 1042 1043 1044 1057 1058 1059 1060 1061 1062 1063 1064 1065 1067 1075 1076 1119 
1024 1026 1027 1031 1042 1043 1044 1045 
1024 1025 1027 1029 1031 1043 1044 1045 
1024 1025 1026 1032 1047 1048 1049 
1024 1038 1039 1040 1076 
1024 1025 1026 1044 1045 1046 

1024 1025 1026 1042 
1024 1048 1049 

1035 1051 
1034 
1030 

1024 1028 1039 
1024 1028 1038 
1024 1028 
1024 
1024 1031 
1024 1026 
1024 1025 1026 1029 1045 
1025 1029 
1029 
1027 
1027 1032 
1027 1032 1048 

1034 
1053 
1052 



955 956 988 1024 1025 1026 1027 1058 1059 1060 1061 1062 1063 1064 1065 1066 1067 1068 1069 1070 1071 1072 1073 1074 1080 1081 1082 1083 1084 1090 1091 1106 1119 
988 1024 1057 1059 1060 1061 1062 1063 1064 1065 1066 1067 1068 1069 1070 1071 1072 1082 1083 1090 1119 
955 956 988 1024 1025 1026 1027 1028 1057 1058 1060 1061 1062 1063 1064 1065 1066 1067 1069 1070 1071 1072 1073 1074 1075 1082 1084 1085 1086 1090 1091 1119 
955 988 1024 1025 1026 1027 1028 1057 1058 1059 1061 1062 1063 1064 1065 1066 1067 1071 1072 1073 1074 1075 1084 1085 1086 1087 1119 
955 956 957 988 1024 1025 1026 1027 1028 1029 1030 1031 1032 1038 1039 1040 1041 1042 1043 1044 1057 1058 1059 1060 1062 1063 1064 1065 1066 1067 1072 1074 1075 1076 1087 1088 1089 1090 1119 
1057 1058 1059 1060 1061 1064 1066 1068 1069 1070 1080 1081 
1057 1058 1059 1060 1061 1062 1064 1065 1066 1071 1082 
1057 1058 1059 1060 1061 1062 1063 1065 1066 1071 
1057 1058 1059 1060 1061 1063 1064 1073 1074 1084 1085 
1057 1058 1059 1060 1061 1062 1063 1064 1069 1070 
1057 1058 1059 1060 1061 1075 
1057 1058 1062 1079 
1057 1058 1059 1062 1070 
1058 1059 1062 1066 1069 
1057 1058 1059 1060 1063 1064 
1057 1058 1059 1060 1061 1065 1073 1084 
1057 1059 1060 1065 1072 1084 
1057 1059 1060 1061 1065 
1059 1061 1067 1076 
1061 


1068 
1057 1062 
1057 1062 
1057 1058 1059 1063 
1057 1058 1063 
1057 1059 1065 1073 
1059 1060 1065 
1059 1060 
1060 1061 
1061 
1061 
1091 1092 1096 1097 1098 1107 1122 
1090 1093 1094 1099 1100 1109 1110 1111 1112 
1090 1096 1097 1098 
1091 1099 1111 1112 
1091 1093 1099 1112 

1090 1092 1097 1098 
1090 1092 1096 
1090 1092 1096 
1091 1093 1094 1111 
1101 
1100 1102 1114 
1101 1114 

1105 1115 


1090 

1091 
1091 
1099 
1091 1093 1094 

1101 
1104 



988 1024 1057 1058 1059 1060 1061 1062 1063 1090 1091 1092 1093 1094 1095 1096 1097 1098 1099 1107 1120 1121 1122 1128 1129 1130 1147 1148 1149 1154 1155 1156 
1119 1125 1126 
1119 1128 1141 1142 
1095 1119 
1131 1132 

1120 
1120 
1140 
1119 1121 1142 
1119 1143 1145 1146 
1119 
1132 
1123 1131 

1124 1135 
1134 



1138 
1127 
1121 
1121 1128 

1143 
1129 
1129 
1119 
1119 
1119 
1 29 30 63 162 163 164 285 307 369 497 498 557 558 592 627 628 630 710 711 712 713 809 810 811 812 813 814 846 847 848 849 875 876 877 878 911 912 913 914 954 955 956 957 958 959 960 988 989 990 1024 1025 1026 1027 1028 1029 1030 1057 1058 1059 1060 1061 1062 1063 1064 1065 1066 1067 1068 1069 1071 1072 1075 1090 1091 1092 1093 1094 1095 1096 1097 1098 1099 1100 1101 1102 1103 1104 1105 1106 1107 1108 1109 1119 1120 1121 1122 1123 1124 1125 1126 1127 1128 1129 1130 1131 1132 1133 1134 1135 1136 1137 1138 1139 1140 1141 1142 1143 1144 1145 1146 1147 1148 1149 1151 1152 1153 1154 1155 1156 1157 1158 1159 1160 1161 1162 1163 1164 1165 1166 1167 1168 1169 1170 1171 1172 1173 1174 1175 1176 1177 1178 1179 1180 1181 1182 1183 1184 1185 1186 1187 1188 1189 1190 1191 1192 1193 1194 1195 1196 1197 1198 1199 1200 1202 1203 1204 1206 1207 1210 1212 1213 1214 1215 1216 1217 1218 1219 1225 1226 1240 1241 1242 1243 1244 1245 1246 1247 1248 1249 1250 1251 1252 1286 1287 1288 1317 1318 1319 1356 1382 1383 1384 1385 1407 1431 1432 1433 1435 1461 1462 1463 1493 1494 1523 1524 1525 1562 1563 1588 1614 1642 1643 1675 1676 1677 1804 1829 1830 1858 1913 1966 
29 162 163 369 557 809 911 954 955 956 988 1024 1057 1058 1059 1060 1061 1062 1090 1091 1119 1120 1121 1122 1124 1150 1152 1153 1154 1155 1156 1157 1158 1159 1160 1161 1162 1163 1164 1165 1166 1167 1168 1169 1170 1171 1172 1173 1174 1175 1176 1177 1178 1185 1186 1187 1188 1189 1190 1191 1196 1197 1198 1199 1200 1203 1204 1206 1207 1210 1212 1213 1214 1215 1216 1219 1240 1241 1286 1317 1461 1523 1563 1588 1642 1804 1829 1830 
1057 1058 1059 1060 1061 1090 1119 1150 1151 1153 1154 1155 1156 1157 1158 1159 1160 1161 1162 1163 1164 1165 1166 1168 1169 1170 1171 1172 1185 1186 1187 1188 1190 1191 1198 1199 1200 1210 1212 1213 1216 1240 1241 1286 
1150 1151 1152 1157 1162 1169 1170 1187 
1150 1151 1152 1155 1156 1159 1160 1161 1176 1177 1178 1179 
1150 1151 1152 1154 1156 1178 1179 1180 1181 
1123 1131 1132 1150 1151 1152 1154 1155 1183 1184 
1150 1151 1152 1153 1162 1168 1169 1170 
1150 1151 1165 1166 1173 
1150 1151 1152 1154 1160 1161 1174 1175 
1150 1151 1152 1154 1159 1161 
1150 1151 1152 1154 1159 1160 
1150 1151 1152 1153 1157 1171 
1150 1151 1152 
1150 1152 
1150 1151 1152 1158 
1150 1151 1152 1158 
1150 1151 1166 
1150 1151 1152 1157 1169 
1150 1151 1152 1153 1157 1168 
1150 1151 1152 1153 1157 
1150 1151 1152 1162 
1150 1151 1152 
1150 1151 1158 
1150 1151 1159 
1150 1151 1159 
1150 1151 1154 
1150 1151 
1150 1151 1154 1155 1179 
1150 1154 1155 1178 
1150 
1150 1155 

1150 
1150 1156 
1186 1188 1189 1192 1193 1194 1201 1216 1219 
1185 1187 1188 1190 1191 1196 1197 1216 
1153 1186 1198 1199 1200 1210 
1185 1186 1189 1195 
1185 1188 1195 
1186 1197 
1186 1197 

1185 1194 
1185 1193 
1188 1189 
1186 1202 
1186 1190 1191 
1187 1199 
1187 1198 1210 
1187 
1185 

1186 

1204 

1208 


1187 1199 
1 29 30 63 162 163 164 208 285 307 369 497 498 557 558 627 628 630 710 711 712 713 809 810 811 812 813 846 847 848 875 876 877 911 912 913 914 953 954 955 956 957 958 988 989 1024 1025 1026 1027 1057 1058 1059 1060 1061 1062 1063 1064 1065 1067 1090 1091 1092 1093 1119 1121 1122 1150 1151 1152 1153 1154 1155 1156 1157 1158 1159 1160 1161 1162 1163 1164 1165 1185 1186 1187 1188 1189 1190 1191 1192 1193 1194 1195 1196 1197 1198 1199 1200 1201 1202 1203 1204 1206 1212 1213 1214 1215 1216 1217 1218 1219 1220 1221 1222 1223 1224 1225 1226 1227 1228 1229 1230 1231 1232 1233 1234 1235 1236 1237 1238 1239 1240 1241 1242 1243 1244 1245 1246 1247 1248 1249 1250 1251 1252 1253 1254 1255 1256 1257 1258 1259 1260 1261 1262 1263 1264 1265 1266 1267 1268 1269 1270 1271 1272 1273 1274 1275 1276 1277 1278 1279 1280 1281 1282 1283 1284 1285 1286 1287 1288 1289 1290 1291 1292 1293 1294 1295 1296 1297 1298 1299 1310 1314 1315 1316 1317 1318 1319 1320 1322 1327 1356 1358 1360 1361 1362 1382 1383 1384 1385 1386 1388 1389 1405 1406 1407 1408 1430 1431 1432 1433 1434 1435 1461 1462 1463 1464 1493 1494 1495 1523 1524 1525 1526 1562 1563 1566 1588 1589 1590 1614 1642 1643 1675 1676 1677 1804 1829 1830 1858 1913 1966 
1057 1061 1119 1152 1185 1186 1187 1211 1213 1214 1215 1216 1217 1218 1219 1220 1221 1222 1223 1224 1227 1228 1229 1230 1231 1240 1241 1242 1245 1248 1249 1250 1251 1252 1259 1263 1282 1283 1284 1285 1286 1288 1317 1523 
1212 1214 1217 1218 1220 1221 1222 1223 1229 1231 1241 1252 
1211 1212 1213 1215 1217 1220 1221 1228 1229 1230 
1211 1212 1213 1214 1217 1218 1223 1231 
1211 1212 1219 1226 1239 
1211 1212 1213 1214 1215 1218 1223 1231 
1211 1212 1213 1215 1217 1224 
1211 1212 1216 1226 1237 1238 
1211 1212 1213 1214 1228 
1211 1212 1213 1214 
1211 1212 1213 
1211 1212 1213 1215 1217 1231 
1211 1212 1232 
1211 
1211 1216 1219 1237 
1211 1212 
1211 1212 1214 1220 
1211 1212 1213 1214 1230 
1211 1212 1213 1214 1229 
1211 1212 1213 1215 1217 1223 
1211 1224 
1211 1234 
1211 1233 

1211 
1211 1219 1226 
1211 1219 
1211 
1213 1241 1242 1243 1244 1245 1246 1247 1248 1249 1253 1254 1255 1256 1264 1265 1266 1267 1268 1287 1288 1298 1299 1315 1316 1317 
1213 1214 1215 1240 1242 1248 1249 1250 1251 1252 1259 1260 1261 1262 1263 1277 1280 1281 1282 1283 
1240 1241 1245 1246 1248 1256 1268 1269 1270 1271 
1240 1244 1254 1255 1264 1265 
1243 1254 1255 1264 1265 1266 
1240 1242 1246 1256 1268 1269 
1240 1242 1245 1247 1256 1269 1270 
1240 1242 1245 1246 1256 1270 1271 
1241 1242 1249 1257 1273 1274 
1240 1241 1248 1250 1259 1260 1261 1276 
1241 1249 1251 1259 1260 1261 1262 1277 
1241 1250 1280 1281 
1241 1263 1283 1284 
1240 
1240 1243 1244 1255 1265 1266 
1240 1243 1244 1254 
1240 1242 1245 1246 1247 1270 1271 
1248 1258 
1257 
1249 1250 1260 
1241 1249 1250 1259 
1241 1249 1250 1262 1277 1278 1279 
1241 1250 1261 1277 1278 1279 
1241 1252 1283 
1240 1243 1254 
1240 1243 1244 
1254 

1240 1242 1246 
1242 1245 1246 
1242 1246 1247 1256 1271 
1242 1247 1256 1270 

1248 


1249 
1241 1250 1261 1262 1278 
1261 1262 1277 1279 
1261 1262 1277 1278 
1241 1251 
1241 1251 

1241 1252 1263 
1252 

1057 1119 1152 1212 1213 1240 1241 1242 1243 1244 1245 1248 1287 1288 1289 1290 1291 1292 1293 1294 1295 1296 1297 1298 1299 1300 1301 1302 1303 1304 1305 1306 1307 1308 1309 1310 1311 1312 1313 1317 1318 1319 1320 1356 1383 1384 1523 1642 
1286 1288 1290 1293 1309 
1286 1287 1291 1294 1295 1296 1297 1313 
1286 1292 1301 1302 
1286 1287 1306 1308 1309 
1286 1288 1294 1295 1312 
1286 1301 1302 
1286 1287 
1286 1288 1291 1295 1312 
1286 1288 1291 1294 1312 
1286 1288 1297 
1286 1288 


1286 
1286 1289 1292 
1286 1289 1292 
1304 
1286 1303 
1286 
1290 1307 
1286 1306 
1286 1290 



1286 1291 1294 1295 
1286 1288 


1299 
1287 1318 1319 1320 1327 1328 1329 1340 1341 1342 1343 1344 1345 
1317 1322 1323 1324 1325 1332 1333 1334 1335 
1317 1327 1328 1329 1340 1342 
1317 1344 

1318 1323 1324 1332 
1318 
1318 1322 1323 1332 
1318 1335 

1317 1319 1340 
1317 1319 1341 
1317 1319 


1318 1322 1323 1324 
1318 1334 
1318 1333 
1318 1325 

1326 


1317 1319 1327 
1317 1319 1328 
1317 1319 
1317 
1317 1320 
1317 1346 1347 
1345 
1345 1346 

1350 

1352 




1361 1376 

1359 1363 1370 
1358 1363 

1356 1365 
1378 
1358 1359 1371 
1373 
1361 




1358 
1363 

1364 


1356 

1379 
1378 
1381 
1380 
1383 1384 1386 1387 1390 1391 1392 1396 1407 
1382 1384 1385 1386 1388 1389 1393 1394 1398 1399 1400 1407 
1357 1382 1385 1388 1389 1401 1402 1403 
1382 1383 1384 1388 1394 1398 1399 1400 
1382 1383 1387 
1382 1397 
1384 1385 
1383 1402 
1382 
1382 1396 
1382 1391 



1391 

1383 1385 1388 
1383 1385 1394 
1385 
1384 
1384 1389 
1384 

1406 1435 1437 
1405 1435 1437 
1411 1427 1428 1429 
1409 1412 1422 
1408 1423 1424 
1411 1425 1426 
1407 1410 1413 
1408 
1411 









1409 






1 2 3 29 30 63 64 100 125 126 127 162 163 164 165 166 167 168 208 209 210 244 285 286 307 308 309 310 343 369 370 446 497 498 522 523 557 558 592 627 628 629 630 672 710 711 712 713 809 810 811 812 813 814 846 847 848 849 875 876 877 911 912 913 914 953 954 955 956 957 958 988 989 1024 1025 1026 1027 1057 1058 1059 1060 1061 1062 1063 1064 1065 1090 1091 1119 1120 1122 1150 1151 1152 1153 1154 1155 1156 1157 1158 1185 1186 1187 1188 1190 1211 1212 1213 1214 1215 1216 1217 1218 1219 1240 1241 1242 1243 1244 1245 1246 1247 1248 1249 1250 1251 1252 1254 1256 1286 1287 1288 1289 1290 1291 1292 1293 1294 1296 1298 1299 1317 1318 1319 1320 1321 1322 1323 1324 1325 1326 1327 1328 1329 1331 1356 1357 1358 1359 1360 1361 1362 1363 1364 1365 1366 1367 1368 1369 1370 1371 1372 1374 1376 1377 1378 1382 1383 1384 1385 1386 1387 1388 1389 1390 1391 1392 1393 1394 1395 1396 1397 1398 1399 1400 1401 1402 1403 1404 1405 1406 1407 1408 1409 1410 1411 1412 1413 1414 1415 1416 1417 1418 1419 1420 1421 1422 1423 1424 1425 1426 1427 1428 1429 1431 1432 1433 1434 1435 1436 1437 1438 1439 1440 1441 1442 1443 1444 1445 1446 1447 1448 1449 1450 1451 1452 1453 1454 1455 1456 1457 1458 1459 1460 1461 1462 1463 1464 1465 1466 1467 1468 1469 1470 1471 1472 1473 1474 1475 1476 1477 1478 1479 1480 1481 1482 1483 1484 1485 1486 1487 1488 1489 1490 1491 1492 1493 1494 1495 1496 1497 1498 1499 1500 1501 1502 1503 1504 1510 1511 1515 1516 1517 1518 1522 1523 1524 1525 1526 1527 1528 1529 1530 1531 1532 1533 1534 1535 1536 1537 1538 1539 1540 1541 1542 1543 1556 1562 1563 1564 1565 1566 1567 1568 1576 1578 1588 1589 1590 1591 1592 1593 1594 1595 1596 1597 1614 1615 1616 1617 1618 1619 1642 1643 1644 1645 1646 1647 1648 1650 1651 1675 1676 1677 1678 1679 1680 1681 1682 1685 1706 1746 1747 1748 1749 1804 1805 1806 1807 1808 1810 1811 1829 1830 1858 1891 1893 1913 1935 1936 1966 1996 1998 
1430 1432 1433 1434 1435 1436 1443 1444 1446 1447 1448 1462 1463 1464 1466 
1405 1406 1431 1433 1434 1435 1437 1439 1440 1441 1452 1453 1454 1455 1462 
1430 1431 1432 1436 1448 1449 
1430 1431 1432 1433 1436 1448 1449 
1405 1406 1430 1431 1432 1437 1441 1455 1456 1457 
1430 1431 1433 1434 1445 1446 
1430 1432 1435 1441 1456 1457 
1430 
1430 1432 1433 
1430 1432 
1430 1432 1437 1455 
1430 
1430 1444 
1430 1431 1443 
1430 1431 1436 
1430 1431 1436 
1430 1431 
1430 1431 1433 1434 
1430 1433 1434 

1430 
1430 
1430 1432 
1430 1432 1453 
1430 1432 1441 
1430 1435 1437 
1430 1435 1437 1458 
1430 1457 
1430 
1430 
29 162 163 369 557 809 911 954 1057 1059 1060 1061 1119 1151 1152 1212 1240 1241 1286 1317 1356 1382 1383 1384 1385 1386 1405 1406 1407 1408 1409 1410 1411 1412 1431 1432 1433 1434 1435 1436 1437 1438 1439 1440 1441 1442 1443 1444 1445 1446 1447 1448 1449 1450 1451 1452 1453 1455 1457 1462 1463 1464 1465 1466 1467 1468 1469 1470 1471 1472 1473 1474 1478 1479 1480 1481 1482 1483 1484 1485 1486 1487 1488 1489 1490 1491 1492 1493 1494 1495 1496 1497 1502 1523 1524 1525 1526 1527 1528 1530 1562 1563 1564 1566 1588 1589 1590 1614 1615 1642 1643 1675 1676 1677 1804 1829 1830 1858 1913 1966 
1431 1432 1433 1461 1463 1464 1466 1469 1470 1471 1472 1473 1486 1487 1488 1489 
1461 1462 1464 1466 1469 1470 1471 1484 1485 1486 
1462 1463 1466 1470 1471 1472 1487 
1476 1477 
1461 1462 1463 1464 1473 1488 1489 1490 
1461 1468 
1461 1467 
1461 1462 1463 1480 
1461 1462 1463 1464 1471 1472 1486 
1461 1462 1463 1464 1470 
1461 1462 1464 1470 
1461 1462 1466 1490 
1461 1491 

1465 
1465 


1461 1469 
1461 1482 1483 
1461 1481 1483 
1461 1481 1482 
1463 
1461 1463 
1461 1463 1470 
1461 1462 
1461 1462 1466 1489 
1461 1462 1466 1488 
1461 1466 1473 
1461 1474 
1461 
1494 1495 1496 1497 1500 1501 1502 1511 1512 1513 1514 1515 1524 1525 
1493 1495 1496 1497 1502 1503 1504 1516 1517 
1493 1494 1497 1502 1503 1504 1517 
1493 1494 1500 1501 1510 1511 
1493 1494 1495 


1493 1496 1501 1510 
1493 1496 1500 
1493 1494 1495 1516 
1494 1495 1504 1517 
1494 1495 1503 1517 


1499 


1496 
1493 1496 1512 
1493 

1493 


1494 1495 1503 1504 
1497 1519 
1518 1520 
1519 


1212 1286 1431 1432 1462 1463 1493 1494 1495 1496 1497 1498 1499 1500 1524 1525 1526 1527 1528 1529 1530 1531 1532 1533 1534 1535 1536 1537 1538 1539 1540 1541 1542 1543 1548 1552 1553 1554 1555 1556 1557 1558 1559 1560 1561 1562 1563 1564 1565 1566 1576 1589 1590 1614 1642 1643 1675 1677 
1493 1523 1525 1526 1527 1530 1531 1532 1534 1535 1536 1537 1538 1539 1552 1553 1554 1555 1566 
1493 1523 1524 1526 1527 1528 1530 1531 1532 1539 1540 1556 1557 1558 
1523 1524 1525 1527 1528 1530 1531 1532 1534 1535 1537 1538 1552 
1523 1524 1525 1526 1528 1530 1531 1532 1537 1538 1539 1552 1554 1555 
1523 1524 1525 1526 1527 1532 1540 1556 1558 1559 
1523 1544 1545 
1523 1525 1526 1527 1531 1537 
1523 1524 1525 1526 1527 1530 1538 1552 1553 1555 
1523 1524 1525 1526 1527 1528 1539 
1523 1546 
1523 1524 1526 1535 1549 1550 1551 
1523 1526 1534 1536 
1523 1524 
1523 1524 1526 1527 1530 
1523 1527 1531 1552 
1523 1524 1525 1527 1532 
1523 1525 1528 1541 1542 1560 
1523 1542 1560 
1523 1540 1541 1560 
1523 
1529 1545 
1529 1544 
1533 

1523 


1534 
1523 1524 1526 1527 1531 1538 1553 
1523 1524 1527 1531 1538 1552 1554 
1523 1524 1527 1531 1538 1553 
1523 1524 1527 1531 
1523 1525 1528 1557 
1523 1525 1556 
1523 1525 1528 
1523 1528 
1523 1540 1541 1542 
1523 
1524 1563 1564 1565 1566 1567 1569 1570 1571 1572 1579 1580 1589 1590 1591 1592 1595 1596 1597 1613 1614 
1493 1494 1524 1525 1526 1527 1528 1529 1530 1531 1533 1534 1544 1545 1546 1562 1564 1565 1566 1567 1568 1576 1577 1578 1587 1589 1590 1614 1675 
1562 1563 1565 1567 1570 1571 1572 1580 1581 
1562 1563 1564 1567 1572 1573 
1529 1562 1563 1576 1577 
1562 1564 1565 1574 1582 
1563 
1562 
1562 1564 1571 1579 
1564 1570 
1562 1564 1565 
1565 1567 1574 1582 
1567 1573 

1563 1566 1577 
1563 1566 1576 
1563 1566 
1562 1570 
1562 1564 
1564 
1567 1573 




1563 
29 162 163 369 557 809 911 954 1057 1061 1119 1151 1152 1212 1240 1286 1382 1383 1384 1431 1432 1433 1461 1462 1463 1464 1493 1494 1495 1523 1524 1525 1526 1527 1528 1529 1530 1531 1532 1533 1534 1562 1563 1564 1565 1566 1567 1568 1569 1570 1571 1572 1573 1574 1575 1576 1577 1578 1579 1580 1581 1582 1583 1584 1589 1590 1591 1592 1593 1594 1595 1596 1597 1598 1603 1604 1605 1606 1607 1608 1610 1611 1612 1613 1614 1615 1616 1617 1618 1619 1623 1624 1639 1642 1643 1644 1645 1646 1647 1648 1650 1651 1675 1676 1677 1678 1679 1680 1706 1746 1749 1804 1829 1830 1858 1913 1966 
1588 1590 1591 1592 1593 1594 1602 1603 1619 
1588 1589 1591 1592 1594 1603 
1588 1589 1590 1592 1594 1603 
1588 1589 1590 1591 1594 1604 
1588 1589 1599 1639 1641 
1588 1589 1590 1591 
1588 1596 1597 1598 
1595 
1588 1595 
1588 1595 



1589 
1588 1589 1590 1591 
1588 1592 

1588 
1588 
1588 
1588 1610 
1588 1609 
1588 1595 
1588 
1588 
1562 1563 1589 1590 1591 1615 1616 1617 1618 1619 1621 1622 1623 1630 1631 1632 1633 1643 1646 1648 1675 1676 1677 
1614 1616 1620 1621 1626 1627 1651 
1621 1622 1630 
1614 1623 1634 
1614 1624 1625 1636 1637 1638 
1614 
1615 
1614 1615 1616 1629 
1616 
1614 1617 
1618 1636 
1618 
1615 
1615 

1621 
1614 1616 
1614 1630 

1614 
1617 

1618 1624 

1618 
1640 1641 
1641 
1639 1640 
1286 1523 1524 1562 1563 1589 1590 1591 1592 1614 1615 1616 1617 1618 1619 1620 1621 1622 1626 1627 1643 1644 1645 1646 1647 1648 1649 1650 1651 1652 1653 1654 1655 1656 1657 1663 1664 1665 1666 1667 1668 1669 1670 1671 1672 1673 1674 1675 1676 1677 1678 1679 1680 1681 1682 1685 1686 1706 1749 1913 
1614 1615 1644 1645 1646 1647 1648 1652 1658 1659 1660 1661 1675 1676 1677 1679 1680 1682 1685 1686 1703 
1642 1643 1645 1646 1652 1659 1660 1679 1680 
1642 1643 1644 1646 1652 1659 1661 1680 
1642 1643 1644 1645 1647 1648 1653 1664 1665 1666 
1642 1643 1646 1648 1653 1666 1667 
1642 1643 1646 1647 1649 1650 1654 1655 1668 
1642 1648 1650 1654 1668 
1642 1648 1649 1651 1655 1656 1669 
1642 1650 1656 1657 1670 1671 
1642 1643 1644 1645 
1642 1646 1647 1664 1665 
1649 
1642 1648 1650 1669 
1642 1650 1651 
1642 1651 
1643 
1643 1644 1645 
1643 
1643 1645 

1642 
1642 1646 1653 
1642 1646 1653 
1642 1646 
1642 1647 
1642 1648 1649 
1642 1650 1655 
1642 1651 
1642 1651 
1642 1673 
1642 1672 
1642 
1563 1614 1615 1643 1644 1645 1646 1647 1676 1677 1678 1679 1680 1681 1682 1683 1684 1685 1686 1688 1689 1690 1696 1697 1698 1699 1700 1701 1702 1706 1749 
1614 1643 1644 1645 1675 1677 1678 1679 1680 1681 1682 1683 1684 1685 1686 1689 1690 1697 1698 1699 1700 
1644 1645 1646 1647 1658 1675 1676 1678 1679 1680 1682 1683 1684 1685 1686 1702 1703 1704 1705 
1675 1676 1677 1681 1695 
1644 1675 1676 1677 1680 1682 1684 1685 1686 1702 
1644 1645 1658 1675 1676 1677 1679 1685 1686 1703 1704 1705 
1675 1676 1678 1688 1689 1696 
1675 1676 1677 1679 1683 1684 1697 1698 
1675 1676 1677 1682 1684 1699 
1675 1676 1677 1679 1682 1699 1700 
1675 1676 1677 1679 1680 1686 
1675 1676 1677 1679 1680 1685 1702 

1675 1681 
1675 1676 1681 1696 
1675 1676 


1694 

1678 
1675 1681 1689 
1675 1676 1682 
1675 1682 
1675 1676 1682 1683 1684 
1676 
1675 
1675 1677 1679 1685 1686 
1677 1680 1704 1705 
1677 1680 1703 
1677 1680 1703 
1715 

1710 
1708 1723 
1708 1724 
1727 1728 
1713 1732 
1712 
1706 
1706 1737 
1739 

1742 

1721 
1720 



1726 

1711 1728 
1711 1727 



1712 
1734 
1733 


1715 1738 


1741 
1740 
1718 
1719 


1747 1748 1750 1751 1752 1753 1763 1765 1766 
1746 1750 1752 1762 
1746 1749 1754 1755 1756 1767 1768 
1707 1720 1748 1771 
1746 1747 1752 
1746 1753 1763 
1746 1747 1750 
1746 1751 
1748 1768 
1748 
1748 1769 
1758 1759 1770 
1757 1759 1760 1761 1770 
1757 1758 1760 1761 1770 
1758 1759 1761 
1758 1759 1760 
1747 
1746 1751 
1751 
1746 


1754 
1756 
1757 1758 1759 


1776 1785 
1790 1791 1792 
1801 
1773 1785 
1779 
1777 1779 
1777 1778 1789 
1794 


1782 

1773 1776 



1779 
1774 1791 1792 
1774 
1774 

1780 
1796 1797 1798 
1795 1798 
1795 1798 
1795 1796 1797 





1 29 63 162 163 369 809 911 954 1151 1286 1461 1523 1562 1563 1588 1614 1642 1643 1675 1676 1677 1679 1706 1746 1747 1748 1749 1773 1774 1775 1776 1777 1781 1782 1805 1806 1807 1808 1809 1810 1811 1812 1813 1814 1815 1816 1817 1818 1819 1820 1821 1822 1823 1824 1825 1826 1827 1828 1829 1830 1831 1834 1837 1840 1841 1856 1857 1858 1859 1860 1862 1891 1893 1913 1966 
1804 1806 1807 1808 1809 1810 1813 1814 1815 1821 
1804 1805 1807 1809 1810 1811 1814 1815 1822 
1804 1805 1806 1808 1809 1810 1811 1814 1815 
1804 1805 1806 1807 1809 1810 1811 1816 1824 
1804 1805 1806 1807 1808 1810 1811 1824 
1804 1805 1806 1807 1808 1809 1811 1816 1817 1818 
1804 1806 1807 1808 1809 1810 1816 1818 1819 1825 1826 
1804 1828 
1804 1805 
1804 1805 1806 1807 1823 
1804 1805 1806 1807 
1804 1809 1810 1811 1817 
1804 1810 1816 
1810 1811 
1804 1811 1826 
1804 
1804 1805 
1804 1806 1814 
1806 1814 1822 
1804 1808 1809 
1811 
1811 1819 

1804 1812 
1 29 63 162 163 369 809 911 954 1151 1286 1461 1523 1563 1588 1614 1642 1643 1675 1676 1677 1746 1748 1749 1804 1805 1806 1807 1808 1809 1810 1811 1812 1813 1814 1816 1830 1831 1832 1833 1834 1835 1836 1837 1838 1839 1840 1841 1842 1843 1844 1845 1846 1847 1848 1849 1850 1851 1852 1853 1854 1855 1856 1858 1859 1860 1862 1863 1864 1865 1866 1867 1868 1869 1870 1871 1872 1873 1874 1875 1888 1889 1890 1891 1892 1893 1894 1896 1898 1913 1936 1966 1996 
1 29 30 63 162 163 307 369 557 809 911 954 1151 1212 1286 1461 1523 1562 1563 1588 1614 1642 1643 1675 1676 1677 1706 1746 1747 1748 1749 1773 1774 1775 1804 1805 1806 1807 1808 1809 1810 1811 1812 1813 1814 1815 1816 1817 1818 1819 1820 1821 1822 1823 1824 1829 1831 1832 1833 1834 1835 1836 1837 1838 1839 1840 1841 1847 1849 1850 1851 1852 1853 1854 1855 1856 1857 1858 1859 1860 1862 1863 1864 1865 1871 1875 1891 1892 1893 1894 1913 1936 1966 1996 
1829 1830 1832 1833 1845 1846 
1829 1830 1831 1833 1844 
1829 1830 1831 1832 1845 
1829 1830 1835 1850 
1829 1830 1834 1850 
1829 1851 
1829 1830 1838 
1829 1830 1839 
1829 1830 1837 1838 
1829 1830 
1830 1840 
1829 
1829 
1829 1832 
1829 1831 1833 
1829 1831 
1829 
1829 
1829 1830 
1829 1830 1834 1835 
1829 1830 1836 
1829 1830 

1829 1830 
1829 1830 
1830 

1805 1859 1860 1862 1863 1864 1865 1866 1867 1868 1869 1870 1871 1872 1873 1874 1875 1881 1883 1884 1885 1886 1887 1891 1893 1966 
1858 1861 1876 1893 
1858 1862 1866 1879 1880 
1859 1876 
1858 1860 1868 1869 1870 1883 
1858 1864 1884 1885 1886 
1858 1863 1885 1886 1887 
1860 
1858 1860 1867 1882 
1858 1860 1866 1881 1882 
1858 1862 1869 1870 
1858 1862 1868 1870 1883 
1858 1862 1868 1869 1883 
1858 1872 1873 1874 
1858 1871 1873 
1858 1871 1872 1874 
1858 1871 
1858 
1859 1861 


1860 
1860 
1858 1866 1867 1882 
1866 1867 1881 
1858 1862 1869 1870 
1858 
1858 1863 1864 
1858 1863 1864 
1858 1864 



1892 1893 1894 1895 1896 1902 1903 1908 
1891 1901 1907 1923 
1861 1891 1898 1911 1912 
1891 1895 1896 
1891 1894 1896 
1894 1897 

1893 1910 
1923 
1899 1923 
1892 
1891 
1891 



1892 1901 
1891 
1904 
1898 
1893 
1893 
1 163 1642 1858 1859 1891 1892 1893 1894 1899 1914 1915 1916 1917 1918 1919 1920 1921 1922 1923 1925 1926 1927 1928 1929 1930 1931 1932 1933 1935 1936 1946 1966 1996 
1913 1919 1926 
1913 1921 
1913 1917 
1913 1924 
1913 
1913 1914 1926 
1927 
1913 1915 
1913 1932 1933 1934 
1899 1900 1913 
1917 
1913 
1913 1919 
1913 1920 

1913 
1913 

1913 1922 
1922 1934 

1943 1953 
1916 1946 1962 1965 
1939 1970 1971 
1935 
1937 
1947 
1935 1942 
1941 
1935 1953 1954 


1936 
1940 1948 


1951 
1950 

1935 1943 1954 
1943 1953 
1956 
1955 

1959 
1958 
1959 
1945 
1936 1963 
1962 


1 1858 1935 1936 1937 1938 1939 1940 1941 1947 1948 1949 1967 1968 1969 1970 1971 1975 1994 1995 1996 1998 
1968 1972 1985 
1966 1967 1972 
1966 1987 1989 1990 
1937 1939 1971 1975 
1937 1939 1966 1970 1975 
1967 1968 1985 
1974 

1966 1970 1971 











1969 1988 

1969 
1969 

1991 

1966 
1966 
1997 1998 2005 2006 2010 2011 
1996 2003 
1996 2000 2016 2017 
1996 2005 2006 2010 2011 



1997 

2010 
1996 1999 



1996 1999 2005 
1999 
2013 2014 
2012 2014 
2012 2013 


1998 2016 
2020 2028 2034 2035 
2021 2022 2023 2043 2045 2046 
2018 2027 2033 
2019 2022 2030 2040 2041 2042 
2019 2021 2031 
2019 2046 2047 2048 
2032 
2026 
2025 
2020 
2018 2029 2036 2037 
2028 
2039 
2022 
2024 

2018 
2018 
2028 
2028 2029 

2030 
2021 2041 
2021 2040 
2021 
2019 

2019 
2019 2023 2047 
2046 
2023 
