2048 7003 0

1 
1 2 772 
1 3 
1 2 4 1600 
1 5 
1 6 1125 
1 2 
1 6 
1 3 5 
1 
1 3 5 1660 
1 2 4 
1 9 11 1663 
1 7 11 
2 12 14 438 1483 
1 840 
3 5 111 1031 
2 8 11 1433 1487 
1 5 13 
1 4 8 
1 13 754 
1 9 18 
4 13 675 
12 13 20 945 
1 11 
1 9 
1 8 13 1382 
1 11 14 
1 4 14 
4 6 25 
9 11 25 
1 13 32 1675 
2 6 8 1661 
2 5 8 1324 
18 26 32 
1 28 32 
14 18 36 658 713 1954 
1 5 35 536 679 
1 2 4 670 
8 12 21 2006 
2 11 36 
18 21 33 1005 
14 17 34 356 541 
13 18 21 1134 1486 
1 4 
4 22 32 318 
6 11 13 1442 
9 27 40 116 
1 9 20 
9 39 45 
1 9 15 
2 13 18 
1 3 2015 
3 25 26 1447 
18 48 54 
26 33 35 
34 48 51 
5 8 26 
13 16 41 2002 
1 40 42 2001 
17 35 
34 36 54 
1 28 56 
1 2 32 
28 32 48 
13 47 62 961 
2 14 30 
1 18 31 
8 18 33 
1 24 51 370 
1 21 40 
11 18 44 
1 4 32 184 
11 14 22 
1 25 
57 60 61 956 
2 14 36 323 902 
14 59 70 
25 38 77 
1 32 37 
23 32 70 1529 
1 13 36 498 
1 9 73 820 
1 6 14 
1 18 37 242 
52 76 81 1019 
6 18 22 1369 
1 11 25 716 
68 75 81 
2 67 80 
13 53 66 
11 35 73 
2 33 49 
1 17 48 
38 45 52 1897 
13 14 32 1100 
7 14 36 
1 5 70 
1 14 37 757 
1 31 50 
31 71 82 
4 29 
30 35 45 
1 8 89 
1 45 
15 23 31 
1 55 
18 23 91 
32 78 
23 30 48 
1 18 76 965 
3 14 52 
11 62 78 1252 
2 20 32 
1 10 115 1665 2022 2027 
1 24 65 
8 82 89 
1 14 68 163 1788 
12 54 119 
5 71 81 
1 13 90 
21 30 122 
1 50 81 
25 81 110 666 1391 1490 
25 36 48 1833 
40 75 76 300 420 1365 
4 45 48 
1 20 72 
1 34 
16 23 50 964 
10 60 96 334 
1 9 96 
4 40 53 2011 
18 31 57 249 
41 83 107 
7 11 14 
1 71 96 2000 
2 41 92 164 
12 78 82 938 
39 106 109 208 
9 39 55 226 
1 70 135 
1 23 67 1101 
25 64 1816 
18 74 131 
11 18 40 
1 35 74 1472 
1 40 89 
6 20 90 1504 
5 10 74 549 
38 83 148 
1 8 
128 144 148 1240 1295 
14 77 92 
1 19 38 1127 
1 20 21 1363 
17 127 149 
51 119 141 
95 101 127 888 
2 4 117 
11 65 134 1161 
13 36 48 
18 111 135 533 
20 40 86 
20 110 129 
5 22 54 
13 52 79 1273 1663 2042 
1 103 117 
2 4 78 
32 147 167 
55 60 107 1728 
4 95 138 
26 29 159 
6 78 87 
14 42 102 
1 33 99 
91 113 174 
1 78 135 1208 
4 18 61 
32 37 174 
3 11 14 
77 139 157 1856 
1 103 
18 28 62 
2 82 90 
48 65 91 
17 38 171 
66 82 185 
18 33 148 304 
4 5 39 131 
40 42 159 
14 90 175 
19 51 144 
4 11 193 1451 
4 32 124 194 
1 4 153 
32 36 74 1066 1522 
40 105 157 
14 117 167 1423 
9 107 199 
11 28 163 
40 49 199 762 1329 
6 38 62 
66 67 177 
39 132 163 372 494 
1 129 153 
11 133 175 914 
1 13 53 
3 162 174 755 
1 137 179 1242 1582 
91 183 197 1699 1874 
8 20 24 349 
5 37 59 
61 79 80 
4 20 48 
51 54 113 
25 48 149 289 1363 
103 148 162 
1 4 
14 36 167 1814 
1 31 196 
96 103 107 
30 98 132 
122 153 211 
82 205 214 
1 20 83 
1 33 98 
38 89 218 446 
76 84 158 
2 33 139 710 913 
36 40 51 
89 128 135 
1 31 68 777 1349 
3 5 24 1720 
1 32 215 
7 29 135 
54 190 201 
3 13 103 499 1083 
7 14 138 1827 
34 91 151 
1 102 200 
36 73 169 801 1436 
1 57 
50 91 93 
1 56 143 
149 177 195 
35 209 229 1512 
60 68 198 
18 194 235 236 
14 31 40 872 1712 1849 
35 76 207 
104 197 251 657 
68 78 127 
1 70 181 357 
58 165 191 
14 96 205 742 
24 58 187 
92 102 197 
200 203 216 
10 102 104 1896 
38 45 141 
26 31 108 1548 
58 115 137 715 
10 149 234 
36 102 201 1647 
49 89 144 
1 5 96 
24 93 143 
18 21 167 327 
30 37 227 
1 37 125 
14 21 64 
77 96 127 
23 119 156 
2 4 5 
21 25 52 
213 221 251 
2 4 107 
16 47 185 
1 128 254 719 
40 52 102 1521 
78 122 
6 182 217 
4 103 149 
11 154 269 
32 83 144 1219 
110 122 208 
55 83 111 
102 109 138 
1 26 268 304 
11 78 175 
11 123 152 167 
28 32 226 395 
15 102 261 1463 1773 
27 103 160 
5 14 139 
8 45 150 
1 5 175 
167 206 226 509 836 916 
26 64 153 
1 10 174 
30 41 91 
15 34 90 
39 237 283 702 
30 53 80 
18 40 98 
1 49 77 
92 173 182 
86 143 177 189 1362 1886 
34 193 212 647 
1 2 135 
54 144 258 669 
11 18 132 310 728 
5 37 65 
41 141 190 1666 
29 32 
102 283 294 
1 243 252 
1 26 36 1340 
18 25 110 
32 96 155 
14 32 104 1574 
76 145 188 
37 38 89 
63 87 155 1507 
11 157 224 
1 18 78 
13 45 293 1787 
6 11 15 982 
6 10 30 
1 9 50 1941 
60 167 204 782 1574 
64 142 177 
11 32 65 
14 70 81 
6 36 78 
14 108 128 723 
11 35 76 
29 70 203 1020 
10 151 312 
7 37 124 
1 18 108 
30 36 40 
1 23 280 942 
96 193 285 1524 
72 82 338 
14 79 100 
18 177 215 1796 
14 220 321 1877 
25 36 236 
2 151 241 
23 46 321 
8 220 283 
25 78 296 
21 119 243 
10 33 68 
2 92 166 
52 73 309 
1 127 338 
3 5 128 
70 87 
23 68 133 
17 24 125 1393 
32 41 73 
80 313 322 
23 71 1535 
12 80 177 
25 39 49 
1 90 368 
13 68 105 1890 
50 104 146 
2 103 149 1836 
1 2 26 
50 93 228 288 1390 
41 260 319 
2 11 135 
45 141 203 
75 110 146 
33 270 290 
133 224 329 1213 
36 174 188 917 1417 
15 30 275 
1 54 278 
1 89 246 
1 80 347 
22 166 309 
32 64 117 606 
63 204 364 710 
70 229 237 
2 223 255 
64 167 297 338 1528 
24 127 190 
77 285 331 
141 167 374 1452 1962 
4 19 127 
30 183 321 
11 110 231 
2 54 175 
32 123 172 
14 64 237 
30 36 62 
1 189 293 
183 223 402 
1 39 164 
82 194 314 
23 215 268 818 
159 232 341 1291 1844 
1 18 228 1931 
37 244 310 
73 169 329 
14 76 284 725 1088 
6 16 401 
1 48 
32 83 127 
1 149 414 
224 287 341 
37 264 269 
234 319 409 1474 1654 
90 283 329 
4 314 342 2042 
2 139 150 349 470 
20 191 396 1578 
1 138 296 
4 31 50 484 
140 197 249 1861 
6 119 401 688 
9 237 400 
21 221 336 892 
5 40 145 1237 
49 263 314 
90 125 194 
69 73 281 
13 101 204 772 
1 54 283 
1 34 203 1445 1756 
1 6 77 
14 32 218 
1 9 160 678 
42 275 410 
155 232 340 
1 27 144 
241 305 374 1869 
29 71 199 
1 27 32 
4 96 142 
2 46 338 
36 89 284 1559 
8 105 279 2013 
40 261 430 545 
29 73 76 
1 109 329 1281 
13 119 226 
1 77 102 2014 
1 31 69 
15 58 111 
24 81 218 1920 
12 110 198 
349 418 423 
21 158 364 1665 
140 214 344 
6 14 34 
54 68 317 
48 153 285 
4 135 452 
237 271 341 
18 191 402 
20 75 318 
22 125 329 
18 40 360 1162 
34 253 316 
27 89 159 
104 343 362 
13 21 169 419 924 
2 34 48 
372 408 465 
1 40 287 732 1969 
16 31 206 1338 1857 1973 
5 135 416 1892 
13 319 358 
141 317 338 432 
95 105 361 1582 
3 83 397 
36 52 349 
1 199 1419 
9 92 332 
6 69 291 
212 319 446 
287 307 477 
25 222 261 
35 64 108 889 
25 138 357 
1 249 273 994 
17 202 259 
20 56 149 
101 117 446 1776 
21 153 275 
13 72 290 
23 116 321 
41 177 446 
13 393 395 1267 1968 
1 4 173 
13 149 252 
1 16 342 1374 
1 21 89 638 
25 126 467 
291 329 385 1917 
28 32 469 
1 142 428 
10 93 386 959 1922 
168 235 391 
2 272 478 625 
1 62 192 
21 107 228 
74 237 514 1469 
128 200 313 741 1640 
18 30 497 
23 224 287 
24 313 463 
37 108 171 1993 
38 233 386 
68 227 435 729 
7 151 426 
142 146 468 
64 204 512 
48 49 180 
32 193 493 
11 137 298 
8 25 76 1450 
83 161 329 
98 135 311 
98 390 436 
140 471 528 
22 23 361 
5 28 364 2032 
6 41 446 1202 1317 
20 455 490 
53 461 498 1897 
1 4 171 
216 268 521 
35 257 483 
31 99 427 1805 
122 283 290 1227 
40 101 269 1883 
98 233 311 1986 2029 
1 303 522 1950 
81 87 305 1398 
21 178 510 
61 135 251 1973 
15 64 251 
1 82 375 
29 77 290 1001 
13 299 364 
1 42 64 1953 
11 308 542 
31 38 358 
2 232 431 
179 202 260 
82 89 231 
27 255 529 1309 
24 83 175 
17 31 232 
178 498 
4 5 8 809 
29 159 197 
252 458 541 
7 16 245 1955 
32 70 99 1448 
48 269 355 1912 
234 351 481 
13 260 355 
86 285 437 
285 361 569 1087 
25 41 272 
156 241 279 
7 57 344 
1 17 20 
128 231 410 
115 526 539 
18 294 339 675 
18 471 543 1139 
49 101 454 715 
165 235 278 
3 106 157 1711 
2 49 220 1577 
1 133 
75 78 90 687 
2 18 185 
343 546 549 
6 50 104 1101 
4 8 212 
1 167 567 1039 
79 386 510 
57 334 364 
50 146 183 
62 69 103 1214 
5 32 498 1862 
64 158 566 
48 72 299 
32 298 522 
27 182 218 
1 434 478 
117 286 287 1162 1815 
31 153 507 
38 103 197 
3 37 522 1946 
1 21 456 1031 1955 
1 8 47 
20 32 460 547 
193 230 370 1369 
169 352 457 922 
18 199 525 
65 542 557 922 1935 
17 404 597 
40 327 344 1009 1797 
1 201 424 
104 116 500 
31 74 215 1321 
26 53 385 
79 460 553 
18 37 153 
18 111 215 
1 140 520 1980 
82 130 281 593 
11 71 156 
7 359 423 1605 
147 192 400 
1 137 594 621 
1 103 313 
3 18 214 2029 
300 391 614 
1 86 532 1803 
8 13 457 
21 440 498 546 
13 101 493 
197 470 609 
28 76 329 
11 14 433 
5 88 200 760 1965 
418 497 579 
56 78 561 
110 237 243 
11 26 407 
362 435 553 
20 119 636 
136 317 322 1053 1104 
1 39 167 1597 
3 117 122 618 968 
1 13 364 
135 200 577 
70 200 592 
102 103 210 
98 444 448 
5 251 405 
1 20 172 
1 51 144 1553 
13 25 289 
32 101 348 521 
23 29 105 
192 313 504 737 
255 293 329 
91 150 
16 278 418 
422 511 540 1288 1409 
161 204 496 
18 410 513 
62 219 437 1502 
284 368 400 1602 
89 285 571 
37 76 656 1020 
1 510 552 
34 216 511 
36 239 531 1866 
42 197 512 
10 71 255 
204 284 405 
17 18 509 
7 13 509 1454 
2 53 636 
123 239 406 1733 1851 
63 284 468 
75 237 475 1675 
5 266 625 
21 74 253 
16 432 525 
10 31 553 
20 122 159 
9 65 317 
86 201 245 
2 73 432 
1 51 327 1681 
96 101 578 
37 348 684 
8 441 539 
1 275 622 
8 21 106 
10 126 327 
294 358 403 
119 252 605 661 
111 195 624 
113 233 434 
167 474 628 1401 
23 83 217 280 
1 413 506 1560 2024 
29 332 598 
119 126 361 
1 329 356 
27 208 251 
1 219 517 567 
200 301 340 
1 275 317 
32 337 344 595 
15 40 89 
83 285 290 
38 495 538 
1 10 449 459 2019 
319 451 457 1285 
1 126 366 790 1565 1733 1846 
34 37 690 
234 355 677 
119 370 555 1390 2032 
7 204 497 
17 34 619 1337 
18 209 503 1506 
1 49 102 
23 66 68 1714 
24 148 431 1188 2029 
2 129 712 
182 217 296 
96 117 251 1723 
54 161 531 
1 40 577 
75 102 122 
267 314 730 
5 6 39 
83 154 261 1571 
146 183 364 1252 
2 122 123 642 690 
127 364 608 
13 461 540 
14 49 524 1319 
418 580 601 
55 212 553 
35 153 230 
98 144 176 504 
28 292 505 
122 478 660 1311 
74 101 721 
2 314 616 
80 185 550 
73 87 422 1058 
25 77 162 
4 36 237 
30 222 724 1486 
2 163 180 
106 200 444 1516 
11 275 719 1892 
239 338 436 1301 
1 23 370 
18 45 282 
245 657 675 
371 434 439 529 2010 
146 451 500 655 1952 
40 52 68 
34 38 99 
14 56 702 
13 531 757 
11 311 568 
2 64 84 
4 7 220 1402 
18 73 175 
32 43 242 
12 38 228 1508 
38 213 382 
125 206 643 937 
11 162 598 1953 
25 32 767 924 
339 468 579 
70 79 198 
27 350 479 1851 
8 451 658 1888 
65 135 457 
4 110 756 1238 1626 
113 306 373 582 
1 308 333 
358 405 487 
1 167 386 
10 76 752 
41 212 437 
95 162 558 
2 12 728 
253 332 379 1366 1912 
1 14 34 835 
165 461 570 1228 
40 102 179 
1 418 496 
3 20 265 581 
298 510 633 
49 199 286 490 
53 81 519 
1 11 206 
35 350 370 
17 198 588 1930 2008 
57 61 89 
367 427 451 
16 52 345 1198 
123 232 238 
155 392 746 1137 
7 314 439 
13 102 243 
5 226 403 1106 
14 41 738 1054 
102 176 361 768 
7 8 38 
49 279 310 
29 209 376 419 703 
88 92 164 792 1888 
11 14 378 
1 237 390 
8 15 566 
2 86 355 
166 522 650 
64 111 513 
110 167 452 1916 
1 167 421 1015 1428 
226 236 466 
2 356 708 
139 406 537 
40 156 602 1925 
19 63 67 
79 166 703 
1 102 616 1687 
220 543 819 
66 450 531 
95 117 596 
58 185 731 
30 219 680 1301 
32 78 673 
221 329 445 1545 
232 623 640 
1 105 468 1636 1953 
363 472 596 1008 1404 1869 
281 366 707 
429 753 793 
135 612 812 
5 39 677 1989 
21 313 658 
13 89 756 
575 738 832 
4 11 742 
4 68 138 
50 190 308 
77 400 617 1472 
34 609 688 1554 1726 
158 751 764 
18 229 381 
50 321 460 1876 
214 222 812 1000 1525 
20 104 800 
19 254 355 
39 589 635 1731 
128 358 815 
68 104 118 
94 211 557 
13 91 434 
159 177 613 
12 23 62 
32 144 229 
153 255 530 
14 260 539 
62 439 866 1745 
21 639 771 
153 198 740 1102 
115 556 698 
16 40 224 
287 310 474 1338 
31 274 498 
34 115 791 1748 
144 194 386 
81 194 546 843 
75 122 605 890 
110 438 730 
8 80 406 
32 75 592 
1 146 208 
77 92 314 925 
53 169 323 
268 709 774 
212 263 333 610 1082 
287 334 764 
1 320 339 
62 144 411 888 
73 81 812 
26 32 509 
141 362 673 
63 332 480 1804 
206 470 801 
25 314 548 1526 
101 549 738 
178 348 702 
1 42 107 
18 130 889 1419 1741 
13 362 579 
1 26 318 1249 
41 403 869 
32 189 573 827 
418 674 704 
10 40 91 
254 612 708 1991 
90 341 515 
14 18 26 1539 
18 56 340 
233 333 717 
4 40 754 
78 329 513 941 
45 594 868 
87 454 845 907 
1 370 696 1577 
181 208 688 
5 55 134 
104 505 590 1212 1689 
328 434 629 
220 232 848 1986 
99 237 285 
61 194 600 
16 48 130 
224 272 553 829 
194 327 346 431 523 
10 336 851 
185 305 885 
94 460 513 
197 359 478 
5 114 819 
2 183 381 1193 
229 446 537 
180 429 511 
438 539 571 1417 
89 235 509 
122 361 858 
1 2 855 
14 21 837 846 
12 364 394 793 1688 
66 475 854 
4 75 830 
29 96 228 1955 
84 139 327 
38 321 430 993 
333 438 759 
41 156 364 
5 64 341 
546 606 719 955 1623 1881 
3 161 439 
120 788 841 
165 261 939 
1 28 33 
13 674 1775 
486 522 558 969 
13 15 609 
77 194 538 925 
327 329 468 
1 344 739 1058 
115 291 647 
67 242 609 839 
79 404 942 
2 7 13 277 
347 507 778 1821 
5 250 588 
14 238 407 761 
77 249 774 2014 
1 121 386 
18 45 961 
126 418 469 552 1072 
97 406 447 
2 45 873 
2 202 366 1745 
51 128 690 
171 456 874 1091 
235 243 926 
101 284 290 
19 406 943 
66 404 447 
1 2 40 1587 
11 15 311 1452 
11 18 223 
28 167 456 1542 
297 333 978 
260 319 661 1389 
89 285 434 
261 755 782 
198 575 950 971 
23 229 577 
267 421 885 2034 
3 6 65 
238 481 907 
103 192 510 
654 753 767 
1 21 453 537 1577 
1 109 658 1861 
73 269 950 
18 21 343 
113 179 928 
212 341 367 
21 347 840 
319 478 916 
28 225 841 
1 109 402 
14 180 434 
40 96 619 1916 
187 776 865 
1 87 481 1900 1967 
51 495 784 
2 216 443 
274 275 508 
52 275 552 
1 593 917 
187 199 553 
351 370 834 
74 450 653 
91 342 709 
14 678 869 
5 243 869 1720 
1 372 398 429 
24 451 966 
65 182 271 1773 
96 746 782 
17 674 960 1925 
39 61 563 
202 383 917 
14 185 343 
15 340 556 
72 445 972 
1 236 890 1609 
72 368 651 
82 447 620 
8 76 788 
3 167 668 
12 63 384 845 
55 105 571 1409 
48 128 710 969 
283 630 808 
68 462 578 1367 
66 426 731 
6 41 828 1656 
2 56 366 
568 775 833 889 1452 
5 313 529 
48 345 694 1452 
6 187 231 1172 1523 1823 
13 91 434 
1 79 705 
18 214 766 1413 1633 
1 2 8 
17 337 669 
361 364 948 1649 
9 40 150 
11 34 731 1952 
23 406 882 
19 512 718 
256 692 827 890 1136 
126 294 592 
49 68 135 
1 48 117 
15 233 369 648 
135 144 664 
16 262 462 
51 864 912 1925 
63 178 260 
200 522 889 1935 
122 219 321 1942 
177 585 801 
32 424 742 
1 18 265 1897 
1 10 14 1382 
76 940 1002 
92 155 658 1578 
214 350 506 
1 237 823 1090 
82 225 364 
40 314 1035 
38 60 601 
107 473 565 
1 887 973 996 1924 
122 195 313 
1 111 274 1858 
55 494 1018 1120 
18 268 597 
1 179 993 
35 52 167 1512 
64 162 908 1148 
110 177 904 2048 
435 819 831 
17 140 616 
74 196 906 
3 81 309 
13 478 570 1802 
52 185 452 
38 249 843 
4 8 135 1148 
69 157 218 
35 658 705 
28 44 624 1070 1693 
11 493 858 
336 783 1073 
17 131 553 1253 
34 370 384 702 1006 
23 103 325 
244 251 1027 
61 272 433 
21 150 726 
219 294 885 
588 649 651 
116 244 967 
171 195 717 
704 737 782 
1 35 169 
37 95 552 
78 180 347 
298 672 819 
2 7 
119 156 865 
37 54 101 
723 1070 1086 
2 144 265 1619 
13 297 783 1396 1834 
330 372 750 
29 135 535 
13 204 415 
366 541 1048 
14 445 536 
40 169 494 
29 229 635 
11 188 553 
38 40 408 1062 
493 835 865 1886 
17 34 577 
498 709 982 
914 1036 1056 1089 
74 82 223 
53 115 498 
40 56 
67 200 364 839 
206 508 699 
15 597 673 
620 658 1030 
179 475 529 
64 77 166 789 
27 157 797 1743 
32 102 433 
10 53 881 
95 172 245 1549 
2 174 955 1036 
4 103 334 1024 
26 777 993 
1 34 153 
289 535 1106 1121 
21 140 313 655 
92 913 990 
1 38 1065 
86 731 851 
19 103 667 
33 82 223 599 998 1825 
193 215 866 
102 115 659 
126 505 749 1759 
124 436 1119 
23 172 183 
4 99 331 347 
11 235 507 
360 391 797 911 1151 
99 177 605 1222 
18 198 1035 
177 733 1164 1439 1879 
213 316 377 
9 275 914 1131 
80 478 972 
33 471 845 
40 386 1043 
347 843 1167 
102 425 810 
41 231 259 347 
36 214 883 1242 
110 370 473 
34 358 446 
329 463 590 
1 23 224 1770 
11 31 298 
11 292 355 489 
2 3 370 781 1382 
25 72 1082 
7 13 235 
410 459 936 1477 1530 
1 26 418 587 
1 464 509 
17 473 927 1121 1375 
1 206 1143 
579 660 1060 
64 948 1083 
6 281 771 968 1127 
618 653 660 
1 62 64 
122 158 775 1790 
1 36 329 893 
9 109 1122 
91 350 447 
227 470 1086 1775 
179 292 622 
744 771 936 
1 1145 1165 1629 
11 302 561 975 
1 470 621 
32 492 1107 
1 127 752 1453 
32 35 886 973 1836 
14 375 929 
1 21 86 1123 
52 296 446 
1 78 919 
98 798 904 
951 1081 1148 
108 538 676 
90 838 1038 
796 1142 1149 
79 94 469 1398 
26 70 904 
144 694 696 
11 21 83 
8 948 1219 
56 171 992 
25 40 204 
1 20 1146 1739 
6 278 558 
448 642 770 
68 127 347 1019 
52 232 946 1192 
32 36 662 
285 721 1128 
127 134 906 
65 970 1039 
1 3 926 
23 888 1030 
250 305 918 
690 864 1234 
76 271 626 
252 979 1079 
78 487 801 2037 
401 598 661 916 
25 223 481 
2 577 794 
1 90 169 
943 1049 1173 
30 115 340 1992 
12 251 899 
18 108 172 
7 13 200 1877 2013 
13 169 690 
84 212 692 968 
51 63 167 
222 423 697 1992 
20 55 468 1233 
461 489 532 1489 1959 
40 114 213 
1 697 1100 1196 1560 
213 290 533 
114 122 913 
14 438 514 
1 115 216 
5 257 1239 1978 
20 976 1077 
70 82 283 
40 234 733 806 
2 395 870 
38 323 443 
135 168 645 
4 334 460 
212 424 915 
58 76 529 
119 481 531 
118 424 667 1060 
120 340 531 
1 805 1063 1071 
52 107 590 1346 
36 847 1259 
339 383 695 748 
293 674 1029 1961 
223 296 1182 
11 135 1034 
605 1200 1218 
11 135 922 1272 
116 422 882 
200 375 1038 
1 23 78 
323 622 1007 1071 
172 410 839 852 
1 343 1098 
57 167 300 1137 
64 652 862 1181 
157 235 237 1969 
140 353 784 1748 
50 82 108 
195 314 1296 
7 40 94 
107 118 566 1116 1160 
141 490 712 
14 183 513 
26 228 1010 1797 
2 367 749 
181 737 847 
2 4 179 1683 
2 49 52 
64 90 199 
32 226 
4 516 585 
364 466 1148 
1 8 200 
390 430 589 
16 104 359 725 1754 
291 828 1136 
4 15 122 
56 321 673 
9 374 376 412 
32 783 1192 
876 918 1171 2034 
93 322 867 
275 424 470 
40 183 238 
1 48 398 626 
748 799 1269 
1 48 283 1136 
213 364 1223 
72 545 730 
101 249 602 
40 167 1128 
14 16 1088 1841 
830 1083 1259 1636 
179 696 1150 
202 456 649 1457 
214 433 467 
96 150 296 
196 590 963 
224 358 570 
2 48 329 
18 77 1021 
235 471 1081 1964 
1 52 1164 
10 126 962 1267 
11 145 1050 
1 357 487 
213 225 415 
106 855 991 
1 661 745 1692 
6 36 727 938 
159 349 813 
141 593 1199 
468 795 1245 1711 
1 4 403 
167 341 385 
643 906 1340 
64 412 1041 
5 32 186 
107 224 881 1321 1988 
452 620 729 
2 94 779 
4 118 321 329 
32 327 466 
49 158 508 
217 1138 1254 
290 784 1214 
95 1154 1330 
2 970 1269 
116 167 1231 
104 197 406 
75 197 531 
12 669 799 
67 194 961 1012 
14 574 927 952 
14 249 800 
86 164 377 
122 364 949 
75 397 731 
104 119 464 
108 247 590 
1 20 32 1016 
108 525 824 
1 28 331 445 1765 
14 66 406 
31 40 1260 
2 111 1199 1925 
142 224 787 
11 321 361 
91 402 510 1815 
38 966 1140 
5 52 117 1193 
21 29 685 
15 605 698 
66 352 1381 
351 987 1070 1505 
18 229 843 
22 340 600 
12 38 558 
297 665 785 
568 574 660 
35 145 1159 1722 
131 366 1165 1726 
116 753 1363 1698 1849 
85 455 588 
1 353 464 
105 235 1140 
101 371 394 
24 330 406 
32 141 1306 
1 616 1086 
459 671 1347 
221 269 546 
25 90 314 
103 141 257 
93 695 717 
1 285 971 2014 
1 355 645 
153 429 966 
9 32 70 
755 982 1033 
420 685 1339 
1052 1274 1333 
96 447 1399 
10 36 1019 
19 482 1135 
199 424 1365 
102 726 863 
1 557 1270 
54 153 711 
85 360 697 
5 808 1025 
139 452 484 
3 1229 1365 1998 
158 618 1406 
12 313 1425 
128 343 1141 
98 457 688 
1 75 508 1014 
224 1138 1316 
439 702 740 
390 836 1039 1148 1309 
255 490 1242 
351 1307 1318 1415 
321 644 901 1948 
367 392 1354 1537 
212 452 1125 1773 
110 358 684 
198 297 678 
21 34 684 
62 649 1041 
235 283 1089 
413 1197 1357 
1 542 1292 
464 967 980 
589 671 737 
1 737 1413 
593 1048 1067 
370 571 652 
50 115 659 1867 
13 629 1065 1609 
165 811 1002 1411 
37 508 764 1547 
1142 1240 1363 
28 206 1265 
1 571 724 1733 
30 34 1087 
11 18 104 
255 625 756 
509 667 910 
138 157 1048 1137 
537 832 1388 
2 147 485 1014 
75 231 683 
103 385 1354 
40 194 1422 
364 642 1114 
52 123 318 1551 
417 634 1132 1313 
32 103 592 
32 828 1251 
1 103 1074 
40 339 473 
18 187 353 1780 
237 492 1173 
2 129 790 
1 9 76 
3 531 748 1904 
49 531 760 
40 62 215 1836 
322 899 1205 2012 
129 418 1290 
4 229 605 
117 329 690 893 1916 
38 128 199 
9 511 683 1594 
322 1332 1434 
1 695 1483 
85 104 1430 1872 
6 19 127 
42 76 1262 
1 327 508 
111 144 158 
32 390 1186 
135 660 1405 
52 616 1306 1657 
2 171 277 868 1743 
37 666 701 999 
1 496 564 2004 
6 7 10 
14 875 1510 
2 715 1372 1976 
21 75 539 
1 1086 1360 2017 
125 245 338 735 
23 26 1503 
4 392 664 815 
285 317 1197 
198 262 922 1271 1709 
4 179 851 1471 
140 362 731 
597 807 1388 
4 81 152 
57 79 101 
342 345 391 1587 
1 223 592 1985 
670 855 1128 
102 753 1168 1442 
14 220 627 
14 206 917 
63 408 739 
84 102 1513 
10 110 233 1106 1551 1584 
456 581 1125 
2 779 1251 
203 623 1324 
1 406 800 
21 495 525 
700 1481 1515 1819 
104 109 566 1062 
20 51 103 
430 778 1498 
541 602 1258 1621 
3 148 358 
16 366 574 1366 
104 1071 1191 
249 876 973 1454 
3 204 236 
18 165 827 1687 
111 799 904 
75 1307 1446 
73 268 667 931 1090 
17 109 138 389 1587 
564 658 856 
30 165 172 326 1278 
114 154 462 1183 1470 1774 
360 391 531 783 1265 
16 176 827 
227 759 882 
35 187 698 2013 
452 725 948 
14 283 658 
13 30 993 
117 784 1299 
50 200 748 
11 102 241 
22 707 1343 
14 406 1243 1823 
124 139 410 1217 
91 800 1096 
101 693 915 2013 
36 161 322 
40 104 637 1138 
107 416 1429 
1 208 506 611 1359 
1 319 807 1748 
1 1100 1360 
229 838 1166 
646 733 1101 
456 1069 1405 
144 457 652 
18 123 261 1514 
31 97 334 694 848 
23 350 420 1009 
572 788 1440 
200 1226 1265 
8 852 871 1549 
32 1401 1435 
37 359 1167 
285 570 1225 1361 
80 113 339 1261 
104 996 1210 1220 1663 
2 194 586 
1 134 386 786 1129 
13 141 1397 1457 
20 605 618 757 
838 911 1139 1497 
476 644 940 1185 1761 
124 982 1413 
29 114 217 802 
108 663 730 1955 
135 340 671 1401 
635 1004 1503 
489 1113 1581 
10 14 45 
30 322 775 893 1479 
1 104 345 1297 
177 761 928 2004 
896 1116 1160 
80 855 1184 1253 1314 1555 1944 
77 1069 1589 
334 347 471 
107 889 1361 
84 953 1018 1320 
19 287 412 
1 103 410 518 
693 765 910 1217 
283 297 1088 
39 355 650 
1 57 1580 
38 466 911 
82 217 605 
304 1396 1482 
124 285 1255 
53 619 660 
178 560 1142 1879 
102 298 473 1431 1439 
14 25 37 
275 1454 1567 1573 
35 966 1067 
1 605 830 1136 
390 522 539 894 
33 468 1510 
237 369 557 
1 410 1140 
571 1086 1430 
127 542 1298 
67 314 1426 
353 561 676 
139 1144 1227 1596 
23 1237 1599 1851 
531 1241 1476 
35 669 1032 1199 1207 1822 
1 433 
1 6 584 
233 449 873 1517 1752 
43 511 1372 
13 403 962 
31 246 345 
33 86 1356 
581 1370 1555 
32 56 63 1266 
1 92 1400 1991 
243 1008 1429 1499 1772 
39 641 888 
107 223 586 
269 1399 1443 
40 136 307 
117 234 616 
377 609 1643 2025 
247 705 1184 
463 551 1296 
611 642 724 1169 1449 
101 358 581 
670 798 1397 1848 
332 476 1018 1532 
10 865 1268 
1 554 590 1061 1065 1423 
1 1269 1574 
18 60 732 
88 260 1098 1140 
1 62 835 
201 345 713 
170 568 1234 
183 197 930 1309 
1 4 1114 2004 
2 325 329 
49 464 517 897 984 
36 479 803 1830 
89 436 1283 
215 651 846 
296 927 1485 
11 770 787 1476 
74 365 920 1248 
128 344 478 
30 1430 1652 
38 254 1511 
209 329 1184 1571 
472 520 1481 
176 237 434 
77 106 815 1842 
31 290 309 1912 
274 332 411 1040 1606 
248 823 1241 1534 
51 442 1164 
501 629 817 1419 
758 1172 1417 
361 766 894 
45 1305 1638 
1070 1116 1539 
139 351 1331 1541 
697 709 1323 1497 
128 165 993 
424 957 1445 
247 301 1363 
11 56 107 
136 154 413 1791 
65 780 1003 1950 
91 186 415 
41 112 1115 2002 
839 926 1172 1315 
1 10 114 1842 
48 285 902 1114 
129 454 822 1596 1621 
263 703 1524 
517 531 1175 
77 262 270 658 1061 
206 856 984 
379 644 1003 1366 
89 445 454 
50 200 1026 1189 
135 630 1041 
478 562 697 1077 
20 128 264 
103 190 738 
1 28 329 
6 13 274 1454 
15 19 1087 
1 358 877 1854 2036 
116 208 954 
1496 1559 1634 
390 570 1078 
255 383 923 1267 1449 
183 1292 1646 
656 823 1696 
251 558 589 
1 213 690 
929 1044 1147 
187 400 1472 
8 13 1248 1628 
1 14 153 1601 
329 791 1397 
1 793 1623 
109 404 1020 1170 
2 159 1533 
68 448 1146 
150 241 716 1477 
1 743 892 1629 
37 753 1591 
9 261 1119 1654 
107 276 534 1867 1918 
174 364 494 
10 12 103 1389 1661 
1125 1139 1256 
167 296 379 
1 800 1029 
622 726 1683 
333 334 944 
79 527 817 1035 1890 
40 141 284 
344 1416 
362 437 1636 1826 
12 152 159 1543 1601 
527 533 699 
916 1081 1544 
3 9 34 
674 872 1200 
75 860 1685 
1 865 1526 1742 
9 190 1673 
952 1038 1122 
35 102 329 1759 
20 527 729 
135 596 756 1547 
99 251 447 
10 1048 1447 
1 329 370 382 
1 149 432 
144 190 199 
103 329 834 
8 106 431 
18 659 1476 
444 743 1110 1428 
112 114 476 
11 528 904 
56 907 1171 
73 1392 1421 1640 
411 420 633 1108 
94 216 1113 
355 798 952 1415 1662 
4 912 1519 
241 430 890 
283 1041 1375 1749 
7 63 588 
321 428 616 
5 311 1582 
22 32 902 
38 224 596 1549 1840 
6 65 1039 
795 1028 1237 
1 256 476 1080 
200 612 748 
2 684 926 
5 38 1344 1680 
251 1132 1534 2027 
163 1074 1623 
358 1447 1537 
66 101 1710 
14 329 579 1993 
1 182 654 
74 390 868 
152 675 861 1754 
115 477 1117 
116 654 970 1339 
7 343 1811 
24 189 218 1851 
31 247 518 
98 269 927 1645 
562 563 821 
9 139 252 
19 239 500 781 1133 
5 155 285 
63 1349 1351 
37 1251 1615 1630 
136 714 1630 
13 73 343 
208 596 668 1143 1693 
27 183 231 
368 1209 1211 1574 
349 456 915 
38 1215 1256 
80 111 533 
188 1077 1539 
6 269 322 
146 158 1462 
4 717 1335 
20 616 865 1773 
13 609 773 
110 157 642 
111 612 1399 1494 
108 479 1750 
72 674 761 
13 340 967 
31 393 983 1423 
203 801 1730 
660 707 923 1698 
2 29 1078 
4 158 420 
20 406 1150 
1 469 972 1727 
4 14 102 1858 
18 305 712 1045 
163 1060 1817 
37 660 870 
37 48 470 
76 644 1074 
20 31 1032 
68 90 164 1056 
1 713 1293 1768 
17 91 1218 
337 342 622 1978 
31 139 1550 
1 1017 1101 
471 1142 1628 
141 1244 1837 
1 18 324 699 1423 
197 285 640 2002 
7 105 294 
169 267 1082 2031 
254 385 1167 
305 1134 1576 
14 1094 1205 1357 
23 29 730 
1 11 904 
659 772 825 
229 254 1732 
1 464 682 941 
26 144 1555 
3 50 1248 
119 181 224 
48 577 729 
66 362 1113 1798 
60 671 1539 1952 
33 240 967 
153 1408 1536 1663 
2 1064 1375 1567 
896 1067 
34 1140 1205 
354 433 1884 
549 650 690 
73 370 1370 1605 
1 1373 1673 1879 
24 403 669 1709 
290 473 741 
20 322 1114 1147 
20 49 1531 
1 49 747 
669 833 873 1152 1491 
72 1330 1734 
6 345 529 
355 375 400 
77 310 1434 
811 1203 1324 
544 547 1088 
313 683 807 
14 136 268 1486 
392 899 1041 1327 
1 336 464 
321 496 1781 1868 1884 
133 187 446 
192 351 1570 
18 509 857 1547 
458 1638 1911 
144 366 1616 1878 
167 446 737 
87 183 842 
1285 1304 1630 
84 393 971 1094 
1 645 1329 
637 997 1244 1714 
597 1244 1276 1677 
1 429 652 
31 349 619 
146 149 271 1006 
13 35 1585 1700 
12 943 1111 
20 1444 1567 
214 1157 1600 
5 497 761 1855 
1 30 1089 
193 452 1249 1417 
20 268 602 
6 194 998 1214 
1 227 610 
611 1562 1748 
32 605 823 
33 579 960 
361 407 668 1459 
298 341 1399 
83 530 1328 
40 70 529 
5 50 674 
18 141 167 
49 117 1141 1964 
49 348 473 1491 
37 51 114 
200 211 568 
15 678 804 
236 445 1174 
14 209 1131 1315 
99 1157 1283 
424 1152 1507 
11 358 1401 1846 2031 
15 1238 1547 1574 1619 
592 913 1700 1915 2012 
224 840 1237 
1 135 634 1172 
104 553 790 
14 23 643 
32 199 355 
11 657 1536 1742 
212 260 283 
477 526 531 
251 875 996 
181 1115 1152 1682 
70 380 558 1634 
836 1489 1773 
205 290 1165 
179 612 956 
6 70 904 1095 
1 1069 
1 769 932 1996 
343 539 799 1115 
1 10 122 1362 
1 395 753 1874 
31 40 519 1969 
4 377 1012 1611 
26 478 1739 
78 620 785 
387 783 879 1398 
105 1377 1887 
18 779 1092 
325 720 1167 
129 152 201 
348 561 927 1341 
385 1083 1342 
41 685 1607 
187 892 1200 
59 188 1101 
177 541 1474 1762 
235 1052 1468 1782 
28 437 924 
147 197 1533 
231 379 1159 
237 336 1058 1302 
422 983 1655 
70 547 985 
4 234 1507 1638 2000 
160 609 1537 1858 
94 522 1858 1999 
215 1336 1417 1713 2017 
1 2 31 
89 338 493 
40 924 1026 
108 703 1620 
112 1588 1853 
171 1559 1795 
553 989 1836 
100 1009 1804 
166 943 1032 1623 
1 158 1783 
1 958 1426 
4 229 701 1261 
928 1089 1501 
73 210 845 
222 288 290 343 
14 340 1024 1454 1858 
111 253 1003 1743 
2 84 251 
84 821 1987 
144 366 616 
5 347 1126 
26 165 629 743 1202 
187 412 1172 
51 444 1798 
102 1046 1485 
18 455 807 1547 1855 
188 348 976 
115 697 1015 
5 788 1574 
220 284 952 
299 733 1564 
140 175 1546 
20 1085 1516 
1005 1013 1259 
143 187 189 
158 301 709 
53 544 1498 1518 1885 2008 
51 989 1665 
48 815 961 1752 
36 699 731 
6 31 175 
327 336 418 
4 41 233 
605 791 1064 1226 1777 
127 150 208 1329 
3 141 904 928 
214 1297 1529 
