1024 17144 0
2 4 5 7 9 10 18 24 33 
4 7 12 15 17 27 
11 
1 2 8 10 12 17 21 22 23 25 27 28 31 32 
4 8 10 14 
5 7 10 12 13 43 
3 8 10 12 14 15 31 
3 4 5 7 9 10 13 14 15 22 31 43 
1 2 3 4 5 6 10 11 12 18 31 
1 3 5 6 8 11 13 14 22 31 32 33 43 46 51 
3 7 8 13 15 41 43 46 
1 2 4 7 8 10 14 15 43 
6 8 10 11 12 41 43 46 48 
1 2 4 5 7 8 9 10 17 21 22 23 27 28 32 37 40 43 57 

19 21 23 28 29 32 33 35 36 56 57 70 98 103 106 107 
1 2 9 19 22 24 25 28 29 30 
1 2 14 23 24 26 28 31 34 
16 17 18 21 23 24 26 27 28 30 33 34 35 36 37 56 72 75 78 79 102 106 107 
21 23 26 29 30 35 36 37 65 66 79 82 102 105 107 
4 19 20 22 23 26 28 32 35 36 63 64 65 66 70 71 
1 2 4 8 10 14 17 18 21 27 31 32 36 40 43 51 56 57 66 72 
1 4 14 16 17 18 19 21 22 24 25 26 27 28 29 30 31 33 36 37 56 78 
1 17 19 23 25 27 28 29 30 31 36 78 82 
23 26 27 28 30 31 34 78 
18 22 23 24 30 33 34 36 37 56 
1 4 14 18 25 26 29 30 31 34 36 
4 14 17 18 19 20 21 22 23 24 25 26 27 29 30 31 32 33 34 37 56 57 66 72 79 
16 20 27 28 31 34 36 75 78 82 
16 18 19 24 25 27 28 29 36 75 78 
2 9 10 17 23 25 28 33 
4 14 16 22 28 33 36 40 43 51 60 64 66 72 
1 4 10 16 17 21 22 23 26 28 32 36 37 40 47 56 57 63 64 66 72 
17 24 25 26 27 29 75 82 
16 19 20 26 28 36 37 56 65 66 70 72 79 98 99 101 102 105 106 107 
16 19 20 21 22 23 24 25 26 27 29 30 32 34 35 56 65 66 82 98 102 106 107 
19 20 21 23 26 28 32 33 35 36 56 57 60 64 70 72 
39 41 42 44 45 48 49 51 52 54 55 60 63 64 67 71 73 127 128 131 138 
42 44 45 48 133 
10 13 14 33 38 41 42 43 45 46 47 48 57 63 64 
3 6 43 48 51 
38 39 41 43 44 45 47 48 49 50 51 54 55 61 63 67 71 73 127 128 131 138 
3 10 13 14 22 32 42 44 48 51 
39 41 46 47 48 50 61 64 127 131 133 138 
13 38 39 40 41 42 43 44 47 51 52 
13 41 42 43 44 
32 38 40 42 45 49 50 51 52 54 55 59 60 61 63 64 68 70 73 138 146 
41 42 44 45 50 52 
39 40 42 44 45 47 50 51 52 54 55 60 61 63 67 71 127 131 133 138 140 146 147 
39 42 44 45 48 49 52 61 127 128 129 131 133 138 140 
10 13 14 33 38 40 41 42 43 44 45 46 47 48 52 57 63 64 
13 39 40 41 42 43 45 46 47 48 49 50 51 128 131 133 140 
54 55 59 61 62 69 71 144 146 147 158 206 207 209 
42 47 49 53 58 59 60 61 62 63 64 67 68 69 70 71 127 144 146 147 152 153 158 159 
42 44 49 53 54 57 58 59 60 61 62 63 64 68 70 71 127 138 144 146 147 153 158 
16 19 20 23 26 28 32 33 35 37 57 58 60 63 65 66 71 72 79 102 
10 14 22 32 36 37 47 51 55 56 63 65 66 70 73 
35 53 54 56 59 60 62 63 64 65 66 68 69 70 71 72 106 107 146 147 158 
47 53 54 55 58 63 64 67 69 70 71 73 138 144 145 146 147 148 152 153 158 159 
32 37 38 47 53 54 57 58 59 62 63 64 65 67 69 71 73 138 146 
38 42 44 47 49 50 53 54 55 60 63 64 67 68 69 73 138 146 147 152 154 158 159 160 163 
35 53 55 58 59 66 71 72 98 104 107 158 209 
37 38 42 44 47 49 51 54 55 58 60 64 66 67 68 70 72 73 
21 32 37 38 40 42 44 49 51 55 56 57 59 60 61 63 66 67 68 70 71 72 73 146 147 
20 35 36 37 53 60 66 68 69 70 71 72 79 98 102 103 104 
16 19 20 21 22 26 32 33 35 36 37 57 60 64 68 70 71 72 79 102 106 107 
38 42 44 47 49 50 53 54 55 58 59 60 61 63 68 70 71 138 144 146 147 152 153 158 159 
53 54 59 60 61 62 63 65 67 69 71 73 144 152 158 209 
53 54 55 58 59 60 62 65 67 70 71 73 104 144 146 147 152 158 159 207 
16 37 47 53 56 58 59 62 63 64 65 66 67 69 71 72 98 106 107 147 
21 33 37 42 47 56 58 59 60 61 63 64 65 66 68 69 70 72 146 147 152 
16 19 22 28 33 35 37 56 57 58 60 62 63 64 65 66 70 71 73 79 107 
38 42 47 49 53 57 58 59 64 68 69 70 71 72 138 144 147 152 158 159 
81 83 93 96 
20 24 29 30 34 76 78 82 
29 74 82 83 
74 80 81 86 92 94 96 97 99 101 103 105 110 111 116 119 120 
23 26 76 81 82 
19 20 28 30 36 56 65 80 82 83 98 99 101 102 105 108 
74 77 81 83 94 98 101 105 107 108 110 111 113 120 
74 
20 26 34 36 74 76 78 79 81 83 102 
74 75 81 82 102 
87 90 91 270 273 275 276 
84 87 88 91 92 93 94 95 96 270 272 273 274 275 276 279 
77 80 87 89 92 95 96 110 112 113 114 116 117 119 120 123 
84 86 88 89 92 94 95 97 112 123 265 267 268 269 273 274 275 276 277 279 303 
84 85 91 94 96 270 276 
85 86 87 92 94 95 97 112 113 114 123 125 265 267 268 269 270 271 272 273 275 279 303 305 306 
84 88 92 93 96 275 
74 83 84 85 90 
77 84 85 86 88 89 90 93 94 95 96 97 110 111 114 119 123 125 265 272 275 276 279 
74 81 85 90 91 92 95 
80 86 89 110 112 113 114 119 120 123 265 
84 85 86 87 88 89 90 91 93 96 265 268 272 273 274 275 276 279 
74 85 92 
77 85 86 89 92 95 110 113 114 119 123 272 
16 35 56 62 66 70 79 99 101 104 105 106 107 108 
35 77 79 80 98 103 104 106 109 110 111 116 
108 118 120 122 124 208 210 212 213 216 219 223 
35 79 81 99 110 120 
16 19 35 36 56 65 77 80 82 83 99 103 105 106 107 108 
20 77 98 101 102 109 
53 58 65 98 105 106 107 108 116 206 207 208 209 210 213 216 
20 65 79 98 99 104 106 116 
16 19 20 35 58 62 65 66 70 72 79 80 98 99 103 104 105 107 108 
16 20 35 36 58 65 70 79 80 99 102 106 108 
79 98 99 100 101 102 103 105 106 110 111 119 124 213 
99 100 104 108 111 116 120 126 208 210 213 223 
77 80 86 97 99 108 109 112 113 114 115 116 117 118 119 122 125 
86 92 99 110 112 114 115 116 118 119 124 126 
87 89 92 94 110 111 113 117 119 120 122 123 124 265 271 272 276 303 305 
77 80 86 89 94 110 111 114 117 118 119 120 122 123 265 272 303 
86 87 89 92 97 111 112 117 122 125 265 267 271 279 302 306 
110 118 121 124 125 213 220 227 228 229 232 233 393 
77 80 104 105 108 109 110 111 113 115 117 118 119 120 122 124 125 126 210 223 226 
86 110 111 112 113 115 116 118 119 120 121 125 126 223 226 227 229 303 305 
86 100 109 110 112 113 114 116 117 119 121 122 123 124 126 213 223 226 232 
97 101 108 110 112 120 123 125 
77 80 86 94 99 100 101 103 105 109 110 111 113 116 117 118 126 210 
117 118 125 126 223 227 230 232 303 305 307 310 403 
100 110 111 115 117 121 123 124 125 126 226 228 229 232 233 303 305 310 393 
87 89 92 94 95 110 111 112 113 114 117 118 119 120 122 125 265 279 305 
100 109 112 117 122 125 210 213 228 232 
86 94 97 110 111 112 114 115 116 117 118 119 120 121 122 124 126 226 229 232 265 272 303 310 
100 109 110 111 115 116 118 120 122 124 208 213 219 221 223 227 229 233 
38 39 42 44 47 50 52 54 61 67 128 129 131 132 134 137 138 140 144 146 154 159 163 
42 49 50 133 134 137 138 140 
127 131 136 137 140 169 170 171 182 
135 136 137 139 167 170 171 172 173 177 179 182 
38 42 44 49 52 128 129 134 136 138 139 140 
127 134 135 136 137 138 141 142 144 145 146 153 154 159 160 162 163 166 168 174 181 182 186 205 
42 49 127 128 138 
50 61 127 128 131 132 136 138 140 141 142 144 145 146 147 153 154 157 159 160 162 163 166 168 169 174 181 187 
127 128 129 130 136 138 139 141 142 144 145 153 154 156 159 162 166 168 169 174 179 181 182 205 
128 129 130 131 135 137 139 140 141 142 144 145 153 154 156 157 159 162 163 166 171 174 182 
128 129 130 131 133 134 135 136 139 141 142 160 166 169 171 179 182 
38 42 44 47 49 50 54 55 59 60 61 64 73 128 131 132 134 136 142 144 145 146 147 158 159 160 
128 129 130 131 137 140 167 171 177 
39 44 52 127 129 131 133 134 136 137 138 139 
132 134 136 137 142 145 153 154 156 157 160 162 163 165 166 168 169 171 174 176 178 179 181 182 187 192 193 202 205 
127 129 131 132 134 136 137 138 139 141 144 145 153 154 156 159 160 163 166 168 169 174 176 179 181 182 186 187 
144 145 146 147 148 149 150 151 152 153 154 155 157 158 159 160 162 163 186 187 190 200 204 206 207 217 236 
54 59 61 67 69 73 127 132 134 135 138 142 143 145 146 147 148 149 153 154 156 157 158 160 161 162 163 
61 134 136 138 141 142 143 146 147 148 149 150 152 156 157 159 160 161 163 174 181 186 187 190 205 
47 49 54 59 61 64 67 68 71 127 134 138 143 144 145 148 153 154 157 159 160 162 
49 54 55 58 59 60 61 62 64 67 68 69 70 71 134 138 143 144 146 152 153 154 157 159 160 162 163 
59 143 144 145 146 147 149 150 151 154 155 157 158 159 160 161 186 190 200 204 206 211 214 217 
132 143 145 150 151 152 154 156 157 160 163 174 181 183 186 187 190 197 200 205 217 236 
143 144 148 149 152 153 154 155 156 157 158 159 160 161 162 163 183 186 187 190 196 201 204 205 206 207 214 217 236 
143 144 145 148 149 150 155 157 159 161 162 183 186 187 190 204 206 207 217 236 240 
53 54 55 59 62 67 69 71 145 147 148 149 150 151 153 154 158 162 206 209 
54 55 59 67 132 134 135 136 138 141 142 143 145 146 147 148 149 150 151 152 154 156 157 158 159 160 161 162 163 174 181 186 187 
127 132 134 135 138 141 142 143 145 146 147 148 149 150 156 157 158 159 161 162 163 166 168 169 174 181 186 187 205 
148 149 151 161 162 186 187 188 190 194 196 200 201 204 206 207 211 214 217 236 238 240 245 246 
132 134 135 136 141 142 145 149 150 154 159 161 162 165 166 169 174 178 181 182 186 187 190 192 193 195 197 201 
132 134 135 136 138 141 142 143 146 148 151 153 154 156 160 162 166 169 174 181 187 190 195 205 
53 54 55 58 59 61 62 67 68 69 73 138 143 144 145 147 150 152 154 157 159 160 161 162 163 206 209 
53 55 61 67 69 73 127 132 134 135 136 138 142 143 145 146 147 148 149 151 152 153 154 156 157 158 161 162 163 187 
127 132 134 135 136 137 138 141 145 147 148 149 150 153 156 157 159 161 162 166 168 169 174 181 186 187 
143 144 145 149 150 151 152 153 154 155 156 158 159 160 162 183 186 187 196 197 200 201 204 205 211 214 217 236 240 
132 134 135 141 142 144 145 146 147 148 149 150 151 152 153 154 156 157 158 160 161 163 174 181 186 187 190 195 205 217 
132 136 138 141 142 143 144 145 146 148 150 153 154 156 157 158 159 160 161 162 166 169 174 181 186 187 
165 166 168 175 176 178 189 193 195 197 198 203 205 529 531 532 540 544 548 555 
141 156 164 167 168 169 170 174 175 176 177 178 181 182 189 193 195 202 205 523 527 535 
132 134 135 136 137 141 142 154 157 160 163 164 168 169 170 174 177 178 179 181 192 193 195 197 205 
139 170 171 175 
135 141 142 156 160 163 164 165 166 170 171 174 176 178 179 181 187 189 192 193 195 197 202 205 
130 132 135 136 137 139 141 142 154 160 165 166 167 168 171 173 174 177 178 179 181 182 186 187 195 202 205 
129 130 139 165 166 167 169 171 173 176 177 178 180 
129 136 137 139 141 142 166 167 168 169 172 173 177 179 180 181 
170 171 176 177 180 182 523 529 
130 139 165 169 170 172 175 176 177 180 523 
132 135 136 141 142 145 149 153 154 157 160 163 165 166 168 176 178 179 181 182 186 190 192 193 195 197 201 202 205 
167 172 173 176 177 180 189 522 525 527 529 530 532 533 534 535 536 538 539 540 541 
141 142 156 165 166 167 170 171 172 173 177 178 180 181 182 186 189 193 195 197 202 205 529 535 
130 137 165 166 169 170 171 173 175 176 179 182 
141 164 165 166 168 170 171 174 175 176 179 181 182 186 189 192 193 197 198 202 523 527 529 535 544 
129 130 135 136 137 142 165 166 168 169 170 171 174 176 177 178 182 
165 173 175 177 179 182 523 
134 136 137 141 145 149 154 156 157 162 163 165 166 168 169 174 176 178 182 186 187 190 192 193 197 202 
130 132 135 136 137 139 141 142 156 165 166 167 168 169 171 173 174 176 177 179 180 181 
149 150 151 155 161 184 185 186 188 190 191 194 196 197 199 200 201 204 211 217 234 237 238 239 240 244 246 600 
183 185 190 191 192 193 194 196 197 198 199 200 204 234 236 237 239 243 246 247 542 543 551 554 600 602 
184 186 187 191 192 194 195 196 197 198 199 200 201 202 203 204 205 234 236 237 239 240 243 246 247 542 551 554 555 600 
132 141 143 145 148 149 150 151 153 154 157 161 162 163 168 169 174 176 178 181 183 187 188 190 192 194 195 197 198 200 201 202 204 205 236 
132 134 135 141 142 143 144 145 148 149 150 151 153 154 155 156 157 159 160 161 162 163 166 169 174 181 185 186 190 192 193 194 197 201 202 204 205 
183 185 186 191 192 193 194 195 197 198 199 200 201 204 234 236 237 239 240 243 246 247 542 543 551 600 602 
164 165 168 175 176 178 192 193 194 195 197 198 202 205 523 527 529 531 532 535 539 542 543 544 545 548 551 553 554 555 
143 145 148 149 150 151 157 162 174 181 184 185 186 187 188 192 193 195 196 197 199 201 202 204 205 236 
183 184 185 199 200 201 203 204 236 238 239 240 243 244 542 551 554 555 589 598 599 600 602 
141 156 165 166 168 174 178 181 184 185 186 193 194 195 197 198 199 201 202 203 535 544 551 555 
156 164 165 166 174 176 181 184 185 187 188 189 194 195 197 198 202 203 204 205 542 551 555 
155 183 184 185 186 187 188 189 190 191 192 193 195 197 199 200 201 202 203 204 205 236 237 239 240 243 246 542 551 554 555 600 
141 149 150 157 162 165 168 169 174 176 181 184 185 186 188 189 190 192 193 194 197 198 199 202 203 204 205 555 
150 155 161 183 185 190 191 194 199 201 203 211 217 234 236 237 238 240 243 246 599 
149 156 161 164 165 168 174 176 178 181 184 185 186 187 188 189 190 192 193 195 196 198 199 200 202 203 204 205 551 555 
176 178 184 185 186 188 192 193 194 195 197 199 201 202 203 205 527 531 535 542 543 545 548 552 554 555 557 
183 184 185 188 190 191 193 196 197 198 200 201 203 204 234 236 237 239 244 246 247 542 551 555 599 600 
143 148 149 150 151 155 162 183 184 185 187 190 191 196 197 201 204 214 217 234 236 237 238 240 244 246 247 
150 155 156 161 162 183 184 185 186 187 188 189 190 191 193 194 195 196 197 198 199 200 203 204 205 237 240 246 542 551 555 
141 166 168 169 174 176 178 186 187 188 189 190 192 193 195 197 198 205 535 555 
184 185 191 192 193 194 195 196 199 201 531 544 545 548 551 552 557 
143 149 151 155 161 162 183 184 185 186 187 188 190 195 196 199 201 205 211 214 234 236 238 240 243 244 246 
132 141 142 149 154 156 157 162 163 164 168 169 174 176 178 186 190 192 194 195 198 201 202 204 
69 104 143 148 150 151 155 158 207 208 209 210 211 214 216 217 
143 148 151 152 155 158 209 211 214 215 216 
100 104 109 207 209 210 212 213 215 221 223 226 
53 58 59 68 104 158 207 208 210 216 
104 108 116 120 124 206 208 209 212 215 216 219 221 228 
143 148 150 151 155 161 183 196 200 204 206 207 212 214 216 217 218 234 236 238 240 241 244 245 246 
100 208 210 211 213 215 218 219 225 228 241 242 245 251 254 257 259 
100 104 108 116 124 126 208 209 210 212 215 216 219 223 226 228 
143 148 150 151 196 200 204 207 211 212 215 216 217 218 234 236 240 244 245 254 
206 207 209 210 211 212 217 228 240 241 
100 109 206 208 209 211 212 213 215 218 219 221 223 228 
143 148 149 150 151 161 162 183 196 207 211 214 215 218 234 236 238 245 
208 211 212 215 217 225 238 241 242 244 245 251 253 254 258 264 
208 210 212 213 215 216 218 223 226 231 233 241 251 254 259 
115 121 222 224 225 226 227 229 230 231 232 233 257 310 391 395 396 397 398 403 429 
126 208 215 216 219 223 224 226 228 231 233 245 257 259 
224 225 230 231 250 252 257 259 260 261 262 391 393 395 397 398 399 403 404 421 423 426 429 430 431 434 
100 115 116 117 124 208 210 216 221 226 227 228 233 
219 220 221 222 225 226 227 228 229 230 231 255 257 261 262 391 393 395 397 398 
212 218 219 220 222 223 224 226 227 230 231 233 251 252 253 254 257 259 262 395 
100 117 121 122 125 126 208 210 219 220 221 223 224 225 228 229 230 393 397 
115 118 121 122 126 223 228 229 230 233 310 391 393 
100 122 124 208 213 215 216 219 221 223 225 227 232 233 
115 117 118 122 125 126 220 224 226 227 230 233 305 307 309 310 391 392 393 396 397 403 
115 224 225 226 231 233 262 310 391 395 396 397 398 399 403 404 
219 220 222 225 227 230 233 250 251 254 255 257 259 260 261 262 395 398 404 423 426 429 430 431 433 
115 121 122 125 126 223 228 229 233 310 391 393 397 403 
115 122 219 220 221 222 223 224 225 226 227 228 229 230 232 257 259 391 393 397 
155 183 188 191 199 200 204 214 217 218 236 237 239 241 242 244 245 247 599 
234 239 243 244 245 246 247 248 249 251 258 264 589 591 592 597 598 599 600 601 602 614 
143 148 149 150 155 183 185 186 188 190 191 194 196 199 211 214 217 237 238 239 240 243 244 245 247 
183 184 185 188 191 194 196 199 200 201 234 236 239 240 243 247 542 543 551 589 593 594 598 599 602 
155 191 196 204 211 214 217 218 237 239 241 243 244 245 251 254 258 
185 188 191 194 199 234 235 236 237 243 244 247 543 589 591 592 593 596 597 598 599 602 603 
143 148 149 151 155 161 183 190 191 194 196 200 204 211 214 217 218 236 237 238 241 244 245 246 247 
211 215 218 219 221 234 235 240 253 258 264 
212 218 234 238 241 244 245 249 250 256 257 258 259 261 263 264 592 
184 185 188 191 196 199 234 235 236 237 239 244 246 543 589 592 594 597 600 602 603 
183 184 188 191 196 199 200 204 214 234 235 237 238 239 240 242 246 247 253 264 589 597 599 600 602 
155 211 214 215 217 221 235 236 238 240 241 242 246 247 254 258 
155 184 185 188 190 191 196 199 200 204 217 234 235 236 237 238 240 241 243 244 245 247 599 600 
184 185 191 194 199 204 234 235 236 237 240 243 244 245 589 591 592 594 597 598 600 602 
235 250 251 252 253 256 258 263 264 592 598 601 612 616 
235 242 250 253 256 260 263 264 589 592 597 598 607 610 612 614 616 618 
222 231 242 248 249 251 252 259 260 262 263 264 421 423 426 430 431 433 434 614 618 
219 221 225 235 238 241 248 250 253 256 258 259 261 262 263 264 
222 225 248 250 255 256 257 258 259 260 262 263 264 422 423 426 430 431 433 434 
218 225 235 238 241 242 244 245 248 249 250 251 252 254 258 259 260 261 263 264 592 614 
211 212 214 215 218 219 221 238 241 257 258 261 264 
222 250 252 257 260 261 262 398 404 421 422 426 429 430 431 432 433 
235 242 248 250 251 253 254 260 263 264 592 597 601 610 614 
212 219 220 222 224 225 231 233 242 250 251 252 253 254 255 258 259 261 262 264 395 398 431 434 
218 238 241 242 244 248 250 252 253 254 257 259 260 261 263 592 601 
212 221 222 224 225 231 233 242 250 251 254 255 256 257 258 260 262 395 430 431 433 434 
222 250 253 256 257 258 259 261 262 263 264 421 422 426 430 431 433 434 618 
224 225 231 242 250 251 252 253 255 256 257 260 264 395 398 421 426 431 433 434 
220 222 225 231 250 252 255 257 259 260 395 398 399 404 422 423 430 433 434 
242 248 249 250 251 253 256 258 260 261 592 597 598 601 610 612 614 615 
218 238 241 248 249 250 251 252 254 257 258 260 261 263 597 614 
86 87 89 92 94 97 112 113 114 125 266 267 268 269 273 274 275 279 302 305 
265 267 269 279 281 283 287 292 295 298 306 317 
89 114 265 266 268 269 270 271 272 273 274 275 276 277 281 302 305 306 
84 87 89 95 265 267 272 273 274 275 276 278 
87 89 114 123 271 272 273 274 276 281 303 306 309 
88 95 267 268 273 274 
87 112 123 265 266 267 268 270 272 273 274 275 277 279 305 306 
85 86 87 92 95 112 113 123 265 267 268 269 271 273 275 279 303 305 306 
84 85 87 268 269 270 272 277 
84 85 87 89 265 267 269 270 275 276 277 
84 87 88 92 95 265 268 270 271 273 274 276 279 
84 85 87 88 89 92 95 97 112 114 123 265 266 267 268 271 277 306 
270 271 273 274 276 278 279 280 291 294 295 297 
268 277 280 285 288 291 292 294 297 
89 92 95 97 114 267 270 274 276 303 306 
277 278 281 283 285 288 291 292 293 294 295 296 297 298 299 
269 283 285 287 288 290 291 292 300 308 315 317 
266 278 280 283 288 289 290 291 294 295 296 297 301 347 
266 280 281 285 286 287 289 290 292 296 297 298 299 300 314 315 317 326 
285 289 296 298 299 300 301 314 320 323 327 330 342 343 344 345 347 348 350 366 368 370 375 
278 281 282 287 288 289 290 293 295 298 300 301 342 343 345 350 
282 283 287 288 289 296 298 301 323 330 332 335 337 342 347 348 366 368 370 371 381 
266 280 281 282 283 285 286 288 289 290 291 292 293 296 298 299 308 314 315 326 
278 280 282 284 285 287 289 290 291 292 293 296 297 298 299 300 301 342 345 350 
282 284 285 286 288 290 292 298 299 300 301 314 327 330 332 335 342 347 348 350 368 370 371 373 375 381 
266 280 281 282 283 285 286 287 288 289 292 293 294 295 296 297 299 300 342 347 350 
277 280 282 285 290 293 299 300 
266 281 283 287 288 289 293 295 296 297 298 299 308 317 
278 280 282 283 287 288 290 291 295 296 300 301 
282 288 290 293 295 299 
266 281 283 296 299 300 
280 283 285 287 289 290 292 293 295 297 299 301 327 329 330 335 337 340 345 347 348 375 
266 280 281 282 285 287 288 291 294 298 299 300 317 
266 281 282 283 284 285 286 287 289 291 292 295 296 297 299 300 308 314 315 317 318 321 326 
280 282 284 285 286 287 288 289 290 291 292 294 295 297 298 300 327 330 342 343 345 348 350 
266 281 282 285 286 287 289 291 292 293 296 297 298 299 308 314 347 348 
284 285 286 288 289 299 327 330 335 338 340 341 342 345 347 348 349 
265 267 271 304 305 306 308 310 313 392 394 
87 89 112 113 114 117 122 265 269 271 272 276 279 302 305 306 307 309 310 
309 310 317 392 394 401 410 420 
89 114 123 265 267 269 271 272 302 303 309 310 392 
114 265 267 271 307 308 309 326 
121 227 229 232 302 304 305 306 309 310 313 391 392 393 394 400 
266 281 287 298 300 302 306 313 314 317 318 321 
121 229 269 303 304 306 308 310 313 326 392 
117 122 220 227 229 303 304 305 306 307 309 392 393 397 400 403 
312 314 319 320 321 322 323 325 376 379 406 408 411 412 413 414 415 417 454 458 461 464 465 466 472 
311 314 318 319 321 322 323 324 325 370 376 381 406 407 411 413 414 415 420 454 458 464 465 
304 307 308 309 314 315 316 317 318 321 324 326 392 407 
284 286 308 311 312 315 316 317 318 319 320 321 322 323 324 325 326 348 373 375 379 381 412 
266 283 287 300 304 312 313 314 316 317 319 320 321 322 324 325 326 407 420 
308 311 312 313 315 318 320 321 322 323 379 381 412 
266 280 281 283 290 292 297 298 304 308 314 316 318 321 325 
283 287 298 300 308 311 312 313 314 315 316 317 319 320 321 323 324 326 373 379 412 
311 312 315 316 318 320 321 323 324 325 370 372 373 376 381 406 411 412 413 417 454 458 472 
284 286 312 314 315 318 319 323 324 325 332 348 368 371 372 373 375 376 378 379 380 381 411 412 420 454 458 
311 312 313 314 315 316 317 318 319 322 323 324 400 407 412 420 
311 312 313 314 315 316 318 319 320 321 324 370 379 381 406 407 408 411 413 415 417 420 454 
286 312 314 315 316 318 319 320 321 324 325 348 368 370 373 375 376 378 379 381 411 454 
311 312 313 314 315 316 318 321 322 323 325 372 379 405 407 411 412 413 414 417 420 454 466 
311 312 314 316 318 319 320 321 322 406 407 412 420 
266 298 302 313 315 316 318 394 400 
289 296 299 329 330 331 334 335 336 337 338 339 340 341 342 343 345 347 349 
330 331 332 333 334 335 340 344 349 351 352 354 355 357 359 360 363 365 366 367 371 374 377 
296 327 336 338 340 341 342 345 346 347 349 357 
284 286 289 296 299 301 327 328 331 332 334 335 336 339 340 344 345 346 348 349 350 357 371 
328 329 330 333 334 336 337 338 340 346 355 357 358 359 362 363 
284 286 289 320 328 330 333 337 340 342 344 352 366 367 368 369 371 372 373 375 377 378 380 381 
330 331 337 339 340 344 349 351 352 354 357 358 359 360 362 367 374 
327 328 331 335 336 338 346 349 354 359 362 363 
284 289 296 301 328 329 330 331 332 333 334 336 337 338 339 340 341 342 343 345 346 347 348 350 357 366 367 371 373 
328 329 330 338 339 341 342 343 345 346 349 359 
284 286 289 296 328 331 332 333 338 340 341 342 343 344 347 348 350 366 367 368 370 371 373 374 375 380 381 
301 327 328 329 330 335 336 337 339 341 342 343 344 345 349 354 357 358 359 363 367 
328 334 335 338 349 354 358 359 362 363 
296 301 327 328 329 330 331 332 333 335 337 338 339 341 343 344 345 346 347 349 350 357 371 
301 327 328 329 331 334 336 337 339 340 342 345 349 357 358 
284 285 286 288 290 299 327 329 330 332 335 338 340 341 344 345 346 348 349 375 
285 286 289 299 301 327 329 330 335 337 338 340 341 342 345 348 349 350 
284 286 289 328 330 332 333 335 337 338 340 342 348 349 350 352 367 369 370 371 373 375 377 381 
284 285 288 296 299 301 329 335 338 341 342 347 349 350 
301 327 330 331 334 336 338 339 340 341 347 350 
282 285 286 288 290 296 300 301 327 330 332 335 337 340 343 344 345 346 348 349 350 371 373 375 381 
286 289 296 299 314 320 323 327 330 332 335 340 343 344 347 350 371 373 375 381 
301 327 330 331 333 334 335 337 338 339 344 345 346 347 359 
284 285 286 288 289 290 296 300 301 327 330 332 335 337 340 343 345 346 347 348 349 366 368 370 371 373 375 381 
331 333 355 358 365 374 384 
328 332 333 337 353 354 355 356 358 359 360 366 367 377 384 385 386 
351 355 356 359 362 363 364 383 
328 331 338 339 351 352 353 355 357 358 359 361 363 367 
328 331 333 351 352 360 363 365 374 384 385 
352 353 355 358 360 361 385 
328 329 333 334 335 336 338 340 341 346 349 355 358 359 362 363 365 
328 331 333 334 339 341 352 353 354 356 357 359 360 362 363 
328 338 339 351 353 355 360 363 365 
328 333 351 352 354 355 356 363 364 365 384 
354 356 359 362 365 
331 357 359 360 361 365 
328 331 333 339 351 352 355 357 358 360 361 362 365 367 374 384 385 
351 353 360 383 
333 339 353 355 358 359 360 361 364 
284 286 328 332 335 337 344 348 350 352 368 369 370 372 373 374 375 376 377 378 379 380 
328 333 335 340 344 348 352 355 363 366 368 369 370 371 374 375 378 380 384 
286 319 320 323 332 335 337 344 347 350 366 369 370 371 372 375 376 378 379 380 381 
332 352 367 368 370 372 377 378 380 384 388 390 455 460 474 492 
284 312 314 319 320 322 323 348 350 366 367 368 369 371 372 373 376 378 379 380 381 
284 286 289 320 323 332 335 337 340 344 347 348 366 367 368 369 370 372 373 374 375 378 379 380 381 
311 312 319 322 323 324 332 344 366 368 369 370 371 373 374 375 376 378 379 380 381 390 411 454 455 457 458 460 464 466 470 472 
284 286 314 316 318 319 320 323 332 335 337 344 347 368 371 372 374 378 379 380 
328 337 344 351 352 355 367 370 371 372 375 376 377 378 380 381 384 388 
286 289 296 320 323 335 337 342 344 348 368 370 371 372 373 374 379 380 381 
311 312 319 320 368 369 370 374 377 378 379 381 390 406 411 454 457 459 460 463 464 465 470 472 474 
332 344 355 368 374 380 384 390 455 474 
284 319 320 323 344 348 368 371 372 374 375 376 379 380 381 454 455 460 464 
311 312 316 318 319 320 322 323 324 366 368 369 370 371 372 373 378 381 406 411 412 454 458 460 464 465 466 
320 332 337 344 352 366 367 368 369 370 371 372 373 374 375 377 378 381 384 388 390 455 460 
284 286 289 311 312 314 319 320 322 323 332 337 344 347 348 350 366 368 370 371 372 373 374 375 376 380 
385 386 387 389 477 490 491 
356 
352 355 360 367 369 382 383 385 389 390 492 
353 355 356 360 363 364 377 383 384 387 388 389 
369 382 383 385 387 388 389 474 477 483 486 492 

369 374 377 380 384 385 386 390 476 483 486 490 
377 382 383 384 385 387 388 390 
369 374 377 384 389 457 459 464 470 471 472 474 475 476 483 
121 220 222 224 229 230 233 309 392 394 395 396 397 398 399 401 402 404 429 
121 229 302 304 305 307 309 313 393 394 396 401 402 407 
115 121 220 227 230 232 233 307 309 310 391 392 395 397 403 
302 309 321 326 391 392 396 400 401 402 403 407 420 
220 225 231 233 257 259 261 262 391 393 397 398 403 404 423 426 430 433 
121 220 229 230 232 302 304 305 307 309 310 391 392 393 397 400 403 
115 121 220 222 224 225 226 227 229 230 231 307 391 392 393 395 399 403 404 
220 222 224 230 231 252 255 257 261 262 391 397 399 404 421 422 425 429 430 431 434 435 
220 222 230 255 262 391 393 397 398 401 403 404 422 423 425 426 428 432 433 434 435 436 437 
302 307 310 313 321 326 391 392 396 403 410 420 
304 313 391 392 400 402 403 405 407 410 416 419 437 
392 394 399 403 404 405 407 435 
121 220 222 227 229 232 304 307 309 310 391 392 394 395 396 399 402 404 410 429 
220 222 230 231 255 262 395 397 398 399 402 421 422 424 425 426 428 432 433 434 435 
324 401 402 406 408 409 410 411 412 414 418 419 420 437 439 442 443 445 458 
311 322 324 325 376 379 408 411 413 414 415 417 418 454 456 458 459 460 461 463 464 466 470 472 
312 316 318 321 322 324 325 326 392 401 402 
312 319 322 324 405 406 412 413 414 415 417 419 420 445 456 461 465 466 
401 405 408 410 413 414 417 442 443 445 449 
304 392 394 402 409 414 416 419 
316 319 320 321 322 324 379 405 406 408 413 415 417 420 454 456 458 460 463 465 466 470 472 
311 312 314 320 321 322 324 372 379 405 406 408 411 413 414 415 417 420 454 458 461 463 465 
311 312 319 322 405 406 408 409 411 414 415 417 418 419 439 454 456 458 463 465 466 472 
311 312 324 405 406 408 409 410 411 413 415 416 417 418 419 420 439 441 445 458 461 463 466 
311 312 405 412 414 416 418 439 445 454 456 458 459 461 465 472 
401 402 413 415 417 418 419 437 439 442 445 449 450 
311 319 322 324 325 406 409 411 412 413 414 418 420 445 454 456 458 461 466 472 
405 408 413 414 415 439 441 442 449 458 461 463 466 501 
401 405 408 409 410 413 418 424 444 446 447 449 450 451 
311 312 313 319 320 321 322 323 324 400 405 406 407 408 409 411 415 416 417 454 
222 250 252 260 261 262 398 404 422 423 429 431 433 434 436 618 787 
255 260 262 398 399 404 424 425 426 427 429 430 431 433 434 436 447 618 
222 250 252 255 260 262 395 398 399 404 421 422 424 425 426 427 429 430 431 432 433 434 435 
404 419 422 423 425 428 429 431 435 436 442 446 447 449 450 451 
399 404 421 422 423 426 428 430 431 433 434 436 437 
231 250 259 261 262 395 398 399 404 421 422 425 427 428 429 430 432 433 434 436 618 
421 422 423 424 426 430 435 444 446 447 451 777 778 781 783 785 787 
404 421 422 423 424 425 426 430 431 433 434 435 436 437 443 444 447 449 450 451 453 787 
220 222 231 255 262 395 399 404 422 423 425 426 428 430 431 432 433 435 
222 231 252 255 257 259 260 262 395 398 399 404 422 423 425 426 427 428 429 431 432 434 435 436 
222 231 252 255 257 261 395 398 399 404 421 422 423 424 429 430 432 433 435 436 
398 399 404 421 422 423 424 425 426 427 428 429 433 434 437 446 447 450 451 452 453 787 
224 231 250 252 257 259 260 262 395 398 404 421 422 426 428 429 431 432 435 
250 252 257 259 260 261 262 395 399 404 421 425 426 428 429 430 431 432 433 435 436 
402 409 419 422 423 427 430 431 433 434 436 437 442 443 446 447 449 452 
399 404 421 422 423 425 426 427 428 429 430 431 432 434 435 437 443 444 446 447 450 451 452 785 
401 405 409 410 416 425 432 435 436 442 445 446 447 451 452 
446 451 452 496 498 502 504 505 790 791 797 799 801 802 803 804 844 
413 416 441 443 449 456 461 494 501 502 505 
446 448 494 496 498 502 505 791 797 799 801 802 803 844 852 858 
414 439 443 445 448 449 496 498 502 505 
409 414 419 424 441 443 444 447 452 
418 424 425 436 439 445 446 450 451 452 
419 424 425 427 428 435 436 437 443 445 446 450 451 
408 409 413 414 415 416 418 439 441 442 444 449 450 451 501 
427 428 432 436 440 442 444 445 447 449 451 452 453 804 
419 422 424 425 427 428 432 435 436 437 442 443 449 450 452 453 787 
438 439 440 441 445 446 449 451 494 496 497 498 501 502 505 802 850 858 
409 416 419 428 436 438 441 442 446 448 450 451 452 453 
416 419 424 425 428 432 435 436 437 443 444 445 446 447 449 451 
419 424 432 435 437 438 442 443 444 445 446 447 448 450 452 
424 428 435 436 437 438 442 443 446 447 448 449 453 804 
424 427 432 436 438 446 447 450 451 776 777 778 783 785 786 787 788 790 798 804 806 
311 312 319 322 323 324 372 376 379 406 408 411 412 413 415 420 455 456 457 458 459 460 461 464 465 466 467 472 
369 372 376 378 379 380 388 390 454 456 457 458 459 460 461 463 464 465 466 467 468 470 471 472 474 475 476 483 492 
406 408 411 414 417 418 454 455 457 458 460 461 462 463 464 465 466 467 471 472 495 
372 376 390 454 455 458 459 460 462 463 464 465 466 467 468 469 471 472 474 476 479 483 492 
311 319 320 322 324 379 405 406 411 412 413 414 415 418 420 454 455 456 457 459 460 461 463 466 470 472 
372 376 390 406 411 454 457 460 463 464 465 466 468 471 474 476 492 
369 372 376 378 379 380 390 406 411 455 461 463 464 465 466 467 468 469 470 474 475 483 492 
406 408 412 415 418 439 454 456 457 459 460 464 466 467 468 469 470 471 472 501 
456 457 467 468 469 470 471 473 475 476 478 479 480 483 484 485 493 495 500 503 507 508 509 512 514 517 519 
406 408 411 413 414 415 417 418 455 456 457 458 459 461 464 465 466 467 469 
311 312 369 372 376 379 380 390 406 454 455 456 459 460 461 463 466 469 470 472 474 483 492 
311 372 376 379 406 408 411 412 413 415 417 454 455 457 459 460 461 463 464 466 467 468 469 470 471 472 474 
311 312 319 324 379 406 408 411 415 417 418 454 455 457 460 461 463 464 465 468 469 470 471 472 
454 455 456 459 460 461 462 463 464 465 466 468 469 470 471 472 474 476 479 483 484 485 492 493 495 500 509 517 
455 456 457 459 460 461 462 463 464 465 467 471 472 473 474 475 476 479 483 484 491 492 493 495 500 503 509 
456 457 461 462 463 464 465 466 467 470 471 472 475 485 495 500 
376 390 406 415 454 455 459 464 465 466 467 469 471 472 474 475 483 
390 455 456 457 459 460 461 462 463 464 465 467 470 472 473 474 475 476 479 483 484 491 492 493 495 
311 319 372 390 406 408 411 412 413 415 417 454 455 456 457 460 461 463 464 467 468 470 471 474 483 
462 471 474 475 477 478 480 481 483 484 485 486 487 489 490 491 493 495 509 514 517 
369 376 377 386 390 455 457 459 464 468 470 471 473 475 476 478 482 483 486 492 
390 455 457 459 460 467 469 470 473 474 476 478 479 482 483 484 485 486 491 492 493 495 
386 388 390 455 457 459 460 462 467 468 470 471 473 474 477 478 480 482 483 484 486 490 492 493 
386 387 389 473 476 479 486 489 491 492 
468 471 474 475 476 477 479 480 481 482 483 484 485 486 487 488 489 490 491 492 493 507 509 511 517 
390 457 462 467 468 471 473 475 476 478 480 483 484 485 486 489 490 491 493 509 517 
462 467 469 473 475 476 478 479 481 488 491 493 500 503 506 508 509 511 512 513 517 519 
478 482 487 488 489 491 507 510 511 514 
468 474 475 476 477 478 479 481 483 484 485 486 487 488 489 490 491 492 493 509 514 517 
386 388 390 455 457 459 462 464 465 467 468 470 472 475 476 478 479 485 486 491 493 
467 469 476 480 485 493 495 500 507 509 511 512 514 517 
462 467 468 471 473 475 476 478 479 480 482 483 484 491 493 495 500 503 507 508 509 512 514 517 519 
386 387 388 473 474 475 476 477 478 482 483 492 
481 488 511 
473 478 482 485 507 511 513 514 517 
481 482 
387 473 476 477 478 479 482 489 491 
468 471 474 475 476 477 480 483 485 487 489 492 
369 384 386 388 389 455 457 459 460 464 468 470 471 473 474 475 476 477 478 479 482 483 491 
462 467 469 475 476 478 479 483 484 485 500 507 508 509 511 512 514 517 519 
439 440 441 448 496 500 501 502 503 504 512 850 857 858 861 
456 462 468 469 471 480 484 493 500 501 503 507 508 509 511 512 517 
438 441 494 497 502 803 850 858 
496 499 500 501 502 503 504 505 512 515 519 856 858 863 867 
438 440 448 494 496 501 502 504 505 803 844 850 856 857 859 861 
440 448 497 498 502 504 505 515 516 801 803 844 851 856 857 858 860 861 
462 467 468 469 480 493 494 495 497 508 509 512 513 517 519 
418 441 456 461 469 495 496 504 
438 496 497 498 499 504 803 844 850 857 858 861 
468 469 480 484 485 494 506 507 508 511 512 514 515 516 517 519 
438 440 441 494 496 497 499 502 803 844 850 856 857 858 859 
441 498 499 
510 513 514 
473 478 480 481 482 484 485 487 488 489 493 495 506 508 509 510 511 512 513 514 516 517 519 
480 484 485 493 495 500 506 507 512 513 514 516 517 519 873 
462 467 468 473 475 478 480 482 484 485 488 493 495 503 506 507 508 512 513 516 517 
487 506 
462 473 481 484 485 487 488 493 495 500 503 506 507 509 510 512 513 514 515 516 517 518 
462 480 485 493 494 495 500 506 509 511 513 514 516 517 863 867 873 
480 481 503 510 511 514 515 519 
462 473 478 482 484 487 488 495 500 503 506 508 509 511 512 513 519 
499 503 511 512 513 518 857 862 871 
494 499 500 507 511 512 517 518 519 861 862 867 868 873 
462 467 468 469 473 475 479 480 482 484 485 495 500 506 507 508 509 511 512 513 514 516 519 
506 511 513 515 516 862 863 867 868 873 875 
462 480 484 485 493 500 503 507 508 509 512 513 514 515 517 518 867 873 
175 521 522 523 525 526 527 529 530 531 532 533 534 537 538 539 540 541 549 560 566 573 
520 524 525 527 528 532 533 534 537 538 539 540 545 548 553 556 558 560 568 570 573 
175 520 521 523 524 525 526 527 529 531 532 533 534 535 536 538 539 540 544 545 548 549 550 553 556 560 566 
164 165 172 173 175 176 180 189 520 522 525 526 527 529 531 533 534 536 539 540 541 
521 522 525 526 527 531 532 533 534 538 539 540 545 546 548 549 550 553 556 566 568 573 
175 521 522 524 527 528 529 530 532 533 534 536 540 541 560 573 
175 520 522 523 524 525 527 528 529 530 532 533 534 535 536 537 538 539 540 541 549 553 560 
164 165 175 180 189 521 522 523 525 530 531 532 533 534 535 538 539 540 544 545 548 549 553 
520 521 524 525 526 531 532 533 534 536 537 538 539 545 549 550 553 558 560 564 566 568 573 
173 176 178 189 520 522 523 525 526 527 532 534 535 538 539 540 
175 520 522 523 525 527 528 531 532 533 538 539 541 560 573 
164 198 203 520 521 522 523 527 528 529 530 532 533 535 540 542 543 544 545 546 548 549 550 551 553 554 555 556 557 
175 189 521 523 524 525 526 527 530 533 534 535 536 538 541 545 549 550 553 556 
522 523 524 525 526 527 529 530 531 534 535 536 538 539 540 541 544 548 549 556 
521 522 523 527 528 529 533 537 540 541 560 566 573 
164 175 176 178 189 198 202 520 529 532 533 538 539 540 545 548 549 553 
523 525 532 538 540 541 560 573 
520 521 522 525 526 533 534 538 560 564 566 573 
175 520 521 522 523 524 525 526 529 530 531 532 533 534 535 536 537 539 540 541 549 553 556 560 
164 175 520 521 522 523 526 527 528 529 530 531 532 534 535 536 538 540 541 544 548 549 
164 165 175 178 180 189 198 520 521 522 523 525 530 531 532 535 536 538 539 541 549 553 
180 522 523 526 527 529 532 533 534 536 538 539 540 560 566 
188 189 191 193 194 198 201 203 531 543 548 549 551 552 554 555 557 603 
184 189 191 194 198 199 237 239 243 544 548 549 552 553 554 555 557 593 600 602 603 
164 189 192 203 522 531 532 535 539 540 542 543 545 549 550 551 552 554 555 556 557 
189 198 521 524 527 528 531 532 535 540 542 543 546 548 549 550 551 552 554 556 557 576 579 588 
524 531 548 550 552 553 557 575 579 583 587 
546 552 557 579 583 588 593 595 603 604 631 
189 521 522 524 527 532 538 539 542 543 544 545 546 550 552 553 554 555 556 557 
189 198 520 521 522 524 526 527 530 531 532 533 535 538 539 540 544 546 548 551 553 554 555 556 557 
522 524 531 532 533 545 546 548 549 552 553 554 556 557 579 587 
164 185 189 191 192 193 194 197 198 199 203 531 544 545 548 553 555 593 600 
203 542 544 546 547 554 555 557 576 579 587 588 593 603 
189 521 522 524 528 531 532 535 538 539 542 543 545 546 548 549 550 551 554 555 557 576 579 588 
184 189 191 198 199 203 531 542 543 544 545 548 549 550 553 555 556 593 
184 185 188 189 191 193 194 197 201 202 531 542 545 548 549 551 552 553 554 557 593 600 
521 522 524 528 532 533 538 544 545 546 548 550 552 553 554 557 576 579 588 
198 531 542 543 544 545 546 548 549 551 552 553 554 576 579 593 603 
521 524 528 546 556 561 562 564 565 568 569 570 571 575 582 583 675 682 
561 563 564 565 568 569 570 571 574 652 653 655 659 660 662 664 665 666 667 668 
521 522 524 526 532 533 536 538 541 564 566 568 570 573 
558 559 562 563 565 567 568 569 570 572 581 652 653 654 655 656 658 660 662 665 666 667 668 675 682 
558 559 561 563 564 565 567 568 569 570 571 572 574 581 652 653 654 656 658 664 666 667 668 
559 562 564 565 568 569 572 574 653 654 655 656 660 664 665 666 667 
521 559 560 561 562 563 565 567 569 570 571 572 573 574 652 654 655 658 660 665 668 
558 559 561 563 564 568 569 571 572 574 581 652 653 654 655 656 658 660 662 665 666 667 668 682 
520 522 524 525 528 537 538 541 560 564 568 573 
559 561 562 564 565 568 569 571 572 574 652 653 654 655 656 658 660 664 666 667 668 
524 528 558 560 561 564 565 566 572 653 655 660 665 
558 561 562 563 564 565 567 568 570 571 572 581 652 653 654 655 656 660 662 666 667 682 
521 528 558 559 560 561 563 564 567 568 569 571 572 581 652 653 660 665 682 
559 561 562 564 565 567 568 569 570 572 574 581 652 654 656 658 660 662 665 666 667 668 675 682 
559 561 562 563 564 565 567 569 570 652 653 654 655 656 664 665 668 
521 530 538 560 564 568 
561 562 563 564 572 653 654 655 656 658 659 662 664 665 666 667 668 
546 547 558 577 578 579 580 582 584 585 586 587 588 622 631 634 636 674 
546 547 552 553 556 575 583 588 595 604 631 632 
575 580 582 583 584 585 586 622 627 636 673 674 675 676 677 681 683 719 720 726 733 734 
575 576 579 580 582 583 584 585 586 587 588 622 624 627 631 632 634 636 670 674 
547 550 552 557 575 576 578 584 585 587 588 595 604 631 634 
577 578 582 584 585 586 622 624 631 636 670 673 674 677 683 720 723 726 
558 561 565 569 570 571 584 585 653 665 670 671 674 675 676 677 681 683 684 
558 575 578 581 583 586 622 675 676 677 682 683 
546 547 558 575 576 577 578 579 580 586 587 588 675 682 683 
576 578 579 580 581 586 587 622 636 674 675 676 677 682 734 
575 576 577 578 580 581 582 586 622 636 670 674 675 676 677 678 681 683 734 
577 578 580 581 584 670 675 677 678 681 683 
546 547 550 552 557 575 578 583 584 603 631 634 636 
545 546 547 549 550 552 553 556 575 576 578 579 583 587 595 632 634 
191 239 243 247 248 249 591 592 593 594 596 597 599 600 601 602 603 604 605 610 614 
594 595 596 607 609 610 616 617 620 626 633 635 641 645 
235 237 239 243 247 590 592 593 594 595 596 597 598 599 600 603 604 605 610 611 616 
235 239 242 243 253 256 589 594 599 600 601 610 612 614 
184 191 237 239 243 542 543 551 552 555 557 589 591 594 595 596 598 599 602 603 634 
243 247 589 590 591 592 593 595 596 597 598 599 600 603 604 610 615 
547 576 579 587 588 593 594 596 602 603 605 623 625 627 632 634 635 637 
239 589 590 591 592 593 594 595 598 600 604 607 609 610 611 614 615 616 623 635 637 
235 237 243 249 258 263 264 594 596 598 599 600 601 602 614 616 
235 239 243 244 247 248 249 592 593 594 596 597 599 600 601 602 603 610 615 
184 188 191 199 235 237 239 243 244 246 247 591 592 593 594 596 597 598 602 603 614 
183 184 185 188 191 194 196 199 235 237 239 243 246 247 542 543 551 554 555 591 592 593 594 596 598 602 603 
235 248 249 256 258 263 589 591 592 596 597 599 602 607 609 610 611 614 615 
188 191 235 243 247 543 589 591 592 593 594 595 596 597 598 599 600 
243 543 547 552 587 589 594 595 599 600 604 605 632 634 
547 579 587 590 591 593 595 596 603 605 623 627 631 632 634 635 637 
589 590 591 594 596 603 604 610 615 617 620 623 625 627 629 633 634 635 637 645 
610 611 612 615 616 617 619 620 629 633 635 638 641 645 646 651 779 
249 590 596 601 605 606 609 610 613 614 616 617 620 621 623 629 635 637 641 651 
616 617 619 620 778 779 782 
590 601 605 607 608 611 612 613 615 616 617 620 621 623 625 626 629 633 635 637 638 640 641 645 651 
248 263 589 591 594 596 597 598 601 605 606 607 609 611 612 615 616 621 
590 591 601 605 606 609 612 614 615 617 620 621 623 625 629 633 635 645 
249 256 590 592 597 601 607 609 610 611 613 614 615 616 617 618 620 779 
248 249 601 607 608 609 610 615 617 619 620 782 
235 242 248 249 250 253 256 258 263 264 589 591 592 596 597 598 599 601 607 610 611 613 617 
248 263 591 592 594 597 598 601 605 606 607 609 610 611 614 616 617 620 621 623 629 635 645 
248 263 590 591 596 597 598 601 606 609 610 611 612 613 615 617 620 621 637 
590 601 605 606 607 608 609 610 611 614 615 619 620 621 623 629 640 641 646 651 779 
248 249 260 422 426 608 781 782 
608 613 617 620 621 639 640 650 651 779 782 789 808 809 819 
590 605 606 607 609 610 611 612 613 615 616 617 619 623 629 635 637 645 646 651 
590 606 608 610 612 613 616 617 619 620 629 635 637 638 640 641 645 646 651 779 
575 577 578 580 582 583 584 585 624 627 630 631 632 670 673 674 678 683 719 723 726 730 
590 604 605 606 607 609 617 620 627 629 631 632 633 634 635 645 648 
547 578 587 595 604 623 625 626 629 631 634 635 636 637 
595 605 624 628 630 631 632 633 634 636 637 638 645 648 
609 623 625 628 629 633 635 637 638 641 642 644 645 647 648 649 650 651 722 725 730 733 741 744 
547 577 604 622 625 626 630 631 633 634 635 636 637 648 733 
625 630 648 649 730 731 733 736 738 743 749 751 
605 606 607 609 611 615 617 620 621 623 624 626 627 633 635 637 642 645 
622 631 633 636 648 649 719 722 725 726 731 732 734 736 738 746 
547 576 578 580 587 590 595 604 605 623 625 630 633 634 636 637 
583 587 595 603 605 622 623 627 634 636 
590 605 606 609 611 626 627 628 630 635 641 642 644 647 648 650 651 730 741 
576 578 579 587 593 595 604 623 624 627 631 632 
595 596 604 605 606 607 609 611 615 617 620 623 625 626 627 629 631 632 633 637 638 641 648 
547 577 578 583 585 586 622 624 625 627 632 634 719 726 731 734 
596 604 605 607 609 611 616 620 621 624 625 629 633 635 638 641 648 
606 609 621 625 626 629 635 640 641 642 643 644 645 647 649 650 737 741 
619 638 640 641 642 644 650 651 737 739 744 808 811 812 815 817 818 820 
607 608 609 617 619 621 638 639 641 642 643 646 647 650 651 808 812 818 819 
606 607 609 617 619 621 626 633 637 638 640 642 643 644 645 646 647 648 649 650 651 
628 633 638 640 641 643 644 645 646 647 648 649 650 737 739 741 742 744 814 819 
638 640 648 649 650 741 742 743 811 812 813 814 819 820 
626 628 633 639 641 642 643 649 650 730 735 736 737 738 739 741 743 744 746 749 750 
590 605 606 607 609 616 617 620 621 623 625 626 629 633 635 638 640 641 642 648 649 650 
608 617 619 620 621 639 640 642 650 779 782 789 808 813 815 818 819 
626 633 638 639 641 642 644 648 649 650 651 736 737 739 741 742 743 746 748 750 808 813 814 819 
623 625 626 627 628 629 630 633 635 641 643 644 645 649 651 722 738 741 743 746 
626 628 630 633 638 641 643 644 645 647 648 650 651 722 730 738 739 741 742 743 744 746 
606 619 621 638 639 640 641 642 645 647 648 737 739 741 808 812 813 818 819 
607 609 620 621 626 629 633 638 639 640 641 642 643 644 646 647 648 649 650 819 
558 561 562 563 567 569 570 571 572 574 653 654 655 656 659 660 664 665 666 667 668 675 676 
559 561 562 563 565 567 568 569 570 571 574 581 652 655 656 658 659 660 664 665 666 667 671 672 675 676 681 682 684 
559 563 564 572 574 652 655 656 658 660 661 662 664 665 666 667 668 
559 561 562 563 564 565 567 571 574 652 656 659 660 664 665 666 667 668 
561 563 565 567 569 571 572 652 654 655 658 659 660 662 663 664 665 666 667 668 671 680 690 
656 663 664 666 680 685 686 692 693 696 699 700 
559 562 563 565 567 568 569 571 572 574 652 653 654 655 656 664 665 667 668 
572 574 652 653 655 657 658 660 661 662 663 664 665 668 671 672 680 690 696 700 
559 561 562 563 565 567 569 570 571 572 574 581 652 653 655 659 664 666 668 676 680 682 
654 655 656 657 659 662 664 666 668 685 690 692 696 700 
559 563 567 569 571 574 652 653 654 656 658 659 664 665 667 668 
657 659 669 671 672 680 688 690 694 699 702 704 706 709 712 713 715 
559 562 563 572 574 652 653 654 656 657 658 659 660 661 662 666 667 668 690 692 696 700 
559 561 563 564 565 569 570 571 572 574 652 653 656 658 659 662 664 666 667 668 682 
559 561 562 565 569 571 572 574 653 656 657 658 660 661 662 664 665 667 671 672 680 690 
559 561 562 563 569 571 572 574 654 655 656 658 659 660 661 662 664 666 668 
559 562 563 565 571 572 653 654 655 656 661 662 664 665 666 667 
672 678 679 680 684 699 702 704 706 707 708 709 712 713 715 727 762 
575 577 578 581 583 584 585 586 622 671 673 674 675 676 677 678 680 681 682 683 726 734 
581 653 656 659 663 666 670 672 673 675 676 677 678 679 680 681 682 684 699 706 712 715 
581 653 656 657 659 663 666 669 671 675 676 677 678 679 680 681 682 683 684 690 702 706 712 713 715 
577 580 622 669 670 676 680 681 684 701 712 718 719 720 723 729 734 
575 580 581 582 585 586 622 671 673 675 676 677 678 680 681 682 683 684 734 
561 569 570 571 577 581 582 583 584 585 586 653 660 670 672 674 676 677 678 682 683 684 
577 581 582 586 653 660 670 671 672 673 674 678 680 682 683 684 
577 580 669 671 672 673 674 679 681 682 683 684 712 726 727 
577 580 581 582 584 622 669 670 671 672 673 674 675 676 679 680 681 682 719 723 726 727 734 
672 680 702 704 707 714 715 727 762 
581 653 656 657 659 660 663 666 669 670 672 673 674 677 678 679 682 683 684 690 699 706 715 
580 581 584 585 670 671 673 675 677 678 680 684 
565 569 581 582 583 584 652 665 671 674 677 678 681 683 684 
580 581 583 584 585 673 676 677 678 680 682 684 726 
653 663 669 670 672 674 676 679 680 681 683 699 702 712 
657 661 663 688 689 693 694 695 696 697 698 699 700 
657 685 687 688 689 690 691 692 695 696 697 698 699 700 713 
688 693 698 
663 685 687 695 697 698 699 713 715 

657 659 661 663 664 666 671 672 680 686 692 693 694 696 700 713 715 
687 688 694 697 698 699 703 715 
657 659 664 685 690 695 696 700 
657 685 686 691 692 694 695 697 698 699 700 713 715 
657 663 685 686 688 690 691 692 695 696 697 698 702 705 709 713 715 
685 687 689 691 697 698 700 
657 661 685 686 692 693 694 695 
689 
685 686 689 693 694 695 697 705 713 
657 663 671 680 684 685 686 691 693 702 706 708 
659 685 692 694 695 696 
673 679 703 706 707 709 711 712 716 723 755 756 762 
663 669 672 679 684 699 701 705 709 713 714 716 
691 701 705 707 709 711 714 716 
663 679 701 702 703 705 706 707 708 709 710 711 713 715 716 762 
688 693 698 703 704 706 708 709 710 712 713 714 716 
669 671 672 677 680 690 699 701 702 704 705 708 709 713 714 
669 679 701 702 703 704 709 710 711 712 714 717 718 727 753 755 760 762 
669 701 702 703 704 711 712 713 715 716 755 
663 669 679 694 699 701 702 703 704 705 706 707 708 710 711 712 713 715 716 
708 709 711 714 755 758 
701 703 708 710 755 
671 677 680 684 702 704 705 707 708 709 711 713 714 715 716 762 
669 672 685 686 688 691 694 698 699 702 705 706 712 714 715 
699 701 703 704 705 706 711 712 715 716 755 
672 684 685 688 702 708 712 713 714 
703 705 707 709 710 711 712 755 758 762 
707 718 719 720 723 725 726 727 728 729 731 732 756 760 761 762 774 
673 707 717 719 720 723 724 725 727 731 732 756 759 760 762 774 
577 580 584 630 636 677 678 720 721 722 723 725 726 727 730 731 733 
577 622 630 673 678 717 718 719 721 722 723 725 726 727 728 729 731 732 733 746 
717 718 720 723 724 725 726 727 728 729 733 751 756 759 760 761 762 774 
626 628 644 648 719 720 721 724 726 729 730 736 738 741 743 744 746 749 751 
580 622 669 673 677 678 679 701 719 720 721 726 727 729 732 733 734 762 
718 721 722 729 732 735 736 740 743 745 746 761 763 764 
626 630 644 648 717 718 719 720 721 722 724 726 728 729 730 731 732 733 736 738 741 743 744 746 749 751 
577 580 584 622 636 670 677 678 683 717 718 719 720 722 725 727 729 730 731 732 
677 678 679 707 717 718 719 720 721 723 726 729 731 732 734 756 760 761 762 
717 721 722 724 725 727 735 740 743 745 751 759 762 774 
673 678 717 719 720 722 723 724 725 727 728 730 731 732 733 734 751 756 761 762 
622 626 628 630 633 644 648 649 719 720 721 722 725 729 731 732 733 734 736 741 743 744 746 749 751 
580 627 628 630 636 717 719 720 721 722 726 727 729 732 733 746 
630 717 721 722 723 724 725 727 728 729 730 731 733 734 736 738 743 746 749 751 761 774 
577 580 627 628 630 636 648 719 720 721 722 725 726 730 731 732 734 736 738 
577 578 580 584 585 622 630 636 673 674 677 678 719 720 722 723 725 726 727 729 732 733 
644 728 737 738 740 743 744 745 746 747 749 750 751 752 764 907 908 
628 630 647 721 722 724 725 728 730 731 733 735 737 738 740 741 742 743 744 745 746 748 749 751 
639 642 643 644 649 650 736 738 741 742 743 747 749 752 819 820 907 909 912 
630 644 647 648 649 722 724 728 730 732 733 735 736 737 741 742 743 745 746 748 749 750 751 
639 642 643 644 649 650 737 741 743 744 747 748 750 808 811 812 813 817 819 820 904 910 912 
724 735 736 742 743 745 746 747 749 750 752 761 764 767 908 
626 628 630 633 638 644 647 648 649 650 722 725 730 732 733 735 736 737 738 742 743 746 749 750 751 
628 643 644 736 737 738 740 744 746 750 751 907 908 909 
628 643 644 648 649 722 724 725 728 730 732 735 736 737 738 739 740 741 742 744 746 747 748 749 750 751 752 
626 639 642 644 647 650 722 725 730 735 736 738 739 741 746 747 748 749 751 
724 728 735 736 738 742 746 747 748 749 750 751 752 763 764 767 768 774 
626 628 630 644 647 648 720 721 722 724 728 731 732 735 740 742 743 745 748 749 
735 739 742 745 749 814 905 906 907 908 909 944 
644 735 736 737 741 742 743 746 747 749 751 752 764 905 907 908 909 
628 725 730 732 735 736 737 738 740 742 743 744 746 747 750 751 752 774 
639 643 644 647 735 737 738 739 740 744 745 747 749 813 814 820 906 909 911 912 
628 718 722 724 725 728 732 738 740 741 742 743 744 745 746 748 752 761 764 
737 740 742 745 747 748 750 751 763 767 768 905 907 908 909 944 945 
710 716 755 758 760 761 762 

711 756 758 
701 717 723 724 727 728 729 753 755 759 760 762 

757 760 
707 717 718 721 754 755 756 757 758 760 761 762 774 
718 721 727 728 753 754 755 756 757 759 774 
717 718 724 728 732 745 751 756 757 758 759 760 762 763 
669 679 701 704 708 712 714 716 717 718 723 727 729 753 755 756 758 759 761 
724 740 745 752 754 761 764 765 766 767 768 770 772 774 775 
724 735 745 747 748 752 767 768 769 773 774 905 907 944 
763 767 769 770 771 772 773 775 938 943 945 946 947 
769 
752 763 764 766 771 773 774 938 944 
724 752 754 761 763 764 766 767 769 770 772 773 774 944 
763 764 765 766 767 768 771 773 775 905 935 940 942 944 945 946 947 
763 767 768 769 772 773 940 
765 766 768 769 772 775 943 947 
765 768 770 771 940 
763 764 765 767 768 769 771 775 905 940 943 945 947 
717 718 721 728 735 740 745 751 752 754 763 764 768 
765 766 769 771 772 773 947 
427 453 778 781 782 783 784 785 787 788 789 798 804 
453 776 778 781 784 785 790 791 793 794 798 799 804 
427 453 776 780 781 782 784 785 787 789 790 794 806 809 
606 612 613 617 618 621 646 776 781 783 785 787 789 
776 777 778 781 783 784 785 786 788 789 790 793 794 796 809 827 828 832 
427 608 618 776 777 779 782 783 784 785 787 789 794 809 
608 613 619 621 646 781 787 789 809 
453 776 777 778 779 782 784 785 786 788 789 796 809 
453 776 777 778 780 783 785 787 788 789 790 793 794 804 806 809 
422 427 432 436 453 776 778 779 780 781 782 783 786 788 790 794 806 
427 453 776 777 780 782 783 784 785 790 794 796 804 806 809 
421 422 424 428 432 436 447 453 776 777 778 779 782 783 784 785 786 788 789 794 806 
453 776 778 780 783 785 786 789 794 798 806 809 821 
608 619 776 780 781 782 783 784 785 788 806 809 815 818 
452 777 780 783 784 785 787 797 798 799 
440 777 790 793 795 797 798 799 800 801 803 804 805 806 832 842 844 852 853 855 858 
793 797 798 799 800 801 802 805 823 824 827 831 834 836 839 840 841 842 843 845 849 853 855 860 889 
784 786 790 791 792 794 795 797 799 800 804 805 806 837 
777 778 780 783 784 785 786 787 788 793 797 799 804 806 832 
791 792 793 797 799 800 801 803 805 823 824 829 832 834 835 836 837 839 840 841 842 843 845 849 852 860 887 888 889 
776 777 780 783 784 786 790 791 792 793 794 797 799 804 806 809 821 827 837 840 
440 790 791 793 794 796 798 799 801 804 806 852 855 
777 780 783 784 788 790 792 793 801 802 803 806 827 832 
438 440 777 790 792 793 795 796 797 798 800 801 802 803 804 805 806 842 844 852 853 855 858 
791 792 793 795 796 797 798 802 803 827 832 836 839 840 841 842 843 844 845 846 849 852 853 855 887 889 890 
438 440 499 791 792 793 795 797 799 800 802 805 841 842 843 845 852 855 856 857 859 860 889 
438 440 496 790 791 792 793 795 798 799 800 801 803 804 805 841 842 843 844 849 850 852 853 855 859 860 
438 440 448 499 504 791 795 799 800 801 844 852 853 857 858 
438 440 446 451 453 777 784 786 790 791 793 797 798 799 801 802 803 806 
791 792 793 795 799 800 801 802 803 823 824 827 829 832 834 836 837 839 840 841 842 843 844 845 846 849 852 853 855 859 860 889 890 
427 453 777 778 780 781 784 785 786 787 788 790 791 793 794 797 798 799 804 832 
808 812 813 817 819 821 822 825 826 827 828 830 833 912 914 916 921 930 
619 639 640 646 647 650 651 739 807 812 813 814 815 817 819 820 910 912 
619 646 776 778 780 781 783 784 786 788 789 811 812 816 818 821 828 832 
780 808 811 813 815 817 819 820 821 822 825 830 832 833 837 840 
643 739 808 809 810 813 814 815 816 819 820 821 822 830 912 916 
619 639 640 643 646 650 739 807 809 811 813 814 815 816 817 818 819 822 910 912 914 
639 646 737 739 750 807 808 811 812 814 818 819 912 
639 642 643 647 650 737 739 742 744 747 748 750 808 811 812 813 817 820 904 907 908 909 910 912 914 
639 646 789 808 812 816 817 820 828 830 
780 807 808 809 810 811 812 815 817 820 821 822 825 826 827 830 831 832 833 837 904 910 916 932 
639 807 808 812 813 814 815 816 818 822 825 826 904 906 909 910 912 914 916 
639 640 646 651 789 809 811 813 815 821 822 
619 643 647 651 739 809 810 812 813 815 817 818 822 904 912 
639 737 739 808 810 811 812 815 818 819 822 830 906 914 
809 810 811 815 816 818 822 825 826 827 828 832 833 840 
807 808 809 810 811 812 818 820 825 826 830 904 914 916 
795 805 824 825 829 831 833 834 836 837 839 840 887 889 890 917 919 933 
792 795 805 823 827 831 834 835 836 837 838 839 840 879 886 887 888 890 917 919 924 933 971 
807 816 817 826 827 828 830 831 834 838 840 910 914 916 921 924 932 
807 810 821 822 825 831 833 834 837 904 910 913 914 920 924 929 930 932 
792 793 795 796 798 800 805 807 810 816 821 823 825 828 829 830 831 833 835 836 837 838 839 
780 788 793 796 809 810 815 821 822 825 830 832 833 837 840 
792 795 823 824 827 831 833 834 835 836 837 838 840 842 887 888 890 919 924 
810 811 816 817 820 821 822 826 827 828 831 832 833 838 840 914 916 924 930 932 
816 823 824 825 826 827 832 835 837 839 840 879 890 919 924 932 
780 788 793 794 795 796 798 800 805 809 810 816 821 827 829 830 831 834 837 
810 816 817 823 824 825 826 827 828 829 830 831 834 835 837 838 839 904 910 914 916 920 921 924 929 930 932 
795 824 825 826 829 831 833 836 838 839 840 879 917 933 
795 823 824 827 829 833 834 836 838 839 840 879 888 890 917 919 924 933 971 
792 795 800 805 823 827 829 831 837 839 841 845 876 886 887 889 890 919 
793 796 810 816 823 825 826 827 829 830 831 832 838 839 890 
823 824 825 826 829 830 833 834 835 836 837 839 840 917 928 929 930 932 933 965 971 
792 795 800 805 827 829 831 833 834 835 836 837 838 840 879 887 889 917 924 933 
793 795 796 805 810 816 821 823 824 825 826 828 830 831 833 834 835 836 837 838 
792 795 800 801 802 805 844 846 847 848 849 850 851 852 853 854 855 859 860 876 880 887 888 889 
791 795 797 800 801 802 803 805 829 836 839 843 845 846 853 855 859 887 889 890 
792 795 800 801 802 805 841 844 845 846 847 848 849 850 851 852 853 854 855 856 858 859 860 861 876 880 884 887 888 889 897 
440 448 498 499 502 504 791 797 799 800 801 802 805 841 842 843 845 846 849 852 853 855 857 858 859 860 
792 800 801 805 836 842 843 844 846 847 848 851 852 853 854 855 860 876 879 880 884 887 888 889 890 
499 795 800 801 805 841 843 844 845 847 848 849 850 852 853 854 855 856 858 859 860 861 865 880 884 889 897 
841 845 846 848 849 851 854 856 857 860 861 862 865 866 867 868 870 871 873 875 897 
841 843 845 846 847 854 859 860 865 870 872 875 876 878 880 881 882 884 887 888 889 892 897 900 
795 801 802 805 841 842 843 844 845 846 847 850 851 852 853 854 855 861 876 884 888 889 897 
440 448 496 497 498 499 502 801 802 841 844 852 853 855 857 858 859 860 
499 843 845 846 848 850 853 854 855 856 859 860 862 865 866 867 868 871 872 873 880 884 
440 791 795 797 799 800 801 802 803 805 841 842 843 844 845 849 850 853 855 856 857 858 859 860 889 
792 795 799 800 801 802 803 805 841 842 843 845 846 849 850 851 852 855 856 857 858 859 884 887 888 889 890 
841 843 846 847 848 849 850 851 859 860 862 863 865 867 868 870 871 872 873 875 880 884 889 892 
440 791 792 795 797 799 800 801 802 803 805 842 843 844 845 846 850 851 852 853 858 859 860 887 889 
497 498 499 502 504 515 803 843 844 846 847 849 850 851 852 853 854 855 857 858 859 860 861 863 865 867 
497 498 502 504 515 516 801 841 843 846 847 849 850 852 854 855 856 858 859 861 863 867 
440 448 494 496 497 498 499 502 504 505 802 803 843 844 846 849 850 852 853 855 856 857 859 860 861 
498 499 504 802 803 841 842 843 844 846 849 850 851 852 855 857 858 860 861 889 
499 792 795 797 800 801 802 803 805 841 842 843 844 845 846 847 848 849 850 851 852 853 854 856 857 858 861 880 884 887 889 
494 497 498 499 502 504 516 844 847 849 850 851 854 856 857 858 859 860 863 865 867 868 873 
506 515 516 854 863 867 869 870 874 
497 506 515 518 519 851 854 856 862 865 867 874 
518 869 874 
848 851 856 861 863 866 867 871 872 873 874 880 897 
847 848 851 854 865 868 869 871 872 882 884 897 900 
497 499 506 512 516 518 847 857 862 863 865 868 874 875 
506 515 516 518 847 851 861 863 864 865 866 867 869 870 872 873 874 875 
865 868 870 871 872 875 892 893 894 897 899 
847 854 862 864 865 866 869 871 872 893 897 898 899 900 
847 851 854 862 863 864 865 866 867 868 869 870 872 873 874 875 897 
854 865 868 869 870 871 880 882 884 897 898 899 900 
497 506 512 515 519 847 851 854 861 862 863 865 874 875 
865 866 867 869 871 875 
515 518 847 848 851 862 863 865 868 870 871 872 874 892 897 
843 848 849 877 878 879 880 881 882 883 884 885 886 887 888 889 890 897 
878 879 882 883 885 887 888 890 900 969 972 976 981 984 
876 879 880 882 883 884 885 886 887 888 897 969 972 984 
829 834 835 836 838 839 845 876 877 878 881 883 884 887 888 889 890 917 919 967 969 972 
843 845 846 847 851 854 865 866 870 872 877 878 881 882 883 884 888 892 900 
848 866 872 877 878 880 882 884 885 887 897 900 972 
848 872 876 879 883 884 885 892 900 972 981 
876 878 885 886 888 890 967 
841 842 843 845 847 851 853 854 860 866 872 876 879 880 882 883 887 888 889 890 897 
876 883 900 901 967 969 984 986 
823 824 835 836 876 877 878 879 883 885 887 888 890 917 919 933 965 966 967 968 971 981 984 
792 795 800 805 823 824 829 835 841 842 843 845 846 848 849 853 855 860 876 877 878 879 880 882 884 886 889 
795 823 824 839 848 849 853 877 878 879 882 884 886 887 889 897 
792 795 800 805 823 836 839 841 842 843 848 851 859 860 876 884 887 888 890 
792 795 800 805 823 834 835 836 838 839 840 841 842 845 853 876 877 878 879 883 884 886 888 889 919 
895 896 974 975 986 
848 854 865 866 869 871 880 881 882 893 894 897 898 899 900 
870 894 896 898 899 
870 892 896 
901 974 975 976 981 983 984 986 987 
891 978 
843 846 847 849 851 854 866 869 870 872 875 881 884 888 892 898 
864 870 871 893 900 
864 869 870 891 893 894 898 
869 872 877 878 881 882 884 893 894 895 899 901 
885 900 978 981 
903 906 907 908 909 912 913 914 915 916 922 925 926 930 931 964 
902 905 906 907 911 931 935 937 938 945 
739 807 808 811 812 813 814 816 817 819 825 826 830 902 907 909 912 913 914 916 
747 748 752 764 767 769 773 906 907 908 911 938 941 942 944 945 
814 820 903 904 905 909 911 913 914 915 916 922 931 932 
735 739 740 742 747 748 750 764 814 902 903 904 905 906 909 911 912 914 944 
735 737 740 742 745 747 750 752 764 814 902 904 905 906 907 911 912 944 
737 739 747 748 752 814 817 902 903 906 910 913 916 944 
739 807 808 811 813 814 816 819 826 830 902 904 909 911 912 914 916 930 932 
747 750 752 902 903 904 905 907 909 914 915 916 922 931 938 942 944 945 
739 747 807 808 811 812 813 819 820 822 902 904 907 908 909 910 913 914 
826 902 903 904 906 910 911 912 915 921 922 923 925 929 930 932 964 
811 813 814 817 820 822 825 902 904 906 907 908 910 911 912 913 915 921 930 932 
906 911 913 914 916 918 920 921 922 923 925 926 929 932 935 942 948 960 964 
811 816 817 822 826 830 902 904 906 909 910 911 912 913 914 921 922 923 925 929 930 932 
823 824 831 834 835 838 839 879 886 918 919 920 921 928 929 933 934 965 966 971 
913 915 919 920 921 922 923 924 925 926 927 928 929 930 931 932 933 934 948 951 961 963 964 965 968 1001 
823 824 829 835 836 839 917 918 921 924 927 929 965 966 967 968 969 971 
826 833 838 913 918 919 922 925 926 927 928 929 930 931 932 934 965 966 
807 826 830 831 833 838 914 915 916 917 920 923 924 926 927 928 929 931 933 
906 911 913 916 918 920 923 926 929 930 931 935 937 942 949 951 955 956 958 961 963 
826 902 913 915 916 918 920 921 922 924 925 926 927 928 929 930 934 948 960 961 964 
823 824 825 826 829 830 834 835 838 839 917 918 920 921 923 927 929 932 933 971 
902 913 915 920 921 922 923 924 926 927 928 929 930 931 932 933 948 951 960 961 963 964 
902 913 915 920 921 922 923 925 927 929 931 934 948 951 956 958 961 964 
917 918 919 920 921 924 925 928 929 934 948 951 959 963 967 994 1001 
838 917 918 920 923 925 926 927 929 930 931 932 933 934 948 961 965 966 
826 833 838 915 916 917 918 919 920 921 923 924 925 927 928 930 931 932 933 961 965 968 
807 825 826 830 838 910 914 915 916 917 918 920 921 923 928 929 931 932 933 
903 906 911 915 916 918 920 921 922 923 926 928 929 930 935 937 942 949 955 958 960 961 963 
807 822 825 826 831 833 838 904 910 913 914 915 918 921 923 924 925 930 933 
823 831 834 835 838 839 886 920 923 925 928 929 930 932 965 966 967 968 969 971 
917 920 923 926 927 928 929 933 948 953 955 957 959 960 961 963 965 966 968 989 994 996 1001 
769 902 903 905 911 915 922 931 936 937 938 939 940 941 945 946 947 949 958 
935 940 942 943 947 956 
903 922 931 935 939 940 941 942 943 949 950 964 
769 903 905 911 935 941 944 945 946 
935 937 942 946 947 949 952 
770 772 773 775 935 936 937 938 939 941 942 943 945 946 947 
769 905 936 939 942 943 944 947 949 958 
903 915 931 935 936 937 938 939 940 941 943 944 946 949 
765 769 772 773 775 939 940 941 942 944 945 
747 752 764 765 767 768 769 773 903 905 907 909 911 935 938 941 943 945 
752 764 765 769 911 935 941 942 943 944 946 947 
769 935 940 941 943 944 949 952 964 
765 766 769 770 775 938 939 940 942 943 945 
915 920 923 925 926 927 928 931 949 950 952 958 960 961 963 964 1001 
922 931 935 936 937 939 942 948 950 953 955 956 957 958 960 963 
926 936 939 948 951 953 954 955 956 960 962 
922 923 925 926 927 934 949 950 953 957 959 960 964 989 994 1001 
936 939 946 955 956 957 960 961 963 
934 948 949 950 951 952 954 957 958 960 961 962 963 990 994 1001 
950 956 962 990 
922 931 934 948 949 950 951 952 956 957 958 959 960 961 962 963 994 
922 926 936 937 948 949 950 952 953 955 957 958 959 960 961 962 963 964 
926 934 948 950 951 952 953 954 955 956 959 960 962 963 989 990 994 995 1001 
922 926 931 935 936 937 939 948 949 950 952 953 956 957 960 
927 934 948 951 953 955 956 957 961 963 989 990 992 994 995 996 998 
915 922 925 926 931 948 949 950 952 953 956 959 961 963 964 1001 
918 920 923 925 926 927 928 929 934 951 952 953 956 959 960 963 989 994 1001 
952 995 
918 922 923 925 927 928 931 934 949 950 951 952 953 955 956 957 958 959 961 964 989 994 1001 
902 913 915 922 925 926 937 942 946 948 950 951 952 953 955 956 957 958 960 961 
886 917 918 924 928 929 933 968 969 971 994 
918 919 920 927 928 933 934 959 961 968 969 970 971 989 994 996 1001 
877 879 883 965 968 970 971 984 
838 919 920 927 928 966 967 970 
876 877 879 883 885 886 919 933 965 966 967 968 970 971 972 976 981 984 
965 966 971 972 977 980 983 985 988 991 994 998 1001 1021 
835 838 879 886 917 919 924 927 933 965 966 967 968 972 
876 878 882 883 885 895 901 967 969 970 971 976 983 
974 978 980 982 988 1003 1006 1007 1008 1009 1014 1016 1020 1022 1023 1024 
891 901 973 975 976 977 979 980 982 983 984 986 
895 901 976 978 979 982 987 
877 878 972 974 975 977 980 981 983 988 
970 973 974 976 983 987 993 996 998 1006 1016 1020 1021 1022 1023 
895 896 901 975 982 987 
973 975 1004 1016 1020 1022 1023 1024 
973 982 984 1016 1022 
877 881 882 883 885 886 900 967 969 972 976 984 986 
974 979 986 988 1020 1024 
901 970 974 975 977 978 980 982 985 986 987 
877 878 883 885 886 901 969 970 974 976 977 983 985 986 988 
973 976 980 982 984 987 988 991 998 1016 1022 

901 973 974 975 978 979 980 982 983 988 1006 1010 1016 1022 1023 
970 973 974 977 982 984 996 998 1007 1021 1022 1024 
934 953 959 961 963 991 992 994 998 1001 


991 993 994 996 1000 1007 
985 991 996 997 998 1002 1009 1011 1013 1014 1016 1020 1021 1022 
927 951 953 955 957 959 961 966 989 1001 
957 989 991 992 997 
934 959 970 985 988 989 993 994 1001 1007 

959 966 985 989 991 993 996 1001 1007 
990 
991 997 1007 1015 1021 
918 927 928 934 948 953 955 957 959 960 961 963 965 966 968 970 989 994 998 
993 1003 1005 1007 1008 1009 1011 1012 1013 1014 1015 1016 1017 1018 1020 1021 1022 1023 1024 
1004 1006 1008 1009 1011 1014 1015 1017 1018 1020 1022 1023 
979 1002 1003 1006 1008 1009 1010 1013 1014 1015 1017 1019 1020 1022 1024 
1002 1003 1004 1007 1008 1009 1010 1011 1012 1013 1014 1016 1017 1018 1019 1020 1022 
977 980 982 987 1004 1007 1008 1009 1011 1014 1015 1016 1017 1019 1020 1022 
980 992 996 998 1000 1002 1003 1005 1006 1011 1014 1016 1021 1023 1024 
973 1003 1004 1006 1012 1013 1014 1016 1017 1018 1019 1022 1023 1024 
993 1000 1002 1003 1005 1006 1008 1010 1011 1012 1013 1014 1017 1018 1019 1020 1021 1022 1023 1024 
973 979 982 987 1003 1005 1009 1011 1013 1014 1015 1016 1017 1022 1023 1024 
988 993 1003 1004 1005 1006 1007 1009 1010 1014 1015 1016 1018 1019 1020 1022 1023 1024 
1002 1003 1005 1014 1015 1017 1018 1019 1024 
993 1000 1002 1003 1004 1005 1006 1007 1009 1010 1011 1014 1015 1016 1017 1019 1020 1021 1022 1023 
979 993 1003 1004 1006 1007 1008 1009 1010 1011 1012 1015 1016 1017 1018 1019 1020 1021 1022 1023 1024 
1000 1002 1003 1004 1006 1007 1008 1010 1012 1014 1016 1017 1018 1019 1020 1022 
973 977 979 980 982 987 988 993 1002 1005 1006 1007 1009 1011 1013 1015 1017 1019 1020 1021 1022 1023 1024 
1003 1005 1009 1010 1011 1013 1014 1015 1016 1018 1019 1022 1023 1024 
1002 1003 1008 1009 1015 1017 1019 1024 
1000 1003 1004 1005 1006 1007 1008 1009 1011 1012 1014 1015 1016 1017 1021 1024 
977 982 985 988 993 1003 1004 1005 1006 1007 1008 1009 1010 1011 1014 1015 1016 1017 1021 1024 
970 977 980 985 988 991 993 996 998 1000 1007 1011 1013 1014 1016 1019 1020 1023 
977 979 985 987 988 993 1002 1003 1005 1006 1010 1012 1013 1014 1015 1016 1017 1018 1019 1020 1021 1023 
973 979 982 985 987 988 1002 1003 1004 1005 1006 1007 1008 1009 1010 1011 1013 1015 1016 1020 1021 1022 1024 
977 988 1003 1004 1005 1006 1008 1009 1010 1011 1012 1013 1014 1015 1016 1018 1019 1020 1021 1022 1023 
