4096 15076 0
24 30 1356 
15 20 25 
12 20 
10 34 48 
23 30 42 44 45 
11 19 34 40 
18 26 27 28 32 103 142 
3 31 47 
15 33 
4 29 34 48 71 82 
6 21 28 40 
15 
31 39 2676 2686 2701 2734 
23 1338 2697 
2 12 44 45 

20 39 41 2705 
7 32 40 103 139 140 
4 6 47 48 
2 3 17 22 
11 19 33 38 47 
41 
43 45 1338 2697 2735 
1 30 42 1332 1364 
20 35 
27 142 1350 
7 26 
7 11 32 
10 71 119 127 134 
1 5 24 38 
8 13 36 37 39 80 2701 2722 2775 
18 40 
21 
4 6 
2 22 43 45 2694 2705 
8 31 37 47 48 
31 36 51 77 80 89 
1 9 21 30 33 44 
8 17 31 
11 18 32 140 
22 2705 
5 24 1364 1381 
23 35 45 2694 
5 15 38 45 
15 23 35 44 
3 12 33 

4 10 19 36 51 54 
69 79 91 238 
66 
37 48 
62 91 95 98 215 216 238 
63 72 
48 51 59 67 73 77 82 
57 63 2789 
64 76 78 81 87 92 
72 76 2752 2763 2784 
64 94 99 
67 
56 70 74 78 81 
68 71 188 195 
52 93 94 98 254 
80 2744 2789 2799 
56 87 94 98 
74 81 
50 79 84 2753 2768 
54 59 81 97 
61 71 73 85 88 
49 79 238 2961 
59 74 89 
29 61 68 82 134 
53 55 57 
54 67 68 82 85 
60 65 70 81 
83 88 
56 57 95 
70 89 
70 100 
66 69 2768 
31 37 53 63 89 100 
60 74 
10 48 54 68 71 73 
75 90 96 99 187 
50 57 66 2753 
68 73 
94 190 213 219 
56 64 92 
90 
70 77 78 80 100 
75 83 88 177 201 
49 52 79 95 
56 58 97 99 
62 94 237 
58 62 64 86 93 99 219 237 
76 84 91 98 
83 99 153 168 187 190 
67 83 92 99 
52 64 
58 83 86 92 94 96 97 
53 78 
105 125 509 
145 148 
7 102 112 142 145 
105 113 121 174 
101 104 121 125 141 174 191 
118 128 132 476 
123 138 144 1481 1490 1522 1529 
111 114 
110 114 
149 
108 114 115 
130 139 145 
104 121 124 126 128 
109 111 115 133 149 
111 127 147 161 
102 129 131 148 1479 1527 
118 144 476 490 1496 1497 1508 
106 117 128 138 476 
29 34 140 
191 
104 113 141 
132 470 

113 137 
101 120 191 509 514 560 
104 108 113 150 
29 119 133 134 
106 113 118 123 124 135 146 
130 131 135 136 145 
112 129 135 146 
116 136 1465 1483 1527 
106 122 124 137 
109 114 119 127 
71 127 161 188 
128 129 
123 129 135 1481 1483 1523 
124 132 
107 117 118 144 
18 112 140 149 
6 18 34 40 119 139 
101 105 121 137 
7 26 103 1350 
150 192 199 
117 1497 1529 
103 129 
108 126 130 
115 161 192 
102 116 1350 
109 110 114 130 139 
104 115 126 143 
155 189 193 
120 182 191 194 591 
96 

151 167 179 183 186 
201 
163 189 
175 185 202 
161 180 181 185 188 203 
169 179 204 384 394 
115 147 185 188 
167 170 171 370 390 594 
171 182 196 584 593 
168 173 
158 172 198 
541 571 584 
155 162 171 186 189 
173 
160 178 179 184 392 
162 186 204 366 378 394 
157 166 167 189 571 576 594 
165 183 193 198 
164 168 203 
104 191 194 
158 183 200 203 

180 181 187 195 201 
184 190 197 
155 160 169 184 
159 181 
159 177 188 195 
152 163 
151 172 175 193 
169 175 178 179 183 200 
158 159 161 192 199 202 
155 167 170 204 
96 180 201 203 
61 134 154 159 
167 171 193 
86 96 153 164 173 178 197 200 213 
120 125 152 174 194 
185 
151 172 183 189 
152 174 176 191 
61 68 88 177 181 
152 163 182 542 547 581 
178 213 392 
165 172 176 202 
104 143 174 185 202 
184 190 
90 156 177 187 
158 174 176 185 198 199 
158 159 175 
160 170 186 394 
220 221 239 259 362 
211 225 230 259 
219 225 263 340 
218 247 2955 2984 
242 258 
255 
206 230 259 339 342 
225 229 243 
86 190 197 219 340 345 392 
231 236 239 
52 216 258 
52 62 215 
241 244 255 277 286 
247 2955 
94 207 213 237 263 340 
205 210 227 233 239 
205 362 382 
233 235 240 245 246 
228 233 
247 
206 207 212 233 243 250 259 263 
241 2951 2962 
236 239 
223 229 246 258 
212 223 228 
206 340 374 388 
214 239 295 308 329 
212 237 
220 222 223 243 256 
242 2954 
233 255 
210 214 227 255 295 
93 94 219 232 250 260 263 
49 264 2961 
205 214 220 221 227 231 382 

217 226 245 
209 234 246 247 258 261 2976 
212 225 229 233 
241 277 287 
241 246 253 
222 242 245 247 248 261 
224 242 246 252 2976 2984 
246 
215 216 229 260 
212 225 232 237 
218 241 252 2962 2980 
218 251 
217 240 245 
62 93 260 
210 217 236 240 253 286 295 
220 233 
314 
209 215 238 242 248 261 264 
206 211 225 256 339 362 
237 249 254 
242 246 
226 244 287 314 2951 
225 
209 234 238 258 2954 2961 
280 281 321 332 1019 1021 1049 
273 275 290 294 324 
291 307 331 
271 293 309 443 1072 
292 319 3049 
308 328 400 419 450 
268 399 
274 304 316 
266 
272 289 304 310 316 332 
266 310 311 
300 307 3037 
217 244 285 286 287 
279 3007 3028 3032 
278 280 303 2999 
279 281 2999 
265 
299 302 306 312 313 322 323 326 328 
306 323 

277 288 294 322 
217 255 277 295 322 330 
244 277 285 292 
290 294 319 
274 296 310 325 
266 288 307 3037 
267 320 324 
287 319 3006 
268 271 399 410 411 
288 
231 236 255 286 329 330 
289 297 309 313 325 
296 
267 301 303 331 3012 3015 
282 284 302 310 311 312 
276 307 3012 
278 279 298 303 
282 299 
279 291 298 301 317 
272 274 327 332 
325 1024 1031 1044 
282 283 323 328 400 401 
267 290 300 331 3037 
231 270 282 326 328 382 419 
268 271 296 
274 275 289 299 311 
299 310 
282 299 
282 296 297 315 323 
257 262 292 
271 399 
272 317 
303 316 318 321 324 
280 281 303 317 321 
269 288 292 3037 

318 327 
282 284 285 329 
282 306 313 401 
266 291 317 320 
289 296 1044 
282 308 329 
304 
270 282 306 308 
231 295 322 326 330 
286 329 
267 298 307 3012 
265 274 304 1021 1032 1044 
337 362 382 
337 372 380 
350 778 
338 359 376 428 
333 334 349 362 371 
336 358 377 428 
211 259 342 349 
207 213 219 230 345 388 
364 381 
211 349 
360 
356 
340 353 355 379 384 388 389 392 
343 352 357 367 368 391 
366 375 379 384 394 
350 360 375 389 391 
334 337 342 353 362 
335 348 363 366 375 715 
357 365 367 377 381 
335 346 391 769 
342 345 349 355 374 383 
363 370 393 552 715 773 
345 353 361 385 389 

346 367 368 381 
338 377 
336 395 415 454 
348 389 
355 389 
259 333 337 339 349 
350 354 393 715 
368 369 381 386 387 
338 351 367 430 728 
170 347 350 375 378 
346 351 357 365 769 775 
357 364 386 
361 364 372 387 
162 354 390 393 552 594 
333 380 395 419 454 
369 376 381 383 

353 388 
347 350 366 
336 344 351 356 359 377 395 
336 351 358 376 
170 350 366 390 
345 347 389 
334 371 
351 357 369 372 
221 231 239 308 419 
334 353 372 385 
160 169 347 379 392 
355 383 
368 
364 369 389 
230 340 345 374 
345 348 355 360 361 375 379 387 
370 378 393 
346 348 
169 197 345 
354 363 370 378 390 
204 
359 371 376 
400 450 
410 420 424 448 
414 798 804 1148 1573 
271 315 323 397 401 410 
270 306 396 401 450 
283 306 399 400 
417 811 
413 441 
405 450 

412 423 447 457 461 465 
427 
422 441 463 464 

293 397 

406 423 441 447 
396 401 403 
451 1148 1210 
454 
411 424 431 1207 
428 430 440 462 794 811 830 
420 448 
308 382 404 405 422 450 454 
418 448 461 
428 453 
405 408 415 419 454 464 
446 
397 416 420 431 458 
434 438 451 795 833 

407 437 444 449 
336 338 417 421 430 453 
440 462 466 
365 428 728 814 830 
424 458 1209 
403 409 439 441 448 
426 435 459 
402 433 435 451 811 
402 433 434 455 459 
444 457 
407 427 444 
398 451 795 
418 448 
417 429 442 462 
403 412 432 453 463 466 

293 411 1066 1207 
436 437 452 456 465 1162 1210 
426 459 466 
407 423 426 437 457 466 
406 439 
397 399 409 418 420 432 439 
427 451 
270 400 404 419 
407 425 426 434 438 449 
431 444 458 1162 1209 

359 371 415 422 
402 429 435 
437 444 446 457 
406 436 456 
420 431 452 465 
435 445 

420 
417 429 440 
408 421 441 
408 422 
406 444 458 
429 441 446 459 
496 508 528 
500 
509 527 538 
122 488 508 538 
514 560 
643 
477 539 1890 1905 
498 533 

106 118 494 496 508 
473 496 539 1868 1877 1882 1888 
489 515 544 
501 505 516 

487 
520 525 
491 492 513 529 
478 489 493 643 
529 540 
499 510 
481 529 531 536 1883 

478 484 515 
494 1496 1888 1898 
483 485 
472 517 531 643 


499 532 582 585 
467 476 477 494 508 524 1888 
598 
474 482 538 
486 495 520 532 533 
468 511 523 528 
474 486 510 530 
481 539 1890 
478 493 532 553 
540 621 1859 
479 517 526 
517 535 643 
474 523 
106 122 467 476 496 522 
101 125 469 514 527 
501 516 
500 507 521 
589 
483 650 654 
471 497 509 527 560 
478 484 489 544 626 643 653 704 
479 493 510 519 532 
492 505 506 526 531 
479 
479 506 516 535 
482 499 525 533 534 585 
502 511 524 528 536 
508 
468 488 498 507 511 538 
477 496 521 528 
527 534 
475 505 
497 509 514 525 534 
467 500 524 
485 487 492 
526 
487 492 536 
493 495 499 503 512 516 
474 499 520 
497 520 527 585 598 
493 506 519 643 
475 487 521 
101 122 137 470 
469 470 488 523 
473 521 
485 504 621 1859 1883 
166 563 564 568 584 
196 545 588 
551 557 589 
478 515 553 558 704 
542 567 568 580 588 
549 550 556 757 
196 542 
550 562 586 587 
556 573 597 
548 549 562 
543 561 580 596 
354 370 566 576 594 751 773 
478 544 596 
567 
569 577 
569 579 583 
543 575 578 
553 559 596 686 
558 570 573 
125 471 514 581 591 
562 568 596 
548 550 561 564 566 568 587 590 
541 593 
541 562 568 571 
579 595 717 744 763 
552 576 590 751 
545 554 574 580 592 
541 545 564 
577 579 
559 667 677 686 705 
166 171 541 564 576 

559 583 597 
554 567 
557 578 582 585 589 
552 566 594 
555 569 664 667 679 688 
557 
555 565 569 595 679 717 
551 567 592 
196 560 598 
495 575 585 589 
556 569 573 667 
163 541 563 593 
495 520 534 575 582 
587 730 757 
548 562 586 
542 567 
495 512 543 553 557 582 
562 566 587 751 
120 125 152 
567 575 578 580 
163 563 584 

565 579 763 
551 553 558 561 
549 559 561 573 
497 547 560 
604 605 606 607 649 659 
615 622 630 644 648 661 
609 
540 603 648 654 
602 638 654 658 661 
632 659 
599 649 655 660 
599 2071 
599 611 628 
643 650 
601 624 647 
616 
607 640 678 699 2060 2146 

629 634 
627 630 647 650 658 
630 647 
610 629 657 1998 2030 2038 
606 2071 
641 649 
616 629 
613 634 655 2053 2100 
504 540 648 1978 2009 
600 644 648 657 1986 2022 2038 
633 
609 642 657 
2001 2011 
515 608 635 643 653 
614 623 635 639 653 
606 607 2060 2067 2071 2073 
616 619 1998 
600 614 658 
2001 2029 3440 3443 
604 636 637 646 
623 645 651 
612 613 620 625 2001 2029 2053 
608 614 626 627 653 
632 640 646 678 708 
627 632 633 639 659 
658 661 
646 653 665 
611 636 678 
649 655 
610 624 629 657 
472 484 492 506 513 535 626 650 
600 622 657 
633 649 651 652 
632 636 637 639 708 
609 614 615 652 
540 600 602 621 622 1983 1986 2009 2027 
599 605 618 641 645 652 659 
513 608 614 643 654 
623 633 645 652 656 
618 645 
515 626 627 635 639 665 704 
513 602 650 
605 620 641 2043 2050 2068 2100 
623 627 651 
616 622 624 642 644 
603 630 638 
599 604 
2071 
603 
682 687 
674 676 681 690 695 697 707 
577 666 679 688 701 706 
639 653 

570 573 577 583 688 694 
675 700 
668 698 710 
639 665 671 690 708 
665 
679 887 903 
697 2107 2135 2164 
663 
653 665 668 671 700 
663 684 695 702 709 905 919 
686 696 698 
611 636 640 690 697 699 
555 577 579 664 672 701 717 882 
677 683 698 
706 
662 685 934 2119 2128 
680 703 705 
676 702 709 
662 682 684 707 709 2161 
558 570 677 696 
662 682 702 934 
577 664 667 694 
691 697 2166 
663 670 678 697 698 700 
689 697 707 

683 694 
667 688 706 
663 666 674 676 905 
686 692 
678 689 690 699 707 2135 2154 
663 669 680 690 700 703 
611 678 697 2146 2164 
668 675 690 698 
664 666 903 
662 676 684 687 914 919 
683 698 
515 544 669 675 710 
570 667 693 694 
664 666 681 694 
663 685 691 697 2161 
636 670 690 
684 685 
544 558 669 692 704 
732 740 761 822 840 
727 743 754 771 788 
737 762 765 779 
750 768 
335 350 354 363 735 766 773 778 
747 
565 679 882 
352 734 738 741 749 769 
743 802 853 
730 755 757 781 790 

752 762 
730 746 
740 840 
721 723 750 786 
744 770 777 783 873 
779 
365 367 430 732 775 814 851 
738 750 752 764 782 
586 723 746 751 757 
742 753 873 939 
711 728 822 851 
746 751 768 773 
718 741 767 
715 766 778 

713 779 
718 729 749 750 
726 736 756 772 781 785 786 
711 716 724 760 761 765 
718 734 767 769 775 782 
753 777 788 873 
712 719 748 771 816 876 915 
565 726 755 763 781 
735 749 787 
723 730 733 784 
716 737 780 
719 743 780 
718 738 745 750 787 
714 723 729 738 745 749 764 784 
552 566 586 730 733 773 
722 729 754 756 762 764 789 
731 742 939 
712 722 727 752 756 779 788 
720 744 763 781 
739 752 785 
586 720 730 763 
742 753 774 788 883 

724 780 
711 729 740 762 765 782 

546 565 720 755 
729 750 
713 740 761 762 
715 735 
734 
714 733 773 
352 367 718 741 775 
726 870 873 882 942 
712 743 774 788 892 
739 
354 552 715 733 751 768 
788 883 
367 728 741 769 
720 721 723 
726 785 788 
335 715 735 787 
713 727 737 754 
716 747 748 760 859 
755 
741 761 
717 726 744 770 882 
733 
739 756 759 
725 739 772 789 
745 749 778 
712 742 754 771 774 777 785 
786 
720 736 
792 855 
791 
795 801 833 834 847 
417 811 814 826 
425 438 793 798 804 833 
799 809 828 988 
820 843 850 857 
398 795 847 1573 
828 864 988 
838 842 862 
793 818 833 854 860 
719 816 844 853 
819 838 850 1002 
398 438 795 
841 848 
852 858 862 
813 848 852 855 863 
824 847 1573 1589 
796 828 949 
820 861 
402 434 826 839 856 
839 856 
806 807 863 
430 728 794 830 851 

719 802 844 845 876 949 
825 842 846 860 
860 
799 803 821 832 838 988 

800 806 819 858 862 
711 732 792 840 841 851 
807 848 
861 
810 817 
794 811 812 833 863 
848 855 
799 809 864 
805 840 849 859 
417 430 814 
838 842 
803 819 837 954 961 
425 793 795 801 826 839 863 
808 847 
846 861 
803 850 984 986 1002 1015 1687 1702 
961 1002 
800 803 819 831 
425 811 812 833 856 
711 724 760 829 859 
805 822 827 840 848 
800 810 825 831 862 
797 820 824 857 861 
802 845 
816 844 849 865 949 
817 835 854 861 
793 795 798 808 834 1573 
805 807 823 827 841 855 
829 853 859 865 
797 803 836 
728 732 791 792 794 814 822 826 
806 807 823 
719 802 

807 827 848 
811 839 
797 843 1580 
806 821 864 865 
760 780 829 840 849 
818 854 
810 824 825 835 846 
800 806 813 817 821 842 863 
807 813 826 833 860 862 
799 828 858 865 
805 828 845 849 858 864 
868 904 911 918 921 940 
916 977 
866 904 919 
893 910 912 928 1003 2328 
896 942 
888 922 938 
902 911 
726 731 742 770 777 896 937 939 

899 900 903 929 
743 816 889 
867 898 922 935 
910 928 
883 889 892 894 895 915 923 
907 926 936 
907 926 927 936 
679 717 770 783 887 925 942 
920 
908 917 928 
888 902 908 941 2306 
898 923 935 945 985 1012 
882 903 
871 872 885 891 911 917 927 932 
876 
922 
888 917 931 
771 
912 916 946 975 991 1003 
879 920 936 
879 
870 873 897 899 900 937 942 
907 937 
867 877 886 977 985 
875 896 900 904 929 
875 896 899 925 
1012 
885 
666 672 875 887 905 925 
866 899 907 930 
666 676 868 875 903 919 929 
941 2313 2315 
881 897 
917 2306 

869 878 884 912 928 931 
872 888 927 933 
869 893 910 924 931 
884 2294 
918 919 934 
743 771 876 879 
867 893 924 975 977 992 
884 888 908 
914 919 921 934 
702 868 905 914 918 
883 
866 918 934 940 2335 
867 871 877 890 924 935 936 938 
879 886 935 1012 
890 912 916 922 932 
875 882 887 900 903 
881 907 936 

869 878 910 913 2305 2328 2332 
875 899 
904 907 933 
891 910 924 932 


682 687 914 918 921 2335 2342 
877 886 
881 920 922 926 
897 939 
881 
731 753 937 
866 906 909 921 
902 940 2306 
770 882 
955 973 980 981 994 1009 
963 978 1014 
886 
893 952 975 983 989 
954 980 981 1001 
952 983 999 2370 2396 2397 
809 816 845 876 901 968 973 980 1012 
986 1007 
974 1005 1006 1697 1699 
965 989 999 
964 
832 950 961 988 1001 1007 
959 973 982 992 1009 
952 
979 981 990 1008 
976 1000 1014 
955 973 985 1013 
916 992 
832 837 954 1002 1007 
966 976 1000 1010 
944 971 978 993 1004 1014 
953 969 998 1008 
952 
987 1010 1693 2363 2386 2388 
975 
949 973 1011 1013 
964 972 1008 1009 
958 998 999 1004 
963 987 1666 
965 969 982 1009 
949 955 959 968 
951 1015 1696 1697 1703 
916 967 992 
958 999 1000 2368 
898 916 960 985 

957 990 1004 1008 
809 943 947 949 954 988 994 
947 1008 
955 972 992 1009 
948 2397 
986 1002 
886 898 
836 950 
963 966 1010 1683 1714 
796 799 809 819 832 954 980 
946 956 996 
957 979 
946 983 1003 
916 955 975 996 
963 997 1004 
943 
957 990 1001 1004 
956 965 972 975 992 
993 1001 1005 
953 964 970 999 
965 970 976 998 2396 2413 
958 962 976 1010 
954 995 
803 836 961 1007 
869 893 991 2328 2340 2371 2414 
963 970 979 993 995 1014 
951 971 993 997 1006 1666 1699 
950 951 974 997 1005 1015 
950 954 961 984 
943 964 969 979 981 
943 955 969 972 982 
962 966 1000 
968 1012 1013 
886 901 923 945 949 1011 
886 945 959 968 985 1011 
958 963 970 1004 

1017 1031 1066 
1016 1074 1161 1207 
1033 1034 1043 1064 
1036 1049 1054 
1018 1028 1029 1037 1043 1048 1064 1070 
265 1032 1054 1062 1064 
1036 1049 2999 3726 3763 
1068 1070 1118 1141 1146 
305 1031 1053 1074 1076 
1055 3766 
1032 1044 1053 
1042 1047 1055 1080 
1020 1041 1048 1070 1079 
1039 1042 1055 
1056 1061 1068 1125 1146 3753 
305 1016 1024 1072 1074 
332 1021 1026 1044 
1018 1034 1052 
1033 1075 1077 
1038 1045 3747 
1019 1022 1038 1040 1049 1054 3763 
1020 1055 1056 1070 
1035 1040 3762 3763 
1029 1057 
1036 1038 1045 1047 1054 1057 1063 
1028 1067 1070 
1029 1047 1055 
1018 1020 1048 1075 
305 325 1024 1026 1032 1053 
1040 1047 
1067 1078 1079 1114 1131 1181 
1027 1042 1045 1080 
1020 1028 1043 1050 
265 1019 1022 1036 2999 
1028 1051 1079 
1050 1073 1188 

1024 
1019 1021 1036 1040 1063 1064 1065 
1025 1027 1037 1042 1056 1061 1071 3766 
1030 1037 1055 1061 1068 
1029 1039 1040 1042 
1024 1033 1052 
1060 1061 3758 3766 
3753 
1030 1056 1059 3766 
1021 1032 1053 
1040 1065 
1018 1020 1021 1052 1054 1062 
1054 1063 
443 1016 1207 
1041 1046 1078 1079 1089 1123 
1023 1030 1056 

1020 1023 1028 1037 1041 1141 
1025 1055 1080 
268 309 1016 1066 
1051 1075 1076 1081 
1017 1031 1160 1206 
1034 1043 1048 1058 1073 1076 
1024 1058 1074 1075 1160 1176 1193 
1034 
1046 1067 1089 
1028 1041 1046 1050 1067 1181 
1027 1047 3747 
1051 1205 
1114 1115 1131 1140 1236 
1116 1119 1133 1239 1245 1246 1249 1266 1311 
1088 1096 1140 
1094 1101 
1099 1105 1109 1235 1252 
1085 1092 1101 1139 1144 3813 3824 3843 
1084 1109 1140 
1078 1082 1103 
1126 1130 
1090 1106 1118 1122 1128 1130 
1087 1118 1125 1130 1139 1146 
1104 1111 
1085 1108 1117 1132 1144 
1120 3790 3812 
1084 1093 1104 1122 1140 
1102 1128 1132 1136 1137 1143 
1129 
1133 1268 
1107 1117 1120 1134 1138 
1085 1087 
1097 1120 1136 
1089 1104 1123 1141 
1082 1089 1093 1096 1140 
1088 1109 1140 1221 1230 1236 
1091 1118 1122 
1100 1121 1138 1144 3831 
1094 
1086 1088 1098 1105 
1113 1119 1142 1145 
1093 1118 1124 

1097 1110 
1046 1078 1082 
1082 1140 1236 
1083 1119 1135 1137 1142 
1102 
1091 1092 1106 1111 1124 1130 1141 1146 
1083 1110 1116 1133 1142 1145 
1095 1100 1102 1127 1134 1302 3812 
1107 1144 3807 3824 3831 
1091 1106 1143 
1041 1067 1089 1103 1141 
1093 1111 1118 
1030 1139 3753 3830 
1090 1128 
1102 1120 1135 1136 1292 1302 
1090 1091 1097 1122 1126 1132 1143 
1098 1112 1145 
1087 1091 1092 1118 1126 
1082 1181 1204 1236 
1097 
1083 1098 1099 1119 1268 
3812 
1137 1279 1311 
1097 1102 1127 
1097 1135 
1100 3831 
1087 1092 1125 3844 
1082 1084 1088 1104 1105 1115 
1070 1103 1118 1124 
1110 1116 1119 
1084 1097 1098 1113 1122 1128 1129 1145 
1094 1101 1107 1121 3824 
1119 1129 
1030 1068 
1149 1210 
398 414 1150 1169 1175 1178 1194 
1147 1155 1158 1159 1164 1173 1179 1184 
1154 1195 
1153 1187 1192 1198 1220 1269 1635 
1166 1172 1174 1176 1184 1199 
1187 
1150 1195 
1149 1184 1199 
1197 1208 
1167 1179 1183 
1184 1196 1200 1209 
1175 1179 
1074 1076 1176 1184 1185 1189 1206 
1017 1206 1207 
444 1164 
1166 1168 1170 1171 1180 1208 
1147 1162 1210 
1182 1183 1190 1194 1535 1544 1573 
1152 1163 1168 1171 1174 1199 
1157 1183 1190 
1163 1166 1181 1188 1204 1211 1230 1247 1257 
1148 1159 
1163 1191 1202 
1163 1166 1170 1173 1199 
1155 1184 1199 
1149 1171 1177 1199 1201 
1152 1166 1168 1176 1205 
1159 
1076 1152 1160 1174 1205 
1201 

1149 1157 1159 1195 
1163 1208 1211 
1046 1079 1131 1168 1188 1204 

1154 1157 1165 1179 1182 1190 
1149 1152 1155 1158 1160 1172 1185 
1160 1184 

1151 1153 1192 1197 
1050 1051 1079 1181 

1165 1167 1183 1197 1201 1544 1565 
1173 1201 
1151 1572 1588 1635 
1076 1081 1176 1205 

1159 1179 1183 
1158 1209 
1156 1186 1187 1190 1565 
1151 1153 1180 1211 1269 
1152 1155 1166 1171 1172 

1173 1191 1197 
1201 1208 
1162 1200 1209 
1131 1168 
1051 1081 
1160 1161 1189 1209 
416 431 443 1017 1066 1161 1206 
1156 1163 1201 1202 
431 452 1158 1162 1185 1196 1203 1206 
444 1147 1159 1162 1164 1169 
1168 1180 1198 1244 1247 1264 
1240 1248 

1224 1238 1243 1254 1595 1601 
1213 1232 1233 1244 
1233 1235 1252 1262 1271 
1220 1256 1597 
1225 1270 1399 
1250 1256 
1151 1217 1241 1256 1597 
1086 1105 1226 1230 1235 
1216 
1212 1232 1248 1265 
1229 1238 1276 
1218 1239 1245 1249 1270 1399 
1221 
1229 1234 1273 
1218 1231 1240 1399 1408 1410 
1227 1238 1255 1272 
1105 1168 1213 1221 1236 1257 1263 

1215 1219 1253 1264 1269 
1215 1216 1222 1232 1248 1262 
1227 1231 1259 1267 1273 
1086 1216 1221 1222 1252 1263 
1131 1230 1257 

1224 1229 1243 1259 
1083 1225 1245 1270 
1228 1231 1237 1261 1270 1273 
1151 1220 1250 1258 1269 
1274 1276 1595 1659 
1214 1254 1429 
1211 1215 1247 1253 1264 
1083 1225 1239 1249 

1168 1211 1244 

1083 1225 1245 1320 1399 1413 
1232 1241 1258 

1086 1099 1216 1235 1271 
1244 1264 
1429 
1229 1265 1272 1274 1276 
1219 1220 1265 
1131 1168 1236 
1220 1241 1250 
1234 1238 1251 1267 1408 1431 
1217 1597 1644 
1240 1268 1270 1271 
1216 1233 1271 
1213 1226 1230 
1198 1232 1244 1253 1269 
1223 1256 1272 1274 

1228 1234 1259 1408 
1083 1099 1133 1252 1261 1271 
1151 1198 
1225 1239 1240 1261 
1216 1252 1261 1262 1268 
1255 
1227 1234 1240 
1242 1255 1260 1276 
1227 1229 1238 
1214 1224 1242 1274 1595 
1290 1298 1347 1352 1417 1418 1419 

1135 1312 1322 
1296 1297 1319 
1317 
1287 1291 1300 1306 1319 1324 1325 
1281 1307 1313 
1282 

1289 1316 1346 1361 1365 
1279 1282 1292 1322 1325 
1290 1298 1303 1310 
1294 1309 1316 1318 
1277 1288 1298 1303 1411 1419 
1282 1309 1310 1324 
1127 1283 1313 1315 
1294 1316 1346 1349 1352 
1285 1289 1293 1308 1309 1316 
1323 3972 4003 4012 
1280 1323 

1277 1290 
1297 1319 3995 3997 3998 
1301 1321 
1300 
1095 1120 1127 1307 1313 
1411 
1314 1318 1342 1365 
1302 
1280 1282 1289 1296 1318 
1283 1302 1305 1313 
1278 1285 1293 1294 
1289 1294 1310 
1288 
1116 1249 1279 1312 1320 
1320 
1292 
1289 1304 1318 
1325 
1286 1289 1293 1294 
1281 1283 1307 1319 3995 
1289 1314 
1280 1282 1284 1297 1317 
1249 1311 1312 1321 1322 1413 1444 
1300 1301 1303 1320 1322 1411 
1279 1287 1320 1321 
1296 1369 3972 
1291 1306 
1281 1287 1292 
1372 1376 
1332 1353 1355 1356 1357 
1345 1354 1363 4039 4043 4089 
1334 1389 1391 

1336 1343 1366 1484 
1 24 1355 1356 1364 
1335 1340 1360 4084 
1329 1367 1385 1389 
1333 1388 4041 4094 
1343 1362 1390 
1348 1360 1364 1379 
14 23 42 1384 1386 
1329 1376 1389 
1333 1348 1360 1375 
1342 1361 1365 1387 
1304 1341 1344 1365 1374 1391 
1331 1362 1484 1507 
1354 1374 
1328 1375 4043 
1286 1293 1349 1387 
1277 1352 1368 1370 1373 1382 
1337 1339 1363 1375 1376 1378 1392 
1293 1346 1352 1370 1387 
26 148 1353 1358 
1366 1373 1459 1526 
1277 1293 1349 1370 
1327 1350 1356 
1328 1344 1359 1374 

1 16 1332 1353 
1327 1353 1380 1390 
1350 1353 1357 1390 1455 
1354 1369 4034 4086 
1333 1340 1381 
1341 
1336 1343 1454 1455 1507 
1328 1345 1348 1354 1375 1376 
24 42 1337 1379 
1314 1342 
1331 1336 1351 1367 1385 
1366 1390 
1347 1373 
1304 1323 1344 1359 4003 4086 
1347 1352 1382 1385 
1329 1385 
1326 1391 
1347 
1342 1344 1354 
1348 1363 1388 4041 4078 
1326 1339 1348 1363 

1383 1389 1392 
1337 1364 1377 1383 1392 
1332 1357 1379 
42 1330 1338 1360 1384 
1347 1370 1385 
1367 1377 1389 1390 1392 
1333 1360 1381 1386 4084 
1334 1366 1371 1382 1387 
1338 1384 2697 4084 
1341 1349 
1333 1335 1375 4041 
1329 1334 1339 1383 
1336 1358 
1326 1341 1342 1371 1372 
1348 1379 
1397 1423 1430 1440 1447 1813 
1430 1432 1440 1832 
1398 1436 
1442 
1393 1405 1423 1431 1440 
1395 1415 1435 1436 
1225 1228 1249 1410 1444 1446 
1401 1409 1426 1444 1451 
1400 1409 1410 1442 1444 
1428 1436 1443 1447 
1438 1469 
1451 
1397 1423 1431 
1427 1435 1480 1510 1831 
1416 1426 1428 1449 
1228 1259 1267 1410 1431 1442 
1400 1401 
1228 1399 1401 1442 1444 
1290 1303 1321 1437 1453 
1439 1448 1452 
1249 1320 1446 
1436 1447 1798 1813 1821 
1427 1435 
1407 1424 1425 
1277 1403 1419 1434 1445 1450 
1277 1347 1461 1463 1489 
1277 1290 1411 1417 1437 1450 
1423 
1396 1400 1426 1442 1449 
1423 1447 
1396 1397 1405 1420 1422 
1416 1439 1441 
1416 1424 1433 
1400 1416 1433 1437 
1406 1415 1435 1510 

1243 1431 1619 1809 
1393 1394 1440 1795 1813 1832 
1238 1243 1259 1394 1397 1408 1429 

1426 1441 1450 
1417 1445 
1398 1406 1427 1831 
1395 1398 1402 1414 1435 1447 1798 1812 1831 1848 
1404 1411 1426 1433 
1439 1448 1477 
1412 1416 1424 1438 1441 
1393 1430 
1424 1433 1450 
1396 1421 
1402 1412 
1399 1400 1401 1410 1413 1446 
1403 1417 1418 1434 1461 1469 
1399 1444 
1393 1402 1414 1422 1423 1436 
1412 1427 1438 1452 1467 1477 1509 1512 
1420 1421 
1419 1441 
1453 
1412 1448 
1321 1404 
1362 1455 1505 1514 1516 
1358 1362 1454 1462 1479 1505 
1528 

1475 
1351 1470 1484 1499 1526 
1488 1491 
1418 1458 1470 1475 1489 1495 
1455 1479 1527 
1347 1368 1418 1470 1489 1526 
1478 
131 1527 
1491 1494 1525 1528 
1427 1448 1476 1488 1511 1512 
1487 
1403 1445 1477 1495 1530 
1459 1463 1489 1499 
1466 1474 1493 1521 
1465 1481 1523 
1476 1512 
1468 1471 1478 1487 1506 1518 1520 
1461 1528 

1438 1448 1469 1509 1530 
1464 1474 1486 1493 1517 1518 
116 148 1358 1455 1462 1527 
1406 1501 1503 1510 1831 
123 136 1472 1522 
1498 1500 1503 1511 
131 136 1465 1523 
1331 1459 1514 1516 
1457 1465 1468 1472 1487 1532 
1492 1874 
1457 1468 1474 1485 1506 1522 
1460 1467 1491 1511 
1418 1461 1463 
107 1518 1529 
1460 1466 1471 1473 1531 
1478 1496 1508 1874 
1478 1521 
1466 
1458 1469 1531 
490 1508 1852 1874 1895 
117 144 1508 1529 
1501 1503 1511 
1456 1459 1470 1484 1502 1516 1519 
1467 1482 1503 1510 
1480 1503 1504 1851 
1499 1519 1528 
1480 1498 1501 1510 
1501 1513 1517 1861 1869 
1454 1455 


1492 1496 1497 
1448 1512 1530 1531 
1406 1427 1500 1503 

1448 1467 1476 
1460 1501 1504 
1454 1484 1507 
1525 
1484 1499 1514 
1464 1504 1861 1874 
1478 1490 1522 1529 
1466 1499 1502 
1471 
1460 1493 
107 1481 1487 1490 1506 1518 
136 1472 1481 1483 
1462 1525 
1466 1468 1494 1515 1520 1524 1532 
1351 1459 1463 1470 
116 1462 1465 1479 1485 
1466 1475 1502 1531 
107 
1469 1509 1531 
1458 1491 1495 1509 1528 1530 
1515 1525 
1538 1545 1611 1637 1690 
1572 1588 
1165 1536 1544 1555 1573 
1535 1544 1556 1587 
1546 1554 1575 1579 
1545 1574 1578 1611 
1554 1564 1586 
1545 1571 1575 
815 1584 
1560 1563 1578 1632 
1553 1562 1571 
1190 1535 1536 1556 1581 
1533 1540 1569 1571 1578 
1575 1590 
1548 
1704 
1559 1591 

1568 1570 1667 1668 1677 1716 
836 850 1558 1584 1663 1687 
1543 1546 
1537 1539 1546 1567 1577 1591 
1535 1559 1579 1580 1586 
1536 1544 1563 1582 

1552 1557 1591 
815 1549 1555 1580 
1542 1574 1578 1615 1656 
1540 1575 1582 
1568 1571 1577 1583 1590 
1542 1578 1632 
1539 1586 1591 
1190 1544 
1551 1569 1576 1667 1690 
1547 1548 1554 1585 1591 1676 1704 
1562 1570 1583 
1533 1545 1566 1570 1576 
1568 1583 
1545 1562 
1192 1534 1588 1612 
398 798 808 847 1165 1178 1194 1535 1589 
1538 1560 1615 
1537 1540 1546 1561 1579 
1566 1569 1690 
1554 1562 1568 1676 1677 
1538 1542 1545 1560 1563 
1537 1555 1586 1587 
797 857 1555 1559 1589 
1186 1588 
1556 1561 1563 1587 
1568 1569 1570 
1541 1549 1550 1552 1558 1559 
1567 1676 
1539 1555 1564 
1536 1555 1561 1579 1582 
1186 1192 1563 1572 1581 
808 824 1573 1580 
1562 
1547 1549 1554 1557 1564 1567 
1604 1626 
1628 1659 
1534 1612 1632 1649 
1214 1276 1601 1643 1659 

1217 1220 1260 1609 1644 
1542 1594 1631 1632 1649 
1596 1605 1640 1642 1690 1749 1789 
1618 1620 1648 1650 
1214 1254 1595 1616 1619 1634 1643 
1629 1657 1800 1822 1842 
1602 1622 1654 1657 
1592 1626 1641 1651 
1618 1642 
1629 1646 

1653 1786 
1597 1612 1623 1635 
1614 1624 1626 1649 1655 1656 
1533 1538 1615 1624 1637 1645 
1572 1594 1609 1635 1639 1641 
1608 1633 1654 1772 1786 1836 1837 
1610 1617 1621 1626 1647 
1560 1574 1624 1656 
1601 1643 
1614 1621 1627 1645 1652 1655 1660 
1600 1605 1648 1769 
1429 1601 1833 
1600 1650 1653 1744 1754 1769 
1617 1622 1651 1658 1660 
1603 1606 1621 1630 1633 1646 1658 1660 

1607 1610 1611 1615 1655 1656 
1616 1634 1643 
1592 1604 1610 1614 1641 
1617 1642 1652 
1593 
1602 1606 1625 1634 1646 1657 1659 1822 
1622 1628 
1542 1598 1656 
1542 1594 1598 
1613 1622 1654 
1619 1625 1629 1833 
1151 1192 

1533 1611 1640 1645 

1612 1626 1649 
1596 1599 1637 1642 
1604 1612 1626 1639 
1599 1605 1640 1652 
1595 1616 
1260 1593 1609 1628 1638 
1607 1611 1637 1655 
1606 1628 
1604 1614 1651 
1600 1618 1627 
1598 1610 1639 1656 
1600 1620 1769 
1604 1621 1647 
1617 1627 1640 1642 
1608 1620 1660 1724 1744 1755 1786 
1602 1603 1613 1800 1837 
1610 1617 1624 1645 
1610 1615 1624 1631 1649 
1602 1606 1629 
1651 
1242 1593 1595 1625 1629 1643 
1608 1617 1627 1648 1653 

1667 1690 1713 1717 1732 1733 1781 
1548 1552 1557 1687 1702 
1669 1680 1691 
1672 1708 1714 
971 1672 1683 1694 1699 
1551 1566 1662 1690 1713 1716 
1551 1677 1716 
1680 
1664 1674 1686 1691 1701 1707 
1691 1706 1707 1781 
1665 1666 1679 1682 1710 1711 

1670 1692 1705 1706 1707 1719 1767 
3100 
1567 1577 1585 1681 1704 1718 
1568 1577 1668 1676 1709 1718 
1679 1685 1695 1711 3100 3119 
1678 1708 1711 
1664 1669 1673 1717 1718 
1676 1704 1718 
1666 1672 1696 1699 1710 
971 987 1666 1694 
1662 1669 1673 1717 1781 
1675 1678 1688 1708 1714 
1661 1670 1698 1700 
836 1552 1663 
1675 1685 1689 1714 3095 3100 
966 1688 1693 
1566 1596 1599 1667 1732 
1664 1670 1671 1781 
1674 1766 1767 3096 3099 
1689 3075 
987 1666 1683 1714 
1678 1711 1712 1719 3065 
974 1682 1703 
974 
1672 1686 1718 
951 1666 1682 
1661 1711 
1670 1700 
836 1663 1703 
974 1696 1702 
1548 1567 
1674 1692 1719 3084 3096 
1674 1707 1725 1767 
1671 1706 
1679 
1668 1677 
1672 1682 1698 
1700 1719 
1695 1719 3084 
1667 1717 
966 1665 1685 1688 1689 1694 1708 
1548 1663 1681 1682 1696 1703 1710 
1667 1713 1718 
1662 1680 1713 
1676 1677 1680 1681 1686 1698 1716 
1674 1695 1711 1712 
1725 1770 
1731 1748 1780 
1743 
1753 1949 
1653 1744 
1671 1706 1720 1729 1759 
1738 1739 1745 1773 3168 
1735 1736 1765 
1605 1732 1763 1769 
1725 1730 1733 1759 
1722 1729 1732 1733 1763 
1721 
1690 1728 1730 1749 1789 
1730 
1737 1740 1757 1772 1774 1782 1925 
1727 1731 1739 1742 1756 

1734 1768 
1726 1777 1784 3159 
1726 1745 1756 
1734 1737 1758 1772 
1743 1746 1758 1764 
1723 1735 1747 1756 
1722 1741 1748 1759 1780 
1620 1653 1724 1758 1763 
1726 1739 1750 1773 1783 
1737 1758 1765 1768 
1723 1976 
1743 1751 1759 
1599 1605 1789 
1745 
1720 1748 1752 1767 1770 1783 
1721 1745 1748 1750 1751 
1723 1942 1949 1958 1976 
1620 1763 1769 
1740 
1735 1739 
1806 
1740 1741 1744 1746 1763 
1729 1743 1748 
1756 1762 1777 1788 
1771 1935 1951 
1760 
1722 1728 1744 1754 1758 
1735 1736 1741 
1727 1736 1746 1768 
1692 1767 3099 3141 3187 
1674 1692 1751 1766 1770 1783 
1723 1746 1949 
1605 1618 1728 1754 
1720 1767 
1760 1761 1787 
1613 1734 1774 1785 1786 
1726 1745 1766 3141 3168 
1734 1757 
1779 1787 1926 3176 3189 
1748 
1738 1760 1762 1784 
1788 1927 1942 1945 1951 1969 1976 
1777 1784 1787 3169 
1721 1743 1776 
1662 1671 1684 1691 1725 
1734 1925 1949 
1751 1767 
1777 3159 3166 
1613 1757 1772 1774 1806 1836 
1613 1740 1772 
1761 1771 1779 1926 
1742 1747 1760 1778 1976 
1599 1690 1749 
1803 1809 1822 1833 1839 
1815 1838 1938 1961 
1825 1831 1845 
1791 1830 1838 1961 
1814 1825 1843 1855 1879 
1430 1796 1813 1819 1839 
1839 1847 
1822 1847 
1414 1436 1821 1827 
1807 1811 1826 1849 
1602 1654 1805 1837 1842 
1815 1844 1885 1901 
1811 1834 1847 
1790 1822 1847 

1800 1804 1820 1826 1842 
1757 1785 1817 1836 1850 1957 
1799 1826 
1815 1818 1820 1826 
1429 1432 1619 1790 1832 
1814 1816 1827 1835 1848 
1802 1818 1840 1846 1849 
1436 1831 
1393 1414 1430 1795 1821 
1794 1825 1845 
1791 1801 1808 1838 1841 1885 
1810 1823 1828 1835 1846 
1806 1836 1837 1850 
1808 1811 1823 1841 1846 
1795 1827 
1805 1808 1826 1837 1934 1938 1970 
1813 
1602 1797 1803 1833 1847 
1816 1841 
1843 1844 1901 
1792 1794 1814 1845 1855 1894 
1799 1805 1807 1820 
1795 1798 1810 1813 1816 1828 1848 
1827 1840 
1841 1843 
1793 1838 1881 1885 1919 1932 2000 2021 
1406 1436 1812 
1394 1430 1432 1790 1839 
1619 1634 1790 1822 
1802 1849 
1810 1814 1816 1841 
1613 1817 1837 
1654 1817 1820 
1791 1793 1815 1830 1885 
1790 1795 1796 1832 
1828 1846 
1808 1815 1818 1823 1835 
1602 1800 1804 1805 
1829 1835 1841 1879 1901 
1801 1815 1824 1829 1841 1901 
1792 1814 
1811 1816 1818 1840 
1796 1797 1802 1803 1822 1834 
1436 1798 1810 1812 1827 1845 
1797 1799 1804 1834 
1806 1934 1954 1957 
1501 
1496 1854 1857 1874 1876 
1870 1891 1892 1908 1914 
1852 1888 1898 
1794 1825 1894 1911 
1857 1869 
1517 1852 1874 1876 
1887 
504 1883 1913 1978 
1870 1897 1907 1914 

1867 
1896 
1868 1912 
1882 1902 1905 1909 
1875 1886 1908 
1862 1871 1876 1904 
477 1864 1877 1880 1882 1912 
1504 1856 1896 
1899 1914 
1867 1878 1906 
1886 1889 1989 2016 2033 
1880 
1492 1496 1517 1852 1857 1895 
1866 1908 1910 
1852 1856 1857 1867 1904 
477 1888 
1906 
1843 1855 1901 
1864 1868 1877 
1830 1885 1901 2000 
473 477 1865 1868 1905 1912 
481 485 540 1859 1890 1909 1913 
1892 1903 2016 2018 
1801 1815 1830 1838 1881 1901 
1866 1872 1889 1908 
1858 1891 1897 
477 490 494 496 1854 1873 1877 1898 
1872 1884 1886 2016 
473 481 1883 1905 1909 
1853 1901 
1903 
1864 1908 
1480 1501 1792 1825 1831 1855 1911 
1496 
1851 1869 1897 1907 1911 
1860 1887 1896 
490 1854 1888 
1854 1870 1871 1878 1893 1908 
1866 1902 1978 
1801 1824 1843 1844 1879 1881 1885 1887 1891 1892 
1865 1900 1910 1912 
1881 1884 2000 2018 
1854 1867 1876 1899 
473 1882 

1860 1863 1869 1896 1906 
1853 1866 1875 1886 1889 1893 1899 
1865 1883 1890 1902 1913 
1875 1902 1912 
1501 1851 1855 1879 1896 
1864 1868 1882 1902 1910 
1900 1909 1978 
1853 1858 1860 1891 
1963 1964 1974 
1806 1925 1954 
1921 1945 1949 1956 
1921 1941 1949 1966 1970 
1830 1932 1961 1962 2021 2041 
1973 
1918 1936 1946 1963 1966 
1927 1940 1971 1972 3346 3373 
1930 1931 1965 3382 3448 
1936 1946 
1734 1757 1782 1916 1941 1949 1954 
1775 1787 1935 1951 
1922 1940 1947 1951 1969 1971 
1975 
1923 1931 1979 1981 3448 
1923 1952 1965 3378 3386 3388 
1943 2032 

1939 1946 1955 1959 1966 
1820 
1761 1926 1951 
1921 1924 1959 1974 
1944 1953 1955 2041 
1791 1928 1953 
1933 1937 1968 
1922 1927 3346 3385 
1918 1925 1934 1949 1954 1970 
1753 1778 1945 
1931 1944 1967 2032 
1937 1943 1960 1967 1999 2032 2041 
1778 1942 1956 1958 1969 
1924 1933 1936 1966 
1956 1964 1969 
1920 1950 1952 1965 1971 
1768 1917 1918 1925 1941 1958 
1948 1952 1972 3400 
1761 1778 1926 1927 1935 3385 
1930 1948 1950 1965 
1937 1939 1968 1975 
1850 1916 1925 1957 
1937 1939 1959 1960 
1917 1945 1963 
1806 1850 
1753 1917 1942 1945 1949 
1920 1936 1955 1974 
1920 1944 1955 1967 1973 
1791 1793 1919 1932 1962 1975 
1919 1937 1961 1975 
1915 1921 1947 1956 
1915 1920 1947 1948 
1923 1930 1948 1952 
1918 1921 1933 1946 1953 1970 
1973 
1939 
1927 1947 
1820 1918 1934 1941 1966 
1922 1927 1948 1964 1972 
1950 3367 3373 3391 3400 
1920 1943 1960 1967 
1915 1936 1959 
1928 1953 1961 1962 
1747 1753 1778 1788 
2015 2031 2039 
621 1900 1913 1989 2009 2014 2027 
1929 1931 1985 2006 2032 
2003 2011 

2002 2003 3441 
648 1986 1994 2004 
1990 1996 1999 2020 2023 
1979 1981 1987 1991 1995 2006 2039 
622 1983 
1985 2024 
1995 2023 
1866 1978 2012 2014 
1984 2013 2019 
1985 1993 1995 1999 2006 
1998 
1991 
1983 2004 2010 2014 
1985 1988 1991 
1984 2007 2013 2016 2018 2020 2033 
2025 2031 
2011 2037 
1984 1991 1993 2041 
1830 1881 1903 
3443 
1980 1982 2003 2011 2040 3436 
1980 1981 1982 1987 2002 2024 3461 
1983 1994 2022 
2010 2022 2026 
1979 1985 2034 
1884 1996 
1992 2005 2026 
2027 
1994 2025 
625 1980 1998 2001 2037 3436 3443 
1989 2014 2025 2033 
1990 1996 2012 2019 2025 2033 
1978 1989 1994 2010 2012 2027 

1872 1884 1889 1996 2033 
1988 
1884 1903 1996 2007 2020 
1990 1997 2013 2023 2025 2035 
1984 1996 2018 
1830 1919 2020 
622 2004 2005 2030 2038 
1988 1999 2019 2035 
1987 2003 2037 
1997 2005 2010 2012 2013 2019 
1992 1998 2005 2008 
648 2009 2014 
2020 2021 
634 
616 1998 2038 
1977 1987 1997 2036 
1931 1943 1944 
1872 1996 2012 2016 
2006 2032 
2019 2036 
1977 2031 2035 
1980 1998 2011 2024 
616 622 657 
1977 2015 
2002 3423 3436 3459 
1919 1937 1944 1999 
2090 
655 2047 2050 2068 2069 2081 
2049 2074 2090 
2053 2087 2103 3440 3447 
2078 2102 2125 2153 
2043 2044 2049 2063 2081 
2082 2094 2103 3447 3460 
2044 2047 2063 2070 2079 2090 
655 2071 
2085 2098 2213 
2056 2075 2088 2094 
620 2045 2087 2097 2100 
2077 2198 
2082 2088 2089 
2052 2080 2094 3460 
2064 2065 2077 2089 2099 
2213 
2057 2065 2077 2180 
628 2067 2146 
2084 2096 2121 2187 
2076 

2065 2075 2089 2101 2193 2209 2213 
2057 2059 2064 2180 2209 
2061 
628 2060 2072 2073 
655 2043 
2043 2068 2087 2091 
2042 2079 2084 2090 2099 2102 
606 617 628 655 660 2050 2081 
2060 2067 2073 2083 2146 
628 2067 2072 2076 2081 

2052 2058 2088 2092 2101 
2062 2079 2081 2083 
2054 2059 2198 
2046 
2049 2070 2076 2083 2102 
2056 3431 3435 3458 
2043 2047 2062 2071 2076 
2048 2055 2094 
2046 2072 2078 2130 
2061 2070 2086 2099 2102 2153 
2051 2098 3408 
2054 2084 2093 2099 
2045 2053 2069 2091 2100 2103 
2055 2075 2089 
2042 2057 2088 
2042 2044 2049 
2069 2087 2095 
2052 2058 2075 3408 3429 3435 
2086 2099 
2056 2082 3460 
2091 
2061 2121 2145 2238 

2051 2085 2185 3408 3559 
2057 2084 2093 
620 655 2053 2087 
2064 2075 
2046 2070 2079 2084 2153 
2045 2048 2055 2074 2082 2087 2091 2095 3447 
2120 2134 2162 2165 
2108 2112 2138 2157 2159 2256 
2138 2139 2143 2144 2162 
673 2113 2135 2151 
2105 
2118 2133 2153 
2142 2149 
2124 2152 2161 
2105 2138 2270 
2107 2126 2154 
2144 2163 2165 
2143 2147 2155 

2129 2138 2157 
2109 2153 2165 
685 2161 
2104 2125 
2061 2084 2096 2131 2145 2153 
2134 2142 2162 
2137 2156 
2126 2136 2152 
2046 2083 2130 2132 
2154 
2108 2129 2159 2257 2430 
682 2119 2342 
2108 2117 2143 
2083 2146 
2109 2121 2145 
2046 2120 2125 2153 
2163 
2122 2162 
673 697 2113 
2110 2123 2124 2126 2140 2149 2151 
2123 2152 2155 2156 
2105 2117 2157 
2143 2156 2162 
2130 2136 2146 2151 2158 
2133 2145 2163 2270 2273 
2110 2122 2123 2134 2139 2149 2156 
2115 2117 2129 2139 2148 
2114 2138 2162 2163 
2096 2121 2141 2232 2238 
611 699 2060 2072 2130 2140 2164 
2148 2155 2310 2344 2347 

2136 
2115 
2107 2140 
2111 2124 2155 
2046 2084 2102 2109 2121 2131 2132 
697 2113 
2128 2137 2152 2342 2347 2354 
2116 2123 2137 2139 2142 2150 
2138 
2110 2130 2134 2140 
2105 2256 2257 
2138 2141 2163 2270 
685 689 691 707 2111 2119 2166 
2104 2122 2139 2144 
2133 2141 2144 2160 
673 
2114 2118 
689 2111 2124 

2167 2198 2202 2223 
2186 2193 2197 2226 
2178 2190 2196 2201 
2204 2205 2593 2607 
2208 2225 2239 2247 2557 2568 2585 2614 2656 
2190 2199 2212 2216 2226 3567 
2216 2222 3575 3578 
2196 2221 3537 
2167 2215 
2182 2189 2206 2211 2229 
2170 2195 2222 

2065 2202 2209 2227 
2175 2194 2195 2201 3537 3578 
2177 2189 2190 2199 2218 

3565 3567 
2098 2197 3559 3561 3588 

2054 2061 2066 2188 2198 
2210 2245 
2182 2199 2211 
2170 2182 2183 2212 
2172 2208 2239 2289 

2064 2169 2199 2209 2215 
2222 3578 
2201 
2170 2192 2201 2207 2221 2228 
2185 2213 
2077 2187 2202 2203 
2169 2173 2182 2189 2193 2200 2215 
2168 2179 2199 2223 
2181 2196 
2059 2077 2168 2180 2198 2227 
2168 2198 2210 2211 2220 
2171 2225 2551 2609 
2171 2204 2207 2218 2225 2228 2229 
2177 2224 2229 
2183 2196 2205 2218 2228 
2191 2217 2225 
2064 2065 2180 2193 2215 2227 
2187 2203 2219 2220 2245 2278 2280 
2203 2206 2214 2223 
2170 2173 2178 2216 
2064 2185 2186 2197 
2211 
2167 2176 2179 2193 2199 2200 2209 
2174 2212 2222 3565 
2191 2208 
2182 2190 2205 
2260 
2210 2224 2260 
2175 2196 2556 2600 
2174 2216 
2168 2211 
2220 2289 
2172 2204 2205 2208 2229 2568 
2197 3533 3567 3588 
2180 2202 2215 
2192 2196 2205 2207 
2177 2182 2205 2206 2224 2225 
2252 2285 2487 
2234 2235 2246 2271 
2238 2245 2273 2290 
2237 2249 2251 2262 2263 2271 
2241 2248 2262 2271 2287 2620 2625 2665 
2231 2266 2272 
2253 2277 2280 
2249 
2096 2145 2245 
2172 2191 2244 2274 
2259 2263 2282 
2248 
2268 2282 2288 
2237 2248 2262 2287 2291 
2239 2246 2247 2618 2662 
2188 2232 2280 2290 
2231 2244 2662 2665 
2172 2239 2618 
2234 2243 2286 2291 2612 
2237 
2256 2257 2267 
2233 2271 2277 
2230 2255 2269 2431 2487 
2236 2275 2276 2277 2280 
2268 2281 
2252 2269 2283 2427 2431 2485 
2105 2112 2159 2250 2257 2270 
2127 2256 2258 2265 2267 2430 
2257 2265 2285 2430 
2240 2270 2282 
2219 2264 
2248 2284 2286 2651 
2237 2243 2271 
2233 2240 2242 
2278 2279 2289 
2285 
2272 2279 
2250 2257 2265 2282 
2242 2254 2267 2281 2282 
2255 2281 2286 2291 
2112 2141 2160 2256 2259 2273 2292 
2231 2233 2272 
2235 2251 2266 2271 2279 
2141 2232 2280 2290 
2191 2239 2279 2289 

2240 2253 
2236 2251 2253 2272 
2219 2280 
2266 2272 2274 2289 
2210 2236 2245 2253 2264 2273 2278 2290 
2254 2269 2288 
2242 2267 2268 2292 
2269 2286 2427 
2261 2286 2476 2651 
2230 2258 2265 2487 
2248 2261 2269 2283 2284 2470 
2243 
2242 2263 2269 2281 
2191 2220 2224 2260 2264 2274 2279 

2243 2249 2269 2286 2288 
2259 2270 2282 

913 2297 
2298 2309 2325 2339 2443 2482 
2318 2364 
2294 2306 2358 
2295 2325 2381 2387 2482 2500 2525 
2307 2326 2329 2430 2478 
2304 2319 2331 2441 2479 
2324 2333 2341 2350 2359 

2359 
2309 
928 2294 2297 2328 2332 2356 2358 
885 906 908 913 941 2297 2315 
2299 2319 2326 2331 2345 2478 
2296 2316 2364 2374 2387 
2295 2303 2304 2321 2339 2351 2443 2479 
2147 2336 2337 2344 2357 

2306 2315 2358 
906 909 2349 
2330 2353 2355 2356 
906 2306 2312 2313 2320 
2308 2318 2321 
2335 2342 2343 2349 
2296 2302 2359 
2300 2331 2441 
2343 2358 
2325 
2324 
2350 
2301 2311 2333 2337 2345 2352 2357 
2295 2298 2321 2339 2387 
2307 
2336 2338 2354 
928 2356 

2296 2314 2340 2348 2353 2364 2395 2406 2414 
2300 2307 2319 2352 

2301 2324 2350 

934 2313 
2310 2322 2327 
2310 2324 2336 2357 
2327 2347 2354 
2295 2309 2321 2325 
1003 2353 
2301 2311 2351 2359 
2128 2155 2317 2335 
2317 2320 2327 2333 2354 
2127 2147 2357 
2352 2357 
2355 2358 2359 
2147 2354 
2330 2359 
2313 2315 2317 2335 
2301 2323 
2303 2304 2309 2311 2352 
2331 2334 2345 2351 
2314 2328 2330 2340 
2155 2317 2327 2338 2343 2347 
2314 2346 2356 2358 
2305 2314 2328 2353 2355 
2310 2326 2329 2337 2344 
2293 2297 2305 2312 2320 2346 2355 
2293 2302 2303 2318 2323 2341 2346 2348 
2362 2396 
2392 2489 2503 
2360 2365 2377 2389 2399 
966 2386 
2296 2308 2400 2406 
2421 
2375 2387 
2389 2390 
976 2369 2386 
2368 2384 2405 2413 
948 2380 2382 2415 
991 1003 2397 
2410 2416 3075 3095 3106 3108 
2377 2380 2382 2383 
2308 2400 2417 2420 2421 
2366 2409 
2379 2392 2398 2404 2408 2419 2489 
2362 2383 2400 
2365 2367 2389 2419 
2376 2394 2408 
2373 2395 
2298 2366 
2370 2373 2415 
2377 2391 2395 2406 
2360 2368 2369 2386 2390 2405 2407 
2390 2394 2407 2410 3106 
966 2368 2388 2407 2410 2411 2416 
2308 2325 2366 2374 2381 2418 
966 1693 2386 2416 3075 
2390 
2362 2367 2384 2385 2394 2401 2407 
2377 2383 2406 
2361 2376 2402 2408 2503 3122 3223 3258 
2375 2381 2403 2525 
2379 2385 2390 2408 3106 3109 3120 
2330 2380 2383 2397 
948 999 2360 2399 2413 
948 983 2380 2395 
2375 2376 2403 2404 2409 2419 
2360 2362 2396 2415 
2364 2374 2377 2406 2421 
2390 2419 
2408 
2393 
2376 2403 2412 2489 2524 
2369 2413 
2364 2383 2391 2400 
2385 2386 2410 
2376 2379 2394 3109 
2366 2375 2398 
2372 2386 
962 2363 
2498 2508 2524 2535 
999 
1003 2330 2371 2395 2397 
2370 2399 
2386 2410 3075 
2398 2419 
2387 2420 
2367 2376 2378 2398 2417 
2374 2418 

2433 2471 
2433 
2450 2459 2486 
2470 2485 2847 
2430 
2255 2283 2470 2485 
2448 2467 
2455 
2127 2257 2258 2299 2329 2448 
2252 2255 2426 2472 2485 
2431 2448 2472 
2422 2423 2436 2444 2451 2458 
2443 2468 2482 
2473 2509 2824 2877 
2422 2433 2444 2445 2462 
2439 
2439 2446 2463 2473 2824 
2438 2451 
2443 
2300 2319 2478 2479 

2309 2440 2455 2469 2479 2482 
2433 2436 2462 2485 
2436 2477 
2438 2471 2480 2820 2859 
2448 2461 
2426 2428 2430 2432 2447 2458 2467 2472 2478 
2442 2452 2453 2460 2481 
2459 2533 2538 
2433 2437 2463 
2449 2451 2463 2484 
2429 2449 2455 2460 2481 2486 
2440 2461 2464 2469 2474 2483 
2424 2429 2434 2443 2453 2468 2486 
2463 2466 2518 2539 
2483 2484 
2423 2433 2448 
2424 2450 2538 2539 
2466 
2447 2454 2474 
2425 2436 2444 2445 2485 
2438 2439 2452 2456 2466 
2454 2457 2458 2461 2467 2483 2484 
2481 2484 
2456 2459 2460 2463 2486 
2428 2448 2464 
2434 2450 2455 2482 2533 
2454 2474 2479 
2286 2425 2476 2485 2851 
2422 2439 2446 2477 2859 

2438 2463 2509 2545 2824 
2441 2454 2469 2478 

2284 2286 2470 2851 
2422 2445 2471 2809 2815 2847 2859 
2299 2307 2319 2448 2474 
2300 2309 2441 2443 2469 
2438 2446 2820 2824 
2449 2453 2465 2484 
2295 2298 2434 2443 2468 2500 
2429 2454 2457 2464 
2452 2464 
2255 2427 2431 2444 2462 2470 
2424 2453 2455 2460 2466 
2230 2252 2285 2426 

2361 2376 2404 2503 2529 2536 
2508 2535 
2511 2519 2530 
2514 2522 2547 3201 3261 
2511 
2510 2528 2873 2880 3230 3598 3636 
2501 2503 2519 2543 3218 
2504 2527 2534 2540 2876 
2493 2508 2520 2533 
2412 2500 2508 2525 
2492 2507 2523 2548 
2298 2482 2498 2525 2533 
2495 
2505 2520 
2361 2392 2489 2495 2501 3218 
2496 2515 2542 2544 
2502 2506 2513 2518 2532 2545 
2505 
2499 2514 2517 2523 
2412 2497 
2435 2473 2488 2532 
2494 2522 2528 2541 2876 2915 
2491 2535 
2490 2535 
2505 2506 2531 2877 
2492 2507 2522 2540 
2544 2546 
2502 2515 2544 
2537 
2505 2539 2545 
2491 2495 2501 2523 2529 2530 2548 
2497 2502 2516 2533 

2510 2514 
2507 2517 2519 2537 2548 
2412 2535 
2298 2381 2393 2412 2498 
2531 2898 
2496 2542 2898 2899 
2494 2510 3230 
2501 2519 
2489 2491 
2513 2526 
2505 
2450 2468 2497 2498 2500 2520 2538 
2496 
2412 2490 2511 2524 2530 
2489 2519 2529 
2517 2523 
2450 2459 2520 2533 2539 
2456 2459 2502 2518 
2496 2514 2522 2534 
2522 2547 3230 
2526 

2504 2515 2516 
2456 
2507 2511 
2521 2522 3203 3230 
2499 2519 2523 3201 3213 3263 
2566 2595 
2583 2597 
2204 2568 2571 2609 
2593 2595 
2574 
2579 2580 2597 2602 2728 
2591 2592 2717 
2221 2584 2600 3537 3968 
2614 
2574 2579 2580 
2582 2610 3930 
2555 2565 2588 2592 
2554 2577 2597 2598 
2552 2571 2577 2598 2609 
2573 2576 2584 2600 2606 
2587 2588 2689 2717 
2560 2569 2582 2587 2588 2608 
2549 2595 2606 2610 

2172 2225 2551 2571 2585 2590 2599 
2608 
2550 2575 2596 2621 2644 
2551 2562 2568 2599 2609 
2567 2605 2681 
2563 
2553 2558 2603 2605 2611 
2570 2644 2673 
2563 2586 
2597 
2552 2576 2581 2586 2595 
2558 2580 
2554 2558 2572 2579 2724 2728 
2586 2607 
2559 2587 
2550 2597 2599 
2556 2600 
2172 2568 2590 
2576 2578 2600 2607 
2564 2582 2588 2689 3959 
2560 2564 2565 2587 
2595 2598 
2568 2585 2622 2659 2666 2673 
2555 2567 2605 2681 2725 
2555 
2171 2552 2607 2609 

2549 2552 2566 2578 2589 2598 2606 
2550 2570 2602 
2550 
2553 2561 2562 2589 2595 
2571 2583 2594 2673 
2192 2221 2556 2563 2576 2584 2586 2607 
2604 2610 3931 
2554 2596 2621 2696 2728 2751 
2549 2560 2569 2610 
2601 2606 2610 
2558 2567 2572 2591 
2595 2604 
2171 2192 2228 2581 2586 2593 2600 
2565 2569 
2204 2551 2571 
2559 2566 2569 2601 2603 2604 2608 
2553 2574 2603 
2620 
2261 2612 2620 2637 2646 2651 2660 
2648 2652 2656 

2634 2639 
2619 2636 2650 2670 2672 
2244 2247 2652 2662 
2617 2630 2674 
2234 2613 2625 2664 2668 
2596 2602 2650 2672 2759 
2659 2666 
2641 2642 2773 2856 2938 
2640 
2234 2620 2647 2665 
2616 2629 2645 2653 2664 
2614 2648 2666 2673 
2615 
2626 2634 2643 2658 2664 
2617 2619 2655 2663 2667 2674 2771 2783 
2663 2747 2790 
2668 
2642 2649 2667 
2616 2619 2629 2639 2643 
2570 2644 2650 2654 
2617 2638 2640 
2613 2646 2651 2816 2818 2833 2851 
2636 2640 2644 2654 

2619 2624 2634 2636 2638 
2623 2642 2808 2831 2853 2856 
2623 2633 2641 2655 2669 2831 
2634 2673 2675 
2570 2575 2624 2635 2638 2654 2673 
2653 
2613 2632 2645 2649 2660 
2620 2658 2665 
2614 2627 2659 
2633 2646 2674 2816 2835 2855 
2621 2635 2670 2672 
2261 2284 2851 
2614 2661 2662 
2626 2639 2645 2674 
2635 2638 2644 2650 
2630 2667 2771 
2172 2247 2614 
2615 2658 2662 2665 
2620 2629 2647 2657 2675 
2557 2622 2648 
2646 
2652 2675 
2246 2618 2628 2665 
2630 2631 2672 2779 2783 2790 
2626 2629 2668 
2231 2234 2246 2625 2657 
2622 2627 
2630 2655 2674 
2632 
2642 2655 2771 2773 
2617 2638 2650 

2621 2650 2759 
2575 2590 2599 2624 2627 2643 2644 
2619 2630 2633 2653 2667 2671 
2615 2628 2643 
2705 
2690 2719 
2687 2691 2723 2736 
2687 2729 2736 4044 4068 4081 
2684 2685 2709 2710 2713 2714 2739 
2567 2572 2591 2677 2690 2702 
2689 2717 2725 2731 
2688 2703 2726 
2680 2683 2685 2695 2721 
2680 2684 2710 2720 2727 
13 2676 2694 2705 2706 2714 2730 
2678 2679 2723 4069 4081 
2683 2726 
2587 2682 2717 3959 4088 
2677 2702 2719 2720 2738 

2709 
2695 2714 2721 2733 
35 2686 2705 2706 2735 
2693 
2602 2700 2707 2728 2751 
14 23 1386 2704 2735 4066 4083 
2699 2701 2713 
2698 2701 2713 2722 2761 2774 2799 
2696 2707 2710 2727 2737 2738 
13 31 2698 2699 2730 2734 
2681 2688 2690 2725 2726 
2684 2723 2726 
2697 2712 2735 4083 
22 35 41 2686 2694 
2694 2715 2735 
2696 2700 2732 2737 2751 2780 
2691 2711 2715 2733 
2680 2692 2699 2713 2732 2774 
2680 2700 
2708 
2729 
2680 
2680 2693 2721 2730 
2704 2706 2708 2729 2735 
2726 2731 
2555 2564 2682 2689 2725 
2716 4037 4080 4088 
2690 2724 2728 
2685 2688 2690 2738 
2680 2693 2714 
31 2775 
2687 2726 4037 4069 
2572 2719 2728 
2591 2702 2716 2717 2726 2731 
2702 2703 2716 2723 2725 
2685 2700 2738 
2580 2696 2719 
2679 2708 2712 2715 2736 
2701 2714 
2682 2689 2716 2725 4088 
2709 2780 
2691 2693 

23 43 2694 2697 2704 2715 
2678 2679 2691 
2700 2707 
2690 2720 2727 
2680 2709 2732 

2740 2756 2758 
63 2757 2796 2799 
2766 2770 2798 2800 2943 
2775 
2767 2771 2776 2783 2797 
2768 2803 
2631 2755 2759 2781 2790 2793 
2741 2750 2756 2795 2802 
2756 2762 2777 2785 2800 2801 
2748 2769 2795 
2780 
55 2757 2784 
50 84 2763 2768 2786 
2773 2776 2792 
2747 2780 2793 
2741 2748 2762 2770 
2742 2752 2769 2772 2784 
2740 2741 2764 2787 2793 
2747 2791 
2772 2782 2798 
2699 2764 2774 2796 
2749 2756 2767 2776 2800 
57 2765 2784 
2758 2761 2774 2796 
2763 2784 2786 
2743 2785 2801 
2745 2762 2776 2797 
79 2746 2753 
2742 2757 2772 2796 
2756 2778 
2630 2655 2669 2745 2783 
2757 2760 2769 2778 2782 2784 2786 
2623 2669 2754 2776 2938 
2758 2761 2764 
31 2722 2744 2799 
2745 2754 2762 2767 2800 
2785 
2770 2772 2782 
2663 2781 2790 2797 
2732 2755 2774 
2747 2779 2793 2797 
2760 2778 
2630 2663 2771 2797 
57 2752 2757 2763 2765 2772 
2770 
2753 2760 2765 2768 2772 2788 
2758 
2760 2786 2798 2803 
55 63 2757 
2631 2663 2747 2779 

2754 2800 
2747 2758 2787 
2758 2795 2802 
2748 2750 
2742 2750 2761 2764 2769 2799 
2740 2745 2779 
2743 2760 2788 2803 2943 
2699 2722 2775 2796 
2743 2749 2754 2766 2776 2792 2928 2943 2957 
2766 
2748 2794 
2746 2788 2798 2943 2961 
2815 2817 2820 2825 2857 
2807 2809 2812 2834 2842 
2814 2826 2843 
2805 2815 2817 2852 
2830 2831 2835 2839 2841 2853 
2477 2815 2842 2847 2851 
2821 2825 2837 2869 2911 2914 2926 
2823 2830 2841 2852 

2843 2846 2886 
2806 2822 2839 2841 2843 
2477 2804 2805 2807 2809 2817 2820 2859 
2637 2649 
2804 2807 2815 2828 
2637 2833 2836 2838 2854 
2822 2823 2827 2837 2849 2850 
2446 2480 2804 2815 2858 2859 
2829 
2814 2819 2823 2843 
2811 2819 2822 
2435 2438 2473 2480 2832 2858 
2810 2832 2858 2926 
2806 2839 2929 2936 
2819 2886 2910 2914 
2804 2817 2852 
2810 2857 
2811 2838 2855 
2633 2641 2642 2808 2835 
2435 2824 2825 2858 2877 2926 
2637 2818 2842 
2805 2807 2812 
2649 2808 2831 2855 
2637 2816 2818 2855 
2810 2821 
2818 2830 2840 
2808 2814 2841 2848 
2812 2834 2838 
2808 2830 2839 
2805 2854 
2806 2813 2814 2846 2850 2929 
2813 2846 2885 2886 
2885 2931 3004 
2813 2843 2975 
2425 2445 2809 2851 
2826 2839 2933 2936 2950 
2819 
2822 2827 2843 
2425 2470 2476 2637 2833 2847 
2811 

2818 2833 2842 
2649 2808 2816 2830 2836 
2641 2853 2933 2938 


2446 2471 2477 2815 

2860 2907 
2863 2877 2896 2911 2916 2926 
2862 2866 2869 2883 2900 
2882 2900 2904 2909 2921 2922 
2868 2873 2893 2915 3610 3636 
2863 2870 2910 
2879 2905 3612 3617 
2890 2897 2915 
2810 2862 2863 2914 
2866 2878 2886 2912 2913 2917 
2888 2895 3014 3041 3058 
2863 2866 2904 
2494 2865 2880 2915 
2876 2897 2899 
2868 2887 2901 
2510 2527 2868 2874 2897 
2435 2509 2513 2832 2862 2902 
2870 2881 2889 2912 2913 2923 
2867 2871 2895 2905 2906 3058 
2873 
2878 
2864 2920 
2863 2900 2919 
2892 
2844 2845 2889 2913 3004 
2827 2870 2913 
2875 
2871 2895 2921 
2878 2885 2913 3004 3047 
2868 2897 
2920 3628 
2884 2918 2921 2925 3052 3057 
2865 2901 2920 3610 3650 

2871 2888 2906 
2862 2897 
2868 2874 2876 2883 2890 2896 
2526 2527 2899 2902 2916 
2527 2874 2898 2916 
2863 2864 2882 2883 2904 
2875 2893 
2526 2877 2898 2916 
2891 2894 2905 2906 2920 
2864 2900 2917 
2867 2879 2903 3617 3628 
2879 2894 2895 2903 2905 2922 
2861 2864 2909 2921 
2884 2923 2924 
2861 2864 2912 2923 
2827 2866 2870 2914 

2870 2878 2909 2923 
2878 2885 2886 2889 
2810 2837 2866 2910 
2510 2868 2873 
2862 2877 2898 2899 2902 
2866 2870 2904 
2888 2892 2921 3014 3038 
2875 2887 2900 
2875 2882 2891 2893 2901 2903 3628 3650 
2860 2864 2892 2918 2922 
2864 2894 2906 2921 
2878 2881 2908 2909 2912 
2860 2925 
2908 2924 
2810 2832 2911 
2934 2935 2940 2977 2982 2988 
2792 2930 2933 2938 2957 
2806 2826 2934 2936 2959 2967 2970 2975 
2933 2948 2958 
2845 2953 2970 3004 3036 
2937 2954 2976 2984 2988 
2848 2853 2856 2928 2930 2938 2946 2950 
2927 2929 2982 
2941 2978 2979 
2826 2929 2950 2967 
2954 2985 
2623 2773 2928 2933 
2945 2965 3016 
2981 2982 2986 2987 

2959 2960 2971 2974 
2743 2798 2800 2803 2949 2957 2969 2985 
2962 2980 2988 
2939 2972 2981 
2933 2952 
2936 2950 2967 

2803 2937 2943 2954 2973 2985 
2848 2933 2936 2946 2947 
226 257 2963 
2930 2946 2947 2948 2958 2967 
2931 2968 2970 2974 3036 
234 2932 2937 2949 2973 
218 2966 2980 
2964 2972 3031 3042 
2943 2969 2978 2979 
2930 2952 
2942 2981 2983 
2942 2968 2971 3016 3034 3036 
69 238 264 2746 2803 2973 
226 251 2944 2951 2963 2964 
2951 2962 2964 3006 
2944 2956 2962 2963 2977 3006 
2939 2956 2972 2991 3016 3031 3059 
2984 
2952 
2953 2960 2974 
2941 2943 2957 2979 2985 
2929 2931 2953 2974 2975 
2942 2945 2960 3016 
2945 2965 2986 
2949 2954 
2929 2942 2959 2968 2970 
2843 2846 2970 
242 247 2984 
2927 2964 2988 
2935 
2935 2957 2969 
2944 2955 2966 2988 
2940 2971 2986 
2959 2981 
2959 
208 247 2966 2976 2988 
2969 
2972 2981 2987 

2932 2966 2977 2980 
2994 2995 3030 3055 3061 
3003 3019 3020 3044 
3029 3031 3059 3060 
3002 3052 
3032 
3017 3023 3030 3061 
2989 2996 
2995 3002 3011 3021 3033 
3010 
3004 3009 
279 1022 1049 3035 3754 
3002 3009 3033 3047 3050 3053 
3017 3022 3037 3042 3048 3049 
2992 2996 3000 3010 3033 3057 
3008 3019 3055 3062 
2845 2885 2931 2998 3036 3047 
3012 3015 3023 3040 3043 
257 292 2963 2964 3049 
278 3015 3032 
3003 3051 3054 3062 
2960 2998 3000 3034 3036 3053 
2918 2997 3002 3026 3038 
2996 3024 3033 
276 298 300 3005 3043 
3005 3040 3055 
2871 2918 3018 3038 3039 3041 
3005 3007 3013 
2960 2971 3059 
2994 3001 3022 3023 
2997 3014 3025 3751 
2990 3003 3055 
3044 
2996 3026 3054 3055 
2991 3001 3017 3060 
2994 3005 3017 3043 3045 
3011 3033 3056 
3008 3010 3026 3054 
3010 3021 3025 3054 

278 279 2999 3032 3035 
2991 3056 3059 
2994 3060 
2956 3042 3048 
278 2993 3007 3015 3027 3035 
2996 3011 3053 
2960 3009 3053 3059 3063 
2999 3028 3032 3044 3754 
2931 2953 3004 3009 
269 276 290 307 3043 3045 
2918 2997 
3014 3018 3751 3773 
3013 3055 3061 
2871 3058 
2956 3006 3031 3048 3049 
276 3005 3012 3023 3037 3045 
2990 2993 3019 3035 3055 3754 3764 
3037 3043 
3024 
2881 2889 2992 3000 3004 3052 
3001 3031 
269 3001 3006 3042 
3000 3053 
3008 3018 3751 3759 
2892 2992 3047 3057 
3000 3033 3034 3063 
3021 3025 3026 3055 
2989 2995 3003 3013 3019 3021 3040 3044 3054 
3024 3029 3046 3060 3063 
2918 2992 3002 3052 
2871 2879 3039 3041 3773 
2965 2991 3016 3029 3034 3063 
2991 3022 3056 
2989 2994 3040 
3003 3739 3756 
3029 3034 3053 3056 3059 
3083 3105 3110 3115 3124 
1695 1712 3119 
3088 3151 3167 
3113 3221 
3074 3093 3104 3111 3118 
3105 
3074 3099 3111 3112 3130 3145 3187 
3067 3072 3073 3225 3249 
3073 3101 3113 3114 3117 3126 
3071 3072 3076 3114 
3068 3070 3088 3117 3123 3145 
1688 1693 2388 2416 3095 
3071 3073 3229 
3108 3124 
3080 3101 
3107 3122 3125 
3079 3082 3085 3115 3116 
3085 3093 3101 3102 3104 
3078 3080 3098 3121 3215 3223 
3064 3089 3095 3100 3124 
1705 1712 3087 3091 3096 3103 
3080 3081 
3115 
3084 3091 3103 3105 3118 3119 
3066 3123 3145 3151 3174 3194 

3068 3103 3111 3112 
3065 3084 3087 3119 
3097 3114 3167 3175 3216 3229 3309 
3068 3072 3081 3101 
3113 3121 
1688 2372 3075 3083 3100 3108 
1692 3084 3099 3103 
3092 3114 3123 3126 
3107 3122 3223 
1692 1766 3070 3096 3103 3112 3187 
1675 1688 3083 3089 3095 
3072 3078 3081 3094 3113 
3064 3081 3104 3115 
3087 3099 
3068 3081 3102 
3069 3087 3118 
2385 3108 3120 
3098 
3077 3095 3106 
2394 2402 3116 3120 3125 
3064 
3068 3090 3112 
3070 3099 3111 
3067 3072 3094 3101 3121 
3072 3073 3092 3097 3229 
3064 3077 3080 3086 3102 3116 3124 
3080 3086 3109 3115 3120 
3072 3123 3126 
3068 3087 3103 3105 
1695 3065 3087 3089 3091 3100 
2394 3077 3106 3109 3116 
3082 3094 3113 3215 
3079 3125 
3097 3117 3167 
3077 3083 3115 
3122 
3097 
3134 3137 3152 3162 
3135 3154 3155 3171 3362 3392 
3134 3147 3149 
3174 3179 
3172 3181 3182 3196 3320 3331 
3129 3173 
3153 
3127 3129 3136 3143 3158 3190 

3144 3177 3190 
3127 3154 3162 3171 3193 
3159 3168 
3157 3165 3193 3196 3339 3370 
3148 3149 3158 
1766 1773 3142 3170 3178 3187 
3141 3144 3168 3170 3177 3178 

3129 3136 3142 3147 3177 
3070 3074 3130 3174 
3148 3163 3181 3188 
3129 
3140 3185 
3129 3132 3140 3156 
3158 3188 
3088 
3134 
3133 3156 3179 3184 3194 
3128 3186 
3128 3189 
3149 3153 3161 3179 3184 
3139 3383 
3140 
1738 1784 3166 3183 

3149 3156 3170 3192 
3127 3137 3154 
3146 3164 3181 3185 3266 
3163 3185 3195 3266 
3139 3193 3196 
1784 3154 3169 3183 3186 
3066 3097 3123 
1773 3159 3177 
3166 
3147 3161 
3128 3193 
3131 3344 3361 
3132 
3088 3194 
3092 3151 3195 
1775 3189 3369 3385 
3136 3142 3144 3168 3180 3186 
1773 3141 3142 
3130 3133 3153 3156 3187 
3138 
3131 3146 3163 3196 3331 
3172 3196 3344 
3138 3159 3166 3186 
3140 3153 3156 3194 
3148 3164 3194 3195 
3154 3162 3166 3177 3183 
1766 3070 3099 3170 3179 
3150 3193 
1775 3155 3176 3342 3369 3392 

3092 3175 3195 3289 
3132 3170 
3135 3137 3143 3165 3171 3188 
3088 3151 3153 3160 3174 3175 3184 3185 
3164 3185 3191 3194 3266 3289 3325 
3131 3139 3165 3181 3182 3188 3344 
3213 3238 

3207 3623 
3217 3247 3261 3262 
2492 2548 3213 
3212 
3217 3261 
3198 3206 3219 3231 
3233 3238 3251 3261 
3204 3225 3231 3235 3250 3251 
3199 3242 3248 3252 3254 3260 
3214 3227 3234 3236 3243 3253 
3240 
3209 3216 3240 3246 3250 3259 3299 
3245 3249 3251 
3228 3318 
2548 3197 3201 3256 3263 
3208 3234 3244 3253 
3082 3121 3223 3245 3258 
3229 3246 
3200 3203 3230 3261 
2495 2503 2543 3238 3258 
3204 3222 3233 3239 3244 3254 
3222 3224 3247 3252 3257 
3067 3121 3249 
3219 3220 3247 3252 
2392 3082 3098 3215 3258 
3220 3247 3257 3644 
3076 3246 3249 3250 
3251 
3209 3236 3240 3253 3299 
3202 3212 3623 
3073 3076 3114 3216 3246 
2494 2528 2541 2547 3203 3217 
3204 3206 3253 3259 
3212 3271 3318 3710 
3219 3222 3261 
3208 3214 3248 3283 
3204 3206 
3208 3227 3243 3299 
2492 3213 3238 3261 
3197 3205 3211 3218 3237 3245 3251 3256 3258 3263 
3219 3226 
3227 
3200 3262 3598 3618 
3212 3283 3318 
3208 3283 
3214 3248 
3211 3215 3249 
3210 3216 3225 3229 
3224 
3207 3214 3234 3242 3244 3254 
3071 3211 3221 3225 3245 3251 

3206 3211 3226 3235 3249 
3207 3220 3254 3260 
3208 3214 3231 3259 
3207 3219 3244 3248 3252 
3257 3599 3608 
3197 3213 3238 
3255 3644 
2392 3215 3218 

3207 3252 3255 3599 3623 
2492 3200 3203 3205 3217 3233 3237 
3200 3241 3593 3640 
2548 3213 
3298 3311 3500 
3269 3284 3326 3327 
3163 3164 3195 3296 3325 
3281 3291 3315 
3282 
3327 
3318 3334 3335 
3232 3292 3318 3710 
3266 3297 3307 3314 
3315 3321 3496 

3316 3317 
3242 3283 3318 3326 
3319 
3295 3304 
3285 

3304 3332 3485 
3285 3314 3324 3330 3333 
3234 3242 3243 3276 3284 
3243 3265 3276 3283 3314 3317 3327 
3282 3315 
3331 
3281 
3312 3330 
3309 3325 
3296 3300 3306 
3267 3280 3315 
3271 3318 3323 3335 3707 3710 
3302 3305 3308 3333 3336 3685 3705 
3293 3305 3336 
3278 3304 3320 3515 
3266 3272 3286 3331 
3325 
3264 3500 3508 3691 3871 
3210 3227 3236 3309 3316 
3280 3287 3290 
3282 3306 3328 
3274 3293 3330 3705 
3279 
3278 3281 3286 3295 3300 3320 3331 
3293 3294 3308 3329 
3272 3290 3301 3328 
3272 3275 
3293 3298 3305 3685 
3092 3191 3210 3299 3310 3316 
3289 3297 3316 3325 
3264 3279 3285 3313 3321 3500 
3268 3277 3288 3324 3326 3330 3334 
3264 3303 3311 3329 
3272 3282 3284 3301 3307 
3273 3285 3291 3321 3485 
3275 3299 3310 3317 
3236 3243 3284 3299 3307 3316 
3212 3242 3270 3271 3276 3292 3335 
3277 3323 3707 
3131 3295 3304 3361 3515 
3273 3311 3315 3521 
3282 3290 3300 3328 
3292 3319 3335 3707 
3269 3282 3312 3326 3327 
3195 3266 3297 3310 
3269 3276 3312 
3269 3284 
3301 3322 
3264 3305 3336 
3274 3277 3282 3288 3302 3333 
3131 3163 3181 3286 3296 3320 
3287 
3303 3313 
3312 
3318 3323 
3294 3329 
3338 3349 3350 3353 3397 
3337 3349 3397 

3399 
3346 3351 3364 
3189 3369 3394 
3350 3377 3396 
3182 3339 3361 
3372 3390 3395 
1922 1940 3341 3364 3385 3394 
3344 3361 3370 3380 3399 

3360 3397 
3337 3343 3371 3377 3457 
3341 3355 3363 
3357 3360 3380 3395 3517 3522 
3337 3384 3396 
3351 3377 3381 3391 
3351 3381 3390 3398 
3349 3389 3397 3402 3412 3413 3415 3444 
3352 3380 3399 3510 3517 3525 
3390 

3349 3352 3368 3389 3522 
3172 3320 3340 3344 3347 3374 
3157 3383 

3346 3362 3366 3383 3392 3394 
3371 3375 3393 3404 3448 3461 
3351 3364 

3360 3387 3572 
3189 3385 3394 
3139 3157 3339 3347 3376 3380 3383 3398 
3350 3365 3377 3393 3404 3451 3457 
3345 3376 
1922 1972 3363 3367 
3340 3361 3470 3476 3507 
3365 3382 3386 3393 
3370 3380 
3343 3354 3371 3378 3379 3381 3393 
1930 3377 3388 3400 
3377 3381 3396 
3347 3352 3357 3370 3376 3399 
3354 3377 3379 3390 
1923 3386 3448 
3157 3362 3364 
3395 
1775 1940 1951 3176 3346 3394 
3359 

1930 3359 3378 
3360 3368 3402 
3345 3355 3358 3372 
1972 3351 3354 3400 
3155 3189 3362 3364 3394 
3365 3371 3377 3388 
3364 3369 3385 
3345 
3343 3379 
3337 3338 3349 3350 3356 
3351 3355 3366 
3340 3347 3357 3374 3380 3476 3524 
1950 
3402 3403 3409 3413 3427 3445 3541 3579 
3368 3389 3401 3413 3571 3579 
3401 3406 3409 3455 
3365 3418 
3541 
3403 3409 3442 3452 3455 
3414 3431 3460 
2085 2092 2098 3429 3449 3450 
3406 3420 3464 
3404 3418 3433 3441 3454 3459 
3429 3442 3453 3460 
3356 3415 3422 3446 3451 3457 
3356 3401 3402 3427 3438 3444 
3407 3411 3429 3431 
3356 3422 
3453 
3416 3421 3424 
3365 3404 3410 3461 
3430 3433 3434 
3409 3428 3463 
3417 3423 3436 3462 
3412 3415 3425 3428 
2040 3421 3454 3459 
3416 3417 3430 3434 3452 3454 
3422 
3437 3442 3445 3455 
3413 3463 
3412 3420 3422 3425 3433 3463 
2092 3408 3411 3414 3435 3439 
3424 3434 
2080 3407 3456 3458 3460 
3453 
3404 3419 3428 3434 3451 
3430 
2080 2092 3456 3458 
2002 2011 2040 3421 3423 3443 
3426 3445 3455 
3413 3463 
3429 3442 3445 3449 3560 
612 631 2045 3443 3447 3462 
1982 3418 3459 3461 
3406 3411 3426 3429 3432 3439 3452 
631 2001 3436 3440 
3413 3415 3438 
3401 3405 3426 3437 3439 3455 3546 3560 
3350 3356 3412 
2045 2048 3411 3440 3460 
1923 1929 3365 3382 3461 
3408 3429 3439 3450 3560 
3408 3449 3559 
3371 3404 3428 
3424 
3411 
3410 3423 3424 3434 
3403 3426 3437 

3350 3412 3446 
2080 3431 3456 
1982 2040 3423 3441 3454 
2048 3407 3411 3414 3431 
1981 2003 3418 3441 3448 

3420 3427 3438 
3401 3409 3427 3463 
3471 3519 
3476 3507 3519 3527 
3497 3501 3511 3516 
3471 3480 3496 3512 3514 3521 
3475 3489 3499 3500 3508 
3361 3374 3507 
3465 3485 3512 3519 3526 3527 
3502 3523 3865 3894 3898 
3489 3505 3523 3855 3865 
3478 
3469 3489 3895 
3374 3466 3507 3524 
3467 3490 3501 
3474 3491 3492 3493 
3473 3489 3505 
3468 3504 

3491 3495 3509 
3495 3510 3519 3525 
3490 3518 
3273 3281 3315 3471 3496 3515 3527 
3478 3492 3516 
3503 3504 3505 
3484 3501 
3469 3473 3475 3479 3499 3852 3897 
3477 3488 3509 
3465 3478 3482 3493 3509 
3486 3494 3503 3514 

3492 3503 3504 3513 
3482 3483 3490 3525 
3468 3485 3521 

3487 3505 3516 
3469 3489 3500 3504 
3264 3298 3311 3469 3499 3504 3508 
3477 3488 3562 3577 3586 
3472 3511 3523 3543 3557 3898 
3494 
3487 3494 3499 3500 
3473 3487 3498 3523 
3520 
3466 3476 3515 
3298 3469 3475 3871 3895 
3477 3490 3491 3516 
3357 3399 3483 3519 
3467 3502 

3494 3514 
3468 3480 3492 3513 3520 
3295 3470 3485 3507 3527 
3467 3486 3493 3509 3511 3523 
3352 3481 3495 3525 
3488 3522 3577 
3465 3483 3510 3527 
3506 3514 3526 
3321 3468 3480 3500 3504 
3352 3360 3387 3517 3518 
3472 3502 3505 3511 3516 

3483 3517 
3471 3474 
3466 3471 3485 3519 
3535 3582 
3530 3535 3563 3575 3576 3578 3580 3589 

3566 3570 3574 3583 
3544 3560 
2226 3564 3591 
3564 3567 3575 3589 
3528 3529 3530 3574 
3546 3560 3568 3573 
2175 2181 2556 3547 3945 
3543 3548 3550 3570 3584 3914 3937 
3551 3554 3556 3558 3583 
3545 3551 
3401 3405 3552 3579 
3555 3558 3583 3586 
3502 3538 3548 3557 3898 3903 3916 3929 
3532 3561 3573 3591 
3540 3551 3574 3583 
3445 3560 3568 3590 
3537 3917 
3538 
3547 3550 3917 3938 
3538 3549 3584 3937 3938 
3545 
3554 3585 3587 

3539 3587 
3467 3542 3586 
3528 3539 3551 3553 
3497 3502 3511 3542 3543 3555 3566 
3539 3542 3562 3577 3583 
2185 3450 3532 3560 3561 
3439 3445 3450 3532 3536 3546 3559 3573 
2185 3544 3559 3588 3591 
3501 3558 
3564 
3534 3563 3569 3589 3591 
2216 3567 3575 
3531 3557 3570 
2173 2184 2226 3533 3534 3565 
3536 3546 
3528 3564 3582 
3538 3566 3576 3584 
3402 3579 
3368 3387 3402 3571 3577 3585 
3532 3536 3544 3560 3581 
3528 3531 3535 3540 3545 3583 
3529 3565 3578 
3529 3570 3580 
3488 3501 3518 3558 3562 3572 3585 3587 
2181 2194 3529 3575 3580 
3401 3541 3552 3585 
2181 3529 3549 3578 
3556 3573 3582 3591 
3528 
3531 3539 3542 3545 3551 3558 3574 
3538 3550 
3552 3572 3577 3579 
3501 3555 3562 
3554 3577 
2197 2226 3561 3591 
3529 3534 3564 
3405 3445 3539 3553 
3533 3544 3564 3581 3582 3588 
3597 3614 3649 3653 3678 3723 3746 
3262 3608 3620 3640 3644 3648 
3595 3600 3603 3651 3696 
3594 3706 
3602 3635 3641 3652 
3592 3607 3614 3637 3654 3682 
2494 3241 
3255 3608 3622 3623 3638 
3202 3594 3623 3651 3696 3710 
3609 3610 3618 3639 3643 3648 
3641 3725 3769 
3594 3595 3632 3645 3706 
3611 
3607 3624 3631 
3607 3653 
3597 3605 3606 3624 3632 3645 3653 3654 
3255 3257 3599 3622 3625 3644 3648 
3601 3613 3616 3625 3626 
2893 3618 3636 
3630 
3058 3619 3633 3773 
3609 3616 3629 3631 
3672 
3617 3619 3627 3633 
3613 
2905 3612 3615 3627 3628 3633 
3241 3610 3636 3640 3648 
3602 3612 3615 3633 3725 3736 3773 
3640 
3627 3639 3643 3646 3650 
3608 3626 3638 
3199 3202 3260 3599 3600 3638 
3605 3607 3626 3631 3632 
3608 3609 
3609 3622 3624 3625 
3615 3617 3621 3630 3647 
2891 2905 3617 3646 3650 
3613 3626 3631 
3602 3611 3627 3647 
3605 3606 3624 3629 
3603 3607 3624 3645 
3615 3617 3619 
3613 3642 
3649 3653 3743 3769 3782 
2494 3598 3610 3618 
3614 3672 3682 
3622 
3601 3621 3643 3650 
3241 3262 3593 3618 3620 
3596 3602 3611 3642 3655 
3634 3641 3655 
3601 3609 3621 3639 3647 
3224 3262 3593 
3607 3632 3662 
3628 3650 
3611 3627 3630 3643 
3601 3618 
3592 3653 3746 3750 
2893 2920 3610 3621 3628 3639 3646 
3594 3600 3622 3626 
3596 3635 3653 
3592 3607 3634 3635 3649 
3597 3607 3662 3682 
3641 3642 
3673 3702 3711 
3676 3684 3702 3717 3838 
3664 3666 3709 
3672 3678 3693 3715 3795 
3692 3698 3701 
3654 3662 3663 3681 3682 3687 
3603 3645 3654 3661 3663 3706 
3661 3687 3714 
3658 3675 3685 3688 3705 
3676 3687 3703 3704 3719 
3658 3709 
3679 3683 3690 3711 3718 3907 
3670 
3699 
3668 3688 3689 3690 3712 
3694 3700 3707 3710 3714 
3614 3637 3677 3678 
3718 3876 
3695 3709 
3664 3705 
3657 3665 3697 3702 
3681 3693 3716 
3592 3614 3659 3672 3723 3780 3795 

3980 
3677 3682 3716 
3637 3654 3661 3681 
3667 3673 3718 
3657 3703 3799 
3293 3308 3664 3686 3688 
3691 
3661 3663 3665 3695 3704 3713 3719 
3664 3685 3686 3708 
3670 
3670 3712 3907 
3298 3308 3686 3708 3871 
3660 3668 3679 3709 3712 
3659 3677 
3671 3674 3695 3700 
3687 3694 3713 3714 
3594 3600 3706 3710 
3676 3698 3702 
3660 3701 
3669 3680 3702 3847 3876 3883 3886 
3319 3666 3671 3675 3694 
3660 3698 3704 
3656 3657 3673 3676 3697 3699 3803 3847 
3657 3665 3693 3715 3720 

3277 3293 3302 3319 3664 
3594 3595 3603 3662 3663 3696 3714 
3323 
3686 3688 3689 3871 3872 3907 
3658 3660 3666 3668 3674 3692 3713 
3202 3232 3271 3292 3600 3671 3696 3707 
3656 3667 3679 3692 3698 3718 
3668 3670 3679 3690 
3674 3687 3695 3709 
3671 3696 3710 
3659 3693 3703 3720 3810 
3677 3681 3693 3719 
3702 3803 3838 
3667 3673 3683 3711 

3703 3715 3799 
3780 3796 3829 
3724 3771 3772 3778 3779 
3746 3780 
3722 3745 3772 
3602 3619 3733 3734 3736 
1022 3735 3754 3765 
3740 3745 3783 
3725 3749 3761 3769 

1038 3742 3747 3762 3765 3783 
3755 

3724 3725 3732 3734 3761 3767 3776 
3724 3733 3736 3741 3745 
3726 3754 3764 3765 
3725 3734 3741 3751 3773 
3721 3760 3780 3817 
1069 3731 3748 3753 3758 3774 
3051 3062 3740 3745 
3062 3727 3739 3745 3756 
3734 3736 
3730 3770 
3635 3723 3737 3744 3746 3750 3782 
3749 3776 3782 
3724 3727 3734 3739 3740 3741 
3592 3649 3723 3743 3750 
1035 1038 1045 1080 3730 3777 

3744 3769 
3649 3743 3746 
3018 3039 3051 3736 3741 3759 
3758 3766 3777 3778 
1030 1069 1125 3774 3830 
3035 3044 3726 
3731 3817 
2990 3003 3020 3062 3740 3764 
3758 3778 3784 
1059 1069 3738 3752 3757 3778 
3051 3739 3741 3751 
3737 3767 3817 

3730 3763 
1022 1036 1038 
3020 3735 3756 3770 
3735 3763 
1025 1055 1059 1061 3752 3777 
3733 3760 3776 
3730 
3635 3728 3749 3782 
3742 
3722 3779 
3722 3724 3781 
3039 3058 3612 3619 
3731 3738 3753 3806 3822 3828 3830 3844 
3777 3779 
3733 3744 3749 
1025 3747 3752 3775 3779 
3722 3752 3758 3781 
3771 3775 3777 
3721 3723 3737 
3732 3772 3778 

3727 3729 3742 3768 3775 
3755 3757 3767 3778 


3831 3833 3851 
3800 3841 3989 
3796 3818 
1095 3812 3851 3984 4031 
3798 3815 3832 3840 
3808 3819 3837 3846 
3786 3821 3823 3850 
3845 
3659 3678 3796 3810 
3721 3789 3795 3810 3818 3829 3839 3846 
3792 3816 
3791 3809 3822 
3684 3720 3789 3810 3835 3838 
3788 3816 3820 3841 
3816 3824 3832 3840 

3702 3717 3836 3842 3847 3848 
3791 3828 3845 
3808 3818 3835 3849 
3798 3828 

3792 3805 
3822 3844 
3720 3789 3795 3799 
3833 
1120 3790 3851 
1087 3843 3844 
3811 3820 3833 3984 3989 4020 
3791 3794 
3797 3800 3801 3807 3819 3820 3833 
3737 3755 3767 3784 3827 3828 3829 
3808 3846 
3792 3794 3801 3816 3845 3846 
3814 3816 
3786 3793 3850 
3774 3798 3809 3844 
3793 3826 3837 3841 
1087 1121 3801 3843 
3842 3847 3980 
3836 
3817 3829 3845 
3731 3755 3774 3804 3817 3845 
3796 3827 3839 
1125 1139 3753 3774 3844 
1121 3787 3851 
3791 3801 3815 3840 
3811 3814 3816 3820 
1134 1138 
3799 3805 3838 
3803 3826 3842 3983 
3792 3797 3823 3841 
3684 3717 3786 3799 3835 3848 
3796 3827 3829 3846 
3791 3798 3832 3843 
3788 3823 3983 4019 
3803 3825 3847 3983 
1087 3801 3813 3840 
3774 3809 3822 
3794 3804 3819 3828 3839 
3792 3796 3808 3818 3819 3839 
3680 3803 3825 3980 
3803 3836 3838 
3805 3835 3850 
3792 3793 3808 3821 3849 
1134 3787 3811 3812 3831 3834 
3489 3855 3897 

3887 3892 
3852 3861 3865 3867 
3853 3876 3883 3887 3906 
3900 3905 3908 

3864 3869 3870 3880 3900 

3855 3867 3884 
3853 3856 3906 3909 
3889 3893 3951 3971 
3859 3878 3900 
3472 3473 3855 3867 3891 
3985 4002 
3865 
3871 3888 
3892 3901 

3508 3691 3708 3868 3872 
3708 3868 3871 3888 
3882 3888 3895 3897 
3877 3887 3985 4010 4021 4023 
3858 3877 3881 3925 
3669 3673 3699 3856 3883 3885 
3858 3874 3875 3887 3890 3902 3905 
3855 3864 3900 
3904 3946 
3859 3870 3887 
3875 3904 
3888 
3699 3876 3887 
3861 3863 3867 3891 3893 3908 
3673 3876 
3699 3883 4011 
3854 3856 3860 3874 3880 3883 3890 3996 
3868 3872 3873 3882 3895 
3863 3891 3903 3951 
3877 3887 3905 
3865 3894 
3854 3869 3901 3906 
3863 3884 3899 3908 3910 
3889 
3475 3508 3871 3873 3888 3897 
3855 3882 3901 
3475 3489 3852 3873 3895 
3472 3502 3543 3889 3903 
3893 3908 3910 3939 
3857 3864 
3869 3872 3892 3896 3906 3907 3909 
3858 3866 3985 
3543 
3879 3881 3905 3928 
3857 3870 3877 3881 3890 3904 3908 
3856 3862 3892 
3667 3683 3689 3872 3901 3909 
3893 3899 
3862 3901 3907 
3893 3899 3921 3951 
3918 3919 3924 3936 3962 3967 
3913 3914 3929 3949 
3912 3916 3921 3951 3962 
3538 3937 3949 
3953 
3543 3903 3929 3951 
3537 
3911 3936 3942 

3956 3961 
3944 3962 
3912 3924 3936 3962 
3915 3927 3930 3931 
3911 3922 
3881 3941 3946 4002 4045 4095 
3964 
3936 3954 3960 
3879 3904 3946 3950 
3912 
2559 2582 2601 3923 3931 3959 
2601 3930 
3917 3938 3945 3948 3965 3968 
3915 3930 3953 3957 
3935 3941 3942 3958 3967 
3941 3958 3970 4057 4093 4095 
3911 3922 3927 
3550 3914 3938 3949 3965 
3549 3550 3932 3937 3965 

2601 3952 3968 
3925 3934 3935 3950 4095 


3919 3921 3928 3967 
2556 3932 3968 
3928 3950 
3953 3961 3966 4065 
3926 3932 3952 3955 3965 3969 
3912 3965 
3925 3941 3946 3967 
3863 3889 3910 3913 3916 3971 
2601 3931 3940 3948 3969 
3915 3920 3933 3943 3947 3966 
3927 

3963 
3933 3959 4046 
3934 3963 
2587 2689 3930 3957 

3920 3953 4040 
3913 3919 3922 3924 
3936 3956 3960 
3926 3948 3949 3954 
3937 3938 
3947 3953 4046 4065 
3911 3918 3928 3941 3944 3950 
2556 2573 2584 3932 3940 3945 3952 
3952 3955 
3935 3958 3961 4040 4057 
3863 3910 3951 
1295 1323 3997 3998 4012 4024 
3988 4000 4006 4013 4025 4032 
3977 3990 
3996 4011 4014 4019 

3974 4015 4055 4073 4077 
4003 4067 4086 
3976 3999 4005 4007 4009 4029 
3886 4011 
3986 3992 3993 
3989 3991 4004 4016 4018 
3825 3836 3841 3842 3975 4011 4019 
3790 3814 3987 4005 4020 
3866 3874 3902 4002 4023 4027 4032 
4024 4025 
1305 3984 3995 3999 4031 
4027 4032 
3814 3820 3982 4004 4020 
3974 4002 4045 
3982 4010 4023 4030 
3981 3986 3993 4006 4017 
3981 3992 3997 4001 4029 
4017 4020 4029 
1299 1307 1317 3987 3997 3999 4001 
3887 3975 4011 4030 
3972 3995 3998 4001 4024 
1296 3972 3997 
3976 3995 4001 
4015 4025 
3997 3999 
3858 3866 3875 3925 3985 3990 4045 
1295 1369 3978 4086 
4014 
3979 3984 4009 4020 
3973 3986 3992 4013 
3979 4001 4029 
3978 4022 4028 4056 4085 

3874 3991 4023 
3886 3975 3980 3996 

3982 4006 4016 
3991 4030 
3973 3974 3977 4000 
4013 
3992 4016 
3982 3994 
3841 
3814 3984 3989 3994 4005 
3874 3996 4030 
4008 4024 4025 4055 
3874 3985 3991 4010 4013 
3972 3981 3986 3997 
3977 3986 
4016 

3978 4008 4024 
3994 4007 
3991 4014 4021 
1095 1305 3790 3987 
3973 3974 3988 4015 
3974 3990 4038 4062 
1359 4067 4086 
4053 4061 4064 4070 4081 4082 
4047 4064 4090 
2718 2723 
4033 4045 4057 4093 4095 
1328 1359 4034 4048 4056 4085 
3961 3970 4042 4071 
1335 1375 4094 
3947 3961 4040 4071 
1328 1345 1375 4063 4078 4089 
2679 
4002 4038 
3957 3959 3966 4049 4065 4088 
4059 4061 4064 4096 
4039 4050 4056 4079 
4088 
4048 4079 4089 4096 
4064 4068 4090 
4057 
4035 4070 
4052 4062 
4077 4092 
4039 4048 4085 4092 
3970 4052 4062 
4042 4046 4065 
4047 4052 4061 4074 
4071 4087 
4035 4047 4059 4070 4087 
4033 4038 4052 4057 4073 4091 
4036 4043 4078 4094 4096 
4035 4036 4047 4051 4081 4090 
4042 4046 
1386 2697 4084 
3978 4008 4034 
2679 4044 4051 4064 4066 4083 4094 
2687 4037 4075 
4035 4053 4061 4087 
3970 4040 4042 4057 4060 4072 4087 
4058 4076 4087 
3974 4062 4077 4091 
4059 4060 
4069 4081 4082 
4049 4072 4082 
3977 4055 4073 4092 
1375 4043 4063 4094 

4082 4088 
2679 2687 4035 4064 4075 4082 
4035 4053 4075 4076 4080 4081 
2697 2704 2712 4044 4066 4068 
1333 1335 1384 1386 4066 
4008 4034 4056 4067 
1359 1369 3978 4003 4034 
4060 4061 4070 4071 4072 
2689 2718 3959 4080 
1328 4039 4043 4050 4063 4096 

4062 4073 4079 4092 
4056 4077 4079 4091 
4095 
4041 4063 4068 4078 4084 
3925 3935 3941 4038 4093 
4036 4052 4063 4089 
