1024 4198 0
2 4 5 8 9 10 17 1010 
1 5 8 9 
1 4 12 
1 3 12 13 14 15 
1 9 


1 2 
1 2 5 




4 
4 14 16 
1017 
1 18 






1 2 17 18 19 25 26 27 28 33 34 35 36 37 38 39 41 42 44 52 53 111 125 126 993 
24 26 27 33 34 35 36 
25 
24 25 





25 
24 35 
24 25 34 
24 25 

24 
41 42 

39 42 51 
39 41 51 

41 45 
44 





41 42 
53 54 55 56 57 58 59 60 61 62 68 69 81 
40 52 54 55 57 62 64 65 66 67 73 74 
52 53 55 57 64 65 66 67 73 
52 53 54 57 64 65 66 67 73 
52 
52 53 55 64 65 66 67 73 
68 

52 59 
52 
53 63 70 
62 70 
53 54 55 57 65 
54 55 57 
53 54 55 57 67 73 
53 54 55 66 73 
52 58 
52 60 
62 63 


53 54 55 57 66 
53 
78 92 
77 79 80 85 86 
76 
75 
76 
76 79 




76 



90 91 103 110 
89 93 94 
89 90 
97 
90 94 
90 93 



99 100 108 109 
98 








98 99 109 
98 
103 
24 52 89 90 98 99 100 101 104 105 106 107 112 113 114 115 116 118 119 120 121 124 125 126 127 144 178 225 
111 116 120 121 
111 114 117 
113 115 
111 114 122 
111 112 118 

111 116 119 

111 112 
111 112 



24 89 111 112 113 114 115 116 117 118 126 127 128 129 130 131 132 133 136 138 139 140 141 142 143 144 145 146 155 178 225 
24 89 111 112 113 114 115 116 117 118 119 120 122 125 127 128 129 130 133 138 140 143 144 145 146 155 178 225 
126 130 
125 126 129 134 146 
125 126 128 131 134 135 146 
125 126 127 133 138 
125 129 
125 
126 130 139 
128 129 135 



125 126 130 
125 
125 126 141 
125 140 142 
141 
125 126 
145 146 

128 129 144 153 






146 
24 111 125 126 144 145 155 156 157 158 159 160 161 162 165 174 175 176 177 178 179 194 212 225 321 820 910 952 1009 
154 157 158 159 162 167 168 169 
154 160 164 174 
154 155 161 166 
154 167 168 
154 155 162 163 
154 156 
154 157 
154 155 159 170 171 
159 173 

154 
154 157 
158 
155 158 167 

162 
162 
163 173 
163 
176 177 


174 
179 180 191 192 193 212 
191 
178 181 186 
180 186 











178 
111 125 126 154 178 179 180 195 196 197 198 199 200 201 202 203 204 205 206 207 208 212 213 214 215 219 220 222 223 224 225 244 307 321 820 910 952 

194 197 202 203 
194 196 202 203 204 
194 199 206 207 
194 198 206 207 

194 209 
197 
194 196 197 
194 197 

194 198 199 
194 198 199 
194 
201 


178 195 213 214 215 219 220 222 
212 214 219 
212 213 215 222 

234 


212 213 
212 

212 214 


111 125 126 178 179 195 196 212 213 214 215 216 217 218 219 221 226 227 228 230 231 232 233 234 239 240 241 242 243 244 307 
225 249 

229 
236 
240 
225 230 
225 233 242 
232 234 
216 225 233 

229 



225 230 
225 
225 232 
225 234 
248 249 257 258 259 260 


254 255 
259 260 
244 262 
251 
252 

247 
247 




244 248 


249 
267 268 272 



263 272 
263 273 



267 
263 268 

276 


269 




264 

286 287 288 292 293 296 297 298 
292 293 296 297 310 320 
285 288 
285 287 289 299 300 
300 
295 303 305 
265 290 306 
285 286 293 296 297 
285 286 292 297 

290 291 305 
286 
285 286 293 

288 
288 289 


290 



285 286 287 288 289 290 292 293 296 297 298 309 310 317 318 319 
312 

307 



309 315 


307 
307 
307 318 

126 154 194 225 285 307 322 323 324 325 326 327 328 329 330 331 332 333 334 335 336 337 338 342 343 345 347 348 357 359 361 367 368 407 820 910 952 
321 327 328 333 
321 325 326 
321 323 325 
321 323 324 
321 323 332 338 339 
321 322 328 334 335 
321 322 327 334 335 
321 322 330 336 
321 329 
321 
326 
322 
321 328 
321 327 334 
329 
321 
321 
326 

1 17 24 52 53 89 111 112 125 126 144 154 155 178 179 194 196 212 213 225 227 244 263 264 269 285 286 287 288 289 290 291 292 293 294 295 307 308 309 310 311 312 313 314 316 317 318 320 321 322 323 324 325 326 327 328 329 330 331 332 333 334 335 336 337 338 339 340 342 343 344 345 346 347 348 349 350 351 352 353 354 355 356 357 358 359 360 361 362 363 364 365 366 367 368 369 370 371 372 373 374 375 376 384 385 386 387 388 389 390 391 394 407 408 409 410 412 427 428 442 443 444 445 454 455 456 459 475 476 492 493 509 510 511 528 529 548 549 562 572 573 575 602 613 614 615 636 637 651 669 685 686 714 733 764 765 802 820 821 829 830 847 848 863 891 892 910 937 952 953 954 993 1009 
341 343 
341 342 
341 342 
341 353 
341 355 356 
341 
341 347 
341 350 
349 
341 

341 345 

341 346 
341 346 
358 359 360 361 362 363 365 367 368 369 370 372 373 374 375 376 387 407 
357 362 
357 360 366 
357 359 
357 
357 358 
357 



358 368 369 370 371 372 373 374 375 376 384 385 
358 359 362 367 369 370 372 373 374 376 386 387 407 
368 370 373 374 375 376 386 
368 369 375 376 
367 379 
367 368 384 
367 368 374 
367 368 369 373 386 
367 368 369 370 386 
367 368 369 370 




382 



367 
368 369 374 375 
370 
392 426 
390 395 

390 


389 
389 





402 
401 




367 368 388 408 409 410 413 414 415 416 421 424 425 427 
409 410 413 414 416 425 
388 392 396 407 408 410 
407 408 409 415 416 

407 408 
407 408 414 422 423 
407 408 413 424 
407 408 410 
408 410 

417 419 
417 

407 

413 
407 414 
407 410 
409 
407 428 429 430 431 432 433 436 437 438 439 443 444 
427 429 430 431 436 437 443 444 
427 428 431 435 
427 428 436 
428 429 
427 
427 440 


427 430 
428 
427 



443 447 456 459 
428 442 444 445 450 451 456 
428 429 430 431 435 443 453 


442 



443 
444 453 
444 452 
427 442 443 455 456 457 458 459 460 461 462 467 475 476 477 478 479 480 481 490 491 492 493 528 548 
454 456 458 461 462 467 468 476 
442 443 454 455 459 466 473 474 
454 460 491 
454 455 461 467 
454 456 471 473 
457 
454 
455 468 



456 459 
458 





456 466 
456 
485 
455 457 460 477 479 481 490 491 
476 478 479 489 

476 477 480 
479 
476 

475 484 


475 


477 


475 476 493 494 495 496 497 499 500 501 509 510 511 
475 476 492 495 496 497 500 501 509 510 
492 498 
492 493 496 507 
492 493 
492 493 
494 527 
492 504 
492 493 501 
492 493 500 


499 505 


495 
492 500 
492 493 510 511 512 514 515 519 520 521 522 549 
494 509 511 512 514 515 516 522 523 525 
509 510 512 516 523 524 525 
509 510 511 514 515 522 
518 
509 512 
509 510 512 
510 525 

513 

509 
509 
510 512 
511 515 
510 
510 
527 
526 
454 492 493 509 510 511 512 513 517 529 530 531 532 534 535 544 545 546 548 549 550 551 552 553 562 614 615 
528 530 531 534 540 541 542 543 
528 529 531 534 542 543 
528 529 530 
535 545 

528 530 
528 532 546 




529 
529 
529 530 543 
529 530 
528 
528 532 
528 535 
1 2 3 4 17 18 24 25 26 27 28 39 40 41 42 44 52 53 54 55 56 57 75 76 77 79 81 89 90 91 92 98 99 111 112 113 114 115 116 118 125 126 127 128 129 130 144 145 146 154 155 156 157 158 159 162 174 178 179 180 194 195 196 197 198 199 201 212 213 214 215 220 225 226 227 228 230 232 233 234 244 245 246 247 248 249 263 264 267 269 285 286 287 288 289 290 291 294 295 307 308 309 310 321 322 323 324 325 326 327 328 329 330 331 332 341 342 343 344 345 346 347 348 357 358 359 360 361 362 363 364 367 368 369 370 371 372 373 374 375 376 377 384 386 388 389 390 391 392 393 394 395 397 400 401 407 408 409 410 411 412 413 414 415 416 417 421 426 427 428 429 430 431 432 433 434 435 436 437 438 439 440 441 442 443 444 445 446 447 448 449 450 451 452 453 454 455 456 457 458 459 460 461 462 463 464 465 466 467 468 469 470 471 472 473 474 475 476 477 478 479 480 481 482 483 484 485 486 487 488 489 490 491 492 493 494 495 496 497 498 499 500 501 502 503 504 505 506 507 508 509 510 511 512 513 514 515 516 517 518 519 520 521 522 523 524 525 526 527 528 529 530 531 532 533 534 535 536 537 538 539 540 541 542 543 544 545 546 548 549 550 551 552 553 554 555 556 557 558 559 560 561 562 563 564 565 566 567 568 569 570 571 572 573 574 575 576 577 578 579 580 581 582 583 584 585 586 587 588 589 590 591 592 593 594 595 596 597 598 599 600 601 602 603 604 605 606 607 608 609 610 611 612 613 614 615 616 617 618 619 620 621 622 623 624 625 626 627 628 629 630 631 632 633 634 635 636 637 638 639 640 641 642 643 644 645 646 647 648 649 650 651 652 653 654 655 656 657 658 659 660 661 662 663 664 665 666 667 668 669 670 671 672 673 677 678 679 680 682 684 685 686 687 688 689 690 691 692 693 694 696 699 700 701 702 703 704 705 706 707 709 711 712 714 715 716 717 718 719 720 721 722 723 725 733 734 735 736 737 738 739 744 750 751 752 753 754 764 765 766 767 768 769 770 771 772 773 787 788 789 790 791 792 802 803 804 805 806 809 820 821 822 829 830 831 833 847 848 849 850 851 863 864 865 866 868 869 870 876 877 878 879 880 891 892 893 894 895 896 897 899 910 911 913 914 925 937 938 939 940 941 952 953 954 955 956 957 958 959 972 973 977 993 994 995 996 999 1009 1010 1011 1012 1013 
454 492 493 509 510 528 529 530 531 533 547 549 550 551 552 553 556 557 559 560 561 562 563 575 614 615 
509 529 547 548 550 551 552 553 556 557 559 560 561 
548 549 551 552 555 
548 549 550 552 556 559 
547 548 549 550 551 556 559 
547 548 549 561 
547 
547 550 
547 548 549 551 552 
547 548 561 

547 548 549 551 552 556 
547 548 549 
548 549 553 557 
528 548 549 550 564 567 574 575 576 577 579 587 588 589 614 615 
562 564 565 575 576 577 
562 563 565 
562 563 564 






24 111 125 126 154 178 194 212 225 307 321 341 357 367 368 407 408 409 427 442 443 444 454 455 456 475 476 492 493 495 497 509 510 511 512 528 529 530 531 532 534 548 549 550 551 552 553 554 555 556 557 562 563 564 565 566 567 568 569 570 571 573 574 575 576 577 578 579 580 581 582 583 584 585 586 587 588 589 590 591 592 593 594 595 596 597 598 599 600 601 602 603 604 605 606 611 612 613 614 615 616 617 618 619 621 622 623 624 626 636 637 638 639 651 652 653 654 655 669 685 686 687 699 714 733 764 765 802 803 820 821 829 830 831 847 848 863 891 892 910 937 952 954 993 1009 
528 548 549 550 562 563 572 574 575 576 577 578 579 580 581 582 583 584 585 586 590 591 592 597 599 600 601 602 603 614 615 636 637 669 685 733 820 910 
572 573 575 578 580 581 584 585 
563 572 573 574 576 577 579 582 583 587 
563 572 573 575 577 579 582 583 587 
563 572 573 575 576 587 
572 573 574 580 581 
572 573 575 576 582 
572 573 574 578 584 
573 574 578 
572 573 575 576 579 
573 
572 574 
572 573 574 
573 
572 575 576 577 
572 589 
572 
591 592 
590 





590 




603 604 605 606 607 626 637 
602 611 
602 605 
604 





603 

1 17 24 52 111 125 126 154 178 194 212 225 307 321 341 357 367 368 407 408 409 427 442 443 444 454 455 456 475 476 492 493 495 509 510 511 512 528 529 530 531 532 548 549 550 551 552 553 562 563 564 566 572 573 574 575 576 577 578 579 580 581 582 583 587 590 591 592 593 594 595 596 597 598 599 601 602 603 604 605 606 607 608 609 610 611 612 614 615 616 617 618 619 620 621 622 623 624 625 626 627 628 629 630 631 632 633 634 635 636 637 638 639 640 641 642 643 644 645 646 647 648 649 650 651 652 653 654 655 656 657 658 659 661 664 667 669 670 671 672 673 685 686 687 688 689 690 692 693 694 699 700 701 702 714 715 716 718 719 733 734 735 750 751 752 764 765 766 767 787 802 803 820 821 822 829 830 831 847 848 849 863 876 891 892 893 910 937 952 953 954 993 1009 
528 548 562 590 602 603 604 605 606 613 615 616 617 618 619 620 621 622 623 624 625 626 633 634 635 636 637 638 651 652 669 686 714 733 
528 548 549 562 574 575 590 602 603 604 605 606 607 608 613 614 616 617 618 619 621 622 623 624 625 626 633 634 635 636 637 651 652 669 686 714 733 
613 614 615 617 618 621 622 629 630 631 632 
613 614 615 616 618 619 622 623 
613 615 616 617 621 622 631 632 
613 614 615 617 623 624 
613 614 
613 614 615 618 631 
614 615 616 617 618 
613 614 615 617 619 
614 615 619 625 
613 614 615 624 
613 614 615 


616 
616 
613 616 618 
613 616 618 
614 615 
613 614 
613 614 615 
616 637 638 639 640 641 643 644 645 646 651 652 653 655 
602 616 617 618 636 638 639 641 642 648 649 650 651 
637 639 640 
636 638 641 647 
636 638 645 
636 637 639 648 
637 649 
636 

636 640 
636 638 

637 641 
637 642 

636 652 653 654 657 658 662 673 
651 653 654 655 659 664 665 666 667 
651 652 654 655 659 664 665 666 
651 652 653 659 664 665 
653 

651 656 660 
651 
652 653 654 666 

651 


652 653 654 
652 653 654 
652 
652 

614 615 636 637 651 652 653 654 670 671 672 677 678 679 680 681 682 688 689 690 694 699 714 733 
669 677 
669 672 680 
669 671 
669 



669 
669 

669 671 681 
669 680 
669 683 


528 548 573 614 615 636 637 651 652 669 670 671 686 687 688 689 690 691 692 693 694 695 696 697 699 700 701 702 703 705 707 711 712 713 714 715 719 733 750 764 765 820 821 910 937 952 
614 615 651 669 685 687 689 690 691 692 695 699 701 702 711 712 713 714 733 
685 686 699 
685 686 689 690 692 693 696 697 
688 
685 686 688 
685 686 687 
685 688 689 
688 

686 
685 688 


687 701 702 705 706 707 709 

699 703 704 
699 707 
701 
701 
699 706 709 
699 705 710 
699 702 

699 705 706 710 




614 615 669 686 699 700 701 716 717 718 719 721 722 723 725 727 728 729 733 735 750 751 764 765 821 
714 717 
714 715 717 

714 720 725 726 
700 714 721 723 731 
714 718 729 730 
719 
721 
714 719 

714 718 
718 

714 
714 
720 
719 732 

614 615 669 686 699 714 715 716 717 718 719 720 724 734 735 742 744 745 746 747 748 749 751 752 764 765 766 821 
740 741 



733 744 745 


734 
743 

733 738 
733 738 744 
747 
733 746 


751 752 762 763 
750 752 763 
750 751 763 
754 
753 





761 


750 751 752 
714 733 750 751 765 766 767 768 769 770 771 772 773 776 777 778 779 780 781 782 783 784 785 787 788 789 792 803 821 
750 751 764 766 767 771 772 773 785 786 
764 765 767 783 
764 766 771 772 773 
764 769 774 775 

764 776 
764 765 767 772 773 
764 765 771 773 
764 765 767 771 772 
768 

764 770 

764 
764 
764 
764 
764 
764 766 784 
766 783 
764 765 
765 
788 791 795 796 797 
787 789 
788 798 799 

787 796 797 
800 


787 
787 791 797 
791 
799 
789 798 

792 
24 111 125 126 154 194 225 321 528 548 573 614 615 669 685 686 714 733 750 751 764 765 766 767 787 788 789 790 791 792 803 804 805 806 807 808 809 810 811 812 813 814 815 816 817 818 819 820 821 822 824 825 826 827 828 829 830 831 847 848 849 850 851 863 876 891 892 893 910 937 952 954 993 1009 
802 805 806 807 808 812 
803 807 808 811 
802 803 813 814 815 816 
802 803 819 
802 803 804 810 
804 
802 
802 807 
802 804 808 
802 803 
802 814 
802 805 813 815 
802 805 814 816 
802 815 
802 


24 111 126 154 194 321 528 548 573 614 615 669 685 686 714 733 750 751 764 765 766 767 787 788 789 790 803 804 805 806 807 808 809 810 811 812 813 814 815 816 817 821 822 824 825 826 827 828 829 830 831 847 848 849 850 851 863 876 891 892 893 910 937 952 954 993 1009 
714 733 764 765 803 804 805 807 820 822 824 825 826 827 829 830 831 847 848 849 850 863 891 892 
820 821 824 

820 821 822 
820 821 
821 

820 
830 831 832 833 837 838 839 847 848 849 850 851 863 
829 831 833 838 839 840 847 848 849 850 863 
822 829 830 833 840 841 847 848 849 850 
837 
829 830 831 

834 

829 832 
829 830 
829 830 
830 831 

843 844 
844 
842 843 
846 
845 
829 830 831 848 849 850 851 859 860 861 862 863 
829 830 831 832 834 835 836 837 847 849 850 851 861 862 863 
847 848 850 851 860 
848 849 851 861 862 
847 848 849 850 860 
856 

853 

852 


847 
847 849 851 
847 848 849 
847 848 850 
829 830 847 848 849 865 866 868 869 870 875 876 
871 880 
867 872 
863 
865 
863 

863 
864 
865 


863 
863 877 878 881 882 883 
876 
876 883 
886 
890 
876 
876 
876 878 


879 
888 889 
887 
887 
880 
821 847 848 863 876 877 892 893 894 895 896 897 898 899 900 901 902 903 905 906 907 911 
821 829 847 848 863 876 877 878 881 891 893 894 895 896 897 898 899 900 901 902 904 906 907 908 909 911 954 
891 892 894 895 897 903 911 924 
891 892 893 897 903 911 
891 892 893 898 
891 892 899 900 901 902 907 908 909 
891 892 893 894 
891 895 
891 892 896 900 901 902 907 
892 896 901 902 907 
891 892 896 899 902 
891 892 896 899 901 908 
891 
891 

891 892 
891 892 896 899 900 
896 902 909 
892 896 908 
1 17 24 111 125 126 154 194 225 321 573 614 615 669 685 714 733 764 765 803 820 821 829 830 831 847 848 849 850 863 876 877 878 891 892 893 894 895 896 897 898 899 900 901 902 903 904 905 906 907 911 912 913 914 915 916 917 918 920 921 922 923 924 925 937 938 939 952 953 954 993 1009 
910 917 923 
910 

910 
910 914 916 
910 915 
910 
910 

910 
910 914 
910 915 
910 911 
910 





931 






1 17 24 111 126 685 820 821 847 848 863 876 891 892 893 910 925 938 939 940 941 942 943 944 945 946 947 948 949 950 952 953 954 955 956 957 958 959 961 962 963 964 971 973 993 1009 1011 
937 939 940 944 
937 938 942 945 946 947 948 949 
937 938 939 941 
937 
937 
937 
937 938 
937 939 
937 939 
939 948 
939 
937 
951 

1 17 24 111 125 126 154 194 225 321 615 685 733 764 820 821 829 847 848 863 876 891 893 894 910 925 937 938 939 940 941 942 943 944 945 946 953 954 955 956 957 958 959 960 961 962 963 964 965 966 967 968 969 970 971 972 973 977 993 994 1009 1010 
938 952 954 955 956 957 958 959 960 961 965 966 973 977 
938 939 940 952 953 955 956 957 958 959 961 962 963 964 967 968 969 970 971 
952 953 954 956 973 977 
952 953 954 955 959 960 965 
952 953 954 962 967 
952 953 954 957 962 963 967 
952 953 954 956 960 965 
953 956 959 965 
952 953 954 
952 954 957 958 967 
952 954 958 969 
952 954 
952 953 956 959 960 
952 
952 954 957 958 962 
963 969 
952 954 963 968 
952 954 964 
952 954 
974 982 
977 990 991 992 
972 982 


992 
979 980 981 
978 980 981 
978 
978 980 
972 



985 



973 991 
973 990 

1 17 24 953 954 994 995 996 997 998 1001 1002 1003 1004 1005 1006 1010 1011 1012 1013 1022 
993 995 997 1001 1002 1011 1013 
993 994 1006 
998 1007 
993 994 



994 1002 
993 994 1001 

993 
993 
995 
996 

1 2 3 4 5 11 12 13 14 15 16 17 18 24 111 125 126 154 820 891 892 910 937 952 953 954 993 994 995 1010 1011 1012 1013 1014 1015 1016 1017 1018 1019 
1009 1011 1012 1016 1019 
994 995 997 1001 1009 1010 1012 1013 1022 1023 1024 
1009 1010 1011 1016 1019 1020 
1011 1022 1023 1024 


1009 1010 1012 
16 1009 
1009 
1009 1012 1016 


1011 1013 
1013 
1011 1013 
