1024 6804 0
2 3 4 5 6 7 13 14 17 
1 3 10 11 
1 2 4 5 13 
1 3 5 13 
1 3 4 6 
1 5 
1 8 
7 15 16 

2 
2 

1 3 4 
1 
8 16 
8 15 
1 2 18 
17 








36 



32 
31 
34 
33 

27 
38 
37 
40 
39 41 
40 

50 51 

46 
45 



43 
43 
53 54 58 59 63 64 65 
52 54 59 63 64 65 
52 53 55 56 57 61 62 69 70 71 72 73 
54 56 57 61 71 72 
54 55 57 61 71 72 
54 55 56 61 62 74 
52 
52 53 66 
67 68 
54 55 56 57 62 73 
54 57 61 74 
52 53 
52 53 
52 53 
59 
60 68 
60 67 
54 70 
54 69 
54 55 56 72 
54 55 56 71 
54 61 
57 62 
17 39 40 41 52 53 54 55 56 57 58 59 60 61 62 63 64 65 66 67 69 76 77 78 79 80 82 84 85 86 87 88 89 98 99 101 111 112 126 154 802 830 892 937 
75 81 
75 
75 
75 84 85 
75 86 
76 
75 83 
82 
75 79 85 
75 79 84 
75 80 
75 
75 
90 94 
89 95 



89 
90 


99 100 101 102 104 112 113 114 126 
98 100 114 
98 99 102 
98 103 108 109 
98 100 104 
101 108 
98 102 



101 103 
101 

52 53 75 89 98 99 100 101 102 103 104 105 106 107 112 113 114 115 116 118 120 121 122 123 124 126 127 128 129 130 131 154 155 156 158 194 802 830 892 
98 99 100 101 102 104 111 113 114 124 126 128 129 131 154 156 
111 112 114 116 120 
111 112 113 123 124 
111 
111 113 

111 119 
118 
111 113 
111 122 
111 121 
111 114 
111 112 114 
17 52 53 54 75 89 98 99 100 101 102 111 112 113 114 115 116 117 118 120 126 127 128 129 130 131 132 133 134 135 136 137 138 139 140 141 142 143 144 145 146 147 148 149 150 151 152 153 154 155 156 157 158 159 160 162 167 169 170 171 172 173 174 178 194 195 212 213 214 215 216 264 285 307 308 455 493 547 590 651 699 733 787 802 829 830 891 892 893 894 937 972 993 1009 
98 99 112 113 114 115 116 117 125 127 128 129 130 131 139 140 141 142 143 154 156 
125 126 128 129 130 132 133 134 135 136 145 152 
125 126 127 129 130 132 133 136 
125 126 127 128 130 131 137 138 139 
125 126 127 128 129 
125 126 129 143 
125 127 128 135 
125 127 128 136 
125 127 
125 127 132 
125 127 128 133 
125 129 
125 129 
125 126 129 
125 126 141 
125 126 140 
125 126 
125 126 131 
147 148 
149 150 151 

144 
144 
145 
145 151 
145 150 
153 
152 
112 126 155 156 157 158 159 160 161 162 164 165 166 167 168 
154 156 157 158 161 165 166 
144 146 154 155 158 159 160 162 169 170 171 172 173 
154 155 165 
154 155 156 159 160 162 169 170 171 172 173 
154 156 158 160 162 170 171 172 173 
146 154 156 158 159 162 171 172 173 
154 155 164 
154 156 158 159 160 169 

154 161 
154 155 157 
154 155 
154 
154 
156 158 162 
156 158 159 
156 158 159 160 172 
156 158 159 160 171 
156 158 159 160 
175 178 
174 
177 
176 
186 
180 187 188 
179 187 188 
182 183 
181 183 
181 182 
190 
191 
178 
179 180 188 
179 180 187 

184 
185 192 
191 

195 196 197 198 199 200 201 202 203 206 207 208 209 212 213 214 215 216 
194 196 200 201 202 208 209 
194 195 202 209 
194 205 
194 199 206 207 
194 198 
194 195 201 208 
194 195 200 208 
194 195 196 203 
194 202 
211 
197 
194 198 
194 198 
194 195 200 201 
194 195 196 

204 
213 214 215 216 220 221 
212 214 215 216 221 
212 213 215 216 217 222 223 
195 197 198 205 212 213 214 216 217 218 224 
195 196 197 198 199 205 212 213 214 215 217 218 224 
214 215 216 223 
215 216 

212 
212 213 
214 
214 217 
215 216 
230 
261 
233 
229 
228 
225 231 
230 

227 
235 
234 236 
235 
238 239 
237 239 
237 238 

242 
241 243 
242 
245 250 251 
244 246 252 253 259 260 
245 252 253 254 260 
248 
247 249 255 
248 255 
244 257 
244 
245 246 253 254 260 
245 246 252 254 
246 252 253 
248 249 

250 

245 
245 246 252 
262 
261 
1 2 3 4 5 6 17 18 25 26 27 28 39 40 41 43 52 53 54 55 56 57 59 60 61 75 76 77 78 79 80 89 90 98 99 100 101 102 103 111 112 113 114 115 116 125 126 127 128 129 130 131 132 133 137 139 143 144 145 147 148 149 150 152 154 155 156 157 158 159 160 161 162 164 165 167 169 170 171 173 174 175 176 178 179 180 181 182 183 184 185 186 187 188 189 190 191 192 193 194 195 196 197 198 199 200 201 202 203 204 205 206 207 208 209 210 211 212 213 214 215 216 217 218 219 220 221 222 223 224 225 226 227 228 229 230 231 232 233 234 235 236 237 238 239 240 241 242 243 244 245 246 247 248 249 250 251 252 253 254 255 256 257 258 259 260 261 262 264 265 266 267 268 269 270 271 272 273 274 275 276 277 278 279 280 281 282 283 284 285 286 287 288 289 290 291 292 293 294 295 296 297 298 299 300 301 302 303 304 305 306 307 308 309 310 311 312 313 314 315 316 317 318 319 320 321 322 323 324 325 326 327 328 329 330 331 332 333 334 335 336 337 338 339 340 341 342 343 344 345 346 347 348 349 350 351 352 353 354 355 356 357 358 359 360 361 362 363 364 365 366 367 368 369 370 371 372 373 374 375 376 377 378 379 380 381 382 383 384 385 386 387 388 389 390 391 392 393 394 395 402 404 405 407 408 409 410 411 412 413 414 416 422 423 427 428 429 430 431 440 442 443 444 445 446 447 455 456 457 459 460 461 462 463 464 465 475 476 477 478 479 480 492 493 494 495 496 497 498 500 502 503 509 510 511 512 513 514 515 516 528 529 530 531 532 533 534 535 547 548 549 550 551 562 563 572 573 574 590 591 592 594 602 603 604 605 613 614 615 616 617 618 619 620 636 637 638 639 651 652 653 654 669 670 671 672 673 685 686 699 700 714 715 716 733 734 735 736 750 751 752 753 754 755 764 765 766 767 768 787 802 803 804 805 806 807 820 829 830 831 832 833 834 835 847 848 849 850 851 863 864 876 877 879 891 892 893 894 895 896 910 911 912 925 926 927 937 938 939 940 952 953 954 955 972 973 974 975 976 977 993 994 995 996 997 998 1001 1009 1010 1011 1012 1013 1014 
244 245 247 248 249 263 265 266 268 269 270 271 272 273 274 281 282 283 284 285 290 308 
263 264 267 268 277 278 279 290 295 
247 248 263 264 272 273 274 
263 265 276 295 
263 264 265 279 
263 264 270 
263 264 269 
263 264 
263 264 266 273 283 284 
263 264 266 272 284 
263 264 266 
263 
263 267 
263 265 
263 265 
263 265 268 
263 
263 264 282 
263 264 281 
263 264 272 
263 264 272 273 
264 265 266 267 268 269 275 276 277 278 286 287 288 289 290 293 294 295 302 303 304 305 306 308 311 
285 291 296 297 
285 288 289 292 293 299 300 301 
285 287 289 292 299 300 
285 287 288 293 294 299 300 301 
285 295 304 
286 296 297 
287 288 298 
285 287 289 294 301 
285 289 293 
267 285 290 305 306 
286 291 297 
286 291 296 
292 
287 288 289 
287 288 289 
287 289 293 
285 
285 
285 290 
285 295 
285 295 
75 111 194 215 216 264 265 266 285 286 287 288 289 290 291 292 293 308 309 310 311 312 313 314 315 316 317 318 319 321 322 323 324 325 326 327 328 329 335 336 337 338 339 340 342 345 346 357 358 367 368 388 455 493 802 829 891 892 1009 
264 285 307 309 310 311 312 313 314 315 316 321 324 
307 308 310 312 316 
307 308 309 312 316 
307 308 317 318 319 320 
307 308 309 310 
307 308 
307 308 
307 308 
307 308 309 310 
307 311 
307 311 
307 311 
311 
323 324 325 326 327 328 335 336 
330 331 332 346 356 
321 325 326 327 335 
321 328 329 337 338 339 340 
321 323 326 335 
321 323 325 335 
321 323 
321 324 329 337 
324 328 337 
322 331 332 
322 330 
322 330 333 
332 

321 323 325 326 
321 
324 328 329 
324 
324 340 
324 339 
343 
350 351 352 
341 344 347 
343 

355 356 
343 


342 351 
342 350 
342 


346 
346 
358 359 361 362 367 368 371 372 373 381 387 
341 357 359 360 363 365 366 367 368 
357 358 363 364 
358 
357 
357 
358 359 364 
359 363 
358 
358 
358 368 369 370 371 372 373 374 375 376 377 378 379 380 381 383 384 388 
358 367 370 371 372 373 375 376 377 379 380 381 384 385 386 387 
367 370 382 
367 368 369 374 
367 368 372 373 375 376 377 378 379 380 381 384 385 386 
367 368 371 373 376 379 380 381 384 385 386 
367 368 371 372 381 386 387 
367 370 
367 368 371 376 383 
367 368 371 372 375 377 378 379 380 
367 368 371 376 378 379 380 
367 371 376 377 379 380 
367 368 371 372 376 377 378 380 
367 368 371 372 376 377 378 379 
367 368 371 372 373 384 385 
369 
367 375 
367 368 371 372 381 
368 371 372 381 
368 371 372 373 
368 373 
367 369 389 390 391 393 394 395 402 404 405 407 
388 390 391 393 394 395 402 403 
388 389 391 393 394 395 404 
388 389 390 
396 
388 389 390 394 402 403 
388 389 390 393 395 
388 389 390 394 
392 

399 
398 


388 389 393 403 
389 393 402 
388 390 
388 

388 408 409 410 413 414 422 423 
407 409 413 
407 408 410 414 422 423 424 425 
407 409 414 423 424 
416 
420 421 
407 408 
407 409 410 

411 
418 
417 

412 
412 
407 409 
407 409 410 424 
409 410 423 
409 426 
425 
430 433 434 435 
429 432 
428 432 
427 433 434 
439 
428 429 
427 430 434 
427 430 433 
427 



431 
441 
440 
427 443 444 445 448 449 456 457 461 465 474 493 
427 442 444 445 446 450 456 465 493 
442 443 450 
442 443 
443 451 

442 449 
442 448 
443 444 
446 


1 2 3 4 5 6 7 17 18 25 26 27 28 39 40 41 43 52 53 54 55 56 57 59 61 75 76 77 89 90 98 99 100 101 102 103 111 112 113 114 125 126 127 128 129 130 131 144 145 154 155 156 157 158 159 160 162 174 175 178 179 180 181 182 183 184 185 186 194 195 196 197 198 199 200 201 202 203 204 212 213 214 215 216 217 218 225 226 227 230 232 234 237 241 244 245 246 247 248 249 250 251 252 253 254 258 261 263 264 265 266 267 268 269 270 271 272 273 274 279 281 285 286 287 288 289 290 291 292 293 294 295 298 299 302 303 304 305 307 308 309 310 311 312 313 314 315 316 317 318 321 322 323 324 325 326 327 328 329 330 332 333 334 335 336 337 338 339 341 342 343 344 345 346 347 348 349 350 351 352 353 354 355 356 357 358 359 360 361 362 363 364 365 366 367 368 369 370 371 372 373 374 375 376 377 378 379 380 381 382 383 384 385 386 387 388 389 390 391 392 393 394 395 396 397 398 399 400 401 402 403 404 405 406 407 408 409 410 411 412 413 414 415 416 417 418 419 420 421 422 423 424 425 426 427 428 429 430 431 432 433 434 435 436 437 438 439 440 441 442 443 444 445 446 447 448 449 450 451 452 453 455 456 457 458 459 460 461 462 463 464 465 466 467 468 469 470 471 472 473 474 475 476 477 478 479 480 481 482 483 484 485 486 487 488 489 490 491 492 493 494 495 496 497 498 499 500 501 502 503 504 505 506 507 508 509 510 511 512 513 514 515 516 517 518 519 520 521 522 523 524 525 526 527 528 529 530 531 532 533 534 535 536 537 538 539 540 541 542 543 544 545 546 547 548 549 550 551 552 553 554 555 556 557 558 559 560 561 562 563 564 565 566 567 568 569 570 571 572 573 574 575 576 577 578 579 580 581 582 583 584 585 586 587 588 589 590 591 592 593 594 595 596 597 598 599 600 601 602 603 604 605 606 607 608 612 613 614 615 616 617 618 619 620 621 622 623 624 625 627 628 629 630 632 635 636 637 638 639 640 641 642 646 651 652 653 654 655 656 657 662 668 669 670 671 672 673 674 675 676 677 678 679 680 682 685 686 687 688 689 690 691 692 699 700 701 702 703 704 705 714 715 716 717 718 719 720 733 734 735 736 737 738 750 751 752 753 754 755 756 758 759 764 765 766 767 768 769 772 773 774 787 788 802 803 804 805 806 807 809 820 829 830 831 832 833 834 835 837 839 840 847 848 849 850 851 852 863 864 876 877 878 879 881 891 892 893 894 895 896 897 899 900 901 910 911 912 913 925 926 927 937 938 939 940 952 953 954 955 956 957 972 973 974 975 976 977 979 993 994 995 996 997 998 1001 1009 1010 1011 1012 1013 1014 1015 
442 443 454 456 457 458 459 460 461 462 463 466 467 468 469 475 476 477 478 479 480 490 491 492 493 494 509 512 528 547 
454 455 457 458 459 460 467 468 475 476 478 
454 455 456 459 460 467 468 475 476 
454 455 456 466 
454 455 456 457 
454 455 456 457 468 
454 455 462 463 
454 455 461 463 
454 455 461 462 464 472 473 
454 463 
454 474 
454 455 458 
454 455 456 457 
454 455 456 457 460 
454 455 
454 
454 
454 463 473 
454 463 472 
454 465 
456 457 476 477 478 479 480 481 483 485 486 487 488 489 494 
456 457 475 478 479 486 490 494 
475 
475 476 479 486 489 490 
475 476 478 490 
475 481 483 484 
475 480 485 

475 480 484 
480 483 
475 481 
475 476 478 487 
475 486 488 489 
475 487 489 
475 478 487 488 
476 478 479 

475 493 494 495 496 497 498 499 500 501 502 505 509 510 511 512 513 527 528 
442 443 456 457 475 476 477 478 479 480 482 492 494 495 496 497 498 500 501 502 503 506 509 510 511 512 513 528 
475 476 477 492 493 496 497 498 502 503 512 
492 493 499 504 513 527 
492 493 494 497 500 505 513 
492 493 494 496 498 502 506 507 
492 493 494 497 502 506 507 
492 495 
492 493 496 501 
492 493 500 
492 493 494 497 498 
493 494 
495 
492 496 
493 497 498 507 
497 498 506 

492 493 510 511 512 513 514 515 516 517 518 522 528 529 530 532 533 534 535 545 546 548 
509 511 512 514 515 516 517 522 529 534 
509 510 512 513 514 515 516 517 518 519 523 
494 495 496 499 509 510 511 513 520 521 526 527 
495 496 499 504 509 511 512 527 
509 510 511 522 
509 510 511 
509 510 511 
509 510 511 518 523 
509 511 517 523 
511 524 
512 521 525 
512 520 525 
509 510 514 
511 517 518 
519 
520 521 
512 
512 513 
492 493 494 509 510 511 512 513 514 515 529 530 531 532 533 534 535 543 544 545 546 548 590 
510 528 530 531 532 533 534 538 539 540 541 542 548 
528 529 531 532 533 534 538 541 542 548 
528 529 530 532 537 
528 529 530 531 533 538 539 540 541 
528 529 530 532 542 
528 529 530 535 544 
528 534 544 

531 
529 530 532 539 540 
529 532 538 540 
529 532 538 539 
529 530 532 
529 530 533 
528 
528 534 535 
528 
528 
455 492 493 509 510 511 512 528 529 530 531 532 548 549 550 551 552 553 554 555 556 557 558 562 563 573 590 613 614 651 
529 530 531 547 549 550 551 552 553 559 560 
547 548 550 551 556 557 
547 548 549 551 552 558 
547 548 549 550 
547 548 550 
547 548 560 
547 
547 
547 549 
547 549 
547 550 
548 
548 553 

566 567 

568 

562 567 
562 566 
564 



575 576 580 581 582 
574 577 
573 577 589 
572 580 
572 582 583 584 
573 574 


572 575 581 
572 580 
572 576 583 584 
576 582 584 
576 582 583 




574 
528 572 573 574 575 576 578 579 580 581 582 591 592 594 600 601 602 604 605 613 614 
590 592 593 596 597 604 605 
590 591 597 598 
591 596 
590 

591 593 
591 592 
592 

590 
590 
590 603 604 605 606 607 608 609 610 611 613 614 615 619 620 635 
602 607 
602 605 
595 602 604 
602 
602 603 611 
602 609 610 
602 608 610 
602 608 609 
602 607 

590 591 602 603 604 605 606 614 615 616 617 618 619 620 621 622 623 624 625 629 630 631 632 633 634 635 636 639 654 
590 591 602 603 604 605 606 607 608 609 610 611 613 615 616 617 618 619 620 624 625 632 633 634 635 636 639 654 
613 614 616 617 618 619 620 622 623 624 625 629 630 631 636 
613 614 615 617 618 621 626 627 
613 614 615 616 618 621 622 627 
613 614 615 616 617 622 623 628 629 
613 614 615 620 625 632 
613 614 615 619 632 633 634 
613 616 617 627 
613 615 617 618 623 628 
613 615 618 622 
613 614 615 630 631 
613 614 615 619 
616 
616 617 621 
618 622 
613 615 618 
613 615 624 631 
613 615 624 630 
613 614 619 620 
613 614 620 
613 614 620 
613 614 
615 637 639 640 641 645 646 647 648 649 650 654 
636 638 642 
637 642 
636 
636 645 
636 646 647 
637 638 


636 640 
636 641 647 
636 641 646 648 
636 647 
636 
636 
547 590 602 613 614 615 616 617 618 619 636 637 638 639 640 642 652 653 654 655 656 657 661 662 663 664 665 666 667 668 670 671 672 673 680 685 699 733 787 802 830 892 
651 653 654 658 659 660 661 670 673 680 
651 652 654 660 661 670 673 680 
636 637 638 651 652 653 655 656 657 667 668 
651 654 662 
651 654 
651 654 
652 659 
652 658 
652 653 
651 652 653 
651 655 
651 664 
651 663 
651 
651 
651 654 
651 654 
1 17 52 53 54 75 98 99 111 112 125 126 127 128 129 154 155 156 174 194 212 213 214 215 216 264 265 266 285 307 308 321 357 358 367 368 370 371 373 388 389 407 408 409 427 442 443 444 455 456 457 475 476 477 478 479 492 493 494 495 496 497 498 509 510 511 512 513 528 529 530 531 532 533 534 535 547 548 549 550 551 552 553 562 563 564 565 572 573 574 575 576 577 590 591 592 593 594 596 597 602 603 604 605 606 607 608 609 610 611 612 613 614 615 616 617 618 619 620 621 622 623 624 625 626 627 628 629 630 631 632 633 634 635 636 637 638 639 640 641 642 643 644 645 646 647 648 649 650 651 652 653 654 655 656 657 658 659 660 661 662 663 664 665 666 667 668 670 671 672 673 674 675 676 677 678 679 680 681 682 683 684 685 686 687 688 689 690 691 692 693 694 695 696 697 698 699 700 701 702 703 704 705 706 707 708 709 710 711 712 713 714 715 716 717 718 719 720 721 722 724 725 726 727 728 729 730 731 732 733 734 735 736 737 738 743 747 750 751 752 753 754 755 756 757 758 759 765 766 767 768 769 770 772 773 774 775 787 788 802 803 804 805 806 807 820 829 830 831 832 833 834 835 840 848 849 850 851 863 864 876 877 879 891 892 893 894 895 896 910 911 912 925 937 938 939 952 953 972 973 974 993 994 995 1009 1011 1013 
652 653 669 671 672 673 677 678 679 681 
669 670 674 675 692 
669 670 673 678 679 682 
669 670 672 680 684 
669 671 692 
669 671 676 
669 675 
669 670 678 681 
669 670 672 677 
669 670 672 
669 673 
669 670 677 
669 672 
669 
669 673 
686 687 688 689 690 693 700 705 715 
685 687 693 705 
685 686 688 
685 687 
685 690 694 
685 689 
696 697 
674 698 
685 686 
689 

691 
691 
692 
590 613 614 651 652 653 654 670 671 672 685 686 687 688 689 690 691 693 700 701 702 703 704 705 706 707 708 709 710 711 712 713 714 715 716 720 731 733 734 735 752 753 754 787 802 803 830 892 
699 702 703 704 706 707 708 709 710 711 712 715 
699 
699 700 706 
699 700 708 709 
699 700 
693 699 
699 700 702 
699 700 
699 700 703 709 
699 700 703 708 
699 700 
699 700 
699 700 
699 
715 716 717 734 735 738 
700 714 716 719 720 725 726 727 728 729 730 735 
714 715 717 718 721 
714 716 718 721 
716 717 722 723 
715 725 
715 730 731 
716 717 
718 723 
718 722 

715 719 726 
715 725 
715 
715 729 
715 728 
715 720 
720 732 
731 
651 685 699 700 714 715 716 717 734 735 736 737 738 739 740 741 742 743 744 745 746 747 748 750 751 752 753 754 755 758 759 763 765 766 787 802 803 830 892 
714 733 735 736 737 738 746 747 752 753 754 755 
714 715 716 733 734 738 747 749 753 754 
733 734 737 743 744 
733 734 736 743 744 745 
733 734 735 
733 
733 
733 
733 
733 736 737 744 
733 736 737 743 745 
733 737 744 
733 734 
733 734 735 748 
733 747 
735 
751 752 753 754 756 757 760 761 765 766 773 774 775 
750 752 753 754 755 756 757 762 765 766 774 
734 750 751 753 754 755 756 757 758 762 765 766 
734 735 736 750 751 752 754 755 758 759 763 765 766 
734 735 736 739 740 750 751 752 753 755 758 759 763 
739 751 752 753 754 758 759 763 
750 751 752 757 
750 751 752 756 
752 753 754 755 
739 740 753 754 755 
750 761 
750 760 
751 752 
753 754 755 
1 2 3 4 5 6 17 39 40 41 43 52 53 54 55 56 57 75 89 98 99 100 101 111 112 113 114 125 126 127 128 129 130 131 144 154 155 156 157 158 159 160 174 178 194 195 212 213 214 215 216 244 245 263 264 265 266 285 287 290 307 308 309 311 321 323 324 342 357 358 367 368 369 370 371 372 373 388 389 390 391 407 408 409 427 442 443 444 455 456 457 461 475 476 477 478 479 492 493 494 495 496 497 498 509 510 511 512 513 528 529 530 531 532 533 534 535 547 548 549 550 551 562 563 572 573 574 575 576 577 590 591 592 593 594 602 603 604 605 606 607 613 614 615 616 617 618 619 620 621 622 623 624 625 636 637 638 639 640 641 642 646 651 652 653 654 655 656 657 660 661 662 668 669 670 671 672 673 674 675 676 677 678 679 680 681 682 684 685 686 687 688 689 690 691 692 693 694 695 696 697 698 699 700 701 702 703 704 705 706 707 708 709 710 711 712 713 714 715 716 717 718 719 720 721 722 723 724 725 726 727 728 729 730 731 732 733 734 735 736 737 738 739 740 741 742 743 744 745 746 747 748 749 750 751 752 753 754 755 756 757 758 759 760 761 762 763 765 766 767 768 769 770 771 772 773 774 775 776 777 778 779 780 781 782 783 784 785 786 787 788 789 790 791 792 793 794 795 796 797 798 799 800 801 802 803 804 805 806 807 808 809 810 811 812 813 814 815 816 817 818 819 820 821 822 823 824 825 826 827 828 829 830 831 832 833 834 835 836 837 838 839 840 841 842 843 844 845 846 847 848 849 850 851 852 853 854 856 857 859 860 861 862 863 864 865 867 868 869 870 871 872 875 876 877 878 879 880 881 882 883 884 885 887 891 892 893 894 895 896 897 898 899 900 901 904 908 910 911 912 913 914 922 925 926 927 928 937 938 939 940 941 942 952 953 954 955 956 957 972 973 974 975 976 977 979 993 994 995 996 997 998 1001 1009 1010 1011 1012 1013 1014 
750 751 752 753 764 766 767 768 769 770 771 772 773 774 779 780 781 782 
750 751 752 753 764 765 767 768 772 773 774 775 782 783 784 785 786 
764 765 766 768 769 770 771 
764 765 766 767 772 779 
764 765 767 770 771 
764 765 767 769 771 
764 765 767 769 770 
764 765 766 768 779 780 
764 765 766 774 783 784 785 
764 765 766 773 775 786 
764 766 774 786 
764 
764 
764 
764 765 768 772 
764 765 772 
764 765 
764 765 766 
764 766 773 
764 766 773 
764 766 773 
764 766 774 775 
651 699 733 750 751 752 753 765 766 767 788 790 791 792 793 802 803 804 805 806 807 809 810 815 816 817 818 819 830 849 892 
787 796 799 

787 
787 
787 
787 
795 
794 
788 797 798 799 
796 798 799 
796 797 799 
788 796 797 798 
801 
800 
75 111 651 699 733 734 735 750 751 752 753 754 755 765 766 767 768 769 787 788 789 790 791 792 793 794 795 796 803 804 805 806 807 808 809 810 813 814 815 816 817 818 819 820 830 831 832 833 834 835 848 849 863 892 893 894 937 
765 766 790 791 802 804 805 806 807 809 810 815 816 817 818 819 849 
802 803 809 813 
802 803 806 807 810 815 816 817 818 819 
802 803 805 807 819 
802 803 805 806 819 
802 
802 803 804 814 
802 803 805 
812 
811 
802 804 
802 809 
802 803 805 
802 803 805 
802 803 805 
802 803 805 
802 803 805 806 807 
821 
820 




827 
826 

75 111 112 307 547 590 613 614 651 685 699 715 733 734 735 750 751 752 753 754 765 766 767 787 802 803 804 805 806 807 808 809 820 821 822 823 824 825 826 830 831 832 833 834 835 836 837 838 839 840 841 842 843 844 845 846 848 849 850 851 852 853 854 861 863 864 876 891 892 893 894 895 896 910 925 937 938 974 1009 
75 111 651 699 733 765 787 802 803 804 805 806 807 820 821 822 823 824 825 829 831 832 833 834 835 836 837 838 839 840 844 845 846 848 849 850 851 863 876 892 893 894 937 
829 830 832 833 834 835 837 838 839 844 845 846 848 849 
829 830 831 833 834 835 838 839 840 848 849 
829 830 831 832 837 838 844 845 
829 830 831 832 835 839 840 
829 830 831 832 834 840 
829 830 841 
829 830 831 833 844 
829 830 831 832 833 845 
829 830 831 832 834 
829 830 832 834 835 
829 836 
829 
829 
829 830 831 833 837 
829 830 831 833 838 
829 830 831 
1 2 3 4 5 6 7 9 17 18 25 26 27 28 39 40 41 43 52 53 54 55 56 57 75 76 89 98 99 100 101 111 112 113 114 125 126 127 128 129 130 131 144 154 155 156 157 158 159 160 174 178 194 195 212 213 214 215 216 244 245 263 264 265 266 285 287 290 307 308 309 311 321 323 324 342 357 358 367 368 369 370 371 373 388 389 390 407 408 409 427 442 443 455 456 457 475 476 477 478 492 493 494 496 497 509 510 511 512 513 528 529 530 531 532 533 534 547 548 549 550 562 563 572 573 574 590 591 592 594 602 603 604 605 613 614 615 616 617 618 619 620 636 637 638 639 640 651 652 653 654 655 656 657 669 670 671 672 673 674 675 677 679 680 685 686 687 688 689 691 692 699 700 701 702 703 704 705 714 715 716 717 718 719 720 721 733 734 735 736 737 738 743 747 750 751 752 753 754 755 756 757 758 759 760 762 763 764 765 766 767 768 769 770 771 772 773 774 775 776 777 778 779 780 781 782 783 784 785 786 787 788 789 790 791 792 793 794 795 796 797 798 799 800 801 802 803 804 805 806 807 808 809 810 811 812 813 814 815 816 817 818 819 820 821 822 823 824 825 826 827 828 829 830 831 832 833 834 835 836 837 838 839 840 841 842 843 844 845 846 848 849 850 851 852 853 854 855 856 857 858 859 860 861 862 863 864 865 866 867 868 869 870 871 872 873 874 875 876 877 878 879 880 881 882 883 884 885 886 887 888 889 890 891 892 893 894 895 896 897 898 899 900 901 902 903 904 905 906 907 908 909 910 911 912 913 914 915 916 917 918 919 920 921 922 923 924 925 926 927 928 930 931 935 936 937 938 939 940 941 942 943 946 947 948 949 951 952 953 954 955 956 957 958 959 966 972 973 974 975 976 977 978 979 980 993 994 995 996 997 998 999 1000 1001 1009 1010 1011 1012 1013 1014 1015 1016 
831 832 833 836 847 849 850 851 854 861 862 863 
831 832 833 834 836 837 841 842 847 848 850 851 854 861 863 
847 848 849 851 854 861 
847 848 849 850 861 862 
847 
847 859 
847 848 849 850 
847 
847 
847 858 
847 857 
847 853 
847 
847 848 849 850 851 862 
847 848 851 861 
848 849 864 871 872 873 874 
863 869 870 




864 
864 
863 
863 
863 
863 

877 878 879 881 884 885 
876 878 883 
876 877 883 
876 881 884 885 
901 
876 879 884 
887 888 
877 878 
876 879 881 
876 879 886 
885 
882 888 
882 887 


75 111 307 651 699 733 787 802 803 829 830 831 848 849 863 876 877 878 879 880 881 892 893 894 895 896 897 898 899 900 901 902 903 904 905 906 907 908 910 911 912 913 914 916 917 918 920 921 922 923 924 925 927 937 938 939 952 953 974 1009 
75 111 651 699 733 787 802 803 830 831 832 848 849 850 863 864 876 877 878 879 880 881 882 883 884 885 891 893 894 895 896 897 898 899 900 901 903 904 905 906 907 908 909 910 911 912 913 925 937 938 939 953 974 
876 877 891 892 894 895 896 897 898 899 900 901 902 903 904 905 906 907 910 911 912 925 937 
863 876 877 878 879 880 891 892 893 895 896 897 899 900 901 904 905 906 907 908 909 910 911 937 
891 892 893 894 896 897 898 910 911 912 924 
891 892 893 894 895 897 898 899 903 
891 892 893 894 895 896 
891 892 893 895 896 
891 892 893 894 896 
891 892 893 894 
880 891 892 893 894 909 
891 893 
891 892 893 896 
891 892 893 894 905 906 
891 892 893 894 904 906 
891 892 893 894 904 905 907 
891 892 893 894 906 
891 892 894 
892 894 901 
895 911 912 913 917 918 919 920 921 925 
910 912 913 914 921 
910 911 922 923 
910 911 914 
911 913 


910 
910 919 
910 918 
910 
910 911 
912 
912 

910 927 935 
929 
925 
931 932 
926 

928 
928 


925 

893 894 910 925 926 927 928 929 930 931 938 939 940 942 946 947 948 949 950 951 952 953 974 
937 939 940 941 942 945 946 953 
937 938 940 942 946 947 953 
937 938 939 941 945 
938 940 944 
937 938 939 946 

941 
938 940 
937 938 939 942 
937 939 
937 
937 
937 
937 
953 954 955 956 959 960 961 962 963 964 974 
938 939 940 952 957 958 966 967 968 969 970 971 974 
952 
952 956 961 962 
952 955 962 
953 958 966 
953 957 966 
952 960 
952 959 
952 955 
952 955 956 
952 
952 

953 957 958 
953 968 
953 967 
953 
953 
953 
1 2 3 4 5 6 7 8 9 17 39 52 53 54 75 98 111 112 125 126 154 156 194 264 285 307 455 493 528 547 590 613 614 651 685 699 733 753 765 787 802 803 829 830 831 832 848 849 863 876 877 891 892 893 894 895 896 897 910 911 912 925 926 927 928 937 938 939 940 941 942 943 944 945 946 947 952 953 954 955 956 957 958 959 960 961 962 963 964 965 966 967 968 969 970 971 973 974 975 976 977 978 979 980 981 982 983 984 985 986 987 988 989 990 991 992 993 994 995 996 997 998 999 1000 1001 1003 1004 1005 1006 1007 1008 1009 1010 1011 1012 1013 1014 1015 1016 1017 1023 
972 974 975 976 978 981 982 983 995 1001 
952 953 954 955 972 973 977 979 980 992 
972 973 976 978 983 
972 973 975 977 984 
972 974 976 985 986 987 
972 973 975 983 
972 974 991 
972 974 992 
972 973 
972 973 
972 973 975 978 
972 976 
972 977 
972 977 
972 977 
972 989 
972 988 
972 
972 979 
972 974 980 
1 2 3 4 5 6 7 8 9 15 17 18 39 40 52 53 54 75 98 111 112 125 126 154 156 194 264 285 307 455 493 547 590 613 614 651 699 733 787 802 803 829 830 831 848 849 863 876 891 892 893 894 895 896 910 911 925 926 927 937 938 939 940 952 953 954 955 956 957 959 972 973 974 975 976 977 978 979 980 981 982 983 984 985 986 987 988 989 990 992 994 995 996 997 998 999 1000 1001 1002 1003 1004 1005 1006 1007 1008 1009 1010 1011 1012 1013 1014 1015 1016 1017 1020 1021 1022 1023 1024 
993 995 996 997 998 999 1003 1011 1012 1013 
973 993 994 998 1001 1004 1005 1006 
993 994 997 1002 1013 
993 994 996 1002 1013 
993 994 995 1000 
993 994 1003 
993 998 
993 995 1008 
993 996 997 
993 994 999 
993 995 
993 995 
993 995 
993 
993 1001 
1 2 3 4 5 6 7 8 9 15 16 17 18 75 111 112 126 307 699 733 787 802 829 830 891 892 893 894 925 937 938 952 953 973 974 975 976 977 994 995 996 997 998 999 1000 1001 1010 1011 1012 1013 1014 1015 1016 1017 1018 1019 1020 1021 1022 1023 1024 
1009 1014 1021 
1009 1012 1013 1015 1016 1017 
1009 1011 1013 1016 1017 
996 997 1002 1009 1011 1012 1023 1024 
1009 1010 1022 
1009 1011 
1009 1011 1012 1017 
1009 1011 1012 1016 
1009 
1009 
1009 
1009 1010 
1009 1014 
1009 1013 1024 
1009 1013 1023 
