2048 9390 0
2 3 4 5 6 9 10 22 24 26 27 28 2018 2019 
11 24 25 
1 4 11 25 26 
1 2 3 6 11 26 27 2019 
1 7 8 18 19 
1 2 3 4 25 
5 8 18 
7 
1 20 21 22 

1 3 4 

12 




7 



9 10 23 

1 6 
1 2 3 6 
1 3 4 11 27 28 
4 11 26 

1 3 4 5 6 7 8 9 12 13 15 30 31 32 33 34 35 36 37 38 39 40 41 42 43 44 45 46 47 48 49 50 51 52 53 54 55 56 57 58 59 60 61 62 63 64 65 66 67 68 69 70 71 72 73 74 75 76 77 78 79 80 81 82 83 84 85 86 87 88 89 90 92 93 94 95 96 97 98 99 100 101 102 103 104 105 106 107 125 126 128 129 130 131 132 162 163 168 170 208 210 244 284 1642 1804 1829 1913 1914 1966 1967 2020 
29 31 32 34 35 36 39 40 41 46 47 48 49 64 67 69 70 84 97 98 99 
29 30 32 33 38 45 58 59 60 61 
29 30 31 34 35 36 42 43 44 50 51 52 53 54 
29 37 38 60 61 
29 30 32 39 40 41 42 50 51 
29 30 36 40 41 50 51 
29 30 32 34 35 42 50 51 52 53 
29 31 33 38 59 
29 31 37 
29 30 34 40 41 49 
29 30 39 41 
29 30 34 35 39 40 
29 32 34 35 36 51 53 
29 32 44 54 
32 43 45 54 55 
29 31 32 44 54 55 56 57 
29 30 
29 30 46 48 99 
29 47 
29 30 39 40 41 
29 32 34 36 42 52 
29 35 36 42 50 52 
42 50 53 
42 52 
29 32 43 44 45 55 
44 45 54 

56 
29 59 
29 37 58 
29 31 
31 

30 31 32 34 35 36 39 64 65 66 67 68 69 70 72 73 74 75 76 77 79 80 81 82 83 84 90 91 92 93 94 95 96 97 98 99 107 
30 63 67 68 69 73 74 75 76 77 78 79 80 81 90 91 92 93 94 
66 71 72 85 86 87 107 
63 64 65 72 87 88 89 
34 39 47 48 63 64 68 69 70 82 83 84 95 98 99 
63 67 69 79 80 81 
64 67 70 83 95 96 
63 83 84 95 96 97 98 99 
65 
63 87 88 89 
63 66 
64 
63 64 76 77 90 
63 64 90 
63 76 
63 68 79 91 92 93 94 
64 68 78 80 92 93 94 
63 64 68 78 79 92 93 94 

67 
63 67 70 82 
63 67 69 70 96 97 98 99 
65 
85 


72 73 
63 75 
63 64 78 79 92 
63 64 78 79 80 93 94 
63 64 78 79 91 92 94 
64 78 79 92 
63 70 96 97 
63 67 69 70 84 97 
63 67 70 84 95 96 98 
46 63 67 70 97 99 
46 47 48 63 67 70 84 98 
108 114 115 116 117 143 
110 
103 104 105 111 112 113 
102 104 105 106 112 113 123 
103 105 113 123 
103 104 113 
103 104 113 
71 
100 114 115 143 
118 119 120 
101 

103 
102 103 105 106 123 
108 

100 115 
100 
119 




105 113 

63 64 100 101 102 126 127 128 129 130 131 132 133 134 135 136 137 138 139 140 141 142 143 145 146 147 148 149 150 151 152 153 154 155 156 162 163 164 165 166 167 168 169 170 171 172 173 174 175 184 185 186 187 188 199 203 204 205 206 207 208 210 211 212 244 284 
125 127 130 131 132 133 134 137 144 145 147 148 162 163 167 168 169 170 173 174 175 184 188 207 
125 126 129 133 144 145 146 147 148 168 169 170 
126 127 129 130 131 138 170 
125 126 128 130 131 132 134 138 
128 129 131 132 134 138 139 149 150 151 
125 126 128 129 130 132 134 139 149 150 151 152 
125 126 129 130 131 134 135 139 152 153 
125 126 127 137 144 
125 126 130 131 139 140 149 151 152 153 
125 132 136 141 154 155 
125 135 141 154 155 
125 126 127 133 144 145 147 
125 126 128 129 130 
125 130 131 132 134 140 152 153 
132 134 152 
125 132 154 
125 143 156 157 158 159 
108 114 125 142 157 158 160 161 
125 126 133 137 145 146 
125 126 127 137 144 146 
125 126 127 144 145 
126 127 137 148 
125 126 127 147 
129 130 134 
125 130 131 149 151 
125 130 131 134 150 
125 132 134 139 153 
125 132 134 139 140 152 
135 136 141 

142 
142 143 158 
142 143 159 160 161 
142 143 158 160 161 
142 143 158 159 
142 143 158 160 
127 163 164 165 166 167 168 169 170 171 172 173 174 175 182 183 185 186 187 192 194 195 196 197 198 199 200 201 
162 165 166 167 168 169 170 171 172 173 174 184 185 186 187 194 195 196 198 199 200 
162 165 166 176 177 178 179 180 189 190 191 217 218 227 228 
163 164 166 171 176 177 178 179 180 181 190 191 228 229 
162 163 164 165 167 171 177 178 179 181 182 191 
162 163 165 168 171 172 173 183 184 192 193 194 195 
127 133 162 163 167 170 173 174 175 184 187 188 201 202 203 205 206 207 
127 133 168 170 174 188 205 206 207 
127 128 133 137 144 163 168 169 174 175 
162 163 166 167 172 182 183 192 193 
162 167 171 183 192 193 194 
163 184 185 186 187 196 197 198 199 200 
162 163 168 169 170 175 187 188 203 204 205 206 207 
169 170 174 188 206 207 
164 165 177 189 190 228 229 
164 165 166 178 190 191 229 
164 165 166 177 180 190 
165 166 180 191 
164 165 166 178 179 181 191 
165 166 179 
165 166 171 192 
162 167 171 172 192 193 
162 167 168 173 185 196 197 198 199 200 
162 163 173 184 196 197 198 
162 163 168 173 184 185 187 199 200 201 202 203 
162 163 174 186 200 201 202 
168 169 174 175 204 205 206 207 

177 178 191 
165 166 178 179 180 190 
171 182 183 
167 172 
167 171 
162 163 167 
162 163 173 184 185 197 198 
162 163 173 184 185 196 198 
162 163 173 184 196 
163 184 185 186 200 201 
163 184 187 199 201 202 
187 199 200 
200 201 
168 174 186 202 204 
174 188 
169 174 204 
168 169 174 188 
168 169 174 
126 162 163 164 165 166 167 168 169 170 171 172 173 176 177 178 179 180 181 182 189 190 191 209 210 211 212 213 214 215 216 217 218 220 221 222 223 224 225 226 227 228 229 233 234 235 236 237 238 239 240 241 242 243 244 245 249 284 307 
208 210 211 219 220 230 260 261 280 281 282 283 
208 209 211 212 213 214 215 216 220 221 224 225 226 233 234 235 236 237 238 
208 210 212 213 214 215 216 223 224 225 226 235 236 237 
164 208 210 211 215 216 217 218 226 227 237 238 239 240 
210 214 215 216 222 223 224 225 226 233 234 235 
208 210 211 213 215 221 222 223 224 225 233 234 235 236 
208 210 211 212 213 216 226 237 238 
208 210 212 213 215 226 237 
208 212 218 227 229 240 241 242 243 
208 212 217 227 228 229 242 243 
209 
208 210 231 232 
214 220 222 
208 210 211 213 214 221 223 224 225 233 234 235 236 
210 211 213 214 222 224 225 233 234 235 236 
208 210 211 213 222 223 225 233 234 235 236 
208 210 211 213 214 222 223 224 234 235 236 
210 212 213 215 216 237 238 
208 212 217 218 228 229 242 243 
176 189 208 217 218 227 229 
176 177 189 217 218 227 228 
209 220 231 

220 221 
208 210 214 222 223 224 234 
213 214 222 223 224 225 233 235 236 
211 213 214 222 223 224 225 234 236 
208 210 211 213 222 224 225 234 
210 211 212 215 216 238 
208 212 216 226 
212 
208 

208 
208 217 227 242 
126 208 209 210 211 212 213 214 219 245 246 247 248 249 250 251 252 253 255 256 257 258 259 260 261 264 265 266 267 268 269 270 271 272 273 274 275 276 277 278 279 280 281 284 285 286 307 
244 248 254 271 272 273 274 
244 250 262 263 
246 252 264 
245 255 273 274 277 
244 256 257 258 279 280 281 
244 246 262 
244 246 247 264 
253 
244 266 

248 276 277 
244 249 259 
244 249 256 259 279 
249 256 257 259 
244 249 256 257 258 279 
244 249 261 280 281 282 283 
249 260 281 282 283 
246 250 
250 
244 247 251 
244 252 266 

244 266 268 269 270 
244 267 269 270 


245 254 
244 245 
245 
244 
274 
244 248 255 275 


249 258 
244 249 260 279 
244 249 260 261 282 283 
260 261 281 
260 261 281 282 
208 209 244 245 246 247 250 251 285 286 287 288 289 290 291 292 294 296 297 298 299 300 301 302 303 305 307 308 309 310 312 316 
286 288 289 290 301 
246 247 250 251 262 263 264 284 285 291 305 306 

285 
284 
285 302 

284 286 291 

295 
294 
284 297 

284 

285 
284 290 
285 290 301 


306 

285 287 293 294 295 308 309 310 312 316 317 323 324 332 335 336 337 338 339 340 341 342 
307 309 310 313 314 315 318 326 347 358 
307 308 310 311 315 316 318 319 320 321 327 328 329 330 331 
307 308 309 312 316 317 322 323 324 325 333 334 335 337 338 339 340 
308 313 314 326 358 
293 307 310 325 341 
308 326 358 
308 311 358 368 

307 309 317 323 332 334 335 336 
307 310 316 322 324 333 334 335 336 
308 309 320 
309 327 
319 
309 330 331 
307 310 316 317 333 
316 317 324 
307 310 317 323 339 
307 310 312 
308 311 313 
309 318 
309 
309 328 
321 329 
321 
307 310 317 322 334 335 
317 322 332 334 335 
310 317 322 332 333 335 
307 310 316 317 332 336 
307 310 316 317 323 335 
310 312 324 338 340 
310 324 339 340 
307 324 337 338 340 
307 310 337 338 


344 345 348 349 359 374 392 
343 345 348 349 355 359 374 392 
343 344 346 347 351 356 363 
345 347 350 351 356 363 
345 346 350 351 352 353 354 357 365 
344 349 

345 346 347 351 352 353 356 357 364 
345 347 350 352 356 364 
345 347 350 351 353 354 357 364 365 366 
347 350 352 354 357 365 
347 352 353 365 366 367 

345 346 347 350 351 
347 350 351 352 353 364 365 

343 348 349 




347 357 
347 353 366 
347 354 365 
354 358 

370 371 372 373 374 375 376 378 379 380 381 382 384 385 386 387 396 397 398 399 400 401 415 418 
369 375 380 381 382 383 384 385 396 397 398 399 400 
369 370 372 374 375 376 387 388 389 402 403 404 405 406 407 408 
369 371 373 374 376 388 389 390 402 404 405 406 407 409 
369 371 372 374 376 388 389 390 405 407 408 409 
348 369 371 372 373 389 390 391 392 408 410 411 412 413 414 
369 370 371 372 376 381 384 385 386 387 399 400 401 
369 371 372 375 388 402 403 404 405 
378 394 395 428 
369 379 380 395 
369 380 
369 370 379 396 
370 375 383 384 385 398 399 
369 384 
369 370 381 382 384 399 
369 370 375 381 382 383 385 398 399 
369 370 375 381 384 386 399 400 401 
369 371 375 385 387 401 
369 372 375 386 402 403 
371 372 376 404 405 406 407 
371 372 373 374 408 409 
372 373 374 389 391 408 410 411 412 413 
390 410 411 412 413 414 

377 394 
377 393 395 
377 378 393 394 
369 380 397 
369 370 396 
369 370 381 383 384 
369 375 381 382 383 384 385 398 
370 375 385 386 401 
369 375 385 386 400 
372 376 387 403 404 
376 404 
371 372 403 405 
371 373 376 388 404 406 407 
371 372 373 388 405 407 
371 372 373 388 405 406 
371 389 390 409 
372 389 
391 411 413 
374 390 391 412 413 
390 410 411 413 
374 390 410 411 412 414 
374 391 412 
417 418 419 425 426 427 441 442 443 
415 417 437 439 440 
415 416 425 426 
377 393 415 419 428 444 
418 428 444 445 
421 430 
430 
423 424 433 434 435 436 
424 
423 436 
415 417 426 427 
415 417 425 427 
415 426 
377 393 418 419 


420 421 432 

422 435 
435 
422 433 434 436 
422 423 424 435 
416 438 439 
437 
416 437 438 
416 
417 
415 
415 442 


447 448 453 459 474 478 
446 448 449 450 451 454 460 
449 454 460 
447 448 450 451 454 460 
447 449 451 452 461 
449 450 452 455 
450 451 462 
446 459 495 

452 456 462 463 
464 
467 
467 
446 
447 448 449 454 
451 
452 455 
452 455 456 464 






446 472 473 481 483 496 497 498 499 518 519 520 521 
470 472 473 476 481 482 
470 471 473 476 483 
470 
453 475 478 494 495 
453 459 474 478 479 480 495 
472 473 482 

474 475 
474 478 495 
474 475 495 
470 471 
471 473 476 483 
472 
486 


477 


488 489 491 
488 489 492 493 
491 

478 
474 479 
497 498 499 513 514 515 517 519 520 521 
471 496 498 499 514 515 516 517 518 520 521 
471 472 473 481 496 497 499 517 518 519 520 521 
496 497 518 519 520 521 
505 506 
502 507 
501 508 

509 

500 
502 508 


509 511 
504 510 



497 516 
496 497 515 
496 497 498 
499 519 
496 497 498 499 518 520 521 
496 497 498 521 
497 498 
526 527 529 530 531 543 544 
524 525 534 535 536 537 538 539 548 549 550 551 552 
523 525 528 535 536 537 538 549 550 551 552 
523 524 537 539 540 541 552 553 
542 
531 532 533 547 
523 524 534 535 536 548 549 
542 
526 543 
522 527 545 546 
547 
527 532 
528 533 
523 524 528 534 536 
523 524 528 535 537 549 
523 524 525 536 538 550 551 552 
523 524 525 537 539 540 550 551 552 553 
523 525 540 554 
525 538 539 554 
500 556 
522 
529 530 



527 531 
523 534 535 
523 
523 524 537 551 
523 524 537 538 550 
523 524 525 537 551 553 
525 539 552 
525 538 539 540 
525 541 556 
541 
522 526 558 559 560 561 562 563 569 570 571 572 573 574 575 578 579 580 581 582 583 584 585 587 588 589 590 593 596 627 672 
557 560 569 570 571 572 573 578 579 580 581 596 
557 558 564 566 567 568 
557 558 580 581 
557 562 574 575 588 590 
561 563 574 575 589 590 
557 561 574 591 
559 565 566 
559 
565 567 577 
559 566 568 577 
559 

558 572 578 
557 558 
558 570 571 579 
557 558 560 580 582 583 584 
561 562 563 575 589 590 
557 562 574 589 590 

566 568 
557 558 570 571 572 
558 572 
557 560 573 582 
557 560 573 582 
557 573 580 581 
557 560 573 

586 
557 585 587 


575 
557 561 562 589 

594 595 598 599 603 604 609 610 611 612 613 614 629 633 634 635 642 644 670 671 
592 595 596 598 600 601 602 606 617 618 620 621 
592 603 609 610 611 612 633 634 635 644 669 670 671 
593 598 599 600 601 602 605 617 619 620 
559 564 593 597 602 606 607 608 624 625 626 
559 564 576 596 607 608 626 
592 595 599 600 604 614 615 616 
592 593 595 598 600 605 616 
593 595 598 599 605 617 
595 600 
593 621 622 623 
644 670 
592 598 599 614 615 616 
595 598 599 600 601 617 
593 596 602 621 622 623 
596 597 608 625 
596 597 607 624 625 
592 603 671 


592 594 

592 598 
599 604 616 
598 
593 595 601 605 618 
593 595 601 
593 620 
593 595 619 
606 
602 
606 

596 607 608 626 
597 
592 593 594 595 598 603 610 611 628 629 632 633 634 635 639 640 641 642 643 644 661 662 663 664 665 666 667 668 669 670 671 674 676 677 
592 593 594 595 598 603 609 627 629 632 633 634 641 642 643 644 663 666 667 668 669 670 671 
592 594 627 632 633 634 635 639 641 642 644 660 661 662 663 664 665 666 667 668 669 670 
636 645 646 647 649 
636 637 645 646 647 
628 629 633 642 660 661 662 663 664 665 666 
603 627 628 629 634 635 643 644 666 667 668 669 670 671 
603 609 627 628 629 633 642 643 644 669 670 671 
603 609 627 628 629 633 634 643 644 669 670 671 
630 645 
630 649 
652 653 
629 640 657 
627 639 658 659 
632 660 661 663 664 665 
627 628 629 633 634 635 643 666 667 669 
627 628 629 633 634 635 642 669 
603 627 628 629 633 634 635 642 643 669 670 671 
630 636 
630 631 636 
630 631 
637 650 
637 
637 648 649 


652 
638 652 653 

639 
639 658 
640 659 
640 658 
627 629 632 641 662 
627 629 632 641 660 662 
627 632 660 661 
627 628 629 632 641 662 664 665 
627 629 665 
627 663 664 
627 628 632 642 667 668 
627 628 629 642 666 668 
627 633 642 667 
627 628 629 633 635 642 643 644 670 
628 629 633 634 635 644 669 
609 628 633 634 644 670 
557 627 628 629 630 631 636 637 638 645 646 647 648 673 674 675 676 677 678 679 680 681 686 687 688 689 690 699 701 702 703 705 706 707 708 709 710 712 
672 674 675 677 678 682 683 684 685 691 692 693 694 695 696 697 698 710 711 712 715 
627 630 672 673 675 676 677 678 679 680 681 685 686 687 688 690 699 700 701 702 703 704 705 706 707 710 
672 673 674 676 677 678 679 680 685 686 687 688 689 690 699 700 701 702 703 704 705 706 
630 631 672 674 677 678 679 680 681 687 688 690 705 706 707 708 709 
631 636 645 646 672 673 674 675 676 679 680 681 689 690 708 709 
672 673 676 679 699 701 
672 674 675 676 678 686 687 688 702 703 704 705 
672 674 675 676 677 679 681 687 688 689 690 706 
672 674 675 677 680 689 690 706 707 708 709 
683 695 696 
673 696 697 
685 
673 674 675 684 
672 674 675 678 679 700 
672 675 676 679 680 688 702 703 704 705 
672 674 675 676 679 680 687 689 705 706 
674 675 677 680 681 688 706 
672 674 675 676 677 680 681 688 706 
673 692 
673 
673 691 692 
673 692 

695 

673 
672 674 675 678 686 700 
675 678 686 699 
672 678 686 
674 675 687 703 704 
672 674 675 679 687 702 704 
674 679 687 702 703 
672 674 675 679 687 688 
672 675 681 688 689 690 
672 674 676 677 681 708 709 
676 677 681 709 
672 707 708 
673 674 675 676 677 682 683 691 692 694 695 711 712 713 714 715 718 719 721 735 736 737 
710 712 713 714 715 718 719 720 721 735 736 
682 691 692 693 710 711 715 737 
710 714 718 732 733 
711 713 732 
691 711 737 
717 

710 711 714 719 734 
710 711 718 734 
710 735 
710 735 




725 
729 

727 


733 
718 734 

710 711 720 721 736 

710 
739 740 741 746 748 749 753 754 756 769 770 771 772 773 
740 741 753 754 755 756 769 770 771 772 773 
738 741 754 755 756 757 758 770 771 772 
716 738 739 740 758 
743 759 794 795 807 
742 744 759 794 807 
743 745 750 759 760 795 
744 762 
738 747 748 749 751 752 764 765 766 
746 748 749 752 766 
738 746 751 752 766 767 
746 747 751 752 753 767 768 
745 
746 748 749 766 
746 747 749 751 767 
749 
739 740 755 756 
738 739 754 756 770 771 
738 740 755 771 
741 
740 757 775 
744 760 
744 
745 750 
745 761 
762 764 
746 763 
746 747 766 
747 748 751 765 
746 748 749 752 

739 
738 739 740 755 771 
739 740 756 
739 740 

773 

777 778 779 780 781 782 783 785 786 787 788 789 790 791 796 797 798 799 800 810 811 823 
776 785 796 797 811 823 
776 777 785 797 811 823 
781 782 783 784 789 790 791 792 800 801 802 803 804 
784 793 794 805 806 
776 779 782 783 786 787 788 790 791 800 801 802 
779 781 783 788 789 790 791 801 
776 779 781 782 787 788 789 790 791 800 801 802 
792 
778 797 798 799 

776 781 782 783 786 788 800 
776 779 781 782 783 787 789 790 800 
776 779 781 782 783 788 
776 779 781 782 788 789 791 800 801 802 
776 779 781 782 783 790 803 

794 807 
780 793 795 807 808 


777 778 

776 785 
776 779 781 782 783 788 789 790 
779 781 790 791 802 
779 781 782 783 790 791 801 



780 
793 794 795 
807 
810 812 813 814 824 825 827 849 862 874 
812 813 815 817 828 829 830 831 832 833 
778 819 820 821 822 823 837 838 839 840 841 844 
829 830 
809 810 831 

810 816 
810 815 832 
818 834 835 
817 834 
820 835 
811 819 821 837 838 839 
811 837 839 840 
811 819 820 837 838 839 840 841 
844 
809 
809 814 826 
814 825 827 
809 826 
810 812 813 829 
812 813 
810 812 813 831 
810 813 815 830 
815 

817 818 
817 818 819 836 
819 835 
811 838 
819 820 821 837 839 840 
820 821 822 838 840 841 
811 822 838 839 841 
811 839 840 
811 841 



847 850 851 852 853 863 864 865 877 892 893 907 908 909 910 
846 848 855 856 857 858 859 869 870 
847 859 861 871 
873 
846 851 853 854 865 867 
850 853 854 865 866 868 
863 892 908 
846 850 851 854 865 866 867 868 
850 853 867 868 

857 858 869 
847 856 858 869 
847 857 869 870 
847 848 
848 871 
860 871 
849 873 874 
846 
846 
851 853 
851 853 854 867 
850 853 854 866 868 
850 853 
847 856 858 

849 860 861 



776 846 847 848 850 876 877 878 879 881 883 884 885 886 887 888 889 890 891 892 893 894 895 896 897 898 899 900 901 902 903 904 905 906 907 908 912 914 915 916 917 931 953 
875 877 878 879 880 883 884 885 886 894 895 896 912 916 917 930 931 952 
846 847 850 851 852 863 875 876 878 880 882 889 890 891 892 893 904 905 907 908 909 910 912 
875 876 880 881 882 885 886 897 898 899 900 901 
875 876 883 884 885 
875 876 877 878 881 887 897 898 899 900 901 
878 880 882 887 899 
875 877 878 888 889 902 
875 876 879 884 894 
875 876 894 
875 876 878 879 886 894 895 896 
875 878 896 
875 878 880 899 901 
875 877 889 890 
875 877 882 888 890 903 

877 
852 877 893 907 908 909 
852 875 908 909 910 
875 876 879 883 884 885 
875 876 896 
875 876 886 895 
875 878 898 
875 878 880 897 
875 878 880 881 887 900 
875 878 880 881 887 899 
875 878 880 881 887 
875 
875 882 888 889 
875 877 891 
875 877 904 


875 877 892 893 909 910 
877 892 893 908 910 
877 892 893 909 
913 918 919 934 935 936 956 985 986 987 
878 879 883 884 885 894 914 915 916 917 928 929 930 931 949 950 951 952 
911 920 921 922 923 937 938 939 
912 924 925 927 
912 917 927 928 930 947 949 951 
912 915 917 928 930 931 949 950 951 952 
915 916 949 951 
911 919 920 932 934 
911 918 
913 918 922 
920 922 
937 
913 939 940 941 

914 924 926 927 943 
914 927 943 
914 915 925 943 944 945 946 
912 915 929 948 
912 915 916 928 
912 915 916 917 928 949 950 951 
916 952 
911 933 934 935 
932 934 
911 918 933 935 936 
934 936 
918 934 

913 937 


923 940 942 

925 926 927 944 945 946 
925 926 927 945 
927 943 944 

915 927 928 946 
928 929 
917 929 930 950 951 
912 915 949 951 
912 915 930 949 950 
916 917 931 
954 955 956 958 960 961 962 966 967 968 970 971 972 973 
953 958 960 961 966 967 968 
953 956 957 973 974 975 976 977 978 979 980 981 
953 955 957 981 982 983 984 
956 983 
953 954 965 966 967 
953 954 960 
953 954 959 968 
953 954 968 969 



958 963 964 966 

966 
953 954 959 961 
961 

953 962 
953 971 
972 
972 
974 

978 979 
977 979 980 
955 977 
955 978 979 
955 
956 981 





989 990 991 995 996 1005 1006 1027 
988 990 991 992 993 995 997 1004 1005 1006 1007 1008 1009 1027 
988 989 991 992 993 995 996 997 1005 1006 1008 1009 
988 989 990 992 993 1007 1008 1010 
989 990 991 993 994 997 998 1010 1011 1012 1013 
989 990 991 992 994 997 998 1010 1012 1013 

988 989 990 996 1005 1006 1007 1008 
988 989 990 995 1006 1007 1008 
989 990 991 992 993 994 998 1010 1012 
992 993 994 997 1013 

1018 
1002 1003 1021 
1019 1020 1021 

988 
995 1004 
990 991 
989 990 991 995 996 1006 1008 
990 991 995 996 1007 
989 990 
991 992 993 997 1011 1012 
992 993 1010 
992 997 1011 
992 993 994 997 998 

1000 1016 
1000 
1018 
1000 1017 

1001 1019 1021 
1002 
1003 1023 

1025 1028 1040 1041 1042 1043 
1024 1042 
1033 1049 1050 1051 

1024 1044 1045 
1028 

1026 1032 1033 1049 1050 1051 
1033 1034 1051 
1026 1031 1035 1036 1052 
1032 1033 1035 1036 1053 
1033 1034 1036 1052 1053 
1033 1035 1053 


1038 
1024 1025 1039 
1025 1042 
1041 
1024 
1045 
1028 


1026 1030 


1026 1031 1050 
1032 1034 1035 1036 
1034 1035 1036 

1027 1054 1056 

1024 1058 1070 1071 1082 1083 1084 1085 1086 1087 1088 1089 
1057 1068 1069 1078 1079 1080 1081 1082 1083 1084 
1060 1061 1062 1066 1072 1101 
1059 1066 1101 1118 
1059 1060 1062 1065 1066 1072 1101 
1059 1061 1066 1073 
1068 1076 
1058 1063 1076 1077 
1060 1066 
1059 1060 1061 1062 1065 

1058 1063 1064 1069 1076 1077 1078 1079 
1058 1068 1078 1079 1080 1081 

1038 1070 
1060 
1062 1067 


1063 1064 1068 1077 
1064 1068 1076 
1058 1069 1077 
1068 1069 1078 1080 
1058 1069 1079 
1069 

1058 1082 

1057 1086 
1085 
1088 

1057 
1091 1092 1095 1096 1097 1099 1102 1108 1109 1110 
1092 1097 1098 1099 1102 1109 1111 
1090 1091 1097 1098 1099 1102 1110 1111 
1103 1113 1114 1115 
1059 1060 1061 1093 1100 1101 1105 1116 1117 1118 
1090 
1090 1095 1108 
1090 1092 1096 1098 1099 1108 1109 1110 
1090 1091 1092 1097 1099 1109 1110 
1091 1092 1097 1102 1110 
1093 1104 1113 1114 
1060 1061 1065 1066 1072 1105 1117 1118 
1090 1091 1092 1098 1111 1112 
1093 
1093 1113 
1094 1116 


1097 
1090 1091 1092 1097 
1090 1091 1092 1097 
1090 1091 
1102 
1100 1104 1114 
1093 1100 1104 1113 
1093 

1094 1101 1105 
1094 
1121 1122 1126 1128 1129 1141 
1125 1138 
1119 1122 1123 1128 1129 1141 
1119 1121 1123 1128 1129 1130 1141 
1121 1122 1124 1130 1131 1142 
1132 1133 
1120 1137 1139 
1119 1127 1139 1140 
1126 
1121 
1121 1122 1128 1141 
1122 1123 1141 1143 
1123 1124 1142 1143 
1124 
1144 
1135 
1134 

1120 1138 

1126 
1126 1139 
1121 1122 1129 1130 
1123 1130 1131 1143 
1123 
1132 1133 1145 
1132 1144 



1136 
1119 1120 1121 1125 1126 1137 1151 1152 1155 1159 1161 1162 1163 1164 1165 1166 1167 1168 1169 1170 1178 1179 1180 1181 1182 1183 1184 
1150 1152 1155 1159 1160 1163 1164 1165 1166 1167 1168 1169 1177 1178 1179 1180 
1120 1150 1151 1155 1161 1162 1163 1164 1165 1166 1167 1168 1169 1170 1181 1182 1183 1184 
1154 1156 1157 1171 1172 
1157 1171 
1150 1151 1152 1161 1162 1163 1164 1178 1179 
1153 


1150 1151 1160 1175 1176 
1151 1159 1177 
1151 1152 1155 1162 1178 
1150 1151 1152 1155 1161 1163 1164 1178 1179 
1150 1152 1155 1164 1165 1178 1179 
1150 1151 1155 1162 1163 1166 
1150 1151 1152 1163 1166 1167 
1151 1152 1164 1165 1167 
1150 1151 1152 1165 1168 1169 1180 
1150 1152 1167 1180 1181 1182 1183 
1150 1151 1152 1167 1168 1181 1182 1183 
1152 
1153 1157 1172 
1153 1173 1174 

1172 
1158 1176 

1151 1159 1160 
1150 1163 1179 
1162 1178 
1150 1151 1167 1169 1181 1182 
1150 1152 1168 1169 1182 1183 
1150 1152 1168 1180 1181 1183 
1152 1168 1181 

1187 1189 1195 1202 1203 1204 1205 
1187 1195 1196 1205 
1185 1186 1190 1195 1196 1197 1209 
1239 
1186 1190 1195 1196 1207 
1185 1187 1189 1195 1196 


1192 1194 1201 
1185 1193 1201 1202 
1185 1186 1187 1189 1196 1205 1206 1207 1208 
1186 1187 1189 1190 1195 1206 1207 1208 
1187 

1200 
1191 1199 
1193 




1196 1207 1208 
1189 1190 1195 1196 
1195 1206 1207 


1212 1214 1215 1216 1224 1225 1226 1241 1257 1258 1259 1285 
1211 1214 1215 1216 1217 1220 1221 1222 1228 1229 1230 1231 1232 1233 1234 1235 1240 
1188 1211 1212 1214 1215 1216 1217 1221 1222 1223 1231 1233 1234 1235 1236 1237 1240 
1188 1211 1212 1213 1215 1217 1221 1222 1223 1235 1236 1237 1238 1239 
1211 1213 1214 1216 1228 1230 
1212 1213 1215 1220 
1212 1213 1214 1222 1223 1236 1237 1238 
1211 1259 
1211 1224 1225 
1211 1212 
1213 1235 
1213 1214 1217 1221 
1214 1217 1239 
1211 1219 1225 
1211 1219 1224 

1220 1226 
1212 1215 1229 1230 
1212 1215 1228 1230 

1212 1213 1232 
1212 1231 1233 1234 
1213 1232 1234 
1213 1232 1233 
1213 1214 
1214 1217 1237 
1213 1214 1217 1236 1238 
1213 1217 1237 
1214 1223 
1211 1212 1213 1214 1215 1216 1218 1219 1220 1224 1225 1241 1243 1245 1255 1256 1257 1258 1259 1275 1276 1277 1278 1279 1280 1281 1282 1283 1284 1286 
1240 1243 1244 1245 1252 1253 1254 1255 1268 1269 1270 1271 1272 1273 1274 
1246 1247 1261 
1240 1241 1244 1252 1253 1254 1266 1267 1268 1269 
1241 1243 1253 1268 1269 1270 
1240 1241 1244 1254 1270 1271 1272 1273 
1260 
1246 1260 

1248 1250 1262 1263 1264 1265 

1243 1252 1266 
1241 1243 1244 1266 1267 
1241 1243 1244 1254 1268 1269 
1241 1243 1244 1245 1253 1269 1270 
1240 1241 1245 1272 1273 1274 
1240 1275 1277 
1240 1258 1259 1282 1283 1285 
1257 1282 1283 1284 
1240 1285 
1242 1246 1247 1261 

1248 1249 1263 1264 1265 
1248 1249 1264 1265 
1248 1249 1262 1263 
1250 1262 1263 1264 
1243 1251 1252 1267 
1243 1252 
1244 1253 1254 1269 
1241 1244 1253 1254 1268 1270 
1241 1244 1245 1253 1254 1269 
1241 1245 1255 1274 
1245 1255 1271 1273 1274 
1241 1245 1272 
1245 1272 1273 
1240 1276 

1256 1275 
1240 1279 1280 
1240 1278 1281 
1240 1278 1279 1281 
1240 1257 1278 1280 1282 1283 1284 
1240 1257 1281 1283 1284 
1240 1257 1258 1281 1282 1284 
1257 1258 1282 1283 
1257 
1240 1288 1290 1291 1296 1297 1298 1299 1300 1301 1310 1312 1314 1315 
1289 1292 1293 1294 1302 1303 1304 
1286 1290 1291 1296 1297 1298 1311 1312 1313 
1292 1293 1302 1303 
1286 1296 1308 1309 
1286 1288 1298 1299 1314 1315 1316 
1289 1293 
1287 1289 
1287 1304 
1306 
1286 1290 1310 
1288 1310 
1286 1288 1299 1300 1301 1314 1316 
1291 1298 1301 1314 1316 
1286 1291 1298 1299 1301 1314 1315 1316 
1286 1291 1298 1299 1300 
1287 1289 
1287 
1287 1294 
1295 
1305 
1308 

1308 
1286 1296 1297 
1288 1297 
1286 1313 
1288 1312 
1286 1291 1299 1300 1315 
1286 1291 1298 1299 1300 1314 1316 
1298 1300 1301 1315 
1211 1212 1240 1286 1287 1288 1289 1290 1291 1292 1293 1294 1295 1296 1302 1303 1304 1305 1318 1319 1320 1321 1322 1323 1324 1328 1329 1330 1331 1332 1333 1339 1343 1346 1347 1348 1349 1350 1351 1352 1353 1354 1355 1357 1405 1406 
1317 1319 1320 1321 1322 1323 1329 1330 1331 1341 1342 1343 1344 1345 1346 1347 1349 
1317 1318 1320 1321 1322 1327 1328 1329 1330 1331 1339 1340 1341 1344 1345 
1317 1318 1319 1321 1328 1329 1330 1331 1340 1341 1343 1344 1345 
1318 1319 1320 1322 1328 1329 1330 1331 1339 1340 1341 1342 1343 1344 1345 1346 
1317 1318 1319 1321 1323 1348 1349 
1317 
1317 1325 1326 1327 
1326 1327 
1324 1325 1327 
1319 1324 1325 1326 1328 
1317 1319 1320 1321 1327 1329 1339 1340 
1317 1318 1319 1320 1321 1328 1330 1339 1340 1341 1342 
1317 1318 1320 1321 1329 1331 1342 1343 
1317 1318 1319 1320 1321 1343 1344 1345 1347 
1317 1352 1353 1354 1355 
1332 1354 1355 
1336 1337 
1336 1337 

1334 
1325 
1317 1319 1320 1321 1328 1329 1340 
1319 1320 1321 1328 1329 
1318 1319 1320 1321 1329 1330 1342 
1319 1320 1321 1329 1330 1331 1341 1343 
1317 1318 1319 1320 1321 1330 1331 1342 1344 1345 1346 1347 
1318 1319 1321 1331 1343 1345 1346 1347 
1318 1319 1320 1321 1331 1343 1346 1347 
1317 1318 1321 1343 1344 1345 1347 
1317 1318 1321 1331 1344 1346 1348 
1317 1347 
1318 
1317 


1332 
1317 
1317 1332 
1358 1368 1369 1370 1371 1372 1386 
1359 1378 
1356 1367 1368 
1357 1361 1362 1363 1376 
1357 1359 1362 1363 1364 

1359 1360 1363 
1360 

1366 
1365 1381 

1369 
1356 

1370 

1372 

1361 






1383 1384 1387 1388 1390 1395 1397 1398 1399 1400 
1382 1384 1407 1408 1429 
1382 1383 1408 
1382 1386 1387 1388 1391 1401 1402 
1356 1358 1367 1385 1392 1393 1403 1404 
1382 1385 1398 1399 
1382 1387 1399 1400 

1387 1388 1398 1399 1400 

1386 1393 
1392 

1382 1396 


1382 1387 1390 
1382 1387 1388 1390 1400 
1388 1399 


1386 1393 1404 
1367 1386 1403 
1317 1356 1382 1383 1384 1385 1386 1387 1388 1389 1390 1391 1394 1395 1396 1397 1398 1399 1406 1407 1408 1409 1410 1411 1412 1413 1414 1415 1416 1417 1422 1423 1424 1425 1426 1427 1428 1429 1432 1437 1461 1462 1523 1524 
1382 1383 1384 1385 1389 1405 1407 1408 1410 1411 1415 1416 1417 1422 1423 1424 1425 1426 1427 1428 1429 
1383 1405 1406 1408 1409 1410 1411 1415 1416 1423 1424 1425 1426 
1383 1384 1405 1406 1407 1410 1411 1417 1425 1426 1427 1428 1429 
1405 1406 1407 1408 1410 1411 1416 1423 1424 1425 1426 
1405 1406 1407 1408 1409 1411 1423 1424 1425 
1405 1406 1407 1408 1410 1425 
1419 
1405 1414 
1405 
1405 
1405 1406 1407 1409 1422 
1405 1406 1408 1427 1428 
1412 



1407 
1405 1406 1407 1409 1424 
1405 1406 1409 1410 1423 
1405 1406 1408 1409 1410 1411 
1406 1407 1408 

1408 1417 
1406 1408 

1445 
1433 1434 1435 1438 1439 1450 1451 1453 
1432 1436 1453 1454 
1432 1435 1448 1449 1450 
1432 1434 1438 1449 
1433 1438 1439 1452 1453 
1440 1442 1457 1458 
1434 1435 1439 1450 1451 
1432 1436 1438 
1437 1441 1456 1457 
1437 1442 
1437 1440 1441 1457 1458 

1443 
1430 1446 



1434 1435 1448 
1432 1434 1438 
1439 
1432 1453 



1440 1441 
1437 1440 1458 

1437 1460 

1430 1431 1432 1434 1462 1463 1464 1465 1466 1467 1468 1469 1472 1473 1474 1475 1476 1477 1478 1479 1491 1492 1493 1524 
1461 1463 1464 1465 1466 1467 1468 1469 1470 1471 1472 1473 1474 1475 1476 1477 1485 1486 1487 1488 1490 1491 
1461 1462 1466 1467 1470 1472 1474 1481 1482 1484 1485 1509 1519 1521 1522 
1461 1462 1463 1465 1466 1467 1471 1472 1474 1475 1485 1486 1487 1488 
1430 1464 1467 1468 1469 1476 1477 1479 1480 1492 
1461 1462 1463 1467 1470 1471 1472 1474 1483 1484 1485 1486 
1461 1462 1463 1465 1468 1472 1473 1475 1487 1488 1489 1490 
1461 1462 1464 1467 1473 1475 1488 1489 1490 
1461 1462 1465 1477 1478 1480 1492 
1462 1464 1466 1471 1481 1482 1483 1484 1509 1522 
1463 1464 1466 1470 1482 1483 
1461 1462 1463 1464 1467 1468 1473 1474 1487 
1461 1462 1464 1468 1472 1475 1487 1488 1489 
1462 1463 1464 1467 1472 1485 1486 
1461 1462 1467 1468 1473 1488 1489 1490 

1461 1462 1465 1469 1478 
1465 1469 1477 
1465 
1465 
1463 1482 
1470 1471 1481 1483 
1463 1470 1482 1484 
1463 1466 1471 
1462 1463 1464 1466 1474 
1462 1464 1485 
1462 1464 1467 1472 1473 
1462 1467 1468 1475 
1462 1467 1468 1473 1475 1490 
1462 1467 1468 1475 

1461 1465 
1494 1495 1496 1497 1498 1499 1501 1502 1503 1504 1505 1506 1511 1512 1513 1514 1515 1516 
1493 1495 1496 1497 1503 1504 1505 1514 1515 1516 
1494 1496 1501 1502 1503 1510 1511 1512 1513 
1494 1495 1497 1498 1503 1514 1515 
1493 1494 1496 1499 1505 1506 1507 1516 
1493 1494 1496 1497 1504 1505 1516 
1507 1508 1518 
1499 
1493 1495 1502 1503 1511 1512 1513 
1493 1503 1512 
1494 1495 1502 1513 
1514 
1493 1494 1497 1506 1516 1517 
1493 1494 1497 1517 
1497 
1497 1507 
1519 1520 1521 1522 

1493 1495 
1493 1495 1502 
1495 1503 
1493 1494 1496 1504 
1494 1498 
1493 1498 1505 
1497 1506 
1499 
1509 1520 
1521 
1509 1519 1522 
1521 
1405 1461 1493 1494 1524 1525 1526 1527 1528 1529 1530 1531 1532 1533 1538 1539 1540 1541 1542 1543 1544 1545 1547 1548 1549 1550 1551 1552 1562 1563 1564 1565 1567 1569 1570 1571 1578 1579 1580 1581 1582 1583 1584 1585 1586 1587 1589 
1461 1462 1493 1494 1495 1496 1497 1498 1501 1523 1525 1526 1527 1529 1532 1533 1534 1535 1536 1537 1552 1553 1554 1555 1556 1558 1560 1561 1562 1563 1564 
1523 1524 1526 1527 1528 1532 1533 1548 1549 1550 1551 1552 
1523 1524 1525 1527 1528 1534 1553 
1524 1525 1526 1528 1532 1533 1548 1550 1552 
1523 1524 1525 1526 1552 
1523 1524 1534 1535 1536 1537 1557 1558 1559 
1523 1538 
1538 
1523 1524 1527 1533 1545 1546 1547 1549 
1523 1524 1525 1527 1549 1550 1551 
1524 1529 1535 1553 1555 1556 1557 
1524 1529 1555 1556 1557 1558 
1524 1529 1537 
1529 
1523 1530 1539 
1541 
1539 1541 
1540 
1523 1543 1544 
1544 

1523 1546 1547 
1523 1532 1547 
1523 1545 1546 1548 
1525 1527 1532 1547 
1523 1525 1527 1532 1533 
1523 1533 1549 1551 
1523 1525 1527 1550 
1524 1525 
1526 1535 1554 1555 
1534 1553 1555 1556 
1524 1534 1535 1553 1554 1556 1557 
1524 1534 1554 1555 
1524 1529 1534 1535 1555 1556 1558 
1524 1535 1536 1557 1559 
1529 1536 
1524 

1563 1564 1565 1566 1567 1568 1569 1570 1575 1576 1577 1578 1579 1580 1589 
1562 1564 1565 1566 1568 1574 1576 1577 1589 
1562 1563 1566 1567 1569 1570 1571 1578 1579 1580 1581 1582 1583 1584 1585 1586 
1568 
1562 1563 1564 1567 1569 1570 1578 
1562 1564 1566 1570 1582 1583 1584 1585 1586 
1563 1565 1574 1576 
1562 1564 1566 1567 1570 1571 1579 1580 1581 1582 1583 
1562 1564 1566 1567 1569 1571 1581 1582 
1564 1567 1569 1570 1582 1584 


1562 1563 1575 
1562 1565 
1562 1563 1568 

1562 1564 1566 
1562 1566 1569 1578 1580 1581 

1564 1566 1569 1570 1579 1580 
1567 1569 1570 1571 
1564 1567 1569 1570 1571 1584 
1571 1585 

1564 1587 

1589 1590 1591 1592 1594 1597 1598 1605 
1563 1572 1588 1595 1609 1610 1611 1612 1613 
1591 1592 1593 1594 1604 
1588 1590 1592 1593 1594 1603 1604 
1588 1590 1591 1596 1605 
1590 1591 1594 1601 1602 
1588 1591 1603 
1589 1599 1611 1613 
1592 1597 
1588 1592 1596 1605 

1589 1595 1610 1611 



1590 1591 1594 
1590 1591 


1606 


1589 1599 1611 
1589 1599 
1589 
1595 1612 
1615 1616 1617 1618 1619 1621 1622 1623 1624 1625 1626 1630 1632 1633 1645 1654 1656 1674 
1590 1591 1593 1594 1614 1617 1618 1619 1620 1627 1628 1629 1635 1636 1637 1638 1639 1640 1641 
1615 1618 1621 1622 1624 1625 1626 1634 
1614 1615 1616 1618 1619 1620 1627 1628 1634 1635 1636 1638 
1614 1615 1616 1617 1619 1620 1627 1628 1634 1635 1636 1637 1638 
1614 1615 1616 1617 1618 1620 1627 1628 1629 1635 1636 1637 1638 
1617 1618 1619 1627 1628 1629 1639 1640 
1616 1622 1623 1632 1633 
1616 1624 1625 
1614 1621 1632 1633 
1622 1625 
1622 1624 1626 

1617 1618 1619 1620 1628 1638 
1615 1617 1618 1619 1620 1627 1629 1638 1639 
1615 1620 



1614 
1616 1617 
1615 1617 1618 1619 1636 
1615 1617 1618 1635 1637 
1617 
1615 1617 1618 1619 1627 1628 
1615 1620 1628 1629 
1641 

1523 1524 1562 1588 1589 1614 1615 1616 1617 1618 1619 1620 1621 1622 1623 1624 1630 1643 1644 1645 1646 1647 1648 1649 1650 1651 1652 1653 1654 1655 1656 1657 1658 1659 1660 1661 1662 1663 1664 1665 1666 1667 1668 1669 1670 1671 1672 1673 1674 1675 1676 1677 1678 1680 1681 1682 1683 1689 1702 1703 1704 1705 1706 1707 1746 1748 1804 
1642 1644 1646 1650 1657 1658 1659 1676 1677 1678 1683 1702 1704 
1642 1643 1645 1646 1661 
1644 1651 1652 1653 1654 1665 1666 1668 1669 1670 1671 1672 
1643 1644 
1621 1623 1630 1642 1654 1656 1674 
1643 1649 1657 
1648 1657 1658 
1642 1643 1657 
1642 1645 1652 1666 
1642 1645 1651 1665 1666 1667 1668 1669 
1642 1645 1668 1669 1670 1671 1672 
1645 1655 
1642 1647 1656 1674 
1630 1631 1642 1647 1655 1674 
1642 1643 1648 1649 1650 1658 
1642 1643 1650 
1643 
1642 1644 
1644 1660 
1642 
1662 1664 
1642 1663 
1642 1645 1651 1652 1666 1667 
1642 1651 1665 
1652 
1642 1652 1653 1667 1669 1670 
1642 1645 1652 1653 1668 1670 
1669 
1645 1672 
1642 1653 1671 

1642 1647 1655 
1676 1679 1684 1690 1691 1711 1712 1739 1740 1741 1742 1743 1744 1745 
1677 1678 1680 1681 1685 1686 1687 1692 1693 1694 1695 1696 1707 
1678 1680 1681 1682 1683 1687 1688 1689 1696 1697 1698 1699 1700 1701 
1676 1677 1680 1681 1682 1683 1687 1688 1689 1697 1698 1699 1700 1701 
1675 1684 1685 1690 1691 
1677 1678 1681 1682 1687 1696 1697 
1676 1677 1680 1682 1687 1696 
1677 1678 1680 1681 1687 1688 1697 1699 
1678 1689 
1676 1679 
1676 1684 1686 1692 1693 
1676 1685 1692 1693 
1676 1677 1678 1680 1682 1688 1697 
1677 1678 1681 1682 1687 1697 
1677 1678 1683 1701 
1675 1679 
1675 1690 
1676 1686 1693 
1676 1685 1692 

1694 
1676 1677 1680 1681 
1678 1680 1682 1687 1688 1698 
1677 1678 
1677 1678 1682 1698 1700 
1678 


1704 
1703 

1675 1676 1677 1678 1679 1680 1684 1685 1690 1691 1707 1708 1709 1710 1711 1712 1720 1721 1722 1723 1725 1733 1736 1737 1738 1739 1740 1741 1742 1743 1744 1745 1748 
1675 1676 1706 1711 1712 1721 1722 1723 1725 1735 1736 1737 1738 1740 
1706 1709 1713 1715 1716 1726 1727 1728 1760 1772 
1706 1708 1710 1713 1714 1715 1716 1717 1728 1729 
1706 1709 1717 1718 1719 
1706 1707 1712 1724 1725 1738 1739 1740 1741 
1706 1707 1738 1739 1740 1741 
1708 1709 1715 1726 1727 1760 
1708 1709 1713 1715 1726 1727 1728 1760 
1708 1713 1714 1716 1727 1728 
1708 1709 1717 
1709 1710 1718 1730 
1710 1717 1719 
1710 1731 
1706 1733 
1707 1722 1723 
1707 1721 
1707 
1706 1707 1711 1725 1735 1736 1737 1738 
1706 1707 1711 1724 1736 1737 
1708 1713 1714 1727 
1708 1714 1726 
1708 1709 1715 
1709 1730 
1729 


1706 1734 

1706 1707 1724 1736 1737 
1724 1725 1735 1737 
1706 1707 1724 1735 1736 
1706 1712 1724 

1706 1707 1711 1739 1742 
1706 1711 1712 1740 1742 1743 
1706 1741 1743 
1706 1742 1744 1745 

1706 
1706 1708 1747 1748 1749 1750 1751 1752 1753 1754 1755 1756 1757 1761 1762 1763 1773 1774 1777 1778 1779 1782 1784 1785 1786 1787 1799 1801 1802 1803 1804 1805 1806 
1746 1748 1750 1751 1755 1756 1757 1764 1774 
1708 1709 1710 1713 1714 1715 1716 1717 1726 1727 1728 1746 1750 1751 1753 1759 1760 1772 
1746 1747 1755 1762 
1746 1747 1751 1752 1753 1756 1757 1758 1763 1764 1766 
1746 1748 1750 1752 1753 1756 1757 1758 1765 
1746 1747 1749 1750 1751 1756 1757 1763 1764 1765 
1746 1748 1751 1758 1766 1767 1768 1769 
1746 1749 
1746 1762 
1746 1747 1750 1751 1763 1764 
1746 1747 1750 1751 1752 1765 
1750 1751 1753 1767 1768 1769 

1713 1714 1748 1772 

1746 1749 1755 
1746 1747 1750 1752 1764 
1747 1752 1756 1763 
1750 1757 
1750 1751 1753 1758 1767 1768 
1751 1753 1758 
1758 1766 1769 
1753 1758 1768 

1759 
1760 
1774 1777 1782 1783 1796 1797 1798 
1773 1777 1778 1784 1786 1787 1801 1802 1803 
1788 
1790 
1773 1778 1779 1784 1785 1786 1787 1799 1801 1802 1803 
1774 1777 1779 1784 1801 1802 
1774 1777 1778 1784 1785 1787 1801 1802 1803 

1776 
1797 
1782 1796 
1774 1777 1778 1779 1785 1801 1802 
1774 1777 1779 1784 1786 1787 1802 1803 
1774 1779 1785 1787 1803 
1774 1777 1779 1785 1803 

1776 1781 1790 

1776 1792 1794 
1791 1793 1795 
1791 1794 
1792 1793 1795 
1792 1793 1794 

1773 1782 1796 



1778 1779 1784 1802 
1774 1777 1779 1784 1785 1803 
1774 1777 1779 1785 1787 1802 
1706 1746 1747 1748 1773 1774 1775 1776 1777 1780 1781 1782 1788 1789 1790 1791 1805 1806 1807 1808 1809 1810 1811 1812 1814 1815 1816 1817 1821 1822 1823 1824 1825 1826 1827 1828 1830 1832 1833 1858 1914 
1804 1806 1807 1808 1809 1810 1811 1812 1814 1815 1816 1819 1821 1823 1824 1825 1833 1838 
1805 1808 1809 1810 1811 1812 1817 1821 1822 1824 1825 1826 1827 
1805 1814 1819 1833 
1804 1805 1806 1809 1810 1811 1812 1815 1816 1817 1825 1826 
1804 1806 1808 1810 1812 1816 1817 1818 1826 1827 
1804 1805 1806 1808 1809 1812 1816 1817 1826 1827 
1804 1805 1806 1815 1822 1824 1825 
1804 1805 1810 1817 1826 1827 

1804 1805 
1805 1806 1808 1811 1825 
1804 1805 1806 1809 1810 1812 1817 1826 1827 
1804 1808 1809 1810 1812 1816 
1809 1810 


1804 1805 1806 
1805 
1806 1822 
1805 1806 1811 1822 1823 
1804 1806 1808 
1804 1806 1808 1809 1810 1816 
1804 1806 1809 1812 1816 1817 
1809 1818 
1 29 63 125 208 244 284 1317 1405 1461 1523 1562 1614 1615 1642 1643 1644 1675 1676 1677 1678 1706 1707 1708 1709 1746 1747 1748 1749 1750 1751 1752 1753 1773 1774 1775 1777 1778 1779 1780 1781 1782 1783 1784 1785 1788 1789 1790 1791 1792 1796 1804 1805 1806 1807 1808 1809 1810 1811 1812 1813 1814 1815 1816 1817 1818 1819 1820 1821 1822 1823 1824 1825 1826 1827 1828 1830 1831 1832 1833 1834 1835 1836 1837 1838 1839 1840 1841 1842 1843 1844 1845 1846 1847 1848 1849 1850 1851 1852 1853 1854 1855 1856 1857 1858 1859 1860 1861 1862 1863 1864 1865 1866 1867 1868 1869 1870 1871 1872 1873 1876 1883 1884 1885 1886 1887 1888 1889 1890 1891 1892 1893 1894 1895 1897 1899 1900 1901 1902 1913 1914 1915 1917 1918 1919 1920 1923 1935 1936 1937 1966 1967 
1829 1831 1835 1836 1846 1847 1848 1849 1850 1860 
1829 1830 1834 1835 1836 1844 1845 1846 1860 
1807 1829 1833 1837 1838 1840 1841 1842 1856 1857 
1813 1829 1832 1839 1840 1841 
1829 1843 1844 
1829 1830 1836 1847 
1829 1835 1848 
1829 
1829 1832 1839 1840 1842 1856 1857 
1829 1833 1838 1840 1841 
1829 1833 1841 
1833 1838 1839 1840 1842 
1829 1832 1833 1838 1839 1840 1841 
1829 1834 
1829 1831 1834 1845 

1829 

1830 1835 1836 

1830 
1829 1852 


1829 1853 
1829 
1829 1832 1838 1857 

1830 1831 1834 1843 1859 1860 1863 1864 1865 1872 1873 1884 1885 1886 1887 1888 1889 1890 
1858 1862 1863 1864 1867 1868 1869 1870 1871 1878 1879 1880 1881 1882 
1831 1834 1843 1865 1872 1886 1889 1890 
1866 1874 
1859 1861 1867 1876 1877 
1858 1859 1864 1869 1870 1871 1883 
1859 1863 1865 1871 1883 1884 
1885 
1875 
1859 1876 1877 1878 
1859 1867 1878 1879 1880 1881 
1859 1863 1870 1882 
1859 1863 
1859 1863 1883 
1860 1886 1887 1888 1889 
1858 1860 1872 1888 1889 1890 
1861 1866 

1862 1867 

1859 1868 1879 
1859 1868 1880 
1859 1868 
1859 1868 1880 
1859 
1863 1871 
1858 1864 

1858 1860 1872 
1860 1886 
1858 1860 1872 1873 
1860 1888 1890 
1858 1873 1888 1889 
1892 1893 1897 1906 1908 1909 1910 1920 
1861 1866 1874 1891 1894 1895 1900 1901 1902 
1906 
1891 1892 1898 1911 
1861 1892 1900 1901 
1905 
1911 
1894 1897 1911 1912 
1900 
1892 1895 1899 
1899 
1892 1895 1901 
1896 1904 




1891 
1891 

1894 1897 1898 1912 
1897 1898 1911 
1804 1891 1892 1914 1915 1916 1917 1918 1919 1920 1921 1922 1923 1924 1925 1926 1927 1928 1929 1930 1931 1932 1935 1936 1937 1938 1940 1941 1942 1943 1947 1948 1949 1950 1952 1959 1961 1963 1964 1965 1966 1967 1968 
1804 1891 1892 1893 1894 1896 1903 1904 1905 1913 1916 1917 1918 1919 1920 1921 1922 1923 1924 1930 1931 1932 1933 1934 1935 1936 1937 1941 1942 1943 1966 1967 
1891 1913 1914 1917 1918 1920 1922 1923 1924 1930 1931 1932 1933 1934 1937 
1913 1914 1921 1925 1926 1928 1937 1941 1942 1943 1951 1952 1964 1965 
1913 1914 1915 1918 1922 1924 1930 1932 1933 
1913 1914 1915 1917 1919 1920 1922 1923 1934 
1914 1923 
1893 1904 1905 1913 1919 1923 
1913 1916 1929 
1913 1914 1915 1917 1918 1924 1932 
1896 1903 1904 1913 1914 1915 1918 1919 1920 
1913 1922 
1913 1916 1926 1965 
1913 1916 1925 1927 1965 
1913 1921 1926 1928 
1927 

1913 1914 1917 
1913 1914 1917 
1914 1915 1922 
1914 1917 1922 

1936 1938 1946 1955 1956 1967 1968 
1939 1940 1949 1956 1957 1958 1959 
1916 1921 1925 1927 1928 1941 1943 1951 1964 1965 
1935 1944 1945 
1935 1947 1948 1957 
1936 1941 1949 1950 1959 1960 1961 1962 
1937 1940 1943 1952 
1937 1941 1943 1951 1952 1964 1965 
1937 1941 1942 1952 1964 1965 
1935 1945 
1935 1938 
1945 1955 
1936 1939 1948 1957 
1939 1947 
1936 1940 1950 1959 1960 
1940 1961 
1937 1941 1942 1943 1952 1964 
1937 1943 1951 1964 
1994 

1935 1946 
1936 1939 
1947 

1936 1940 1949 1960 

1940 1962 
1940 1961 1963 
1940 

1926 1937 1943 1964 
1935 1967 1968 1969 1970 1972 1973 1974 1975 1981 1983 1984 1985 1986 1987 1988 1989 1990 1991 1992 1993 
1935 1938 1966 1968 1975 1990 1991 1992 1993 1994 
1935 1966 1967 1974 1975 
1966 1970 1971 1976 1977 1978 2003 2004 2017 
1966 1969 1979 
1969 1979 
1983 
1986 
1966 1968 1991 

1969 




1983 
1981 
1966 1972 1981 


1973 1985 



1968 1974 1991 
1967 1974 1992 
1967 1974 1990 1991 

1954 1967 1995 
1954 1994 
1998 

1996 2006 2007 2008 


2002 
2001 2012 
2016 2017 


1998 2007 

1998 2006 



1997 2002 





2020 2021 2022 2024 2025 2027 2028 2029 2030 2031 2045 2046 
11 28 2034 
2018 2021 2024 2025 2026 2027 2028 2042 2043 2044 
2018 2029 2030 2031 2045 2046 
2018 2032 2033 2047 2048 

2018 2020 2025 2026 2040 2041 2042 2043 
2018 2024 2026 2028 2040 2041 2042 2043 2044 
2018 2020 2024 2025 2027 2028 2042 2043 
2026 2028 2044 
2018 2025 2026 2027 2044 
2018 2030 2031 2045 
2018 2021 2029 2031 
2018 2021 2029 2030 

2023 


2037 2038 2039 
2036 2038 2039 
2036 2037 2039 
2036 2038 


2020 2024 2025 2026 
2020 2024 2025 2026 2042 
2020 2025 2026 

2018 2021 2029 2045 
2033 

