1024 3800 0
2 3 4 5 6 11 12 16 37 38 39 45 958 994 1006 1007 1008 1009 1012 
1 9 
1 10 
1 
1 6 12 
1 5 12 


2 
3 
1 
1 5 6 
1 2 3 4 7 14 15 16 17 18 20 21 22 25 26 28 30 37 38 39 40 45 56 72 106 123 172 825 850 958 959 994 1006 1007 
13 
13 20 
13 17 
13 16 
13 19 
18 
13 15 
13 
13 
1 2 3 13 14 15 16 18 20 24 25 26 27 28 29 30 31 32 33 34 35 36 37 38 39 40 41 42 43 44 45 46 56 57 58 60 62 72 82 83 95 104 105 106 123 135 136 172 443 457 494 516 517 548 601 602 676 713 809 825 850 898 958 959 994 1006 1007 
23 
23 28 
23 
23 32 
23 25 
23 33 
23 36 
23 
23 27 
23 29 
23 
23 
23 30 
1 38 39 40 41 42 45 46 58 123 1006 
24 37 39 40 41 43 44 
24 37 38 40 41 43 44 
37 38 39 41 
37 38 39 40 
37 
38 39 
38 39 
1 37 38 39 40 46 47 50 51 52 53 54 56 57 58 62 72 123 1006 
45 53 
45 54 
49 
48 
45 
45 
45 
45 46 
45 47 

57 58 59 60 72 76 81 
56 58 59 60 61 67 68 
56 57 62 63 64 
56 57 65 66 67 
56 57 61 
57 60 
58 63 
58 62 
58 
59 
59 
57 59 
57 
70 
69 

56 57 73 74 83 
72 
72 
77 

75 

80 
79 

84 85 86 97 
73 92 94 
82 85 88 89 97 
82 84 88 89 
82 

84 85 89 
84 85 88 


83 

83 
1 13 23 37 38 39 45 56 57 58 72 73 74 82 83 84 85 86 87 88 96 97 98 99 100 101 102 103 104 105 106 107 108 109 110 111 112 113 116 117 119 120 121 122 123 124 125 126 127 128 131 135 136 137 140 172 202 203 443 457 494 516 517 548 601 602 676 713 825 850 958 1006 
95 
84 95 
95 
95 
95 
95 
95 
95 
1 13 23 37 38 39 45 56 57 58 59 60 72 73 74 82 83 84 85 86 87 95 96 97 98 99 100 101 102 103 105 106 107 108 109 110 111 112 113 114 115 116 117 118 119 120 121 122 123 124 125 126 127 128 129 130 131 132 133 134 135 136 137 138 139 140 144 163 172 173 202 203 204 205 214 258 327 386 443 457 494 516 517 548 601 602 676 677 713 809 825 850 958 1006 
104 106 107 108 110 115 116 127 131 135 136 
96 99 100 104 105 107 111 112 113 117 120 121 122 135 136 
104 105 106 111 112 117 118 119 
104 105 
104 114 
104 105 
104 106 107 117 118 
104 106 107 119 
104 106 
104 109 
104 105 
104 105 
104 106 107 111 118 
104 107 111 117 
104 107 112 
104 106 
104 106 
104 106 
37 45 72 83 105 106 107 108 109 110 111 114 115 124 125 126 127 128 129 130 131 132 133 134 135 136 137 140 172 
123 
123 
123 130 132 
123 131 133 134 
123 129 
123 128 
123 126 
123 127 133 134 
123 126 
123 127 131 
123 127 131 
105 106 124 125 126 136 137 140 144 145 146 157 158 159 160 161 
105 106 124 125 135 137 140 158 159 160 161 
124 135 136 140 144 145 146 157 158 159 
139 141 142 143 148 
138 143 149 150 
135 136 137 157 158 
138 142 
138 141 148 
138 139 149 150 
135 137 
135 137 146 
135 137 145 

138 142 
139 143 
139 143 






135 137 140 
135 136 137 140 
135 136 137 160 
135 136 159 
135 136 
164 
170 
162 





163 

106 123 135 136 137 162 163 164 173 174 178 179 180 181 182 183 184 185 186 187 188 192 202 203 204 205 
172 174 
172 173 184 185 
192 201 


172 
172 
172 181 
172 180 
172 183 
172 182 
172 174 
172 174 
172 187 
172 186 
172 

196 

175 201 



190 




192 
203 204 205 206 207 208 211 212 213 214 
202 204 205 206 207 208 209 210 214 
202 203 205 208 209 210 214 
189 202 203 204 
202 203 207 211 212 
202 203 206 
202 203 204 209 
203 204 208 
203 204 
202 206 
202 206 
202 
204 206 207 226 227 
221 

219 
222 
217 

215 
218 



214 
214 
229 230 233 234 238 239 
228 233 234 238 257 
228 
232 235 
231 
228 229 234 
228 229 233 
231 
241 

228 229 
228 

236 

245 

243 



250 
249 


254 
253 



259 260 261 262 267 274 275 
258 263 264 269 270 271 286 
258 261 262 274 275 
258 260 262 276 
258 260 261 276 
259 264 265 272 
259 263 272 
263 273 
273 
258 
278 
259 
259 271 
259 270 
263 264 
265 266 
258 260 
258 260 
261 262 

268 

281 289 
280 282 283 
281 
281 
293 294 

295 
288 
287 
280 



284 
284 
286 
1 13 23 37 38 45 72 95 104 105 106 123 135 136 172 202 203 204 205 214 228 230 231 243 258 259 260 261 262 263 280 281 282 283 284 285 286 287 289 291 297 298 299 300 301 302 303 304 305 306 307 308 309 310 311 312 313 314 315 316 317 318 319 320 321 322 323 324 325 326 327 328 329 330 331 332 334 337 338 340 353 364 365 367 386 387 391 414 430 432 443 444 457 481 494 516 517 531 548 580 601 602 643 676 677 713 808 809 825 850 958 1006 
296 298 301 310 
296 297 302 
296 300 306 
296 299 
296 297 
296 298 
296 
296 
296 
296 299 
309 321 322 

307 323 
311 325 
310 326 
313 
312 


317 
316 



307 
307 
309 324 
323 
310 
311 
307 328 330 336 337 
327 330 337 
333 
327 328 337 


329 


327 
327 328 330 
341 342 351 

348 
338 342 350 
338 341 351 

345 346 
344 346 
344 345 

340 

341 
338 342 

355 360 365 
359 
353 356 
355 361 


354 
353 
356 


366 374 375 391 
353 367 368 372 383 384 385 
364 374 
365 368 371 378 379 380 
365 367 381 382 
370 373 
369 
367 378 379 
365 385 
369 
364 366 
364 


367 371 
367 371 
367 
368 382 
368 381 
365 
365 
365 372 
364 387 388 389 390 391 392 393 399 404 405 413 414 
386 390 393 
386 392 
386 
386 387 396 
386 394 398 
386 388 
386 387 
391 

390 

391 
400 401 410 
399 401 411 
399 400 411 
403 
402 



408 
407 

399 
400 401 


399 415 419 429 430 432 
414 416 417 420 421 430 432 
415 422 423 
415 442 
426 
414 
415 421 
415 420 
416 423 
416 422 


418 


414 
415 431 432 433 434 439 440 
430 432 433 434 440 
415 416 417 430 431 434 436 442 
430 431 
430 431 432 440 441 

432 


430 
430 431 434 
434 
432 
386 414 430 431 432 433 444 445 446 447 448 449 450 451 452 453 454 457 458 459 460 461 462 468 469 470 471 472 480 481 494 517 548 825 
430 443 445 446 447 448 450 454 455 481 
443 444 446 447 
443 444 445 447 
443 444 445 446 
443 444 450 
443 451 
443 444 448 
443 449 
443 
443 
443 444 
444 

386 414 430 432 443 444 445 446 458 459 460 461 462 463 464 465 466 467 468 469 470 471 472 473 474 475 476 477 478 481 487 492 493 494 495 517 519 548 825 
457 459 460 461 467 468 479 
457 458 460 466 467 474 475 
457 458 459 468 
457 458 469 
457 470 471 480 
457 464 
457 463 
457 
457 459 
457 458 459 475 
457 458 460 
457 461 
457 462 480 
457 462 
457 
457 
457 459 
457 459 467 
457 
457 478 
457 477 
458 
462 470 
444 458 459 460 463 464 465 487 492 493 
483 
482 
488 


481 
484 



481 
481 
443 444 457 481 495 496 497 498 499 500 501 502 503 517 518 519 520 521 522 524 529 530 532 548 580 825 
494 496 498 506 507 
494 495 503 
494 
494 495 506 
494 
494 
494 
494 
494 496 504 505 
503 505 
503 504 
495 498 
495 

510 511 
509 511 512 
509 510 512 
510 511 513 514 
512 514 
512 513 

1 13 23 45 95 104 123 172 327 386 414 415 430 431 432 443 444 445 446 448 457 458 459 460 461 462 481 482 483 484 485 486 487 494 495 496 497 498 499 500 501 502 503 504 505 506 507 508 509 515 517 518 519 520 521 522 523 524 525 526 527 528 529 530 532 533 534 537 542 543 545 547 548 549 550 551 552 553 560 563 564 580 581 583 601 602 603 604 605 607 625 626 643 644 659 676 677 678 713 714 715 726 777 809 825 850 1006 
444 481 495 496 497 498 499 500 501 502 503 516 518 519 520 521 522 524 529 530 532 548 580 
516 517 520 523 532 
516 517 521 522 524 529 530 
516 517 518 
516 517 519 522 530 
516 517 519 521 530 
516 518 
516 517 519 
516 
516 
516 
516 
516 517 519 
516 517 519 521 522 
1 13 23 37 38 45 95 104 106 123 135 172 203 258 296 327 328 364 365 386 387 414 415 430 431 432 433 443 444 445 446 448 457 458 459 460 461 462 481 482 483 484 485 494 495 496 497 498 499 500 502 503 506 508 516 517 518 519 520 521 522 523 524 525 526 527 528 529 530 532 533 534 535 536 537 538 539 540 541 542 543 544 545 546 547 548 549 550 551 552 553 554 555 556 557 558 559 560 561 562 563 564 565 569 571 572 573 574 575 576 577 578 579 580 581 582 583 584 585 586 587 588 589 590 597 599 600 601 602 603 604 605 606 607 612 613 625 626 627 628 630 643 644 645 646 647 659 676 677 678 679 680 681 682 686 697 698 713 714 715 716 717 726 777 786 808 809 825 850 884 898 958 1006 
518 531 543 544 545 546 
531 539 540 
531 535 536 538 
531 534 536 538 
531 534 535 538 
531 
531 534 535 536 
531 533 
531 533 
531 
531 
531 532 544 
531 532 543 
531 532 
531 532 
531 
481 517 518 519 532 533 534 535 536 537 538 539 549 550 551 552 553 556 557 558 559 560 561 562 563 564 571 574 575 576 577 578 579 580 583 603 604 625 643 677 
548 550 554 555 565 566 567 568 569 570 
548 549 551 556 
548 550 556 557 
548 553 558 559 572 
548 552 560 
549 
549 569 570 
548 550 551 
548 551 
548 552 559 571 
548 552 558 571 
548 553 561 
548 560 562 
548 561 
548 
548 577 578 
549 
549 
549 
549 
549 555 
549 555 
548 558 559 
552 

548 
548 576 
548 575 
548 564 578 
548 564 577 
548 
581 582 583 585 586 587 588 589 590 595 596 597 598 603 604 
580 582 585 586 593 594 
580 581 586 595 
580 599 
591 
580 581 594 
580 581 582 595 
580 
580 589 590 
580 588 590 
580 588 589 
584 

581 
581 585 
580 582 586 
580 
580 
580 
583 

1 13 23 37 45 95 104 123 135 172 327 386 414 430 432 443 444 445 457 458 481 494 495 516 517 518 519 520 521 532 533 534 548 549 550 551 552 553 554 555 556 557 558 559 560 561 562 563 564 565 571 580 581 582 583 584 585 586 587 588 589 590 591 592 593 594 595 596 597 598 599 600 602 603 604 605 606 607 608 609 610 611 612 613 614 615 616 617 618 619 620 621 622 623 624 625 626 627 628 629 630 637 639 641 642 643 644 645 646 647 648 650 651 659 676 677 678 679 680 681 682 683 686 697 698 713 714 715 716 717 726 777 786 809 825 850 898 958 1006 
1 13 23 45 95 104 123 172 386 414 430 443 444 457 481 494 495 516 517 518 519 520 521 532 533 548 549 550 551 552 553 554 555 556 557 558 559 560 561 563 565 580 581 582 583 584 585 586 587 588 589 590 591 592 593 594 595 596 597 598 599 600 601 603 604 605 606 607 608 609 610 611 612 613 614 616 617 618 619 620 621 622 623 624 625 626 627 628 629 630 637 641 642 643 644 645 646 647 648 650 651 659 676 677 678 679 680 681 682 713 714 715 716 717 726 777 786 809 825 850 958 1006 
580 601 602 604 605 606 610 611 616 617 618 625 
601 602 603 606 607 612 613 614 624 
601 602 603 
601 602 603 604 612 622 623 
601 602 604 624 
601 602 609 
601 602 608 615 
601 602 603 
601 602 603 
601 602 604 606 613 
601 602 604 612 614 
601 602 604 613 
601 609 
601 602 603 
601 602 603 
601 602 603 
601 602 
601 602 
601 602 
601 602 606 
601 602 606 
601 602 604 607 
603 626 627 628 629 636 637 
625 627 635 
625 626 634 635 
625 637 638 
625 




627 
626 627 
625 
625 628 
628 
640 
639 


548 625 644 645 646 647 648 649 652 659 661 673 674 675 677 678 
643 645 649 652 659 661 673 674 675 
643 644 646 
643 645 653 
643 648 656 
643 647 650 657 
643 644 
648 

643 644 
646 

656 
647 655 
648 

668 669 670 671 



664 
663 

667 
666 
659 
659 670 
659 669 
659 

674 
673 675 
674 
1 13 23 95 104 123 443 457 481 494 516 517 548 580 601 602 603 604 625 626 643 644 645 646 647 648 659 660 661 662 663 665 677 678 679 680 681 682 683 684 685 686 687 688 689 690 691 692 693 694 695 696 697 698 699 700 701 702 704 705 706 707 708 709 711 712 713 714 715 716 717 718 726 727 730 731 744 777 786 809 825 850 1006 
548 643 644 659 660 676 678 679 680 681 682 683 684 685 686 687 688 689 691 697 698 700 714 715 716 717 726 
676 677 679 680 681 682 683 684 685 692 
676 677 678 680 681 683 692 
676 677 678 679 681 683 692 
676 677 678 679 680 683 684 
676 677 678 685 686 687 688 689 
676 677 678 679 680 681 684 
676 677 678 681 683 
676 677 678 682 
676 677 682 687 688 689 690 693 
676 677 682 686 689 690 693 694 695 
676 677 682 686 
676 677 682 686 687 690 693 
676 686 687 689 693 
676 677 
676 678 679 680 
676 686 687 689 690 
676 687 
676 687 
676 
698 699 703 704 716 717 
697 699 700 704 716 717 
697 698 704 
698 701 702 707 
700 702 708 
700 701 705 
697 
697 698 699 
702 

700 
701 
710 
709 
712 
711 
1 13 23 95 104 123 443 457 481 494 516 517 548 580 601 602 603 604 625 643 644 659 676 677 678 679 680 681 682 683 684 685 686 687 697 698 699 700 701 702 703 704 705 706 714 715 716 717 718 719 720 721 722 723 724 725 726 727 728 729 730 731 732 740 742 744 747 757 777 786 809 825 850 898 958 1006 
697 713 715 716 717 718 719 720 721 722 726 730 731 
697 698 699 713 714 716 717 718 723 724 726 
697 698 713 714 715 717 718 724 
697 698 713 714 715 716 718 724 725 
713 714 715 716 717 724 
713 714 720 
713 714 719 
713 714 
713 714 
713 715 
713 715 716 717 718 
713 717 
714 715 716 717 727 728 729 730 731 742 743 
726 728 729 737 738 739 
726 727 729 739 
726 727 728 739 
726 731 
726 730 





727 
727 
727 728 729 


726 
726 
747 753 

750 
744 


746 


744 754 
753 

769 
761 762 771 
763 776 
760 
759 
757 
757 
758 764 
763 765 
764 



756 

757 772 
771 773 
772 


758 
756 757 759 760 761 768 781 784 785 786 
779 780 
778 780 
778 779 
777 783 

781 
777 
777 
777 787 788 796 797 798 803 804 805 
786 791 792 793 794 
786 797 805 

799 800 
787 801 
787 793 
787 792 
787 
802 
786 
786 788 804 
786 806 
790 
790 
791 
795 
786 
786 797 
786 788 
798 

1 13 23 37 38 39 45 56 72 95 104 105 106 123 135 136 172 203 258 296 327 386 414 443 444 457 481 494 516 517 519 531 532 548 580 601 602 603 604 625 626 643 644 659 676 677 678 679 680 681 682 683 686 697 698 699 700 713 714 715 716 717 718 726 727 728 729 730 731 744 745 746 747 756 757 758 759 760 761 762 763 764 765 766 767 770 777 778 779 780 781 782 783 784 786 787 788 789 790 791 792 793 794 795 796 797 798 799 800 801 802 803 804 805 806 807 809 810 811 812 813 814 815 816 817 818 819 820 821 822 823 824 825 826 827 828 829 830 831 832 833 834 835 836 837 838 839 840 841 842 843 844 845 846 847 848 849 850 851 852 853 854 855 856 857 858 859 861 862 863 864 865 866 867 868 869 870 871 872 873 874 876 884 885 887 888 898 911 912 926 927 942 943 945 948 958 959 994 1006 1007 
777 786 787 808 810 811 812 814 815 816 817 822 823 
808 809 811 815 816 822 
808 809 810 823 
808 809 
808 819 
808 809 
808 809 810 816 
808 809 810 815 
808 809 
808 
808 813 
808 
808 
808 809 810 
808 809 811 
808 
1 13 443 457 494 517 548 677 714 726 777 786 787 788 809 810 811 812 813 814 815 816 817 818 819 820 821 826 827 828 829 830 831 832 833 834 835 836 837 838 841 844 845 846 847 848 849 850 852 853 854 855 856 857 865 866 867 868 871 884 898 958 1006 
825 828 839 840 
825 830 
825 826 839 
825 842 843 
825 827 
825 
825 
825 834 846 
825 833 835 
825 834 836 
825 835 847 
825 
825 849 
826 828 
826 
825 
829 
829 
825 845 
825 844 
825 833 
825 836 
825 
825 838 
1 13 777 786 809 825 826 827 829 851 852 853 854 855 856 857 858 859 860 861 862 866 867 868 869 870 871 874 875 876 877 882 883 884 885 898 958 1006 
850 871 
850 859 
850 855 
850 856 862 
850 853 860 
850 854 862 
850 858 863 
850 857 
850 852 
850 855 
850 
850 854 856 
857 


867 868 869 872 878 884 885 888 889 898 
866 868 885 
866 867 869 872 873 
866 868 872 873 
879 880 
851 883 
866 868 869 
868 869 
875 876 877 881 
874 876 881 
874 875 877 
874 876 
866 
870 
870 
874 875 

871 
866 867 885 887 892 893 898 
884 888 889 896 897 
890 
884 893 894 
885 896 897 
885 
886 

884 
884 887 
887 

885 888 
885 888 
866 884 905 908 909 910 


902 
901 


898 


898 
898 
898 
912 913 914 915 
911 915 
911 
911 
911 912 
921 
923 924 



916 

917 924 
917 923 

928 929 934 
931 938 939 940 941 
926 929 934 
926 928 

927 


926 928 
936 
935 

927 
927 940 
927 939 
927 
943 945 946 949 950 
942 945 946 947 

942 943 946 947 
942 943 945 947 
943 945 946 956 

942 
942 

953 
952 


947 

1 942 959 960 961 962 963 965 966 967 968 969 970 971 972 981 982 994 1006 
958 960 961 968 969 970 971 981 
958 959 971 
958 959 963 
958 965 966 
958 961 
975 
958 962 966 
958 962 965 
958 
958 959 
958 959 
958 959 
958 959 960 
958 


964 
977 
976 



982 993 
981 










981 
976 977 983 
999 
1001 

1002 1003 
995 

996 
998 1003 
998 1002 


1 37 38 45 958 959 994 995 996 1007 1009 1010 1011 1019 1020 1021 1022 1023 1024 
1006 1011 1023 
1012 
1006 1013 1014 1015 
1006 1017 
1006 1007 1021 
1008 
1009 
1009 
1009 

1010 

1006 
1006 
1006 1011 
1006 
1006 1007 
1006 
