2048 9406 0
2 3 4 5 7 8 9 15 16 29 30 31 32 33 35 36 1987 2018 2019 2020 2021 2022 2025 2026 2034 2035 
1 3 6 10 22 36 
1 2 4 7 12 13 
1 3 7 14 27 
1 9 31 32 2019 2020 
2 20 
1 3 4 28 
1 
1 30 
2 

3 13 
3 12 
4 27 
1 
1 



6 
6 
2 




4 14 

1 
1 9 
1 5 
1 5 
1 2 3 34 35 36 38 39 49 50 
44 
36 38 39 50 
2 33 35 40 51 
34 
33 
33 35 




34 




33 35 
33 

53 64 82 

61 62 71 


56 

53 65 

54 


52 
59 





54 




63 


1 2 3 4 5 6 7 8 9 33 34 35 36 37 38 40 52 53 54 55 56 57 58 59 60 61 62 63 64 65 66 67 68 69 70 71 72 73 74 75 77 80 81 82 83 84 85 86 87 88 89 90 91 92 93 94 95 96 97 98 99 100 101 102 103 104 105 106 107 108 109 110 111 112 113 114 115 116 117 118 120 121 122 132 133 136 139 140 141 142 146 147 148 149 150 151 152 153 156 157 158 159 171 172 173 174 175 176 177 198 202 204 232 233 234 235 236 262 263 264 265 266 267 297 322 323 325 328 407 443 444 507 508 543 582 622 623 651 745 746 857 887 888 1089 1090 1142 1225 1294 1332 1366 1499 1531 1532 1573 1634 1698 1728 1729 1730 1763 1786 1787 1823 1879 1909 1910 1948 1949 1951 1986 1987 1988 1989 1990 1991 2018 2019 2020 2021 2022 
79 83 92 93 94 117 
79 85 99 
52 79 89 90 104 106 
79 80 
79 87 
79 81 
79 91 
79 84 
79 
82 103 
79 82 
79 86 
80 
79 80 


79 
79 
79 81 99 
79 81 98 
79 
79 
79 
79 89 
79 82 
79 104 
79 82 
79 
79 
79 
1 33 80 81 111 112 113 114 115 117 118 119 120 123 124 125 126 127 128 146 147 148 149 152 153 156 157 158 159 172 174 233 263 1986 
110 123 
110 115 116 136 137 138 
110 114 118 119 126 
110 113 118 119 
110 112 116 122 136 138 139 
112 115 122 140 
110 
110 113 114 119 
110 113 114 
128 
112 115 136 137 
115 116 
110 111 

110 
110 113 
110 
110 120 







112 115 121 137 
112 121 136 
115 
115 
116 





111 112 113 147 148 149 150 151 152 153 156 157 158 159 165 166 167 168 170 172 174 
146 154 172 174 
146 149 151 156 165 
146 148 150 
146 149 
146 148 156 
146 168 
146 157 170 
147 

146 148 151 166 167 
146 153 

146 





146 148 
146 156 
146 
146 152 
146 
146 153 
1 33 35 36 52 53 54 80 81 82 110 111 112 113 114 115 116 117 118 146 147 148 149 150 151 152 153 154 155 156 157 158 160 161 162 163 164 165 172 173 174 175 176 177 178 179 180 181 184 187 188 189 190 191 192 193 194 195 196 197 198 199 200 201 202 203 204 206 208 209 210 211 215 233 234 235 236 262 263 264 265 266 267 272 297 322 323 324 325 328 407 444 507 582 622 623 651 745 746 857 887 1089 1142 1225 1366 1786 1787 1986 2018 
147 171 174 175 176 177 178 192 193 194 195 196 
171 184 
171 172 175 176 177 178 192 193 194 195 
171 172 174 176 177 
171 172 174 175 177 178 192 
171 172 174 175 176 178 192 
171 172 174 175 176 177 193 
183 
171 186 
171 

179 
173 

180 
171 
171 


171 
172 174 176 177 178 193 
172 174 177 178 192 
171 174 195 
171 172 174 194 
171 172 

200 201 202 203 206 207 223 224 225 226 227 228 
218 

198 223 224 
203 209 
198 202 209 229 
210 213 215 230 

198 201 
198 227 
198 
202 203 
204 211 212 213 
210 212 213 214 
210 211 213 214 
204 210 211 212 214 
204 211 212 213 
230 




221 
220 

198 201 
198 201 
198 206 
198 206 
198 207 
198 
203 
204 215 

1 5 33 35 36 52 53 54 79 80 81 82 110 111 112 113 115 117 146 147 148 149 150 151 152 153 171 172 173 174 175 176 177 178 179 180 181 184 198 199 200 201 202 203 204 205 206 207 208 209 210 211 212 213 214 215 216 217 218 219 220 221 222 223 224 225 226 227 228 229 230 231 233 234 235 236 237 238 239 240 241 242 243 244 245 246 247 248 249 250 251 252 253 254 255 256 257 258 259 260 261 262 263 264 265 266 267 268 269 270 271 272 273 274 275 276 277 278 279 280 292 293 295 296 297 298 299 300 301 306 322 323 324 325 326 327 328 330 331 332 375 376 377 378 407 443 444 445 469 507 508 543 582 583 622 623 651 745 746 818 857 858 887 888 1089 1090 1142 1176 1225 1294 1332 1366 1532 1634 1698 1728 1729 1763 1786 1787 1823 1879 1909 1948 1949 1986 1987 2018 
110 146 172 198 199 200 232 234 235 236 237 238 239 240 241 242 243 244 252 253 254 255 256 257 258 259 262 263 264 265 266 267 272 273 280 322 323 324 507 
233 235 236 237 238 252 
232 233 234 236 237 238 252 
232 233 234 235 242 253 
233 234 235 238 252 
232 233 234 235 
232 233 243 
232 233 250 
233 
232 233 236 
232 233 239 259 
233 261 
232 



232 
232 240 251 
232 250 
232 233 234 235 237 
232 233 236 
233 
232 233 256 
232 255 
232 233 
232 233 
232 233 243 
232 
232 244 
263 264 265 266 267 268 269 270 271 274 275 276 281 282 283 284 301 322 323 324 
198 234 235 236 237 262 264 265 266 267 270 271 272 273 278 279 280 292 293 294 295 322 323 324 
262 263 265 266 268 269 270 274 275 281 282 283 301 
262 263 264 268 269 270 274 275 
263 264 267 271 278 290 
262 263 266 272 279 292 293 294 
262 264 265 281 
262 274 275 
262 264 265 284 
263 266 276 
263 267 273 
263 272 296 
262 264 265 269 275 
262 264 265 269 274 
262 271 277 
271 
263 
263 267 
263 272 273 
262 264 268 
262 
264 
262 270 





266 

263 267 
263 267 
263 267 
263 
273 
1 33 110 146 171 172 198 233 234 235 236 262 263 264 265 266 267 268 269 270 271 272 274 298 299 300 301 302 303 304 305 306 307 308 309 310 311 312 313 314 315 316 317 318 322 323 324 325 326 327 328 330 331 332 336 338 339 353 356 357 358 407 444 507 582 622 623 745 857 887 1142 1225 1366 1986 
297 311 
297 314 
315 
297 320 321 
310 
297 
297 312 

297 

297 
297 
297 302 
297 298 
297 304 
297 305 
297 299 
297 300 
297 
297 
297 

301 
301 
262 263 264 298 323 324 325 326 327 328 330 331 332 335 336 337 338 348 349 350 351 352 407 
262 263 264 298 299 300 302 303 322 324 325 326 327 328 331 332 336 337 338 339 353 354 355 356 357 358 
262 263 264 298 299 302 303 309 322 323 325 326 327 328 332 338 339 353 354 355 356 357 358 
322 323 324 326 327 328 330 331 335 348 349 
322 323 324 325 327 330 335 344 345 346 
322 323 324 325 326 328 331 332 336 337 351 352 
322 323 324 325 327 338 339 353 354 355 357 358 

322 325 326 343 
322 323 325 327 
322 323 324 327 


322 325 326 347 
322 323 327 337 351 352 
322 323 327 336 351 352 
323 328 
323 324 328 353 

333 

330 
326 
326 

335 
322 325 
322 325 
322 
322 327 336 337 352 
322 336 351 
323 324 328 339 
323 324 328 355 
323 324 328 354 
323 324 328 
323 328 
323 324 328 


373 374 







370 
369 


361 374 
361 373 
376 379 387 396 397 398 
375 377 380 382 
376 378 382 402 
377 383 384 
375 386 387 394 
381 389 
380 
377 
378 384 
378 383 
391 
379 387 
375 379 386 

380 

385 


379 

375 
375 
375 

389 

377 




322 408 409 413 414 415 416 417 424 425 426 427 428 444 
407 416 428 
407 410 418 419 420 
409 420 
412 
411 

407 415 425 
407 414 
407 408 
407 434 
409 419 
409 418 
410 



407 
407 
407 
407 
407 408 



433 
432 
417 



410 420 




1 33 79 110 146 147 171 172 198 232 233 234 262 263 264 265 266 267 297 322 323 324 325 326 327 328 330 375 376 377 378 379 380 381 382 383 384 385 386 387 388 407 408 409 410 411 412 413 414 415 416 417 418 419 420 421 422 423 424 425 426 427 428 429 430 431 432 433 434 435 436 437 438 439 440 441 444 445 446 447 448 449 450 451 452 453 454 455 456 457 458 459 460 461 462 463 464 465 466 467 468 469 470 471 472 474 476 478 479 480 491 492 496 497 498 499 500 501 502 503 504 505 506 507 508 509 510 511 512 513 514 518 542 543 544 545 546 548 582 583 584 585 586 587 588 591 595 622 623 624 625 651 654 689 745 746 818 857 858 887 888 986 1089 1090 1142 1176 1225 1294 1332 1366 1532 1634 1728 1729 1763 1786 1787 1823 1986 
407 443 445 446 447 450 451 454 455 456 457 458 508 
443 446 452 
443 444 445 452 
443 444 445 451 
461 462 
443 505 
443 444 
443 444 447 
443 445 446 

443 444 
443 444 456 
443 
444 
443 444 


443 448 
443 448 
443 464 
443 463 
443 

443 
443 
474 475 482 483 484 485 486 487 508 510 513 514 

478 492 
500 

469 486 487 
469 


471 


473 
469 
469 
469 
469 
474 
469 474 












472 


504 

506 
505 
233 322 323 407 444 445 469 508 509 510 511 512 513 514 516 517 518 520 521 522 523 524 525 526 542 543 544 545 582 583 584 585 623 651 857 
469 507 509 510 512 513 514 518 519 533 534 535 536 537 538 539 540 543 
507 508 511 512 517 523 524 
507 508 513 514 534 535 536 537 538 539 
507 509 
507 509 525 
507 508 510 514 534 535 536 537 
507 508 510 513 540 

507 521 
507 509 523 
507 508 
533 
507 

507 511 
507 509 517 
507 509 
507 
507 
529 530 
527 529 
527 528 530 
529 


508 519 
508 510 513 
508 510 513 536 
508 510 513 535 
508 510 513 538 
508 510 537 
508 510 
508 514 
514 
543 551 561 562 563 583 584 585 586 594 595 620 621 
508 509 542 544 545 550 556 557 558 559 560 577 578 579 580 581 583 
543 545 556 558 560 577 578 579 580 
543 544 558 559 560 579 580 581 
542 553 

572 
548 573 574 
543 
542 


571 
575 
543 544 557 
543 556 
543 544 545 578 
544 545 579 
543 544 579 

542 
542 
552 






554 
548 
549 
549 
555 

544 
543 544 558 
544 545 559 560 
544 545 
543 545 
508 542 543 544 546 583 584 585 586 587 588 589 590 591 592 593 594 595 599 600 601 602 614 615 616 617 618 619 623 624 625 651 
542 543 582 584 585 586 588 589 590 591 592 593 594 595 599 600 601 602 614 
582 583 585 586 588 590 591 592 593 594 602 614 615 
582 583 584 586 591 594 595 619 620 
582 583 584 585 594 595 619 620 
582 597 
582 583 584 589 590 599 600 
582 583 588 599 
582 583 584 588 600 601 
582 583 584 585 592 593 602 614 
582 583 584 591 593 614 
582 583 584 591 592 615 
582 583 585 586 617 618 
582 583 586 620 621 

587 

582 583 589 
582 583 588 590 
582 583 590 
582 583 584 591 



607 







582 583 584 591 592 593 
582 584 593 
582 
582 594 618 
594 617 
582 585 586 
585 586 595 621 
595 620 
110 171 233 263 297 322 323 324 407 444 469 507 508 509 510 542 543 544 545 546 582 583 584 585 586 587 588 589 590 591 592 593 594 595 596 597 598 623 624 625 626 627 628 629 630 631 632 633 634 635 636 637 638 639 640 641 642 643 644 645 646 647 651 652 653 654 655 656 657 658 659 665 666 667 668 669 670 671 672 673 674 689 690 691 692 745 746 818 857 858 887 888 1089 1142 1225 1366 
582 583 584 587 622 624 625 626 627 628 631 632 633 641 642 643 651 654 
623 625 627 632 
622 623 624 628 633 645 
622 623 
622 623 624 
622 623 625 644 

622 
622 623 639 
622 623 624 
622 623 625 
622 
622 636 

622 
622 
631 
622 
623 624 
623 
622 623 
622 628 
622 625 
622 
622 648 649 
647 649 
647 648 

582 623 624 652 653 654 655 656 657 658 659 664 665 666 667 668 669 670 671 683 684 685 686 746 
653 660 
651 652 
651 657 658 659 668 669 670 671 672 687 
651 
666 
651 654 667 668 
651 654 669 670 
651 654 671 672 
652 653 661 
660 662 
661 663 
662 
651 678 679 
680 681 
656 
651 657 
651 657 
651 654 658 670 
651 654 658 669 
651 654 659 672 
659 671 
674 
673 688 


664 678 
664 677 
664 
665 
665 


651 
651 684 
651 
654 
673 674 
690 691 693 694 695 696 697 709 710 
689 691 693 696 709 710 
689 690 692 694 698 712 
691 
689 690 696 
689 691 
689 
689 690 693 
689 711 
691 
715 



704 
703 


708 

689 690 
689 690 693 
697 
691 


716 
715 




722 724 732 
721 725 

721 734 
722 
738 
726 738 




721 
721 




726 727 



743 
742 

171 233 297 507 582 622 623 651 689 721 722 746 747 748 749 750 751 752 753 754 755 756 757 758 759 760 761 762 763 764 765 767 768 769 770 771 772 773 775 784 785 786 787 788 789 794 796 797 798 799 800 811 814 815 816 817 818 819 820 824 825 857 858 859 860 862 887 888 1089 1142 1225 1366 
651 721 722 745 747 748 749 751 752 753 754 755 756 757 763 764 765 766 777 778 779 780 781 782 818 888 
745 746 748 750 758 
745 746 747 750 758 
746 753 754 763 777 778 779 
745 747 748 758 759 
745 746 
745 746 761 771 
745 746 749 775 
745 746 749 753 
745 756 757 765 766 782 
745 746 755 757 
745 746 755 756 
745 747 748 
745 750 
745 
745 752 771 
745 
745 746 749 778 779 

745 746 755 
746 755 

745 769 
745 768 
745 
745 752 761 
745 
745 

745 753 


746 749 763 
746 749 763 
746 
746 
755 766 

790 791 819 825 
791 819 
806 
788 796 797 
787 796 797 
798 799 
784 
784 785 


786 795 
786 794 
787 788 797 
787 788 796 
789 
789 800 
799 



793 

786 
808 
807 









746 819 821 822 826 827 832 833 834 858 860 861 862 888 
784 785 818 820 824 825 829 846 847 848 849 850 
819 824 825 829 847 850 851 852 853 
818 837 
823 
822 838 
819 820 825 829 847 850 851 
819 820 824 854 
818 832 833 
818 

820 824 850 851 852 853 


818 826 
818 832 
818 
836 
835 
821 
823 



841 



819 
819 820 824 848 849 
819 847 849 
848 
819 820 851 
820 824 829 850 
820 829 
820 829 
825 

1 2 3 4 5 6 7 8 9 10 33 34 35 36 38 40 52 53 54 55 56 57 58 59 61 63 79 80 81 82 83 84 85 87 89 110 111 112 113 114 115 116 117 118 121 146 147 148 149 150 151 152 153 154 156 157 158 159 171 172 173 174 175 176 177 178 198 199 200 201 202 203 204 206 207 208 209 210 232 233 234 235 236 237 238 239 240 242 243 244 262 263 264 265 266 267 268 269 270 271 272 273 274 276 278 279 280 297 298 299 300 301 302 303 304 305 306 307 322 323 324 325 326 327 328 329 330 331 332 333 334 335 336 338 339 359 360 361 375 376 377 378 379 380 381 382 383 384 385 386 387 388 389 390 407 408 409 410 411 412 413 414 415 416 417 418 419 420 421 422 423 424 428 443 444 445 446 447 448 449 450 451 452 454 455 459 463 465 469 470 471 472 473 474 475 476 477 478 479 480 482 488 489 490 491 492 496 497 498 499 501 502 503 505 507 508 509 510 511 512 513 514 515 516 517 518 519 520 522 523 524 525 526 532 533 534 535 540 541 542 543 544 545 546 547 548 549 550 551 552 553 554 555 556 557 558 559 560 563 564 566 572 573 575 576 577 578 579 582 583 584 585 586 587 588 589 590 591 592 593 594 595 596 597 598 599 600 601 602 603 604 605 606 609 610 612 613 614 615 616 617 619 620 621 622 623 624 625 626 627 628 629 630 631 632 633 634 635 636 637 638 639 640 641 642 643 644 645 646 647 650 651 652 653 654 655 656 657 658 659 660 661 662 663 664 665 666 667 668 669 670 671 672 673 674 675 676 677 678 679 680 681 682 683 684 685 686 687 688 689 690 691 692 693 694 695 696 697 698 699 700 701 702 703 704 705 706 707 708 709 710 711 712 713 714 715 716 717 718 719 720 721 722 723 724 725 726 727 728 729 730 731 732 733 734 735 736 737 738 739 740 741 742 743 744 745 746 747 748 749 750 751 752 753 754 755 756 757 758 759 760 761 762 763 764 765 766 767 768 769 770 771 772 773 774 775 776 777 778 779 780 781 782 783 784 785 786 787 788 789 790 791 792 793 794 795 796 797 798 799 800 801 802 803 804 805 806 807 808 809 810 811 812 813 814 815 816 817 818 819 820 821 822 823 824 825 826 827 828 829 830 831 832 833 834 835 836 837 838 839 840 841 842 843 844 845 846 847 848 849 850 851 852 853 854 855 857 858 859 860 861 862 863 864 865 866 867 868 869 870 871 872 873 874 875 876 877 878 879 880 881 882 883 884 885 886 887 888 889 890 891 892 893 894 895 896 897 898 899 900 901 902 903 904 905 906 907 908 909 910 911 912 913 914 915 916 917 918 919 920 921 922 923 924 925 926 927 928 929 930 931 932 933 934 935 936 937 938 939 940 941 942 943 944 945 946 947 948 949 950 951 952 953 954 955 956 957 958 959 960 961 962 963 964 965 966 967 968 969 970 971 972 973 974 975 976 977 978 979 980 981 982 983 984 985 986 987 988 989 990 991 992 993 994 995 996 997 998 999 1000 1001 1002 1003 1004 1005 1006 1007 1008 1009 1010 1011 1012 1013 1014 1015 1016 1017 1018 1019 1020 1021 1022 1023 1024 1025 1026 1027 1028 1029 1030 1031 1032 1033 1034 1035 1036 1037 1038 1039 1040 1041 1042 1043 1044 1045 1046 1047 1048 1049 1050 1051 1052 1053 1054 1055 1056 1057 1058 1059 1060 1061 1062 1063 1064 1065 1066 1067 1068 1069 1070 1071 1072 1073 1074 1075 1076 1077 1078 1079 1080 1081 1082 1083 1084 1085 1086 1087 1088 1089 1090 1091 1092 1093 1094 1095 1096 1097 1098 1099 1100 1101 1102 1103 1104 1105 1106 1107 1108 1109 1110 1111 1112 1113 1114 1115 1116 1117 1118 1119 1120 1121 1122 1123 1124 1125 1128 1129 1131 1133 1135 1136 1137 1138 1140 1141 1142 1143 1144 1145 1146 1147 1148 1149 1150 1151 1152 1153 1154 1155 1156 1158 1159 1160 1161 1162 1164 1165 1166 1170 1171 1172 1174 1175 1176 1177 1178 1179 1180 1181 1182 1183 1184 1185 1187 1188 1189 1191 1199 1200 1201 1202 1203 1204 1205 1206 1207 1208 1210 1213 1214 1215 1224 1225 1226 1227 1228 1229 1230 1231 1232 1233 1234 1235 1236 1237 1238 1239 1240 1241 1242 1243 1244 1245 1246 1247 1251 1256 1260 1264 1265 1266 1267 1268 1269 1270 1271 1272 1273 1274 1275 1276 1277 1278 1289 1293 1294 1295 1296 1297 1298 1299 1300 1301 1302 1303 1304 1305 1306 1307 1308 1309 1310 1311 1312 1313 1314 1315 1317 1326 1330 1331 1332 1333 1334 1335 1336 1337 1338 1339 1340 1341 1342 1343 1344 1345 1346 1347 1366 1367 1368 1369 1370 1371 1372 1373 1375 1376 1396 1397 1398 1399 1400 1401 1404 1405 1407 1408 1409 1410 1427 1428 1429 1430 1431 1432 1433 1434 1435 1436 1437 1439 1440 1441 1443 1465 1466 1467 1468 1469 1470 1471 1472 1473 1474 1476 1477 1480 1481 1499 1500 1501 1502 1503 1504 1505 1506 1507 1508 1511 1513 1517 1518 1519 1531 1532 1533 1534 1535 1536 1537 1538 1539 1540 1541 1542 1545 1573 1574 1575 1576 1577 1581 1603 1604 1605 1606 1607 1608 1609 1612 1614 1634 1635 1636 1637 1638 1639 1640 1641 1642 1643 1644 1645 1649 1652 1661 1662 1663 1664 1665 1666 1667 1671 1698 1699 1700 1701 1706 1728 1729 1730 1731 1732 1734 1735 1737 1738 1763 1764 1765 1766 1767 1768 1771 1774 1786 1787 1788 1789 1790 1791 1793 1823 1824 1825 1826 1827 1828 1829 1830 1834 1853 1854 1855 1856 1857 1858 1859 1862 1865 1879 1880 1881 1882 1883 1884 1885 1886 1887 1888 1909 1910 1911 1912 1913 1914 1921 1924 1927 1948 1949 1950 1951 1952 1953 1954 1955 1958 1962 1963 1986 1987 1988 1989 1990 1991 1992 1993 1994 1995 1996 1997 1999 2000 2005 2018 2019 2020 2021 2022 2023 2024 2025 2028 2029 2031 
507 623 651 746 784 785 818 819 820 821 822 823 824 826 827 830 831 832 856 858 859 860 861 862 863 864 865 866 871 872 877 880 881 882 883 884 885 886 888 889 890 891 895 896 918 919 986 1089 
818 856 857 859 860 861 862 863 867 868 869 870 873 874 888 889 890 891 895 896 
856 857 858 860 861 863 867 868 869 889 890 891 895 896 
856 857 858 859 861 863 868 869 870 874 875 891 895 896 
856 857 858 859 860 863 864 871 872 
856 857 858 866 881 882 
856 857 858 859 860 861 
856 857 861 865 
856 857 864 
856 857 862 
856 858 859 
856 858 859 860 
856 859 860 868 
856 860 875 
856 857 861 
856 857 861 
856 858 
858 860 
856 860 870 
856 
856 
879 
878 
856 857 
856 857 862 
856 857 862 
856 857 
856 
856 857 
856 
171 297 507 582 622 623 651 745 746 818 819 857 858 859 860 861 862 863 864 888 889 890 891 892 893 894 895 896 897 898 899 900 902 904 905 906 907 908 909 910 911 918 919 920 921 922 923 929 930 931 932 944 947 948 949 950 951 952 959 986 987 992 1089 1090 1142 1225 1366 
746 818 858 859 861 862 863 867 868 887 889 890 893 894 895 896 899 900 901 902 903 912 913 914 915 916 918 919 
887 888 890 891 894 899 900 901 912 
887 888 889 891 900 902 913 
887 888 889 890 895 896 903 915 
887 
888 
887 888 889 
873 887 888 891 896 
873 887 888 891 895 
887 
887 910 
887 888 889 
887 888 889 890 901 
888 889 890 900 
887 888 890 913 
888 891 914 
887 
887 

887 897 
887 
887 
887 
887 
888 889 
888 890 902 
903 
888 891 

1 33 79 110 146 171 172 232 233 262 263 297 322 323 324 325 407 443 444 445 469 507 508 510 542 543 544 582 583 584 585 622 623 624 625 651 652 653 654 689 690 691 692 721 722 745 746 747 748 749 750 751 752 753 755 784 785 786 787 788 789 818 819 820 821 822 823 824 825 826 829 857 858 859 860 861 862 863 864 865 866 867 868 869 870 871 872 874 876 877 887 888 890 891 892 893 894 895 896 897 898 899 900 901 902 903 904 905 906 907 908 909 910 911 912 913 914 915 916 918 919 920 921 922 923 924 925 926 927 928 929 930 931 932 933 934 935 936 937 938 939 940 941 942 943 944 945 946 947 948 949 950 951 952 953 954 955 956 957 958 959 960 961 962 963 964 965 966 967 969 970 971 972 974 975 976 977 978 979 980 981 982 983 984 985 986 987 988 989 990 991 992 993 994 995 996 997 998 999 1000 1001 1002 1003 1004 1019 1021 1022 1023 1024 1025 1026 1027 1029 1031 1033 1054 1055 1056 1057 1058 1059 1060 1061 1089 1090 1091 1092 1093 1094 1114 1115 1116 1117 1120 1142 1143 1144 1145 1176 1177 1178 1180 1201 1202 1225 1226 1228 1294 1295 1296 1332 1366 1368 1396 1397 1428 1429 1465 1466 1499 1500 1531 1532 1573 1634 1636 1698 1728 1729 1730 1763 1786 1787 1823 1986 
917 919 921 922 923 927 928 929 940 941 942 
917 918 931 932 952 
917 925 
917 918 923 943 
917 918 923 
917 918 921 922 
917 920 925 
917 920 924 
917 
917 918 
917 918 
917 
947 
917 919 952 
917 919 

917 
917 

917 
917 
917 

917 918 
918 
917 921 
917 
917 
917 945 
917 930 
917 


917 
917 919 931 
954 955 956 960 968 969 992 
953 955 956 961 970 
953 954 956 961 
953 954 955 961 970 
958 
957 
981 982 983 

954 955 956 

977 
965 
964 978 


953 
953 





976 

963 
965 


959 982 
959 981 



987 988 989 990 991 993 997 998 1005 1021 
986 989 990 991 992 993 994 995 996 1000 1001 1015 1016 
986 989 997 
986 987 988 990 993 998 1009 
986 987 989 991 993 994 995 1000 1001 1013 
986 987 990 993 994 995 1000 1001 1014 1015 
953 987 996 1002 
986 987 989 990 991 994 999 1011 1012 
987 990 991 993 1013 
987 990 991 1016 
987 1002 
986 988 1005 
986 989 
993 1011 
987 990 991 1014 
987 990 991 1000 1014 
992 996 








993 999 
993 
990 994 
991 1000 1001 
987 991 
987 995 


1003 
1 2 3 4 5 7 33 34 35 36 52 53 54 79 80 81 82 110 111 112 115 117 146 147 148 149 171 172 173 174 175 198 200 202 232 233 234 235 236 262 263 264 265 266 267 272 297 301 322 323 324 325 326 327 328 375 376 377 378 380 383 407 408 409 443 444 445 446 447 469 470 472 507 508 509 510 511 512 513 514 542 543 544 545 546 547 548 549 550 582 583 584 585 586 587 588 589 590 591 592 593 594 595 622 623 624 625 626 627 628 651 652 653 654 655 656 657 658 659 664 665 666 671 689 690 691 692 693 694 695 721 722 724 726 728 745 746 747 748 749 750 751 752 753 754 755 756 757 758 760 761 763 764 765 784 785 786 787 788 789 790 791 792 793 794 796 798 799 818 819 820 821 822 823 824 825 826 827 828 829 832 838 857 858 859 860 861 862 863 864 865 866 867 868 869 870 871 872 874 876 877 880 881 882 887 888 889 890 891 892 893 894 895 896 897 898 899 900 901 902 903 905 906 907 908 910 911 912 913 917 918 919 920 921 922 923 924 925 926 927 928 929 930 931 932 933 934 935 936 937 938 939 940 941 942 943 944 945 946 947 948 949 950 951 952 953 954 955 956 957 958 959 960 961 962 963 964 965 966 967 968 969 970 971 972 973 974 975 976 977 978 979 980 981 982 983 984 985 986 987 988 989 990 991 992 993 994 995 996 997 998 999 1000 1001 1002 1003 1004 1005 1006 1007 1008 1009 1010 1011 1012 1013 1014 1015 1016 1017 1018 1019 1021 1022 1023 1024 1025 1026 1027 1028 1029 1030 1031 1032 1033 1034 1035 1036 1037 1038 1039 1040 1041 1042 1043 1044 1045 1046 1047 1048 1049 1050 1051 1052 1053 1054 1055 1056 1057 1058 1059 1060 1061 1062 1063 1064 1065 1066 1067 1068 1069 1070 1071 1072 1073 1074 1075 1076 1077 1078 1079 1080 1081 1082 1083 1084 1085 1086 1087 1088 1089 1090 1091 1092 1093 1094 1095 1096 1097 1098 1099 1100 1101 1102 1103 1104 1105 1106 1107 1108 1109 1110 1111 1112 1113 1114 1115 1116 1117 1118 1119 1120 1121 1122 1123 1124 1125 1126 1127 1128 1129 1130 1131 1132 1133 1134 1135 1136 1137 1138 1139 1140 1141 1142 1143 1144 1145 1146 1147 1148 1149 1150 1151 1152 1153 1154 1155 1156 1158 1159 1160 1161 1162 1163 1164 1165 1166 1167 1168 1169 1170 1171 1172 1173 1174 1175 1176 1177 1178 1179 1180 1181 1182 1183 1184 1185 1187 1188 1189 1191 1192 1199 1200 1201 1202 1203 1204 1205 1206 1207 1208 1215 1224 1225 1226 1227 1228 1229 1230 1231 1232 1233 1235 1237 1238 1239 1240 1241 1242 1243 1244 1245 1246 1264 1265 1266 1267 1268 1269 1270 1271 1272 1274 1276 1277 1278 1294 1295 1296 1297 1298 1299 1300 1301 1302 1303 1304 1305 1306 1308 1313 1332 1333 1334 1335 1336 1337 1338 1339 1342 1346 1366 1367 1368 1369 1370 1371 1396 1397 1398 1399 1407 1409 1410 1427 1428 1429 1430 1431 1432 1433 1434 1435 1436 1437 1465 1466 1467 1468 1470 1471 1472 1473 1499 1500 1501 1502 1503 1504 1505 1506 1507 1508 1531 1532 1533 1534 1535 1536 1537 1539 1573 1574 1575 1576 1577 1603 1604 1605 1607 1608 1634 1635 1636 1637 1638 1639 1640 1641 1642 1643 1644 1661 1698 1699 1700 1701 1728 1729 1730 1731 1763 1764 1786 1787 1788 1823 1824 1825 1828 1829 1879 1880 1882 1885 1909 1910 1911 1948 1949 1950 1951 1986 1987 1988 1989 1990 1991 2018 2019 2020 2021 
1020 1022 1023 1025 1042 1043 
1020 1021 1023 1025 1042 
1020 1021 1022 1043 
1020 1034 1035 1036 
1020 1022 1028 1039 
1020 1027 1030 
1026 
1020 1025 1038 
1020 
1020 1026 
1020 1032 1048 
1020 1048 
1020 
1020 1024 
1020 1024 
1020 1024 
1020 
1020 1028 
1020 1025 
1020 1021 
1020 
1020 1021 1022 
1020 1021 1023 



1020 
1020 1031 1032 
1020 1048 


1020 
1020 
1055 1057 1068 1069 1070 1093 1101 1113 
1054 1058 1063 1064 1075 1076 
1059 1060 
1054 1071 1072 
1055 1063 1064 1077 
1056 1085 
1056 
1067 

1058 1064 1076 
1055 1058 1063 


1061 

1054 

1057 

1062 


1055 
1058 



1065 



1059 



857 986 1021 1054 1055 1090 1091 1092 1093 1094 1095 1096 1097 1098 1102 1103 1114 1115 1116 1117 1119 1120 1143 1144 1176 1294 
1054 1055 1089 1091 1092 1093 1094 1096 1097 1098 1099 1103 1104 1105 1106 1107 1108 1109 1120 1144 
1089 1090 1092 1102 1120 
1089 1090 1091 1096 
1089 1099 1100 1101 1113 
1089 1090 1106 1107 
1089 
1089 1090 1092 1097 1103 
1090 1096 1103 
1089 1090 

1093 

1089 1091 
1089 1090 1096 1097 
1090 

1090 1094 
1090 1094 
1090 




1093 
1115 1116 
1114 1116 1117 1118 1123 
1117 1123 
1115 1116 1119 1123 1124 1133 1135 
1114 1115 1116 
1117 1124 
1095 
1126 1127 
1114 1131 
1115 1116 1117 1133 1134 


1121 1127 
1121 1126 





1117 1123 
1123 
1117 



1138 


171 297 622 745 857 887 888 986 1021 1054 1089 1090 1091 1092 1093 1114 1115 1116 1117 1118 1119 1120 1143 1144 1145 1146 1147 1148 1149 1150 1151 1152 1153 1154 1155 1156 1157 1158 1159 1160 1161 1162 1163 1164 1165 1166 1176 1177 1178 1179 1180 1181 1182 1199 1200 1201 1202 1225 1226 1228 1294 1295 1332 1366 
1144 1145 1148 1149 1150 1158 1159 
1114 1142 1143 1145 1147 1166 1168 1169 1170 1171 1172 
1142 1143 1144 1146 1152 1153 1154 1161 
1142 1143 1145 1151 1160 
1142 1144 1172 1173 
1142 1143 1158 
1142 1143 
1142 1143 
1142 1146 
1142 1145 1153 
1142 1145 1152 
1142 1145 
1142 1165 
1142 1157 
1142 1156 
1142 1148 
1142 1143 
1142 1146 
1142 1145 
1142 
1142 
1142 
1142 1155 
1142 

1144 
1144 
1144 
1144 
1147 
1147 


1143 1144 1177 1178 1179 1180 1181 1182 1183 1184 1185 1187 1188 1201 1294 
1176 1178 1179 1180 1181 1182 1184 1188 
1176 1177 1179 1180 1185 1191 1192 1193 
1176 1177 1178 1180 1185 1191 1192 
1176 1177 1178 1179 
1176 1177 1182 1184 1188 
1176 1177 1181 1184 1188 

1176 1177 1181 1182 1188 
1176 1178 1179 

1176 
1176 1177 1181 1182 1184 

1189 
1178 1179 
1178 
1178 1192 

1180 





1202 1204 1205 
1201 1206 
1208 1218 1219 
1201 1211 
1201 


1203 


1204 1212 
1204 1211 

1202 
1216 
1215 

1203 
1203 




1 2 3 4 5 33 34 35 36 52 54 79 80 81 82 110 112 146 147 148 171 172 173 174 198 232 233 234 236 262 263 264 265 266 267 297 322 323 324 325 326 327 328 375 376 377 378 407 443 444 445 446 447 469 507 508 509 510 542 543 544 545 582 583 584 585 586 587 588 622 623 624 625 651 652 653 654 656 689 690 691 692 721 722 745 746 747 748 749 750 752 753 755 784 785 786 787 789 818 819 820 821 822 824 825 857 858 859 860 861 862 863 864 887 888 889 890 891 892 893 894 895 896 917 918 919 920 921 922 923 953 954 955 956 957 958 959 962 986 987 988 989 990 991 992 993 994 995 996 997 999 1000 1002 1003 1021 1022 1023 1024 1025 1026 1027 1028 1029 1030 1031 1054 1055 1056 1057 1058 1059 1060 1061 1062 1063 1064 1065 1066 1067 1089 1090 1091 1092 1093 1094 1095 1096 1097 1098 1099 1100 1101 1102 1103 1114 1115 1116 1117 1118 1119 1120 1121 1122 1123 1124 1125 1126 1128 1129 1131 1133 1136 1138 1142 1143 1144 1145 1146 1147 1148 1149 1150 1151 1152 1153 1154 1155 1156 1157 1158 1159 1160 1161 1162 1163 1164 1165 1166 1167 1168 1169 1170 1171 1172 1173 1174 1175 1176 1177 1178 1179 1180 1181 1182 1183 1184 1185 1186 1187 1188 1189 1190 1191 1192 1193 1194 1195 1196 1197 1198 1199 1200 1201 1202 1203 1204 1205 1206 1207 1208 1209 1210 1211 1212 1213 1214 1215 1216 1217 1218 1219 1220 1221 1222 1223 1225 1226 1227 1228 1229 1230 1231 1232 1233 1234 1235 1236 1237 1238 1239 1240 1241 1242 1243 1244 1245 1246 1247 1248 1249 1250 1251 1252 1253 1254 1255 1256 1257 1258 1259 1260 1261 1262 1263 1264 1265 1266 1267 1268 1269 1270 1271 1272 1273 1274 1275 1276 1277 1278 1279 1280 1281 1282 1283 1284 1285 1286 1287 1288 1289 1290 1291 1292 1293 1294 1295 1296 1297 1298 1299 1300 1301 1302 1303 1304 1305 1306 1307 1308 1309 1310 1311 1312 1313 1314 1315 1316 1317 1318 1319 1320 1321 1322 1323 1324 1325 1326 1327 1328 1329 1330 1331 1332 1333 1334 1335 1336 1337 1338 1339 1340 1341 1342 1343 1344 1345 1346 1347 1348 1350 1351 1352 1354 1356 1357 1358 1359 1360 1362 1363 1364 1365 1366 1367 1368 1369 1370 1371 1372 1373 1374 1375 1376 1377 1380 1381 1388 1389 1394 1396 1397 1398 1399 1400 1401 1404 1405 1406 1407 1408 1409 1410 1427 1428 1429 1430 1431 1432 1433 1434 1435 1436 1437 1439 1440 1441 1443 1465 1466 1467 1468 1469 1470 1471 1472 1473 1474 1476 1477 1480 1481 1499 1500 1501 1502 1503 1504 1505 1506 1507 1508 1517 1518 1519 1531 1532 1533 1534 1535 1536 1537 1538 1539 1540 1542 1573 1574 1575 1576 1577 1603 1604 1605 1607 1608 1634 1635 1636 1637 1638 1639 1640 1641 1642 1643 1644 1661 1663 1698 1699 1700 1701 1728 1729 1730 1731 1763 1764 1786 1787 1788 1823 1824 1825 1828 1829 1879 1880 1885 1909 1910 1911 1948 1949 1950 1951 1986 1987 1988 1989 1990 1991 2018 2019 2021 
171 297 622 745 857 887 1089 1090 1142 1143 1144 1176 1177 1201 1202 1224 1226 1227 1228 1229 1230 1231 1232 1233 1234 1235 1236 1237 1238 1239 1240 1241 1242 1243 1244 1247 1248 1249 1250 1251 1264 1265 1266 1267 1268 1269 1271 1272 1273 1274 1275 1276 1277 1278 1289 1291 1292 1293 1294 1295 1296 1297 1302 1303 1305 1332 1366 1368 1396 1532 
1224 1225 1227 1228 1229 1230 1231 1234 1235 1236 1237 1247 1248 1249 1264 1269 1277 1278 1293 1294 
1224 1225 1226 1235 1236 
1224 1225 1226 1229 1230 1231 1232 1238 1240 1241 1255 
1224 1225 1226 1228 1230 1232 1240 1241 1255 
1225 1226 1228 1229 1256 1257 
1224 1225 1226 1228 1238 1251 
1224 1225 1228 1229 
1224 1225 1260 1261 1262 
1224 1225 1226 
1225 1226 1227 1236 
1224 1225 1226 1227 1235 
1224 1225 1226 
1224 1225 1228 1231 1239 
1224 1238 
1224 1225 1228 1229 1241 1255 
1224 1225 1228 1229 1240 
1224 1243 
1224 1242 
1224 1225 1245 1258 
1224 
1209 1224 
1224 1225 1226 
1225 1226 
1224 1225 1226 
1224 1225 
1224 1225 1231 
1224 1238 

1224 
1224 1228 1229 1240 
1224 
1224 1230 
1224 1244 
1224 
1224 1233 1261 1262 
1224 1233 1260 
1224 1233 1260 1261 
1224 
1269 1272 1273 1274 1275 1289 1290 
1270 



1264 
1265 

1264 1273 
1264 1272 

1274 


1277 1293 
1265 


1266 
1266 

1286 
1285 



1264 


1277 
1176 1226 1264 1265 1266 1267 1268 1270 1271 1279 1280 1295 1296 1297 1298 1301 1302 1303 1304 1305 1306 1326 1327 1328 1329 1330 1331 1332 
1294 1296 1297 1298 1299 1300 1301 1302 1312 1313 1319 1320 1321 1322 1323 
1294 1295 1301 1302 1303 1313 1314 1315 1324 1325 
1294 1295 1298 1299 1300 1308 1309 1310 1311 1317 
1294 1295 1299 1308 1309 
1297 1298 1300 1308 1309 1310 
1295 1297 1299 1311 1317 
1294 1295 
1294 1295 1296 1313 1314 1324 
1294 1296 1304 1305 1326 1327 
1294 1303 1305 1327 
1294 1303 1304 1306 1329 
1294 1305 

1297 1298 1299 1309 1310 
1299 1308 1310 
1297 1299 1308 1309 
1297 1300 
1295 
1295 1296 1302 
1296 1302 1324 
1296 

1297 1300 

1295 
1295 1319 
1295 
1295 

1296 1302 1314 
1296 
1294 
1294 1303 1304 
1294 
1294 
1294 

1294 1295 1296 1297 1333 1334 1336 1337 1338 1342 1343 1344 1345 1346 1356 1357 1368 
1332 1334 1336 1337 1342 1354 1355 
1332 1333 1338 1344 1345 1357 

1332 1333 1337 1353 
1332 1333 1336 
1334 1344 
1350 

1336 1353 
1332 1333 
1332 1356 
1332 1334 1338 
1332 1334 1357 
1332 1365 



1339 


1336 
1333 1337 
1333 
1332 1343 
1345 


1361 
1360 



1346 
1 110 171 233 297 507 622 745 857 887 888 986 1089 1090 1142 1143 1144 1176 1201 1225 1226 1227 1228 1264 1294 1295 1296 1297 1298 1299 1300 1301 1302 1303 1305 1308 1332 1333 1334 1336 1337 1338 1339 1340 1341 1342 1343 1344 1345 1346 1347 1348 1349 1350 1351 1352 1353 1354 1355 1356 1357 1358 1367 1368 1369 1370 1371 1372 1373 1374 1375 1376 1377 1380 1381 1382 1383 1384 1385 1386 1387 1388 1389 1390 1391 1392 1393 1394 1395 1396 1397 1398 1399 1407 1409 1410 1428 1429 1430 1436 1437 1465 1466 1467 1468 1499 1500 1531 1532 1573 1634 1636 1698 1729 1786 1787 1986 
1366 1370 1375 1376 1381 1382 1383 
1335 1366 1394 1395 
1366 1367 1376 1383 
1366 1367 1385 
1366 1388 

1366 1374 
1366 
1366 1367 1382 
1366 1367 1369 



1366 
1366 1367 
1366 1375 
1366 1367 1369 
1377 
1366 1370 
1366 
1366 
1371 
1366 
1366 



1366 
1366 1368 
1397 1400 1411 1412 1413 1414 1428 1429 1430 1437 
1396 1401 1404 1405 1406 1416 1417 1418 1429 
1407 1408 1423 
1425 
1396 1412 1413 
1396 1397 1402 1403 1415 
1401 1403 
1401 1402 

1397 
1397 1418 
1398 



1396 
1396 1400 
1396 
1396 

1397 
1397 
1397 1406 




1398 

1399 

1 5 33 35 36 79 110 146 147 171 172 198 232 233 262 263 264 297 322 323 324 325 407 443 444 445 469 507 508 542 543 544 582 583 584 622 623 651 745 746 819 857 858 859 860 887 888 889 917 918 919 986 987 988 989 990 992 1021 1022 1054 1055 1056 1089 1090 1091 1092 1093 1114 1115 1116 1117 1120 1142 1143 1144 1145 1176 1177 1178 1179 1180 1181 1201 1202 1203 1224 1225 1226 1227 1228 1229 1230 1231 1232 1233 1264 1265 1266 1267 1268 1269 1271 1294 1295 1296 1297 1298 1299 1300 1301 1302 1303 1304 1305 1306 1307 1308 1313 1332 1333 1334 1335 1336 1337 1338 1339 1340 1341 1342 1343 1344 1346 1347 1366 1367 1368 1369 1370 1371 1372 1373 1374 1375 1376 1377 1379 1380 1381 1383 1384 1388 1394 1396 1397 1398 1399 1400 1401 1402 1403 1404 1405 1406 1407 1408 1409 1410 1411 1412 1413 1414 1415 1416 1417 1418 1419 1420 1421 1422 1423 1424 1425 1426 1428 1429 1430 1431 1432 1433 1434 1435 1436 1437 1438 1439 1440 1441 1442 1443 1444 1445 1446 1447 1448 1449 1450 1451 1452 1453 1454 1455 1456 1457 1458 1459 1460 1461 1462 1463 1464 1465 1466 1467 1468 1469 1470 1471 1472 1473 1474 1475 1476 1477 1478 1479 1481 1482 1483 1484 1485 1486 1487 1488 1489 1490 1491 1492 1493 1494 1495 1496 1497 1498 1499 1500 1501 1502 1503 1504 1505 1506 1507 1508 1509 1510 1511 1512 1513 1514 1515 1516 1517 1518 1519 1520 1521 1522 1523 1524 1525 1526 1527 1528 1529 1530 1531 1532 1533 1534 1535 1536 1537 1538 1539 1540 1541 1542 1543 1544 1545 1550 1554 1558 1564 1567 1568 1569 1570 1571 1572 1573 1574 1575 1576 1577 1579 1581 1582 1603 1604 1605 1606 1607 1608 1609 1612 1614 1634 1635 1636 1637 1638 1639 1640 1641 1642 1643 1644 1645 1652 1661 1662 1663 1664 1698 1699 1700 1701 1728 1729 1730 1731 1763 1764 1786 1787 1788 1823 1824 1825 1828 1879 1909 1910 1948 1949 1986 1987 1988 1989 2018 
1429 1430 1431 1432 1433 1434 1439 1445 1446 1447 1449 1450 1465 1466 
1397 1427 1428 1430 1436 1437 1442 1443 1455 1458 
1427 1428 1429 1436 1437 1443 1457 1458 
1427 1428 1444 
1427 1428 1433 1450 
1427 1428 1432 1439 
1427 1428 1435 1453 
1427 1434 1453 
1427 1429 1430 1455 1456 
1427 1429 1430 1459 1460 1461 1462 
1427 
1427 1428 1432 1433 
1427 
1427 
1427 
1427 1430 
1427 1431 
1427 1428 
1427 1428 
1427 1428 
1428 
1427 1428 
1427 1428 1433 
1427 

1427 1434 
1427 
1427 1429 
1429 1436 
1427 1429 1430 
1427 1429 1430 
1427 1437 
1427 1437 
1427 1437 
1427 1437 

1427 
1428 1466 1468 1470 1471 1476 1477 1487 1488 1489 1500 
1428 1465 1467 1468 1470 1471 1477 1478 1479 1492 
1465 1466 1468 1470 1471 1476 1477 1491 1492 
1465 1467 1471 1472 1477 1479 

1465 1466 1467 
1465 1466 1467 1468 1472 1473 1480 1494 
1468 1471 1473 1480 1495 
1471 1472 1480 1495 1496 


1467 
1465 1466 1467 1468 1478 
1466 1477 

1471 1472 1473 

1469 





1465 
1465 1490 
1489 

1466 1467 
1466 
1471 
1472 1473 1496 
1495 


1500 1501 1502 1503 1504 1506 1509 1510 1511 1520 1521 1531 1532 1533 1535 1536 1537 1545 1570 1571 1572 1573 
1465 1499 1501 1502 1503 1504 1505 1507 1508 1517 1526 1528 1529 
1499 1500 1502 1503 1504 1506 1511 1512 
1499 1500 1501 1503 1504 1506 1513 1523 1524 
1499 1500 1501 1502 1504 1513 1514 1515 
1499 1500 1501 1502 1503 1513 1514 1515 
1499 1500 1507 1526 1527 
1499 1501 1511 1512 
1500 1505 
1500 1518 1530 
1499 1520 

1499 1501 1506 1512 
1501 1506 1511 
1502 1504 
1503 1504 1515 
1503 

1500 
1508 

1499 1509 


1502 
1502 

1500 1505 1527 
1505 1526 
1500 
1500 

1499 1532 1533 1534 1535 1536 1538 1541 1546 1547 1548 1549 1573 1576 1601 1602 
1465 1499 1500 1501 1502 1503 1504 1531 1533 1534 1535 1536 1537 1539 1540 1542 1543 1544 1545 1563 1564 1565 1566 1567 1568 1573 1576 
1531 1532 1534 1535 1541 1554 1555 1556 
1531 1532 1533 1535 1554 1555 1556 1557 
1531 1532 1533 1534 1536 1539 1558 1559 1560 1561 
1531 1532 1535 1537 1539 1540 1542 1543 1544 1564 1565 1566 
1532 1536 1545 1568 1569 

1532 1535 1536 1542 1562 
1532 1536 1566 
1533 
1532 1536 1539 1563 
1532 1536 1544 1564 
1532 1536 1564 1565 
1532 1537 
1531 1538 1547 
1531 1538 1546 
1531 





1555 
1533 1534 1554 1556 
1533 1534 1555 
1534 
1535 1559 
1535 1558 
1535 
1535 
1539 
1532 1542 
1532 1536 1543 1544 
1532 1536 1544 
1532 1536 1540 

1532 1537 
1537 



1533 1534 1535 1536 1538 1546 1547 1548 1576 1601 1602 
1575 1579 1580 1587 1588 
1574 1579 1580 1588 
1538 1573 1599 1600 1601 

1584 
1574 1575 
1574 1575 1588 

1583 
1582 
1578 


1574 
1574 1575 1580 











1576 
1573 1576 
1573 
1604 1605 1606 1607 1609 1620 1636 1638 1643 
1603 1605 1607 1609 1620 1621 1636 1638 
1603 1604 1611 1622 
1603 1616 
1603 1604 1605 1609 1610 

1603 1604 1607 1610 
1607 1609 
1605 



1631 




1604 
1604 

1605 



1626 
1613 


1615 


1603 1604 1635 1636 1637 1638 1639 1640 1641 1642 1643 1647 1648 1649 1655 1656 1698 
1636 1637 1646 1653 1675 
1603 1604 1634 1635 1638 1641 1642 1643 1644 1645 1649 1650 1651 1659 1660 
1634 1635 1647 
1634 1636 1643 1644 
1634 1640 1655 
1634 1639 
1634 1649 
1634 1636 1638 
1634 1636 1638 1645 
1636 1638 1643 1645 1652 
1636 1643 1644 1652 
1635 1653 
1634 1637 
1634 
1634 1636 1641 
1636 1657 1658 
1636 
1645 
1635 

1634 1639 
1634 
1650 1658 
1650 1657 
1636 

1662 1663 1671 1688 1689 
1661 1671 1688 1689 
1661 1672 1690 1691 
1673 1674 1692 1693 
1677 
1680 



1686 
1661 1662 
1663 
1664 
1664 1694 
1697 

1665 


1666 



1667 

1670 

1661 1662 
1661 1662 
1663 1691 
1663 1690 
1664 
1664 

1696 
1695 
1675 
1665 1676 1699 1700 1701 1709 1722 1724 1725 1726 
1698 1706 1716 1717 

1698 1726 1727 


1705 
1704 
1699 1717 


1698 


1702 



1699 
1706 



1700 
1698 1724 
1722 
1698 1722 
1698 
1698 1701 1727 
1698 1701 1726 
1 33 79 110 146 171 232 233 262 263 297 322 323 324 443 444 507 582 622 623 651 745 746 857 887 888 1089 1090 1142 1176 1225 1226 1294 1332 1366 1396 1397 1428 1429 1465 1466 1499 1500 1531 1532 1533 1536 1573 1574 1575 1576 1603 1604 1605 1634 1635 1636 1637 1638 1639 1640 1641 1642 1643 1661 1662 1663 1664 1665 1666 1667 1671 1698 1699 1700 1701 1702 1703 1704 1705 1706 1707 1708 1709 1710 1711 1712 1713 1714 1715 1716 1729 1730 1731 1732 1733 1734 1735 1736 1737 1738 1739 1740 1741 1742 1743 1744 1745 1746 1747 1748 1749 1750 1751 1752 1753 1754 1755 1756 1757 1758 1759 1760 1761 1762 1763 1764 1765 1766 1767 1768 1769 1770 1771 1772 1773 1774 1775 1783 1784 1785 1786 1787 1788 1789 1790 1791 1823 1824 1825 1826 1828 1829 1879 1909 1910 1948 1949 1986 1987 
1698 1728 1730 1731 1732 1733 1734 1735 1736 1737 1747 1748 1749 1750 1751 1752 1753 1754 1763 1764 1786 1787 
1728 1731 1735 1737 1738 1755 1756 1757 1758 
1728 1729 1730 1737 1755 1756 
1728 1729 
1728 1729 
1729 1747 
1728 1729 1730 1736 
1729 1735 1753 
1729 1730 1731 1755 1756 
1728 1730 
1728 
1728 
1728 
1728 1743 
1728 1742 
1728 
1728 
1728 
1728 1729 1748 
1728 1729 1747 
1728 1750 
1728 1729 1749 
1728 1729 
1728 1729 
1728 1729 1736 
1728 1729 
1728 1730 1731 1737 1756 
1728 1730 1731 1737 1755 
1728 1730 
1728 1730 
1728 1760 
1728 1759 
1728 
1728 
1729 1730 1764 1765 1766 1767 1768 1769 1770 1777 1779 1780 1786 1787 
1763 1766 1767 1769 1770 
1763 1766 
1763 1765 
1763 1764 1769 1777 
1782 
1763 1764 1767 1777 
1764 






1763 1767 1769 

1763 
1763 





1729 1763 1764 1787 1788 1789 1790 1791 1793 1794 1795 1796 1797 1798 1799 1806 1807 1808 1809 1824 1825 1828 1829 
1729 1763 1764 1786 1788 1790 1791 1797 1798 1799 1800 1809 1810 1811 1812 1813 1814 1815 1816 1817 1818 1819 
1786 1787 1801 
1786 1805 
1786 1787 1798 1810 
1786 1787 1819 1820 
1788 
1786 1794 1795 
1786 1793 1795 
1786 1793 1794 
1786 
1786 
1786 1787 1790 
1786 1787 
1814 




1789 
1786 

1786 
1786 
1787 1790 1811 
1787 1810 
1787 
1787 
1787 1800 
1787 1816 
1787 1815 1817 
1816 1818 
1787 1817 
1791 
1791 


1 5 33 79 110 146 171 232 233 262 263 297 322 323 324 443 507 622 745 857 887 888 1089 1142 1225 1294 1332 1366 1396 1499 1531 1532 1573 1603 1604 1634 1635 1636 1698 1699 1728 1729 1730 1731 1763 1764 1765 1766 1767 1768 1786 1787 1788 1789 1790 1791 1792 1793 1794 1795 1796 1797 1798 1801 1802 1824 1825 1826 1827 1828 1829 1830 1831 1832 1833 1834 1835 1836 1837 1838 1839 1840 1841 1842 1843 1844 1845 1846 1847 1848 1849 1850 1851 1853 1854 1855 1856 1857 1858 1859 1860 1862 1863 1864 1865 1866 1867 1868 1869 1878 1879 1880 1882 1883 1884 1885 1886 1887 1909 1910 1911 1948 1949 1951 1986 1987 1988 1989 1991 2018 
1823 1825 1828 
1823 1824 1828 1834 1835 1846 1847 
1823 1827 1840 1841 
1823 1826 
1823 1824 1825 1834 1835 1846 1847 
1823 1830 1851 1852 
1823 1829 
1823 1837 1838 
1823 1826 1827 1842 
1823 1844 
1823 1825 1828 1835 1846 
1823 1825 1828 1834 1846 1847 
1823 
1831 
1823 1831 
1823 
1823 1826 
1823 1826 
1823 1827 1832 
1823 
1823 1833 
1823 
1823 1825 1828 1834 1835 
1823 1825 1828 1835 
1823 

1823 
1823 1829 
1829 1851 

1862 

1865 
1856 

1878 

1871 
1854 

1875 
1856 1857 1866 
1857 1865 1867 
1866 
1869 
1868 

1861 



1864 


1859 
1882 1883 1884 1885 1887 1888 1889 1890 1901 1902 1903 1904 
1881 
1880 1927 
1879 1883 1896 1897 
1879 1882 1884 1887 
1879 1887 
1879 1886 1908 
1885 
1879 1883 1884 
1879 1902 1903 
1879 
1879 1891 

1905 




1882 
1899 



1879 1888 
1879 1888 

1892 


1885 
1910 1919 1920 1932 1949 
1909 1920 1932 1949 
1912 1938 
1911 1924 1939 
1942 
1925 
1916 
1915 
1930 
1931 

1910 

1923 
1922 
1912 1939 1940 1941 
1914 
1943 
1947 


1917 
1918 
1909 1910 





1911 
1912 1924 
1924 
1924 
1913 
1926 



1927 
1949 1950 1951 1952 1956 1957 1958 1966 1989 1991 2005 
1909 1910 1948 1951 1955 1962 1963 1980 1981 
1948 1956 1957 1966 2005 
1948 1949 1952 1953 1954 1959 1969 
1948 1958 1968 
1951 1954 1959 1969 
1953 1959 
1949 1981 
1948 1950 1957 1966 
1948 1950 1956 
1948 1952 1967 
1951 1953 1954 
1970 

1949 
1949 


1948 1950 1956 
1952 1958 

1951 1953 1959 
1960 


1961 

1974 1976 




1949 
1955 
1964 



1 5 33 110 1909 1948 1949 1950 1951 1987 1988 1989 1990 1991 1992 1993 1994 1995 1996 1997 1998 1999 2000 2001 2002 2003 2006 2007 2008 2009 2018 2019 2020 2021 2022 2024 2031 2032 
1986 1988 1989 1990 1991 2000 2001 2002 2009 2010 2011 
1986 1987 1994 1995 1999 2000 2006 2007 2008 
1986 1987 1990 1991 1996 1997 2003 2004 
1986 1987 1989 1991 1996 1997 2004 2012 
1986 1987 1989 1990 2016 
1986 1998 
1986 1995 
1986 1988 1993 1995 1999 
1986 1988 1993 1994 1999 
1986 1987 1989 1997 
1986 1989 1990 1996 2004 
1986 1992 
1986 1988 1995 
1987 1988 2001 
1986 1987 
1986 1987 
1986 1989 1996 
1989 1990 1997 

1986 1988 2007 
1986 1988 
1986 1988 
1986 1987 2010 
1987 2009 
1987 
1990 

2015 
2014 
1991 

5 2019 2020 2025 2034 2035 
5 2018 2020 2021 2025 2026 2027 2038 2039 
5 2018 2019 2021 2026 2027 2038 
2018 2019 2020 2022 2041 2042 
2021 2043 
2028 
2032 2033 
2018 2019 2036 
2019 2020 2027 2038 
2019 2020 2038 
2023 


2045 2046 
2024 2033 

2018 
2018 
2025 

2019 2020 2026 2027 


2021 
2021 
2022 

2031 2046 
2045 


