1024 2010 0
3 5 6 10 11 12 1008 1010 

1 4 6 12 
1 3 6 12 
1 
1 3 4 12 
8 
7 


1 3 
1 3 4 6 
1 2 3 4 5 7 14 15 16 17 18 19 20 21 22 23 24 25 26 27 28 29 30 31 32 33 38 39 40 41 42 43 44 45 46 47 66 67 92 129 899 947 948 1008 
13 15 16 20 
13 14 16 
13 14 15 21 
13 
24 
13 46 

13 
13 

13 18 
26 28 29 30 31 36 37 38 39 40 


25 29 31 39 40 
25 28 31 32 40 41 42 43 

28 32 33 41 42 43 44 
29 33 43 44 45 
32 44 45 


25 

25 28 

25 29 
29 42 
29 31 41 43 
29 31 32 42 
31 32 33 45 
33 44 
19 
57 64 65 

58 59 

52 62 
53 
52 63 
55 63 
54 
47 64 65 


49 58 



53 54 
47 56 65 

67 68 69 70 71 72 73 74 75 79 82 92 
48 69 70 71 
66 
66 67 70 74 
66 69 
48 66 67 
66 73 
66 
66 69 
66 
77 78 96 110 
76 78 
76 77 80 83 
82 91 
78 83 
86 87 88 
79 
80 


81 
81 88 

79 90 
79 89 91 
79 89 90 
76 77 93 94 95 96 97 100 101 102 106 108 109 110 129 
92 94 99 104 105 
92 93 100 
96 
95 102 110 
95 

93 

95 97 108 109 
96 

93 99 
93 

92 100 
92 101 109 
92 
96 
121 122 123 124 
132 


127 128 
113 



119 
122 
121 123 
111 122 





92 130 131 132 133 134 135 136 137 141 142 
129 134 
129 133 
112 
131 
129 130 




140 146 147 150 
139 145 146 149 165 166 
142 144 153 
141 153 

141 

139 140 147 
139 146 
141 
140 
139 


142 
155 160 161 162 167 
154 156 161 162 163 167 
155 157 158 164 168 169 
156 158 165 168 169 
156 157 

154 
154 155 162 167 
155 161 163 167 
155 162 
156 157 158 
157 158 
165 
155 161 
156 157 169 
156 
171 172 179 180 

170 173 174 181 182 
172 174 
173 


176 

180 
170 179 
172 
172 173 
185 190 

183 190 

194 195 196 

183 
183 185 

186 

187 
187 
187 195 
198 202 203 204 205 206 207 213 214 215 216 
197 202 203 204 205 213 214 
201 211 212 217 218 219 220 
209 
199 211 212 220 221 
197 198 203 
197 198 202 204 
197 198 203 
197 198 207 213 215 216 
197 205 207 215 
197 205 206 215 216 
200 
200 210 

199 201 220 
201 221 
197 198 205 
197 198 213 
205 216 
197 205 206 207 215 
199 
199 217 219 
199 218 
199 201 211 
212 
197 198 226 230 235 236 239 

229 232 
224 229 232 
222 

224 
224 225 

223 227 
224 225 229 


222 
222 
238 239 240 
237 239 241 248 249 250 
223 227 231 237 238 
237 
238 239 251 



246 

248 

238 
238 
239 241 
266 268 
255 256 257 261 262 
253 255 256 257 262 
256 257 258 262 
253 254 255 257 263 
253 254 255 256 
255 256 



253 254 255 257 
256 


252 
268 
252 



253 260 273 276 277 282 283 284 285 286 287 288 
272 276 280 281 

274 
272 280 
272 278 286 287 288 
272 277 287 288 

273 


272 284 
272 
272 
277 278 285 287 
272 277 278 285 286 
272 277 
295 297 
294 

295 299 
309 

289 292 



292 
301 302 305 310 311 312 324 
300 302 304 305 310 311 312 324 
300 301 305 306 307 313 314 
319 

300 301 302 306 
302 305 313 
302 313 314 
316 317 

300 301 312 
300 301 310 312 
301 
302 305 306 307 
302 307 
317 
308 315 317 
308 316 

303 



325 329 333 350 
300 301 302 304 310 325 326 
323 326 
327 
325 




333 334 335 338 339 340 342 
332 335 338 339 340 343 344 
332 333 
332 333 336 340 
333 341 

333 342 
332 333 338 
332 333 335 
336 345 346 347 
332 338 
333 335 
333 
341 347 
341 
341 345 346 

348 

353 355 356 364 
358 359 366 367 
351 355 364 
362 370 
351 353 364 
351 
352 366 367 
352 359 366 
358 368 

362 
354 361 

351 

352 357 358 367 
352 357 358 


354 361 
372 373 376 377 382 383 384 385 
373 374 377 
371 372 377 385 
371 386 
378 379 
371 381 
372 385 
375 386 387 
375 

376 
371 383 
371 382 

371 373 377 
387 
378 386 
389 395 





393 
388 390 
388 389 
398 
397 
391 
401 402 
400 402 
400 

403 

407 408 410 415 
412 413 
409 
408 411 417 

408 409 
407 413 







419 

423 424 426 427 431 432 433 434 435 443 458 
422 424 425 427 435 436 
406 407 422 423 428 429 439 440 441 
427 435 
422 430 
422 423 425 
437 438 
424 439 
422 426 

422 
422 434 




437 
424 
424 441 
440 
445 452 453 454 
448 

442 452 
456 

457 

449 451 

445 453 

442 

446 
448 


470 472 

470 



467 


468 

460 


479 480 481 
478 482 483 
477 
476 
475 482 484 
474 480 
474 479 

475 483 484 
475 482 484 
475 478 482 483 

474 479 480 505 

495 496 497 498 
490 494 499 500 
494 501 502 
503 

487 492 519 
489 490 
488 

488 498 
497 
489 

490 502 
490 

491 

511 517 518 
514 

508 

506 
519 



510 
506 
506 


529 530 
530 
513 527 




513 523 
521 522 530 
522 
534 
538 539 

544 



539 
532 533 538 
533 
542 


531 534 
535 
535 545 



552 553 556 557 558 560 562 
552 553 563 564 565 566 567 
550 551 563 564 565 567 
550 559 560 561 
550 553 558 




550 553 560 
550 553 559 
553 562 

551 
551 552 565 566 
551 552 564 566 
552 564 565 
551 552 


571 
570 







581 
579 581 
580 
583 584 587 592 593 602 
584 586 587 592 594 
582 583 586 587 589 594 
586 588 591 600 
583 584 585 589 590 597 
582 583 584 593 
585 591 
584 586 590 597 
586 
585 588 
583 
592 
583 584 


586 589 590 



604 609 610 611 
619 620 

611 612 
606 613 614 615 


601 609 610 
601 608 610 
601 608 609 
601 604 
604 613 614 
605 612 614 
605 612 613 
606 
617 
616 

602 620 
602 619 
622 624 629 
624 629 
631 
622 
621 622 
636 637 638 


622 624 

623 




626 637 


640 642 
639 642 

639 640 
651 652 653 
645 654 
644 654 
655 
648 
647 


643 652 
651 653 
651 652 
644 645 


659 660 662 663 669 
665 697 
657 660 
657 



671 672 
658 





664 672 
664 671 

675 679 680 685 693 694 695 
674 679 680 685 686 695 
677 681 682 689 691 
676 
677 
680 693 694 
674 675 679 693 694 
676 689 690 
691 
678 692 

674 675 686 695 696 
675 685 696 


681 690 
676 689 
682 
683 684 
674 680 

674 685 
685 

699 700 701 703 704 705 708 710 711 
676 698 702 704 705 712 713 
676 687 698 699 705 712 
698 706 707 

698 708 
698 702 
698 699 700 711 
701 

698 
698 710 

699 705 
699 700 
699 700 





721 
715 722 


715 
725 726 727 730 731 732 734 735 
724 726 727 730 732 735 736 
725 731 
724 725 730 735 

728 
724 725 727 732 735 
724 
725 


724 727 730 
725 727 
738 741 744 745 
740 


737 739 


737 
737 744 


749 750 751 754 755 756 757 758 764 
754 755 756 
751 
748 750 


748 749 755 
748 754 
748 



761 
760 
764 766 767 772 
765 770 
768 769 774 775 776 777 

762 
772 
777 
777 


762 767 

764 

764 768 777 
769 776 
780 781 787 788 
784 
778 782 783 786 
778 788 
780 783 786 
778 780 


780 782 
778 
778 781 


799 
778 780 
796 797 801 806 807 808 
793 795 796 797 798 802 807 808 
793 794 796 801 806 
793 794 795 797 798 801 802 808 
793 794 796 798 802 809 
796 802 809 
791 
805 
793 794 796 807 808 
794 796 797 798 809 

800 805 
800 804 
793 795 
794 795 801 
794 796 801 
797 798 802 810 
797 798 809 

792 
791 793 794 795 799 814 815 816 817 820 821 822 837 
813 816 820 
813 817 821 

813 815 


814 
813 815 

827 828 848 849 
825 826 829 834 
824 826 829 
824 825 829 

823 832 
824 825 826 834 




824 


823 824 839 840 847 
842 843 844 
837 840 
837 839 

843 
842 844 
838 842 843 


837 
849 

851 852 853 854 855 856 857 858 859 861 862 863 864 865 866 870 883 
850 852 853 857 858 859 862 863 864 
850 851 854 860 
850 851 857 858 859 862 863 
852 
850 
850 
850 851 853 
850 851 853 859 864 
850 851 853 858 864 865 
850 
850 
850 851 853 863 
850 851 853 862 
850 858 859 865 
864 

868 



876 
869 


870 






873 
850 884 885 886 887 888 889 890 892 893 895 896 897 
883 886 887 891 893 895 900 
883 888 889 890 892 897 
884 894 
883 884 891 
885 892 897 
883 885 890 898 
883 885 889 898 
887 
883 885 888 897 
884 886 894 
884 886 893 
883 884 
883 
883 885 888 892 
889 890 
813 837 850 851 869 870 871 883 884 885 886 887 888 889 890 891 892 893 894 895 896 897 900 901 902 903 904 905 906 907 908 909 910 911 912 913 914 915 916 917 918 919 921 922 923 924 929 930 931 932 947 948 949 950 

899 904 
905 

901 908 909 910 
899 902 903 
899 903 905 915 
899 900 
899 909 910 
904 908 910 
899 904 908 909 

899 
914 

899 
899 900 917 
899 916 
917 



927 
927 928 


922 927 


920 930 931 932 937 940 942 943 944 945 946 
929 
929 930 932 
929 931 937 940 941 942 

933 935 938 
934 939 

929 932 
933 934 

929 932 
929 932 942 
929 932 
929 937 944 945 
929 943 945 
944 

883 929 930 931 932 933 934 935 936 938 939 948 949 950 951 952 953 954 955 956 957 958 959 962 
929 930 931 932 933 935 936 938 939 947 949 950 953 954 955 956 958 959 
947 948 950 951 952 953 954 956 962 
947 948 949 951 952 956 
947 950 952 961 
947 949 951 
947 948 949 950 956 
947 948 949 955 958 959 
947 948 954 958 959 
947 948 949 950 953 962 
947 948 954 
947 948 954 955 959 
947 948 955 958 

951 
947 949 956 
964 967 974 975 976 
963 975 976 
968 
973 


970 971 977 
969 971 
969 970 972 
971 977 
966 
967 
963 964 

969 971 972 
966 
980 



985 989 

983 



983 





994 997 998 

994 995 998 



1000 1002 
1001 



996 



1015 1017 
1008 


1023 
1010 
1010 1015 
1016 1018 1019 
1016 1017 1019 
1018 

1008 

1014 

