4096 12085 0
7 8 

8 27 29 
1 23 27 29 
7 10 
10 
1 5 8 
1 3 7 

5 6 
14 18 21 38 
14 

11 12 18 
21 144 
33 
257 
11 12 14 278 280 

36 37 38 258 259 260 280 281 
11 15 36 37 38 
24 25 26 40 
4 25 29 40 
22 26 40 
22 23 31 
22 24 27 29 40 
3 4 26 29 
41 
3 4 23 26 27 
41 
25 43 45 48 
46 51 53 54 
16 35 
58 274 
17 33 58 
20 21 38 60 147 281 405 
20 21 60 147 281 
11 20 21 36 60 
63 
22 23 24 26 
28 30 156 
39 63 
31 45 46 48 
63 
31 43 47 
32 43 54 

31 43 

56 57 58 
32 53 54 55 165 172 
54 55 165 172 
32 51 55 165 
32 46 51 52 
51 52 53 165 172 
50 58 59 306 
50 
34 35 50 56 
56 299 306 307 308 
36 37 38 147 172 281 
68 165 172 447 
65 75 78 
39 42 44 

62 75 77 78 82 


61 326 327 
326 

73 74 
74 
71 
71 72 199 
62 65 78 
89 
65 
62 65 75 
94 
94 
93 95 201 
65 
67 
366 
68 69 
70 
89 90 91 
99 100 
76 87 
87 92 93 
87 
90 95 217 
81 90 95 201 216 217 218 
79 80 97 
81 92 93 216 217 218 
362 381 
94 
109 
88 



105 114 115 118 119 
107 
103 114 118 119 
381 383 391 
104 

98 
115 531 
112 113 
111 118 
111 118 
103 105 118 119 
103 110 240 529 
534 535 536 

103 105 112 113 114 119 
103 105 114 118 
121 392 393 
120 



139 
139 
129 141 146 
132 133 134 154 
127 146 154 1056 
131 148 149 152 153 410 
130 148 
128 133 134 135 
128 132 154 411 1056 1059 
128 132 154 411 
132 153 409 411 

158 
140 158 
125 126 159 
138 164 
127 146 164 
144 166 
166 
15 142 
151 
127 129 141 164 171 1056 
36 37 60 172 405 447 
130 131 150 152 410 
130 405 428 429 
145 148 152 153 
145 153 155 430 
130 148 150 410 
130 135 148 150 151 409 410 
129 133 134 1056 1057 1059 
151 430 1056 1057 1059 
41 177 181 
159 160 163 
137 138 160 
137 139 157 
157 158 
178 1063 
163 166 182 
157 
140 141 146 170 1066 
51 52 53 55 61 172 
142 143 162 175 
169 176 190 194 195 197 
176 183 188 190 194 
167 176 189 190 194 195 197 
164 186 1082 
146 1082 
51 52 55 60 61 147 165 
175 
429 448 
166 173 
167 168 169 190 194 195 197 
156 181 
161 204 
184 204 
182 
156 177 
162 180 
188 
179 186 187 
187 204 
170 184 192 1082 
184 185 189 192 207 
168 
169 192 197 198 206 207 
167 168 169 176 194 195 197 
196 197 198 1082 1083 1086 1087 
186 187 189 196 197 198 1082 1083 1086 1087 
194 
167 168 169 176 190 193 
167 169 176 190 197 198 464 
191 192 198 1082 1083 1086 1087 
167 169 176 189 190 191 192 195 
189 191 192 195 196 1086 1087 
74 218 
204 
81 93 
203 205 221 
202 205 
178 179 185 200 
202 203 
189 208 
189 



489 
217 218 225 
215 
232 
213 219 232 
93 95 218 
92 93 95 212 
93 95 199 212 216 

1126 
202 232 235 
223 234 235 237 
222 237 
239 489 501 1118 1361 
212 231 240 241 
229 243 
229 243 

226 243 245 

225 232 240 241 
214 215 221 231 235 
250 
222 237 248 249 
221 222 232 237 
238 
222 223 234 235 238 
236 237 249 253 
224 254 501 502 517 
115 225 
225 231 242 
241 664 
226 227 229 
672 673 676 
229 233 
251 681 
249 251 252 681 
234 247 252 
234 238 247 252 
233 255 679 
246 247 681 
247 248 249 253 681 
238 252 499 516 
238 239 
250 1147 
257 274 282 
256 
20 260 266 278 279 280 
20 260 266 279 280 
20 258 259 266 279 280 281 
269 
265 
257 
262 287 
262 263 
258 259 260 279 
269 270 272 285 286 292 293 
270 272 285 286 293 
261 267 285 286 
267 268 272 285 286 293 
287 296 
267 268 270 
423 
34 256 276 282 
282 300 302 304 305 309 
274 282 304 305 
278 279 304 305 306 308 
18 258 277 280 306 
258 259 260 266 277 308 
18 20 258 259 260 278 281 
20 36 37 60 260 280 
256 274 275 276 
413 416 

267 268 269 270 
267 268 269 270 292 293 
264 271 296 
291 295 296 317 
291 297 312 
297 418 420 439 440 441 
288 289 317 320 322 
267 286 294 
267 268 270 286 
292 2080 
288 296 2062 2063 
271 287 288 295 
289 290 291 322 
461 
56 59 301 302 303 304 305 309 325 
275 302 303 304 305 309 325 
299 303 304 305 325 
275 299 300 309 
299 300 301 305 309 323 325 
275 276 277 299 300 301 309 
275 276 277 299 300 301 303 309 
56 59 277 278 307 308 
59 306 327 
59 277 279 306 
275 299 300 302 303 304 305 323 325 
317 318 319 320 
447 452 
289 318 320 
315 316 333 
315 316 333 
313 314 333 
313 
288 291 310 319 
291 310 312 320 334 
310 317 320 
289 291 310 312 318 319 

291 297 459 
303 309 325 342 
83 328 
299 300 301 303 309 323 
68 69 328 346 
68 307 
324 326 345 346 
332 348 349 351 353 
331 344 345 350 
330 344 350 
314 329 351 353 
313 314 353 357 
318 
472 
356 357 2113 

2113 


347 
323 347 348 
341 360 
330 331 346 350 
326 328 330 
326 328 344 
341 342 349 
329 342 351 353 354 
329 342 347 351 
330 331 344 
329 332 348 349 353 354 
356 370 
329 332 333 348 351 354 356 357 
348 351 353 358 
375 2145 2146 2147 
336 352 353 
333 353 
354 
377 379 380 486 2152 2153 2269 
343 
363 369 383 
96 
361 364 367 
363 367 
367 
84 
363 365 

361 
352 374 389 
387 388 490 
377 378 380 482 
2145 2146 2148 
370 389 390 
355 389 2147 2162 
2152 
359 372 379 486 2269 

359 377 2166 2269 
359 372 377 486 2269 2270 
96 106 
106 383 
106 361 382 
392 393 399 

388 
371 510 
371 386 
370 374 375 2162 
374 403 404 
106 396 542 
120 384 399 
120 384 399 790 
396 

391 394 
400 
396 
384 392 397 
397 793 


390 404 
403 
36 147 149 428 

414 
410 436 437 
135 153 411 412 432 
130 148 152 153 429 
133 134 135 409 432 
409 432 
283 415 416 420 421 441 
407 416 420 421 
413 419 420 421 441 
283 413 414 419 420 441 

290 421 440 441 
415 416 421 
290 413 414 415 416 418 440 441 
413 414 415 418 419 422 440 441 
421 425 
273 424 
423 
422 445 
446 
2191 3088 
149 405 
149 174 410 448 
151 155 411 433 434 451 1297 1315 
433 434 449 450 451 
409 411 412 434 438 1297 
430 431 451 1297 1315 1316 
430 431 432 451 1297 1315 
442 453 
408 443 
408 443 
432 444 
290 442 
290 418 420 421 442 
290 413 415 416 418 420 421 439 442 
435 439 440 441 
436 437 444 
438 443 
425 446 
426 445 463 
61 147 311 
174 429 450 454 
431 464 
431 448 
430 431 433 434 457 1315 1320 
311 453 467 
435 454 456 
448 453 456 
457 468 
453 454 468 
451 455 468 1320 

322 461 2220 
2220 
298 459 2220 

446 2224 2239 
195 449 
476 1320 1328 1329 1330 
477 
477 
455 456 457 470 471 
479 483 
468 476 480 481 
468 476 480 481 
335 486 


480 484 485 
465 470 471 481 1346 
466 467 478 
477 491 493 
469 483 
470 471 475 485 1332 1350 1352 
470 471 476 1350 
372 493 494 
469 479 484 495 
475 483 
475 480 
359 377 380 472 482 487 
2254 
489 508 
211 224 488 492 1361 
371 503 
478 
481 489 
478 
482 
483 
511 512 
1350 1352 1368 1374 

253 

224 239 1118 1361 1378 
239 516 517 
490 
506 507 
507 
504 516 
504 505 

496 
387 519 
496 521 
496 521 
519 522 524 2289 

524 525 526 2305 2306 
253 502 506 
239 502 920 921 
925 
510 513 522 930 
522 925 929 930 
511 512 
513 519 520 524 930 
804 2165 2176 2289 2306 
513 515 522 526 2306 
515 2305 2306 
515 524 2306 
533 
546 547 
531 532 662 
532 547 
110 529 547 
529 530 662 663 685 686 
527 551 552 553 
116 536 544 
116 541 543 544 545 558 559 
116 534 543 544 558 559 
555 560 561 
539 540 
538 
538 564 
535 543 544 545 789 
391 544 789 
535 536 541 559 
534 535 536 541 542 545 558 559 789 
535 541 544 562 
528 548 
528 531 
528 546 
556 568 685 698 
552 553 
533 553 555 
533 550 
533 550 551 
567 570 
537 551 561 
549 568 572 
572 
535 536 541 543 544 545 
535 536 543 544 
537 575 
537 555 575 
545 

540 
580 

554 570 
549 556 572 
581 
554 555 567 
572 
556 557 568 571 

707 
560 561 588 
579 
578 
577 579 595 828 
576 578 586 589 595 828 829 
565 602 
569 

605 606 
592 593 594 608 610 
592 593 594 608 
579 588 589 590 
589 590 591 
575 590 
579 586 587 611 612 
586 587 588 591 
587 590 707 723 
584 585 594 
584 585 608 610 
584 585 610 845 
578 579 828 845 846 848 856 
706 
601 602 605 
600 602 605 606 
606 

597 
597 598 605 606 

618 
597 598 602 
598 599 602 
609 621 625 
584 585 593 610 
607 611 612 613 614 615 625 
584 593 594 608 
589 609 612 613 614 615 625 
589 609 611 614 615 625 
611 615 625 626 
609 611 612 625 
609 611 612 613 625 626 629 
858 

604 622 624 631 742 
620 
619 634 
607 623 635 
618 624 635 741 742 
621 635 637 642 
618 622 741 742 746 
607 609 611 612 614 615 629 
613 615 
635 637 642 
644 
615 625 
636 
618 
638 
640 650 651 652 656 657 
620 640 
621 622 623 627 637 641 642 
630 
623 627 635 642 
632 
644 655 
633 634 641 657 658 
635 640 
623 627 635 637 
659 
628 639 
659 661 891 


653 772 773 774 775 

633 652 656 
633 656 657 
633 656 


639 660 
633 650 651 652 658 
633 640 651 
656 
643 645 661 
655 
659 769 891 
529 532 
532 664 686 
242 663 665 
664 667 
673 
665 669 
666 1139 
667 1139 

685 
244 676 677 688 
244 666 676 677 688 
678 679 1143 1563 1566 1567 1577 
689 690 694 
672 673 
672 673 678 
674 677 692 1566 
250 674 1143 
246 251 
246 247 251 252 
695 696 
685 686 698 702 
686 698 
532 549 671 683 698 
532 663 683 684 698 
701 
672 673 
675 691 694 
675 694 
689 704 
678 697 
713 
675 689 690 715 
682 693 918 940 
682 955 956 
692 1585 1817 1836 
549 683 684 685 686 
700 702 
699 
687 1593 1594 1595 1596 1601 1611 
683 699 703 
702 708 710 720 721 
691 
701 722 
596 709 
574 591 725 
703 710 711 721 
706 713 725 
703 708 721 
691 708 721 
727 
693 709 

694 955 956 

716 
728 
729 1593 1594 1595 1611 1613 
703 725 732 
703 708 710 711 722 
705 721 726 
591 725 

707 709 720 723 
722 735 1604 1621 1623 
712 735 1621 1625 
718 731 744 
719 733 1628 
745 
728 741 743 744 745 746 747 748 
720 734 
729 749 1628 
732 738 739 
726 727 1621 
739 970 982 
739 753 755 
734 740 984 
734 736 737 755 
738 756 
622 624 731 743 744 746 
618 622 743 746 
731 741 742 745 746 747 748 
728 731 741 746 747 748 
730 731 743 748 765 
624 731 741 742 743 744 747 748 
731 743 744 746 761 
731 743 744 745 746 
733 
753 765 
753 754 
761 
737 750 751 754 755 770 
751 753 770 
737 739 751 753 
740 1647 
759 762 
778 1658 1659 1660 
760 
759 765 
752 762 
757 761 
764 766 
763 766 782 
745 750 760 
763 764 782 
1666 

661 1013 1028 
753 754 
1016 
648 774 775 
648 775 779 781 
648 772 779 781 
648 772 773 
780 781 
778 
758 777 
773 774 781 
776 
773 774 776 779 
763 764 766 
784 786 
783 786 
1028 1029 
783 784 
788 
787 
541 542 544 
393 
810 813 939 
793 813 
400 792 
796 797 

794 818 
818 
805 826 


803 806 2584 
2173 2583 
801 806 823 824 825 2584 
523 806 933 2176 2584 
798 930 933 2584 
801 803 804 824 825 2176 2584 
815 827 830 
812 813 831 
563 811 812 813 831 939 952 
791 808 812 813 831 939 
809 813 816 831 939 952 
808 809 810 816 831 832 
791 792 808 809 810 811 831 939 

807 
811 812 819 831 
820 
796 797 822 833 838 
816 826 962 
817 835 836 839 840 841 2594 
822 
818 821 838 
803 821 824 825 
803 806 823 826 2584 
803 806 823 2584 
798 819 
807 828 830 848 
578 579 595 827 830 832 848 
579 831 832 847 848 
807 827 828 832 847 848 
808 809 810 811 812 813 816 829 
812 828 829 830 847 
818 838 
851 952 966 
820 839 841 
820 839 841 
853 
818 822 833 
820 835 836 841 842 
820 842 2594 2595 2612 
820 835 836 839 842 
839 840 841 853 2612 

845 846 856 861 
594 595 844 856 
595 844 848 856 
829 830 832 850 
595 827 828 829 830 846 856 
851 966 967 
847 
834 849 966 967 975 

837 842 
975 990 
2633 
595 844 845 846 848 
856 
616 874 
861 863 

844 859 862 
860 875 
859 864 
863 880 
850 877 
868 

866 870 871 
871 883 
868 871 883 
868 869 870 
860 886 
888 
999 
862 
892 893 
865 879 
894 897 
877 
864 896 
885 991 1011 1020 
885 1011 
869 884 900 2664 
883 900 2663 2664 
881 882 1011 2679 
872 902 
902 
873 
891 894 895 1014 
894 895 1014 
645 661 889 1014 
876 
876 909 
878 889 890 
889 890 908 1014 
880 898 
878 906 
896 
913 916 
883 884 2679 
914 1020 1022 
886 887 

906 907 912 914 
907 912 
897 904 912 913 
904 905 
895 
893 911 

909 
904 905 906 914 
899 906 916 
904 912 1034 
2698 
899 913 917 2699 
916 2701 2829 
695 926 927 
927 
517 922 923 1816 
517 923 928 1395 1816 
920 1816 1817 1836 
920 921 1395 1816 1817 1836 

518 520 929 
918 919 942 943 
918 919 
921 942 943 
520 925 
519 520 522 805 933 
932 946 

804 805 930 935 
936 
933 948 
934 
938 
937 1407 
791 810 811 813 
695 954 
954 
926 928 
926 928 
949 

931 947 950 
946 
935 2726 
944 945 950 951 
949 2727 
946 949 
811 834 

940 
696 715 957 958 
696 715 958 
955 959 972 973 974 
955 956 
957 960 973 974 976 
959 

819 

979 981 
2743 2759 2760 3613 3630 
834 849 851 953 975 
849 851 968 982 
736 967 982 
970 
736 969 983 984 
973 974 976 984 986 988 989 
957 974 986 1869 1883 
957 959 971 976 986 1869 1872 
957 959 971 972 976 986 1853 1869 1872 
851 854 966 990 
959 971 973 974 

1872 
964 
993 
964 
736 967 968 
970 1000 
738 970 971 
988 989 1002 1003 1883 
971 972 973 974 988 989 1869 1883 
1005 
971 985 986 989 1002 
971 985 986 988 1002 

881 987 1011 

980 994 996 
993 998 
997 998 2777 
993 2755 2777 
995 2777 
994 995 
874 1013 
983 
1008 1018 
985 989 1004 1019 
1019 1902 
1002 1019 1902 1909 
987 991 1006 1007 
1005 1017 1021 
1005 1017 
1001 

1020 
881 882 885 991 1020 
1023 1025 1026 
769 999 
890 891 895 
1019 1913 1925 
771 1668 1913 
1006 1007 1018 1021 
1017 
1002 1003 1004 1015 1902 
881 901 1010 1011 1022 
1006 1017 
901 1020 2829 
1012 1026 2795 2811 
1039 
1012 
1012 1023 2812 

769 785 1029 
785 1028 

1032 1036 
1031 1036 

914 
1039 
1031 1032 
1038 2831 

1024 1035 
1041 1042 


1044 1045 1047 
1043 
1043 
1048 1050 
1043 1056 1057 
1046 1050 
1052 1161 
1046 1048 1052 
1060 
1049 1050 
1055 
1069 1071 1074 1075 1176 1190 
1053 1071 
129 133 146 154 155 1047 1059 
133 154 155 1047 1059 
1072 
133 154 155 1056 1057 

1062 1076 
1061 1076 

1079 
1069 1070 1184 
164 1082 1083 


1054 1065 1071 1074 1081 
1065 1080 1081 
1054 1055 1069 1074 1075 1190 
1058 
1083 
1054 1071 
1054 1071 1176 
1061 1062 
1078 1093 1094 1095 1098 
1077 1098 1099 1101 
1064 
1070 
1069 1070 1102 1103 
170 171 186 191 192 196 1066 
191 192 196 1066 1073 1087 

1089 1091 1102 1103 1106 
191 192 196 198 1330 
191 192 196 198 1083 1330 

1084 1085 
1092 1106 1318 
1085 1105 1106 1107 1347 1349 1463 
1090 1106 1318 
1077 1094 1095 
1077 1093 1098 
1077 1098 1110 


1077 1078 1094 1095 1110 
1078 1101 
1116 1213 1235 1236 1237 
1078 1099 
1081 1085 
1081 1085 1105 

1085 1091 1103 1107 
1085 1090 1091 1092 1347 1349 
1091 1105 1347 1349 
1110 1121 
1110 1121 
1095 1098 1108 1109 
1123 1125 
1114 1115 1116 1131 
1115 1116 1131 
1112 1115 1117 1120 1121 1128 1129 1131 1132 
1112 1113 1114 1131 
1100 1112 1113 
1113 1114 1128 1131 1132 
501 1345 1361 
1345 1361 
1114 1122 1128 1129 1130 1132 
1108 1109 1128 1129 
1120 1129 1130 
1111 1125 1144 1231 
1144 1231 1254 
1111 1123 1231 
220 1127 
1126 1129 1146 
1114 1117 1120 1121 1131 1132 
1114 1120 1121 1122 1127 1130 1132 
1120 1122 1129 1132 
1112 1113 1114 1115 1117 1128 
1114 1117 1120 1128 1129 1130 
1144 
1137 1138 1264 
1136 1145 
1135 1154 
1134 1241 1264 

668 669 1558 
1562 
1562 
1144 1254 1691 1692 
674 679 1563 
1124 1133 1142 1254 
1135 1147 1148 
1126 1127 
255 1145 1148 1566 
1145 1147 1152 1571 1573 
1150 1151 
1149 
1149 
1148 1390 1570 1573 
1138 1392 1393 1575 
1138 1391 


1159 1160 


1157 
1049 1050 1164 


1161 1165 
1162 1164 1167 1168 
1168 
1165 
1165 1166 
1174 
1178 1414 
1178 1414 
1415 
1179 1415 
1169 
1188 
1075 
1180 1194 1196 1197 
1170 1171 1198 
1173 1181 1430 
1177 1183 1200 1201 
1179 1200 1201 1447 
1419 
1180 1196 1200 1448 1450 
1065 
1190 1191 
1187 1191 
1186 
1175 

1054 1071 1185 1191 
1185 1186 1190 
1195 1197 1205 
1189 
1177 1197 
1192 1197 
1177 1183 
1177 1192 1195 1205 
1178 
1209 1210 
1180 1183 1447 1448 1450 
1181 1447 
1209 1210 1211 1447 


1192 1197 1208 

1208 1215 1217 1219 1221 
1205 1207 
1199 1202 1211 
1199 1202 
1202 1209 1464 1465 
1464 1467 1468 1479 
1100 1237 
1222 
1207 1217 1218 
1218 1219 1220 1239 
1207 1215 1219 1220 1221 
1215 1216 1220 1239 1243 
1207 1217 1221 1239 
1216 1217 1218 
1207 1217 1219 
1214 1240 
1224 1225 1228 
1214 1223 
1222 1223 1228 1240 
1229 
1229 1249 
1223 
1227 
1251 1252 1479 
1123 1124 1125 1235 1236 1237 1238 1254 
1233 
1232 

1100 1213 1231 1237 1238 
1100 1231 1238 1241 
1100 1213 1231 1235 1238 
1231 1235 1236 1237 
1216 1218 1219 1220 
1222 1225 
1137 1236 1264 
1244 1249 1265 
1218 1249 
1242 1249 1261 1262 
1246 1247 1248 1249 1501 
1245 1248 1249 1252 1265 1502 
1245 1249 1250 1252 1265 1266 1502 
1245 1246 
1227 1242 1243 1244 1245 1246 1247 
1247 1252 1266 1502 1517 
1230 1266 1502 
1230 1246 1247 1250 1502 1517 
1268 1269 1270 
1124 1142 1144 1231 1255 
1254 1259 

1258 1262 
1257 1262 1278 
1255 
1275 1277 
1244 1257 1262 1265 
1244 1257 1258 1261 1278 
1279 1281 1282 1514 1516 1531 1532 
1134 1137 1241 
1242 1246 1247 1248 1261 
1247 1250 1251 

1253 
1253 1267 1270 
1253 1269 


1271 1693 1694 1697 1698 1699 
1276 1277 1279 
1260 1277 1279 1280 1701 
1274 1279 1701 
1260 1274 1275 1279 1701 

1263 1274 1275 1276 1277 1281 1282 1531 1532 
1275 1282 1283 
1263 1279 1516 1532 
1263 1280 1516 1532 
1280 1284 
1283 1705 1708 
1289 

1292 1298 
1293 1299 1301 
1285 1299 1301 

1303 1309 

1288 

1296 
1295 3105 
411 430 432 433 434 1315 
1287 
1288 1289 1301 
1302 1306 
1288 1289 1299 
1300 1306 
1431 
1310 
1307 1308 1309 1324 
1300 1302 
1305 1309 1324 1327 
1305 1323 1324 1327 
1291 1305 1307 
1304 



1326 1327 3105 
430 433 434 451 1297 
433 1319 
1318 1321 
1090 1092 1317 
1316 1328 
451 457 465 1332 
1317 
1324 
1308 1324 1325 1336 1343 1344 
1305 1307 1308 1322 1323 1327 
1323 1327 1344 
1314 1344 1473 3236 
1307 1308 1314 1324 1325 1344 
465 1319 1330 1331 

1086 1087 1328 
1088 1328 
480 1320 

1339 1341 1343 1353 1354 1355 
1339 1341 1343 1354 1355 
1323 1344 1357 
1357 
1339 1340 1341 3132 
1334 1335 1338 1341 1353 1355 
1338 1360 3131 3132 
1334 1335 1338 1339 1355 
1360 3133 3144 
1323 1334 1335 
1323 1325 1326 1327 1336 3133 
1104 1118 
476 
1091 1106 1107 1349 1462 1463 1480 
1367 1480 
1091 1106 1107 1347 1463 
481 497 1351 1352 
1350 1353 1354 1355 1359 1369 
480 497 1350 1369 
1334 1339 1351 1355 1359 1370 
1334 1335 1351 1356 1365 1369 1370 
1334 1335 1339 1341 1351 1353 1359 
1354 1365 1370 1371 
1336 1337 1372 
3143 
1339 1351 1353 1355 1369 
1340 1342 3132 
224 489 501 1118 1119 
1363 
1362 
1366 1368 1369 1370 1371 1384 
1354 1356 1369 1370 
1364 1384 
1348 1480 1481 1503 1522 
497 1352 1364 1365 
1351 1352 1354 1359 1364 1365 1368 1375 
1353 1354 1356 1364 1365 1371 
1356 1364 1370 1384 1385 
1357 1376 
1387 1388 1521 1522 
497 1375 
1369 
1372 1388 3161 

501 
1382 1514 1515 
1393 1514 1515 
1383 1397 1398 1401 1402 
1379 1399 1515 1521 1522 1534 1535 
1381 1402 
1364 1366 1371 1386 
1371 1383 1386 
1384 1385 1403 
1373 1404 1521 1522 
1373 1376 1412 
1394 1395 1398 
1152 
1392 
1153 1391 1822 
1153 1380 
1389 1398 1400 
921 923 1389 1398 1816 
1398 1818 1824 
1381 
1381 1389 1394 1395 1396 1401 
1382 1404 1534 1535 
1407 
1381 1398 1406 
1381 1383 
1386 1404 1827 
1399 1403 
1553 
1401 1409 
1400 
1410 1411 1831 3188 
1406 3189 3599 
1408 1831 1833 3189 
1408 1412 1413 1830 1831 1832 1833 1835 3191 
1388 1411 1553 1835 
1411 1553 1830 1835 
1170 1171 
1172 1173 1417 1422 1430 
1418 1419 1422 
1415 1422 1423 1430 1434 1435 
1182 1416 1419 
1182 1416 1418 
1421 1431 
1420 1426 
1415 1416 1417 1430 1434 
1417 1424 1434 1435 1436 1438 
1423 1434 1436 1438 1439 

1421 1428 
1428 
1427 1442 1444 
3223 
1179 1415 1417 1422 1434 
1303 1420 
1451 1452 
1451 1452 
1417 1422 1423 1424 1430 1436 1438 1440 
1417 1423 1436 1437 
1423 1424 1434 1435 1438 1456 
1435 1449 1453 1456 1457 
1423 1424 1434 1436 1440 
1424 
1434 1438 1451 1452 
1459 
1428 
1445 3207 
1428 1442 
1443 1460 1461 

1181 1200 1201 1202 
1183 1200 1450 
1437 1453 1456 1466 
1183 1200 1448 1453 
1432 1433 1440 
1432 1433 1440 
1437 1449 1450 1456 1457 1466 
1456 1457 1458 1466 
1457 1458 
1436 1437 1449 1454 1466 
1437 1454 1455 1458 
1454 1455 1457 1461 
1441 3236 3238 
1445 
1445 1458 

1091 1347 1349 
1211 1212 1479 
1211 1484 
1449 1453 1454 1456 
1479 
1212 1479 
1471 
1471 1482 1484 
1469 1470 1484 

1326 3251 
1473 3251 3252 
1477 

1497 3268 3270 3271 

1212 1230 1464 1467 1468 1486 
1347 1348 1367 
1367 1500 1503 
1470 1488 
1489 
1465 1471 

1479 
1488 1505 
1482 1487 
1483 

1493 1494 1495 1508 1509 1510 
1494 1495 
1491 1495 1508 
1491 1492 1508 1509 1510 3285 
1491 1492 1493 3252 
1511 1513 3270 
1477 3268 3270 
1503 1504 1514 1515 
1501 1503 1504 
1481 1498 1503 1504 
1245 1499 
1246 1247 1250 1251 1252 1517 
1367 1481 1498 1499 1500 1515 1518 
1498 1499 1500 1514 1515 1518 
1487 1506 1509 1520 1522 
1505 1508 1509 
1523 1526 
1491 1493 1494 1506 
1491 1494 1505 1506 1510 1520 
1491 1494 1508 1509 3285 3286 
1496 1513 1527 1528 1530 
1526 1527 1528 1530 3285 3286 
1496 1511 1527 1528 1530 3289 
1263 1379 1380 1498 1504 
1379 1380 1382 1498 1503 
1263 1281 1282 1532 
1250 1252 1502 
1503 1504 1522 
1525 
1505 1506 
1373 1382 1387 
1367 1373 1382 1387 1505 1518 
1507 1526 1538 1543 1545 
1536 1537 1538 1539 1543 1544 1545 1547 
1519 1549 1550 1551 1552 
1507 1512 1523 1528 1543 
1511 1512 1513 1529 1530 3286 
1512 1513 1526 1530 3286 
1527 1556 3320 
1511 1512 1513 1528 3288 3289 
1263 1279 
1263 1279 1281 1282 
1540 1541 1948 
1399 
1382 1399 
1524 1538 1539 1540 1544 1545 1947 1951 
1524 1538 1539 1540 1544 1545 1947 1951 
1523 1524 1536 1537 1540 1544 1545 1547 1548 
1524 1536 1537 1544 1547 1548 
1533 1536 1537 1538 1544 1946 1947 1948 
1533 1949 
1533 1548 1949 
1523 1524 1526 1545 1547 1556 
1524 1536 1537 1538 1539 1540 1547 1951 
1523 1524 1536 1537 1538 1543 1555 1951 
1548 1551 1552 1556 1952 1953 
1524 1538 1539 1543 1544 1551 1552 
1538 1539 1542 1546 1549 1550 1551 
1525 1542 1548 1551 1552 1952 
1525 1552 
1525 1546 1547 1548 1549 1952 
1525 1546 1547 1548 1549 1550 
1412 1413 
1555 3192 3316 3317 
1545 1554 
1529 1543 1546 
3732 3733 
1139 1560 1561 
1560 1561 1563 
1558 1559 
1558 1559 
1140 1141 1560 1564 1578 
674 1143 1559 1577 
1562 1578 

674 678 1147 1580 
674 1577 1580 
1582 
1570 1573 1574 1587 1819 
1152 1572 1573 1574 1819 
1148 1574 
1570 1574 1818 1819 
1148 1152 1569 1570 1571 1819 
1569 1570 1571 1572 1818 1819 
1153 1822 

674 1563 1567 
1562 

1566 1567 1581 
1580 1587 
1568 
1584 1606 
1583 1603 
1817 1836 
1837 
1569 1581 1819 1837 
1589 1590 1610 1839 
1588 1610 1839 
1588 1610 1839 
1707 1954 1955 
1594 1596 1597 
701 719 1595 1596 1601 1611 1612 1613 
701 719 1592 1596 1597 1611 1613 
701 719 1593 1600 1601 1611 1613 
701 1592 1593 1594 1597 1611 1612 
1592 1594 1596 1612 1614 
1615 
1616 1617 
1595 1602 1604 1605 1622 
701 1593 1595 1602 1604 1605 1611 
1600 1601 1605 1622 
1584 1620 1624 
726 1600 1601 1622 1623 
1600 1601 1602 1622 1623 
1583 1619 
1837 

1610 1870 
1588 1589 1590 1609 1839 
701 719 1593 1594 1595 1596 1601 1613 
1593 1594 1596 1597 1614 1618 1630 
719 1593 1594 1595 1611 1614 1618 1630 1635 
1597 1612 1613 1618 1630 
1598 
1599 1617 
1599 1616 1620 
1612 1613 1630 1635 
1606 
1603 1617 
726 727 735 1623 
1600 1602 1604 1605 
726 1604 1621 
1603 



729 733 
1632 
1612 1613 1614 1631 1632 1633 1635 
1630 1633 

1630 1631 
1757 
1613 1618 
1637 
1636 
1655 1897 1898 
1647 1654 1655 1897 
1900 
1900 

1645 1646 

1643 1665 1762 
1643 
756 1639 1650 1651 1654 
1650 1651 1654 
1651 1669 1673 
1647 1654 
1647 1648 1649 1654 1673 

1657 
1639 1647 1648 1650 1651 1673 
1638 1639 1897 1898 
1669 1670 1673 1674 1898 1914 
1653 1674 
758 1660 
758 
758 1658 
1681 

1664 1682 
1683 1685 
1645 

767 1671 1672 1673 1687 
1016 
1656 1671 1673 
1656 1685 
1667 1669 1673 1685 1687 1688 1689 
1667 1687 1688 1689 1914 
1649 1651 1654 1656 1667 1669 1671 
1656 1657 1675 1916 
1674 1916 
1678 1679 1680 

1676 1679 1682 1683 
1676 1678 1684 
1676 
1661 
1663 
1663 1664 1678 
1679 
1670 1671 
1690 1814 
1667 1671 1672 1688 1689 
1671 1672 1687 1926 
1671 1672 1687 1926 
1686 1814 1917 1928 
1142 1695 
1142 
1273 1697 1699 
1272 1273 1696 1699 
1691 
1694 1698 1699 1704 
1693 1699 1706 
1273 1696 1703 1704 1706 
1273 1693 1694 1697 1704 
1702 1719 1721 
1275 1276 1277 
1700 1704 
1698 1705 1715 
1696 1698 1699 1702 
1284 1703 
1697 1698 
1591 1954 
1284 1724 1943 
1714 1726 
1726 



1709 
1703 1717 1718 1722 
1717 1718 1722 
1715 1716 1722 1730 
1715 1716 
1700 1721 1732 1733 
1700 1733 
1700 1732 1733 
1715 1716 1717 
1734 1738 1959 
1708 1725 1943 1960 
1724 1738 1960 
1709 1710 1727 1729 
1726 
1730 
1726 1731 1732 1733 
1717 1728 1747 
1729 1748 1750 
1719 1721 1729 1733 
1719 1720 1721 1729 1732 
1723 1749 1750 
1739 1740 
1739 1745 
1753 1992 
1723 
1735 1736 1756 
1736 

1743 
1742 1750 1751 1764 
1746 1747 
1736 1747 
1744 
1744 1745 
1731 1749 1750 1754 1765 1768 
1734 1748 1754 
1731 1734 1743 1748 1751 1764 
1743 1750 1764 1765 1769 
1767 1990 1991 1992 
1737 1754 1992 
1737 1748 1749 1753 1973 1992 
1996 
1739 1997 
1758 1759 1771 
1757 1771 
1757 1763 


1645 1646 1781 

1743 1750 1751 1765 1766 
1748 1751 1764 1768 1769 1782 
1764 1768 1769 1782 
1752 1768 2006 
1748 1765 1766 1782 
1751 1765 1766 


1773 
1772 1777 1778 
1789 1790 
1772 1791 
1783 1791 1792 1795 1796 
1773 1779 1789 1793 
1773 1779 1789 1793 
1777 1778 1789 1794 

1762 
1765 1766 1768 1783 
1776 1782 1785 1795 
1785 1798 
1783 1784 1795 
1804 
1788 
1786 1787 1804 
1774 1777 1778 1779 1793 1794 1811 
1774 1808 
1776 
1775 1776 
1777 1778 1789 1811 
1779 1789 1793 1797 1811 
1776 1783 1785 
1776 1798 
1813 
1784 1796 
1815 


1804 
1805 
1786 1802 
1803 
1811 

1790 


1789 1793 1794 1806 
1815 
1797 
1686 1690 
1799 1812 
920 921 922 923 1389 1395 
697 922 923 1585 1836 
1396 1572 1574 1823 1824 1838 
1569 1570 1572 1573 1574 1587 1838 
1822 1825 1844 1846 1847 1961 
1825 1944 1945 1954 1955 1961 
1392 1575 1820 
1818 1838 1842 1844 
1396 1818 
1820 1821 1845 1847 1945 1961 1962 

1403 1831 
1848 
1845 
1411 1413 1832 1833 1834 1835 3189 3601 
1408 1410 1411 1827 1833 
1411 1830 1834 3189 3601 
1410 1411 1830 1831 3189 
1830 1832 1850 3601 
1411 1412 1413 1830 1832 3192 3601 
697 923 1585 1817 
1586 1587 1607 
1818 1819 1823 1842 
1588 1589 1590 1610 1955 
1854 
1854 
1823 1838 
1854 1856 1861 
1820 1823 1846 1847 1848 
1825 1829 1847 1961 1962 1963 1967 1968 1969 1976 
1820 1844 1856 
1820 1825 1844 1845 
1844 
1850 1851 3615 3616 3631 3632 3633 3634 
1834 1849 
1849 3615 3616 
1609 1870 
974 1868 1869 1872 
1840 1841 1843 
1861 1870 1873 1874 
1843 1846 1873 1874 
1874 
1956 1976 
1861 1862 1863 1865 1866 
1862 1865 
1843 1855 1859 1863 1866 1873 
1859 1860 1865 1866 
1859 1861 1865 1866 
1867 1968 1969 
1859 1860 1862 1863 1866 3633 
1861 1862 1863 1865 
1864 1981 

972 973 1853 1883 
1609 1852 1855 
1991 1998 
973 974 978 1853 
1855 1856 1861 
1855 1856 1857 
1876 1877 1880 1894 1895 
1875 1878 1881 1882 1894 1895 
1875 
1876 1881 1882 
3666 
1875 1879 1895 
1876 1878 1882 1896 
1876 1878 1881 1896 
972 985 986 1869 
1898 1903 1904 
1887 1888 

1885 1889 1891 
1885 1891 
1887 1891 1893 
1893 1906 1998 2008 2009 2014 2024 
1887 1888 1906 1998 2008 
1896 2013 2014 2021 2026 
1889 1890 
1875 1876 
1875 1876 1880 
1881 1882 1892 2021 
1638 1639 1655 1884 1898 
1638 1655 1656 1884 1897 1900 

1640 1641 1898 1905 
1916 
1003 1004 1019 1903 
1884 1902 1905 
1884 1905 
1899 1900 1903 1904 1915 
1890 1891 2006 2008 2009 2024 
1909 1910 1920 

1004 1907 
1907 
2026 3687 
2021 2026 3686 3687 
1015 1016 1668 
1656 1672 1915 
1899 1905 1914 
1674 1675 1901 
1690 
1920 1921 1935 1936 
1935 1936 
1907 1918 1935 
1918 1922 1935 
1921 
2026 

1015 
1688 1689 1932 
1929 

1927 
1932 1933 
1937 
1926 1930 1933 
1930 1932 
1938 
1918 1919 1920 1921 
1918 1919 
1931 
1934 1941 

1942 3719 
1938 1939 2054 
1940 3719 
1533 1708 1724 1948 
1821 1946 1962 1963 
1821 1825 1961 1962 1963 
1540 1944 1947 1948 1957 1958 
1536 1537 1540 1946 1964 
1533 1540 1943 1946 
1541 1542 1966 
1970 
1536 1537 1544 1545 
1546 1549 1551 
1546 
1591 1707 1821 1956 
1591 1821 1839 
1858 1954 1961 1962 
1946 1959 
1946 1959 1964 1977 
1723 1957 1958 
1724 1725 1974 
1820 1821 1845 1945 1956 1963 1976 
1825 1845 1944 1945 1956 1967 1976 
1845 1944 1945 1961 1967 1970 
1946 1947 1958 1977 
1966 1978 
1949 
1845 1962 1963 1969 1970 1976 1979 
1845 1864 1976 
1829 1845 1864 1967 1976 
1950 1963 1967 

3732 3749 
1754 1992 1993 1994 1996 
1960 1978 
1977 1979 1993 
1845 1858 1961 1962 1967 1968 1969 1979 
1958 1964 1975 1978 1993 
1965 1974 1977 
1967 1975 1976 
2002 
1867 3636 3652 
1983 
1982 1985 3747 
1986 3760 3761 
1983 1986 
1984 1985 
1988 1989 3749 
1987 2005 3749 3762 3779 
1987 2004 2005 
1752 1992 1998 2008 2009 
1752 1871 1998 2006 2008 
1737 1752 1753 1754 1990 
1973 1975 1977 
1973 1990 1996 
1755 
1755 1973 1994 
1756 2007 
1871 1890 1891 1990 1991 2008 2009 

2002 2011 2012 
2018 
1980 2000 2011 2012 2020 
3760 3761 3776 3777 
1989 
1988 1989 3778 3779 
1906 1991 
1997 2011 
1890 1891 1906 1990 1991 1998 2006 
1906 1990 1998 2010 2014 
2009 2015 2016 2017 
2000 2002 2007 2020 
2000 2002 
1892 2015 2021 
1890 1892 2009 2015 
2010 2013 2014 2017 
2010 2019 2027 
2010 2015 2018 2019 
2001 2017 2032 
2016 2017 2032 
2000 2002 2011 2012 
1892 1896 1912 2013 2026 
2025 
2026 2034 
1889 1890 1906 
2022 
1892 1911 1912 1923 2021 2023 
2016 2036 2043 
2044 
2032 3808 
2045 3808 3809 
2044 3810 3825 
2018 2019 2029 
2036 2037 2038 
2023 2035 2036 2037 2038 2043 
2034 2037 2038 2039 2049 2056 
2027 2033 2034 2038 2043 
2033 2034 2035 2056 
2033 2034 2035 2036 2039 2042 2043 2056 
2035 2049 2051 2056 
2051 2052 2053 

2038 2055 2056 
2027 2034 2036 2038 
2028 2031 2041 
2030 

2048 2050 
2047 
2035 2039 2051 2056 2057 2058 
2047 2049 2057 2058 
2039 2040 2049 2052 2053 2057 
2040 2051 
2040 2051 2059 
1939 1941 
2042 
2035 2037 2038 2039 2042 2049 2057 2058 
2049 2050 2051 2056 
2049 2050 2056 
2053 
2061 
2060 
295 
295 2080 2081 
2069 

2068 2089 
2091 
2066 
2064 2065 
2074 2075 2077 2079 
2074 2076 
2076 

2070 2071 2076 2078 
2070 2078 2079 2325 
2071 2072 2074 
2070 2079 2091 2094 2213 2214 
2074 2075 2325 2340 
2070 2075 2077 2213 2214 2325 
294 2063 
2063 2082 2083 2085 2086 2087 
2081 2087 2089 2101 
2086 2087 
2099 
2081 2087 2097 2098 2099 
2081 2083 2087 2095 2097 2098 2099 
2081 2082 2083 2085 2086 

2066 2101 
2093 
2067 2077 2094 

2090 
2077 2091 2213 
2086 2099 2112 
2100 2101 2116 2220 2221 
2085 2086 2102 2104 
2085 2086 2104 
2084 2085 2086 2095 
2096 2117 
2082 2088 2089 2096 2116 


2090 2097 2098 2119 
2107 2108 2109 2110 
2108 2109 2110 
2105 2109 2110 2340 
2105 2106 2120 2122 2123 
2105 2106 2107 2110 
2105 2106 2107 2109 2233 
2095 2114 
2095 
336 338 
2111 2131 
2117 2132 
2096 2100 2101 
2100 2115 2132 
2119 2120 
2118 2123 
2108 2118 2121 2123 
2120 2124 
2108 2120 
2108 2120 
2121 2139 
2130 2150 
2131 2149 2150 2151 
2128 2152 
2127 2153 

2125 2126 2149 2150 
2114 2126 
2115 2117 
2135 2140 2160 
2155 
2129 2133 2155 
2137 2156 2157 2158 
2136 2142 2156 2158 
2144 2159 2260 2261 2277 
2144 2159 2260 2261 
2133 2141 2160 
2140 2143 2160 2384 2386 2400 2401 2402 
2137 2404 
2141 2386 
2139 2159 2261 2277 2282 
355 373 2147 2148 
355 373 2148 2150 
355 375 2145 2150 2162 
373 2145 2146 2150 
2126 2130 
2125 2126 2130 2146 2147 2148 
2126 2153 
359 376 2127 2153 2154 
359 2128 2151 2152 
2151 2152 2164 2166 
2134 2135 
2136 2137 2158 
2136 2158 2168 
2136 2137 2156 2157 
2138 2139 2144 2277 2278 
2133 2140 2141 2384 2400 2401 
2162 
375 389 2147 2161 

2154 2166 2289 
523 2176 2289 
379 2154 2164 2269 2289 

2157 
2181 2183 
2186 2187 
2172 

802 2583 
2583 

523 804 806 2165 2584 
2179 2582 
2582 
2177 
2174 2183 
2169 2184 2295 2308 2310 
2585 2586 
2169 2180 
2181 2310 2588 2715 
2188 
2167 2170 2188 
2167 2170 2185 
2185 2186 


427 2194 2203 3088 
2195 
2198 2203 2204 2209 2210 2211 2212 
2191 2203 2204 
2192 
2209 2212 
2209 
2193 2201 2202 2204 2209 2210 2211 2212 3092 3110 
2207 2214 2215 2451 2452 

2198 3092 
2198 
2191 2193 2194 2204 2205 
2193 2194 2198 2203 2209 2210 2212 3106 3110 3111 
2203 2225 2228 
2207 2235 
2199 2206 
2197 2230 2231 
2193 2196 2198 2204 2211 2212 
2193 2198 2204 3106 3110 3111 
2193 2198 2209 2219 2228 
2193 2196 2197 2198 2204 2209 
2077 2079 2094 
2077 2079 2199 2325 2341 2450 2451 
2199 2217 2218 2452 2454 2465 
2218 2219 2236 2237 2465 2477 2478 2479 
2215 2219 2454 2465 
2215 2216 2219 2454 
2211 2216 2217 2218 2236 2237 
459 460 461 2096 
2096 2222 

2226 
463 2238 2239 
2205 2229 3107 
2223 2241 2245 

2205 2211 2227 
2225 3120 3134 
2208 2231 2235 
2230 2237 
3111 3123 
2110 2248 
2248 2476 
2206 2230 2244 2251 
2216 2219 2231 2237 2478 2479 
2216 2219 2231 2232 2236 
2224 2240 2256 
463 2224 2240 
2238 2239 
2244 2245 2246 

2244 2245 2249 2261 2264 
2235 2241 2243 2246 2249 2251 
2226 2241 2243 2251 
2241 2244 2249 2251 

2233 2476 
2243 2244 2246 2251 2264 
2497 
2235 2244 2245 2246 2249 
2253 2500 
2252 2499 2500 3127 
487 2257 
2256 2258 2271 
2238 2255 
2254 
2255 2259 2271 
2258 2262 2281 
2138 2139 2278 2279 
2138 2139 2144 2243 
2276 2280 2281 
2276 3138 3146 
2243 2249 2283 
2268 2280 
2285 2515 2516 
2286 2517 3173 3392 
2265 2280 2286 2288 2517 3392 
359 377 379 380 2166 
380 
2255 2258 
2262 2274 2275 2276 2281 3146 
2275 
2272 2276 2281 
2273 
2262 2263 2272 2273 2274 2281 
2138 2144 2159 2282 
2138 2159 2260 2279 2294 
2260 2278 2298 
2262 2265 2268 2281 2286 2288 
2259 2262 2272 2274 2276 2280 
2144 2277 2284 
2264 2515 2533 2534 
2282 2298 2301 
2266 2287 2516 2517 2535 2536 
2267 2268 2280 2288 3166 3173 
2285 2302 2535 3182 
2268 2280 2286 2299 3166 3173 3180 
513 523 2164 2165 2166 
2292 
2307 
2290 
2295 2296 2303 2305 2308 
2278 2296 
2181 2293 2308 
2293 2294 
2298 2309 
2279 2284 2297 
2288 2319 3166 3180 3182 
2315 2319 3180 3182 
2284 
2287 2535 
2293 2305 2306 2712 
2712 
515 525 2293 2303 
515 523 524 525 526 2303 
2291 
2181 2293 2295 2310 2712 
2297 2312 2313 2314 
2181 2184 2308 2715 
2314 2318 2717 
2309 2314 2717 
2309 2315 2717 2718 2723 
2309 2311 2312 2318 
2300 2313 2319 2723 
2559 2560 
2319 2564 2723 
2311 2314 2965 
2299 2300 2315 2317 2562 3182 
2321 2322 2324 
2323 2324 2328 2329 
2320 2324 
2321 
2320 2321 2322 
2075 2078 2079 2214 2341 
2331 2332 
2331 
2321 2333 2346 
2321 2333 
2331 2335 
2326 2327 2330 2335 
2327 2333 2335 2336 
2328 2329 2332 2337 2346 
2346 2458 2470 
2330 2332 

2332 2333 


2078 2107 2345 
2214 2325 2349 2450 2463 
2344 2350 2354 

2342 2350 2354 
2340 2344 2351 2352 
2328 2329 2333 2334 2470 2471 

2360 
2341 2480 
2342 2344 2354 2368 
2345 2357 2369 2370 
2345 2364 2369 2370 

2342 2344 2350 2356 
2353 2356 
2354 2355 2357 2360 
2351 2356 2360 
2361 
2487 
2348 2357 
2358 2359 2381 
2367 2368 2385 2387 2388 
2367 2368 2387 2388 
2352 
2366 2369 

2362 2363 2387 2388 
2350 2362 2363 
2351 2352 2364 2365 
2351 2352 2373 2376 2390 
2501 
2501 
2370 2376 2389 2390 2519 
2375 2378 2379 
2374 2379 2394 
2370 2373 

2374 2396 2397 
2374 2375 2377 
2398 

2510 
2381 2509 2510 
2140 2141 2160 2400 
2362 2387 
2141 2143 2400 2402 2404 
2362 2363 2367 2385 
2362 2363 2367 
2373 2391 
2370 2373 2393 2394 
2389 2404 2408 2520 2538 
2396 2411 2417 
2390 2412 
2375 2390 2412 

2378 2392 2417 
2378 
2380 
2395 2421 
2141 2160 2384 2386 2402 
2141 2160 
2141 2386 
2408 2426 
2386 2391 2408 
2537 
2411 
2409 2411 
2391 2403 2404 2426 
2407 2428 
2413 2414 2415 2520 2537 2538 
2392 2406 2407 
2394 
2410 2415 2538 
2410 
2410 2413 2538 

2392 2396 
2416 2431 2432 

2422 

2420 2421 
2427 
2425 2428 2429 2433 2439 2440 
2424 2433 

2423 
2407 2409 2424 
2424 2439 2440 2441 
2443 2444 
2418 2432 2444 
2418 2431 2448 
2424 2425 
2425 2435 
2434 2840 
2442 2558 2559 2840 
2442 2558 2559 

2424 2429 2440 2844 
2424 2429 2439 2844 
2429 2442 2446 
2436 2437 2441 2558 2966 2967 
2430 
2430 2431 
2849 2857 
2441 2852 2853 2855 
2448 2857 
2432 2447 

2214 2341 2458 
2199 2214 2452 
2199 2215 2451 
2455 2456 2457 2465 
2215 2217 2218 2465 
2453 2465 
2453 
2453 
2334 2450 


2475 

2341 2464 2467 2480 
2463 2466 2467 2477 2479 2482 
2215 2216 2217 2218 2453 2454 2455 
2464 2472 2482 2488 2489 2490 
2463 2464 2482 
2485 2486 3356 

2334 2346 
2334 2346 2469 
2466 2488 2489 2490 

2460 2492 
2461 2496 3346 3347 
2234 2248 
2216 2464 2478 2479 
2216 2236 2477 2484 
2216 2236 2464 2477 
2349 2372 2463 
2487 
2464 2466 2467 
2498 2503 
2478 2485 2486 
2468 2484 2504 3356 3357 3358 
2468 2484 3356 3358 
2481 
2466 2472 2490 2491 
2466 2472 2491 2494 
2466 2472 2488 2494 
2488 2489 2492 2494 2505 
2474 2494 2505 2511 
2505 2511 
2489 2490 2491 2492 2505 

3346 
2250 2498 2503 
2483 2497 2503 
2253 3127 3369 
2252 2253 2516 2517 
2371 2372 2518 2519 
2522 
2483 2497 2498 2522 
2485 3356 
2491 2492 2493 2494 2512 
2512 2514 2525 2530 
2513 2514 2532 
2510 2511 
2383 
2382 2383 2508 
2492 2493 2508 
2505 2506 2525 2529 2530 2531 
2507 
2506 2507 2532 
2266 2283 2533 2534 
2265 2266 2285 2500 2517 2536 
2267 2285 2500 2516 2523 2536 3392 
2501 2520 2521 2522 
2373 2501 
2391 2410 2518 2537 2538 
2518 2526 2540 
2502 2503 
2517 3392 3395 
2526 2527 2528 2543 
2506 2512 2527 2528 2530 2531 
2521 2524 2528 2543 2544 
2524 2525 2531 
2524 2525 2526 
2508 2512 2530 
2506 2512 2525 2527 
2512 2525 2527 
2514 
2283 2515 2534 
2283 2515 2533 2540 
2285 2302 2536 
2285 2516 2517 2535 
2405 2410 2520 
2391 2410 2413 2415 2520 
2544 2550 
2521 2534 
2542 2545 
2541 2554 
2524 2526 
2526 2539 2550 2556 
2541 
2551 

2316 2561 
2562 2564 2571 
2539 2544 2566 2575 
2546 
2577 
2557 
2542 2552 
2580 2581 
2544 
2553 3454 3455 3456 
2436 2437 2442 2561 2565 2567 2967 
2316 2436 2437 2560 2561 2565 2967 
2316 2559 2965 
2548 2558 2559 2565 2568 2965 
2319 2549 2564 
2569 
2317 2549 2562 2571 
2558 2559 2561 2567 2568 2966 
2550 2568 2575 
2558 2565 2966 2967 
2561 2565 2566 2570 
2563 2571 2573 2576 2578 2969 
2568 2576 2969 
2549 2563 2564 2569 2573 
3445 3856 
2549 2569 2571 2578 3445 
2579 2581 
2550 2566 2579 
2569 2570 2968 2969 2970 
2552 2578 2968 2969 
2569 2573 2576 2577 2968 2969 
2574 2575 2581 
2555 2973 
2555 2574 2579 2973 2974 
2177 2178 
802 2173 2174 
801 803 804 805 806 824 825 2176 
2182 2586 2587 
2182 2585 
2585 2589 
2184 2714 2715 
2587 2606 

2586 2592 
2591 2593 2609 
2592 2609 
820 
840 2596 2598 2613 
2595 2598 2601 

2595 2596 2601 
2601 

2596 2598 2599 

2605 2622 
2605 2622 
2603 2604 2622 2627 
2608 
2623 2624 
2606 2623 2624 
2592 2593 2720 
2612 2613 2619 2631 
2613 2630 2631 
842 2610 
2595 2610 2611 
2616 2633 
2633 
2614 2724 2739 2744 
2621 
2619 2621 
2610 2618 2621 2639 
2623 2644 
2602 2617 2618 2619 2639 
2605 2640 
2607 2608 2620 
2607 2608 2641 
2626 2643 2644 2645 2646 2890 2891 
2625 2640 2643 2644 2645 2646 
2605 2629 2647 2771 2879 
2647 2771 2879 2995 
2627 2647 2648 2771 2772 2879 2995 
2611 
2610 2611 2634 2635 
2636 
855 2614 2615 
2631 2635 2638 2650 
2631 2634 2638 2650 
2632 
2640 
2634 2635 2650 2653 
2619 2621 2640 
2622 2626 2637 2639 2644 
2624 

2625 2626 2645 2646 2657 2659 2891 
2620 2625 2626 2640 2646 2891 
2625 2626 2643 2657 2659 2891 
2625 2626 2644 2879 
2627 2628 2629 2765 2771 2772 2879 
2629 2771 2772 2879 3028 3029 
2663 
2634 2635 2638 2653 

2668 
2638 2650 2651 2666 2668 2669 
2660 2673 2677 
2673 2783 2784 2798 
2651 2657 2659 2676 2905 
2643 2645 2656 2659 2891 2905 
2660 2676 
2643 2645 2656 2657 2905 
2654 2658 
2662 
2661 
884 2649 
883 884 
2670 2671 
2653 2668 2669 2681 
2668 2669 2681 2687 
2652 2653 2666 2667 
2653 2666 2667 2681 2682 2689 
2665 2673 2675 2677 2690 2691 
2665 2685 2689 2690 2691 
2677 2695 2821 
2654 2655 2670 2677 
2904 
2670 2690 2694 

2654 2670 2672 2673 
2699 
885 900 

2666 2667 2669 2682 2688 
2662 2669 2681 2688 2689 
2688 2689 2702 2705 2706 
2814 2819 
2671 2690 2691 
2687 2688 2705 2706 
2667 2686 2689 2694 
2681 2682 2683 2686 2705 2706 
2669 2671 2682 2687 
2670 2671 2675 2685 
2671 2685 

2708 
2675 2687 
2672 2711 2821 2822 2823 2949 
2698 2700 2702 2703 
2702 2703 
915 2696 2700 2702 2703 
916 2678 
2696 2698 2703 
917 2829 2830 
2683 2696 2697 2698 2703 
2696 2697 2700 2702 

2683 2686 2707 
2683 2686 2688 2707 
2705 2706 2709 

2707 2710 
2709 
2695 
2303 2304 2308 
2716 2717 2731 

2184 2310 2588 
2713 2718 2731 2732 
2311 2312 2313 2713 2718 
2313 2716 2717 2723 2731 
2840 
2609 
2965 

2313 2315 2317 2718 
2616 2730 2739 
2726 2730 2739 
935 948 2725 2730 
950 2728 2740 2741 2743 
2743 

2724 2725 2726 
2713 2716 2718 
2716 2745 2749 2750 
2736 2748 2752 
2732 
2738 3620 
2733 2752 
2752 2753 2998 2999 
2735 3620 3625 
2616 2724 2725 2744 
2727 2742 2743 2760 
2727 2743 2760 
2740 2756 2757 2760 2764 
965 2727 2728 2740 2741 3613 
2739 
2732 2750 
2747 2748 2765 2766 
2746 
2733 2746 2752 2753 2766 
2732 
2732 2745 2751 2768 2770 
2750 2768 2769 2770 
2733 2736 2737 2748 2753 
2748 2752 
2980 3642 3875 3876 
996 2756 2757 
2742 2755 2762 2764 2777 
2742 2755 2762 2763 2764 2777 
2782 3649 
965 3630 3649 
965 2740 2741 
2762 2763 2764 2766 2767 2781 
2756 2757 2761 2764 2767 2781 
2757 2761 
2742 2756 2757 2761 2762 
2647 2746 2771 
2746 2747 2748 2761 
2761 2762 2769 2781 
2750 2751 2769 2770 2776 2786 2787 2789 2790 
2751 2767 2768 2775 2776 2789 2790 
2750 2751 2768 2787 
2627 2628 2629 2647 2648 2765 2879 
2629 2647 2648 3028 3029 
2791 2793 

2776 
2768 2769 2774 2775 2789 
995 996 997 2755 2756 2757 



2761 2762 2767 
3671 
2655 2791 2798 2799 2800 
2655 2791 2798 2799 2800 
2800 2801 2802 2803 2805 
2768 2788 2789 2790 2806 
2768 2770 2788 2790 
2786 2787 2790 2806 3676 
2768 2769 2776 2786 3676 
2768 2769 2770 2786 2787 2788 3676 
2773 2784 2793 
2793 3028 3029 3030 
2773 2791 2794 3011 
2793 2807 2808 
1023 2811 2812 
2797 2798 2813 2815 
2796 2799 2800 2801 2803 2815 2820 
2655 2783 2784 2796 2800 2815 
2783 2784 2800 
2783 2784 2785 2798 2799 2802 2803 
2785 2797 2803 2804 2815 2820 
2785 2800 2804 2805 
2785 2797 2800 2801 2804 2815 2820 
2801 2802 2803 2826 2828 
2785 2786 2787 2802 2806 
2786 2788 
2794 2808 2825 2826 
2794 2807 2825 2826 
3689 3713 3940 
2811 2816 2832 
1023 2795 2810 2816 2832 
1026 2795 2818 
2796 2815 
2684 2819 
2796 2797 2798 2801 2803 2813 2819 2820 
2810 2832 

2812 3701 
2672 2684 2814 2815 2821 
2797 2801 2803 2815 2821 
2672 2695 2819 2820 2824 
2695 2824 3059 
2695 2837 
2821 2822 2837 3043 3059 
2807 2808 2828 3043 3060 
2804 2807 2808 2828 
2838 3061 
2804 2825 2826 3061 
917 1022 2701 2831 
2701 2831 
1037 2829 2830 
2810 2811 2816 2834 
2834 
2832 2833 



2827 3061 3078 3079 
2859 
2435 2436 2719 2720 2967 
2846 2860 2861 2862 
2845 2846 2860 2861 
2859 2863 
2439 2440 
2842 2847 2848 2849 2850 2857 
2841 2842 2850 
2845 2848 2850 2856 2857 2866 2867 2874 
2845 2847 2868 2874 
2445 2845 2857 
2846 2847 2848 2856 2857 
2853 2854 2855 2858 2871 2876 
2446 2854 2966 
2855 
2851 2852 2858 2871 
2446 2851 2852 
2847 2850 2875 
2444 2445 2447 2845 2847 2849 2850 
2851 2854 
2839 2843 
2841 2842 2862 
2841 2842 
2841 2860 2867 
2843 2868 2869 2880 
2861 
2966 2967 2976 

2847 2862 
2848 2863 2864 2869 
2863 2868 2871 2876 
2872 2876 
2851 2854 2869 2872 
2870 2871 2884 
2884 
2847 2848 2866 
2856 
2851 2858 2869 2870 
2646 2879 
2880 2896 
2627 2628 2629 2646 2647 2648 2771 2877 2995 
2863 2878 2896 
2882 2893 2895 
2881 
2897 2900 
2872 
2886 2887 2901 2902 
2885 3007 
2885 3007 
2893 
2896 2905 
2625 2645 2896 
2625 2643 2644 2645 2657 
2905 
2881 2888 
2906 2908 
2881 2897 2900 2911 
2878 2880 2889 2890 2897 
2883 2895 2896 2900 2911 


2883 2895 2897 2911 
2885 2903 2916 
2885 
2912 2913 2916 
2674 2907 
2656 2657 2659 2889 2892 
2894 2908 2910 2917 
2904 2917 
2894 2906 
3032 
2906 2920 2922 
2895 2897 2900 
2903 2914 2916 2926 2927 
2903 2916 2926 2927 
2912 2926 2927 
2922 2923 2929 2931 
2901 2903 2912 2913 
2906 2907 
2924 2938 

2910 
2924 2939 2940 
2910 2915 2925 2929 
2915 2925 2929 
2918 2921 2939 2940 2941 
2922 2923 2929 2932 
2912 2914 
2912 2913 2914 2942 2944 
2945 
2915 2922 2923 2925 2931 
2945 
2915 2929 
2925 2946 2947 
2947 


2937 2949 
2949 
2918 2941 2944 
2921 2924 
2921 2924 2941 
2924 2938 2940 
2927 2944 3068 
3068 3069 
2927 2938 2942 
2928 2930 
2932 2947 2963 
2932 2933 2946 

2695 2936 2937 
2955 
2953 2954 
2954 
2951 
2951 2952 2961 
2950 2961 
2961 


2960 
2959 
2954 2955 2956 

2946 
3071 
2318 2560 2561 2721 
2442 2565 2567 2852 2853 2865 
2558 2559 2567 2840 2865 
2576 2577 2578 2970 
2569 2570 2576 2577 2578 
2576 2968 2972 2989 

2970 2974 2975 2989 
2580 2581 
2581 2972 
2972 2973 
2865 2977 2978 2997 3001 
2976 2997 2998 2999 
2976 2997 2998 2999 3001 
2982 2983 2984 
2754 3875 3876 
2990 3002 3003 
2979 2984 
2979 2990 2991 
2979 2982 
2986 3002 3003 
2985 2987 2989 2990 2994 3002 3003 
2986 2989 2990 2991 2993 2994 3002 3003 3004 3005 3008 
2990 2991 2993 2994 3004 3005 3008 
2970 2972 2986 2987 2994 
2981 2983 2986 2987 2988 2994 3002 3003 3004 
2987 2988 2994 3002 3003 3004 3005 

2987 2988 3008 
2986 2988 2989 2990 2991 3002 3003 3004 3008 
2628 2629 2879 2997 3001 3009 
3001 3009 
2976 2977 2978 2995 3001 
2737 2977 2978 
2737 2977 2978 

2976 2978 2995 2996 2997 
2981 2985 2986 2987 2990 2991 2994 3004 
2981 2985 2986 2987 2990 2991 2994 3004 
2987 2988 2990 2991 2994 3002 3003 3016 
2987 2988 2991 3008 3016 
3025 
2886 2887 
2987 2988 2993 2994 3005 
2995 2996 3010 3014 
3009 3014 
2793 

3017 3900 3905 
3009 3010 3019 
3016 3019 
3004 3005 3015 3020 3021 
3013 3900 

3014 3015 
3016 3021 3027 3036 
3016 3020 
3023 3039 
3022 3025 3026 3039 3040 3041 
3026 3027 3040 
3023 
3023 3024 3027 3039 3040 
3020 3024 3026 
2648 2772 2792 3030 
2648 2772 2792 
2792 

2909 3034 3035 
3038 
3032 3035 3041 3051 3052 3053 
3032 3034 3052 
3020 3040 3042 
3057 3058 3929 
3033 3055 3057 3058 3929 
3022 3023 3026 3041 
3023 3024 3026 3036 3042 
3023 3034 3039 3042 3051 3052 
3036 3040 3041 3051 3052 3054 3055 
2824 2825 3047 3060 
3047 3048 3064 
3050 3940 
3050 3062 
3043 3048 3064 
3044 3047 

3045 3046 
3034 3041 3042 3053 3054 
3034 3035 3041 3042 3054 
3034 3051 3072 
3051 3052 3055 
3038 3042 3054 3058 
3074 
3037 3038 3929 
3037 3038 3055 3929 
2822 2824 
2825 3043 3062 3064 3065 3067 
2827 2828 2838 3078 3079 
3046 3060 3065 3067 

3044 3047 3060 
3060 3062 3067 

3060 3062 3065 
2942 2943 
2943 

2964 3072 3087 
3053 

3056 



2838 3061 3079 
2838 3061 3078 


3067 3083 
3081 3082 3086 
3086 

3083 3084 

427 2191 
3102 
3091 3205 3206 
3090 3206 
2198 2201 3094 3095 3110 
3095 3096 3110 
3092 3095 3096 3110 
3092 3093 3094 3097 3100 
3093 3094 3097 
3095 3096 3100 

3101 3116 3117 3212 3218 
3095 3097 3114 
3099 
3089 3104 3108 
3118 
3102 3108 3109 
1296 1314 
2204 2210 3110 3111 
2225 
3102 3104 
3104 
2198 2204 2210 3092 3093 3094 3106 
2204 2210 2232 3106 3120 
3114 3124 
3340 
3100 3112 
3100 
3099 3218 3344 
3099 3344 
3103 3130 3131 
3129 3130 3131 3132 
2229 3111 
3136 
3128 
2232 
3112 
3137 3141 3243 
3136 3137 3139 3140 3141 
2253 2499 3369 
3122 
3119 3130 3132 3135 3147 
3118 3119 3129 3132 3135 
1340 3118 3119 
1338 1340 1360 3119 3129 3130 3147 
1342 1344 
2229 3147 
3129 3132 3147 
3121 3126 3139 
3125 3126 3141 3239 3243 
2247 2263 
3126 3136 3141 
3126 3141 3150 3152 3155 
3125 3126 3137 3139 3140 
3369 3371 
1358 3146 
1342 3145 
3144 3265 
2263 2272 3134 3143 
3129 3132 3134 3135 


3140 3153 3154 3170 
3152 3155 3156 3168 
3140 3151 3155 
3150 3154 3170 
3150 3153 3169 3170 
3140 3151 3152 
3151 3157 3168 3175 3413 
3156 3174 

3161 
3161 
1376 3159 3160 

3164 3167 
3159 3163 3167 3169 

2286 2288 2299 3173 3180 
3163 3164 
3151 3156 3167 3169 
3154 3164 3168 3171 3172 3294 
3150 3153 3154 3275 
3169 3174 3175 3275 3294 
3168 3174 3175 3183 3186 3294 
2267 2286 2288 3166 3180 
3157 3171 3172 3275 
3156 3157 3171 3172 3275 
3198 
3179 3197 
3181 3197 
3177 3197 
2288 2299 2300 3166 3173 3182 
3178 3183 
2287 2299 2300 2319 3180 
3172 3181 3185 3187 3204 
3203 3204 
3183 3203 3204 3412 3429 
3172 3540 
3183 3204 
1408 3190 
1409 1410 1830 1832 1833 3190 3191 
3189 3197 
1411 3188 3189 3197 
1554 1835 3317 
3195 3198 3199 3201 
3195 
3193 3194 3199 3200 
3199 3200 
3178 3179 3190 3191 
3193 3199 
3193 3195 3196 3201 
3195 3196 
3193 3199 3202 
3201 3608 
3184 3185 
3183 3184 3185 3187 
3090 
3090 3091 
1443 3222 
1429 3223 
3212 3224 3225 

3216 3217 3226 3228 
3099 3209 3218 3224 
3220 
3215 
3214 3217 
3228 3235 
3210 3211 3215 
3099 3116 3212 
3220 3462 
3213 3219 

3207 3227 
1429 3208 
3209 3212 3229 
3209 3229 3230 
3211 3228 3232 
3222 3228 3232 
3211 3216 3226 3227 
3224 3225 3230 
3225 3229 3242 
3233 3245 3248 
3227 
3231 3245 3248 
3246 3247 3249 
3216 
1326 1459 3251 3253 
3251 3252 3253 
1459 
3137 3242 3243 


3230 3239 3244 3255 3257 
3137 3239 
3230 3242 3256 3262 
3231 3233 3247 3248 3249 
3234 3262 
3234 3245 3248 3249 
3231 3233 3245 3247 
3234 3245 3247 3256 3262 
3259 3263 3264 
1473 1474 3236 3237 3253 
1474 1495 3237 
3236 3237 3251 3255 

3242 3253 3257 
3244 3249 3262 
3242 3255 
3263 3276 
3250 3263 
3262 3273 3279 3280 
3283 
3244 3246 3249 3256 3260 
3250 3258 
3250 3259 
1490 3145 
3267 3272 3285 
3266 3269 3270 3272 
1477 1497 3270 3271 3287 3289 
3271 3287 3289 
1477 1496 1497 3267 3268 
1477 3268 3269 
3266 3267 
3260 3275 3280 

3170 3171 3174 3175 3273 3280 
3258 3281 3296 3299 
3281 3282 3296 
3284 3296 3298 
3260 
3260 3273 3275 
3276 3277 3282 3283 3299 3541 
3276 3277 3281 3299 
3261 3281 3541 
3278 3524 
1494 1510 1512 3286 
1510 1512 1527 1528 3285 3301 
3268 3269 3289 
1527 1530 
1513 1530 3268 3269 3287 
3292 3295 3307 
3297 3298 3303 
3290 3294 3295 3307 3309 3311 3312 
3309 
3169 3171 3172 3292 
3274 3290 3292 
3276 3277 3278 3298 3299 
3291 3303 3310 
3278 3291 3296 
3276 3281 3282 3296 3315 
3302 3304 3305 3306 3319 3323 
3286 3304 
3300 3304 3305 3306 3310 3322 3323 3326 
3291 3305 3310 
3300 3301 3302 3306 
3300 3302 3303 3306 3310 3323 3326 
3300 3302 3305 3324 
3290 3292 3311 3312 
3311 3312 3314 3315 
3292 3293 3307 3311 3312 
3297 3302 3303 3305 3323 3326 3327 
3292 3307 3308 3309 3313 3314 3315 3559 
3292 3307 3308 3309 3314 3315 
3311 3314 3315 3540 3558 3559 
3308 3311 3312 3313 3582 
3299 3308 3311 3312 3313 
1554 3318 3321 
1554 3192 3321 
3316 
3300 3323 
1529 
3316 3317 
3302 3323 3326 
3300 3302 3305 3310 3319 3322 3326 
3305 3306 
3732 3733 3737 3738 
3302 3305 3310 3322 3323 
3310 3328 3333 3743 3746 
3327 3333 
3331 

3329 3579 3980 
3746 
3328 3746 
3340 





3113 3334 3341 
3334 3339 3340 
3345 
3341 
3116 3117 3353 3492 
3342 
2475 2496 3362 3366 
2475 
3351 3365 3367 3368 


3348 3367 
3371 
3344 3355 3492 
3373 3374 3375 3379 
3353 3374 3375 3379 3492 
2468 2485 2486 2504 3358 3362 
2485 
2485 2486 3356 3362 
3361 3364 3377 3378 
3363 
3359 3364 3378 3379 3386 
3346 3356 
3360 3366 3368 3383 
3359 3361 3368 3378 3384 3386 
3348 3367 3386 3391 3515 
3363 
3348 3351 3365 
3348 3363 3364 3384 3387 
2499 3127 3142 
3372 3373 3374 3375 3380 3394 
3142 3352 
3370 3375 
3354 3370 3374 3375 3380 
3354 3355 3370 3373 3379 3380 
3354 3355 3370 3372 3373 3380 
3381 
3359 3378 3381 3383 3396 
3359 3361 3364 3377 3383 3384 3386 
3354 3355 3361 3374 3386 
3370 3373 3374 3375 3398 
3376 3377 3382 3396 
3381 3396 3401 3403 
3363 3377 3378 3384 3387 3388 3401 
3364 3368 3378 3383 3386 3388 
3517 
3361 3364 3365 3378 3379 3384 3515 
3368 3383 3389 
3383 3384 3387 3407 3408 
3387 3408 

3365 3515 3517 
2267 2268 2517 2523 
3397 
3370 3399 3412 3413 3416 3419 
2523 
3377 3381 3382 3401 
3393 
3380 
3417 3419 3420 3421 
3395 
3382 3383 3396 3403 
3404 3405 
3382 3401 3404 3405 
3402 3403 3408 
3402 3403 3408 
3424 
3388 3424 
3388 3389 3404 3405 3406 
3411 3413 
3413 3429 

3185 3394 3416 
3156 3394 3409 3410 
3416 3417 3419 3421 3439 3540 3545 
3417 3419 3421 3439 3540 3545 3546 
3394 3412 3414 3418 3419 
3399 3414 3415 3418 3419 3421 3439 
3416 3417 3419 3429 3439 
3394 3399 3414 3415 3416 3417 3418 3421 
3399 
3399 3414 3415 3417 3419 3546 
3400 

3406 3407 3426 

3424 3444 


3185 3410 3418 3447 
3185 3437 3439 
3432 3433 3440 3445 
3431 3440 3441 
3431 3435 3440 3441 
3436 3441 3442 3443 
3433 3441 3442 3447 
3434 3437 3438 3439 3442 
3430 3436 3439 
3436 
3414 3415 3417 3418 3430 3436 3437 
3431 3432 3433 3450 
3432 3433 3434 3435 3447 3450 
3434 3435 3436 3444 
3434 3444 
3426 3442 3443 3453 
2572 2573 3431 
3855 3856 
3429 3435 
3579 
3860 
3440 3441 
3453 
3862 
3444 3451 
2557 3456 
2557 
2557 3454 3868 
3459 3870 3871 3872 
3869 3870 3871 3872 
3457 
3466 3467 
3460 
3219 3468 3471 3480 
3482 3483 
3482 3483 
3467 
3460 3469 3470 
3465 3470 
3462 3471 3480 
3466 3471 3472 3473 
3466 3467 
3462 3468 3469 3473 3482 3484 
3469 3474 3484 
3469 3471 
3482 3484 
3482 3483 
3477 
3476 

3478 
3462 3468 3493 
3493 
3463 3464 3471 3474 3475 3483 3484 
3463 3464 3475 3482 3484 
3471 3472 3474 3475 3482 3483 
3486 3488 
3485 3488 
3491 
3485 3486 3501 3506 
3490 
3489 3511 
3487 
3344 3353 3355 3497 3498 
3480 3481 
3495 3496 3500 3513 
3494 3500 3513 
3494 3500 3513 
3492 
3492 3512 
3503 
3494 3495 3496 3513 
3488 3502 
3501 3505 3512 3518 
3499 3505 3506 
3506 3518 
3502 3503 3512 3518 
3488 3503 3504 3507 3511 
3506 3509 3523 

3507 
3523 
3490 3506 
3498 3502 3505 
3494 3495 3496 3500 
3520 3521 3530 3532 
3365 3386 3391 3517 
3518 3525 3534 3536 
3385 3391 3515 
3502 3504 3505 3516 3536 

3514 
3532 
3538 
3507 3510 
3284 3543 3544 
3516 
3547 
3531 
3531 
3514 3531 3532 3544 
3514 3532 3543 3544 
3527 3528 3529 
3514 3521 3529 
3534 3535 
3516 3533 3536 3537 3550 
3533 3550 3551 3556 
3516 3518 3534 
3534 
3522 

3186 3313 3414 3415 3558 3559 
3283 
3543 3560 
3524 3530 3542 
3524 3529 3530 
3414 3415 3547 
3415 3421 3547 
3526 3545 3546 3550 
3549 3553 3563 3564 3570 
3548 3553 3565 3570 
3533 3534 3535 3547 3552 
3535 3556 3563 3570 
3550 3555 3556 
3548 3549 3557 3565 3570 3573 
3539 3557 
3552 3575 
3535 3551 
3553 3554 3578 
3313 3540 3559 3562 
3311 3313 3540 3558 
3542 3561 
3560 
3558 3568 
3548 3551 3570 
3570 
3549 3553 3570 3571 3573 
3568 3576 
3575 
3562 3566 3587 
3572 3573 3574 3577 3590 
3548 3549 3551 3553 3563 3564 3565 3573 
3565 3573 3574 3592 
3569 3574 3592 
3553 3565 3569 3570 3571 
3569 3571 3572 
3555 3567 
3566 3593 3594 3596 
3569 3594 3596 
3557 
3331 3448 3979 3980 
3582 3583 3584 
3582 3583 3584 
3314 3580 3581 3584 
3580 3585 
3580 3581 3582 
3583 
3588 3589 3984 3987 
3568 3589 3590 
3586 3590 3987 
3586 3587 3590 3987 
3569 3587 3588 3589 3591 3592 
3590 3989 
3571 3572 3590 3989 
3576 3594 3595 3596 
3576 3577 3593 3596 3990 
3593 
3576 3577 3593 3594 

3612 
1409 3600 
3189 3599 3615 
1830 1832 1834 1835 
3729 
3606 

3621 
3603 
3610 3611 3739 
3202 3605 3620 3625 
3626 3627 3853 
3607 
3607 3624 
3614 
965 2743 3630 
3598 3612 
1849 1851 3600 3616 3617 3634 
1849 1851 3615 3618 3634 
1851 3615 3618 3634 3635 
3616 3617 3619 3635 3637 
3618 3635 3639 3750 
2735 2738 3608 3625 
3605 

3639 
3611 3628 3754 
2738 3608 3620 3877 
3609 3646 3647 
3609 
3611 3624 3646 

965 2759 3613 3649 
1849 3634 3650 
1849 3634 3650 
1849 1865 3631 3634 
1849 3615 3616 3617 3631 3632 3633 
3618 3619 3637 3639 
1981 3652 
3618 3635 3652 3655 
3653 
3619 3623 3635 3640 3765 
3639 3765 
3660 3665 3765 
2754 3644 3661 3662 
3645 3647 3663 3901 
3642 3661 3662 
3661 3662 3663 3901 3902 
3626 3628 3648 
3626 3643 
3646 3904 
2758 2759 3630 
3631 3632 
3668 3675 
1981 3636 
3638 
3653 3655 
3637 3654 

3658 3673 3676 
3657 3661 
3653 
3641 3677 
3642 3644 3645 3658 
3642 3644 3645 3658 
3643 3645 3680 3920 
3904 3922 3923 
3641 3679 3770 
1879 3672 
3668 3682 3684 
3651 3667 3675 
3670 3685 
3669 3674 3687 3794 
2782 3673 3676 
3666 
3657 3671 

3651 3654 
2788 2789 2790 3657 3671 3673 3689 
3660 3679 
3694 
3665 
3663 3695 3920 
3695 
3667 3684 3701 
3684 3701 
3667 3668 3682 3683 3688 
3669 
1911 1912 
1911 1912 3670 3794 3807 
3684 3702 3704 
2809 3676 3691 
3708 3709 3710 
3689 3695 3708 

3696 3699 
3678 3699 3700 
3680 3681 3691 3939 
3693 3698 3699 3700 3716 
3716 3946 
3696 3716 3946 
3693 3694 3696 
3693 3694 3696 
2818 3682 3683 3702 
3688 3701 

3688 3702 3720 
3710 
3710 3722 3723 

3690 3691 3711 
3690 3710 3722 
3690 3705 3706 3709 3722 
3708 3727 
3726 
2809 3940 
3716 3953 3970 
3836 3837 
3696 3697 3698 3714 3953 



3704 
3722 
3706 3709 3710 3721 3723 
3706 3722 3725 

3723 
3712 
3711 

3602 
3747 
3747 
1557 1972 3325 3737 
1557 3325 3737 
3739 
3736 3737 3753 
3735 3738 3753 
3325 3732 3733 3735 
3325 3736 
3607 3734 
3742 3751 3755 3756 
3742 3744 3751 3755 
3740 3741 
3327 
3741 3755 3758 
3997 
3327 3332 3333 
1983 3730 3731 

1972 1987 1988 3762 
3619 3751 3752 3756 3763 3765 
3740 3741 3750 3756 3763 
3750 3756 3763 
3735 3736 
3624 3765 3771 
3740 3744 3758 3759 
3740 3750 3751 3752 3763 
3759 3770 3771 3772 4010 
3744 3755 3982 
3755 3757 3771 3772 
1984 2003 3776 3777 
1984 2003 
1988 3749 3779 
3750 3751 3752 3756 3764 
3763 3780 3781 3782 3784 
3639 3640 3641 3750 3754 3771 
3768 3774 
3774 
3766 3792 
3775 
3665 3757 4010 
3754 3757 3759 3765 
3757 3759 
4011 
3766 3775 4012 
3768 3769 3774 
2003 3760 
2003 
2005 3783 3795 
1988 2005 3762 3778 3783 3786 
3764 3782 3784 3788 
3764 3783 3784 3788 3797 
3780 3784 
3778 3779 3781 3785 3786 3795 3800 
3764 3780 3781 3782 3788 
3783 3798 3799 3800 
3779 3783 3795 3796 3800 
3788 3790 3791 3792 
3780 3781 3784 3787 3801 3802 
3804 4024 4027 
3787 3792 3793 3802 3806 
3767 3787 
3768 3790 
3790 
3670 3687 
3778 3783 3786 
3786 3811 3812 
3781 3816 
3785 3800 
3785 
3783 3785 3786 3798 
3788 3802 
3788 3801 3803 3805 
3802 
3789 3805 3806 
3802 3804 4056 
3790 3804 
3687 3814 3821 3822 
2029 2030 
2030 3808 3815 3816 
2031 3825 
3796 3817 3818 
3796 
3815 
3807 
3809 3813 
3797 3809 
3811 
3811 3826 3831 


3807 3843 
3807 
3829 3843 
2060 
2031 3810 
3818 3831 
3832 3834 3843 3845 
3832 3834 3843 
3823 3830 
3829 3847 
3818 3826 
3827 3828 3834 3837 
3838 3839 
3827 3832 3845 

3715 
3715 3832 
3833 
3833 4075 



3821 3823 3827 3828 
3847 
3827 3834 
3849 
3830 3844 3848 
3847 
3846 
4075 4085 



3610 
3446 
3446 
3858 3861 3879 3880 
3857 3861 3880 3884 
3861 3863 3864 3865 3866 3880 
3449 3864 3865 3866 
3857 3858 3859 3880 
3451 3452 3864 3865 3866 
3859 3865 3866 3874 3882 
3859 3860 3862 3866 3882 
3859 3860 3862 3863 
3860 3862 3863 3864 3882 
3869 
3870 3871 
3458 3871 3872 
3868 3872 
3457 3458 3868 3869 3873 
3457 3458 3868 3869 3870 
3871 3884 3885 3886 
3863 4006 4007 
2754 2980 
2754 2980 
3625 
3979 3980 
3857 3890 
3857 3858 3859 3861 3886 3892 3893 
3885 3886 3892 3893 3897 3898 
3863 3864 3866 3894 4021 
3896 
3858 3873 
3873 3881 3893 3897 
3873 3880 3881 

3905 
3890 3893 
3879 3889 
3896 3910 
3880 3881 3889 3890 
3880 3881 3885 3889 3898 
3882 3899 3916 4021 
3881 3898 3899 3916 
3883 3891 
3881 3885 
3881 3893 3895 3899 3916 
3894 3898 3916 
3013 3017 3905 3919 
3643 3645 3905 3919 3920 3921 
3643 3645 3905 3920 3921 
3906 3927 
3648 3664 3922 3923 
3013 3887 3888 3900 3901 3902 
3903 3927 
3903 3927 
3915 

3891 
3930 3933 
3930 


3908 3931 
3894 3895 3898 3899 3918 
3936 
3916 3938 4034 
3900 3901 
3663 3680 3901 3902 
3901 3902 3903 3925 3926 
3664 3904 3924 3927 3928 
3664 3904 
3922 3927 3928 3948 
3921 
3921 3942 3947 
3903 3906 3907 3922 3924 3928 3948 
3922 3924 
3037 3038 3057 
3911 
3915 
4042 4049 4050 
3911 

3937 3950 
3917 3938 
3935 
3918 3936 
3695 3941 3942 
2809 3045 3713 
3939 3942 
3926 3939 3941 
3941 3944 3945 3947 3952 
3947 3948 3953 3957 
3943 3947 3952 3953 
3697 3698 
3926 3943 3944 3945 3948 
3924 3927 3928 3947 

3935 3965 3966 
3966 3967 4083 4084 
3943 3945 3953 
3714 3716 3944 3945 3952 3957 
3971 
3956 3959 3973 3974 3977 
3955 3960 3974 
3944 3953 

3955 
3956 3961 3962 
3960 3966 3967 


3966 

3950 3951 3961 3964 3965 
3951 3961 3962 4083 

3970 3973 3974 
3714 3969 
3954 3972 
3969 3971 3974 
3955 3969 3974 
3955 3956 3969 3972 3973 3977 


3955 3974 3976 

3579 3878 3981 3984 
3331 3579 3878 3982 
3979 3984 3993 
3758 3980 
3995 3996 
3586 3979 3981 3987 
3986 3988 3989 3999 4000 4001 
3985 3989 4000 
3586 3588 3589 3984 
3591 3985 3989 
3591 3592 3985 3986 3988 
3594 
4006 
4009 
3981 3995 3996 
3996 3998 4011 
3983 3993 3996 
3983 3993 3994 3995 3999 
3745 
3994 4002 4003 4004 
3985 4001 
3985 3986 
3985 3999 4016 
3998 4004 4019 
3998 
4002 
4021 
3874 3991 
3874 3991 
4009 
3992 
3757 3770 
3773 3994 4014 4028 4031 
3774 

4011 4015 4024 4027 4028 4030 
4014 4019 4030 4031 4035 
4001 4018 
4019 4031 
4013 4016 
4002 4015 4017 4031 
4021 4022 4035 
3882 4005 4020 
4020 4035 4037 

3789 4014 4026 4027 4028 4030 4046 

3789 4024 4027 4028 
3789 4014 4024 4026 4030 
4011 4014 4024 4026 4030 

4014 4015 4024 4027 4028 
4011 4015 4017 4019 


3918 4036 4037 4038 
4015 4020 4037 
3918 4034 
4022 4034 
4034 4039 4052 
4038 4052 4054 

4045 
3932 4044 4045 4048 4049 4060 
4045 4046 4060 
4042 4046 4049 4060 
4041 4042 4043 4048 4060 
4024 4025 4043 4044 
4051 
4042 4045 4050 4060 
4042 4044 4060 
3932 4034 4048 
4047 
4038 4039 4054 4055 4066 4067 4070 4073 4074 
4055 4069 4070 4071 4072 4074 
4039 4052 4072 
4052 4053 4066 4067 4068 4069 4070 4071 4072 4073 4074 
3805 4058 4059 
4059 4076 4078 4080 
4056 4061 4078 
4056 4057 4061 4062 4078 
4042 4043 4045 4048 4049 
4058 4059 4078 
4059 
4081 

4083 4084 
4052 4055 4068 4069 4070 4071 4072 4073 4074 
4052 4055 4068 4069 4070 4071 4072 4073 4074 
4055 4066 4067 4071 4072 4073 4074 
4053 4055 4066 4067 4071 4072 4073 4074 
4052 4053 4055 4066 4067 4073 4074 
4053 4055 4066 4067 4068 4069 4073 4074 
4053 4054 4055 4066 4067 4068 4069 4074 
4052 4055 4066 4067 4068 4069 4070 4071 
4052 4053 4055 4067 4068 4069 4070 4071 4072 
3839 3850 4086 
4057 4078 4079 4080 4081 
4086 4087 
4057 4058 4059 4061 4076 
4076 4086 4088 
4057 4076 4081 
4063 4076 4080 
4065 4091 4094 
3951 3967 4065 4094 
3951 3967 4065 4094 
3850 
4075 4077 4079 
4077 4091 
4079 

4094 
4082 4087 4093 4094 4095 

4091 
4082 4083 4084 4090 4091 4095 
4091 4094 

