4096 12946 0
3 5 9 10 

1 4 5 6 9 10 28 30 32 34 
3 6 10 32 34 
1 3 28 32 34 
3 4 32 34 
12 
12 
1 3 10 
1 3 4 9 

7 8 

17 22 25 45 
17 22 

14 15 22 
19 25 38 40 41 42 
18 40 

23 
14 15 17 287 
21 
26 43 44 45 271 272 289 
14 18 26 43 44 45 
24 25 43 44 290 
29 30 31 37 47 
3 5 30 34 47 
27 31 37 47 
3 27 28 36 37 
27 29 32 34 37 47 
3 4 5 6 31 34 
48 
3 4 5 6 28 31 32 
48 56 57 
30 50 52 
27 29 30 31 52 
18 40 42 57 
53 55 59 61 62 
18 19 38 42 
18 
18 38 40 
24 25 26 45 68 289 
24 25 26 68 289 
14 24 25 43 68 
68 290 
27 28 29 31 
33 35 
71 173 
36 52 53 72 
72 
36 37 50 54 
39 50 62 
52 55 
39 54 57 59 61 62 
35 179 
35 38 55 59 60 61 63 
64 65 66 
39 55 57 61 62 63 
57 62 63 76 
39 55 57 59 63 
39 53 55 59 60 
57 59 60 61 
58 66 67 312 
58 
58 64 
64 312 313 314 
43 44 45 46 289 
78 80 81 
75 85 86 89 
49 
50 51 


70 86 88 89 93 
60 81 
94 
69 80 96 330 331 
96 330 
69 78 331 
69 76 97 
84 85 103 
85 
82 
70 82 83 86 
70 75 85 89 
100 
75 93 107 218 220 236 
70 75 86 
108 
108 
93 105 109 
75 88 92 105 109 
77 328 
97 112 113 346 363 
78 79 97 112 
81 95 96 346 
100 101 102 103 121 
116 117 
87 98 103 121 
98 103 104 105 
98 121 
82 98 100 101 105 
101 109 127 
92 93 101 103 109 
119 120 247 
88 218 236 
90 91 111 112 114 
92 93 104 105 

108 113 114 
95 96 108 114 
95 111 129 362 365 
108 111 112 
125 129 237 
99 
99 
119 135 
106 118 
106 
98 100 102 
124 134 135 139 141 

122 134 139 141 
115 129 237 263 
236 237 247 249 250 
104 
379 
113 115 125 365 
135 515 
132 133 
131 138 139 140 518 
131 139 
122 124 139 141 
118 122 130 136 513 
135 513 520 521 522 
143 524 534 
132 518 524 534 
122 124 132 133 134 141 
132 141 525 526 
122 124 134 139 140 
144 388 389 
137 144 524 535 
142 143 
146 391 392 
145 391 392 

161 
161 
152 163 
155 156 157 
150 
154 167 168 171 172 402 
153 167 
151 156 157 158 
151 155 403 
151 155 403 
155 172 401 403 

162 174 
148 149 175 
160 180 
150 180 
1158 1159 
1159 
187 188 
153 154 169 171 172 402 
153 290 417 
167 171 172 
172 418 
153 167 169 402 
153 158 167 169 170 401 402 
49 175 176 179 
160 176 
161 173 
173 174 
194 197 198 
198 
56 173 
162 163 186 188 
186 188 201 202 
191 
185 192 206 210 211 213 
192 199 204 206 210 
183 192 205 206 210 211 213 
180 181 188 202 
166 188 
166 180 181 186 187 
191 
417 435 
182 189 
183 184 185 206 210 211 213 
418 421 1178 
177 197 198 217 219 
200 219 
198 1181 1200 1201 
177 194 
177 178 194 196 
184 204 
195 202 203 
181 203 219 
181 186 200 208 
200 201 205 208 222 
184 199 
185 203 208 213 214 221 222 
183 184 185 192 210 211 213 
212 213 214 
202 203 205 212 213 214 
210 
183 184 185 192 206 209 
183 185 192 206 213 214 450 
207 208 214 224 
183 185 192 205 206 207 208 211 
205 207 208 211 212 
453 1193 1411 
217 219 231 232 233 
194 216 219 
88 107 220 236 
194 195 201 216 217 
88 218 
205 223 
203 205 
221 224 
212 223 

475 
240 477 
230 
247 
228 234 247 
216 233 245 
216 245 
216 231 245 
230 

88 107 126 218 247 250 
115 125 126 238 249 250 252 
237 252 
254 475 486 
227 255 256 477 1210 
244 258 
244 258 

241 242 258 260 
231 232 233 

106 126 229 230 236 250 
260 264 
126 237 252 262 263 
126 236 237 247 252 
253 
237 238 249 250 253 
251 252 263 267 268 
239 268 270 486 487 501 
240 486 488 
240 
686 687 
241 242 244 
687 696 697 702 
244 248 
265 699 700 704 705 706 707 
249 266 
125 249 253 266 
248 269 705 
261 700 705 706 707 708 
262 263 267 
253 266 485 500 
253 254 710 
264 710 714 715 
254 501 502 
24 272 278 287 288 
24 271 278 288 289 

276 277 
277 
274 295 
274 275 
271 272 288 
282 291 293 294 300 301 423 
282 291 293 294 301 423 
295 304 
279 280 
284 285 286 2145 
283 286 413 
283 302 307 2145 
283 284 413 2145 2146 
22 271 312 
271 272 278 314 
24 43 44 68 272 
26 46 168 
279 280 293 294 301 
293 294 
279 280 291 292 423 
279 280 291 292 298 300 301 
276 281 304 
299 303 304 322 
299 305 325 
294 300 301 302 305 
296 297 305 322 323 325 
279 294 298 302 422 429 
279 280 291 294 298 422 429 
285 298 300 306 307 308 
296 304 2144 
281 295 296 303 
297 298 299 
302 308 432 
285 302 2163 
302 306 
311 329 

309 
64 67 287 313 314 
67 312 331 
67 288 312 

322 323 324 325 
318 
317 422 440 
335 422 440 


296 299 316 324 
299 316 325 336 
316 322 325 
297 299 316 323 324 

342 448 2290 
94 
309 
78 79 344 345 
78 80 313 
335 350 352 
334 343 344 349 
333 343 349 
319 332 350 352 
323 
339 340 355 358 

337 340 341 342 2206 
337 339 358 
339 
327 339 
333 334 345 349 
330 333 
330 343 
95 97 363 
353 

333 334 343 
332 335 352 465 
355 367 368 
332 335 350 355 
347 356 
358 377 378 479 480 
337 351 352 358 
353 
373 375 376 2225 2226 
337 340 354 355 373 376 
360 366 379 
359 361 364 
360 364 365 
113 364 365 
95 346 365 
360 361 362 
113 129 361 362 363 
359 
351 368 370 385 
351 367 369 370 383 384 
368 374 377 378 387 
367 368 374 383 385 386 387 
2235 
2225 
357 358 375 376 377 
369 370 387 
357 373 387 
357 358 373 377 
354 369 373 376 480 
354 369 479 480 
128 359 
388 389 395 

384 
368 370 
368 382 
367 370 387 
370 400 492 
369 370 374 375 385 
142 380 395 
142 380 395 839 
392 
145 146 840 
145 146 390 
395 396 849 

380 388 389 393 
393 842 849 
845 


386 
158 172 403 420 
153 167 171 172 417 
156 157 158 401 418 420 
406 407 410 428 
407 410 
404 409 410 428 
404 405 409 410 420 428 
410 427 428 1382 
406 407 
404 405 406 407 408 420 427 428 1382 
414 
416 
284 286 
411 432 
2262 
412 
168 190 402 435 
170 193 403 421 438 
421 436 437 438 
401 403 407 410 425 
193 418 419 438 
300 301 318 319 429 440 
279 280 293 430 
430 
420 431 
428 1382 
408 410 1382 
404 406 407 408 410 426 1382 
300 301 422 
423 424 431 
425 430 
306 414 433 
432 449 
447 
190 417 437 441 
419 450 
419 435 
418 419 421 443 
453 1178 
318 319 422 441 
435 440 
443 454 
438 442 454 

447 460 

434 445 
327 
433 2292 
211 436 
452 453 463 464 
451 464 1411 
215 439 451 464 1411 
442 443 456 457 
466 469 
454 458 463 467 
454 463 467 
456 467 472 

445 471 
467 470 471 
2292 2305 2306 2321 
451 456 457 
451 452 453 
350 479 
455 469 
456 457 458 461 468 471 472 
467 472 
455 466 470 481 
461 469 
460 461 467 
458 467 468 483 

475 493 
226 239 474 478 
488 
227 240 1210 
475 
354 378 465 
354 377 378 
469 
494 495 496 
472 

267 
239 254 255 488 
254 500 501 
255 476 486 
491 492 
492 
489 500 
386 489 490 
474 
482 
482 503 
482 503 
504 506 1456 1471 

507 508 509 
267 487 491 
254 270 487 1001 1002 
270 714 715 1006 1253 1461 
495 496 
497 506 1013 1467 1470 1471 
510 1023 
497 504 
499 509 
499 
499 507 
505 1022 2364 
512 537 
511 519 537 538 539 
135 136 515 516 517 520 522 
516 538 
130 513 538 
513 514 517 543 545 546 
513 516 543 544 545 546 686 
132 138 519 523 
512 518 525 548 
136 513 522 531 532 
136 528 530 531 532 551 552 
136 513 520 530 531 551 552 
518 548 553 554 
137 138 143 534 
140 519 526 527 
140 525 530 
525 535 558 
521 530 531 532 536 551 
531 532 
521 522 526 528 532 551 552 
520 521 522 528 529 551 552 
520 521 528 529 530 
556 
137 138 524 
143 527 558 
528 701 728 
511 512 539 
512 514 515 541 
512 537 563 
542 544 545 549 562 
538 549 562 563 
540 544 545 546 
516 517 545 546 686 
517 540 542 546 
516 517 540 542 543 
516 517 542 543 544 
561 563 566 567 569 
519 523 554 566 567 
540 541 562 570 
552 570 
521 522 528 530 531 
521 522 530 531 550 
523 574 576 578 
523 548 567 569 574 575 576 578 
558 576 577 578 
533 
559 560 861 866 
527 535 555 
557 579 584 
557 728 
547 566 567 
540 541 549 570 
539 541 547 566 570 
587 
571 572 587 589 
547 548 561 563 569 
547 548 554 561 569 574 
570 
547 554 566 567 570 574 575 578 
549 550 562 563 568 569 
565 
565 573 591 
572 590 591 598 599 601 739 
553 554 567 569 576 578 583 595 
554 569 577 578 583 593 595 
553 554 555 574 577 578 583 
555 575 576 582 583 
553 554 555 569 574 575 576 583 
559 739 744 745 746 752 
582 583 602 887 

577 580 593 596 887 888 
574 575 576 577 578 580 593 595 596 
559 728 751 752 
586 607 608 
585 608 609 
564 565 589 612 
589 
565 587 588 611 612 757 
573 598 599 600 601 615 617 
572 573 598 599 600 601 615 

575 582 583 595 596 597 
596 597 598 
574 575 583 593 597 
582 583 593 594 602 618 619 
593 594 595 598 604 
573 590 591 594 597 599 604 
573 590 591 598 601 605 745 
590 591 605 615 617 
573 590 591 599 605 617 769 
580 596 619 911 912 
605 
597 598 605 623 
599 600 601 603 604 

585 
585 586 
586 
612 628 
589 757 770 
587 589 610 
614 616 632 636 637 
613 632 637 
590 591 600 617 
613 618 619 620 621 622 636 
590 600 601 615 625 
596 616 619 620 621 622 636 
596 602 616 618 621 622 636 
616 618 622 624 636 639 
616 618 619 624 636 
616 618 619 620 624 636 639 642 
604 625 929 931 
620 621 622 638 639 
617 623 
782 796 932 
632 
610 629 633 635 644 
628 633 635 773 788 789 
635 773 788 789 794 
647 648 
613 614 627 634 637 649 
628 629 635 649 
632 649 651 656 
628 629 630 633 
613 616 618 619 620 621 622 637 642 
613 614 632 636 642 655 
624 639 640 642 656 
620 622 624 638 
638 649 651 656 
658 660 664 796 
622 636 637 638 
648 650 
628 
652 
654 668 669 670 675 676 
631 654 
631 643 650 
632 633 634 640 651 655 656 
643 648 
634 640 649 653 656 658 
645 674 
651 658 659 660 673 674 681 
646 647 655 676 678 
637 649 654 
634 638 640 649 651 
663 679 
641 651 653 660 
653 664 684 807 
641 653 658 664 684 
662 682 964 965 
661 679 968 
657 679 
641 659 660 796 

667 671 
666 671 
646 670 675 
646 675 676 677 
646 668 675 677 
666 667 

653 680 681 
652 653 
646 668 669 670 677 678 
646 654 669 678 
669 670 675 
654 675 676 
657 662 663 
673 
653 673 828 831 832 
661 964 982 
685 
659 660 817 835 
683 1124 
257 517 543 688 
257 259 
686 690 
691 697 717 
688 692 
689 693 
690 
691 694 
693 700 
1585 1586 
259 698 702 703 720 
259 689 702 703 720 
696 702 717 720 721 
261 700 704 705 706 
261 265 694 699 705 706 
536 721 722 726 
259 696 697 698 
696 697 704 
261 699 703 706 724 
261 264 265 699 700 706 
261 265 699 700 704 705 708 
261 265 713 1248 
265 706 725 
710 711 727 729 
268 269 709 
709 729 730 1001 1003 
714 715 716 731 1595 1598 1599 1610 1860 
707 715 716 725 731 1595 1598 1610 
269 502 712 716 731 1003 1004 1595 
269 502 712 713 731 1595 1598 1599 
712 713 714 730 731 
689 698 720 734 
735 737 
736 737 
696 697 698 717 
698 701 723 726 
701 726 
721 740 747 748 
704 730 755 
708 713 750 1605 
701 721 722 728 752 754 
709 999 1024 
536 560 584 726 752 1024 
709 711 1040 1041 
711 716 724 731 755 
712 713 714 715 716 730 1610 
734 
738 757 
717 732 
718 737 741 742 743 
719 
718 719 735 743 
733 744 746 760 761 
573 579 744 745 746 761 
723 
735 762 
735 
735 737 765 
579 738 739 746 747 761 
579 599 739 751 752 
579 738 739 744 761 
723 744 761 
723 749 753 
748 755 767 768 
725 1605 1623 
584 745 754 
579 584 726 728 745 
748 1061 
726 751 1040 1041 1061 
724 730 749 
1026 1605 1628 
589 611 733 
770 
763 771 
738 774 
738 739 744 746 747 762 
741 761 766 
759 765 766 

743 763 1623 1634 
762 763 780 
749 768 780 
749 767 
601 781 
611 758 773 789 
759 772 777 792 
771 777 790 792 1650 1652 
629 630 770 788 789 793 794 
760 776 778 
777 795 
774 
771 772 775 795 
774 783 784 
783 784 
766 767 
769 784 1057 1059 1076 
626 784 799 801 
778 779 785 1076 
778 779 781 782 801 
783 802 
1079 
802 1079 
629 630 773 793 794 
629 630 770 773 793 794 
772 812 1650 1652 
1650 1661 
771 772 
773 788 789 808 
630 773 788 789 
775 777 
626 641 664 799 
799 800 801 
808 
782 796 797 800 801 817 
797 799 817 
782 784 797 799 
785 787 
809 

825 
1681 
659 
793 798 809 
803 808 
811 813 830 
810 813 830 
790 1681 1685 
810 811 815 830 
815 816 822 
813 814 
814 822 
684 799 800 
1110 
821 822 1695 
822 837 838 1110 1694 1695 
819 837 838 1110 1693 1694 1695 1712 
814 816 819 820 837 838 1110 1694 
827 828 
825 
805 824 

823 832 
681 823 
830 
810 811 813 829 
681 833 835 
681 827 833 835 
831 832 835 
837 
684 831 832 833 

820 821 822 834 1694 
820 821 822 1110 1694 
389 
391 862 865 866 
842 845 865 
396 841 844 845 870 
847 848 869 870 
842 847 848 849 869 870 873 
397 841 842 
849 
843 844 849 869 870 873 
843 844 869 870 873 
393 396 844 846 847 
852 857 875 882 

850 857 
855 858 2608 
2243 2607 2624 
853 858 879 880 881 2608 
858 2246 2247 2248 2608 2609 
850 852 2608 
853 855 856 880 881 2246 2608 2609 
868 885 886 889 
862 864 865 866 892 
557 863 864 865 866 892 
840 860 864 865 866 892 
861 865 866 871 892 
860 861 862 866 871 892 893 
840 841 860 861 862 863 892 
557 840 860 861 862 863 864 

859 886 
843 844 847 848 870 873 894 
842 843 844 847 848 869 873 
863 864 874 892 897 
876 1010 1030 
844 847 848 869 870 878 894 899 900 901 
871 876 882 896 897 903 
850 876 882 897 
872 874 875 884 896 897 903 904 905 1030 
878 879 908 
873 877 899 901 908 
855 877 880 881 908 2624 
855 858 879 882 883 2608 
855 858 879 883 2608 
850 874 875 880 
880 881 2644 
876 904 1030 1033 1034 
859 887 889 891 914 
859 868 887 889 891 
580 582 885 886 889 890 891 893 914 
582 890 891 892 893 913 914 
859 885 886 887 891 893 913 914 
887 888 892 893 895 913 914 
885 886 887 888 889 893 913 914 
860 861 862 863 864 865 871 888 890 
864 887 888 889 890 891 913 
869 873 900 901 
890 896 897 919 
874 876 895 902 903 905 
871 874 875 876 895 903 905 
900 907 922 
873 878 908 
873 894 898 
873 878 894 908 
896 903 905 923 
874 876 896 897 902 905 
876 884 1030 
876 896 897 902 903 923 
922 
898 922 924 
877 878 879 899 901 
926 1071 2644 
926 1071 
602 927 
602 914 927 
888 889 890 891 893 917 918 935 
885 887 888 889 890 891 912 927 
916 919 930 
915 919 920 930 931 932 937 939 1057 
913 941 
913 935 941 
895 915 916 920 930 935 
916 919 930 937 938 939 
924 
898 906 907 924 
902 905 
907 921 922 944 947 
948 2668 2669 
909 910 1071 2647 
911 912 914 928 
927 
623 931 950 
915 916 919 920 932 936 937 939 
623 916 929 950 
626 916 930 1057 
951 
951 
913 918 919 
930 938 939 1092 
916 920 930 939 
920 936 942 1092 
916 920 930 936 937 
956 
917 918 953 
938 
948 
924 946 947 
947 959 2699 
944 947 959 2699 
924 944 945 946 
925 943 962 
965 
929 931 
933 934 
969 970 
941 955 
971 975 
953 
940 973 
961 
961 
945 946 960 978 2699 2701 
959 978 2700 2701 2702 
957 958 962 981 2719 
948 961 981 
981 
661 682 965 982 
661 949 964 
968 971 972 
971 972 
662 966 
952 
952 
954 966 967 
966 967 987 988 
956 976 
975 
954 974 985 
973 
979 992 995 996 
959 960 996 2719 
977 995 996 2719 2740 
981 993 
961 962 963 980 2720 
682 964 
985 986 991 993 
986 991 
975 983 991 992 
983 984 
972 
972 990 

988 1126 
983 984 985 993 
977 985 995 
980 983 991 
2739 
977 979 992 997 2740 
977 978 979 2740 2741 
995 2742 
2720 2742 2743 
727 1008 1009 
1008 1009 
501 711 1003 1004 
501 1004 1006 1011 1012 
711 714 1001 1006 
714 1001 1002 1005 1006 1012 
1004 1007 1599 1860 
502 1002 1003 1004 1012 
1005 1599 1859 1860 1879 
999 1000 1010 1027 1028 
999 1000 
872 1008 1029 
1002 1027 1028 
1002 1004 1006 
504 1016 
1015 1031 
1014 
1013 1023 1470 
1019 1021 2774 
1033 2773 2774 
1017 1021 
1022 2757 
1017 1019 
510 1020 1023 2757 
505 1016 1022 
727 728 1039 
1039 
756 1610 1860 1878 
1008 1011 
1008 1011 
1010 1034 
872 876 884 904 1034 
1014 1032 1035 1036 
1031 1054 
884 1018 2773 2774 
884 1029 1030 1035 1036 2774 
1031 1034 2775 
1031 1034 
2778 
1055 2778 
1024 1025 
729 754 1042 1043 
729 754 1043 
1040 1044 1062 1063 1064 
1040 1041 
1042 1045 1063 1064 1066 
1044 
1070 

1050 1052 1073 
1050 1073 
1048 1049 
1054 1902 1903 1904 1908 
1048 1071 1073 
1055 1056 2795 2796 2812 2813 
1032 1051 1056 
1038 1053 2796 
1053 1054 2796 2812 
781 916 932 
1059 1061 
781 1058 1061 1075 1076 
1063 1064 1066 1076 1078 1080 1081 
753 754 1058 1059 
1042 1064 1065 1078 
1042 1044 1060 1065 1066 1068 1078 
1042 1044 1060 1062 1065 1066 1078 
1062 1063 1064 1067 1068 1077 1078 1082 
1044 1060 1063 1064 
1065 1082 
1063 1065 1078 1082 
1074 
1046 
909 910 926 1052 
1074 1085 
1048 1049 1052 
1069 1072 
1059 1092 
781 783 1059 1060 
1065 1079 1080 1081 1082 1083 1094 1095 
1060 1062 1063 1064 1065 1068 1079 1080 1081 1082 1083 
786 787 1077 1078 1083 1095 1097 1927 1949 
1060 1077 1078 1081 1094 
1060 1077 1078 1080 1094 
1065 1067 1068 1077 1078 
1077 1078 1079 1094 1095 1096 1097 1105 

1072 1086 1088 
1085 1090 1101 1102 
1089 1090 2831 
1085 2808 2831 
1087 2831 2832 
1086 1087 1102 
1107 2833 2834 
936 938 1075 
1100 1101 1112 1113 
1077 1080 1081 1083 1096 1101 1105 1114 
1077 1079 1083 1097 1105 1114 1115 
1083 1094 1097 1101 1105 1114 1115 
1079 1083 1095 1096 1114 1927 1949 
1111 1116 
1111 
1093 1113 
1086 1093 1094 1096 1105 
1086 1090 1105 1107 1108 1120 
1107 1123 1958 1959 1972 
1115 1959 1972 
1083 1094 1095 1096 1101 1102 1114 1115 
1108 1118 1120 1121 
1091 1102 1103 1959 
1102 1106 1120 1121 2871 
1114 
818 820 821 822 838 
1098 1099 1112 1116 
1093 1111 
1093 1100 1127 
1094 1095 1096 1097 1105 1109 1115 
1095 1096 1104 1105 1114 1117 
1098 1111 
1115 1123 1972 
1106 1121 2851 2868 
1136 1137 
1102 1106 1108 
1106 1108 1118 2870 
2852 2871 3673 
1103 1117 1972 
685 

990 1127 1133 
1113 1126 1133 
1133 
1130 1131 
1129 1979 1983 
1129 
1136 
1126 1127 1128 
1135 2890 
1134 
1119 1132 
1119 
1139 1140 
1138 
1138 
1145 


1146 1148 1152 
1141 1156 1157 1261 
1144 1148 
1150 
1144 1146 1150 1156 1160 
1161 
1147 1148 

1144 1153 1155 
1152 1155 
1156 1157 1160 1171 1173 1176 1177 
1152 1153 1156 1173 
1145 1148 1154 1155 1160 
1145 1154 1160 
164 1174 
164 165 
1148 1154 1156 1157 1165 
1149 
1163 1179 
1162 1179 
1179 
1160 
1183 
1168 1169 1171 1172 1186 
1167 1171 1172 1186 1187 1285 
1167 

1154 1167 1168 1173 1176 1185 1186 1187 
1167 1168 1184 1185 1186 
1154 1155 1171 1176 1177 1186 
1158 

1154 1171 1173 1186 1187 
1154 1173 
193 439 
1162 1163 1164 
1198 1299 1400 1401 
196 1182 1200 1201 1204 
1181 1204 1205 
1166 
1172 
1171 1172 1186 1187 1191 1192 1208 1209 
1167 1168 1171 1172 1173 1176 1185 
1168 1171 1176 1185 1192 
1207 
1194 
1194 1196 1197 1208 1209 1211 
1185 1208 1211 
1185 1187 
215 1411 
1189 1190 1196 
1399 
1190 1194 1209 1211 
1190 1198 1199 1211 1426 1428 
1180 1197 1400 1401 1412 
1197 1426 1428 
196 1181 1204 
196 1181 1204 1214 


1181 1182 1200 1201 1214 
1182 
1220 
1188 
1185 1190 1191 
1185 1190 1196 1211 
240 477 
1190 1191 1196 1197 1209 
1214 1225 
1214 1225 
1201 1204 1212 1213 
1227 
1218 1219 1220 1232 
1219 1220 1221 1232 
1216 1219 1221 1224 1225 1229 1230 1232 1233 
1216 1217 1218 1232 
1206 1216 1217 
1217 1218 1229 1232 1233 
1238 

1218 1226 1229 1230 1231 1233 
1212 1213 1218 1229 1230 
1224 1230 1231 
1215 1244 
1230 
1218 1221 1224 1225 1232 1233 
1218 1224 1225 1226 1228 1231 1233 
1224 1226 1230 1233 
1216 1217 1218 1219 1221 1229 
1218 1221 1224 1229 1230 1231 
1244 1252 
1238 1239 1240 1252 
1245 1330 1345 
1255 
1222 1235 
1235 1252 1254 1255 
1235 
1587 
1587 
1588 
1227 1234 1246 
1236 1247 1343 1345 
1244 1343 1345 
1245 1590 1591 
707 1253 1596 1598 
1250 1251 
1249 1252 
1249 1252 
1234 1235 1239 1250 1251 
502 1248 1461 1595 1598 
1239 1462 1600 
1237 1239 
1258 1259 

1256 
1256 
1263 
1145 1264 
1269 1270 1278 
1260 
1261 1266 1267 
1267 1277 
1264 1277 
1264 1265 1277 
1273 
1262 1273 1278 1284 
1262 1273 1278 1284 
1480 
1279 1480 
1268 1269 1270 
1288 
1289 
1280 1294 1296 1297 
1265 1266 1267 1280 
1262 1269 1270 1284 1295 1296 1298 
1272 1281 1380 1493 
1276 1277 1283 1300 1301 
1279 1300 1301 
1284 1483 1494 
1280 1284 1296 1300 1303 1494 1507 1509 
1269 1270 1278 1282 1283 1296 
1168 1291 
1287 1291 
1286 
1274 
1275 1293 

1285 1286 
1295 1297 1298 1306 
1289 
1276 1297 
1278 1292 1297 1298 
1276 1278 1283 1284 1298 
1276 1292 1294 1295 1298 1306 
1278 1292 1295 1296 1297 
1180 1310 1311 1400 
1280 1281 1283 1507 1509 
1280 1281 
1310 1311 
1283 1313 1507 1509 


1292 1297 1309 

1309 1315 1317 
1306 1308 
1299 1302 
1299 1302 
1521 1523 1524 1535 
1303 
1316 1317 1318 1331 1332 
1308 1317 1318 
1314 1318 1331 1334 
1308 1314 1315 1331 
1314 1315 1316 1331 


1324 
1324 

1321 1322 
1326 
1325 
1329 

1327 
1236 
1314 1316 1317 1318 
1314 
1349 
1316 
1336 1337 1548 
1335 1340 1349 
1335 1338 1340 1349 1350 
1337 1340 1350 1558 
1350 
1336 1337 1338 1558 
1352 1353 
1354 
1245 1246 1345 

1236 1245 1246 1343 
1359 
1360 

1333 1336 1337 
1337 1338 1339 

1341 
1341 
1342 1356 
1718 
1354 1357 1717 1718 1721 1722 1723 
1356 1360 1730 
1360 
1346 
1347 1357 1358 
1363 
1570 
1361 1364 1366 
1363 1366 1729 1732 

1363 1364 1727 1729 1732 

1373 1379 
1374 1380 
1380 

1384 1390 
1368 
1369 
1378 
1377 1378 
1376 3199 
1375 1376 1396 
1368 
1279 1369 1370 
1383 1387 
408 410 426 427 428 
1381 1387 
1372 
1388 1391 1403 1405 1496 
1388 1389 1390 1405 
1381 1383 
1385 1386 1390 1405 1408 
1386 1404 1405 1408 
1372 1386 1388 1396 
1385 1496 
1496 


1407 1408 3199 3201 
1378 1390 
1504 3201 
1399 1402 
1195 1398 
1180 1198 1299 
1180 1198 1412 
1398 
1385 1405 
1389 1405 1406 1416 1423 
1385 1386 1388 1389 1403 1404 1408 
1404 1408 1410 1423 1424 
1395 1409 1410 1423 
1388 1389 1395 1405 1406 1410 1423 
1407 3324 
1406 1407 1408 
215 452 453 1193 
1198 1401 1426 

1419 1421 1431 1432 1433 
1419 1421 1432 1433 
1404 1423 1424 

1424 1425 1528 
1414 1415 1421 1431 1433 1436 
2322 3223 3224 
1414 1415 1419 1433 
3225 3235 
1404 1406 1407 1408 1416 1424 3225 
1406 1416 1418 1423 3226 
1418 1545 3238 3324 
1197 1199 1412 1428 1429 
1429 1443 
1197 1199 1426 1429 
1426 1427 1428 1430 
1429 
1414 1419 1433 1436 1446 
1414 1415 1434 1441 1445 1446 
1414 1415 1419 1421 1431 1436 
1432 1441 1446 1447 
1437 
1419 1431 1433 1445 
1435 1448 
1439 
1438 
1442 1445 1446 1447 1457 
1432 1434 1445 1446 
1440 1457 
1427 1449 

1432 1436 1440 1441 1450 
1431 1432 1434 1440 1441 1447 
1434 1440 1446 1457 
1437 1451 
1443 1458 
1445 
1448 1459 3251 
1459 
1455 

1453 1468 1469 
497 1471 
1440 1442 1447 
1449 1473 
1451 1452 1477 

502 1253 
1254 1863 
1469 1862 
1862 
1467 1859 1865 

504 1465 1470 
1455 1469 1473 
1455 1463 1468 1867 
504 1016 1467 
497 504 1456 
1473 1868 
1458 1468 1472 
1475 1877 
1474 2007 
1872 3273 
1459 1876 
1871 1876 
1877 
1271 1272 1482 1485 1493 
1483 1485 
1480 1485 1486 1493 1497 1498 
1282 1481 
1494 
1480 1481 1482 1493 1497 
1482 1487 1497 1498 1499 1501 
1486 1497 1499 1501 1502 

1491 
1491 
1489 1490 1504 1506 
3287 3300 
1279 1480 1482 1485 1497 
1282 1283 1484 1507 
1510 
1385 1391 1392 1510 
1482 1485 1486 1487 1493 1499 1501 
1482 1486 1499 1500 
1486 1487 1497 1498 1501 1514 
1498 1508 1511 1514 1515 
1486 1487 1497 1499 
1487 
1517 
1397 1491 1506 
3286 
1491 1504 
1283 1300 1303 1494 1509 
1500 1511 1514 1522 
1283 1300 1303 1507 1511 
1495 1496 
1500 1508 1509 1514 1515 1522 
1514 1515 1516 1522 
1515 1516 
1499 1500 1508 1511 1512 1522 
1500 1511 1512 1513 1516 
1512 1513 1515 1519 
1503 

1516 
1530 1531 1533 3315 
1312 1535 
1508 1511 1512 1514 
1312 1535 1536 
1312 1535 1536 
1527 
1527 
1525 1526 
1418 
1532 
1520 1532 1533 1534 
1520 1533 1534 1547 
1529 1530 1534 
1520 1530 1531 
1530 1531 1532 
1312 1521 1523 1524 1536 1537 1540 
1523 1524 1535 1540 
1535 1540 1549 
1542 
1541 
1535 1536 1537 1541 
1539 1540 1550 
1538 
1547 

1425 
1554 1555 
1531 1543 1556 1557 3339 
1335 
1537 1559 
1541 1561 1563 

1564 1566 

1546 1555 1567 1569 
1546 1554 1567 1569 
1547 3339 
1547 3339 3354 
1338 1340 
1549 1563 
1562 1565 
1550 
1560 
1550 1559 
1552 1566 1573 1576 
1560 1580 1581 
1552 1564 1576 
1554 1555 1568 1569 3355 
1567 1582 
1554 1555 1567 3355 
1362 
1573 2003 2007 
1573 2003 2007 
1564 1571 1572 1578 1579 
2005 
1579 1580 1581 2005 
1564 1566 1578 1582 
1579 1582 2008 2009 
1573 1576 
1573 1575 1577 1580 
1565 1575 1579 1581 2008 
1565 1575 1580 2008 
1568 1576 1577 
2010 
2008 2010 2011 2012 
695 1587 
695 
1241 1242 1585 1589 1603 
1243 1602 
1587 1603 
1247 1591 
1247 1590 1604 1719 
1602 1604 1719 
1606 
1615 1724 1725 
712 713 714 715 1253 1597 1598 1599 1860 
1248 1598 1599 
1595 1599 1859 1860 
712 713 715 1248 1253 1595 1596 1860 
712 715 1005 1007 1595 1596 1597 1859 1860 
1254 1863 
1602 
1588 1592 1601 
1587 1589 
1591 1592 1719 1734 
725 750 756 1610 
1593 
1608 1627 
1607 1624 
1878 
712 713 731 1026 1605 1860 1878 
1612 1613 1630 1880 
1611 1630 1880 
1611 1616 1618 1630 1880 
1616 1617 1618 1631 
1594 1617 1744 1746 
1613 1614 1618 1630 1631 1632 1633 1880 1882 
1614 1615 1631 1632 1633 
1613 1614 1616 1630 1631 1633 1880 1882 
1635 
1636 1637 
1625 1626 1642 1752 
1625 1626 1735 
750 765 
1608 1625 1640 1642 1644 
1621 1622 1624 1640 1642 1643 
1621 1622 1640 1642 1643 
1607 1639 
756 1878 
1630 1893 1912 
1611 1612 1613 1616 1618 1629 1631 1880 
1614 1616 1617 1618 1630 1633 1880 1882 1894 
1616 1617 1782 
1616 1617 1618 1631 1782 1882 1894 
765 
1619 
1620 1637 
1620 1636 1640 1643 
1654 1786 1788 
1627 
1624 1625 1626 1637 1641 1642 1643 
1640 1643 
1621 1624 1625 1626 1640 
1625 1626 1637 1640 1641 
1624 1645 1648 
1644 1648 


1644 1645 
1651 1652 
772 790 791 1652 
1649 
772 790 1649 1650 

1638 1786 1787 1788 
1656 
1655 
1799 1817 
1667 1674 1795 1796 1799 1817 
1944 1946 
1944 
791 1662 
1661 
1665 1666 

1663 1668 1687 
1663 1668 
1658 1674 1809 
1665 1666 1674 
1671 1691 1695 

1669 1695 
1677 
1677 
1658 1667 1668 1809 1830 
1942 
1691 1692 1695 1696 1942 1964 
1672 1673 1680 1696 1946 
1680 1690 
1690 1948 
1677 1678 1946 1948 
806 812 1685 1701 1705 
1684 1704 
1688 
1682 1688 
812 1681 1686 1705 1706 
1685 1706 1709 
1665 
1683 1684 1708 
1711 1829 1830 1834 
1678 1679 
1669 1676 1693 1695 
1676 1709 
821 1691 1695 1709 1712 1713 
820 821 822 837 838 1712 1713 1964 
819 820 821 1669 1671 1676 1691 1693 
1676 1677 1697 1698 1967 
1696 1967 
1696 1947 1967 1968 
1701 1702 1703 

1681 1699 1702 1705 1706 
1699 1701 1707 
1699 
1682 
1681 1685 1701 
1685 1686 1701 
1702 
1688 
1686 1692 1693 
1714 
1689 1834 
821 1693 1694 1979 
1693 1694 1979 
1710 1715 1968 1981 
1714 
1719 
1356 1721 1723 
1355 1356 1720 1723 
1591 1592 1604 1716 
1718 1722 1723 1728 
1356 1717 1723 1730 
1356 1720 1727 1728 1730 
1356 1717 1718 1720 1721 1728 
1594 1726 1744 1745 1746 
1594 
1724 1728 
1366 1722 1729 1740 
1720 1722 1723 1726 
1364 1366 1727 
1357 1721 1722 
1733 
1364 1366 1749 1998 
1731 
1604 1739 
1622 



1734 
1727 1742 1743 1747 
1742 1743 1747 
1740 1741 1747 1756 
1740 1741 
1615 1724 1746 1759 
1724 1759 
1615 1724 1744 1759 
1740 1741 1742 
1760 1764 2015 
1732 1750 1998 2016 
1749 1764 2016 
2017 2018 2019 
1621 

1756 
1759 
1742 1754 1774 
1771 1772 1775 

1744 1745 1746 1755 
1748 1776 1777 
1765 1766 1779 
1763 1765 1766 1767 1772 1779 1781 
1762 1766 1767 1779 1781 
1748 1750 
1761 1762 1767 1779 1784 1785 
1761 1762 1763 1767 1779 1785 
1762 1763 1765 1766 
1770 1788 

1768 1777 1778 1794 
1757 1773 1774 
1757 1762 1774 1779 
1771 
1756 1771 1772 
1757 
1760 1782 
1760 1770 1778 1794 
1770 1777 1794 1795 1800 
1761 1762 1763 1765 1766 1772 1780 1781 
1779 1797 1798 1802 
1762 1763 1779 1785 
1632 1633 1776 1894 2030 2053 
2054 2055 
1765 1785 2056 
1765 1766 1781 1784 2056 2057 
1638 1654 1788 
1654 
1638 1654 1768 1786 

1791 
1790 1808 1816 


1770 1777 1778 1795 1796 
1658 1778 1794 1799 1800 1817 
1658 1794 1799 1800 1817 
1780 
1780 1802 1820 1824 
1657 1658 1795 1796 1817 
1778 1795 1796 

1780 1798 
1804 1809 
1803 1811 1812 
1806 1811 1826 1827 
1805 1826 1827 1828 

1791 1816 
1667 1674 1803 1813 1829 1830 1833 
1813 1818 1829 1830 1833 1835 1836 
1804 1805 1814 1826 1831 
1804 1814 1826 1831 
1809 1810 
1811 1812 1826 1832 
1820 
1791 1808 1820 
1657 1658 1795 1796 1799 1818 
1810 1817 1821 1833 1835 1840 
1821 1838 
1798 1815 1816 
1818 1819 1835 
1842 

1798 2068 2069 
1846 
1805 1806 1811 1812 1814 1831 1832 1853 
1805 1806 1831 
1806 1850 
1689 1809 1810 1833 1834 
1674 1689 1809 1810 1833 1834 
1811 1812 1826 1827 1832 1853 
1814 1826 1831 1837 1853 
1809 1810 1818 1829 1830 1835 1836 1840 
1689 1711 1829 1830 1840 
1810 1818 1821 1833 1840 
1810 1833 1838 
1832 1855 1856 
1819 1836 
1841 1857 
1818 1833 1834 1835 
1839 1854 1857 1858 
1822 2101 

2101 
1847 
1825 
1845 
1853 

1828 


1826 1831 1832 1848 
1841 1857 1858 
1837 1856 
1837 1855 
1839 1841 1854 
1841 1854 
1007 1465 1597 1599 1864 1865 1879 
712 1005 1007 1026 1595 1597 1598 1599 1610 1879 
1863 1866 1885 1887 1888 
1463 1464 1866 
1462 1600 1861 
1859 1879 1883 1885 
1465 1859 
1861 1862 1886 1888 
1469 
1472 1872 
1889 
1886 
1478 1873 1874 1875 1876 3274 3588 
1476 1868 1874 
1871 1875 1876 3274 3588 
1871 1872 3274 
1871 1873 1891 3588 
1477 1478 1871 1873 3276 3588 
1474 1479 
1026 1609 1610 1628 
1007 1859 1860 1864 1883 
1611 1612 1613 1616 1618 1630 1631 
1895 2002 2013 2014 
1616 1618 1631 1633 1895 
1864 1879 
1897 1902 
1861 1864 1887 1888 1889 
1866 1870 1888 
1861 1885 1897 
1861 1866 1885 1886 
1869 1885 
1891 1892 3599 3610 3611 3612 
1875 1890 
1890 3599 
1629 1912 
1631 1633 1782 1913 1914 
1881 1882 
1902 1912 1915 1916 
1884 1887 1915 1916 
1916 1917 

1907 
1906 1907 
1051 1884 1896 1904 1908 1915 
1051 1908 
1051 1902 1908 
1909 1911 
1901 1909 
1900 1901 2026 2027 
1051 1902 1903 1904 
1905 1906 1911 
2040 
1905 1909 3614 3627 
1629 1893 1896 
1894 1914 1929 
1894 1913 
1896 1897 1902 1920 
1896 1897 1898 1917 
1898 1916 1921 
1919 1920 1923 1938 1939 
1918 1921 1924 1925 1926 1938 1939 
1915 1918 
1917 1919 1924 1925 1926 
1936 1941 
1918 1939 
1919 1921 1925 1926 1940 
1919 1921 1924 1940 
1919 1921 1924 1940 3614 3627 
1079 1097 1942 1949 1950 
1930 1931 
1913 
1928 1932 1933 1935 1952 
1928 1935 1952 
1930 1933 1937 1952 1960 
1930 1932 1935 1937 1952 
1937 1953 1957 
1930 1931 1933 1953 
1922 1940 1941 1963 
1932 1933 1934 
1918 1919 
1918 1919 1923 
1924 1925 1926 1936 
1922 1936 
1675 1676 1927 1944 
1951 1965 
1659 1660 1942 1946 1951 
1947 1967 
1659 1677 1680 1944 
1698 1945 1967 
1679 1680 1969 
1079 1097 1927 1951 
1927 1951 1960 
1943 1944 1949 1950 1965 
1930 1931 1932 1933 1960 
1934 1935 1956 1957 
1956 1957 2078 2091 2104 2108 2115 
1957 2115 
1953 1954 2104 
1934 1953 1954 1955 2070 
1103 1960 
1103 1104 1107 1972 
1932 1950 1952 1958 
1963 1976 3657 3658 
1963 3657 3658 
1936 1961 1962 3658 
1676 1694 1965 1966 
1943 1951 1964 
1964 1980 1986 
1696 1697 1698 1945 1947 
1698 1714 1969 
1948 1968 
1988 1989 2104 2105 2106 
1988 1989 2105 2106 
1103 1104 1117 1123 1959 
1974 
1973 
1976 
1961 1975 1977 1978 1993 
1976 1993 
1976 3658 
1130 1712 1713 1985 
1966 1982 
1714 
1980 
1130 1985 1986 
1990 
1979 1983 1986 
1966 1983 1985 
1991 
1970 1971 2103 2104 2105 2106 2126 
1970 1971 2105 2106 
1984 
1987 1994 
1994 1997 
1976 1977 1995 1996 1997 3690 
1991 1992 1996 1997 
1993 3690 
1993 1994 1997 3690 
1992 1993 1994 1996 
1732 1749 2004 
2002 2003 2004 2013 2014 2020 
2018 2019 
2017 2018 2019 
1881 1999 2003 2004 2013 2014 2020 
1571 1572 1999 2002 2020 
1998 1999 2002 
1574 1575 2022 
2026 2027 
1475 1571 1572 
1577 1580 1581 1584 2010 2011 
1577 2011 
1583 1584 2008 2012 
1584 2008 2009 
1584 2010 2029 3702 3703 
1881 1999 2002 2015 
1881 1999 2002 2015 2020 2034 
1748 2013 2014 
1749 1750 2017 2031 
1751 2001 2016 2019 2033 
1751 2000 2001 2023 2033 
1751 2000 2001 2017 2023 
1999 2002 2003 2014 2027 2034 
2022 2035 
2005 2021 2024 2025 
2018 2019 2025 2033 2036 
2022 2033 
2022 2023 2033 
1907 2006 
1907 2006 2020 

2012 3702 3719 
1782 2051 2052 2053 2055 
2016 2035 
2036 
2017 2018 2023 2024 2025 2036 
2014 2020 2035 2051 
2021 2031 2034 
2023 2032 2033 
2038 2061 2062 
2037 2048 2050 2061 2062 
2049 2050 
1910 2042 
2043 3730 
2040 2043 
2041 2042 
2045 2046 3719 
2044 2048 3719 3731 3746 
2044 2048 2064 
2049 2050 2065 
2038 2045 2046 2050 2062 2064 2065 
2039 2047 
2038 2039 2047 2048 
2030 2034 2053 
2030 2055 
1782 2030 2051 2055 
1783 
1783 2030 2052 2053 
1784 1785 2057 2067 
1785 2056 2067 2068 2069 

2061 2072 2073 2082 
2080 
2037 2038 2059 2072 2073 2074 2082 
2037 2038 2048 2064 
3730 3744 3745 3761 
2046 2048 2062 2065 
2047 2048 2064 
2084 
2056 2057 2072 2076 
1824 2057 
1824 2057 2076 
1957 2077 2078 2079 
2077 2078 2079 
2059 2061 2067 2074 2075 2076 2082 2083 
2059 2061 2082 2083 
2061 2072 2082 2083 
2072 2083 
2067 2069 2072 
2070 2071 2079 
1954 2070 2071 2081 2091 
2070 2071 2077 2080 2081 
2060 2079 2098 
2078 2079 2098 
2059 2061 2072 2073 2074 2083 
2072 2073 2074 2075 2082 2090 
2066 2099 2100 
2099 2100 3762 
2089 
2090 2102 
2089 
2086 2088 
2083 2087 2093 
1954 2078 2104 2108 2115 
2116 
2090 2113 
2098 3776 
3776 3777 
2098 2116 
2116 3778 3796 
2080 2081 2094 2096 
2084 2085 
2084 2085 
1842 1844 
2087 
1988 2105 2106 2107 2108 2109 2110 2125 2126 2134 
1954 1956 1970 1988 2091 2106 2107 2108 2110 2115 
1970 1971 1988 1989 2103 2108 2126 2134 
1970 1971 1988 1989 2103 2104 2108 2109 2114 2115 2134 2135 
2103 2104 2109 2110 2111 
1954 2091 2103 2104 2105 2106 2109 2110 2115 
2103 2106 2107 2108 2111 2125 2126 2128 2134 
2103 2104 2107 2108 
2107 2109 2113 
2128 2129 2130 
2093 2111 2116 
2106 2118 2133 2134 2135 
1954 1955 2091 2104 2106 2108 
2092 2096 2097 2113 

2114 2135 3816 
2120 3798 
2119 
2122 2123 2126 2127 
2121 2124 
2121 2126 2127 
2122 
2103 2109 2127 2128 2134 2136 2137 2138 
1988 2103 2105 2109 2121 2123 2134 
2121 2123 2125 2136 2137 2138 
2109 2112 2125 2129 2130 2136 2138 
2112 2128 2131 
2112 2128 2131 2132 2139 
2129 2130 
2130 
2114 2135 
2103 2105 2106 2109 2114 2125 2126 2136 2137 2138 
2106 2114 2118 2133 
2125 2127 2128 2134 2138 
2125 2127 2134 
2125 2127 2128 2134 2136 2139 2142 
2130 2138 2142 
2142 2143 3795 3817 
3795 
2138 2139 2140 
2140 
303 
283 285 286 2150 
286 2150 
2149 2150 2168 
2170 
2147 2150 
2145 2146 2147 2149 
2154 2156 
2156 
2171 
2151 2156 2158 
2158 2159 2382 
2151 2152 2154 
2159 2170 2172 
2154 2155 2382 2397 
2155 2157 2382 
2161 2162 2164 2165 2166 
2160 2166 2168 2179 
2160 2165 2166 
307 
2160 2166 2175 2176 2177 
2160 2162 2166 2175 2176 2177 
2160 2161 2162 2164 2165 
2179 
2147 2161 2179 
2182 
2148 2157 2172 
2153 
2157 2170 
2270 2399 2400 2493 
2178 2179 2194 
2164 2165 2182 
2164 2165 2182 
2164 2165 
2174 2194 2195 
2161 2167 2168 2174 2194 
2290 2291 2294 
2294 2310 
2169 2175 2176 2197 
2185 2186 2187 2188 
2186 2187 2188 
2183 2187 2188 2397 
2183 2184 2199 2200 
2183 2184 2185 2188 
2183 2184 2185 2187 
2192 


2189 
2195 2207 
2174 2178 2179 
2178 2193 2207 
2197 
2182 2196 2200 
2202 
2186 2201 
2186 2197 
2199 
2198 2213 
2223 
2205 2225 
2204 2226 
339 2207 2210 
2193 2195 2206 2209 2210 
2210 2212 2214 2232 2233 2341 
2207 2212 2228 2232 
2206 2207 2208 2228 
2229 2230 2231 
2208 2209 2217 2232 
2202 2217 2218 2232 
2208 2218 2220 2233 
2451 
2436 
2212 2213 2218 2232 
2213 2214 2217 2220 2221 
2221 2421 2437 
2214 2218 2233 2314 2327 2345 
2218 2219 2345 2437 2438 

2203 
2226 2227 
357 372 2204 2226 2227 
357 2205 2224 2225 
2224 2225 2237 
2209 2210 
2211 2231 
2211 2231 
2211 2229 2230 
2208 2209 2212 2213 2217 
2208 2214 2220 2234 2341 
2233 2345 2360 2567 
371 

2227 
2246 
2251 2256 2257 
2256 2257 2357 
2242 
2241 
854 2607 
2250 2607 
2248 
856 858 2238 2248 2608 
856 2249 
856 2245 2246 2609 
2247 2362 
2244 2253 
2239 2254 2255 2256 2257 
2610 2611 2613 
2250 
2251 2255 2256 2257 2258 2614 
2251 2254 2257 2258 2614 
2239 2240 2251 2254 2258 
2239 2240 2251 2254 2255 
2254 2255 2256 2614 
2613 


415 2265 2273 
2266 
2269 2273 2274 2278 2279 2280 2281 
2262 2273 2274 
2263 
2278 2281 
2278 2281 
2264 2272 2274 2278 2279 2280 2281 2282 2283 
2173 2277 2284 2493 

2269 2283 
2262 2264 2265 2274 2275 
2264 2265 2269 2273 2278 2279 2281 2282 
2273 2293 2296 

2270 
2264 2267 2268 2269 2274 2280 2281 
2264 2269 2274 2282 2283 
2264 2269 2278 2282 2288 2296 
2264 2267 2268 2269 2274 2278 
2269 2274 2279 2280 2289 
2269 2272 2279 2289 
2270 2286 2287 2493 2495 2506 
2287 2288 2303 2304 2506 2516 
2284 2288 2495 2506 
2284 2285 2288 2495 2506 
2280 2285 2286 2287 2303 2304 
2282 2283 2300 
327 2180 
2180 2294 
449 462 2305 
2275 2297 
2180 2181 2291 2307 2311 
2296 
2275 2280 2295 
2293 2301 
2299 
2298 2303 2304 
2289 2301 2302 2304 
2297 2300 
2300 2319 3220 
2285 2288 2299 2304 
2285 2288 2299 2300 2303 
462 2292 2306 2321 
462 2305 
2294 2310 2311 2312 

2325 3227 
2181 2307 2312 2314 
2294 2307 
2307 2310 2314 

2220 2310 2312 2327 2437 
2534 
2317 2318 2537 
2316 2536 2537 2538 
2316 2536 2537 
2302 3220 3232 
2321 2323 2333 
462 2305 2320 
1420 3224 
2320 2333 
2340 
2309 
2334 2338 2342 2343 
2220 2314 2345 
2331 2342 2552 
2346 2551 2552 
2332 2347 2553 2556 
2328 2332 2342 2347 2349 2553 2556 
2330 2331 
2320 2323 
2326 2336 2337 2338 2339 2340 2343 2344 
2337 2338 
2334 2338 2339 2343 
2334 2335 2339 2353 
2326 2334 2335 2336 2339 2343 2344 
2334 2336 2337 2338 2344 
2324 2334 2353 
2208 2233 2357 
2326 2328 2331 2343 2347 2349 
2326 2334 2336 2338 2342 
2334 2338 2339 
2220 2221 2234 2327 2551 2567 
2329 2348 2552 2553 2568 2569 
2330 2331 2342 2349 2350 
2346 2361 2568 
2331 2342 2347 2350 2358 
2347 2349 2570 

2354 2355 2365 3273 
2337 2340 2355 
2352 2365 
2352 2353 
2357 2366 
2240 2341 2356 
2349 
2372 
2234 
2348 2568 
2249 2758 
2758 
510 
2352 2354 2367 
2356 2369 2370 2371 
2365 2762 
2371 2764 
2366 2371 2764 
2366 2372 2760 2764 2765 2770 
2366 2368 2369 
2359 2370 2770 
2375 2376 3283 
2592 2770 
2373 3283 
2373 
2378 2379 2381 
2377 2380 2381 2385 2386 
2377 2381 
2378 
2377 2378 2379 
2155 2158 2159 2398 
2388 2389 
2388 2389 
2378 2390 2402 
2378 2390 2402 

2383 2384 2392 
2383 2384 2390 2392 2393 2394 
2385 2386 2389 2394 2402 
2402 
2388 2389 
2389 
2389 2390 


2158 2185 
2382 2405 
2173 2410 2505 
2173 
2406 
2385 2386 2390 2391 

2415 
2398 2409 
2401 
2413 2423 
2419 2423 
2405 2411 2425 
2399 2505 2508 2519 
2409 2508 2519 
2413 2415 
2407 2412 2415 
2416 
2404 2412 2413 
2414 2432 


2408 2423 
2423 
2219 2424 2437 2438 
2534 
2407 2408 2419 2420 
2421 
2409 
2429 2439 2440 
2539 2558 

2426 
2434 2530 
2445 
2416 
2435 2564 
2430 2530 
2433 
2216 2447 2449 2451 
2219 2221 2314 2421 2551 2567 
2221 2421 
2426 2441 
2426 
2439 2442 2451 2455 
2441 2444 2457 2458 2460 2463 
2446 
2442 2463 2559 2561 
2431 
2443 2466 
2436 2449 

2436 2447 
2455 2471 
2215 2436 2441 2455 
2472 
2458 2557 2567 2572 
2456 2473 
2441 2450 2451 2471 
2454 2473 
2442 2460 2461 2463 
2442 2453 2557 2567 2572 

2442 2457 2462 
2457 2462 
2460 2461 2467 
2442 2444 2457 2557 2559 2561 2563 

2467 
2446 2467 
2462 2465 2466 

2470 2473 2474 2477 2482 2483 
2469 2477 
2450 2455 
2452 
2454 2456 2469 
2469 2482 2483 2484 
2480 2486 
2490 
2469 2470 
2901 
2481 2485 2486 2901 
2475 2485 2486 
2479 2589 2901 
2469 2474 2483 2905 
2469 2474 2482 2905 
2474 2485 
2479 2480 2484 2486 
2475 2479 2480 2485 

2910 
2606 2919 
2476 

2921 2922 
2173 2270 2284 
2496 2497 2498 2506 
2284 2286 2287 2506 
2494 2506 
2494 
2494 
3393 


2514 


2399 2410 2507 2508 2516 2519 
2284 2285 2286 2287 2494 2495 2496 
2505 2513 2519 2525 2526 2527 
2410 2411 2505 2519 
2512 2522 2523 
2512 

2509 2510 
2507 2525 2526 2527 
2502 2533 
2533 
2285 2505 
2536 
2522 2524 
2410 2411 2505 2507 2508 
2535 
2522 2523 
2509 2518 2521 
2509 2521 
2518 
2507 2513 2527 2528 
2507 2513 2528 2531 
2507 2513 2525 2531 
2525 2526 2529 2531 2540 
2528 2531 2540 2545 
2430 2434 2540 2545 
2526 2527 2528 2529 2540 

2514 2515 
2315 2422 2535 
2520 2534 
2317 2318 2517 2538 
2316 2317 2318 2552 2553 
2317 2536 2554 2555 
2427 2558 
2528 2529 2530 2531 2546 
2546 2548 2560 2565 
2544 2550 3428 

2542 
2529 2530 
2540 2541 2560 2564 2565 
2549 
2541 2566 
2547 
2542 
2329 2345 2437 2567 
2328 2329 2346 2537 2553 2569 
2330 2331 2346 2537 2552 2556 2569 
2538 2556 
2538 
2330 2331 2553 2554 2570 
2453 2458 2463 2561 2572 
2427 2539 
2444 2463 2561 2562 2563 
2541 2546 2562 2563 2565 
2444 2463 2557 2559 2563 
2559 2560 2565 
2463 2559 2560 2561 
2433 2546 2565 
2541 2546 2560 2562 2564 
2548 
2234 2345 2437 2453 2458 2551 2572 
2346 2348 2361 2569 
2346 2552 2553 2568 
2350 2556 3450 

2453 2458 2557 2567 
2574 2576 
2573 2583 

2573 
2580 
2590 2592 2597 2599 
2594 2601 3465 3466 
2577 
2583 2603 
2586 
2574 2581 
2588 3472 
3465 
2582 2587 2588 
2586 
2584 2586 
2481 3045 
2578 2592 2595 
2596 2597 3047 
2374 2578 2590 2597 
2595 3047 
2579 2601 
2590 2593 3047 3048 3049 
2591 2597 2599 2602 2604 3052 
2578 2591 2592 2596 2599 
2600 2601 
2578 2596 2597 2604 
2598 3049 3475 
2579 2594 2598 3465 3475 
2596 2604 3050 3051 3052 3053 
2581 2604 3051 3052 
2596 2599 2602 2603 3051 3052 
3056 
2489 3056 3057 
854 2243 2244 
853 855 856 857 858 880 881 2246 
856 858 2248 2625 
2252 2611 2612 
2252 2610 2613 2617 
2610 
2252 2259 2611 
2254 2255 2258 2620 
2620 2634 
2620 2621 
2611 2618 
2617 2619 2637 
2618 2637 
2614 2615 2616 
2616 2641 
2624 2626 2629 2649 
2626 2649 
854 879 2622 2629 
2609 
2622 2623 2629 2649 
2629 

2622 2624 2626 2627 2649 

2633 2650 2655 
2633 2655 2661 
2631 2632 2636 2650 2655 2662 
2615 2636 
2640 2657 2658 2782 2801 
2633 2634 2657 2658 2782 
2618 2619 
2640 2641 2666 2788 2806 2924 2925 2947 3060 3083 3084 
2641 2663 2665 2666 2806 2924 2925 2947 
2635 2638 2782 2788 2806 2925 
2621 2638 2639 2902 2924 2925 
2672 
2645 2646 2647 2668 
883 909 2668 
2643 2646 2647 
2643 2645 
926 2643 2645 
2652 2674 
2622 2623 2626 2629 
2631 2633 2655 2656 
2653 2654 2679 
2648 2674 
2651 2660 2661 2679 
2651 2661 
2631 2632 2633 2650 2675 
2650 2672 2675 
2635 2636 2782 2800 2801 
2635 2636 2676 2800 2801 
2660 2678 2679 2680 2958 2959 
2653 2659 2675 2678 2679 2680 
2632 2653 2654 
2633 2664 2665 2681 2946 
2639 2665 2666 2681 2684 2946 2947 2961 
2662 2665 2666 2681 2682 2684 2946 2947 2961 2963 
2639 2662 2663 2664 2676 2681 
2638 2639 2663 2664 2684 2947 2961 
2671 
925 2643 2644 2669 
925 2668 2673 2686 

2667 
2642 2656 2675 
2669 2686 
2648 2652 2675 
2655 2656 2660 2672 2674 2679 
2658 2665 2681 

2659 2660 2680 2683 2693 2695 2959 
2651 2653 2659 2660 2675 2959 
2659 2660 2678 2683 2693 2695 2958 2959 
2662 2663 2664 2665 2676 2683 2684 2946 2963 
2664 2684 2946 2961 2963 
2678 2680 2681 2946 
2663 2664 2666 2681 2682 2946 2947 2961 2963 
2700 2702 
2669 2673 
2689 2692 
2707 
2687 2707 2708 
2696 2713 2717 
2713 
2687 2693 2695 2716 2975 
2678 2680 2692 2695 2959 2975 
2696 2716 
2678 2680 2692 2693 2975 
2690 2694 
2976 2977 2978 2989 
2722 
945 946 959 2701 
960 2685 2702 
959 960 2699 
960 2685 2700 2718 2719 
2704 2708 2710 2722 2729 
2703 2709 2710 
2721 
2721 2878 
2688 2689 
2689 2703 2722 2729 
2704 2711 2713 2715 2717 2731 2732 
2703 2704 2725 2729 2731 2732 
2709 2715 2716 2727 2731 2735 
2717 2733 2736 
2690 2691 2709 2717 
2856 2859 2878 
2709 2711 2731 2735 
2692 2694 2711 
2690 2709 2712 2713 
2702 2740 
961 978 979 2702 
981 998 2742 2743 
2705 2706 
2698 2703 2708 2728 2729 2730 
2728 2729 2730 2744 2749 2750 

2710 2731 2732 
2748 
2711 2729 2730 2735 
2722 2723 2730 2749 2750 
2703 2708 2710 2722 2723 2727 
2722 2723 2727 2728 2749 2750 2751 
2709 2710 2711 2715 2725 
2709 2710 2725 
2712 2736 2878 
2752 2755 
2711 2715 2727 
2712 2733 3027 
2739 2741 2744 2745 2746 
2744 2745 2746 
994 2737 2741 2744 2745 2746 
979 995 996 2718 
996 2737 2739 2746 
997 998 2720 2748 
998 2720 2748 
2723 2737 2738 2739 2746 
2737 2738 2739 2746 
2737 2738 2739 2741 2744 2745 

2726 2742 2743 
2723 2728 2730 2751 
2723 2728 2730 2751 
2730 2749 2750 2753 
2734 2755 2756 
2751 2754 
2753 
2734 2752 
2752 
1020 1022 
2362 2363 
2763 2764 2779 
2370 2763 2764 2765 2779 

2367 
2759 2760 2765 2779 2780 
2368 2369 2370 2759 2760 2765 
2370 2760 2763 2764 2770 2779 
2787 2789 3592 
2785 2787 2789 
3045 3046 

2370 2372 2374 2765 
2787 2791 3048 
2791 3048 
1018 1033 
1017 1018 1033 1034 
1035 2776 2792 2793 2795 
2775 2795 

1037 1038 
2759 2760 2763 2765 
2763 2783 2784 2797 2798 2802 2803 
2783 2797 2798 2802 
2635 2636 2640 2657 2801 
2780 2781 2784 
2780 2783 2788 2802 
2767 2789 2790 
2805 3592 3602 
2766 2767 2771 2789 2791 3592 
2638 2640 2784 2806 3083 3084 
2766 2767 2785 2787 
2785 
2771 2772 2787 
2775 2794 2795 2813 
2775 2795 2813 
2792 2809 2810 2813 2817 
1053 2775 2776 2792 2793 
1053 1055 1056 
2780 2781 2803 
2780 2781 2803 2816 2817 
2818 2819 
2657 2658 
2635 2657 2658 2782 2806 
2780 2781 2784 
2780 2797 2798 2804 2821 2823 
2803 2821 2822 2823 2824 
2786 3602 
2638 2639 2640 2788 2801 
3063 3064 3086 
1088 2809 2810 2831 
2794 2808 2815 2817 2831 2832 
2794 2808 2815 2816 2817 2831 2832 
2833 2837 
1053 1056 
1053 2792 2793 2794 
2815 2816 2817 2820 2836 
2809 2810 2814 2817 2820 2836 
2798 2810 2814 
2794 2798 2809 2810 2814 2815 
2799 2824 3632 
2799 3625 
2814 2815 2822 2836 
2803 2804 2822 2823 2828 2841 2842 2844 2845 
2804 2820 2821 2828 2844 2845 
2803 2804 2821 2824 2842 2845 
2804 2818 2823 2829 3632 
2829 3622 3632 
2848 
2828 
2821 2822 2827 2844 
2824 2825 2847 3632 
3621 3622 3872 
1087 1088 1089 2808 2809 2810 
1089 2809 2810 2835 
1091 2811 
1091 
2832 
2814 2815 2820 
2811 
2843 2846 2854 2855 2863 
2846 2854 2855 3655 
2856 2857 2858 2859 2861 
2821 2843 2844 2845 2861 2862 
2821 2823 2843 2845 2861 
2838 2841 2842 2845 2862 2863 
2821 2822 2828 2841 
2821 2822 2823 2841 2842 2843 
2838 2839 3647 
2829 2863 3647 
2826 2849 2977 3096 3116 
2848 2864 2865 3116 
2864 3116 
1118 2868 2870 
1122 2853 2854 2871 2873 3655 3673 
2852 2855 2873 3655 3659 3673 3675 
2838 2839 2852 2873 3655 
2838 2839 2853 2863 3655 
2714 2840 2858 2859 
2840 2859 2860 2878 
2840 2856 2860 2861 
2714 2840 2856 2857 2860 2878 
2857 2858 2859 2879 2885 2887 
2840 2841 2842 2858 2862 
2841 2843 2861 2863 
2838 2843 2847 2855 2862 
2849 2850 2865 2884 2885 
2849 2864 2884 2885 

2868 2869 2874 2891 
1118 2851 2867 2874 2891 2892 2893 
2867 2874 2891 2893 
1121 2851 2876 2877 
1108 1122 2852 2873 3673 
2876 2877 
2852 2853 2854 2871 2877 3659 3673 3675 
2867 2868 2869 2891 
2879 
2870 2872 2877 2893 
2870 2872 2873 2876 2880 
2706 2714 2733 2857 2859 
2860 2875 2886 
2877 2883 3675 3691 
2883 2888 2889 3662 
2888 2889 2898 2899 
2880 2881 2888 2889 2898 3662 3679 
2864 2865 2887 3130 3149 
2860 2864 2865 2887 
2879 3150 
2860 2884 2885 3150 
2881 2882 2883 3662 3679 
2881 2882 2883 3134 3172 
1134 
2867 2868 2869 2874 2892 2893 2895 
2868 2891 
2868 2869 2876 2891 
2895 
2891 2894 


2882 2883 2899 
2882 2898 
2923 
2478 2479 2481 
2641 2907 2924 2925 2926 3060 3061 
2906 2907 2924 2925 
2923 2927 2929 
2482 2483 
2903 2908 2919 
2902 2903 
2906 2918 2919 2931 2932 2939 
2911 2933 
2488 
2909 
2914 2915 2916 2917 2920 2921 2922 2936 2943 
2915 2916 2917 
2912 2916 2917 2921 
2912 2913 2917 2920 2936 
2912 2913 2914 
2912 2913 2914 2915 2936 2938 
2908 2921 2940 2941 
2489 2906 2908 
2912 2915 2922 2943 
2492 2912 2914 2918 2940 
2492 2912 2920 2943 
2900 2904 
2638 2639 2641 2902 2903 2926 3060 3061 
2638 2639 2640 2641 2902 2903 3060 3061 
2902 2924 2930 2932 
2904 2933 2934 2948 
2933 
2904 
2926 2931 2932 
2908 2930 2938 2939 2941 
2908 2926 2930 2937 2938 2941 
2909 2927 2928 2934 
2927 2933 2936 2943 
2937 2943 
2912 2915 2917 2934 2937 
2932 2935 2936 2952 
2917 2931 2932 2941 2952 
2908 2931 2941 3065 3070 3088 
2918 2921 3077 
2918 2931 2932 2938 2939 
2943 
2912 2920 2922 2934 2935 2942 
2946 
2948 2965 
2662 2663 2664 2681 2682 2683 2684 2944 2963 
2638 2639 2663 2664 2666 2684 2961 2963 3084 3095 
2927 2945 2965 
2964 
3095 3099 3104 
2964 2966 2969 
2937 2938 
2954 2955 2970 2971 2972 
2953 2974 
2953 2956 2974 
2955 
2965 2975 
2659 2680 2965 
2659 2678 2679 2680 2693 
2975 
2663 2664 2666 2682 2684 2947 2963 3095 
2968 2976 2978 
2664 2681 2682 2684 2946 2947 2961 
2949 2951 2966 2969 2981 
2945 2948 2957 2958 2966 
2951 2964 2965 2969 2981 

2962 
2951 2964 2966 2981 
2953 2971 2972 
2953 2970 2973 2974 2986 
2953 2970 2974 
2971 2982 2983 2986 2987 
2954 2955 2971 2972 
2692 2693 2695 2957 2960 
2697 2962 2978 2980 2989 2994 
2697 2848 2989 
2697 2962 2976 2994 
2980 2992 
2976 2979 2992 2994 3135 
2964 2966 2969 
2973 2984 2986 2987 3000 3001 3002 
2973 2986 2987 3000 3001 3002 
2982 2987 3000 3001 3002 
2995 2996 2999 3004 3006 
2971 2973 2982 2983 3000 
2973 2982 2983 2984 2988 3008 
2987 3126 3128 
2697 2976 2977 2994 3130 3131 
2997 3013 3014 

2979 2980 2994 
3015 3016 3131 3135 
2976 2978 2980 2989 2992 3131 3135 
2985 2998 2999 3004 
2985 2998 2999 3004 
2990 2999 3017 
2995 2996 3004 3007 
2985 2995 2996 2997 3004 
2982 2983 2984 2986 3001 3002 3006 3007 
2982 2983 2984 3000 
2982 2983 2984 3000 3003 3018 3020 
3002 3021 
2985 2995 2996 2998 2999 3006 
3022 
2985 3000 3004 
2998 3000 3023 3024 3025 
2987 3009 3025 
3008 

3012 3027 
3011 3027 
2990 3017 3020 
2990 3017 3020 
2993 3153 
2993 3152 3153 
2997 3013 3014 
3002 3020 
3036 3044 
3002 3013 3014 3018 
3003 3140 3164 
3005 3024 
3007 3025 3041 
3007 3022 3025 3034 3041 
3007 3008 3023 3024 
3036 3043 3044 3164 
2736 3011 3012 
3029 
3028 3033 
3152 

3039 
3029 3039 
3024 3039 

3019 3026 3042 3043 3044 
3043 3044 3180 

3032 3033 3034 

3023 3024 
3036 3043 3044 
3026 3036 3037 3042 
3019 3026 3036 3037 3042 
2589 2768 
2768 3062 3068 
2591 2593 2595 3049 
2595 2771 2772 
2595 2600 3047 3475 
2602 3051 3052 3053 
2602 2603 2604 3050 3053 
2596 2602 2603 2604 3050 
2602 3050 3051 3055 3073 

3053 3057 3058 3073 3077 
2605 2606 3058 
2606 3055 
3055 3056 
3082 3845 
2638 2902 2924 2925 3083 3084 
2902 2924 2925 3083 3084 
3046 3066 3067 3068 
2807 3086 
2807 3086 
2939 3074 3087 3088 
3062 3068 
3062 3074 3075 
3046 3062 3066 
3852 
2939 3071 3073 3074 3077 3079 3087 3088 
3070 3073 3074 3075 3077 3078 3079 3087 3088 3089 3090 3093 
3074 3075 3078 3079 3089 3090 3093 
3053 3055 3070 3071 3077 3079 
3065 3067 3070 3071 3072 3079 3087 3088 3089 
3067 3071 3072 3079 3087 3088 3089 3090 
3080 
2940 3055 3070 3071 3073 3079 3087 3088 
3071 3072 3093 
3070 3071 3072 3073 3074 3075 3077 3087 3088 3089 3093 
3076 3082 3094 3856 
3094 
3059 3080 
2638 2788 3060 3061 
2638 2788 2947 3060 3061 

2807 3063 3064 
3065 3070 3071 3074 3075 3077 3079 3089 3105 
2939 3065 3070 3071 3074 3075 3077 3079 3089 3105 
3071 3072 3074 3075 3079 3087 3088 3101 3105 3106 
3071 3072 3075 3093 3101 


3071 3072 3078 3079 3090 
3080 3081 3856 
2947 2950 2961 3099 
2848 3116 
3116 
3102 3103 
2950 3095 3104 
3101 3104 3106 
3089 3090 3100 3105 3106 3107 3108 
3098 3103 
3098 3102 3121 
2950 3099 3100 3106 
3087 3088 3089 3101 
3089 3100 3101 3104 3107 3123 
3101 3106 3108 3114 3115 3123 
3101 3107 
3902 
3112 3113 3126 3127 3128 
3113 3114 3127 
3110 
3110 3111 3114 3126 3127 
3107 3111 3113 
3107 
2848 2849 2850 3096 3097 
3118 
3117 3120 3888 3893 3912 
3125 
3118 3893 3894 3912 
3103 3893 
3139 
3106 3107 3127 3129 
3145 3146 3147 
3119 3142 3145 3146 
2988 3110 3113 3128 
3110 3111 3113 3123 3129 
2988 3110 3126 3129 3138 3139 
3123 3127 3128 3138 3139 3141 3142 3144 
2884 2989 3149 
2989 2993 2994 3135 3153 
3137 
3137 3151 
2889 3666 3912 
2980 2993 2994 3131 

3132 3133 3157 
3128 3129 3140 3141 
3122 3128 3129 3141 
3021 3138 3164 
3129 3138 3139 3142 3144 
3125 3129 3141 3144 3146 
3166 
3129 3141 3142 
3124 3125 3147 
3124 3125 3142 3147 
3124 3145 3146 

2884 3130 3151 3153 3154 3156 
2886 2887 3170 3171 
3133 3149 3154 3156 
3016 3030 
3015 3016 3131 3149 
3149 3151 3156 
3161 
3149 3151 3154 3174 
3137 3159 3160 
3160 
3157 
3157 3158 
3155 3166 3175 3178 3181 

3179 3931 
3021 3026 3140 
3181 
3143 3161 
3168 
3167 

3150 3171 
3150 3170 
2889 
3175 
3156 3175 
3161 3173 3174 3178 
3178 

3161 3175 3176 
3163 
3037 
3161 3165 

3196 
3185 
3184 
3188 3204 
3204 
3186 3204 
3191 3194 
3191 
3189 3190 3194 

3195 3210 
3189 3191 3208 3209 
3193 
3183 3198 3202 
3211 
3196 3202 3203 
1377 1395 
3204 3205 
1395 1397 
3196 3198 
3198 
3186 3187 3188 3200 
3200 3212 
3208 3216 
3306 3319 
3194 3206 
3194 
3193 3395 
3197 3222 3223 
3205 3324 3326 
3228 
3306 
3217 3229 
3206 
3215 3219 3229 3231 
3228 3229 3231 
3217 
2302 2319 
3310 3406 
3211 3224 3227 
1420 3211 
1420 2322 3222 3227 
1422 1423 
1424 3236 3237 3238 
2309 3222 3224 
3213 3218 
3215 3217 3218 3230 3231 
3229 3240 
3217 3218 3229 
2319 3418 
3245 3418 3419 
3247 
1422 3236 
3226 3235 
3226 
1425 3226 3324 3325 

3230 
3243 3244 3257 
3245 
3241 3244 3257 
3241 3243 3256 3257 
3233 3242 
3247 3255 3262 
3234 3246 3261 3262 

3251 
3251 
1451 3249 3250 

3254 3260 
3253 3260 
3246 3256 3259 
3244 3255 3258 3259 
3241 3243 3244 3260 
3256 3260 3261 3262 
3255 3256 3261 3262 3268 3271 
3253 3254 3257 3258 
3247 3258 3259 
3246 3247 3258 3259 
3276 3280 

3266 
3265 3268 
3272 
3259 3266 3270 3272 
3285 
3268 3285 3451 3463 
3259 
3267 3268 
1476 2352 3275 
1871 1873 1874 3275 
3273 3274 
1876 3263 
3280 3375 
3281 3282 
3281 3282 
3263 3277 3375 
3278 3279 3283 
3278 3279 
2373 2375 3281 
3593 3711 
3269 3270 
1505 
1492 3300 
3291 3301 
3291 
3291 3295 3302 3304 
3288 3289 3290 3295 3296 3301 3304 
3298 
3294 
3293 
3290 3291 3296 3304 3311 
3291 3295 
3298 3489 
3292 3297 

1492 3287 3301 
3288 3291 3300 3305 
3290 3304 3308 
3304 3308 
3290 3291 3295 3302 3303 
3301 
3207 3214 3319 
3309 3320 3321 
3302 3303 
3307 3320 3321 
3221 3322 
3295 3312 
3311 
3324 3325 3326 

1520 3317 3318 

3315 
3315 
3207 3306 3329 3333 
3307 3309 3321 3322 
3307 3309 3320 
3310 3320 3329 3333 
3331 3334 3335 
1409 1425 3212 3238 3313 3326 
3238 3313 
3212 3313 3324 3328 

3326 
3319 3322 3333 
3334 3344 
3323 3334 3335 
3351 
3319 3322 3329 
3323 3330 3331 
3323 3331 

3338 3340 3353 
3337 3340 
1547 1556 1557 3354 
3337 3338 
3343 3348 

3341 3348 3361 
3330 3349 3350 3360 
3349 3350 3360 
3347 3352 3360 3361 
3346 
3341 3343 
3344 3345 3350 3351 3551 
3344 3345 3349 
3332 3349 3551 
3346 3539 
3337 
1557 3339 
1567 1569 
3359 
3361 3365 

3356 
3344 3345 3346 3361 
3343 3346 3357 3360 
3364 3366 3367 3374 3376 
3366 
3362 3366 3367 3376 3379 
3357 
3362 3363 3364 3367 
3362 3364 3366 3377 
3370 3371 3372 3564 
3371 3372 
3368 3371 3372 3564 
3368 3369 3370 3579 
3368 3369 3370 
3386 
3362 3376 
3277 3280 
3362 3364 3374 3379 
3367 
3702 3703 3704 3707 3708 3709 
3364 3376 
3381 3713 3716 
3380 3382 3385 
3381 3384 3385 

3382 3385 3717 
3381 3382 3384 
3373 



3392 3500 
3400 3502 
3390 3500 
2499 
3396 
3210 3404 3405 3406 
3394 
3409 3413 

3402 3412 3414 3415 
3391 

3399 3414 
3418 
3395 3405 3406 3409 
3395 3404 3409 
3221 3395 3404 
3411 3423 3424 
3410 
3397 3404 3405 
3408 3415 3429 
3407 3415 3424 3430 3432 
3399 3414 3432 
3397 3416 3522 3525 
3399 3402 3412 
3399 3410 3411 3430 
3413 
3419 3420 3421 3426 
3232 3233 3403 
3233 3417 3421 
3417 3425 3426 
3417 3419 3426 
3427 
3407 3424 3429 3440 
3407 3411 3423 3429 3430 3432 
3420 3432 
3417 3420 3421 3442 
3422 
2542 3440 
3410 3423 3424 3430 3433 
3411 3415 3424 3429 3432 3433 

3411 3412 3424 3425 3430 
3429 3430 3447 
3437 
3437 3528 
3528 3549 
3434 3435 
3441 
3442 3443 3455 3457 
3423 3428 
3438 
3426 3439 3443 
3439 3442 3456 3457 
3546 3547 3548 3558 

3459 
3433 3459 
3450 
3463 
2570 3448 
3270 3454 
3454 3455 3457 3471 
3455 3457 3471 
3451 3452 3455 
3439 3452 3453 3454 3457 
3443 
3439 3443 3452 3453 3455 
3473 
3446 3447 

3549 
3558 
3270 3449 3476 
3474 3564 
2579 2585 2601 3472 
2579 3468 3472 

3466 3476 
3471 3474 

3452 3453 3469 
2584 3465 3466 3479 
3458 3486 
3464 3469 
2600 2601 3049 
3463 3468 

3836 
3472 3486 
3481 3482 3838 3842 3850 
3480 3569 3850 
3480 3569 3850 
3485 3844 3845 
3844 3845 
3483 3487 
3473 3479 
3485 

3297 3494 3496 3503 
3505 3506 
3505 3506 
3506 

3489 3496 3503 
3496 3497 
3489 3494 3495 3505 3507 
3495 3498 3507 
3497 3505 3507 

3390 3392 

3391 
3489 3494 3513 
3513 
3490 3491 3496 3498 3506 3507 
3490 3491 3492 3505 3507 
3496 3497 3498 3505 3506 

3510 
3509 3530 
3512 
3511 
3503 3504 
3515 3516 3520 3531 
3514 3517 3518 3520 3531 
3514 3520 3531 
3515 
3515 
3523 
3514 3515 3516 3531 

3413 3525 3536 
3519 3525 3526 
3526 3536 
3413 3522 3523 3536 
3523 3524 3527 3530 
3526 
3435 3436 

3510 3526 
3514 3515 3516 3520 3533 3535 
3533 3535 3538 3543 3544 
3531 3532 3535 3538 
3540 
3531 3532 3533 3538 3543 
3522 3524 3525 3548 

3532 3533 3535 
3352 3553 
3534 3543 3544 
3545 
3545 
3532 3535 3540 3545 
3532 3540 3553 
3541 3542 3543 
3444 3548 3549 3558 
3444 3558 3559 3562 
3444 3536 3546 
3436 3461 3546 

3349 3351 
3553 
3539 3544 3552 


3558 
3560 3566 3571 
3444 3462 3546 3547 3556 
3547 3562 3571 
3557 3563 3566 3571 3574 
3575 
3547 3559 
3560 
3368 3370 3464 

3557 3560 3571 3572 3574 

3575 
3481 3482 
3573 3574 3576 3582 
3557 3559 3560 3566 3574 
3566 3574 
3570 
3560 3566 3570 3571 3572 
3561 3568 
3570 3584 3586 
3583 3587 
3579 3580 
3371 3578 
3578 
3959 
3570 
3577 
3576 3586 

3576 3584 
3577 
1871 1873 1875 1876 



2766 2786 2787 3602 
3284 3601 3606 3711 
3607 3608 3831 

3597 3598 3605 
3596 3832 
3596 3606 
1890 1892 3612 
3613 3617 
3593 3606 
2786 2805 3592 

3617 
3596 
3593 3598 3601 3711 
3594 3623 
3594 
3624 3729 3740 3860 3861 
1890 3612 3625 
1890 3612 3625 
1890 3599 3610 3611 
3600 3615 3617 
1911 1926 3627 
3613 3627 3629 

3600 3604 3613 3618 
3617 3620 
3620 
3618 3619 3633 3634 
2830 3872 
2825 2830 
3607 
3609 3860 3861 
2819 3610 3611 
3638 3645 
1911 1926 3614 3615 
3629 3645 
3615 3628 
3631 3646 
3630 3643 3646 3745 3764 
2818 2824 2825 2829 
3620 
3620 
3636 3873 3889 3890 
3635 3654 3873 
3650 3653 3654 3755 
3626 3645 3655 
3640 3656 
3639 3641 3644 3658 
3640 3643 3646 3658 
3744 
3631 3641 3646 3744 3745 
3640 
3626 3628 3638 
3630 3631 3641 3643 3649 3660 
2846 2847 3651 3652 
3650 
3646 3660 3665 
3637 3648 
3647 3666 3887 
3647 3666 
3637 3672 3755 
3636 3637 3672 3755 3918 
2839 2852 2853 2854 2855 3638 3659 
3639 
1961 1962 
1961 1962 1963 1978 3640 3641 
2853 2873 3655 3673 3675 
3646 3649 
3679 3680 3681 
2881 2883 2888 3666 3679 

3667 3670 3671 3684 
3649 3670 3671 3684 
3134 3651 3652 3662 
3664 3669 3670 3671 3687 3917 
3687 3689 3916 3917 3918 
3667 3687 3916 3917 
3664 3665 3667 
3664 3665 3667 3672 
3653 3654 3671 3918 
1122 2852 2853 2871 2873 3659 3675 

2853 2873 2880 3659 3673 3691 
3681 3694 
3681 3693 3694 
3807 
2883 2888 3661 3662 
3661 3681 3693 3696 
3661 3676 3677 3680 3693 3696 
3807 3808 3822 
3688 3697 3698 3807 
3664 3665 3688 3689 
3687 3925 3944 
3688 3689 3698 3700 
3667 3668 3669 3685 3925 
3683 3684 3686 3698 
3668 3684 3686 
1993 1995 1996 
2880 3675 
3693 
3677 3680 3681 3692 3694 3696 
3676 3677 3693 3697 
3699 
3680 3681 3693 3699 
3683 3694 3698 
3683 3686 3688 3697 
3695 3696 3944 
3686 3945 

2012 2029 3378 3704 3707 
2012 3378 3704 3707 3709 
3378 3702 3703 3707 3708 3709 
3706 3707 3723 
3705 3708 3723 
3378 3702 3703 3704 3705 
3378 3704 3706 3709 
3378 3703 3704 3708 
3712 3721 3725 3726 
3284 3593 3606 3712 3721 3725 
3710 3711 
3380 
3717 
3974 
3380 
3384 3714 

2029 2044 2045 3731 
3734 
3710 3711 3726 3732 
3726 3732 
3705 3706 
3734 
3710 3711 3728 3729 
3710 3721 3722 3732 
3739 
3725 3957 
3609 3725 3740 
2041 2063 3744 3745 
2045 3719 3734 3746 
3721 3722 3726 3733 
3732 3747 3748 3749 3751 
3720 3724 3731 
3737 3742 
3742 3757 
3735 3739 3743 3759 
3739 3743 3759 
3727 3737 3738 3743 
3609 3729 3860 
3988 
3735 3736 3743 3989 
3737 3738 3739 3742 3759 
2063 3642 3643 3730 
2063 3631 3643 3730 
2045 3731 3750 3753 
3733 3749 3751 3754 
3733 3750 3751 3754 3761 3765 
3733 3747 3751 
3746 3748 3752 3753 3760 3761 3768 
3733 3747 3748 3749 3754 
3750 3766 3767 3768 
3746 3750 3760 3762 3768 
3747 3748 3751 3764 3769 3770 
3637 3653 3654 3772 3874 4004 
3758 3770 3774 
3736 
3756 
3737 3738 3743 
3750 3753 
2063 3748 3750 3765 
2085 3753 3779 3780 3781 3782 3783 
3765 3769 3784 3785 
3631 3754 3765 3769 
3748 3761 3763 3764 3785 
3752 3768 
3752 
3750 3752 3753 3766 
3754 3763 3764 3770 
3754 3756 3769 3771 3773 
3770 
3755 3773 3774 
3770 3772 4041 
3756 3772 
3792 3793 4021 4022 4023 4024 4025 4026 4045 4046 
2094 2095 3777 
2095 3776 3784 3785 3786 
2097 3796 
3762 3788 3789 
3762 3783 3798 
3762 3783 3798 
3762 
3762 3780 3781 
3763 3777 3786 
3763 3765 3777 3787 
3777 3784 3787 3802 
3785 3786 3803 3806 
3779 
3779 3797 3804 3805 

3792 3793 
3775 3791 4021 4022 4045 4046 4066 
3775 3791 4021 4022 4023 4024 4026 4045 4046 
3802 3816 
2140 2141 3816 3817 
2097 3778 3816 
3789 3804 3805 
2119 3780 3781 
3801 3805 3819 
3805 3819 
3799 3805 3819 
3786 3794 3803 
3787 3802 3824 
3789 3797 
3789 3797 3799 3800 3801 3809 3811 
3787 3808 3812 3813 
3678 3682 3683 3822 
3682 3806 3822 
3805 3810 3811 
3809 
3805 3809 
3806 
3806 4064 
3829 
3829 
2118 3794 3795 3796 3817 
2140 3795 3816 3818 3821 
3817 
3799 3800 3801 
3824 
3817 
3682 3807 3808 

3803 3820 3825 
3824 3829 
4064 4078 4080 
3830 
3829 3830 
3814 3815 3825 3828 
3827 3828 
3594 
3597 3956 3957 3970 
3834 3837 3852 3853 
3833 3837 3853 3857 
3837 3839 3840 3841 3853 
3478 3840 3841 
3833 3834 3835 3853 
3480 3840 3841 3842 3843 3850 
3835 3841 3842 3847 3848 3849 3855 
3835 3836 3838 3849 3855 
3835 3836 3838 3839 
3480 3838 3839 3847 3848 3849 3850 
3838 3850 
3483 3484 
3059 3483 3484 3846 
3845 3857 3858 3859 
3839 3842 3848 3849 3850 
3839 3842 3847 
3839 3840 3842 3847 3855 
3480 3481 3482 3838 3842 3843 3847 

3069 3833 3862 
3833 3834 3835 3837 3859 3864 3865 
3858 3859 3864 3865 3867 3868 3869 
3839 3840 3849 3866 
3080 3094 
3834 3846 
3846 3854 3865 3868 
3846 3853 3854 
3609 3624 3740 3874 4004 4005 
3609 3624 3874 
3852 3864 
3866 3878 
3853 3854 3862 
3853 3854 3858 3869 
3855 3863 3870 3884 
3854 3869 3870 3884 
3854 3858 
3854 3865 3867 3870 3884 
3866 3867 3869 3884 
3886 
2830 3621 3887 3888 
3635 3636 3889 3890 
3755 3860 3861 4004 4005 
3895 
3883 
3880 3899 
3863 4012 
3892 3899 4027 
3877 3892 3899 


3876 3900 
3866 3867 3869 3870 
3905 3908 
3871 
3651 3872 
3118 3872 3893 3894 
3635 3873 3891 3895 3896 3917 
3635 3873 
3889 3895 3896 3897 3917 3920 
3879 3880 3899 4027 
3118 3120 3121 3888 
3120 3888 3912 3919 
3875 3889 3891 3896 3920 
3889 3891 3895 3920 
3891 3898 3899 3901 3920 
3897 3901 
3877 3879 3880 3892 3897 4027 
3883 
3897 3898 
3109 

3906 3922 
3885 3907 3908 
3904 
3905 3910 
3885 3905 
3911 4014 4015 4037 
3907 
3909 4036 4037 
3118 3120 3134 3894 
3914 3915 3919 3924 
3913 3919 3920 3925 3929 
3913 3919 3924 3925 
3668 3669 3918 
3667 3668 3669 3889 3891 
3654 3668 3672 3916 4020 
3894 3913 3914 3915 3920 
3891 3895 3896 3897 3914 3919 

3904 3938 3939 
3939 3940 3942 
3913 3915 3925 
3685 3687 3914 3915 3924 3929 
3930 3945 3950 
3928 3931 3932 3947 3948 3952 
3927 3933 3948 
3914 3925 
3926 3950 
3163 3927 
3927 3951 3952 
3928 3934 3935 
3933 3939 3940 
3933 3940 

3939 3954 
3922 3939 
3922 3923 3934 3937 3938 3942 
3923 3934 3935 3941 3942 
3940 3955 
3923 3939 3940 3955 
3944 3946 3947 3948 
3685 3699 3943 
3700 3926 3950 
3943 3948 
3927 3943 3948 
3927 3928 3943 3946 3947 3952 

3926 3930 3945 
3932 3952 
3927 3932 3948 3951 

3937 
3941 3942 
3832 3970 
3728 3832 
3972 3973 
3581 
3962 3963 3965 3966 3976 3977 3978 
3964 3965 3980 
3960 3963 3965 3976 3977 3978 
3960 3962 3966 3977 
3961 
3960 3961 3962 3966 
3960 3963 3965 

3983 3984 
3986 
3832 3956 3972 3973 
3973 3975 3988 
3958 3970 3973 
3958 3970 3971 3972 3976 
3715 
3971 3979 3980 3981 
3960 3962 3973 3978 
3960 3962 3963 
3960 3962 3976 3993 
3975 3981 3996 
3961 3975 
3975 3979 

3968 3987 
3968 3987 
3986 
3969 3985 
3983 3984 
3741 3971 4005 4008 
3742 
3995 
4007 
3996 4008 4012 
3978 3995 
3996 4008 
3990 3993 
3979 3992 3994 4008 
4012 


4002 4003 
4003 
4000 4019 
4000 4001 4019 
3755 3860 3874 
3860 3874 3988 

3991 
3988 3992 3994 3996 


4013 4031 
3878 3992 3997 4014 
4011 4017 4019 4033 4034 
3909 4012 4037 
3909 4016 4036 4037 
4015 4036 4037 4039 
4013 4019 

4002 4003 4013 4017 
3918 4027 4048 
3775 3792 3793 4023 4024 4029 4030 4045 4046 
3775 3792 3793 4024 4025 4026 4045 4046 
3775 3793 4021 4025 4026 4030 4045 4046 
3775 3793 4021 4022 4026 4029 4045 4046 
3775 4022 4023 
3775 3793 4022 4023 4024 
3879 3892 3899 4020 4047 
4032 
4021 4024 4031 4045 4046 
4021 4023 4045 4046 
4011 4029 4034 4046 
4028 
4013 4035 
4013 4031 
4033 
3911 4015 4016 4039 4040 4055 4056 4059 4062 4063 
3909 3911 4014 4015 4016 
4040 4058 4059 4060 4061 4063 
4016 4036 4061 
4036 4038 4055 4056 4057 4058 4059 4060 4061 4062 4063 
3773 4043 4044 
4044 4065 4069 4071 
4041 4047 4069 
4041 4042 4047 4050 4069 
3775 3792 3793 4021 4022 4023 4024 4029 4030 
3775 3792 3793 4021 4022 4023 4024 4029 4030 4031 
4027 4043 4044 4052 4069 
4020 4069 
4052 4069 4072 
4044 
4072 4073 
4047 4049 4059 

4075 4076 
4036 4040 4057 4058 4059 4060 4061 4062 4063 
4036 4040 4057 4058 4059 4060 4061 4062 4063 
4040 4055 4056 4060 4061 4062 4063 
4038 4040 4055 4056 4060 4061 4062 4063 
4036 4038 4040 4052 4055 4056 4062 4063 
4038 4040 4055 4056 4057 4058 4062 4063 
4038 4039 4040 4055 4056 4057 4058 4063 
4036 4040 4055 4056 4057 4058 4059 4060 
4036 4038 4040 4055 4056 4057 4058 4059 4060 4061 
3813 3826 4079 4080 
4042 4069 4070 4071 4072 
3792 4067 
4066 4081 4084 4085 
4079 
4042 4043 4044 4047 4048 4049 4065 
4065 4079 4080 4082 4083 
4042 4065 4072 4073 
4049 4051 4065 4071 
4051 4071 
4086 
4054 4089 4090 
4054 4089 4090 

3826 
4064 4068 4070 4080 
3826 4064 4070 4079 
4067 
4070 4087 
4070 4087 4088 
4067 4085 
4067 4084 4089 4090 
4074 4088 4091 4093 
4082 4083 
4083 4086 4094 
4075 4076 4085 
4075 4076 4085 
4086 4093 
4095 
4086 4091 4094 4095 
4088 4093 
4092 4093 

