2048 4241 0
4 
3 9 26 27 
2 9 30 
1 

7 
6 19 20 21 

2 3 
11 
10 
17 




12 

7 
7 21 
7 20 

24 
23 

2 
2 


3 


38 39 
41 50 51 
45 
46 
42 
33 
33 

34 
37 


35 
36 



34 
34 
53 54 56 
52 56 57 60 
52 
58 59 61 
52 53 57 60 
53 56 60 
55 61 
55 
53 56 57 
55 58 73 



66 
65 






61 

76 
75 


52 80 81 82 83 84 85 86 89 90 97 98 111 112 113 114 118 128 129 130 144 171 
79 82 85 89 90 
79 87 93 94 103 104 
79 80 85 91 92 99 
79 
79 
79 80 82 92 99 
79 
81 
108 
79 80 
79 80 
82 
82 85 
81 
81 


79 
79 
82 85 



81 
81 
106 
105 

88 

111 119 150 
110 112 113 114 115 116 117 122 123 135 136 137 
111 113 117 122 135 136 137 
111 112 114 117 123 
111 113 124 
111 116 
111 115 
111 112 113 123 
128 
110 


111 112 135 
111 113 117 
114 
142 


118 
130 
129 




111 112 122 
111 112 
111 112 




125 



79 80 81 110 111 112 113 114 147 148 149 150 151 152 153 154 155 156 160 161 162 171 172 180 199 232 263 297 322 323 359 651 1948 
146 
146 
146 166 167 168 
146 
146 
146 
146 
146 
146 
146 



146 
146 
146 



149 
149 168 
149 167 


79 111 172 174 177 178 179 189 190 191 192 199 201 203 232 322 323 359 
151 158 171 180 
182 
171 189 


171 
171 
171 
172 

173 






171 174 
171 
171 
171 





226 
201 202 203 
204 
199 202 203 
199 201 203 217 
199 201 202 217 
200 218 


222 
209 
208 

212 
211 


229 

202 203 
204 



207 
224 
223 

198 


215 


233 236 243 244 254 255 263 
232 257 
239 240 
241 251 
232 243 244 256 
261 

234 
234 
235 

232 236 
232 236 256 

247 
246 
249 
248 

235 


232 
232 
236 244 
233 258 
257 


237 
263 264 265 266 271 281 282 
232 262 264 265 266 267 268 271 272 273 283 284 
262 263 266 267 268 269 274 275 276 277 278 
262 263 271 272 
262 263 264 268 285 
263 264 286 287 
263 264 266 269 285 
264 268 274 
296 
262 263 265 
263 265 
263 
264 269 
264 
264 
264 
264 


262 
262 
263 
263 
266 268 
267 
267 



292 
291 
294 
293 

270 
79 146 171 232 262 263 264 265 266 267 268 271 298 299 301 302 303 304 305 312 313 314 315 316 317 318 319 320 322 323 324 326 327 331 333 334 359 375 407 542 651 690 691 
297 299 
297 298 303 313 

297 
297 
297 299 
297 
297 315 






297 
297 299 
297 
297 305 
297 317 
297 316 
297 
297 
297 

171 232 262 263 264 298 323 324 325 326 327 328 330 331 332 333 334 338 339 340 341 352 353 354 355 356 357 359 362 375 407 
171 232 262 263 264 298 299 300 301 306 307 322 324 326 327 330 331 332 333 334 338 339 340 341 355 356 357 358 359 375 407 
322 323 327 331 332 333 338 339 340 354 
322 342 362 
322 323 330 336 
322 323 324 331 332 339 
322 345 
346 
322 323 326 
322 323 324 327 332 338 353 
322 323 324 327 331 353 
322 323 324 334 341 356 
322 323 333 
347 
326 

322 323 324 331 352 
322 323 324 327 
322 323 324 
322 323 333 
325 


328 
329 
335 




322 338 
322 331 332 
322 324 
322 323 
322 323 333 
322 323 
323 
171 232 262 263 322 323 324 325 326 327 328 329 330 331 335 342 343 344 360 361 362 363 367 374 375 407 542 691 
359 
359 372 
359 363 
359 362 



359 
369 
368 


361 

359 
376 380 388 398 399 
375 395 
381 390 
379 384 392 
378 384 
375 388 
377 
391 

378 379 392 



375 380 

377 
382 
378 384 


376 


375 
375 







322 323 359 375 408 409 410 411 412 413 415 425 426 443 470 542 
407 412 
407 413 414 417 418 
407 411 
407 410 423 424 
407 408 426 427 
407 409 414 416 
409 413 417 438 
407 
413 437 
409 414 438 
409 

421 
420 

411 424 
411 423 
407 
407 412 
412 









416 
414 417 




450 
454 487 


448 
447 

443 
452 
451 

444 














470 471 474 477 478 488 489 509 511 518 519 
469 471 472 473 475 476 484 500 501 509 
469 470 472 473 475 476 484 
470 471 473 475 476 484 
470 471 472 485 
469 477 488 489 
470 471 472 499 
470 471 472 
469 474 
469 
490 


496 
497 
470 471 472 
473 
504 

469 474 
469 474 
479 





482 
483 

475 
470 
470 


486 


79 146 171 232 262 263 264 297 322 323 324 359 375 376 407 408 409 443 444 445 469 470 471 472 473 474 475 476 477 478 479 480 481 482 484 487 508 509 510 511 512 513 514 515 516 517 518 519 520 521 522 523 524 525 526 527 528 529 530 531 532 533 534 535 536 537 538 539 540 541 542 543 544 545 546 547 548 549 551 552 553 554 555 556 557 558 565 568 572 573 574 575 576 577 578 579 580 581 582 583 584 585 586 587 588 589 590 592 594 622 623 624 627 651 652 653 689 690 691 692 693 694 784 818 819 856 857 858 887 953 954 955 1020 1021 1224 1264 1332 1366 1367 1465 1531 1532 1573 1879 1948 
79 146 171 232 262 263 297 322 323 359 375 407 408 443 469 470 471 472 473 474 475 476 477 478 507 509 510 511 512 513 514 515 516 517 518 519 520 521 522 523 524 525 526 527 528 529 530 531 532 533 534 535 536 537 538 539 540 542 543 544 545 546 547 548 549 555 556 557 558 581 582 583 584 622 623 624 651 689 690 691 692 693 784 818 856 887 953 954 1367 1465 1879 1948 
507 508 510 511 514 515 516 537 538 
507 508 509 533 534 
507 508 509 517 540 
507 508 
507 508 528 
507 508 509 
507 508 509 535 
507 508 509 
507 508 511 
507 508 
507 508 
507 508 
507 508 
507 508 
507 508 
507 508 
507 508 
507 508 
507 508 
507 508 513 
507 508 
507 508 
507 508 
507 508 
507 508 510 
507 508 510 
507 508 515 
507 508 
507 508 509 
507 508 509 
507 508 
507 508 511 
507 
359 407 469 470 509 543 544 545 546 547 548 549 553 554 563 564 565 566 567 568 569 570 582 583 584 690 691 
542 544 546 555 557 558 579 580 
542 543 558 
542 548 565 567 
542 543 
542 553 
542 545 565 566 567 
542 


560 
542 547 
542 
543 

543 
543 544 

552 
562 
561 
542 
542 
542 545 548 566 
542 548 565 
542 545 548 
542 
542 
542 571 
570 


575 
574 
577 
576 

543 
543 

588 611 612 
584 618 619 620 621 
583 
601 
604 
592 
582 
594 595 
596 

587 609 
610 
589 595 
589 594 
590 




585 


586 




592 
593 
582 612 
582 611 





583 
583 
583 
583 
626 
644 
627 632 
635 
622 628 
624 
626 
630 
629 

624 

648 
625 
637 
636 






623 



634 


146 297 322 323 359 407 469 470 542 543 582 583 622 623 624 625 626 627 628 652 653 654 655 656 657 658 659 660 661 662 675 677 679 680 681 682 683 684 685 686 687 688 690 691 692 693 694 695 699 784 818 856 954 
651 665 666 667 693 
651 660 680 681 
651 662 
651 
651 
651 658 675 
651 657 675 
651 676 
651 653 681 682 
651 
651 654 


652 666 
652 665 
652 







651 657 658 
659 
651 678 
677 
651 
651 653 
651 653 660 682 
651 660 681 
651 
651 
651 
651 
651 
651 
146 171 297 322 323 359 375 407 469 470 508 509 542 543 544 582 583 622 623 624 651 652 653 654 655 663 690 691 692 693 694 695 696 697 698 699 700 701 702 703 704 705 706 707 708 709 710 711 712 713 714 715 716 717 718 719 721 722 723 724 725 726 727 730 745 746 747 751 784 785 786 787 789 818 819 820 856 857 858 887 953 954 955 1021 1332 1367 1465 1532 1879 
542 652 653 689 691 692 693 694 695 696 697 698 699 706 707 708 713 714 715 716 717 718 784 818 
359 542 652 653 655 663 664 665 666 667 668 689 690 692 693 694 695 696 697 698 699 706 708 719 720 784 818 856 
689 690 691 693 694 695 696 701 702 703 704 705 709 
652 689 690 691 692 699 708 
689 690 691 692 695 696 711 
689 690 691 692 694 697 713 
689 690 691 692 694 711 
689 690 691 695 
689 690 691 
689 690 691 693 
689 
689 692 
689 692 703 
689 692 702 
689 692 
689 692 709 
689 690 691 707 
689 690 706 715 
689 690 691 693 720 
689 692 705 
689 
689 694 696 
689 
689 690 695 
689 690 
689 690 707 
689 690 
689 690 
689 690 
689 691 
691 708 
722 724 731 
721 723 
722 732 
721 


735 



721 
723 


727 









748 789 
750 756 757 770 771 772 
762 763 764 778 
745 752 

746 757 770 771 
765 
748 
754 
753 

746 
746 750 

774 
776 

747 
747 778 
747 
751 




746 750 
746 750 
746 

759 

760 

747 763 





690 691 745 785 786 787 788 789 790 791 792 794 795 796 806 808 809 810 818 819 820 824 856 887 
784 790 804 805 819 820 
784 787 810 
784 786 788 796 811 813 
784 787 796 813 
784 792 798 815 816 
784 785 
784 
784 789 814 

784 
784 
784 787 788 

789 

801 
800 


785 
785 
784 

784 
784 
784 786 
787 812 
811 
787 788 
792 
789 
789 

690 691 784 785 819 820 821 822 823 825 826 827 839 840 841 856 857 858 868 887 954 
785 818 820 824 833 851 852 853 
785 818 819 824 853 854 
818 
818 823 844 
818 822 
819 820 
818 
818 
818 828 
827 
846 
831 
830 

819 834 855 
833 855 
836 
835 


818 
818 
818 


822 

829 




819 
819 
819 820 
820 
833 834 
691 784 818 819 857 858 859 860 861 862 864 870 871 887 888 889 890 915 916 953 954 955 
856 858 859 860 861 862 870 887 890 
856 857 867 882 883 
856 857 
856 857 861 
856 857 860 
856 857 873 

856 


858 


856 857 
856 

862 








858 
858 



857 858 888 889 890 894 895 910 911 912 913 
887 893 
887 911 
887 


888 
887 910 
887 913 







904 
903 





887 894 
887 889 
887 
887 895 



920 921 922 936 937 
919 926 927 947 
918 926 
917 921 930 
917 920 936 
917 
924 931 
923 931 
933 944 
918 919 
918 949 
951 

920 
923 924 
942 
925 


917 921 
917 


941 
940 
932 

925 
946 
945 
918 

927 

928 

856 887 954 955 956 957 958 961 962 968 969 986 990 992 1019 1021 
818 856 887 953 955 956 957 958 959 962 963 964 970 971 986 992 1021 
953 954 956 959 960 964 965 966 967 974 976 977 978 979 
953 954 955 957 961 968 969 986 992 
953 954 956 968 
953 954 963 
954 955 
955 981 
953 956 
953 954 
954 958 
954 955 972 973 
955 
955 974 975 
955 
953 956 957 
953 956 
954 
954 
964 
964 
955 966 
966 
955 
955 
955 979 
955 978 

960 

984 
983 

992 1016 1017 
1005 

997 1009 
991 1013 
990 1013 
986 1019 
1006 



989 1009 1010 







987 
993 
1008 
1007 
989 997 1010 
997 1009 


990 991 


986 1017 
986 1016 

992 
79 146 171 232 262 263 297 322 323 359 375 407 469 470 507 508 509 542 543 651 652 689 690 691 692 693 745 784 785 786 787 789 818 819 820 856 857 858 887 888 889 890 917 918 919 920 921 922 923 924 925 926 927 928 953 954 955 956 957 958 959 960 961 962 963 964 965 968 970 986 987 988 989 990 991 992 993 994 995 996 997 998 999 1000 1001 1002 1003 1004 1005 1006 1007 1008 1009 1010 1011 1012 1013 1014 1015 1016 1019 1021 1022 1023 1024 1025 1026 1027 1028 1029 1030 1031 1032 1033 1034 1035 1036 1037 1038 1039 1040 1041 1042 1043 1044 1045 1046 1047 1048 1049 1050 1051 1052 1053 1054 1055 1056 1057 1058 1059 1060 1061 1062 1063 1064 1065 1066 1067 1073 1077 1080 1081 1084 1085 1086 1087 1089 1090 1091 1092 1093 1094 1095 1096 1098 1104 1107 1114 1115 1116 1118 1119 1121 1142 1143 1144 1176 1178 1201 1224 1225 1264 1265 1294 1300 1332 1366 1367 1427 1465 1466 1499 1531 1532 1573 1603 1786 1879 1880 1948 
953 954 1020 1022 1023 1024 1025 1026 1031 1032 1033 1036 1037 1038 1039 1054 1055 1060 1061 1067 1085 1086 1089 
1020 1021 1023 1025 1041 
1020 1021 1022 1041 1042 
1020 1021 1031 1032 1036 
1020 1021 1022 
1020 1021 1034 1044 
1020 
1020 1029 1035 
1020 1028 
1020 1049 1050 
1020 1021 1024 
1020 1021 1024 
1020 1021 1038 
1020 1026 1045 
1020 1028 
1020 1021 1024 
1020 1021 
1020 1021 1033 
1020 1021 
1020 
1020 1022 1023 
1020 1023 
1020 
1020 1026 
1020 1034 
1020 
1020 
1020 
1020 1030 
1020 1030 
1020 
1020 
1020 
1055 1059 
1054 1059 1066 1076 
1063 1069 
1058 
1057 
1054 1055 
1080 1081 
1084 

1056 


1055 1076 


1056 






1055 1066 



1060 
1060 
1083 
1082 
1061 




1090 1091 1092 1095 1097 1108 1116 
1089 1097 1116 
1089 1092 
1089 1091 
1094 1096 1106 
1093 1096 1107 1113 
1089 
1093 1094 1107 1113 
1089 1090 
1110 







1093 
1094 1096 
1089 

1098 


1094 1096 
1129 
1119 1120 1132 
1090 1095 
1125 

1115 1131 
1115 




1117 

1128 
1127 
1114 

1119 
1115 





1139 
1138 


1147 
1151 

1146 
1145 
1142 


1170 
1143 

1175 



1158 
1157 











1150 




1153 
1177 1192 1193 
1176 1193 
1196 
1182 1189 

1194 1195 
1179 


1186 
1185 


1179 


1176 
1176 1177 
1181 
1181 
1178 




1202 1213 
1201 1215 




1208 
1207 




1201 1214 
1213 
1202 








1225 1226 1227 1228 1231 1232 1233 1234 1245 1246 1247 1248 1249 1250 1264 1265 1268 1332 
1224 1227 1228 1234 1251 
1224 1245 
1224 1225 1228 1234 
1224 1225 1227 
1240 

1224 1249 1250 
1224 
1224 
1224 1225 1227 
1252 
1253 


1257 
1229 




1224 1226 
1224 
1224 
1224 
1224 1231 
1224 1231 
1225 
1235 
1236 
1255 
1254 

1239 






1224 1265 1266 1267 1269 1270 1271 1272 1277 1278 1279 1280 1294 1298 1299 1300 1301 1312 1332 
1264 1289 
1264 1271 1281 
1264 1273 1284 

1264 
1264 1280 
1264 1266 
1264 
1267 
1285 
1276 1291 
1275 
1264 
1264 
1264 
1264 1270 
1266 


1267 
1274 



1265 

1275 


1295 1296 1297 1302 1320 
1294 1296 1297 1302 1320 
1294 1295 1297 
1294 1295 1296 1321 
1299 1305 1307 1327 
1298 1300 1309 1310 
1299 1301 1312 1331 
1300 1312 1331 
1294 1295 1317 
1304 1325 
1303 
1298 
1315 
1298 1327 

1299 1310 
1299 1309 

1300 1301 


1306 

1302 


1294 1295 
1297 



1303 

1298 1307 



1300 1301 
1224 1264 1294 1295 1296 1297 1298 1333 1334 1335 1336 1337 1338 1339 1343 1344 1345 1346 1347 1348 1358 1359 1360 1361 1362 1363 1532 
1332 
1332 1338 1346 1347 1363 
1332 1342 
1332 1357 
1332 1344 
1332 1334 1365 
1332 


1335 
1332 
1332 1337 
1332 
1332 1334 
1332 1334 1363 
1332 








1336 
1332 
1332 
1332 
1332 
1332 
1332 1334 1347 

1338 
79 146 171 297 322 323 359 375 407 507 508 542 651 689 690 691 784 818 856 857 887 953 954 955 1020 1021 1054 1089 1176 1201 1224 1225 1264 1265 1266 1267 1268 1294 1295 1296 1297 1298 1299 1300 1301 1302 1303 1304 1305 1306 1307 1332 1333 1334 1335 1336 1337 1338 1339 1340 1341 1342 1343 1344 1345 1346 1347 1348 1349 1350 1351 1352 1353 1354 1355 1356 1357 1358 1367 1368 1369 1370 1371 1372 1373 1374 1375 1376 1377 1378 1379 1380 1381 1382 1383 1384 1385 1386 1387 1388 1389 1390 1391 1392 1393 1394 1395 1396 1397 1398 1399 1400 1401 1402 1403 1404 1405 1406 1407 1417 1418 1419 1420 1421 1422 1423 1424 1425 1426 1427 1428 1429 1430 1432 1433 1434 1435 1436 1438 1443 1444 1465 1466 1467 1468 1469 1470 1472 1499 1500 1531 1532 1573 1603 1604 1607 1634 1638 1661 1728 1786 1879 1880 1948 
79 146 171 297 322 323 359 407 508 542 651 689 690 691 784 818 856 887 953 954 955 1021 1089 1224 1225 1264 1265 1266 1294 1295 1296 1297 1298 1299 1300 1301 1302 1303 1304 1305 1307 1332 1333 1334 1335 1336 1337 1338 1339 1340 1341 1342 1343 1344 1345 1346 1347 1348 1349 1350 1351 1352 1353 1354 1355 1356 1357 1358 1359 1360 1366 1368 1369 1370 1371 1372 1373 1374 1375 1376 1377 1378 1379 1380 1381 1385 1388 1389 1390 1391 1392 1393 1394 1395 1396 1397 1398 1399 1400 1401 1406 1407 1427 1428 1429 1430 1432 1465 1466 1467 1469 1499 1500 1531 1532 1573 1603 1786 1879 1948 
1366 1367 1369 1375 1388 1389 
1366 1367 1368 1372 1375 
1366 1367 1378 1393 
1366 1367 1384 
1366 1367 1369 
1366 1367 1382 
1366 1367 
1366 1367 1368 1369 
1366 1367 
1366 1367 
1366 1367 1370 1393 
1366 1367 
1366 1367 
1366 1367 
1366 1373 
1366 
1366 1371 
1366 1367 
1366 
1366 
1366 1367 1368 
1366 1367 1368 
1366 1367 
1366 1367 
1366 1367 
1366 1367 1370 1378 
1366 1367 
1366 1367 
1397 1408 1430 1444 
1396 1430 
1407 1423 1424 1425 1426 
1405 
1401 1420 
1400 1420 



1399 

1398 
1396 



1413 
1412 






1400 1401 


1398 
1398 
1398 
1398 
1428 1429 1430 1432 1433 1434 1435 1438 1439 1440 1441 1456 
1427 1433 1434 1440 1456 
1427 1437 
1427 1436 1463 

1427 
1427 1428 1440 
1427 1428 1441 
1427 1442 
1430 1443 
1429 1453 
1427 
1427 
1427 1428 1433 
1427 1434 
1435 
1436 
1464 
1446 
1445 






1437 


1427 1428 






1430 
1444 
1224 1264 1332 1396 1397 1427 1428 1429 1430 1466 1467 1468 1469 1470 1471 1472 1473 1474 1475 1476 1477 1483 1484 1485 1486 1487 1488 1499 1500 1505 1506 1514 1531 1532 1573 1603 
1465 1467 1469 1476 1477 1491 1492 
1465 1466 1469 1494 
1465 1473 
1465 1466 1467 1472 1478 1495 1496 
1465 1487 
1465 
1465 1469 1479 1480 
1465 1468 
1465 
1465 
1465 1466 1490 
1465 1466 
1469 1497 
1472 1480 
1472 1479 


1465 
1465 
1465 
1465 
1465 1470 
1465 

1476 
1466 
1466 

1467 
1469 
1469 
1478 

1466 1468 1500 1505 1506 1507 1513 1514 1523 1524 1525 1526 1573 
1499 1505 1506 1507 1513 1523 1524 
1508 1516 
1518 
1504 
1503 1520 
1499 1500 
1499 1500 1507 
1499 1500 1506 
1501 




1499 1500 
1499 1515 
1514 
1501 

1502 

1504 


1499 1500 
1499 1500 
1499 
1499 


1530 
1529 
1499 1532 1534 1535 1536 1537 1549 1550 1551 1573 1574 1578 1602 1603 
1332 1466 1499 1500 1501 1502 1531 1533 1542 1543 1544 1545 1546 1547 1548 1560 1561 1562 1563 1564 1565 1566 1567 1568 1573 1603 
1532 1564 
1531 1535 
1531 1534 
1531 
1531 
1553 
1554 


1532 1543 
1532 1542 1544 
1532 1543 
1532 
1532 1547 1568 
1532 1546 
1532 
1531 
1531 
1531 

1538 
1539 
1556 
1555 



1532 
1532 
1532 
1532 
1532 1533 
1532 
1532 
1532 
1532 1546 




1499 1534 1535 1536 1549 1550 1574 1578 1585 1601 1602 1603 
1573 



1573 






1573 















1573 
1573 
1573 1604 1605 1606 1607 1609 1616 1638 
1603 1606 1609 1610 1623 1624 1625 
1603 1638 1651 
1603 1604 1616 
1603 1608 1618 
1607 
1603 1604 1610 1626 
1604 1609 
1630 




1603 1606 
1628 
1607 




1604 
1604 
1604 
1609 

1617 

1611 



1635 1644 1645 1662 
1634 1636 1641 1646 1647 1648 
1635 1637 
1636 
1605 1650 1651 
1652 

1635 1646 1647 1658 


1634 
1634 
1635 1641 1647 
1635 1641 1646 
1635 

1638 
1638 
1639 





1641 


1664 1671 1672 1689 
1642 1667 1697 
1669 1684 
1661 1672 
1674 1675 1694 
1676 1695 
1662 

1663 1685 

1661 
1661 1664 1689 

1665 1693 
1665 1694 
1666 







1663 
1669 



1661 1672 



1674 
1665 1675 
1666 

1662 
1707 1708 



1706 

1711 

1702 
1698 
1698 


1704 

1714 
1713 













1732 1733 1751 1752 1753 
1740 1741 
1735 1736 1744 

1728 
1728 1738 
1739 1761 
1730 1736 1743 
1730 1735 

1733 
1734 1761 1762 
1729 
1729 
1743 
1735 1742 
1730 1745 
1744 





1728 
1728 
1728 







1734 1739 
1739 
1764 1765 1769 1789 1802 1822 
1763 1765 1769 1802 
1763 1764 1775 
1770 1771 


1763 1764 
1766 
1766 



1765 










1763 1787 1788 1789 1791 1792 1793 1798 1799 1814 1815 1816 1823 1824 
1786 1788 1794 1803 1804 1805 1824 
1786 1787 1790 1795 1807 1808 
1786 1800 
1788 
1786 1792 1793 1815 1816 
1786 1791 1816 
1786 1791 1799 
1787 
1788 


1786 
1786 1793 
1789 
1820 
1822 
1787 
1787 
1787 

1788 1808 
1788 1807 





1786 
1786 1791 
1786 1791 1792 



1801 

1802 
1824 1825 1826 1830 1835 1844 
1787 1823 1825 1826 1830 1831 1845 1846 
1823 1824 1826 1843 
1823 1824 1825 1835 

1833 1834 
1841 
1823 1824 1831 1846 
1824 1830 

1828 1834 
1828 1833 
1823 1826 





1829 

1825 
1823 
1824 
1824 1830 






1866 
1859 
1856 
1855 1862 1877 
1867 
1863 1869 
1854 1860 
1859 1874 

1856 
1858 
1871 

1853 
1857 

1858 

1864 


1860 


1856 

34 79 146 171 232 297 322 323 359 407 508 542 651 689 690 691 784 954 1224 1264 1332 1367 1465 1499 1531 1532 1573 1603 1661 1728 1763 1764 1786 1787 1788 1789 1823 1824 1825 1826 1827 1828 1829 1830 1853 1854 1855 1856 1857 1858 1859 1860 1861 1862 1863 1864 1865 1866 1867 1868 1869 1870 1871 1872 1873 1880 1881 1882 1883 1884 1885 1886 1887 1888 1889 1890 1891 1892 1893 1894 1895 1899 1900 1901 1902 1903 1904 1905 1906 1907 1908 1909 1910 1911 1912 1913 1914 1915 1918 1919 1920 1921 1922 1927 1928 1948 1949 1950 1951 1952 1955 1956 1987 2018 2019 2020 2021 2022 
1879 1881 1883 1884 1885 1886 1887 1890 1891 1892 1903 1904 1905 1910 1912 
1879 1880 1882 1889 1912 
1879 1881 1947 
1879 1880 1884 1885 1905 
1879 1880 1883 1886 1887 1893 
1879 1880 1883 
1879 1880 1884 1887 1893 1908 
1879 1880 1884 1886 
1879 
1879 1881 
1879 1880 1902 
1879 1880 1904 
1879 1880 
1879 1884 1886 1908 
1879 
1879 



1879 
1879 
1879 
1879 1890 
1879 1880 
1879 1880 1891 
1879 1880 1883 
1879 
1879 
1879 1886 1893 
1910 1916 1917 1918 1923 1924 1929 
1909 1911 1912 1913 1914 1921 1926 1939 1940 
1910 1912 1913 1914 1915 1921 1941 
1881 1882 1910 1911 1913 1914 1915 1922 1927 1944 1945 
1910 1911 1912 1914 1915 1941 
1910 1911 1912 1913 1942 
1911 1912 1913 1944 
1909 1917 
1909 1916 
1909 
1925 
1936 
1910 1911 
1912 1927 1945 
1909 1929 
1909 
1919 
1910 
1912 1922 1945 

1909 1923 




1935 
1934 
1920 


1910 
1910 
1911 1913 
1914 

1912 1915 
1912 1922 1927 


1880 1909 1910 1911 1912 1949 1950 1951 1952 1953 1954 1955 1956 1958 1959 1960 1970 1971 1972 1973 1974 1975 1976 
1948 1950 1951 
1948 1949 1951 1970 
1948 1949 1950 1970 
1948 1960 1978 
1948 1957 
1948 1957 
1948 1959 1975 
1948 1961 
1953 1954 
1948 
1948 1955 
1948 1952 1979 
1956 

1984 






1948 1950 1951 
1948 
1948 1973 1974 
1948 1972 1974 
1948 1972 1973 
1948 1955 
1948 

1952 
1960 




1963 1985 
1984 
1988 1998 2026 
1989 1992 
1986 1998 
1987 

2010 
1987 1993 
1992 

1996 
1995 

1986 1988 











1991 





2017 
2016 
2019 2020 2021 2023 2027 2028 2035 
2018 2020 2021 2028 2035 
2018 2019 2021 2023 2028 2029 2035 2036 2037 
2018 2019 2020 2023 2029 2035 2037 
2044 2046 
2018 2020 2021 2029 2038 
2025 2031 2040 
2024 
2048 
2018 
2018 2019 2020 
2020 2021 2023 

2024 2040 



2018 2019 2020 2021 
2020 
2020 2021 
2023 

2024 2031 



2022 2045 
2044 
2022 

2026 
