2048 4896 0
2 4 5 6 16 17 18 19 
1 7 23 
9 26 
1 13 14 
1 6 16 17 
1 

25 
3 10 26 
3 9 


4 14 
4 13 
1 
1 5 
1 6 

1 18 20 



2 24 
2 23 

3 9 10 


1 30 31 32 33 34 35 36 37 38 39 41 42 43 50 51 52 53 54 55 56 57 63 64 65 67 68 69 75 76 100 
1 29 31 32 33 34 35 39 40 42 43 44 56 57 58 59 60 64 65 
29 30 32 33 34 36 37 38 41 50 51 52 53 64 65 68 69 76 77 
29 30 31 33 38 41 50 51 
29 30 31 32 34 53 
29 30 31 33 53 54 
30 58 
29 31 37 47 48 49 
29 31 36 
29 31 32 41 51 
29 30 
30 44 45 46 62 
29 31 32 38 50 51 
29 
29 30 56 
30 40 45 61 
40 44 46 62 
40 62 
36 48 
36 47 
36 
29 31 32 38 41 51 
29 32 38 41 50 
29 
29 33 
29 34 55 
54 
29 43 
29 30 39 
30 35 
30 

44 
40 46 
66 70 71 72 73 81 82 89 90 91 100 
65 67 68 69 75 76 77 96 97 98 99 
32 36 37 47 48 64 68 69 75 76 77 
63 70 71 78 79 80 81 88 
64 86 95 
64 65 69 76 77 98 99 
64 68 76 77 99 
63 66 71 78 80 81 82 88 
63 66 70 82 89 90 
63 
63 83 92 
84 85 
64 65 97 
64 65 68 69 77 99 
65 68 69 76 
66 70 79 80 
66 70 80 
66 70 78 79 
63 66 88 
63 71 89 
73 
74 
74 93 
67 95 
67 
66 81 
63 71 82 
63 71 82 
63 

74 


64 
64 68 75 
64 68 
64 68 69 76 
63 66 110 111 123 124 
105 
107 
104 

101 

102 
115 

100 
100 













128 129 131 132 133 134 148 149 150 
142 143 173 174 205 207 
130 137 138 139 140 141 158 159 160 
125 131 132 145 146 147 
125 135 136 153 
127 139 141 160 161 
125 132 133 
125 128 
125 131 132 
125 
129 155 
129 152 
127 138 157 
127 137 157 
127 130 140 158 159 
127 159 
127 130 160 

126 


128 147 
128 146 
125 
125 
125 
134 
136 
129 154 
129 153 
135 

137 138 
127 
127 139 140 
127 130 141 
130 
163 167 176 177 184 185 
162 167 
191 
169 179 195 196 197 
181 182 229 230 243 
162 163 168 176 186 187 188 
163 167 
165 170 179 180 198 199 
169 171 180 201 202 
203 
173 174 
172 174 205 206 207 
172 173 205 206 207 

162 167 177 186 
162 167 176 186 

165 196 
169 170 199 
166 182 243 
166 181 
175 


167 176 177 187 188 
167 188 
167 186 187 


164 



165 
165 179 197 
179 196 

180 



171 

173 206 
173 
173 174 
211 213 214 215 219 220 221 222 223 224 234 235 
166 211 212 218 228 229 230 239 240 241 242 243 
232 
208 209 212 216 217 218 226 227 237 
209 218 228 238 239 
208 214 219 220 221 
208 213 219 220 
208 235 
211 217 226 237 
211 216 227 
209 211 217 227 238 
208 213 214 
208 213 214 
213 220 
208 223 234 
208 215 222 234 
208 
236 
211 216 225 
211 217 218 
209 212 239 
209 230 242 243 
209 229 242 243 

210 

222 223 
208 215 
225 
216 
212 
209 212 228 240 
209 239 

209 229 230 
181 209 229 230 
29 208 209 210 213 245 246 247 248 249 250 251 252 253 254 255 256 257 258 259 260 262 263 264 265 266 267 268 269 270 271 272 273 274 275 276 277 278 279 284 285 286 287 307 415 416 
244 246 247 252 253 262 263 
244 245 248 250 265 266 
244 245 262 
246 250 251 267 
244 259 279 280 281 
244 246 248 266 
244 248 267 
244 245 247 253 262 
244 245 252 

244 256 268 
244 255 268 
244 269 
244 273 
244 249 
244 282 

244 245 247 252 
244 245 
244 
246 
244 246 250 
244 248 251 
244 255 256 

244 271 272 
270 272 
244 270 271 
244 

244 276 
244 275 277 
244 276 

244 249 
249 281 
249 
260 
282 
245 246 247 285 287 295 296 304 305 306 
246 247 261 284 287 304 305 306 
288 291 292 300 
284 285 296 304 
291 299 
290 

286 288 300 
286 301 
294 

284 
284 



286 288 291 



284 285 287 
285 
284 285 
308 310 311 312 317 318 319 320 330 331 332 333 
307 309 313 316 348 352 368 
307 308 313 316 326 327 
311 312 321 322 334 335 
307 310 312 321 322 
307 310 311 321 322 336 
308 309 327 
315 323 324 325 341 342 
297 314 323 324 341 
308 309 
307 328 329 
307 
307 320 333 
307 319 333 
312 335 
310 311 336 
315 324 341 
314 315 323 325 341 
314 315 324 341 342 
309 313 327 
309 313 326 
317 329 

307 
307 332 
307 331 
307 319 

310 321 
312 322 


340 
339 
314 323 324 325 342 
314 315 325 341 
344 345 349 354 355 359 360 361 362 363 369 370 371 
343 349 354 359 360 
343 346 350 351 356 357 
345 350 351 364 
352 366 367 
347 352 367 
343 
345 346 351 
345 346 350 


343 344 359 360 
343 363 
345 357 
356 

343 354 360 
343 344 354 359 
343 
343 
343 355 
346 351 
346 
347 
347 348 

370 371 376 383 384 405 406 407 408 409 
344 349 353 358 369 371 376 377 411 412 413 414 
369 370 384 385 386 409 
375 378 379 389 390 391 392 
387 
388 
372 379 389 390 
369 370 371 377 411 
370 376 411 
372 375 379 389 390 391 
372 375 378 391 
401 
401 
369 403 405 
369 382 405 406 
369 371 385 
371 384 386 
371 384 385 
373 

372 375 
372 375 378 389 
372 378 379 392 
372 391 393 
392 394 
393 

397 398 
396 398 
396 397 
400 

380 381 
403 
382 402 404 
403 
369 382 383 
369 383 
369 
369 
369 371 

376 
413 
412 
370 
343 369 370 371 416 417 418 419 420 421 422 423 424 425 426 427 428 434 436 437 438 439 440 441 442 496 
343 369 370 371 372 373 374 375 378 379 387 388 389 415 417 418 419 424 443 444 445 496 
369 415 416 418 419 422 423 424 427 428 440 441 442 
373 387 415 416 417 443 444 445 
415 416 417 422 423 427 428 
415 431 432 
415 434 435 
415 417 419 439 
415 417 419 427 
416 417 
415 
415 
415 417 423 
415 417 419 
430 

420 432 
420 431 
420 
415 421 435 
421 434 
415 
415 438 
415 437 
415 422 
415 417 
415 

416 418 
418 
416 



461 



467 
467 468 
467 468 469 


459 
460 

449 


465 
464 

454 455 468 
454 455 467 
455 
477 484 
470 478 485 486 487 
474 492 
475 493 494 
472 492 
473 481 494 495 


471 


473 475 493 


470 
471 

471 478 


479 

474 
473 481 
475 
473 475 
416 470 471 472 476 483 484 497 498 511 512 520 521 
496 511 518 519 
496 497 511 512 519 520 
505 506 513 526 
501 502 515 
500 502 504 507 516 
500 501 508 516 

501 502 508 
499 513 

501 515 
504 
503 

496 497 498 
496 498 
499 

500 
501 

497 
497 498 511 


524 525 529 530 531 535 536 548 549 550 551 
527 528 543 544 545 
522 529 536 548 549 550 
522 526 532 537 538 
499 505 525 532 539 
523 543 
523 546 
522 524 550 551 
522 531 552 
522 530 552 
525 526 539 555 


522 
522 524 535 
525 538 
525 537 
526 532 

542 

523 

523 
528 

522 549 
522 524 548 
522 524 529 
522 529 
530 531 


525 532 556 
532 
559 560 561 564 582 583 
533 567 568 569 570 577 590 591 
560 572 581 
557 559 564 582 
557 560 582 583 584 
565 575 

557 560 561 582 583 
562 
576 
558 568 569 577 589 
558 567 569 577 
558 567 568 589 
558 
563 578 
559 581 
574 
573 
562 

558 568 569 589 
563 571 


559 572 
557 561 564 
557 561 564 
561 585 
584 

588 
587 
567 568 569 577 
558 

593 594 595 597 598 599 600 603 604 605 610 611 612 613 614 615 616 637 
592 594 597 598 599 603 610 611 612 613 614 615 616 637 
592 593 597 637 671 
592 601 606 607 608 

592 593 594 610 611 637 
592 593 603 615 616 
592 604 605 

621 622 
596 
592 593 615 616 
592 599 605 
592 599 604 617 
595 618 619 620 
595 
595 

597 611 
593 597 
592 593 613 614 
592 593 612 614 
592 593 612 613 
593 598 603 
592 593 598 603 
605 

606 620 
606 619 
601 
601 


626 
625 
628 629 630 631 638 639 640 641 642 655 656 657 
627 629 632 645 646 658 659 
628 645 658 
627 631 640 641 657 
627 630 642 643 644 
628 629 645 658 
628 634 647 648 649 650 651 664 665 
633 647 648 649 651 652 665 
636 667 
635 667 
597 671 
627 

627 630 641 
627 630 640 
627 630 631 643 
631 644 
631 643 
628 629 632 
659 
633 634 648 649 650 664 
633 634 647 649 650 
633 634 647 648 651 
633 634 647 648 649 
633 634 649 650 
666 

669 670 
627 639 
627 
630 
628 632 
628 646 660 661 
659 661 
659 660 662 663 
661 663 
661 662 
633 648 
652 
652 


670 
654 669 
637 
687 688 689 703 
705 
680 681 694 
681 
682 683 695 696 
684 697 
673 
692 693 722 
674 675 681 694 
674 675 680 
676 683 695 696 
682 696 
677 
686 699 
685 
672 688 


704 

679 

674 680 681 
676 682 
676 682 683 
677 698 
677 697 
685 700 
701 
700 703 
701 703 
672 701 702 
690 
673 



708 
711 712 724 725 743 
710 714 728 729 
710 724 
720 

731 
733 



713 

679 692 693 

710 712 
710 


711 
728 
715 
715 






710 711 712 723 724 741 742 743 756 757 
759 760 761 782 787 
751 764 
738 742 748 749 769 770 771 
738 741 749 750 753 770 771 772 773 774 775 
710 738 756 757 
739 745 763 

740 766 
748 
747 
742 769 
742 753 754 
740 752 764 
740 751 764 765 
742 750 
755 

738 743 
723 738 

739 

739 
744 763 
744 762 
740 751 




741 749 
741 742 771 
742 
742 773 774 
772 774 
742 773 
742 
779 783 784 790 791 792 795 813 
780 781 803 
777 780 781 804 
776 784 795 
777 778 804 
777 778 780 782 
781 794 805 806 807 
776 788 789 790 
779 795 
793 798 799 800 

758 782 794 807 808 
783 789 
783 788 
776 783 
776 

785 797 799 
782 787 807 808 
776 779 784 
784 

785 793 799 
785 793 798 
785 



778 780 

782 805 
782 787 794 
787 794 
810 811 812 814 815 816 820 821 822 826 828 846 847 848 
811 812 814 815 822 827 828 
809 810 812 814 822 827 828 
809 810 815 816 
783 789 843 844 845 
809 810 811 822 827 
809 811 812 
809 812 
830 831 832 
823 824 

809 826 
809 
809 810 811 814 827 

818 
840 842 

809 810 811 814 822 
809 810 811 

817 
817 832 
817 831 



835 
819 838 839 
819 837 
819 837 838 
825 841 842 
825 842 
825 840 841 

813 845 
813 844 
847 848 849 850 852 853 854 855 856 860 861 869 870 
846 848 849 854 855 856 871 872 
810 846 847 873 874 
847 852 854 860 869 870 
852 858 868 

846 850 858 859 
846 849 860 869 870 
847 849 861 
846 847 856 
846 855 871 
862 
850 852 
852 
846 849 853 
854 
863 864 
862 864 


850 867 868 
850 866 868 
850 
846 849 853 870 
846 849 853 869 
847 856 



877 
883 903 
875 878 884 
875 877 
886 907 908 909 
881 891 
880 891 892 

876 
877 904 
879 886 906 
879 885 907 
879 

888 890 
888 
880 881 
881 
894 
893 



899 
898 

882 


875 877 884 

886 907 
879 885 886 906 
879 
879 

912 913 914 915 916 918 921 922 923 924 925 926 939 943 944 945 946 947 948 949 953 
911 915 925 926 949 950 951 
911 914 916 917 922 923 939 940 941 942 943 
913 918 923 943 944 
911 912 950 
911 917 922 938 
911 913 916 922 
914 
927 928 
930 
911 916 917 937 938 
911 913 916 917 
911 913 914 943 944 
911 
911 912 915 949 
912 
919 928 


920 


934 935 
935 

921 
936 
916 921 
911 913 942 
913 
913 939 940 942 
939 941 
911 913 914 923 944 
911 914 923 943 
911 946 
911 945 
911 948 
911 947 
911 
912 915 
912 

954 965 966 967 970 971 972 973 983 984 985 
953 965 966 971 972 973 984 
956 960 961 962 976 
955 957 958 961 962 963 977 
956 958 962 963 977 
956 957 963 
964 978 
955 976 
955 956 960 962 976 
955 956 957 977 
956 957 
959 978 
953 954 971 972 973 984 
953 954 967 985 986 
953 966 
919 927 974 
980 981 982 

953 954 965 972 984 
953 954 965 971 973 
953 954 
968 

955 960 
957 962 
959 964 

979 
969 
969 970 981 

953 954 965 971 
953 966 
966 967 
974 
989 995 996 1006 1007 1008 1009 1010 
988 990 997 1012 
989 997 1013 1015 
993 1021 
998 1017 1018 
991 1019 1020 
1004 
988 1006 
988 1006 1007 
989 990 
992 999 1000 
998 

1002 1023 
1001 

994 1005 
1004 
988 995 996 
988 996 

988 1010 
988 1009 


990 1014 1015 
990 1013 1015 
990 1013 1014 

992 1018 
1017 

993 


1001 
1027 1034 1035 1036 1044 1045 1046 1047 
1026 1043 1054 
1025 1043 1054 
1024 1036 1047 
1037 1048 
1050 
1025 1041 1053 
1032 
1031 

1024 1035 1046 
1024 1027 1034 
1024 1027 
1028 1048 


1051 
1030 1042 
1030 1041 1053 
1025 1026 1054 1055 
1024 

1034 
1024 1027 
1028 

1029 
1040 
1051 

1025 1043 
1043 1056 
1055 
1065 1066 1067 1079 1080 1081 1082 1083 
1059 1060 1062 1071 1072 
1058 1071 
1058 1063 1073 
1070 
1058 1060 1072 
1064 1073 
1060 1063 1073 
1067 1081 
1057 1067 1080 1081 1082 
1057 1065 1081 1082 

1088 

1058 1059 

1060 1063 1064 


1075 
1078 
1077 
1057 
1057 1066 1081 
1057 1065 1066 1067 1080 
1057 1066 1067 
1057 

1086 


1069 
1069 
1024 1057 1058 1059 1060 1091 1092 1094 1095 1096 1097 1098 1099 1100 1101 1102 1103 1104 1105 1106 1107 1110 1111 1112 1113 1114 1115 1116 1117 1119 1120 1121 1185 1211 
1057 1058 1059 1060 1061 1090 1092 1093 1094 1095 1096 1099 1102 1103 1104 1105 1106 1115 1116 1117 1118 
1090 1091 1093 1094 1095 1098 1102 1103 1114 1115 
1091 1094 1098 1102 
1090 1091 1092 1093 1098 1102 1114 
1090 1091 1092 1103 1104 
1090 1091 1099 1105 1106 

1090 1091 1092 1093 1094 1102 1114 
1091 1096 1105 
1090 1111 

1090 1091 1092 1093 1094 1098 
1090 1091 1092 1095 
1090 1091 1095 
1090 1091 1096 1099 
1090 1091 1096 1099 1105 
1090 1108 1109 
1107 1109 
1107 1108 
1090 
1112 
1090 
1090 
1090 1092 1094 
1090 1091 1092 
1117 
1090 1091 1116 
1091 
1120 1137 1139 1153 
1119 1121 1122 1123 1124 1125 1126 1127 1128 1142 1143 
1122 1129 1130 1146 
1120 1121 1128 1129 1144 1145 
1120 1124 

1120 1126 1142 1143 
1120 1125 
1120 
1120 1122 1129 1144 1145 
1121 1122 1128 1144 1145 
1121 1146 

1133 1134 1148 
1132 1134 
1132 1133 1148 
1136 

1119 
1139 
1119 1138 
1141 
1140 
1125 

1122 1128 1129 
1122 1128 1129 
1121 1130 

1132 1133 1134 

1151 1154 1165 1166 1185 
1155 1167 
1156 1170 1171 1172 1173 1174 1175 1176 
1162 1163 1184 
1150 
1151 
1152 1170 1171 1172 1173 1174 1175 1176 
1178 
1159 1181 
1158 
1161 1182 
1182 
1153 
1153 



1151 


1152 1156 1171 1172 
1152 1156 1170 1172 1173 
1152 1156 1170 1171 1173 
1152 1156 1171 1172 1174 
1152 1156 1173 
1152 1156 1176 
1152 1156 




1158 
1160 

1153 
1150 1151 1190 1194 1196 1201 1202 1203 1209 1210 

1188 1191 1192 1193 1198 1204 
1187 1189 1199 1200 
1188 1200 
1185 1194 1208 
1187 1192 
1187 1191 1198 
1187 1192 1198 1204 
1185 1190 1208 
1185 1201 1202 
1185 1203 1209 
1191 
1187 1192 1193 

1188 
1185 1195 
1185 1195 1201 
1185 1196 1209 
1187 
1189 


1194 
1196 1203 
1185 
1185 1186 1187 1212 1213 1214 1215 1216 1217 1218 1219 1221 1222 1223 1224 1225 1231 1232 1233 1234 1235 1236 1237 1238 1240 1242 1245 1318 
1211 1220 1235 
1211 1229 
1211 1215 1221 1222 1223 1237 1238 
1211 1214 1223 1238 
1211 1231 
1211 
1211 1219 1233 1234 
1211 1218 1233 1234 
1211 1212 
1211 1222 1236 
1211 1214 
1211 1214 1215 1238 

1211 1226 1239 
1225 1227 1239 
1226 

1213 

1211 1216 
1211 
1211 1218 1219 1234 
1211 1218 1219 1233 
1212 
1211 1221 
1211 1214 
1214 1215 
1225 
1242 1244 1246 1247 1254 1255 1256 1257 1274 1275 1276 1277 
1243 1244 1253 1266 1267 
1240 1245 1248 1249 1250 1257 1258 1259 1261 1282 1283 
1241 1244 1266 1267 1268 
1241 1243 1254 1269 1270 
1242 1248 1249 1250 1259 1260 1261 1284 
1240 1255 1256 1274 
1246 1256 1275 
1245 1249 1259 1282 
1242 1245 1248 1250 1259 
1242 1245 1249 1259 1260 1261 
1252 1263 1264 1265 
1253 1265 
1241 1252 
1240 1244 1271 1273 
1240 1246 
1240 1246 1274 
1240 1242 1258 1279 1280 
1242 1257 1280 1281 
1242 1248 1249 1250 1260 
1242 1245 1250 1259 1261 
1242 1245 1250 1284 
1285 
1251 
1251 
1251 1264 

1241 1243 

1270 
1244 1269 
1254 1272 
1254 1271 1273 
1272 
1240 
1240 1247 
1277 


1257 
1257 1258 1281 
1280 

1242 1248 
1245 1261 
1262 
1287 1303 1304 1305 
1286 1288 1304 1305 
1286 1287 1305 
1290 1295 1296 
1289 1295 1296 

1314 1315 
1294 
1293 1302 
1289 1290 1296 
1289 1290 1295 

1299 

1309 

1293 1294 
1286 
1286 1287 
1286 1287 1288 


1298 



1301 
1301 
1292 1315 
1292 1314 

1318 1319 1320 1321 1322 1323 1324 1325 1326 1336 1337 1338 1339 1340 1341 1342 1357 1358 1359 1369 
1286 1287 1288 1289 1290 1293 1294 1295 1302 1303 1304 1305 1317 1319 1320 1321 1322 1332 1350 1351 1352 1353 1354 1355 1357 
1317 1318 1320 1321 1322 1324 1325 1326 1327 1328 1329 1342 1343 1344 1345 
1317 1318 1319 1321 1322 1331 1347 1348 1349 
1317 1318 1319 1320 1322 1326 1327 1328 1329 1330 1344 1345 1346 
1317 1318 1319 1320 1321 1329 1330 1331 1346 1347 
1339 
1317 1342 1343 
1317 1319 1341 
1317 1321 1344 
1319 1321 1326 1344 
1319 1321 1329 1345 
1319 1321 1322 1330 1345 1346 
1321 1322 1346 
1320 
1318 1353 
1334 1335 
1333 1335 
1333 1334 


1317 1323 1339 
1317 1323 1338 
1317 
1317 1325 
1317 1319 1324 
1319 1324 
1319 1321 1326 1327 
1319 1321 1328 1329 
1321 1322 1330 
1320 1322 1348 
1320 1347 
1320 
1318 


1318 1332 
1318 1355 
1318 
1357 1362 1372 
1356 1365 1366 1367 1376 1377 
1357 1367 1376 1377 1378 
1368 1369 1380 
1361 
1360 1371 

1373 

1357 

1358 1376 
1359 1381 
1333 1359 



1363 


1358 1367 



1359 
1359 1368 
1384 1385 1391 1392 1402 

1382 1385 1392 
1382 1392 
1394 



1382 

1382 1384 1385 

1386 



1383 




1394 

1408 1409 1415 1429 



1405 1415 1429 

1412 1419 
1411 

1406 
1405 
1417 
1416 1418 
1417 1419 






1424 
1427 


1405 1415 
1431 1432 1435 1436 1437 1441 1442 1452 
1430 1435 1436 1441 1452 
1430 1433 1434 1437 1438 1443 1457 1458 
1432 1434 1438 1439 1458 
1432 1433 1439 1443 1458 1459 
1430 1431 
1430 1431 1441 1452 
1430 1432 1453 1454 1455 1456 
1432 1433 
1432 1433 1434 1443 1458 1459 

1430 1436 

1432 1433 1434 1439 1458 




1449 
1448 


1431 
1437 
1437 1455 1456 
1437 1454 
1437 1454 1455 
1432 
1432 1433 1434 1443 1459 
1434 1439 1443 1458 

1462 1463 1464 1465 1467 1469 1470 1478 1479 1480 1481 1482 1494 
1461 1463 1464 1465 1466 1469 1478 1479 1480 1494 
1461 1462 1466 1467 1481 1483 
1465 1478 1479 
1462 1464 1478 1479 
1461 1462 1463 
1461 1481 1482 1483 
1489 
1461 1462 
1461 1463 1467 1481 1482 1483 

1473 
1472 1487 
1475 
1474 1488 


1461 1462 1464 1465 1479 
1461 1462 1464 1465 1478 
1462 
1461 1463 1467 1470 1482 
1461 1463 1467 1470 1481 
1463 1467 1470 
1485 


1472 1473 
1475 
1468 



1495 1496 1499 1503 1504 1505 1506 1513 1514 1515 
1462 1509 1520 1521 
1493 1499 1503 1504 1505 1506 1513 1514 1515 



1493 1504 1505 1513 1514 
1496 1517 
1502 
1501 
1493 1495 1499 1504 1513 
1493 1495 1499 1503 1513 
1493 1495 1499 1514 
1493 1495 1515 
1517 1518 

1494 1519 
1494 


1493 1495 1503 1504 
1493 1495 1499 1505 
1493 

1500 1507 1518 
1507 1517 

1494 


1533 1534 1535 1546 1547 
1536 1549 
1524 1536 
1537 1550 1551 
1553 
1540 1541 1542 
1530 1545 
1529 1531 
1530 
1531 
1523 
1523 1535 
1523 1534 1547 
1524 1525 1549 
1526 1550 
1527 
1527 1553 1554 
1528 1541 1555 
1528 1540 
1528 
1544 

1529 1530 
1523 1533 
1534 1535 

1536 
1537 
1526 

1527 1539 
1539 
1540 

1556 1558 
1557 

1561 
1560 
1563 1564 1566 1567 1569 1570 1571 1577 1578 1585 1586 1587 
1562 1565 1569 1583 
1562 1566 1567 1570 1571 1577 1578 1586 1587 
1563 
1562 1564 1567 1570 1571 1577 1578 
1562 1566 1570 1578 1587 

1562 1563 1584 
1562 1564 1566 1567 1571 1578 1587 
1562 1564 1566 1567 1570 1587 
1568 
1579 
1581 1582 
1576 
1575 
1562 1564 1586 
1562 1564 1566 1567 1570 


1574 1582 
1581 
1563 


1564 1577 
1562 1564 1566 1567 1570 1571 
1590 1593 1600 1601 1602 
1592 
1588 1591 1593 1603 
1590 1604 
1589 1598 
1588 1590 1603 


1597 
1596 
1589 1592 

1588 
1588 
1588 
1590 1593 
1591 

1605 


1595 




1588 1589 1592 1598 1618 1625 1639 1640 1641 
1616 1619 1620 1621 1622 1626 
1615 1617 1620 1621 1622 1628 1629 
1616 1623 1629 1630 1631 
1614 1638 
1615 1626 
1615 1616 1621 1622 
1615 1616 1620 1622 
1615 1620 1621 
1617 1632 1633 1634 

1614 
1615 
1615 

1616 1617 
1617 1631 
1617 
1623 
1623 1632 
1623 




1614 1640 
1639 

1646 1647 1648 1649 1650 1659 1660 1661 1672 
1644 1645 1654 1655 1665 
1643 1645 1655 
1643 1644 
1642 1670 1671 
1642 1648 1649 1659 1660 1661 
1642 1647 1649 1661 
1642 1647 1648 1650 1662 1673 
1642 1649 1651 1662 
1650 


1655 
1643 1644 1654 
1668 


1642 1647 1660 1672 
1642 1647 1659 
1647 1648 
1649 1650 1673 
1674 
1665 
1643 1664 


1656 


1646 
1642 1659 
1649 1662 
1663 
1686 1719 1745 
1678 1682 1683 1699 1700 1701 
1680 1681 1687 1688 1689 
1676 1679 1690 1696 1697 1698 
1676 1678 1682 1690 1699 
1677 1695 
1677 1687 1688 
1676 1679 1683 1700 1701 
1676 1701 
1685 1691 1703 1704 
1704 
1675 1693 
1677 1681 1688 
1677 1681 1687 
1677 
1678 1679 
1684 1702 1703 
1705 
1686 

1680 
1678 1697 
1678 1696 
1678 
1676 1679 
1676 
1676 1682 1683 
1684 1691 1703 
1684 1691 1702 
1684 1685 
1692 
1710 
1709 1712 1721 1722 
1752 
1707 1712 1723 
1706 
1707 1721 
1707 1709 1723 
1714 1725 
1713 1726 1727 

1732 1733 
1738 
1739 1740 


1707 1711 

1709 1712 

1713 1724 1726 
1713 1714 
1713 





1716 

1734 

1736 1738 


1718 1741 
1740 




1748 1755 1767 

1746 1765 1766 
1750 

1769 1770 
1708 1772 
1747 






1759 1761 




1748 1766 



1751 
1751 
1751 
1752 
1746 1747 1774 1775 1776 1777 1778 1779 1780 1781 1782 1783 1784 1785 1786 1787 1788 1789 1790 1791 1792 1793 1794 1795 1796 1797 1798 1799 1800 1801 1806 1829 
1747 1773 1777 1778 1787 1788 1789 1799 1801 1802 
1773 1780 1781 1782 1783 1791 1792 
1779 1780 1790 
1773 1774 1787 1799 1800 
1773 1774 1788 
1773 1776 1790 
1773 1775 1776 
1773 1775 1791 
1775 1783 
1773 1775 1782 
1773 1796 
1773 1786 1797 1798 
1773 1785 1798 
1773 1774 1799 1800 
1773 1774 1778 1801 
1773 1774 
1773 1776 1779 
1773 1775 
1773 1775 
1773 
1773 
1773 
1784 
1773 
1773 1785 1786 
1773 1777 1787 1800 
1773 1777 1799 
1773 1774 1788 
1774 

1815 1816 
1804 1815 


1817 

1819 
1820 
1823 1824 


1805 
1805 



1811 


1824 
1812 1823 


1806 
1806 1827 
1814 1840 
1842 
1832 1837 1838 
1831 1838 1856 
1844 

1849 1850 
1855 

1831 
1814 1829 
1814 1829 


1833 
1833 



1849 
1848 1850 
1835 1851 
1835 

1836 
1853 
1836 


1860 1862 1863 1874 1875 1876 1877 1878 
1870 
1858 1862 1878 
1864 1865 1872 1889 1890 
1858 1860 1874 1875 1876 
1858 1860 1869 1879 
1861 1872 1888 1889 1890 




1863 
1859 1882 
1886 
1861 1889 1890 

1858 
1858 1862 
1858 1862 
1858 
1858 1860 
1860 1863 


1870 1883 1884 
1882 1884 

1884 
1871 1887 
1886 
1864 1889 
1861 1864 1872 1888 
1864 1872 
1900 
1891 1900 



1897 1905 
1896 1904 
1899 

1891 


1895 
1896 
1896 1897 1904 



1910 



29 30 244 1773 1914 1915 1916 1917 1918 1919 1920 1921 1922 1923 1925 1926 1927 1928 1929 1930 1931 1932 1933 1936 1937 1938 1939 1943 1947 1948 1949 1950 1960 1961 1962 1963 1964 1965 1969 
1913 1928 1929 
1891 1913 
1913 1918 

1913 1916 

1913 1927 
1913 1931 
1913 
1913 

1913 
1913 
1913 
1914 
1913 1914 
1913 1921 
1913 1921 
1913 


1 2 3 29 30 31 63 64 65 100 125 244 307 415 416 496 1090 1211 1318 1773 1774 1829 1830 1831 1858 1859 1860 1861 1862 1891 1892 1893 1894 1895 1913 1914 1915 1916 1917 1918 1919 1920 1921 1922 1923 1924 1925 1926 1927 1928 1929 1930 1931 1932 1933 1936 1937 1938 1939 1940 1941 1942 1943 1944 1945 1946 1947 1948 1949 1950 1951 1953 1954 1955 1956 1957 1959 1960 1961 1962 1964 1965 1966 1967 1968 1969 1970 1971 1972 1973 1974 1975 1976 1977 1978 1979 1980 1981 1982 1983 1984 1985 1986 1987 1988 1989 1990 1991 1992 1993 1994 1995 1996 1997 1998 1999 2000 2001 2002 2003 2004 2005 2009 2012 2013 2014 2016 2017 2018 2019 2020 2021 2022 2023 2024 2025 2026 2027 
1938 1943 1945 1946 1947 1957 1958 
1917 1935 1939 1950 1962 1963 1964 1965 
1935 1936 1960 
1935 1937 1962 
1935 1941 1951 
1935 1940 
1935 1941 
1935 1936 1944 1945 1946 1955 
1935 1943 1945 1955 
1935 1936 1946 
1935 1936 1943 1944 1945 1955 
1935 1936 1958 
1959 
1935 1961 
1935 1965 
1935 1940 

1935 1952 
1935 
1935 1943 1945 1946 
1935 1936 
1935 1936 
1935 1936 1947 
1935 
1935 1938 
1949 
1935 1937 1939 
1937 
1935 
1937 
1970 1975 1976 
1968 1971 1978 1987 1988 
1972 1979 
1973 1982 1991 1992 1993 
1966 1976 
1967 1977 
1968 1979 
1969 

1970 
1966 1970 
1971 1978 
1967 1971 1977 
1968 


1969 1991 1992 1993 




1967 
1987 


1969 1992 1993 
1969 1982 1991 
1991 


1997 2001 
1996 2001 2005 2011 
2002 2006 
2000 
2004 
1997 

1999 2000 2004 
2003 
1996 1997 
1998 

2007 

2001 
1997 
1996 

2015 



2023 2028 2034 2035 
2020 2021 2033 2048 
2019 2021 2022 2025 2026 2027 2044 2045 
2019 2020 2022 2033 2046 2047 
2019 2020 2021 2033 
2035 2036 
2029 2037 2038 2039 
2026 2042 2043 
2020 2025 2027 
2020 
2018 2034 
2024 2037 2038 

2032 2041 

2022 
2018 2028 
2018 2023 
2023 
2024 2029 2038 
2024 2029 2037 
2029 

2031 2032 
2025 

2020 2045 
2020 2044 
2047 
2021 2046 
2019 
