2048 3364 0





29 30 


13 

12 15 
11 13 
9 12 
17 
11 

14 
45 


20 
23 
22 

24 

25 28 
27 31 
6 30 31 
6 29 
28 29 

36 
35 

33 40 
111 
39 


42 
41 43 
41 

18 
19 
49 
49 
47 48 

52 
51 

55 56 58 
54 56 
54 55 58 

54 56 


63 
66 
64 
63 
66 67 
62 65 
65 


71 75 
70 72 
71 

75 
70 74 
80 

81 82 83 

76 
78 82 83 
78 81 83 
78 81 82 
85 86 
84 86 89 
84 85 

227 
85 262 
91 175 181 182 
90 265 
97 



97 98 
92 96 98 
96 97 
100 
99 104 
102 
101 



107 
106 
109 
108 

37 112 
111 
114 


115 118 
118 
116 117 137 



126 
124 125 
125 506 
123 124 
122 127 
126 
129 

132 133 
132 133 
130 131 
130 131 132 136 


130 133 
118 138 
137 
140 145 146 147 
139 141 
140 147 

144 
142 143 
139 146 147 151 
139 145 147 151 
139 141 145 146 151 
149 
148 

145 146 147 152 
151 186 

155 
154 
157 
156 
164 166 
160 166 
159 
168 
164 165 

158 162 165 
162 164 170 
158 159 
171 
161 
170 177 178 
165 
180 
173 
172 

90 176 
175 177 
169 175 176 

180 
171 179 
90 182 183 342 
90 175 181 
181 
345 346 
184 345 346 348 
152 187 188 
186 188 
186 187 

192 193 198 
190 192 193 198 
190 191 193 198 
190 191 192 198 

189 196 
195 
571 
190 191 193 

207 

203 209 
202 204 
205 
206 
205 211 212 
200 583 
210 
210 
208 209 
206 212 
206 211 
220 221 
215 
214 222 
217 386 387 
216 387 
219 220 391 392 
218 
213 218 221 391 392 
213 220 390 391 392 393 
215 223 
222 

230 


229 230 233 
228 230 233 
225 228 229 
232 
231 235 
228 229 
235 239 
232 234 
237 
240 

234 240 249 250 
237 239 
242 
241 243 274 
274 

244 

246 
249 250 251 252 
239 248 250 251 252 
239 248 249 252 
248 249 252 
248 249 250 251 256 
254 256 257 
253 
260 
252 257 
253 256 

260 
255 259 

89 
264 
263 267 
91 

264 
269 276 

271 
270 272 
271 273 
271 272 277 359 
242 243 
278 279 
268 
272 273 359 
274 275 
275 278 
281 
280 283 
281 283 
282 

286 
285 321 
288 289 
289 
287 288 

290 
296 


298 299 
292 295 

295 299 
295 298 



309 310 311 312 
301 306 
306 307 316 
304 305 307 316 
305 306 316 

303 310 311 312 313 314 
303 309 311 312 313 314 
303 309 310 312 
303 309 310 311 
309 310 314 315 
309 310 313 315 320 
313 314 320 
305 306 307 315 
318 1020 
317 
1023 1024 
314 315 
286 




329 
332 

326 330 
329 331 
330 
327 
334 
329 333 
340 

338 


335 341 
340 1054 

344 351 
343 
184 185 346 
184 185 345 347 348 
346 348 349 
185 346 347 349 
347 348 

354 


351 355 356 
351 354 356 
354 355 362 

357 366 367 369 
273 277 

362 365 371 
356 361 
364 365 366 367 
363 365 366 367 
361 363 364 366 367 372 
358 363 364 365 367 
358 363 364 365 366 372 

358 368 
371 377 
361 370 378 
365 
380 

376 
375 
370 382 
371 
380 381 384 
373 379 381 
380 384 
383 
382 
379 
394 
216 217 387 
216 217 386 
389 

221 391 392 393 396 
218 220 221 390 392 
218 220 221 390 391 
221 390 
385 
399 400 
390 
772 

400 
395 399 
402 
401 
405 408 
403 405 408 
403 404 408 


403 404 405 
417 418 

412 413 422 423 424 
411 
411 414 422 423 424 
413 


409 418 
409 417 468 
421 
421 422 424 
419 420 422 469 
411 413 420 421 423 424 
411 413 422 424 
411 413 420 422 423 

427 
426 
429 437 
428 430 431 437 
429 431 432 
428 429 430 432 437 
429 430 431 
434 
433 440 
436 
435 438 
428 429 431 438 
435 436 437 
440 
434 439 

441 447 


446 447 448 453 
445 447 448 
442 445 446 448 
447 453 
450 454 455 456 
449 454 456 
452 459 
451 459 460 
445 448 459 
450 455 
449 454 456 
449 450 
462 
459 460 463 464 
451 452 453 458 460 
458 459 463 
465 
457 
458 460 464 
458 463 
461 

468 473 474 
418 467 474 
420 421 

470 
821 
467 474 
467 468 473 475 
473 474 480 
478 
476 
476 477 

475 
482 488 489 490 
481 488 489 490 

485 
484 

486 492 493 494 
482 489 490 
481 482 488 490 
481 482 488 489 

487 493 494 501 
487 492 494 
487 492 493 
502 
497 
496 
499 503 
498 
492 504 


498 
500 

124 
510 



512 518 
518 
514 
513 519 


516 
511 512 

523 

519 
520 
525 


528 
527 530 
530 
529 


532 534 569 

536 
535 


540 541 542 543 548 
539 541 542 543 548 
539 540 542 543 548 551 
539 540 541 543 551 
539 540 541 542 551 
543 545 
544 546 553 
545 

539 540 541 542 549 550 
548 550 557 558 
548 549 
540 541 542 543 
553 
552 
555 560 
554 
557 558 
549 556 558 
549 556 557 

554 561 
560 


565 
564 

647 

533 

197 200 
569 574 579 
574 575 
572 573 579 
573 
577 578 
576 578 
576 577 
572 574 


589 590 591 
207 

586 
585 
588 

582 590 591 
582 589 
582 589 590 


768 
767 
597 
596 598 
597 622 627 

604 
605 
601 605 

600 608 
601 602 
612 

604 
612 
612 616 
610 612 
606 609 610 611 616 

615 
614 616 617 
610 611 612 615 617 
615 616 620 621 


617 621 
617 620 
598 627 

625 
624 

598 622 789 


631 
629 630 
634 635 638 
632 638 
632 635 636 638 
632 634 636 
634 635 637 638 642 643 
636 638 642 
632 633 634 636 637 

641 
640 
637 643 644 
636 642 
642 643 
561 646 

567 




654 657 
652 654 657 
652 653 657 
656 
655 
652 653 654 658 659 
657 
657 658 
661 662 
660 662 664 
660 661 

661 666 

664 
668 669 
667 
667 668 

672 673 678 
678 
671 678 679 
675 
674 

683 
671 672 673 679 680 
673 678 680 
678 679 
686 687 

677 723 
685 686 
684 686 
681 684 685 687 730 
681 686 
690 694 
690 
688 689 693 694 

691 
690 694 
688 690 693 


695 700 701 702 
696 

697 701 702 
697 700 702 
697 700 701 
704 
708 709 710 
744 745 755 
707 715 
706 715 
704 709 710 711 
704 708 710 711 
704 708 709 711 
708 709 710 712 
711 713 
712 
718 
706 707 716 717 887 
715 717 887 888 
715 716 
714 
760 
721 
720 
724 725 
683 722 
722 726 728 731 
722 727 
724 727 728 731 732 734 
725 726 728 
724 726 727 
730 733 
686 729 
724 726 732 
726 731 734 
729 734 
726 732 

737 

739 743 
738 743 
746 
736 748 
743 753 
738 739 742 
705 745 755 
705 744 
740 747 
746 
741 749 750 751 
750 751 756 
748 749 751 
748 749 750 
753 754 
742 752 754 
752 753 
744 
757 
756 

764 
719 918 



759 765 
764 
767 
766 769 
594 
766 767 


397 
777 
775 776 
774 776 
774 775 780 
773 


776 
782 
781 784 
784 
782 783 




627 790 
789 795 

798 
794 
793 
790 796 
795 
801 
792 
896 

797 802 
801 

805 

803 811 

809 
808 

806 
813 816 
812 814 816 
812 813 816 

813 814 

819 
818 

472 822 
821 824 
854 
822 
828 
829 

825 833 
826 830 
829 


828 

837 
835 837 863 864 865 
835 836 

838 
847 

843 844 
844 848 
842 

847 
840 846 
843 

854 
818 819 852 
851 
952 
823 850 
858 
860 861 

855 859 
858 
856 861 868 
860 868 

836 864 865 
836 863 865 
836 863 864 
874 
868 
860 867 
862 
869 871 963 
869 870 876 969 
873 874 
872 874 
872 873 
876 881 882 969 
871 875 969 

879 
884 
881 882 883 
875 880 882 883 978 979 
875 880 881 883 978 979 
880 881 882 
879 
979 980 1567 

715 716 888 
716 

891 892 893 894 895 
890 892 893 894 895 
890 891 893 894 895 
890 891 892 894 895 
890 891 892 893 895 
890 891 892 893 894 

898 
897 899 
897 900 906 
899 

903 
902 
905 906 907 908 
904 906 908 
904 905 
904 905 908 
904 905 907 909 910 
908 910 
908 
913 
914 
911 
912 

954 
954 955 956 

923 
926 
922 927 
921 923 927 928 929 
919 922 

926 
920 
921 922 928 929 
922 927 929 
922 927 928 


933 

935 937 
936 
934 935 937 
934 935 

940 941 944 945 
939 945 
939 942 943 
941 943 946 
941 942 946 
939 940 945 
939 940 944 
943 
948 
947 
951 
949 
949 950 
853 

916 917 955 
917 954 956 
917 
958 959 962 963 
957 959 962 
957 958 962 
961 
960 965 
959 
870 957 962 

961 
967 972 
966 
1005 
871 875 876 


966 967 975 
1005 

972 976 
974 975 
984 
881 882 979 980 
881 885 978 980 
978 979 
982 
981 

977 1674 


991 
989 
988 
995 996 
987 
991 
994 
993 995 
990 994 996 
990 997 
996 
1000 
1004 




999 1003 
968 973 

1009 
1009 
1008 
1006 1012 
1012 
1010 1011 
1014 
1013 
1016 
1015 1017 1019 
1016 1018 1019 
1017 1019 
1016 1017 
317 
1022 1023 1024 
1021 1023 1024 
319 1021 1022 1024 
319 1021 1022 1023 


1028 
1027 
1034 



1034 
1029 1033 
1036 1040 
1035 
1040 
1042 
1040 
1035 1037 1039 

1043 


1046 
1045 
1048 

1050 


1058 1059 
1054 1055 1059 
341 1053 1055 
1053 1054 
1051 1061 
1058 
1052 1057 1059 
1052 1053 1058 
1065 
1056 1062 1063 
1061 1063 
1061 1062 

1069 


1070 
1065 1157 


1079 

1075 1114 1115 

1077 1079 
1076 1078 1079 
1077 
1072 1076 1077 
1081 
1080 
1083 1090 
1082 1084 1090 
1083 

1087 
1086 
1089 
1088 
1082 
1095 1096 1097 
1098 

1118 
1091 1096 1097 
1091 1095 1101 
1091 1095 1098 
1092 1097 

1105 1106 
1102 1103 
1101 1103 
1101 1102 
1100 1105 1106 1110 
1100 1104 
1100 1104 1105 
1108 1109 
1107 1109 
1107 1108 
1104 


1114 1115 
1074 1113 1115 
1074 1113 1114 

1116 
1094 1120 
1120 
1118 1119 1121 
1120 
1123 
1122 


1127 
1126 1131 
1129 1131 
1128 1131 
1131 
1127 1128 1129 1130 
1133 1134 1135 
1132 1134 
1132 1133 1135 
1132 1133 1134 

1138 

1303 1304 
1141 1305 
1136 1140 
1233 
1140 1142 1233 
1145 1146 1147 1148 1150 
1144 1146 1147 1148 1150 
1144 1145 1149 1150 
1144 1145 1148 
1144 1145 1147 
1146 1150 
1144 1145 1146 1149 

1153 1156 
1152 1156 


1152 1153 
1069 
1160 1164 
1160 
1158 1159 

1163 1190 
1162 
1158 1165 1166 1167 1169 
1164 1166 1167 1168 
1164 1165 1167 1168 
1164 1166 1169 
1165 1169 
1164 1165 1166 1167 1168 
1171 1172 
1170 1172 
1170 1171 
1177 1199 
1168 
1176 1177 
1175 1209 1210 
1173 



1182 
1181 

1185 1186 1187 
1184 1186 1187 
1184 1187 
1184 1185 1186 
1183 1191 

1162 
1188 


1541 
1196 1200 1201 
1195 1200 1201 
1198 
1197 
1173 
1195 1196 1201 
1195 1196 1200 



1206 
1207 
1206 1244 
1204 
1176 1210 1211 
1176 1209 1211 





1217 1224 1225 
1216 
1219 1225 1226 
1218 1226 
1221 1222 
1220 1222 
1220 

1216 1228 
1216 1218 
1218 1219 
1228 1231 
1224 1227 

1231 
1227 1230 

1142 1143 
1235 

1399 
1238 1400 
1237 
1240 
1239 1241 
1239 1240 1266 


1245 
1244 1246 



1251 
1251 1252 
1249 1250 
1250 
1254 1255 
1253 1255 
1253 1254 1259 



1254 1255 

1262 1266 
1261 1265 1266 
1264 1270 1271 
1263 

1241 1262 1265 

1269 1425 
1268 1270 1271 1425 
1263 1269 1271 
1263 1269 1270 
1273 1274 
1272 1274 
1272 1275 
1273 1274 1276 


1112 
1281 
1281 
1279 1280 






1289 1297 
1288 1290 
1288 1289 1296 1297 
1297 
1293 1294 1300 
1292 1294 1300 
1292 1293 
1296 1297 
1290 1295 1297 
1288 1290 1291 1295 1296 
1299 
1298 
1292 1293 1301 
1300 1338 
1331 1340 
1304 
1139 1303 
1140 1308 

1313 
1305 1309 

1314 

1311 1316 
1307 
1310 1315 1317 
1314 1316 1317 1318 
1312 1315 1317 1318 
1310 1314 1315 1316 1318 
1315 1316 1317 
1320 1322 
1319 1321 
1319 1320 
1319 1325 
1328 

1322 

1323 1328 
1323 
1330 1333 
1329 

1368 
1329 
1419 
1337 
1337 
1335 1336 


1302 1331 

1343 1344 1345 1354 
1342 1344 
1342 1343 1345 
1342 1344 1354 
1345 
1348 1355 
1347 1355 
1350 1356 1357 
1349 
1352 

1354 1358 
1342 1345 1353 
1347 1348 
1349 1357 
1349 1356 
1353 
1363 

1362 
1361 1364 1365 
1359 
1362 1365 
1362 1364 


1332 
1370 
1369 1371 1372 
1370 1372 1373 1380 
1370 1371 
1371 1380 
1375 
1374 1376 
1375 1382 

1379 1385 
1378 1385 
1371 

1376 1386 
1387 

1378 1379 1384 
1382 1383 1387 
1386 
1389 1391 
1393 
1398 
1393 

1388 1389 1392 
1395 
1394 1396 
1394 1395 

1390 1397 
1236 
1237 

1407 
1404 
1403 1405 1406 
1404 1406 
1404 1405 
1402 
1412 1413 
1410 
1409 
1412 1413 
1408 1411 1413 
1408 1411 1412 



1418 1420 
1417 

1417 1422 
1422 1423 1461 1462 1463 1464 
1420 1421 1423 1461 1462 1463 
1421 1422 

1268 1269 


1429 1431 

1431 1432 1436 
1428 1430 
1430 1435 1436 

1428 1438 
1432 1436 
1430 1432 1435 
1433 
1434 1439 
1438 1440 
1439 1445 



1445 1446 1454 
1440 1444 1454 
1444 1447 1454 1456 
1446 1448 1456 
1441 1447 
1451 
1451 1821 
1449 1450 1821 

1454 1455 1493 
1444 1445 1446 1453 1456 
1453 
1446 1447 1454 
1458 1497 
1457 
1468 
1461 
1421 1422 1460 1462 1463 
1421 1422 1461 1463 
1421 1422 1461 1462 


1467 
1466 





1474 
1473 
1514 

1484 1514 
1485 
1481 1482 1486 
1479 1481 1482 1486 
1479 1480 1482 1486 1487 
1479 1480 1481 1483 
1482 

1478 
1479 1480 1481 



1491 1492 1493 
1490 1492 1493 
1490 1491 1493 1498 
1453 1490 1491 1492 
1495 1500 
1494 1496 1500 

1457 1458 
1492 1502 
1500 1505 
1494 1495 1496 1499 

1498 
1504 1505 1507 
1499 1503 
1499 1503 

1503 1508 1509 1510 1511 
1507 1509 1510 1511 1518 
1507 1508 1510 1511 1512 
1507 1508 1509 1511 
1507 1508 1509 1510 1518 
1509 
1873 1877 
1475 1477 

1517 
1516 
1508 1511 
1520 
1519 

1523 1526 
1522 1526 1527 


1522 1523 1527 
1523 1526 
1529 
1528 1887 
1535 1536 
1530 

1534 1535 
1533 1535 1540 
1530 1534 1536 
1530 1531 
1540 

1543 1544 
1534 1537 1545 
1194 
1543 
1539 1542 
1539 
1540 
1552 
1548 
1547 1554 
1550 1551 1557 
1549 
1549 1550 
1546 
1559 

1556 1560 
1555 
1549 

1553 
1555 

1568 


1566 
1565 

1562 
1570 1571 
1569 1571 
1569 1570 
1580 
1575 
1576 1582 
1573 1582 
1574 1582 1583 
1579 1584 
1579 
1577 
1572 

1574 1575 1576 
1576 1584 1589 
1577 
1586 1592 
1592 
1588 
1587 1589 
1583 1588 
1591 1592 1694 
1590 1592 1595 1596 
1585 1586 1590 1591 

1593 
1596 
1595 1633 
1598 1603 
1597 

1599 
1602 
1601 1605 1636 
1597 

1602 
1609 1610 

1609 1610 1611 
1606 1608 1610 1611 
1606 1608 1609 1615 
1608 1609 1612 
1611 1617 1649 1654 

1613 1621 

1626 
1612 1616 1625 1654 

1264 
1628 
1614 1622 1624 
1621 1623 1624 1630 
1622 1624 
1621 1622 1623 
1616 1617 1626 1655 
1616 1625 1655 
1799 
1620 1629 
1628 1800 
1622 
1637 1638 1639 

1596 1634 1641 
1596 1633 
1636 
1602 1605 1635 
1638 
1631 1637 1639 
1631 1638 1644 

1633 
1643 1644 
1642 1644 1645 1652 
1639 1642 1643 
1643 1652 
1647 1648 
1646 
1646 
1612 1654 
1651 
1650 
1643 1645 
1658 
1617 1655 
1625 1626 1654 1656 
1655 1659 
1661 
1653 
1656 

1657 1660 

1664 
1668 



1664 1669 1831 1832 
1668 1831 1832 

1672 
983 1671 
1674 1678 
984 1673 

1677 1682 
1676 1682 
1673 
1684 
1686 
1682 1686 
1676 1677 1681 
1684 1689 
1679 

1680 1681 1687 
1686 1688 1690 
1682 1687 
1683 
1687 
1692 
1691 
1694 
1590 
1696 
1695 1700 
1700 1701 

1734 
1696 1697 1701 
1697 1700 

1704 
1703 
1706 
1705 
1709 
1707 1709 
1707 1708 
1711 1712 
1710 1712 
1710 1711 


1713 1716 
1715 
1718 
1717 



1723 

1722 1731 
1766 1768 

1726 1768 1769 
1770 
1730 
1729 
1724 1732 
1731 1771 
1732 1771 
1699 





1744 
1742 1745 
1741 
1746 
1740 
1741 
1743 
1748 
1747 1756 

1751 

1753 1784 
1752 1784 
1755 1756 1758 
1754 1756 1758 
1747 1748 1754 1755 
1765 
1754 1755 1930 1931 
1760 
1759 1761 1932 1933 
1760 1762 1763 1932 1933 1934 
1761 1763 
1761 
1757 1765 
1757 1764 
1767 
1766 
1727 1769 
1727 1768 1770 
1728 1769 
1732 1776 

1774 1775 
1773 1775 
1773 1774 
1771 

1780 1781 1782 

1778 1781 1782 
1778 1780 1782 
1780 1781 1783 
1782 
1752 1753 1785 1786 
1784 1786 1790 1792 
1784 1785 1790 1792 
1793 


1785 1786 1791 1792 
1790 
1785 1786 1791 
1787 1794 
1793 


1960 1961 
1799 
1627 
1801 1802 
1800 1802 1807 
1800 1801 1803 
1802 
1803 1805 1806 
1806 1808 
1804 
1801 1811 

1810 
1809 
1807 

1814 1818 
1813 1818 
1818 


1813 1814 1815 
1443 

1450 1451 1823 
1823 1824 
1821 1822 1824 
1822 1823 
1827 


1829 
1828 
1838 
1668 1669 1832 1833 
1668 1669 1831 1833 
1831 1832 1840 1841 
1835 
1834 
1837 1844 
1836 1838 
1830 1837 

1833 1841 1846 1940 1941 
1833 1840 1846 
1836 1843 1844 
1842 1844 1845 1849 
1836 1842 1843 1845 
1843 1844 
1840 1841 1940 
1848 1849 
1847 
1843 1847 
1851 
1850 1853 1854 


1851 1853 



1859 
1858 1860 
1859 


1864 
1863 

1865 
1868 1870 1871 1899 
1867 1870 1871 1899 
1506 
1867 1868 1871 1872 1898 1899 
1867 1868 1870 
1870 
1513 1874 1877 1878 
1873 
1879 

1513 1873 
1873 
1875 1878 

1915 
1883 1884 1887 
1521 1882 1884 
1882 1883 
1886 
1885 
1529 1888 
1887 
1890 
1889 
1892 
1891 
1894 
1893 
1901 

1898 1899 1900 
1870 1897 1899 1900 
1867 1868 1870 1897 1898 
1897 1898 
1895 1902 1903 
1901 1903 
1895 1901 1902 
1987 
1906 
1904 1905 
1908 1910 1914 1915 1916 
1907 1914 1915 
1910 
1907 1909 1914 1916 
1919 
1913 1920 
1912 
1907 1908 1910 1916 
1881 1907 1908 1914 
1907 1910 1914 1917 1918 
1916 1918 
1916 1917 
1911 
1912 
1923 
1923 
1921 1922 
1925 
1924 
1927 1928 
1926 1928 
1926 1927 
1930 1931 1936 
1758 1929 1931 
1758 1929 1930 
1760 1761 1933 1934 1935 
1761 1932 1934 1935 
1933 1935 
1932 1933 1934 1939 


1939 
1935 1938 
1840 1846 1941 1942 
1840 1940 1942 
1940 1941 
1948 

1946 
1945 
1948 
1943 1947 




1954 1955 1989 1990 
1953 1955 1989 1990 
1953 1954 1991 


1959 

1797 1961 

1963 
1962 

1967 1968 1971 
1968 1969 1970 1973 
1965 1968 
1965 1966 1967 1969 
1966 1968 
1966 


1966 1974 1975 
1973 
1973 1974 1976 
1975 1977 1982 
1976 

1978 
1981 1982 1983 1986 
1980 1982 1983 
1976 1980 1981 1983 
1980 1981 1982 
1985 2028 
2028 
1980 2029 
1904 

1953 1954 1990 
1953 1954 1988 1989 



1995 1999 
1994 


2001 
1994 



2004 
2003 

2005 2013 2014 
2009 2015 2018 
2009 
2007 2008 2018 
2011 2022 2023 
2022 2023 
2013 
2006 2012 2014 
2006 2013 2017 
2007 2016 2018 2019 
2017 
2014 2016 
2007 2009 2015 2019 
2007 2015 2018 2020 
2019 2021 2026 
2020 
2010 2011 2023 
2010 2011 2022 
2016 

2020 2025 

1984 1985 
1986 

2032 2037 
2031 

2033 2035 
2034 
2040 
2031 2040 

2042 
2036 2037 2041 
2040 
2039 
2046 
2045 
2044 
2043 2047 
2046 

