2048 10584 0

1 
1 2 
1 2 3 
1 2 3 
1 2 3 4 
1 4 
1 3 4 5 1452 
4 5 6 7 
1 6 
1 3 5 
1 5 6 9 981 
1 7 10 12 
1 5 6 10 
1 3 4 6 1143 2028 
1 8 10 13 
1 2 13 14 
1 16 
1 4 5 17 
1 3 5 10 1423 
1 3 4 7 11 1024 
1 13 17 21 
1 3 
3 5 16 19 23 
4 8 12 13 19 323 
1 3 12 16 23 
1 4 5 8 17 
1 7 14 25 26 
4 7 9 14 28 
1 9 16 
2 7 9 27 28 
1 3 8 10 
1 2 3 18 265 1748 
1 7 13 18 22 
3 6 7 30 
5 16 18 19 35 
1 3 5 6 15 
1 4 5 7 19 1159 
1 2 5 17 
1 7 10 15 19 
1 4 14 25 31 
1 4 6 31 
1 3 24 29 623 
1 9 12 25 
1 8 10 28 355 
3 6 7 21 23 1774 
1 8 12 22 25 
1 9 13 26 44 
1 13 26 40 
3 4 7 29 595 
4 9 16 24 33 
5 13 34 38 42 1803 
3 7 12 35 44 
5 12 21 30 42 
2 12 15 21 27 898 1911 
1 9 51 54 
18 23 28 31 46 
3 12 17 44 48 
1 4 8 20 46 
1 4 6 12 39 
1 2 4 9 59 
1 3 4 16 44 
1 7 39 60 
6 12 15 19 57 
1 21 39 47 48 160 
1 10 11 25 38 314 921 
5 9 13 19 63 1921 
1 3 57 
1 5 19 
7 8 10 31 69 
3 14 21 37 38 
5 10 27 37 40 399 
7 20 28 46 72 1167 
1 2 3 7 13 1722 
1 2 11 45 72 
1 17 32 42 48 1355 
7 38 42 53 58 
1 21 38 58 
1 6 26 68 69 
13 14 23 51 78 
1 2 51 1846 
6 20 49 64 67 
1 4 37 42 1898 
9 15 35 38 
4 7 11 14 59 1564 
1 4 16 44 59 
2 6 12 13 24 
1 2 9 30 
4 13 20 29 75 
9 32 63 64 
3 5 17 28 60 
4 9 25 43 79 
1 4 64 76 834 
1 9 58 72 82 
1 7 18 54 86 
1 42 53 61 76 
1 30 64 
22 24 66 85 94 
1 4 14 42 56 
1 12 14 46 93 
1 3 81 98 100 1288 
13 16 47 68 80 
3 14 59 61 75 
14 18 36 64 75 
3 64 69 86 91 
1 2 31 32 68 
39 48 55 59 103 
6 18 62 69 82 
9 13 52 100 104 
1 6 22 46 65 1583 
3 45 57 78 108 
2 25 26 40 66 
12 13 16 25 104 195 
16 41 64 81 
1 12 63 
1 12 16 32 107 
31 42 46 48 75 
12 46 52 74 86 
4 19 22 69 111 
6 37 74 90 
1 7 15 46 76 
19 21 34 89 96 248 
1 13 74 81 103 
7 22 58 73 114 972 
6 7 36 55 78 215 
1 6 103 
5 32 46 48 64 
4 9 18 56 112 179 1290 
12 19 26 61 116 
1 14 28 64 65 
7 16 33 99 114 
1 7 74 75 
9 25 35 42 66 
1 18 79 104 
1 2 14 51 99 
3 20 96 101 1576 
38 87 98 120 123 
1 39 46 55 
28 61 65 79 494 
3 10 16 24 25 
2 5 18 73 498 
5 9 14 25 69 
25 42 83 100 115 
7 14 37 84 
8 24 46 53 134 1273 
4 76 123 129 
8 18 39 76 116 454 
10 15 21 68 115 
13 18 113 127 135 
2 13 25 32 127 
2 6 62 85 98 770 
1 5 46 130 137 
11 26 55 71 127 
1 33 72 81 129 
24 25 69 74 114 
9 44 84 105 106 
7 14 39 47 49 
27 38 75 123 143 
2 13 18 38 56 
7 26 35 46 77 
1 3 54 120 
15 20 61 76 115 
1 7 14 26 909 
3 4 9 81 89 
5 18 27 55 131 
1 2 19 77 99 1422 
13 46 78 80 118 
3 16 22 39 82 
4 20 166 
1 4 19 74 76 
4 26 40 43 113 
4 6 12 17 20 380 
1 2 6 15 69 
7 9 57 73 102 
1 14 30 55 144 
26 28 42 100 172 
1 3 42 64 75 
34 68 100 130 153 
14 50 58 106 165 
1 38 91 147 172 
48 92 118 131 157 2008 
3 14 64 69 128 
1 32 87 154 158 1502 
5 50 57 130 161 
5 44 87 100 110 
7 25 26 57 77 823 
1 46 53 178 
1 4 7 9 14 
1 10 22 59 187 
1 3 26 58 85 425 1788 
1 57 81 120 146 
1 4 42 46 83 1225 
21 23 53 79 155 
3 16 31 32 152 
1 18 119 141 186 
2 12 75 108 150 
1 4 9 99 173 1916 
18 21 46 99 116 1514 
1 4 13 54 173 
1 26 48 64 102 
67 83 86 166 175 
1 2 19 51 162 1821 
26 45 62 74 160 
4 15 16 24 59 
3 4 16 22 102 
4 34 63 100 110 1573 
15 61 98 118 192 
4 36 78 92 110 977 
6 9 79 123 142 
2 9 48 76 169 
33 34 66 82 89 
1 18 68 151 
2 3 5 19 69 
5 42 102 137 
2 7 26 103 
1 3 10 11 27 165 1483 
10 17 36 46 72 
14 17 93 164 196 
1 2 4 112 216 
6 25 145 147 166 779 
13 32 134 190 192 
16 20 43 127 141 
1 55 68 172 199 
2 16 79 121 135 
3 10 20 64 147 1071 
6 16 27 53 218 783 985 
3 8 51 68 103 
2 26 36 
13 82 131 192 219 
4 16 81 180 
7 9 27 98 154 
62 67 130 143 163 
10 105 134 175 198 
1 3 13 14 
14 32 56 105 112 289 
63 66 102 123 218 
1 2 40 44 213 
12 38 64 105 136 
1 44 55 123 406 896 
1 4 125 219 224 
55 65 130 133 152 
10 12 31 56 207 
4 21 76 83 93 
14 29 58 82 86 1016 
2 25 46 115 
8 20 25 69 74 
11 31 86 134 138 
33 46 68 196 218 
7 37 93 105 194 
8 9 116 144 217 
1 2 42 104 246 
3 79 147 150 227 
1 2 27 127 167 1972 
1 4 69 108 196 
1 13 56 63 82 
4 21 112 114 226 449 1972 
1 16 33 136 175 
13 16 20 34 244 
4 82 136 145 257 
3 5 89 137 162 
1 25 39 73 205 
3 9 108 113 226 536 1330 
5 19 21 53 123 
1 19 32 59 161 
1 2 31 93 211 
1 7 14 19 66 1688 
1 91 95 239 259 
35 36 60 185 197 871 
1 9 81 96 233 
13 131 137 148 150 740 
6 9 130 157 238 
1 25 34 261 267 
46 114 135 218 233 
1 9 46 213 272 
1 25 58 111 143 
3 73 86 135 164 839 1642 
32 35 46 256 261 
1 4 51 135 248 
1 29 72 180 217 
14 19 26 212 255 
1 3 57 68 220 
7 66 89 164 233 
1 4 10 181 
3 13 127 160 175 
5 74 86 151 226 1300 
1 26 49 125 166 
3 4 50 85 217 
22 45 107 120 252 
1 3 34 58 134 
22 112 116 218 232 
36 66 85 153 253 
1 14 50 242 247 
29 61 165 204 212 
1 5 14 86 
4 10 27 63 140 
1 9 102 123 198 1141 1406 
2 13 16 19 106 
3 137 144 147 264 
3 10 43 130 
5 103 113 163 236 1371 
1 14 26 64 166 1845 
24 76 121 230 249 1045 1823 
56 74 76 104 251 1360 
1 29 36 61 72 
44 76 105 248 291 
1 87 90 175 301 
19 40 109 135 274 
73 79 136 143 175 
16 26 27 64 141 
4 7 62 162 229 830 
1 3 130 165 307 
4 44 45 227 243 
9 15 88 105 258 
1 104 137 
1 5 26 190 
10 16 75 112 271 
1 102 123 297 299 1000 
4 7 115 150 167 
46 63 148 174 267 
1 2 18 36 62 
7 15 21 26 46 
5 10 12 58 241 
1 38 46 96 163 1763 
1 5 22 28 86 
1 24 33 62 185 
17 77 211 220 291 
1 3 15 104 
33 38 96 196 221 
1 25 32 132 236 
1 52 69 226 258 
1 3 4 74 154 327 
26 33 53 77 211 
16 25 45 111 150 
82 96 98 116 130 
1 39 57 82 255 
19 32 82 174 247 
40 100 105 203 244 
9 95 97 110 154 
69 75 183 214 297 
1 118 130 137 182 
24 178 179 285 317 1301 
16 33 52 59 157 1170 
2 12 20 129 231 
5 46 63 290 320 
108 254 333 337 342 
2 13 27 140 245 
12 50 63 114 127 
1 13 19 249 
26 28 93 266 324 
9 10 49 55 181 
3 6 48 70 251 
20 79 160 
10 14 31 108 285 
25 26 190 230 244 1125 
1 14 46 264 318 
5 61 72 85 123 
6 9 40 135 198 
1 28 130 317 
44 45 121 135 326 
22 56 235 261 301 
19 44 138 143 217 
143 144 316 327 355 
104 304 334 337 340 
1 22 112 123 190 
3 4 79 115 186 
3 139 247 254 308 
3 92 114 144 226 
2 12 25 114 141 
55 109 136 161 200 
59 91 147 193 198 
29 31 144 190 352 
4 25 49 66 278 
49 79 191 254 500 
18 83 110 243 298 
1 10 116 147 
3 19 38 199 374 
3 5 51 118 369 
25 182 212 306 355 
1 19 104 297 1779 
1 186 231 264 320 674 1672 
1 2 4 6 157 
20 22 49 78 340 
6 31 46 61 70 
1 203 212 219 280 1379 
6 67 100 131 324 
11 66 85 332 376 
1 203 216 220 275 
13 23 209 216 
48 53 79 264 287 1010 
25 66 82 288 313 
33 42 98 99 147 
1 5 23 58 285 
125 245 369 370 373 
5 10 44 56 293 
13 15 107 136 339 
24 76 118 137 319 
113 117 278 310 378 
54 76 225 315 347 
9 11 85 127 369 
1 68 247 385 387 
9 19 84 132 252 
1 14 114 231 252 328 
2 10 24 161 213 
19 48 91 93 112 
1 50 127 199 211 
31 51 153 173 377 
12 28 38 46 189 1991 
4 25 130 178 224 
5 8 102 105 196 
2 160 293 305 373 
7 25 37 58 260 
31 57 146 154 366 
86 157 174 320 334 
10 115 134 221 271 
4 213 260 387 413 
116 276 285 301 348 
2 6 31 267 364 
1 31 100 259 355 919 
1 17 69 168 
32 75 161 199 230 
3 16 29 107 233 
1 155 353 379 404 
25 38 163 212 404 662 
1 76 146 243 316 
1 25 250 341 401 
18 32 54 84 225 
6 9 14 21 199 
12 170 308 340 399 
1 3 9 38 104 
13 85 126 320 373 
1 35 38 93 428 
32 81 96 213 354 
4 11 43 119 126 
1 258 406 
49 120 125 389 423 
4 6 100 182 209 
2 29 35 38 323 
40 196 310 337 376 1696 
2 87 283 300 406 
10 226 346 364 413 
67 92 173 232 378 610 1452 
1 4 7 45 65 
7 63 67 74 401 
1 44 51 310 389 
4 55 174 344 362 
86 115 311 327 443 
14 46 114 358 401 1624 
24 41 99 348 412 
17 114 136 278 
10 96 173 324 334 
1 16 283 336 337 
2 49 283 331 
52 76 83 192 366 1708 
32 90 149 247 445 
2 74 94 268 295 
1 135 142 144 
11 72 77 381 451 
9 110 162 305 387 
6 46 105 161 345 1612 1687 
190 193 269 425 430 1913 
7 9 27 75 252 1654 
23 61 198 258 389 1364 
4 6 48 103 127 
12 40 325 416 425 
3 21 71 164 287 
25 36 212 243 
1 72 127 252 363 
2 4 53 120 161 
1 46 67 69 346 1837 
84 211 273 274 326 
7 26 156 264 418 
22 76 83 130 302 
6 57 186 206 220 
9 45 54 97 320 
15 16 38 87 271 
10 21 25 212 219 
1 16 143 157 290 
100 102 232 259 401 850 
1 43 115 176 382 812 
3 15 51 443 461 
56 76 116 132 238 
100 136 160 260 371 638 
11 14 127 266 455 
14 34 40 160 391 454 
2 25 119 126 380 1117 
4 58 331 366 424 1689 
18 26 189 294 363 1948 
4 25 34 190 304 
19 49 274 378 411 
34 47 71 76 317 
1 50 118 227 
1 51 246 284 413 946 
3 7 12 31 288 1719 
5 14 59 151 463 1163 
24 160 214 384 388 
39 134 223 463 
3 128 131 154 319 
1 40 331 344 395 
3 24 34 130 399 
33 109 143 147 260 
30 77 185 325 358 
1 142 203 320 322 1041 
10 216 354 378 405 
6 33 63 68 103 557 
82 155 355 416 450 
58 139 283 314 370 
1 38 73 244 488 
4 46 116 249 466 
2 50 70 130 147 
46 60 198 305 397 
23 38 237 431 496 2007 
1 5 22 168 438 
42 49 60 92 406 
84 85 86 160 381 
14 91 130 343 364 978 
78 161 227 252 368 
1 10 82 453 
4 7 22 56 99 
1 22 81 240 250 
1 8 65 76 197 
28 47 78 275 305 
43 98 170 382 516 
21 36 59 63 219 1314 
1 63 81 182 
1 2 20 131 149 
1 28 48 199 332 
4 109 168 362 373 
1 12 13 63 137 
17 207 228 440 491 
1 44 57 317 516 
45 54 190 441 502 
75 166 261 264 383 
36 66 123 462 466 
3 114 129 188 520 
19 210 213 397 482 
5 67 167 357 473 1932 
2 16 134 267 320 
1 24 89 134 153 
1 99 294 299 530 
24 51 233 303 309 
11 147 287 501 515 
311 340 404 461 471 1091 
40 46 103 254 331 
4 38 39 375 492 
4 42 119 268 451 
6 42 77 220 382 
22 31 32 147 285 
5 90 96 98 177 
1 53 76 320 384 
9 14 413 455 499 
43 161 293 338 386 
25 197 223 387 483 
52 87 108 366 511 
14 103 192 250 278 
1 31 81 340 
17 31 64 264 413 
1 3 43 370 505 
32 53 95 429 496 
78 157 213 218 377 
29 108 123 211 516 
2 71 144 342 540 
3 13 23 139 487 
2 18 52 390 480 
1 7 104 105 334 
1 4 132 218 
46 122 304 429 453 
59 61 139 246 256 
5 46 61 151 260 
3 231 352 363 453 
201 286 384 394 453 
1 13 76 139 467 
1 7 14 17 46 879 
17 217 305 482 567 
4 99 220 314 444 
36 296 317 346 480 
1 63 199 281 492 
1 9 32 274 358 1109 2035 
1 147 204 369 505 1111 
16 17 32 89 212 
4 72 100 295 447 
45 231 232 364 464 
3 27 137 144 229 
16 34 130 428 555 
1 28 90 131 302 
44 126 326 479 486 
1 18 178 198 214 
1 67 433 445 488 
9 50 252 430 550 
1 24 135 515 520 
5 38 48 56 424 
147 159 378 476 498 
4 36 123 345 540 
3 22 161 277 315 
16 38 128 213 404 1270 
13 211 428 488 555 1405 2048 
58 135 139 260 544 
1 53 64 96 276 836 
147 311 340 501 575 
208 419 432 440 452 1630 
10 96 218 417 541 
13 60 98 174 402 
2 100 117 286 428 
8 62 77 344 547 
1 131 194 351 400 
16 25 160 362 373 
18 46 162 463 493 
1 43 120 149 264 952 1466 
8 49 61 265 348 
1 152 222 365 600 
3 70 227 295 346 
51 198 282 416 440 
8 85 141 191 446 
5 49 61 114 196 
1 66 77 146 358 
27 152 275 323 425 
23 33 64 307 487 841 
50 212 259 404 505 
15 26 289 394 567 
1 14 99 494 542 
1 5 7 86 149 
91 321 383 428 482 
9 88 118 228 286 1109 
7 38 283 396 540 
1 48 298 364 
4 29 57 368 618 
1 3 131 212 216 815 
75 206 232 332 500 
78 97 308 313 526 
1 16 38 68 340 
6 131 148 204 261 723 1196 
3 7 118 162 543 1939 
6 71 336 523 547 
28 54 56 254 528 
67 217 394 497 503 
118 268 479 499 540 
1 10 13 88 470 
12 27 134 239 258 
2 161 235 244 554 1339 
25 58 67 105 289 
8 60 61 214 455 856 1714 
25 245 465 487 615 
2 24 223 510 
15 103 231 324 587 
7 26 63 456 567 
1 23 152 161 457 
26 56 261 443 556 
3 5 43 268 524 
4 47 237 362 492 504 1107 
5 19 33 58 352 
63 226 257 370 502 514 
31 46 52 63 280 
32 44 57 79 389 
1 3 4 38 461 
23 25 293 457 581 
19 86 100 208 598 
19 60 158 436 447 
14 15 19 147 165 
22 82 92 248 347 
1 12 14 100 633 
143 360 426 457 480 
173 190 324 524 556 
9 36 386 574 1668 
114 117 176 226 428 
1 6 19 43 598 
60 441 455 596 604 
64 93 113 166 476 1955 
2 75 81 192 247 1679 
21 63 72 157 214 1038 
3 9 84 103 113 
1 78 187 332 613 1928 
13 44 59 252 456 
7 100 114 118 178 
52 69 225 236 313 
1 3 8 74 
70 293 354 443 522 534 
6 100 102 115 226 
77 103 170 175 329 557 
231 441 523 550 640 
26 31 148 187 307 
24 28 102 120 
1 86 135 262 334 
21 110 127 460 565 
1 43 255 267 544 
14 49 59 79 211 
1 13 38 46 161 
44 51 120 205 341 
3 91 162 208 211 
169 197 306 315 543 
52 124 245 338 615 
69 76 78 456 687 
14 29 38 74 628 
3 8 134 148 491 
28 165 315 404 617 
16 90 116 381 539 
9 53 184 260 333 
47 268 489 606 646 1132 1958 
30 52 97 124 436 522 
1 320 436 485 517 
16 24 76 341 440 1655 
545 565 575 598 687 
86 130 330 346 477 545 
33 63 71 129 197 
1 22 91 299 465 
22 69 182 315 455 
14 34 123 139 281 
177 280 447 533 651 
43 64 66 417 648 
9 38 99 218 630 
20 206 443 530 673 
145 198 527 567 709 
6 89 212 254 299 
12 211 243 329 410 
21 96 118 157 278 
1 166 351 549 
5 85 130 244 372 
4 63 148 353 609 
4 13 68 271 604 
1 5 7 247 285 
6 9 36 71 320 
4 43 209 309 397 
19 171 256 419 521 
23 166 233 331 634 1492 
223 260 307 333 338 
17 127 167 502 588 1676 
1 220 363 542 635 
1 9 59 340 385 
19 70 95 494 695 
12 135 187 217 293 1517 
1 42 123 636 663 
1 2 200 424 631 
46 91 118 155 524 
1 4 50 254 542 
4 25 479 625 
99 190 222 511 556 
9 129 275 299 366 
57 212 464 676 715 
21 76 276 428 597 
137 218 275 288 425 551 
331 498 596 644 646 
7 13 77 193 489 596 
49 81 267 268 497 
12 28 106 147 659 
173 213 377 441 451 987 
1 43 73 192 648 
46 63 341 484 624 
4 25 392 425 523 
19 77 104 152 460 1465 
4 28 44 173 198 
1 226 366 697 742 
18 47 58 464 567 
5 28 153 217 457 
5 23 285 451 743 1924 
1 219 233 444 677 2014 
6 30 132 274 438 1220 
3 216 252 480 
1 191 347 554 749 
150 227 269 270 614 1214 
1 13 158 210 280 
9 17 25 33 130 
154 158 211 217 737 
1 19 27 107 
28 48 127 691 698 
1 6 50 153 422 
58 78 82 647 759 1452 
1 9 36 46 63 1536 
1 2 43 116 582 
137 144 172 245 308 
2 9 20 243 609 
5 58 88 210 217 
1 11 630 702 752 
76 139 473 524 1640 
1 5 38 127 461 
10 58 78 542 562 
1 74 100 115 358 
4 38 46 359 728 
13 44 72 278 604 1715 
36 121 164 165 551 
152 231 275 325 675 
1 9 273 472 
75 153 536 653 747 
5 51 671 741 762 
24 29 40 44 368 
1 48 190 236 779 1219 
413 435 462 473 551 
3 5 156 463 549 914 1530 
8 75 130 133 135 
10 434 437 508 737 
13 46 296 705 726 
38 114 134 164 373 
61 188 307 326 334 
5 24 43 152 332 
1 137 187 382 672 759 
1 201 236 467 478 
18 57 143 189 269 
17 31 116 531 687 
34 165 211 224 735 
30 61 517 542 612 
96 127 132 295 299 
2 65 102 307 
1 102 506 618 783 
8 15 150 236 563 
133 259 431 653 671 722 
6 14 143 274 418 
22 230 332 371 573 
36 67 274 339 587 
21 87 109 217 234 
32 38 219 637 701 
59 181 216 335 771 
1 76 154 369 584 
13 42 60 692 1433 
24 28 133 472 785 
14 34 203 637 676 718 
46 228 287 304 752 
2 384 428 589 744 
3 4 31 78 176 1869 
9 323 515 554 759 1701 
5 19 162 703 1485 
4 74 107 390 440 
1 7 78 159 545 
103 130 346 613 698 
25 165 173 189 206 
1 4 76 358 522 
1 2 36 209 810 
4 42 51 227 601 
3 24 35 95 113 
7 22 33 100 415 
7 100 103 364 566 
87 327 332 551 590 
8 102 189 596 757 
106 185 725 796 814 1421 
1 47 299 669 697 706 
1 15 201 320 580 1640 
54 185 454 706 737 
28 64 104 115 124 
16 243 436 592 763 1456 
1 69 268 509 647 
19 38 43 145 780 
27 28 132 256 
6 64 373 406 479 
1 26 207 396 600 
10 22 600 746 766 868 
1 40 203 332 698 
7 19 165 260 487 
1 20 87 92 470 
44 56 79 199 551 1419 
4 50 187 710 721 964 
8 25 99 191 802 
9 61 92 362 763 
26 110 312 417 556 
28 127 245 383 719 
5 120 130 332 654 
206 300 371 402 480 
1 14 116 597 812 
15 160 164 167 250 
14 85 206 218 668 906 
25 168 399 517 629 
30 102 221 224 712 
2 22 28 39 
5 196 350 373 511 1300 
3 9 148 207 518 1635 1710 
12 273 329 347 715 
49 81 130 440 757 
26 130 196 317 408 679 
37 108 294 678 750 
12 43 68 428 
2 75 340 707 865 
67 212 515 524 653 1061 
73 114 127 640 700 
7 242 580 701 731 
2 240 432 461 617 
96 107 214 262 568 
3 177 223 341 697 
60 86 200 320 615 
25 156 313 471 536 1340 
2 42 61 85 311 
3 10 28 304 368 
49 306 449 625 843 
132 349 484 555 831 
93 302 643 654 682 
96 233 406 505 697 
1 74 308 505 683 
43 46 59 387 774 880 
12 16 44 430 736 1879 
89 455 506 556 598 
1 205 447 462 478 
5 12 43 635 770 
1 68 585 767 780 
16 39 66 750 856 1675 
112 190 442 458 668 
16 164 422 631 658 
69 285 345 599 601 
1 78 606 687 852 
200 309 360 379 824 
150 214 406 541 597 
105 164 175 261 289 
120 151 631 706 727 
5 130 186 373 499 
2 9 99 546 589 
6 10 43 46 64 
43 205 328 377 540 
1 26 137 286 847 945 
27 84 174 544 789 1156 
13 14 17 114 190 1817 
35 47 67 555 763 903 
2 46 48 73 489 
3 26 78 231 608 763 
46 130 431 477 723 
17 49 81 375 586 1719 
25 261 318 414 765 
46 137 305 650 867 
39 76 334 661 698 
11 130 598 638 852 896 
57 87 213 493 715 1761 
1 28 152 515 867 1237 
3 21 64 390 468 
1 42 375 508 640 
27 222 487 733 894 
2 16 17 79 114 
7 36 373 396 838 
4 259 285 714 903 
43 152 202 466 590 
19 172 353 413 831 
150 154 545 893 921 
25 45 257 640 
297 366 646 741 898 
2 15 17 245 401 1157 1946 
1 197 396 550 661 
7 268 269 384 546 1710 
7 76 540 585 824 
1 3 136 619 816 
42 69 76 115 488 1807 
32 64 171 785 807 1211 
4 155 298 556 598 1297 
1 102 435 612 
19 57 85 720 920 
5 129 192 257 318 
1 11 53 77 
28 37 109 132 397 
2 14 61 219 385 
24 63 64 502 684 
64 129 329 564 738 
27 118 320 550 885 
71 120 494 698 729 
49 63 160 680 812 
166 291 654 721 903 
7 28 31 42 884 
19 148 204 615 811 
182 334 451 729 892 
84 113 139 162 665 
21 26 65 295 786 846 
24 43 367 455 846 
4 46 116 229 909 
5 104 118 281 333 
28 79 255 320 950 
1 4 14 91 110 
69 160 230 240 359 1196 
6 26 291 407 537 1071 
45 51 79 188 827 
82 488 738 763 843 
1 28 100 689 730 
4 7 106 324 632 
9 207 345 363 803 
7 24 491 597 706 
9 300 540 828 843 2023 
27 48 66 84 441 1833 
1 69 397 655 746 
1 9 88 178 465 1968 
9 478 602 714 740 1059 
53 103 203 214 241 
1 13 123 193 588 
12 86 176 211 859 
1 42 92 460 934 
22 365 644 720 783 
7 9 14 506 543 
1 5 252 365 791 
52 137 182 368 843 986 
68 102 139 518 904 
49 196 294 377 779 
11 56 589 792 906 1903 
16 17 31 271 517 809 1535 
1 75 254 413 445 1609 
1 3 296 399 729 
24 69 321 846 950 
76 120 318 344 524 
5 129 143 147 271 
14 58 307 339 482 
40 157 394 407 620 1064 
6 7 171 201 904 
8 42 188 228 266 1647 
76 77 99 333 965 
11 42 74 82 941 
76 92 275 534 913 
15 103 253 373 803 
3 63 85 220 376 
84 91 151 334 355 863 
1 57 226 791 832 
3 4 17 21 813 
223 467 574 768 899 1683 
7 485 510 613 923 1822 
78 93 453 502 965 
87 190 369 727 803 
102 231 544 808 911 
5 46 57 404 804 
5 423 641 750 786 
1 3 80 228 591 
1 8 12 220 263 
275 491 510 595 793 820 
12 118 161 296 584 
59 80 82 638 822 1924 
38 42 130 839 979 
13 150 204 737 777 
104 358 612 730 859 1472 
84 91 298 413 518 1416 
24 28 313 514 750 
1 25 191 368 538 1017 
1 51 84 132 174 1308 
12 28 192 334 704 
4 75 712 852 871 
71 211 230 513 816 
1 4 19 46 227 1320 
2 10 100 207 255 
16 89 139 361 688 1931 
76 137 154 365 755 1601 
150 233 369 468 662 
293 301 397 604 813 1597 
9 42 165 233 494 
213 455 553 764 811 
11 146 327 406 663 
16 72 292 585 885 
26 237 640 930 998 
3 12 109 334 1009 
5 11 25 212 353 
1 27 191 326 587 
196 201 296 318 517 
67 112 130 425 633 
18 69 74 125 174 
5 7 44 114 118 
25 339 783 914 953 
18 379 396 647 834 
26 47 296 320 956 
3 25 385 904 917 
139 234 567 606 791 1935 
58 225 295 358 664 
6 28 54 92 655 1397 
16 126 217 835 938 
2 93 143 320 539 
6 28 103 211 373 
1 2 395 432 534 
26 31 212 949 1012 
6 750 864 940 1044 
1 11 68 173 1036 
100 510 529 756 905 
5 13 83 455 828 
27 203 220 310 937 1620 
4 110 333 487 999 1986 
28 112 497 805 874 
28 130 142 191 555 
9 277 399 631 832 
4 76 129 137 821 1859 
1 28 200 369 527 
123 183 283 658 796 
89 160 488 535 696 
6 9 340 744 828 1897 
3 18 81 158 214 
8 552 629 683 801 
43 46 227 567 995 
1 38 154 208 435 
61 400 589 769 879 
406 506 705 865 881 1413 
46 75 102 289 721 
44 223 286 342 416 
280 310 388 530 833 
67 165 294 486 899 
3 58 159 333 770 1498 
22 107 447 895 964 
25 252 284 404 807 
14 56 118 163 905 
1 121 212 923 
60 229 499 590 968 
1 281 412 657 884 
126 142 244 602 872 
14 20 517 533 779 
12 193 400 477 726 
151 167 273 737 744 
72 164 204 411 784 
4 149 296 837 858 978 
112 118 394 717 780 
1 61 99 114 224 
5 23 259 342 933 
4 24 162 393 696 
90 132 174 476 943 
90 91 236 312 760 812 
16 106 130 575 838 
50 96 878 883 1043 
17 73 209 217 528 
28 335 381 550 600 
136 258 347 502 534 2032 
46 118 234 428 840 
68 312 333 746 950 
27 92 348 816 843 
47 232 540 645 696 
16 137 314 673 729 
4 13 14 42 451 902 
9 485 672 715 783 890 
1 5 104 891 961 
9 492 600 738 885 
54 175 626 811 860 
54 110 603 928 1069 
9 195 498 724 982 
16 22 32 741 772 
1 13 36 134 189 642 1073 
41 63 182 233 327 
5 63 122 324 842 1838 
86 151 304 333 457 
160 320 412 491 1019 
90 183 233 462 803 873 1634 1679 
298 321 779 917 1104 1936 
1 78 851 908 1009 
6 76 569 753 1018 
19 464 551 552 1049 
7 438 525 709 1026 
212 214 329 584 778 922 
1 13 451 737 966 1010 
2 64 120 807 1015 
117 622 926 986 1081 
4 173 800 828 898 
31 85 128 394 679 
10 103 478 910 1110 
59 118 130 885 1083 
43 59 78 501 756 
14 105 355 880 899 
36 229 423 758 1025 
63 115 193 618 736 
22 298 818 1069 1113 
59 312 477 650 676 760 
39 254 715 752 929 
1 19 22 47 61 
48 384 543 595 657 
5 211 305 424 749 1124 1248 1725 
76 467 573 929 930 
129 678 684 769 1135 1732 
46 150 175 800 
9 137 453 461 1115 
69 112 123 274 317 
86 116 157 286 432 1459 
19 365 423 446 748 
14 134 154 754 1099 
3 58 134 237 865 
58 87 272 885 1076 
3 365 502 1027 1064 
135 410 696 716 836 
66 387 552 706 792 1739 
476 583 596 625 680 
9 33 53 398 703 
5 127 659 988 1072 
47 349 436 533 981 
3 264 302 394 655 
1 339 427 481 1020 1036 
9 32 71 217 548 944 
113 194 813 912 1076 
38 297 455 488 633 
4 5 36 121 507 
49 444 484 627 753 1263 
208 289 366 647 1104 
1 60 220 555 811 
37 428 635 781 1094 
1 7 523 747 896 
4 61 389 890 
43 65 287 349 594 
45 76 299 360 689 
175 220 293 476 539 
6 224 401 500 609 
1 3 121 431 833 
132 517 619 696 900 
3 12 465 763 1318 
7 25 116 543 911 
1 17 186 225 876 
2 96 224 259 351 1295 
20 215 715 871 910 
4 51 69 718 1060 
1 49 155 310 603 
69 173 308 575 837 
1 57 494 537 637 1009 
116 413 509 544 1104 1125 
130 222 386 627 964 1541 
69 245 246 485 1062 1703 
76 92 99 436 879 1083 
209 453 623 769 948 
82 169 187 796 931 
4 35 43 46 568 
19 64 191 227 596 1766 1860 
47 259 297 362 396 
15 199 526 828 1103 1766 
220 225 241 357 797 1665 
151 197 271 584 1189 
123 130 154 278 1018 
19 76 232 293 461 
62 99 181 709 935 
40 104 128 229 404 
32 126 228 585 628 
20 122 278 825 1190 
4 12 16 811 881 
26 318 326 737 917 
12 100 193 559 840 
1 12 241 279 1782 
7 60 173 370 915 
47 463 640 737 851 
21 63 415 476 733 
50 114 756 789 837 1013 
21 221 266 688 989 1230 
5 39 216 227 622 1558 1969 
112 318 352 783 961 
3 26 224 623 1170 
46 85 131 260 545 1860 
134 529 650 972 1057 
1 50 406 891 1098 
118 192 293 612 812 
46 293 449 821 1003 1365 1862 
46 64 89 896 932 
13 25 118 352 375 
9 31 162 240 568 
100 143 326 410 595 
99 133 568 691 954 1597 1854 
8 61 66 517 840 
11 69 106 418 447 
4 202 251 732 1058 
13 303 469 654 807 1764 
284 317 391 981 1060 
1 284 455 908 1017 
1 293 683 870 1100 
15 313 370 503 907 
12 133 260 286 892 
14 56 318 413 929 1722 
110 300 949 1081 1137 
5 67 195 283 321 
30 68 324 484 1079 
83 459 521 911 1047 1079 
38 42 137 440 1237 1960 
3 303 334 816 858 
1 406 454 635 742 
7 53 121 328 455 
21 107 233 935 1076 
27 180 364 635 1090 
104 220 885 904 1000 
1 252 478 546 692 
7 16 291 618 1114 1633 
26 244 605 747 816 1352 
3 91 328 870 1222 1848 
181 345 718 933 1038 1166 
1 53 171 214 306 
4 73 260 546 1250 
311 448 511 946 1166 
15 68 704 748 983 1355 
106 244 314 390 1015 
12 113 171 651 1176 1924 
112 192 506 674 1137 1434 
252 300 533 594 1063 
20 94 213 663 795 1560 
7 464 506 832 884 1245 
4 69 150 671 970 
23 186 211 359 1233 
76 169 213 312 505 
120 365 550 789 1022 
613 632 1180 1222 1223 
3 21 64 358 1095 
42 92 137 639 1091 1212 
76 80 182 195 382 
234 294 462 933 1067 
1 22 166 348 1213 
1 92 104 404 1040 
147 453 663 802 854 
7 14 392 525 930 
5 9 30 245 1179 1717 
544 628 989 1019 1092 
1 7 243 265 507 
3 16 313 1080 1089 
92 99 102 319 707 
4 105 192 449 920 
1 34 36 103 1106 
28 283 442 615 1169 
27 66 116 160 834 
14 385 825 1054 1711 
2 123 471 1000 1044 1261 
38 69 75 786 1126 
1 43 133 264 354 
68 212 658 960 1123 
158 366 844 908 1028 
24 176 287 288 312 
57 69 274 685 804 
100 226 397 426 477 2000 
178 362 389 769 1063 
1 87 134 144 704 
1 8 118 310 1126 
1 19 186 354 676 
9 342 844 1030 1240 
27 28 76 245 414 
136 264 373 387 437 
39 78 91 189 1272 
4 36 184 218 949 1865 
1 255 298 388 1137 
1 36 216 932 1141 
22 91 328 535 757 
56 108 434 451 546 
1 75 117 159 
82 102 523 688 1003 
545 811 1116 1201 1250 
40 485 844 885 942 966 
44 66 352 1135 1149 
45 297 391 577 837 1984 
339 502 848 855 1178 
312 608 774 791 1041 
77 233 999 1088 1153 
32 245 473 526 574 
377 495 579 658 735 1113 
1 44 300 586 701 848 1134 
217 449 696 828 949 
7 32 57 154 985 
193 204 958 1087 1147 1370 
641 674 975 1020 1199 
127 133 486 782 1015 1902 
190 449 532 689 1094 
1 13 39 140 583 1727 
1 12 484 577 766 864 
14 28 696 1115 1176 1250 
16 40 495 574 842 
6 70 281 453 670 
2 6 130 277 985 
32 92 145 161 540 
8 44 358 783 901 
1 4 93 293 298 1311 
12 174 313 541 951 
231 370 476 703 755 
112 429 481 513 1018 
16 55 297 612 1038 
10 184 621 810 1146 
18 19 118 706 1315 
115 137 175 627 820 1438 1893 
298 322 897 1169 1237 
1 3 63 162 769 
68 273 368 836 1339 
6 332 577 629 768 821 
154 250 291 690 1165 
15 63 79 267 600 
5 17 33 39 86 945 
4 24 224 545 580 
6 100 723 815 1125 
110 395 399 649 1249 1944 
6 79 124 1156 1237 
85 120 132 233 896 
27 56 281 949 1130 
6 86 314 985 1311 
141 202 735 880 920 
4 76 101 123 170 
17 65 91 299 457 
31 189 287 873 1334 
46 50 673 783 1198 
9 21 364 575 1282 
13 38 123 190 569 1207 
20 46 329 500 618 
112 293 337 804 966 
20 78 119 505 736 
46 189 363 834 1355 
13 100 932 950 1215 
82 129 152 193 717 
1 210 293 465 775 
14 22 151 479 640 
6 28 825 976 988 1184 
100 141 585 645 1151 
271 1100 1148 1264 1268 
2 137 142 157 163 
7 9 16 22 763 
38 99 911 1116 1313 
19 60 202 387 716 
1 164 182 317 1349 
104 254 316 540 932 
32 222 493 602 752 
2 537 680 1041 1125 
1 151 985 1012 1269 
1 3 78 1093 1321 
13 137 294 598 662 
31 302 369 502 1285 
31 35 458 849 1085 
414 475 560 828 834 1360 
22 219 315 324 543 
92 171 757 998 1098 
17 114 324 703 1345 
32 179 329 398 1350 
168 237 580 744 1164 
202 487 577 656 803 
461 731 764 833 1081 1219 1998 
69 214 280 562 954 
16 276 775 1012 1332 
18 218 287 342 720 1205 
88 92 223 303 316 
134 431 532 596 1283 
373 455 457 997 1025 
63 129 448 575 1061 
27 83 126 597 1112 
132 212 271 614 1195 
137 245 256 476 1142 
32 117 225 241 478 823 1888 
1 210 381 1161 1251 
1 381 488 1169 1195 
73 118 183 537 545 
278 306 805 838 1097 
3 118 310 732 1234 
28 335 487 834 1292 
26 46 269 417 1208 
311 340 347 1086 1163 
291 390 990 1140 1259 
97 231 334 678 1391 1416 
1 22 944 963 1066 
3 87 507 1202 1309 1312 
25 40 185 273 1140 
30 42 130 153 1239 
130 134 167 360 1254 
110 318 500 676 856 
1 65 318 1104 1382 1559 
14 56 495 591 1026 
359 714 1234 1280 1287 
11 286 316 463 1315 1960 
1 481 1122 1268 1363 
118 299 385 387 759 
1 6 724 1111 1292 
27 61 192 229 993 
44 139 176 473 1110 
134 449 726 1032 1076 
38 134 533 1002 1155 
50 89 100 324 883 
19 119 601 682 1053 
17 102 413 510 1159 
241 567 904 1032 1176 
16 105 895 1060 1216 
9 216 245 298 1176 
36 319 597 1058 1377 1822 
8 76 116 457 771 1935 
1 53 604 633 781 
25 77 189 368 706 2012 
4 45 97 933 1106 
25 59 260 323 777 1542 
17 137 249 734 1423 
17 217 399 889 984 1366 
22 119 266 705 901 1061 
76 181 557 849 1198 
3 8 152 540 906 
19 46 398 1158 1260 
232 357 382 601 603 1943 
14 190 278 744 1032 
167 330 425 1126 1436 
7 465 1008 1179 1409 
36 95 315 898 995 
2 227 445 446 780 
11 109 268 1157 1443 1695 
7 555 673 959 1056 
73 310 510 635 704 1285 1992 
1 14 105 404 519 1137 
1 53 628 1021 1085 
1 27 390 1085 1253 1956 
36 144 687 1053 1119 1741 
436 440 450 473 742 
199 211 961 1081 1243 1585 
1 25 300 819 972 
5 43 103 806 1003 
1 207 215 424 640 2048 
8 895 1011 1137 1454 
312 455 970 1215 1306 
22 42 59 85 826 
1 3 196 882 1165 1808 2009 
43 462 765 832 1385 
9 27 78 304 812 
7 284 316 412 547 
191 212 244 494 930 1528 
25 697 1146 1378 1462 
482 912 919 1091 1187 
18 42 121 982 1157 
226 636 818 1046 1060 
1 14 152 393 713 
5 30 86 206 562 
8 229 734 772 842 
232 247 277 391 415 
1 8 92 1447 
32 483 658 1453 1479 
1 9 57 89 876 
3 118 227 690 953 
3 26 37 528 1183 1912 
110 699 846 1321 1423 
14 53 591 710 737 
1 15 381 382 515 
86 190 269 470 1099 
7 147 202 396 731 1044 
12 64 217 240 667 1855 
298 329 778 832 1380 
14 136 231 447 1384 1965 
189 777 845 900 1084 
150 961 1000 1315 1328 
21 43 953 1056 1372 
4 26 328 574 629 1790 
1 5 637 708 881 1071 
14 16 233 595 750 
48 85 620 667 975 1087 
14 20 21 597 736 
10 87 227 637 975 
318 319 396 740 1112 
3 75 214 605 1063 1848 
2 33 179 1340 1377 
1 270 690 973 1079 1374 
6 476 600 628 1301 
39 41 66 355 
25 428 857 999 1249 
76 469 653 900 1378 
115 225 234 304 892 
42 110 504 805 846 
28 464 911 1003 1499 
1 86 293 357 712 
30 129 334 527 1136 
1 192 467 598 1245 
1 54 213 547 727 
46 349 404 470 821 1228 
1 301 407 484 1237 1733 
2 276 715 894 982 
96 221 397 608 682 
4 18 223 971 1178 
119 579 592 651 729 
105 197 382 615 847 
69 353 373 483 618 1924 
1 85 196 704 884 
59 91 1081 1270 1400 
26 169 401 614 1410 
99 381 473 906 944 1781 
1 25 176 732 765 
26 358 401 477 480 
3 134 229 833 1275 
1 60 715 805 1456 
65 340 537 1135 1525 
108 126 136 823 1019 
4 5 14 197 382 
134 526 981 1353 1432 
112 263 432 799 897 
190 244 908 1272 1441 
60 71 805 863 899 1404 
244 467 861 905 983 
1 10 15 968 1004 
81 159 190 397 1456 
779 835 1010 1036 1425 
143 562 842 1313 1537 
9 381 390 791 986 
67 76 504 1204 1285 
104 725 888 955 1473 
57 359 880 1285 1327 
19 32 521 821 1031 
23 40 129 475 680 1433 
217 345 753 1140 1233 
16 519 542 1025 1417 1761 
221 394 832 860 1269 
47 170 347 415 757 
353 575 705 831 1467 
4 220 702 897 1207 
2 233 650 1124 1542 2017 
7 58 464 805 1065 1461 1861 
6 13 562 721 1427 
20 178 228 389 1003 
1 7 197 318 1356 
26 95 185 344 366 
1 2 9 790 921 
1 31 59 1150 1673 
40 220 283 751 893 
1 100 165 468 491 
58 142 173 458 807 
104 341 436 990 1005 2044 
14 88 373 1395 1398 
90 381 1166 1533 1543 
3 377 620 726 1522 
141 463 544 552 599 1291 1738 
36 68 383 900 1330 
61 114 206 368 731 
7 192 419 796 1319 
12 34 198 474 1333 
110 114 146 289 412 1226 
6 15 19 133 1331 
383 957 975 1057 1160 1254 1325 
19 123 324 1422 1424 
140 327 914 1146 1502 
103 112 562 682 1034 
1 7 52 1241 1353 
12 190 682 915 1311 
1 15 58 744 1149 
102 132 834 1344 1375 
24 345 524 912 1507 
76 392 907 1047 1457 
197 412 901 1210 1490 
17 34 76 118 1169 1929 
1 5 1321 1481 
3 219 235 256 996 1561 
806 877 926 985 1047 1307 
19 199 287 567 989 
1 115 236 323 484 
3 30 473 883 1423 
13 92 100 582 862 1249 
43 273 638 947 1281 
251 657 822 856 954 1477 
1 52 112 239 408 1700 
16 480 819 901 1183 
226 236 302 365 1561 
14 347 1006 1191 1462 
39 129 670 750 1519 
165 218 1107 1260 1448 1512 
100 477 1019 1128 1194 
32 173 303 538 1588 1943 
12 16 260 710 1409 
45 317 478 685 1532 
17 113 212 327 1148 
36 353 591 729 753 
28 146 1130 1414 1476 
252 317 574 922 1557 
195 403 417 834 1137 
8 15 19 145 250 
36 92 274 671 685 
14 46 387 583 1451 
3 64 156 445 547 1960 
1 13 29 203 339 
63 547 1003 1075 1365 
1 207 329 425 768 
14 578 1276 1344 1481 
37 363 734 844 901 1549 
13 19 39 170 1022 
337 389 544 796 995 
51 476 510 867 990 
1 42 145 1064 1389 
12 186 223 258 1624 
76 78 79 204 844 
618 647 889 1020 1346 
75 144 831 1189 1603 
5 343 786 812 1317 
40 145 952 993 1219 
1 174 211 373 908 
32 175 243 953 1376 
7 42 255 617 1428 
3 437 746 1097 1273 1344 
69 94 261 593 1343 
220 413 1230 1245 1285 
550 831 911 993 1315 
37 473 527 565 729 973 
7 311 882 1440 1569 
135 478 555 675 974 
20 78 703 940 1461 
5 26 38 160 280 
1 80 610 682 1441 
26 202 702 722 
14 27 86 300 319 1952 
5 49 76 414 1262 
159 334 594 783 1402 
261 265 275 1126 1555 
45 136 385 999 1430 
147 245 248 629 1236 1636 
2 143 283 796 1448 1846 
6 118 180 329 1622 1829 
258 317 1077 1094 1645 
9 335 935 1338 1381 1761 
104 146 252 1324 1457 
1 63 64 127 337 
1 16 123 392 413 
10 20 252 362 638 1855 
205 224 723 1064 1188 
262 276 313 373 830 
1 492 1040 1143 1480 
1 3 95 373 670 942 
1 93 1268 1315 1407 
32 105 143 290 1282 
280 384 442 568 873 
16 363 434 1116 1537 
8 84 356 401 717 
258 422 737 755 877 
3 13 96 108 184 1307 
1 5 402 546 907 
51 281 305 841 1372 1375 
155 476 588 1167 1536 2020 
42 324 611 988 990 
54 132 842 1207 1392 
1 113 281 368 802 875 
65 265 293 419 1478 1952 
79 115 350 720 791 
25 317 697 1364 1676 
9 57 365 1053 1139 
6 79 233 1108 1143 
5 45 169 1052 1253 
375 389 425 457 851 
64 184 1145 1237 1489 
2 158 487 580 1172 
212 718 1082 1139 1503 
76 122 149 650 670 1876 
99 198 728 961 1545 
65 447 641 673 819 
1 339 652 798 1210 
14 57 173 461 1288 
96 291 471 732 845 
9 14 1372 1456 1482 
46 112 137 1023 1529 
1 8 90 407 1649 
1 91 368 617 747 
3 221 1060 1331 1629 
7 212 575 975 1299 
10 144 327 346 1263 
1 12 674 851 1386 
243 415 449 808 1296 
79 211 665 1141 1166 
25 554 879 1038 1669 
1 118 131 500 1563 
1 479 721 751 959 
3 20 191 1558 1683 
103 120 666 777 861 1826 1942 
4 6 262 484 1279 
6 10 504 1255 1468 
32 99 524 1406 1518 
13 199 389 703 1430 
16 25 37 949 1071 
130 136 278 563 842 
81 86 408 486 1573 
15 120 243 381 1198 
9 237 298 555 1344 
78 92 192 837 1119 
43 66 786 842 1462 
1 182 227 416 1240 1716 
371 504 713 807 1623 
100 1139 1222 1440 1610 
75 134 340 871 1441 
16 135 1198 1301 1408 
7 130 382 978 1369 
941 1040 1135 1284 1381 
9 110 286 748 912 
21 673 916 1341 1524 
4 136 189 295 604 
175 562 692 836 1266 1822 
1 19 671 1361 1536 
1 28 69 287 1268 
179 612 1226 1348 1533 1609 1976 
11 58 267 302 673 
110 245 301 455 1428 1619 
69 122 476 1363 1407 
75 188 307 604 956 
9 27 47 774 1498 
4 36 90 95 788 1860 
1 308 895 1049 1525 
1 52 198 552 1490 
28 77 380 1136 1327 1340 
833 1066 1089 1250 1457 
64 150 387 869 1723 
16 96 135 908 1055 1233 
33 369 377 1007 1350 
16 210 483 533 581 2004 
30 448 970 986 1323 
467 814 851 977 1571 
12 57 424 596 1372 
5 113 215 340 1011 
32 82 106 230 1184 
119 366 758 1369 1499 
136 156 482 834 1254 1319 
14 46 1115 1304 1372 
1 77 438 528 755 
2 6 1082 1321 1751 
25 91 107 294 570 
42 268 729 1281 1708 
2 394 750 753 1362 
4 116 980 1405 1605 
36 51 76 340 1416 1721 
703 985 1203 1650 1693 1838 
5 85 654 889 1398 
16 104 195 463 661 
36 127 755 1280 1743 
22 84 402 1374 1520 
15 347 800 898 1459 
1 9 130 462 1411 1960 
84 369 650 1102 1605 
35 121 343 628 1284 
24 43 252 698 759 
63 429 512 606 1003 1767 
73 136 224 478 487 
2 320 555 659 1279 
20 85 174 890 966 
91 227 276 929 937 
150 361 650 844 1041 
136 198 726 766 1752 1979 
3 19 864 1216 1664 
3 16 58 75 98 
3 588 886 1071 1637 
102 160 339 506 1724 
3 136 695 871 940 
31 53 96 100 393 618 
7 288 511 1000 1702 
32 401 617 1109 1642 
1 3 241 364 1340 1850 
68 295 574 670 1129 
5 68 221 326 610 
46 178 192 381 1358 
35 480 823 1241 1283 1696 
6 40 907 1239 1647 1859 
5 136 346 1374 1392 
14 21 22 376 1098 
1 83 85 263 1080 
8 16 91 1381 1628 
22 183 740 1199 1358 
5 286 575 865 1661 
46 320 397 911 1200 
2 387 446 822 1753 
1 29 78 278 814 
76 592 661 1154 1548 
58 217 526 540 928 
1 65 1005 1196 1713 1793 
167 296 594 804 1248 
2 26 601 957 1253 1363 1619 
40 236 848 897 1537 
1 3 297 340 1501 
1 6 245 1529 
4 74 134 382 391 
1 135 703 1385 1580 
1 5 9 75 829 
14 28 77 134 479 
15 23 63 683 1225 
2 5 181 412 1564 
184 377 658 894 911 
9 64 140 293 701 
19 77 890 1182 1356 
12 400 669 824 1596 1941 
499 790 835 837 1283 
28 100 476 916 1549 
13 43 424 456 784 
1 8 309 499 570 
194 268 485 1124 1598 
283 496 566 1029 1595 1892 
23 183 315 334 523 1959 
2 19 24 1609 1637 
1 4 22 25 1428 
9 162 1465 1629 1667 
14 158 752 1447 1480 
44 357 361 715 987 
65 104 460 496 726 1007 
130 406 660 728 1311 
1 3 337 373 775 1668 
13 100 217 847 1836 
21 184 377 799 926 1604 
288 484 753 1373 1542 
290 342 537 986 1293 
44 336 401 837 1245 
29 451 686 773 1095 1606 
6 251 699 985 1509 1592 
54 95 385 609 1047 
285 318 857 1345 1638 
107 326 640 836 1198 
159 541 629 868 1008 1139 
5 25 671 717 832 
6 32 108 470 1022 
423 859 872 1033 1589 
1 27 606 917 1547 1674 
57 212 326 1663 1692 
49 387 429 942 990 1443 
19 264 944 1377 1498 
64 72 303 396 1096 
273 718 1189 1392 1621 1667 
46 713 1275 1494 1817 
14 178 330 1206 1506 1611 
170 172 312 1218 1284 
200 364 552 938 1846 
12 34 47 82 1844 
128 1039 1169 1367 1489 1926 
1 105 463 485 904 
127 545 611 925 1303 1566 
77 123 1209 1259 1578 
3 25 1137 1140 1602 
3 365 1245 1531 1699 
3 14 307 343 1285 
44 221 1104 1255 1274 
12 291 554 1122 1702 
13 93 196 302 465 
29 56 236 358 847 
177 312 506 1244 1388 1686 
56 194 381 428 770 
159 550 587 827 1022 
86 127 343 1292 1381 
86 340 395 491 1515 
359 393 608 1024 1493 
404 406 616 1131 1522 1738 
9 44 149 280 960 
124 335 910 1234 1753 
28 130 278 806 1024 1242 
75 474 592 654 1033 
119 124 281 1356 1523 
400 420 498 1188 1621 
19 406 615 645 1542 
381 640 711 897 1797 
6 78 491 619 918 1815 
155 910 941 947 1213 1354 
5 274 588 1312 1865 
17 229 1030 1413 1694 
25 102 1020 1060 1104 
25 264 271 713 800 
87 403 760 1421 1437 1490 
96 787 831 984 1506 
116 130 164 1834 1866 
112 199 254 539 1513 
1 157 574 617 1391 
171 191 783 1189 1328 
112 157 368 704 1139 
4 283 673 972 1663 
12 70 284 808 1498 
2 860 1150 1347 1472 1555 
21 42 364 598 1408 
1 56 893 1272 1588 
4 7 8 843 1794 
668 697 805 1523 1633 
14 26 305 373 1777 
1 24 293 749 1423 1597 
21 68 299 312 1045 
5 14 112 312 711 1440 
10 46 147 551 1455 
46 78 223 491 870 
23 38 368 915 1067 
20 122 542 965 1733 
20 97 138 255 760 
1 390 408 1345 1349 
5 59 103 247 305 
13 26 32 136 694 
2 123 765 1553 1761 
7 72 82 301 1759 
98 123 238 801 1190 1385 
13 392 909 1520 1780 
32 72 309 416 823 
422 629 738 856 1160 
102 175 1042 1387 1573 1770 
1 32 465 539 749 1563 
38 398 399 428 1547 1861 
22 283 385 461 1853 
19 159 250 729 1353 
1 124 355 1718 1865 1904 
9 65 362 833 1894 
5 57 547 825 1390 
80 182 308 674 940 1682 
24 108 333 1198 1574 
6 46 420 1094 1621 
1 44 128 183 555 739 746 
413 517 633 1262 1607 
458 937 1394 1429 1719 
157 280 361 1516 1582 
10 98 104 744 1897 
77 129 134 827 1050 
4 69 132 1426 1884 
395 455 631 787 1222 1228 
21 26 212 463 825 
33 156 176 332 1398 1964 
192 599 857 1297 1816 
206 620 914 1020 1940 
38 368 397 1435 1852 
5 12 62 458 704 741 
1 67 622 896 1038 1601 
120 210 545 929 1212 
60 88 588 1047 1408 
1 50 130 790 923 
3 211 234 810 1593 
1 3 52 1744 1834 
12 14 231 451 1741 
48 161 1143 1278 1501 
4 86 340 523 529 
91 295 1257 1260 1268 
7 286 329 341 722 
445 856 963 1167 1326 
26 158 682 1146 1473 
3 130 664 1294 1871 2027 
212 277 351 1281 1923 
172 322 352 683 1647 
110 380 565 723 840 
617 840 1363 1872 1908 
27 209 810 1349 1936 
7 14 79 264 1909 
28 717 794 1664 1807 
473 542 1026 1281 1389 
131 567 782 851 1722 2029 
57 81 142 461 759 1902 
464 740 1707 1783 1788 
770 824 1254 1482 1691 
21 304 340 403 1049 
37 53 534 1114 1542 
57 158 515 552 778 1601 1748 
247 340 1154 1363 1453 
18 1027 1124 1265 1933 
3 127 1032 1743 1919 
11 108 123 929 1399 
2 19 177 580 1807 
27 181 720 733 1783 
14 19 28 404 1131 1260 
298 744 1025 1149 1548 
4 47 57 551 1545 
2 329 935 1452 1704 1950 
71 418 455 521 600 
130 151 551 717 1179 
5 98 583 1268 1389 
386 447 615 959 1251 
12 14 19 1141 1786 1919 
94 189 511 1867 1887 
34 432 517 1165 1939 
1 195 1209 1433 1530 
5 278 802 982 985 1875 
133 878 1106 1156 1996 
1 750 867 1399 1992 
16 429 808 828 875 1837 
15 166 311 655 1269 1876 
736 917 1523 1708 1841 
2 23 49 223 253 1292 
1 5 27 403 1710 
362 994 1003 1016 1111 
105 382 655 1028 1317 
246 463 596 913 1141 
161 342 741 940 1278 
104 118 912 1392 1640 1653 
4 14 53 499 1061 
7 71 197 1061 1103 
264 1250 1429 1687 1894 
91 146 546 838 1097 
67 262 697 1141 1480 
220 264 553 786 1770 
293 447 659 792 1947 
15 770 950 1226 1251 1743 
2 14 757 1558 1632 1790 1964 
408 799 858 1050 1284 
281 704 884 982 1688 
5 186 710 1383 1735 
135 377 447 890 1688 
4 138 961 973 1304 1955 
33 137 484 828 1978 
233 684 1228 1534 1688 
47 160 333 672 1763 
100 131 470 1280 1420 
72 594 647 1635 1858 1975 
150 313 1321 1677 1838 
61 322 406 706 1743 
1 152 158 320 397 
27 66 311 1296 2007 
10 79 211 722 1779 
14 189 1016 1153 1592 1849 
5 46 681 1445 1503 
68 196 634 985 1053 
20 56 455 1348 1679 2009 
3 40 211 1341 1857 
280 293 506 1141 1605 
213 228 790 930 1630 1716 2029 
6 496 618 970 1986 2036 
4 57 110 743 1861 
56 142 401 653 920 
29 267 850 1176 1389 1665 
42 429 543 631 962 
46 181 476 824 1354 1582 
