1024 25052 0
2 3 4 5 6 7 9 11 12 20 21 28 30 
1 3 4 5 6 8 9 11 12 15 
1 2 4 5 6 8 9 10 11 12 15 18 
1 2 3 5 6 7 8 9 10 11 12 15 18 21 26 27 28 29 30 35 
1 2 3 4 6 7 8 9 11 12 
1 2 3 4 5 7 8 9 10 11 12 15 18 20 21 26 27 28 29 30 
1 4 5 6 9 10 11 12 20 21 26 27 28 29 30 
2 3 4 5 6 9 10 11 12 15 17 18 
1 2 3 4 5 6 7 8 10 11 12 15 18 
3 4 6 7 8 9 11 12 15 18 26 27 28 29 30 35 37 
1 2 3 4 5 6 7 8 9 10 12 15 18 20 21 26 27 28 29 30 
1 2 3 4 5 6 7 8 9 10 11 15 18 
14 16 17 41 42 43 46 49 50 
13 16 17 43 49 50 
2 3 4 6 8 9 10 11 12 17 18 35 37 
13 14 17 40 41 42 43 46 47 49 50 
8 13 14 15 16 18 
3 4 6 8 9 10 11 12 15 17 27 35 37 
22 23 24 26 29 31 33 105 106 107 108 109 112 114 118 120 124 126 129 131 
1 6 7 11 21 22 25 26 27 28 29 30 31 
1 4 6 7 11 20 22 25 26 27 28 29 30 31 
19 20 21 23 24 26 27 28 29 30 31 33 35 107 108 109 118 131 
19 22 24 26 29 31 32 33 38 107 108 109 118 120 126 129 131 
19 22 23 25 26 29 31 105 106 107 108 109 111 112 114 115 118 120 
20 21 24 26 29 30 31 105 106 108 114 115 
4 6 7 10 11 19 20 21 22 23 24 25 27 28 29 30 31 35 
4 6 7 10 11 18 20 21 22 26 28 29 30 31 35 
1 4 6 7 10 11 20 21 22 26 27 29 30 31 35 
4 6 7 10 11 19 20 21 22 23 24 25 26 27 28 30 31 33 35 118 
1 4 6 7 10 11 20 21 22 25 26 27 28 29 31 
19 20 21 22 23 24 25 26 27 28 29 30 33 105 106 107 108 109 114 118 
23 33 34 35 36 37 38 81 83 84 125 126 129 131 136 
19 22 23 29 31 32 36 38 107 108 109 118 120 125 126 127 129 131 
32 35 36 37 38 40 41 47 76 78 81 83 
4 10 15 18 22 26 27 28 29 32 34 36 37 38 
32 33 34 35 37 38 79 81 83 84 125 126 129 131 136 
10 15 18 32 34 35 36 38 47 
23 32 33 34 35 36 37 83 125 126 129 131 136 
40 41 44 45 46 47 48 50 51 57 64 69 70 73 75 76 78 80 81 85 89 93 94 97 102 104 
16 34 39 41 44 45 46 47 48 49 50 69 70 73 75 76 78 80 81 83 
13 16 34 39 40 43 44 45 46 47 48 49 50 69 70 73 75 76 78 80 81 83 
13 16 43 44 46 49 50 51 56 64 
13 14 16 41 42 46 49 50 51 
39 40 41 42 45 46 48 49 50 51 57 60 64 69 70 73 75 76 78 80 85 89 93 94 
39 40 41 44 46 47 48 49 50 57 69 70 73 75 76 78 80 81 83 93 94 
13 16 39 40 41 42 43 44 45 47 48 49 50 51 69 70 73 75 76 78 81 
16 34 37 39 40 41 45 46 49 50 69 70 73 75 76 78 81 83 
39 40 41 44 45 46 51 53 57 60 62 64 69 70 73 75 76 78 80 85 89 90 93 94 
13 14 16 40 41 42 43 44 45 46 47 50 75 76 78 
13 14 16 39 40 41 42 43 44 45 46 47 49 75 76 78 
39 42 43 44 46 48 53 54 56 60 62 63 64 
53 54 55 58 59 60 61 62 63 65 66 67 68 255 257 258 260 262 
48 51 52 54 56 59 60 61 62 63 64 65 66 67 68 258 
51 52 53 56 59 60 61 62 63 64 65 66 67 68 255 257 258 262 
52 58 59 61 86 88 89 90 92 95 98 99 100 101 252 253 255 257 260 262 280 282 285 291 293 
42 51 53 54 59 60 62 63 64 65 66 67 68 
39 44 45 48 58 60 61 62 64 69 70 72 73 75 80 85 86 88 89 90 92 93 94 95 97 98 99 100 101 102 104 
52 55 57 59 61 62 85 86 88 89 90 92 93 94 95 98 99 100 101 102 252 253 257 260 262 291 293 
52 53 54 55 56 58 60 61 62 63 64 65 66 67 68 88 99 252 255 257 258 260 262 
44 48 51 52 53 54 56 57 59 61 62 63 64 65 66 67 68 89 
52 53 54 55 57 58 59 60 62 63 64 65 66 67 68 86 88 89 90 99 100 252 253 255 257 258 260 262 
48 51 52 53 54 56 57 58 59 60 61 63 64 65 66 67 68 89 255 257 258 262 
51 52 53 54 56 59 60 61 62 64 65 66 67 68 258 
39 42 44 48 51 53 54 56 57 59 60 61 62 63 
52 53 54 56 59 60 61 62 63 66 67 68 255 257 258 262 
52 53 54 56 59 60 61 62 63 65 67 68 255 257 258 262 
52 53 54 56 59 60 61 62 63 65 66 68 255 257 258 260 262 263 
52 53 54 56 59 60 61 62 63 65 66 67 255 257 258 260 262 
39 40 41 44 45 46 47 48 57 70 72 73 75 76 77 78 80 81 85 89 90 93 94 97 102 104 
39 40 41 44 45 46 47 48 57 69 72 73 74 75 76 77 78 79 80 81 82 83 84 85 89 93 94 97 102 104 
72 74 77 79 80 81 82 83 84 136 165 166 169 171 172 173 174 176 179 180 181 183 184 185 
57 69 70 71 73 74 77 79 80 82 84 85 89 90 91 92 93 94 95 97 98 101 102 104 169 179 183 185 189 206 
39 40 41 44 45 46 47 48 57 69 70 72 75 76 77 78 79 80 81 83 85 89 93 94 97 102 104 
70 71 72 77 79 80 82 84 91 92 93 94 97 101 102 104 162 166 169 175 179 183 185 186 187 189 206 207 
39 40 41 44 45 46 47 48 49 50 57 69 70 73 76 77 78 80 81 83 93 94 104 
34 39 40 41 44 45 46 47 48 49 50 69 70 73 75 78 80 81 83 
69 70 71 72 73 74 75 78 79 80 81 82 83 84 97 104 165 166 169 179 183 184 185 189 
34 39 40 41 44 45 46 47 48 49 50 69 70 73 75 76 77 79 80 81 83 84 
36 70 71 72 73 74 77 78 80 81 82 83 84 136 165 166 169 174 179 183 184 185 
39 40 41 44 45 48 57 69 70 71 72 73 74 75 76 77 78 79 81 82 83 84 85 89 93 94 97 102 104 
32 34 36 39 40 41 45 46 47 69 70 71 73 75 76 77 78 79 80 82 83 84 
70 71 72 74 77 79 80 81 83 84 104 165 166 169 174 179 180 183 184 185 189 
32 34 36 38 40 41 45 47 70 71 73 75 76 77 78 79 80 81 82 84 136 165 166 169 184 
32 36 70 71 72 74 77 78 79 80 81 82 83 136 165 166 169 174 179 181 183 184 185 
39 44 48 57 58 69 70 72 73 80 86 88 89 90 91 92 93 94 95 97 98 99 100 101 102 104 
55 57 58 61 85 88 89 90 91 92 93 94 95 96 97 98 99 100 101 102 103 104 252 253 260 280 282 291 292 293 
91 95 96 101 103 188 190 192 193 196 199 202 203 205 206 207 280 281 282 283 287 290 291 292 375 376 
55 57 58 59 61 85 86 89 90 92 93 94 95 96 97 98 99 100 101 102 104 252 253 260 262 280 291 293 
39 44 48 55 57 58 60 61 62 69 70 72 73 80 85 86 88 90 92 93 94 95 97 98 99 100 101 102 104 
48 55 57 58 61 69 72 85 86 88 89 91 92 93 94 95 96 97 98 99 100 101 102 104 
72 74 85 86 87 90 92 93 94 95 96 97 98 101 102 103 104 179 183 186 187 188 189 190 193 196 199 202 206 207 281 
55 57 58 72 74 85 86 88 89 90 91 93 94 95 96 97 98 99 100 101 102 104 
39 44 45 48 57 58 69 70 72 73 74 75 80 85 86 88 89 90 91 92 94 95 97 98 99 100 101 102 104 
39 44 45 48 57 58 69 70 72 73 74 75 80 85 86 88 89 90 91 92 93 95 97 98 99 100 101 102 104 
55 57 58 72 85 86 87 88 89 90 91 92 93 94 96 97 98 99 100 101 102 103 104 190 193 199 206 207 253 280 281 282 283 287 291 292 
86 87 88 90 91 92 95 97 98 99 100 101 102 103 188 190 193 196 199 203 206 207 280 281 282 283 287 290 291 292 
39 57 69 70 72 73 74 77 80 85 86 88 89 90 91 92 93 94 95 96 98 99 100 101 102 104 189 
55 57 58 72 85 86 88 89 90 91 92 93 94 95 96 97 99 100 101 102 104 252 253 
55 57 58 59 61 85 86 88 89 90 92 93 94 95 96 97 98 100 101 102 104 252 253 260 262 280 291 293 
55 57 58 61 85 86 88 89 90 92 93 94 95 96 97 98 99 101 102 103 252 253 260 262 280 281 282 291 292 293 
55 57 58 72 74 85 86 87 88 89 90 91 92 93 94 95 96 97 98 99 100 102 103 104 189 190 193 199 206 207 280 281 283 291 292 
39 57 58 69 70 72 73 74 80 85 86 88 89 90 91 92 93 94 95 96 97 98 99 100 101 104 
86 87 91 95 96 100 101 188 190 193 196 199 203 206 207 280 281 282 283 287 288 290 291 292 375 
39 57 69 70 72 73 74 75 77 80 82 85 86 88 89 90 91 92 93 94 95 97 98 99 101 102 189 
19 24 25 31 106 107 108 109 110 111 112 113 114 115 117 118 119 120 121 123 124 
19 24 25 31 105 107 108 109 110 111 112 113 114 115 117 118 119 120 121 123 124 
19 22 23 24 31 33 105 106 108 109 112 113 114 115 117 118 119 120 124 126 127 129 131 
19 22 23 24 25 31 33 105 106 107 109 111 112 113 114 115 117 118 119 120 123 124 131 
19 22 23 24 31 33 105 106 107 108 112 113 117 118 120 124 125 126 127 129 131 135 137 
105 106 111 112 113 116 117 119 120 121 122 123 124 128 137 139 140 141 142 147 148 156 
24 105 106 108 110 112 113 114 115 117 119 120 121 123 124 141 142 
19 24 105 106 107 108 109 110 111 113 114 115 116 117 118 119 120 121 122 123 124 127 128 131 135 137 141 142 147 
105 106 107 108 109 110 111 112 114 115 116 117 118 119 120 121 122 123 124 128 137 141 142 147 
19 24 25 31 105 106 107 108 111 112 113 115 118 119 120 
24 25 105 106 107 108 111 112 113 114 118 119 120 121 123 
110 112 113 117 120 121 122 123 124 127 128 135 137 141 142 147 156 159 160 161 
105 106 107 108 109 110 111 112 113 116 118 119 120 121 122 123 124 127 128 135 137 139 141 142 147 156 160 
19 22 23 24 29 31 33 105 106 107 108 109 112 113 114 115 117 120 124 126 129 131 
105 106 107 108 110 111 112 113 114 115 117 120 121 122 123 124 139 141 142 147 
19 23 24 33 105 106 107 108 109 110 111 112 113 114 115 116 117 118 119 121 122 123 124 126 127 128 129 131 135 137 
105 106 110 111 112 113 115 116 117 119 120 122 123 124 128 137 139 140 141 142 147 148 149 
110 112 113 116 117 119 120 121 123 124 127 128 135 137 139 141 142 147 156 159 160 161 
105 106 108 110 111 112 113 115 116 117 119 120 121 122 124 139 141 142 147 148 
19 105 106 107 108 109 110 111 112 113 116 117 118 119 120 121 122 123 126 127 128 129 131 135 137 142 147 
32 33 36 38 109 126 127 129 130 131 132 133 134 135 136 165 166 171 172 174 181 184 
19 23 32 33 36 38 107 109 118 120 124 125 127 129 131 132 133 134 135 136 137 
33 107 109 112 116 117 120 122 124 125 126 128 129 131 132 133 134 135 137 158 159 160 
110 112 113 116 117 120 121 122 124 127 133 134 135 137 142 147 156 158 159 160 161 
19 23 32 33 36 38 107 109 118 120 124 125 126 127 131 132 133 134 135 136 137 
125 132 133 134 135 136 155 157 158 165 168 171 172 174 176 177 180 181 182 184 212 215 217 224 229 
19 22 23 32 33 36 38 107 108 109 112 118 120 124 125 126 127 129 135 136 137 
125 126 127 129 130 133 134 135 136 155 157 158 165 166 168 171 172 174 176 177 180 181 184 212 224 229 
125 126 127 128 129 130 132 134 135 136 137 155 157 158 160 168 171 172 174 176 177 181 184 212 224 229 
125 126 127 128 129 130 132 133 135 136 137 155 157 158 160 168 171 172 174 176 177 181 184 212 224 229 
109 112 116 117 120 122 124 125 126 127 128 129 130 131 132 133 134 137 155 158 159 160 
32 36 38 71 79 83 84 125 126 129 130 131 132 133 134 165 166 169 171 172 174 176 180 181 184 185 
109 110 112 113 116 117 120 121 122 124 126 127 128 129 131 133 134 135 147 156 158 159 160 
139 140 141 142 143 144 145 146 147 148 149 150 152 156 159 161 510 511 512 514 516 517 520 
110 117 119 121 122 123 138 140 141 142 143 144 145 146 147 148 149 151 152 520 
110 121 138 139 141 142 143 144 145 146 147 148 149 150 151 152 161 510 511 512 514 517 520 
110 111 112 113 116 117 119 121 122 123 138 139 140 142 143 147 148 149 152 
110 111 112 113 116 117 119 121 122 123 124 128 138 139 140 141 143 147 148 149 152 156 
138 139 140 141 142 144 145 146 147 148 149 150 152 156 159 160 161 510 512 514 517 520 
138 139 140 143 145 146 147 148 149 150 151 152 156 161 510 511 512 513 514 516 517 520 
138 139 140 143 144 146 147 148 149 150 151 152 156 159 161 510 511 512 513 514 516 517 520 527 
138 139 140 143 144 145 147 148 150 152 156 159 160 161 510 511 512 513 514 516 517 520 527 533 
110 112 113 116 117 119 121 122 123 124 128 137 138 139 140 141 142 143 144 145 146 148 149 156 159 160 161 
110 121 123 138 139 140 141 142 143 144 145 146 147 149 151 152 510 512 517 520 
121 138 139 140 141 142 143 144 145 147 148 151 152 510 512 517 520 
138 140 143 144 145 146 156 159 161 510 511 513 514 516 517 527 530 531 533 538 
139 140 144 145 148 149 152 510 511 512 514 515 516 517 519 520 522 523 
138 139 140 141 142 143 144 145 146 148 149 151 510 511 512 514 517 520 
154 155 157 208 210 214 217 227 230 527 531 533 535 536 583 
153 155 156 157 158 159 160 161 208 210 217 224 229 527 531 533 
130 132 133 134 135 153 154 157 158 159 160 168 177 208 210 212 215 217 224 229 
110 116 117 122 128 137 138 142 143 144 145 146 147 150 154 158 159 160 161 
130 132 133 134 153 154 155 158 159 160 168 177 208 210 212 215 217 224 229 
127 128 130 132 133 134 135 137 154 155 156 157 159 160 168 171 177 212 217 224 229 
116 122 127 128 135 137 138 143 145 146 147 150 154 155 156 157 158 160 161 
116 117 122 127 128 133 134 135 137 143 146 147 154 155 156 157 158 159 161 
116 122 128 138 140 143 144 145 146 147 150 154 156 159 160 527 533 
74 163 164 165 167 169 170 173 175 176 178 179 180 183 185 186 187 189 191 194 195 196 197 200 201 202 204 206 207 218 221 237 
162 164 167 169 170 171 172 173 174 175 176 177 178 179 180 182 183 185 186 187 191 194 197 200 204 209 212 215 216 218 219 221 222 223 225 228 233 237 247 
162 163 165 166 167 169 170 171 172 173 174 175 176 177 178 179 180 181 182 183 184 185 186 187 191 194 197 200 204 212 215 216 218 221 225 237 
71 77 79 82 83 84 125 130 132 136 162 164 166 167 169 171 172 173 174 176 177 179 180 181 183 184 185 
71 74 77 79 82 83 84 125 132 136 164 165 169 171 172 173 174 176 179 180 181 183 184 185 
162 163 164 165 169 170 171 172 173 174 175 176 177 178 179 180 181 182 183 185 186 187 189 191 194 197 200 201 202 204 215 216 218 221 225 233 237 
130 132 133 134 155 157 158 171 172 173 174 176 177 180 181 182 184 208 210 212 215 217 224 225 229 
71 72 74 77 79 82 83 84 136 162 163 164 165 166 167 171 172 173 174 175 176 178 179 180 181 183 184 185 186 187 189 
162 163 164 167 173 175 178 179 180 182 183 186 187 191 194 195 197 200 201 202 204 209 215 216 218 219 221 225 228 231 233 237 243 247 248 
71 125 130 132 133 134 136 158 163 164 165 166 167 168 169 172 173 174 176 177 178 180 181 182 184 185 212 215 224 229 
71 125 130 132 133 134 136 163 164 165 166 167 168 169 171 173 174 176 177 178 180 181 182 183 184 185 212 215 224 229 
71 162 163 164 165 166 167 168 169 170 171 172 174 175 176 177 178 179 180 181 182 183 184 185 186 187 197 200 212 215 216 218 221 225 237 
71 79 82 84 125 130 132 133 134 136 163 164 165 166 167 168 169 171 172 173 176 177 178 180 181 182 183 184 185 212 215 224 
74 162 163 164 167 169 170 173 176 178 179 180 182 183 185 186 187 189 191 194 195 197 200 201 202 204 206 207 218 221 225 237 
71 130 132 133 134 136 162 163 164 165 166 167 168 169 171 172 173 174 175 177 178 179 180 181 182 183 184 185 212 215 224 225 229 
130 132 133 134 155 157 158 163 164 165 167 168 171 172 173 174 176 178 180 181 182 184 208 210 212 215 216 217 218 221 222 223 224 225 229 
162 163 164 167 169 170 171 172 173 174 175 176 177 179 180 182 183 185 186 187 191 194 197 200 201 204 209 212 215 216 218 219 221 222 223 225 228 233 237 247 
71 72 74 77 79 82 84 91 162 163 164 165 166 167 169 170 173 175 176 178 180 183 185 186 187 189 200 201 202 206 207 
71 82 130 132 136 162 163 164 165 166 167 168 169 170 171 172 173 174 175 176 177 178 179 181 182 183 184 185 186 187 197 212 215 218 221 225 
71 84 125 130 132 133 134 136 164 165 166 167 168 169 171 172 173 174 176 177 180 182 184 185 212 215 224 229 
130 163 164 167 168 170 171 172 173 174 175 176 177 178 180 181 197 209 212 213 215 216 217 218 219 221 222 223 224 225 228 229 233 237 
71 72 74 77 79 82 84 91 162 163 164 165 166 167 169 170 172 173 174 175 176 178 179 180 184 185 186 187 189 197 200 201 202 206 207 
71 77 79 82 83 84 125 130 132 133 134 136 164 165 166 168 169 171 172 173 174 176 177 180 181 183 185 
71 72 74 77 79 82 84 136 162 163 164 165 166 167 169 171 172 173 174 175 176 178 179 180 181 183 184 186 187 189 
74 91 162 163 164 167 169 170 173 175 178 179 180 183 185 187 188 189 190 191 194 195 196 197 200 201 202 203 204 205 206 207 
74 91 162 163 164 167 169 170 173 175 178 179 180 183 185 186 188 189 191 194 195 196 197 200 201 202 203 204 205 206 207 
87 91 96 103 186 187 189 190 192 193 195 196 198 199 200 201 202 203 205 206 207 281 283 287 375 379 381 
72 74 77 82 91 97 101 104 162 167 169 175 179 183 185 186 187 188 190 193 195 196 199 200 201 202 203 206 207 
87 91 95 96 101 103 186 188 189 192 193 195 196 199 201 202 203 205 206 207 280 281 282 283 287 290 292 375 
162 163 164 167 170 175 178 186 187 192 194 195 196 197 198 200 201 202 204 205 209 216 218 219 221 225 228 231 233 235 237 238 241 242 243 245 247 248 249 381 
87 188 190 191 193 194 195 196 198 199 200 201 202 203 204 205 207 238 239 242 249 375 377 379 380 381 402 
87 91 95 96 101 103 188 189 190 192 195 196 199 201 202 203 205 206 207 280 281 282 283 287 290 292 375 376 
162 163 164 167 170 175 178 186 187 191 192 195 196 197 198 200 201 202 203 204 205 216 218 219 221 225 228 231 233 235 237 238 241 242 243 245 247 248 249 381 
162 170 175 186 187 188 189 190 191 192 193 194 196 197 198 199 200 201 202 203 204 205 206 207 237 238 242 249 379 381 402 
87 91 96 103 162 186 187 188 189 190 191 192 193 194 195 198 199 200 201 202 203 204 205 206 207 281 375 379 381 
162 163 164 167 170 173 175 178 180 182 183 186 187 191 194 195 198 200 201 202 204 209 215 216 218 219 221 225 228 231 233 235 237 242 243 245 247 248 249 
188 191 192 194 195 196 197 200 201 202 203 204 205 231 235 237 238 239 241 242 245 249 251 377 379 381 402 405 
87 91 95 96 101 103 188 189 190 192 193 195 196 201 202 203 205 206 207 280 281 282 283 287 290 292 375 376 
162 163 164 167 170 173 175 178 179 183 186 187 188 189 191 192 194 195 196 197 198 201 202 203 204 205 206 207 218 237 238 242 249 
162 167 170 175 178 179 183 186 187 188 189 190 191 192 193 194 195 196 197 198 199 200 202 203 204 205 206 207 237 238 242 249 381 
87 91 162 167 170 175 179 183 186 187 188 189 190 191 192 193 194 195 196 197 198 199 200 201 203 204 205 206 207 381 
87 96 103 186 187 188 189 190 192 193 194 195 196 198 199 200 201 202 205 206 207 249 281 283 287 375 376 377 379 381 402 
162 163 164 167 170 175 178 186 187 191 192 194 195 196 197 198 200 201 202 205 209 216 218 219 221 225 228 231 233 235 237 238 241 242 243 245 247 248 249 381 
87 186 187 188 190 191 192 193 194 195 196 198 199 200 201 202 203 204 206 207 238 242 249 375 377 379 381 402 
72 74 87 91 95 96 101 103 162 175 179 183 186 187 188 189 190 193 195 196 199 200 201 202 203 205 207 281 
74 87 91 95 96 101 103 162 175 179 183 186 187 188 189 190 192 193 195 196 199 200 201 202 203 205 206 281 
153 154 155 157 168 177 210 212 213 214 215 217 220 222 223 224 226 227 229 230 571 574 583 
163 170 178 182 191 197 204 211 213 214 215 216 218 219 220 221 222 223 225 226 227 228 230 231 233 234 235 236 237 240 241 243 244 245 247 248 571 574 582 583 597 598 
153 154 155 157 168 177 208 212 213 214 215 217 220 222 223 224 226 227 229 230 571 574 583 
209 213 214 219 220 222 223 226 227 228 230 233 234 236 240 241 243 244 247 248 570 571 573 574 578 582 583 585 587 591 592 597 598 600 601 
130 132 133 134 155 157 158 163 164 168 171 172 173 174 176 177 178 180 181 182 208 210 214 215 216 217 218 221 222 223 224 225 229 230 
182 208 209 210 211 214 215 216 217 218 219 220 221 222 223 225 226 227 228 230 233 234 236 240 243 244 247 248 571 574 582 583 598 
153 208 209 210 211 212 213 215 216 217 219 220 222 223 225 226 227 228 230 234 248 570 571 574 582 583 
130 155 157 163 164 167 168 170 171 172 173 174 176 177 178 180 181 182 197 208 209 210 212 213 214 216 217 218 219 221 222 223 224 225 228 229 230 233 237 
163 164 167 170 173 177 178 182 191 194 197 204 209 212 213 214 215 217 218 219 220 221 222 223 225 226 228 230 231 233 234 237 243 244 247 248 
130 153 154 155 157 158 168 177 182 208 210 212 213 214 215 216 221 222 223 224 225 227 229 230 
162 163 164 167 170 173 175 177 178 180 182 191 194 197 200 204 209 212 213 215 216 219 221 222 223 225 228 231 233 235 237 243 245 247 248 
163 170 178 182 191 194 197 204 209 211 213 214 215 216 218 220 221 222 223 225 226 227 228 230 231 233 234 235 236 237 240 241 243 244 245 247 248 582 583 598 
208 209 210 211 213 214 216 219 222 223 226 227 228 230 233 234 236 240 243 244 248 570 571 573 574 578 582 583 591 597 598 600 
162 163 164 167 170 173 175 177 178 180 182 191 194 197 204 209 212 213 215 216 217 218 219 222 223 225 228 230 231 233 237 243 247 248 
163 177 178 182 208 209 210 211 212 213 214 215 216 217 218 219 220 221 223 224 225 226 227 228 229 230 233 234 237 243 247 248 583 
163 177 178 182 208 209 210 211 212 213 214 215 216 217 218 219 220 221 222 224 225 226 227 228 229 230 233 234 237 243 244 247 248 571 574 582 583 
130 132 133 134 154 155 157 158 168 171 172 174 176 177 181 182 208 210 212 215 217 222 223 225 229 
163 164 167 168 170 173 175 176 177 178 180 182 191 194 197 204 209 212 213 214 215 216 217 218 219 221 222 223 224 228 229 230 231 233 237 243 247 248 
208 209 210 211 213 214 216 219 220 222 223 227 228 230 233 234 236 240 243 244 248 570 571 573 574 578 582 583 591 597 598 600 
153 208 209 210 211 213 214 217 219 220 222 223 226 230 234 240 244 248 570 571 573 574 578 582 583 598 
163 170 178 182 191 194 197 204 209 211 213 214 215 216 218 219 220 221 222 223 225 226 230 231 233 234 235 236 237 240 241 242 243 244 245 247 248 598 
130 132 133 134 154 155 157 158 168 171 172 176 177 181 182 208 210 212 215 217 222 223 224 225 
153 208 209 210 211 212 213 214 215 216 217 219 220 221 222 223 225 226 227 228 233 234 248 570 571 574 582 583 598 
170 191 194 197 198 204 209 216 218 219 221 225 228 232 233 234 235 236 237 238 239 240 241 242 243 244 245 246 247 248 249 250 251 405 597 
231 234 235 236 238 239 240 241 242 243 244 245 246 247 249 250 251 400 404 405 411 414 587 589 590 595 596 597 598 599 600 775 
163 167 170 178 182 191 194 197 204 209 211 213 215 216 218 219 220 221 222 223 225 226 228 230 231 234 235 236 237 240 241 242 243 244 245 247 248 
209 211 213 214 216 219 220 222 223 226 227 228 230 231 232 233 235 236 237 240 241 243 244 245 246 247 248 250 251 571 574 582 583 587 589 591 592 595 596 597 598 600 
191 194 197 198 204 209 218 219 228 231 232 233 234 236 237 238 239 240 241 242 243 244 245 246 247 248 249 250 251 402 405 
209 211 213 219 220 226 228 231 232 233 234 235 240 241 243 244 245 246 247 248 250 251 571 573 574 582 587 589 590 591 592 594 595 596 597 598 600 601 
162 163 164 167 170 173 175 178 182 191 194 195 197 198 200 201 204 209 215 216 218 219 221 222 223 225 228 231 233 234 235 238 241 242 243 244 245 247 248 249 
191 192 194 195 198 200 201 204 205 231 232 235 237 239 241 242 243 245 246 247 249 251 381 402 405 
192 198 231 232 235 238 241 242 245 246 249 250 251 381 400 402 404 405 411 414 590 775 
209 211 213 219 220 226 227 228 231 232 233 234 235 236 241 243 244 245 246 247 248 250 251 571 574 582 583 587 589 590 591 592 595 596 597 598 600 601 
191 194 198 204 209 211 219 228 231 232 233 234 235 236 237 238 239 240 242 243 244 245 246 247 248 249 250 251 405 587 590 595 596 597 598 600 
191 192 194 195 197 198 200 201 204 205 228 231 232 233 235 237 238 239 241 243 244 245 246 247 248 249 251 381 402 405 
170 191 194 197 204 209 211 213 216 218 219 220 221 222 223 225 226 228 231 232 233 234 235 236 237 238 240 241 242 244 245 246 247 248 249 251 597 598 
209 211 213 216 219 220 223 226 227 228 231 232 233 234 235 236 237 240 241 242 243 245 246 247 248 250 251 582 587 589 590 592 595 596 597 598 600 
191 194 197 198 204 209 218 219 228 231 232 233 234 235 236 237 238 239 240 241 242 243 244 246 247 248 249 250 251 405 590 595 596 597 
231 232 234 235 236 238 239 240 241 242 243 244 245 247 248 250 251 404 405 411 414 587 589 590 592 594 595 596 597 598 599 600 775 
163 170 178 191 194 197 204 209 211 213 216 218 219 221 222 223 225 228 231 232 233 234 235 236 237 238 240 241 242 243 244 245 246 248 249 251 598 
170 191 194 197 204 209 211 213 214 216 218 219 220 221 222 223 225 226 227 228 230 231 233 234 235 236 237 240 241 242 243 244 245 246 247 582 597 598 600 
191 192 194 195 197 198 200 201 203 204 205 231 232 235 237 238 239 241 242 243 245 247 251 379 381 402 405 
231 232 234 235 236 239 240 241 244 245 246 251 404 405 411 414 587 589 590 592 594 595 596 597 598 599 600 775 777 
198 231 232 234 235 236 238 239 240 241 242 243 244 245 246 247 249 250 400 404 405 411 414 587 589 590 595 596 597 599 600 775 
55 58 59 61 86 88 98 99 100 253 254 255 256 257 260 262 264 280 282 285 288 291 292 293 
55 58 61 86 88 95 98 99 100 252 254 257 260 262 264 280 282 285 288 291 292 293 
252 253 255 256 257 259 260 261 262 263 264 265 266 273 275 276 277 293 
52 54 55 59 61 62 65 66 67 68 252 254 256 257 258 260 261 262 263 265 
252 254 255 257 259 260 261 262 263 264 265 266 271 273 274 275 276 277 
52 54 55 58 59 61 62 65 66 67 68 252 253 254 255 256 258 260 261 262 263 264 265 
52 53 54 59 61 62 63 65 66 67 68 255 257 260 261 262 263 265 
254 256 261 263 264 265 266 268 269 271 272 273 274 275 276 277 278 
52 55 58 59 61 67 68 86 88 99 100 252 253 254 255 256 257 258 262 263 264 265 285 291 293 
254 255 256 257 258 259 262 263 264 265 271 276 
52 54 55 58 59 61 62 65 66 67 68 88 99 100 252 253 254 255 256 257 258 260 261 263 264 265 293 
67 254 255 256 257 258 259 260 261 262 264 265 271 276 
252 253 254 256 257 259 260 261 262 263 265 266 268 269 271 272 273 274 275 276 277 293 303 
254 255 256 257 258 259 260 261 262 263 264 271 276 277 
254 256 259 264 267 268 269 270 272 273 274 275 276 277 285 294 295 297 298 303 304 
266 268 270 272 277 294 298 300 303 304 305 309 339 340 341 344 
259 264 266 267 269 270 271 272 273 274 275 276 277 278 294 295 297 298 303 304 309 
259 264 266 268 271 272 273 274 275 276 277 278 279 
266 267 268 272 273 274 275 277 294 295 297 298 300 301 303 304 305 309 339 
256 259 261 263 264 265 268 269 272 273 274 275 276 277 278 
259 264 266 267 268 269 270 271 273 274 275 276 277 278 294 295 297 298 303 304 
254 256 259 264 266 268 269 270 271 272 274 275 276 277 295 297 298 303 304 
256 259 264 266 268 269 270 271 272 273 275 276 277 278 303 
254 256 259 264 266 268 269 270 271 272 273 274 276 277 278 303 
254 256 259 261 263 264 265 266 268 269 271 272 273 274 275 277 278 
254 256 259 264 265 266 267 268 269 270 271 272 273 274 275 276 278 295 298 303 304 
259 268 269 271 272 274 275 276 277 279 309 313 
269 278 310 311 312 313 314 
55 86 87 88 95 96 99 100 101 103 190 193 199 252 253 281 282 283 285 287 288 290 291 292 293 
87 91 95 96 100 101 103 188 190 193 196 199 203 206 207 280 282 283 285 287 288 290 291 292 375 376 
55 86 87 95 96 100 103 190 193 199 252 253 280 281 283 285 286 287 288 289 290 291 292 293 
87 95 96 101 103 188 190 193 199 203 280 281 282 285 286 287 288 289 290 291 292 293 375 376 
285 286 288 289 290 295 297 299 301 302 305 374 376 378 382 383 384 385 388 389 395 
55 252 253 260 266 280 281 282 283 284 286 287 288 289 290 291 292 293 295 297 
282 283 284 285 287 288 289 290 295 297 299 301 302 305 374 376 378 382 383 384 385 388 389 395 
87 95 96 103 188 190 193 199 203 280 281 282 283 285 286 288 289 290 291 292 293 375 376 
103 252 253 280 281 282 283 284 285 286 287 289 290 291 292 293 295 297 
282 283 284 285 286 287 288 290 292 295 297 299 301 302 305 374 376 382 384 385 388 389 
87 96 103 190 193 199 280 281 282 283 284 285 286 287 288 289 291 292 293 375 376 
55 58 86 87 88 95 96 99 100 101 103 252 253 260 280 281 282 283 285 287 288 290 292 293 
86 87 95 96 100 101 103 190 193 199 252 253 280 281 282 283 285 287 288 289 290 291 293 
55 58 86 88 99 100 252 253 254 260 262 264 280 282 283 285 287 288 290 291 292 
266 267 268 270 272 295 296 297 298 299 300 301 302 303 304 305 306 336 339 341 345 384 386 388 392 
266 268 270 272 273 277 284 285 286 288 289 294 297 298 299 301 302 303 304 305 
294 299 300 301 302 305 306 333 334 336 337 341 345 384 386 388 392 393 394 395 397 436 441 442 443 446 448 449 
266 268 270 272 273 284 285 286 288 289 294 295 298 299 301 302 303 304 305 306 384 388 
266 267 268 270 272 273 277 294 295 297 299 300 301 302 303 304 305 306 339 
284 286 289 294 295 296 297 298 301 302 304 305 306 334 374 382 383 384 385 386 388 389 392 395 397 436 
267 270 294 296 298 301 303 304 305 306 309 333 334 336 337 339 340 341 344 345 347 
270 284 286 289 294 295 296 297 298 299 300 302 303 304 305 306 374 383 384 385 386 388 392 395 
284 286 289 294 295 296 297 298 299 301 304 305 306 374 382 383 384 385 386 388 389 392 395 
264 266 267 268 270 272 273 274 275 277 294 295 297 298 300 301 304 305 
266 267 268 270 272 273 277 294 295 297 298 299 300 301 302 303 305 339 
267 270 284 286 289 294 295 296 297 298 299 300 301 302 303 304 306 339 384 386 388 392 
294 296 297 298 299 300 301 302 305 333 334 336 337 341 345 383 384 386 388 392 393 394 395 397 436 441 442 449 
308 310 312 314 320 323 325 330 332 340 343 344 347 350 352 353 355 357 360 361 363 364 367 369 370 371 
307 310 311 312 314 320 323 325 330 332 340 343 344 347 350 352 353 355 357 363 364 367 369 370 371 
267 268 270 278 300 310 311 312 313 314 339 340 341 344 
279 307 308 309 311 312 313 314 315 330 331 
279 308 309 310 312 313 314 
279 307 308 309 310 311 313 314 330 331 344 
278 279 309 310 311 312 314 
279 307 308 309 310 311 312 313 330 331 
310 317 318 319 322 323 324 325 326 327 328 329 330 331 
318 319 320 321 322 323 324 325 326 327 328 329 332 348 349 353 356 359 
315 318 319 322 323 324 326 327 328 329 330 331 
315 316 317 319 320 321 322 323 324 325 326 327 328 329 330 331 332 353 
315 316 317 318 321 322 323 324 325 326 327 328 329 
307 308 316 318 321 323 325 328 330 332 343 348 349 350 351 352 353 354 355 356 357 359 360 362 363 364 365 366 367 368 369 370 371 
316 318 319 320 322 323 324 325 326 327 328 329 332 349 356 
315 316 317 318 319 321 323 324 326 327 328 329 
307 308 315 316 317 318 319 320 321 322 324 325 326 327 328 329 330 331 332 348 349 350 353 355 357 364 
315 316 317 318 319 321 322 323 326 327 328 329 330 331 
307 308 315 316 318 319 320 321 323 326 328 329 330 331 332 348 349 350 352 353 355 356 357 360 362 363 364 365 367 369 371 
315 316 317 318 319 321 322 323 324 325 327 328 329 330 331 332 349 
315 316 317 318 319 321 322 323 324 326 328 329 
315 316 317 318 319 320 321 322 323 324 325 326 327 329 330 331 332 349 353 
315 316 317 318 319 321 322 323 324 325 326 327 328 330 331 
307 308 310 312 314 315 317 318 320 323 324 325 326 328 329 331 332 353 357 
310 312 314 315 317 318 323 324 325 326 328 329 330 
307 308 316 318 320 321 323 325 326 328 330 343 348 349 350 351 352 353 354 355 356 357 359 360 362 363 364 365 366 367 368 369 370 371 
296 300 306 334 335 336 337 338 339 340 341 342 345 346 347 386 392 393 397 436 438 441 442 443 444 448 449 
296 299 300 306 333 335 336 337 338 340 341 342 345 347 384 386 392 393 394 397 436 441 442 443 444 445 446 448 449 450 451 
333 334 336 337 338 340 341 342 343 344 345 346 347 352 354 355 358 360 361 363 365 367 369 370 371 438 440 441 442 444 452 456 
294 296 300 306 333 334 335 337 338 339 340 341 342 343 344 345 347 386 392 436 441 442 444 449 
296 300 306 333 334 335 336 338 339 340 341 342 345 346 347 384 386 392 393 397 436 438 441 442 443 444 448 449 
333 334 335 336 337 340 341 342 343 345 346 347 352 354 355 358 360 361 363 365 367 369 370 371 372 438 440 441 442 444 452 456 464 470 
267 270 294 298 300 304 305 309 333 336 337 340 341 344 345 347 
267 300 307 308 309 333 334 335 336 337 338 339 341 342 343 344 345 347 355 363 371 
267 294 296 300 306 309 333 334 335 336 337 338 339 340 342 343 344 345 347 
333 334 335 336 337 338 340 341 343 344 345 346 347 352 354 355 361 363 367 369 370 371 436 438 440 441 442 444 452 456 
307 308 320 332 335 336 338 340 341 342 344 345 346 347 350 352 353 354 355 357 360 361 363 364 365 367 369 370 371 
267 300 307 308 309 312 335 336 339 340 341 342 343 345 347 355 357 363 364 371 
294 296 300 306 333 334 335 336 337 338 339 340 341 342 343 344 347 386 392 436 441 442 444 448 449 
333 335 337 338 342 343 347 352 354 358 360 361 363 365 367 369 370 371 372 438 440 441 444 452 456 457 458 459 461 462 463 464 468 470 
300 307 308 333 334 335 336 337 338 339 340 341 342 343 344 345 346 352 355 361 363 367 369 370 371 438 441 444 
316 320 323 325 332 349 350 351 352 353 354 355 356 357 358 359 360 361 362 363 364 365 366 367 368 369 370 371 372 
316 320 321 323 325 326 328 332 348 350 351 352 353 356 357 359 360 362 364 365 366 368 369 
307 308 320 323 325 332 343 348 349 351 352 353 354 355 356 357 358 359 360 361 362 363 364 365 366 367 368 369 370 371 372 
320 332 348 349 350 352 353 354 356 358 359 360 361 362 365 366 367 368 369 370 372 453 458 462 
307 308 320 325 332 335 338 342 343 346 347 348 349 350 351 353 354 355 356 357 358 360 361 362 363 364 365 366 367 368 369 370 371 372 
307 308 316 318 320 323 325 328 330 332 343 348 349 350 351 352 354 355 356 357 360 361 362 363 364 365 366 367 368 369 370 371 
320 332 335 338 342 343 346 348 350 351 352 353 355 356 357 358 359 360 361 362 363 364 365 366 367 368 369 370 371 372 438 452 453 455 456 457 458 462 463 464 468 470 
307 308 320 323 325 332 335 338 340 342 343 344 347 348 350 352 353 354 356 357 360 361 362 363 364 365 367 369 370 371 
316 320 321 325 332 348 349 350 351 352 353 354 355 357 358 359 360 362 363 364 365 366 367 368 369 372 
307 308 320 323 325 330 332 343 344 348 349 350 352 353 354 355 356 360 361 362 363 364 365 367 369 370 371 
335 338 346 348 350 351 352 354 356 359 360 361 362 363 365 366 367 368 369 370 371 372 438 440 452 453 455 456 457 458 461 462 463 464 468 470 
316 320 332 348 349 350 351 354 356 358 360 362 365 366 368 372 453 
307 320 325 332 335 338 343 346 348 349 350 351 352 353 354 355 356 357 358 359 361 362 363 364 365 366 367 368 369 370 371 372 452 453 458 462 
307 335 338 342 343 346 347 348 350 351 352 353 354 355 357 358 360 362 363 364 365 367 368 369 370 371 372 438 440 444 452 453 456 458 462 463 464 470 
320 325 332 348 349 350 351 352 353 354 355 356 357 358 359 360 361 363 364 365 366 367 368 369 370 371 372 453 458 462 
307 308 320 325 332 335 338 340 342 343 344 346 347 348 350 352 353 354 355 356 357 358 360 361 362 364 365 367 368 369 370 371 372 
307 308 320 323 325 332 343 344 348 349 350 352 353 354 355 356 357 360 361 362 363 365 367 368 369 370 371 
320 325 332 335 338 343 346 348 349 350 351 352 353 354 355 356 357 358 359 360 361 362 363 364 366 367 368 369 370 371 372 452 453 457 458 462 470 
320 332 348 349 350 351 352 353 354 356 358 359 360 362 365 367 368 369 372 453 458 462 
307 308 320 325 332 335 338 342 343 346 347 348 350 351 352 353 354 355 356 357 358 360 361 362 363 364 365 366 368 369 370 371 372 438 452 462 470 
320 332 348 349 350 351 352 353 354 356 358 359 360 361 362 363 364 365 366 367 369 370 371 372 452 453 455 457 458 462 463 468 470 
307 308 320 325 332 335 338 342 343 346 347 348 349 350 351 352 353 354 355 356 357 358 360 361 362 363 364 365 366 367 368 370 371 372 
307 308 320 332 335 338 342 343 346 347 348 350 351 352 353 354 355 357 358 360 361 362 363 364 365 367 368 369 371 372 438 444 452 456 458 462 470 
307 308 320 325 332 335 338 340 342 343 344 346 347 348 350 352 353 354 355 357 358 360 361 362 363 364 365 367 368 369 370 372 452 
338 346 348 350 351 352 354 356 358 359 360 361 362 363 365 366 367 368 369 370 371 452 453 455 456 457 458 461 462 463 464 468 469 470 
374 375 376 377 378 379 380 382 383 385 387 389 390 391 395 396 398 401 403 406 407 408 410 412 417 419 420 423 424 425 427 428 
284 286 289 299 301 302 373 375 376 377 378 380 382 383 384 385 387 388 389 395 398 
87 103 188 190 192 193 196 199 203 205 281 283 287 290 373 374 376 377 378 379 380 381 382 389 402 
87 193 199 203 281 283 284 286 287 289 290 373 374 375 377 378 379 380 382 385 389 398 
192 198 203 205 373 374 375 376 378 379 380 381 382 389 402 406 407 
284 286 373 374 375 376 377 379 380 382 383 385 387 388 389 390 391 395 396 398 401 406 407 423 427 
188 192 195 196 198 203 205 249 373 375 376 377 378 380 381 382 402 406 407 
192 373 374 375 376 377 378 379 381 382 385 387 389 390 398 402 406 407 
188 191 192 194 195 196 198 201 202 203 204 205 238 239 242 249 375 377 379 380 402 
284 286 289 299 302 373 374 375 376 377 378 379 380 383 384 385 387 388 389 390 391 395 396 398 406 407 
284 286 299 301 302 306 373 374 378 382 384 385 386 387 388 389 390 391 392 393 394 395 396 397 398 399 423 
284 286 289 294 296 297 299 301 302 305 306 334 337 374 382 383 385 386 388 389 392 393 394 395 397 398 436 449 
284 286 289 299 301 302 373 374 376 378 380 382 383 384 387 388 389 390 391 395 398 
294 296 299 301 302 305 306 333 334 336 337 345 383 384 388 392 393 394 395 397 436 441 442 443 445 446 448 449 450 
373 374 378 380 382 383 385 389 390 391 395 396 398 399 401 403 406 407 408 410 412 417 419 420 423 424 425 427 428 435 
284 286 289 294 296 297 299 301 302 305 306 374 378 382 383 384 385 386 389 392 394 395 397 398 436 
284 286 289 299 302 373 374 375 376 377 378 380 382 383 384 385 387 388 390 391 395 396 398 406 407 
373 378 380 382 383 385 387 389 391 395 396 398 399 401 403 406 407 408 410 412 415 416 417 419 420 423 424 425 426 427 428 429 432 435 
373 378 382 383 385 387 389 390 393 394 395 396 397 398 399 401 406 407 416 417 419 420 422 423 424 425 426 427 428 429 430 431 432 435 446 472 481 
294 296 299 301 302 305 306 333 334 336 337 345 383 384 386 388 393 394 395 397 436 441 442 443 445 446 448 449 450 
296 306 333 334 337 383 384 386 391 392 394 395 397 399 436 441 442 443 445 446 448 449 450 451 472 
296 306 334 383 384 386 388 391 392 393 395 396 397 398 399 419 429 435 436 441 442 443 445 446 448 449 450 451 472 481 
284 286 296 299 301 302 306 373 374 378 382 383 384 385 386 387 388 389 390 391 392 393 394 396 397 398 399 423 446 
373 378 382 383 387 389 390 391 394 395 398 399 401 403 406 407 408 410 412 415 416 417 418 419 420 422 423 424 425 426 427 428 429 430 431 432 435 472 
296 299 306 333 334 337 383 384 386 388 391 392 393 394 395 398 399 436 441 442 443 445 446 448 449 450 451 472 
373 374 376 378 380 382 383 384 385 387 388 389 390 391 394 395 396 397 399 401 406 407 419 423 425 427 428 
383 387 390 391 393 394 395 396 397 398 417 418 419 422 423 425 427 428 429 430 431 432 435 443 445 446 449 450 451 472 474 481 
232 239 251 401 402 403 404 405 406 407 408 409 410 411 412 413 414 415 420 424 765 775 
373 378 387 390 391 396 398 400 403 406 407 408 409 410 412 413 415 416 417 419 420 423 424 425 426 427 428 435 
192 195 198 203 205 235 238 239 242 249 375 377 379 380 381 400 404 405 407 411 
373 387 390 396 400 401 404 406 407 408 409 410 411 412 413 414 415 416 417 420 423 424 425 427 428 765 
232 239 246 250 251 400 402 403 405 408 409 411 412 413 414 590 595 596 599 764 765 769 775 
198 231 232 235 238 239 241 242 245 246 249 250 251 400 402 404 409 411 414 590 595 596 599 775 
373 377 378 379 380 382 387 389 390 391 396 398 400 401 403 407 408 409 410 412 415 416 417 419 420 423 424 425 427 428 
373 377 378 379 380 382 387 389 390 391 396 398 400 401 402 403 406 408 409 410 412 415 417 420 423 424 425 427 428 
373 387 390 396 400 401 403 404 406 407 409 410 411 412 413 414 415 416 417 420 423 424 425 427 428 765 
400 401 403 404 405 406 407 408 410 411 412 413 414 415 416 417 420 424 425 427 428 765 793 
373 387 390 396 400 401 403 406 407 408 409 411 412 413 415 416 417 420 423 424 425 426 427 428 765 793 
232 239 246 250 251 400 402 403 404 405 408 409 410 412 413 414 590 595 599 765 769 775 
373 387 390 396 400 401 403 404 406 407 408 409 410 411 413 415 416 417 420 423 424 425 427 428 
400 401 403 404 408 409 410 411 412 414 415 416 417 420 424 764 765 768 769 770 775 782 785 793 794 797 
232 239 246 250 251 400 403 404 405 408 409 411 413 590 595 596 599 764 765 768 769 775 777 
390 396 400 401 403 406 407 408 409 410 412 413 416 417 419 420 421 422 423 424 425 426 427 428 430 431 432 433 434 435 790 793 794 796 
390 391 396 401 403 406 408 409 410 412 413 415 417 418 419 420 421 422 423 424 425 426 427 428 429 430 431 432 433 434 435 788 790 793 794 796 
373 387 390 391 396 399 401 403 406 407 408 409 410 412 413 415 416 418 419 420 421 422 423 424 425 426 427 428 429 430 431 432 433 434 435 793 
396 399 416 417 419 421 422 423 425 426 429 430 431 432 433 434 435 471 472 473 474 476 477 478 480 481 482 483 790 841 845 
373 387 390 391 394 396 398 399 401 406 415 416 417 418 420 422 423 424 425 426 427 428 429 430 431 432 434 435 472 474 481 
373 387 390 391 396 400 401 403 406 407 408 409 410 412 413 415 416 417 419 421 422 423 424 425 426 427 428 430 431 433 434 435 793 794 
415 416 417 418 420 422 424 426 429 430 431 432 433 434 478 482 483 779 780 781 784 786 787 788 789 790 793 794 795 796 841 845 
391 396 399 415 416 417 418 419 420 421 423 424 425 426 427 428 429 430 431 432 433 434 435 472 473 474 477 478 481 482 483 790 794 
373 378 383 387 390 391 395 396 398 399 401 403 406 407 408 410 412 415 416 417 418 419 420 422 424 425 426 427 428 429 430 431 432 435 472 481 
373 387 390 391 396 400 401 403 406 407 408 409 410 412 413 415 416 417 419 420 421 422 423 425 426 427 428 429 430 431 432 434 435 793 
373 387 390 391 396 398 399 401 403 406 407 408 409 410 412 415 416 417 418 419 420 422 423 424 426 427 428 429 430 431 432 434 435 
390 391 396 401 410 415 416 417 418 419 420 421 422 423 424 425 427 428 429 430 431 432 433 434 435 472 473 481 482 483 788 790 793 794 796 
373 378 387 390 391 396 398 399 401 403 406 407 408 409 410 412 415 416 417 419 420 422 423 424 425 426 428 429 430 431 432 435 
373 387 390 391 396 398 399 401 403 406 407 408 409 410 412 415 416 417 419 420 422 423 424 425 426 427 429 430 431 432 434 435 
390 391 394 396 399 416 417 418 419 421 422 423 424 425 426 427 428 430 431 432 434 435 446 451 472 473 474 477 480 481 483 
391 396 399 415 416 417 418 419 420 421 422 423 424 425 426 427 428 429 431 432 433 434 435 472 473 474 477 478 481 482 483 788 790 793 794 841 
391 396 399 415 416 417 418 419 420 421 422 423 424 425 426 427 428 429 430 432 433 434 435 472 473 474 477 481 482 483 790 
390 391 396 399 415 416 417 418 419 421 422 423 424 425 426 427 428 429 430 431 433 434 435 472 473 474 477 480 481 482 483 
415 416 417 418 420 421 422 426 430 431 432 434 478 482 483 779 780 781 784 786 787 788 789 790 791 793 794 795 796 841 845 
415 416 417 418 419 420 421 422 424 425 426 428 429 430 431 432 433 435 478 482 483 779 780 781 784 786 787 788 789 790 793 794 795 796 841 845 
387 390 391 394 396 399 401 415 416 417 418 419 420 422 423 424 425 426 427 428 429 430 431 432 434 446 472 473 474 481 
296 299 306 333 334 336 337 342 345 384 386 388 392 393 394 397 441 442 443 444 445 446 448 449 450 451 
439 440 445 447 448 450 451 454 459 472 473 474 475 477 480 481 484 488 496 508 
333 335 337 338 342 346 347 354 358 361 367 370 440 441 442 444 447 448 452 454 456 457 458 459 461 462 463 464 468 470 
437 440 445 447 454 459 461 474 475 476 477 480 484 487 488 496 500 502 503 505 508 
335 338 342 346 358 361 437 438 439 441 442 444 447 448 452 454 456 457 458 459 461 462 463 464 468 470 
296 306 333 334 335 336 337 338 342 345 346 347 386 392 393 394 397 436 438 440 442 443 444 445 446 448 449 450 451 456 
296 306 333 334 335 336 337 338 342 345 386 392 393 394 397 436 438 440 441 443 444 445 446 448 449 450 451 
296 333 334 337 386 392 393 394 397 399 436 441 442 444 445 446 448 449 450 451 472 481 
333 334 335 336 337 338 342 345 346 347 361 370 436 438 440 441 442 443 445 447 448 449 450 452 456 
334 386 392 393 394 397 399 436 437 439 441 442 443 444 446 447 448 449 450 451 472 474 481 484 
296 334 386 391 392 393 394 395 397 399 429 435 436 441 442 443 445 448 449 450 451 472 481 
437 438 439 440 444 445 448 450 451 452 454 456 459 461 463 464 467 475 484 488 496 508 
296 333 334 337 345 386 392 393 394 397 436 437 438 440 441 442 443 444 445 446 447 449 450 451 
296 306 333 334 336 337 345 384 386 392 393 394 397 399 436 441 442 443 444 445 446 448 450 451 
334 386 392 393 394 397 399 436 437 441 442 443 444 445 446 447 448 449 451 472 474 481 484 
334 393 394 397 399 429 436 437 441 442 443 445 446 447 448 449 450 472 474 481 484 
335 338 342 346 354 358 360 361 365 367 368 370 371 372 438 440 444 447 453 454 455 456 457 458 459 461 462 463 464 465 468 470 
351 354 358 359 360 361 362 365 366 368 372 452 454 455 456 457 458 459 461 462 463 464 465 466 468 469 470 
437 438 439 440 447 452 453 455 456 457 458 459 460 461 462 463 464 465 466 467 468 469 470 475 488 490 496 501 502 508 
354 358 368 372 452 453 454 456 457 458 459 460 461 462 463 464 465 466 467 468 469 470 
335 338 342 346 354 358 361 370 372 438 440 441 444 447 452 453 454 455 457 458 459 461 462 463 464 468 470 
346 354 358 365 368 372 438 440 452 453 454 455 456 458 459 461 462 463 464 465 466 467 468 469 470 
346 351 354 358 360 361 362 365 366 368 370 372 438 440 452 453 454 455 456 457 459 461 462 463 464 465 466 467 468 469 470 
346 437 438 439 440 447 452 453 454 455 456 457 458 461 462 463 464 465 466 467 468 469 470 475 488 496 501 508 
454 455 465 466 467 468 469 490 495 498 501 506 508 
346 358 372 438 439 440 447 452 453 454 455 456 457 458 459 462 463 464 465 466 467 468 469 470 501 508 
346 351 354 358 360 361 362 365 366 367 368 370 372 438 440 452 453 454 455 456 457 458 459 461 463 464 465 466 467 468 469 470 
346 354 358 361 368 372 438 440 447 452 453 454 455 456 457 458 459 461 462 464 465 466 467 468 469 470 
338 346 354 358 361 372 438 440 447 452 453 454 455 456 457 458 459 461 462 463 465 466 467 468 469 470 
452 453 454 455 457 458 459 460 461 462 463 464 466 467 468 469 470 490 495 501 508 
453 454 455 457 458 459 460 461 462 463 464 465 467 468 469 470 490 495 498 501 
447 454 455 457 458 459 460 461 462 463 464 465 466 468 469 470 490 495 496 498 501 502 506 508 
346 354 358 368 372 438 440 452 453 454 455 456 457 458 459 460 461 462 463 464 465 466 467 469 470 
372 453 454 455 457 458 459 460 461 462 463 464 465 466 467 468 470 490 501 
338 346 354 358 361 365 367 368 370 372 438 440 452 453 454 455 456 457 458 459 461 462 463 464 465 466 467 468 469 
418 472 473 474 475 476 477 478 479 480 481 482 483 484 485 486 487 488 491 503 505 840 841 845 850 
391 393 394 396 397 399 418 419 422 423 426 429 430 431 432 435 437 443 445 446 450 451 471 473 474 476 477 480 481 484 
418 422 426 429 430 431 432 435 437 471 472 474 476 477 478 480 481 482 483 484 845 
399 418 419 422 429 430 431 432 435 437 439 445 450 451 471 472 473 475 476 477 478 480 481 482 483 484 488 
437 439 447 454 459 471 474 476 477 480 484 487 488 491 496 500 502 503 505 507 508 
418 439 471 472 473 474 475 477 478 479 480 481 482 483 484 485 486 487 488 491 503 505 840 841 845 850 
418 422 429 430 431 432 437 439 471 472 473 474 475 476 478 480 481 482 483 484 487 488 845 
418 421 422 430 433 434 471 473 474 476 477 479 480 482 483 486 779 780 786 787 788 789 790 791 840 841 845 850 
471 476 478 480 485 486 487 489 491 492 493 494 496 497 499 500 502 503 505 507 840 842 849 850 855 861 863 
418 429 432 437 439 471 472 473 474 475 476 477 478 479 481 482 483 484 485 486 487 488 491 503 505 845 
391 394 399 418 419 422 423 426 429 430 431 432 435 437 443 445 446 450 451 471 472 473 474 476 477 480 483 484 
418 421 422 426 430 431 432 433 434 471 473 474 476 477 478 480 483 779 780 781 786 787 788 789 790 791 794 795 796 840 841 845 850 
418 421 422 426 429 430 431 432 433 434 471 473 474 476 477 478 480 481 482 486 780 787 789 790 840 841 845 850 
437 439 445 447 450 451 471 472 473 474 475 476 477 480 481 487 488 496 500 508 
471 476 479 480 486 487 489 491 492 493 494 496 497 499 500 502 503 504 505 507 849 855 861 
471 476 478 479 480 483 485 487 489 491 493 494 497 499 500 503 505 507 836 837 840 842 844 845 847 848 849 850 855 861 863 
439 471 475 476 477 479 480 484 485 486 488 489 491 492 493 494 496 497 499 500 502 503 504 505 507 508 855 861 
437 439 447 454 459 471 474 475 476 477 480 484 487 491 496 500 502 503 505 507 508 
479 485 486 487 491 492 493 494 495 496 497 498 499 500 501 502 503 504 505 506 507 508 861 
454 460 465 466 467 469 495 496 498 501 502 504 506 508 
471 475 476 479 480 485 486 487 488 489 492 493 494 496 497 499 500 502 503 504 505 507 508 855 861 
479 485 487 489 491 493 494 495 496 497 498 499 500 502 503 504 505 506 507 855 861 867 
479 485 486 487 489 491 492 494 496 497 499 500 502 503 504 505 507 508 855 861 867 
479 485 486 487 489 491 492 493 497 499 500 502 503 504 505 507 849 855 857 861 862 863 867 
460 465 466 467 489 490 492 498 501 502 504 506 508 
437 439 447 454 459 467 475 479 484 485 487 488 489 490 491 492 493 497 499 500 501 502 503 504 505 506 507 508 
479 485 486 487 489 491 492 493 494 496 499 500 502 503 504 505 506 507 508 855 861 867 
460 466 467 489 490 492 495 501 502 504 506 508 
479 485 486 487 489 491 492 493 494 496 497 500 502 503 504 505 506 507 508 855 861 867 
439 475 479 484 485 486 487 488 489 491 492 493 494 496 497 499 501 502 503 504 505 506 507 508 
454 459 460 461 465 466 467 469 489 490 495 496 498 500 502 504 506 507 508 
439 454 467 475 479 485 487 488 489 490 491 492 493 494 495 496 497 498 499 500 501 503 504 505 506 507 508 
439 471 475 476 479 480 485 486 487 488 489 491 492 493 494 496 497 499 500 502 504 505 507 508 861 
485 487 489 490 491 492 493 494 495 496 497 498 499 500 501 502 503 505 506 507 508 861 867 
439 471 475 476 479 480 485 486 487 488 489 491 492 493 494 496 497 499 500 502 503 504 507 508 855 861 
460 467 489 490 492 495 496 497 498 499 500 501 502 504 507 508 
475 479 485 486 487 488 489 491 492 493 494 496 497 499 500 501 502 503 504 505 506 508 855 861 
437 439 447 454 459 460 461 465 467 475 484 487 488 489 490 491 493 495 496 497 498 499 500 501 502 503 504 505 506 507 
510 511 512 513 514 515 516 517 518 519 520 521 522 523 529 539 540 541 548 551 552 
138 140 143 144 145 146 148 149 150 151 152 509 511 512 513 514 515 516 517 519 520 522 523 
138 140 144 145 146 150 151 152 509 510 512 513 514 515 516 517 518 519 520 521 522 523 552 
138 140 143 144 145 146 148 149 151 152 509 510 511 514 515 516 517 519 520 522 523 
144 145 146 150 509 510 511 514 516 517 521 524 526 527 529 530 531 533 534 536 537 538 556 562 569 
138 140 143 144 145 146 150 151 152 509 510 511 512 513 515 516 517 518 519 520 521 522 523 
151 509 510 511 512 514 516 517 518 519 520 522 523 
138 144 145 146 150 151 509 510 511 512 513 514 515 517 518 519 520 521 522 523 529 538 552 
138 140 143 144 145 146 148 149 150 151 152 509 510 511 512 513 514 515 516 520 522 523 
509 511 514 515 516 519 521 522 523 539 540 541 542 545 546 548 549 551 552 
151 509 510 511 512 514 515 516 518 520 521 522 523 539 541 548 551 552 
138 139 140 143 144 145 146 148 149 151 152 509 510 511 512 514 515 516 517 519 522 523 
509 511 513 514 516 518 519 522 524 529 534 538 539 540 541 548 549 551 552 556 562 569 
151 509 510 511 512 514 515 516 517 518 519 520 521 523 548 552 
151 509 510 511 512 514 515 516 517 518 519 520 522 541 552 
513 521 525 526 527 528 529 530 531 532 533 534 535 536 537 538 556 562 569 
524 526 528 529 530 531 532 534 535 536 537 538 554 556 560 562 564 566 569 576 584 608 612 613 
513 524 525 527 528 529 530 531 532 533 534 535 536 537 538 556 562 576 584 612 
145 146 150 153 154 161 513 524 526 529 530 531 533 534 535 536 537 538 
524 525 526 529 530 531 532 534 535 536 537 538 554 556 562 564 566 569 576 577 584 608 612 613 614 
509 513 516 521 524 525 526 527 528 530 531 532 533 534 536 537 538 556 562 569 
150 513 524 525 526 527 528 529 531 532 533 534 535 536 537 538 556 562 
150 153 154 513 524 525 526 527 528 529 530 533 534 535 536 537 538 
524 525 526 528 529 530 534 535 536 537 538 554 556 560 562 564 566 569 576 584 608 612 613 
146 150 153 154 161 513 524 526 527 529 530 531 534 535 536 537 538 
513 521 524 525 526 527 528 529 530 531 532 533 535 536 537 538 556 562 569 
153 524 525 526 527 528 530 531 532 533 534 536 537 570 571 574 576 577 578 580 583 584 612 
153 513 524 525 526 527 528 529 530 531 532 533 534 535 537 538 556 612 
513 524 525 526 527 528 529 530 531 532 533 534 535 536 538 556 576 584 612 
150 513 516 521 524 525 526 527 528 529 530 531 532 533 534 536 537 556 562 569 
509 518 519 521 540 541 542 545 546 548 549 550 551 552 556 562 569 
509 518 521 539 541 542 545 546 548 549 550 551 552 556 560 562 569 
509 518 519 521 523 539 540 542 545 546 547 548 549 550 551 552 553 
518 539 540 541 543 545 546 547 548 549 550 551 552 553 638 642 649 
542 544 545 546 547 549 550 553 635 637 638 639 642 643 647 648 649 652 660 
543 549 555 557 558 559 560 561 563 565 567 568 636 637 638 643 647 648 650 652 653 654 656 658 660 662 663 664 665 
518 539 540 541 542 543 546 547 548 549 550 551 552 553 642 
518 539 540 541 542 543 545 547 548 549 550 551 552 553 642 649 
541 542 543 545 546 549 550 551 553 635 637 638 642 648 649 
509 518 519 521 522 539 540 541 542 545 546 549 550 551 552 562 569 
518 521 539 540 541 542 543 544 545 546 547 548 550 551 552 553 562 563 569 637 643 
539 540 541 542 543 545 546 547 548 549 551 552 553 638 642 649 
509 518 519 521 539 540 541 542 545 546 547 548 549 550 552 553 562 569 
509 511 516 518 519 521 522 523 539 540 541 542 545 546 548 549 550 551 562 569 
541 542 543 545 546 547 549 550 551 637 638 642 648 649 
525 528 532 557 558 560 561 564 565 566 567 576 577 584 604 605 607 608 609 610 612 613 614 615 618 650 
544 557 558 559 560 561 563 564 565 566 567 568 609 637 643 650 651 652 653 654 656 657 658 660 662 663 664 665 
513 521 524 525 526 528 529 530 532 534 536 537 538 539 540 560 562 564 566 569 
544 554 555 558 559 560 561 563 564 565 566 567 568 607 608 609 613 643 650 651 652 653 654 656 658 660 663 664 665 
544 554 555 557 559 560 561 563 564 565 566 567 568 607 609 613 618 643 650 651 652 653 654 656 657 658 660 662 663 664 665 703 
544 555 557 558 560 561 563 564 565 566 567 568 637 643 650 651 652 653 654 656 658 660 662 663 664 665 
525 532 540 544 554 555 556 557 558 559 561 562 563 564 565 566 567 568 569 643 650 652 653 656 658 663 
544 554 555 557 558 559 560 563 564 565 566 567 568 605 607 608 609 613 614 615 618 650 651 652 653 654 656 658 660 663 664 665 703 
513 521 524 525 526 528 529 530 532 534 538 539 540 548 549 551 552 556 560 564 569 
544 549 555 557 558 559 560 561 564 565 566 567 568 637 643 648 650 651 652 653 654 656 658 660 662 663 664 665 
525 528 532 554 555 556 557 558 559 560 561 562 563 565 566 567 568 569 608 609 612 613 614 650 651 653 656 658 663 
544 554 555 557 558 559 560 561 563 564 566 567 568 605 607 608 609 613 614 618 643 650 651 652 653 654 656 658 660 663 664 665 703 
525 528 532 554 555 556 557 558 559 560 561 563 564 565 567 568 576 605 607 608 609 610 612 613 614 615 618 650 651 658 663 
544 554 555 557 558 559 560 561 563 564 565 566 568 605 607 608 609 613 614 615 618 650 651 652 653 654 656 658 660 663 664 665 703 
544 555 557 558 559 560 561 563 564 565 566 567 637 643 648 650 651 652 653 654 656 657 658 660 662 663 664 665 
513 521 524 525 528 529 532 534 538 539 540 548 549 551 552 556 560 562 564 
211 214 220 226 227 230 535 571 572 573 574 575 577 578 579 580 581 582 583 584 585 586 591 598 600 601 
208 209 210 211 213 214 220 223 226 227 230 234 236 240 535 570 573 574 578 579 580 582 583 585 591 598 600 601 
570 573 575 577 578 579 580 581 584 585 586 591 593 601 602 606 610 611 616 623 630 631 633 
211 220 226 227 236 570 571 572 574 575 577 578 579 580 581 582 583 585 586 589 591 592 593 594 597 598 600 601 602 616 633 
208 209 210 211 213 214 220 223 226 227 230 234 236 240 535 570 571 573 578 579 580 582 583 585 591 598 600 601 
570 572 573 577 578 579 580 581 584 585 586 591 592 593 601 602 606 611 616 623 626 630 631 633 
525 526 528 532 535 537 554 566 577 578 579 580 581 584 586 605 608 610 611 612 613 614 615 616 
528 535 554 570 572 573 575 576 578 579 580 581 584 585 586 608 610 611 612 613 614 616 633 
211 220 226 227 535 570 571 572 573 574 575 576 577 579 580 581 582 583 584 585 586 591 601 612 616 
570 571 572 573 574 575 576 577 578 580 581 582 584 585 586 591 593 601 602 610 611 612 616 631 633 
535 570 571 572 573 574 575 576 577 578 579 581 584 585 586 591 593 601 602 610 611 612 616 631 633 
570 572 573 575 576 577 578 579 580 584 585 586 606 608 610 611 612 613 614 616 631 633 
209 211 213 214 219 220 223 226 227 230 234 236 240 244 248 570 571 573 574 578 579 583 585 591 597 598 600 601 
153 208 209 210 211 213 214 219 220 222 223 226 227 230 234 240 535 570 571 573 574 578 582 591 598 
525 526 528 532 535 537 554 570 572 575 576 577 578 579 580 581 585 586 608 610 611 612 613 614 616 
211 570 571 572 573 574 575 577 578 579 580 581 582 584 586 589 591 592 593 594 597 598 600 601 602 616 631 633 
570 572 573 575 576 577 578 579 580 581 584 585 591 593 601 602 606 610 611 612 616 631 633 
211 232 234 236 240 241 244 246 250 251 589 590 591 592 594 595 596 597 598 599 600 601 602 603 775 777 
589 592 593 594 602 603 622 623 624 625 628 630 632 634 764 767 777 778 798 802 812 814 
232 234 236 240 244 246 250 251 573 585 587 588 590 591 592 593 594 595 596 597 598 599 600 601 602 603 775 777 
232 236 239 240 241 244 245 246 250 251 404 405 411 414 587 589 592 594 595 596 597 598 599 600 764 775 777 
211 220 226 234 236 240 570 571 572 573 574 575 578 579 580 582 583 585 586 587 589 592 593 594 596 597 598 600 601 602 616 633 
211 234 236 240 244 246 250 573 575 585 587 588 589 590 591 593 594 595 596 597 598 599 600 601 602 603 
572 573 575 579 580 585 586 588 589 591 592 594 600 601 602 603 616 622 623 624 626 630 631 633 634 
236 246 250 573 585 587 588 589 590 591 592 593 595 596 597 598 599 600 601 602 603 622 634 775 777 
232 234 236 240 241 244 245 246 250 251 404 405 411 414 587 589 590 592 594 596 597 598 599 600 775 777 
232 234 236 240 241 244 245 246 250 251 404 405 414 587 589 590 591 592 594 595 597 598 599 600 601 775 777 
209 211 220 226 231 232 234 236 240 241 243 244 245 246 248 250 251 573 582 585 587 589 590 591 592 594 595 596 598 599 600 601 
209 211 213 219 220 226 227 228 230 232 234 236 240 241 243 244 246 247 248 250 570 571 573 574 582 583 585 587 589 590 591 592 594 595 596 597 600 601 
232 246 250 251 404 405 411 414 587 589 590 592 594 595 596 597 600 603 764 765 768 769 775 777 778 
211 220 226 232 234 236 240 241 244 246 248 250 251 570 571 573 574 582 585 587 589 590 591 592 593 594 595 596 597 598 599 601 602 
211 236 240 570 571 572 573 574 575 578 579 580 582 585 586 587 589 591 592 593 594 596 597 598 600 602 603 616 631 633 
572 573 575 579 580 585 586 587 588 589 591 592 593 594 600 601 603 616 622 623 624 626 630 631 633 634 
587 588 589 592 593 594 599 601 602 622 623 624 626 628 630 631 632 633 634 777 778 798 802 814 
554 605 606 607 608 609 610 611 613 614 615 617 618 619 620 621 698 699 701 703 704 705 706 
554 561 565 566 567 576 604 606 607 608 609 610 611 612 613 614 615 618 619 620 699 701 703 706 
572 575 581 586 604 605 607 610 611 614 615 616 617 618 619 620 621 623 626 630 631 633 698 726 
554 557 558 561 565 566 567 604 605 606 608 609 610 611 613 614 615 618 619 620 650 651 658 698 699 701 703 705 706 
525 528 532 554 557 561 564 565 566 567 576 577 581 584 604 605 607 609 610 611 612 613 614 615 618 619 
554 555 557 558 561 564 565 566 567 604 605 607 608 610 611 612 613 614 615 618 619 620 650 651 658 663 699 703 
554 566 572 576 577 579 580 581 584 586 604 605 606 607 608 609 611 612 613 614 615 616 618 619 620 703 
572 575 576 577 579 580 581 584 586 604 605 606 607 608 609 610 612 613 614 615 616 617 618 619 620 621 630 631 633 
525 526 528 532 535 536 537 554 564 566 576 577 578 579 580 581 584 586 605 608 609 610 611 613 614 615 
525 528 532 554 557 558 561 564 565 566 567 576 577 581 584 604 605 607 608 609 610 611 612 614 615 618 619 650 703 
528 554 561 564 565 566 567 576 577 581 584 604 605 606 607 608 609 610 611 612 613 615 618 619 620 703 
554 561 566 567 576 604 605 606 607 608 609 610 611 612 613 614 617 618 619 620 698 699 701 703 706 
572 573 575 576 577 578 579 580 581 584 585 586 591 593 601 602 606 610 611 620 623 626 630 631 633 
604 606 611 615 618 619 620 621 626 629 698 699 701 704 705 706 711 712 715 718 721 723 725 726 
554 558 561 565 566 567 604 605 606 607 608 609 610 611 613 614 615 617 619 620 650 651 698 699 701 703 706 
604 605 606 607 608 609 610 611 613 614 615 617 618 620 621 698 699 701 703 704 705 706 
604 605 606 607 609 610 611 614 615 616 617 618 619 621 698 699 701 703 704 705 706 711 718 726 
604 606 611 617 619 620 623 626 629 630 631 698 701 704 711 712 715 718 722 723 725 726 
588 593 594 602 603 623 624 625 626 628 630 631 632 633 634 777 778 798 802 812 814 
572 575 588 593 602 603 606 616 621 622 624 625 626 628 629 630 631 632 633 634 802 
588 593 602 603 622 623 625 626 627 628 629 630 631 632 633 634 798 802 804 806 812 814 
588 622 623 624 626 627 628 629 630 632 634 714 717 722 725 798 799 801 802 804 806 807 812 814 906 
575 593 602 603 606 616 617 621 622 623 624 625 628 629 630 631 632 633 634 723 725 726 802 814 
624 625 629 632 714 717 722 723 724 725 798 801 802 804 806 814 901 906 909 
588 603 622 623 624 625 626 630 632 634 767 771 778 798 801 802 804 806 807 812 814 
617 621 623 624 625 626 627 630 632 711 712 714 717 718 722 723 724 725 726 801 802 804 814 906 
572 575 588 593 602 603 606 611 616 621 622 623 624 625 626 628 629 631 632 633 634 
572 575 579 580 581 585 586 593 601 602 603 606 611 616 621 622 623 624 626 630 633 634 
588 603 622 623 624 625 626 627 628 629 630 634 722 767 798 799 801 802 804 805 806 807 812 814 906 
572 573 575 577 579 580 581 585 586 591 593 601 602 603 606 611 616 622 623 624 626 630 631 
588 593 594 602 603 622 623 624 625 626 628 630 631 632 767 777 778 798 802 804 806 812 814 
543 547 636 637 638 639 640 641 642 644 645 646 647 648 649 667 671 672 678 679 680 
544 635 637 638 639 640 641 643 644 646 647 648 652 653 654 655 656 657 659 660 662 664 665 667 671 680 689 693 697 
543 544 547 549 553 555 559 563 568 635 636 638 639 640 642 643 644 647 648 649 652 653 656 660 662 665 
542 543 544 547 550 553 635 636 637 639 640 641 642 643 644 645 646 647 648 649 652 660 665 
543 635 636 637 638 640 641 642 643 644 645 646 647 648 649 659 660 665 667 671 672 678 679 680 
635 636 637 638 639 641 644 645 646 647 648 655 657 659 660 662 665 667 671 672 673 674 675 678 679 680 689 693 697 
635 636 638 639 640 644 645 646 647 648 649 667 668 671 672 673 674 675 677 678 679 680 681 
542 543 545 546 547 550 553 635 637 638 639 645 646 647 648 649 
543 544 549 555 557 558 559 560 563 565 568 636 637 638 639 647 648 650 652 653 654 656 657 658 660 662 663 664 665 
635 636 637 638 639 640 641 645 646 647 648 649 659 662 667 671 672 673 674 675 678 679 680 693 697 
635 638 639 640 641 642 644 646 647 648 649 667 671 672 673 678 679 680 
635 636 638 639 640 641 642 644 645 647 648 649 667 671 672 673 674 675 678 679 680 
543 544 635 636 637 638 639 640 641 642 643 644 645 646 648 649 652 659 660 662 665 667 671 672 678 679 680 
543 544 547 553 563 568 635 636 637 638 639 640 641 642 643 644 645 646 647 649 652 656 660 662 665 
542 543 546 547 550 553 635 637 638 639 641 642 644 645 646 647 648 
544 554 555 557 558 559 560 561 563 564 565 566 567 568 607 609 613 618 643 651 652 653 654 656 657 658 660 662 663 664 665 703 
555 557 558 559 561 563 564 565 566 567 568 607 609 618 650 652 653 654 656 657 658 660 662 663 664 665 703 706 
543 544 555 557 558 559 560 561 563 565 567 568 636 637 638 643 647 648 650 651 653 654 656 657 658 659 660 662 663 664 665 
544 555 557 558 559 560 561 563 564 565 567 568 636 637 643 650 651 652 654 656 657 658 659 660 662 663 664 665 
544 555 557 558 559 561 563 565 567 568 636 643 650 651 652 653 655 656 657 658 659 660 661 662 663 664 665 687 
636 640 654 657 659 661 662 664 682 683 687 689 690 691 693 696 697 
544 555 557 558 559 560 561 563 564 565 567 568 636 637 643 648 650 651 652 653 654 657 658 660 662 663 664 665 
555 558 568 636 640 643 650 651 652 653 654 655 656 658 659 660 661 662 663 664 665 687 689 693 697 
544 555 557 558 559 560 561 563 564 565 566 567 568 607 609 643 650 651 652 653 654 656 657 660 662 663 664 665 703 
636 639 640 644 647 652 653 654 655 657 660 662 664 665 667 671 682 687 689 693 697 
543 544 555 557 558 559 561 563 565 567 568 636 637 638 639 640 643 647 648 650 651 652 653 654 656 657 658 659 662 663 664 665 
654 655 657 682 685 687 691 696 700 702 728 730 733 734 735 736 738 741 
544 555 558 559 563 568 636 637 640 643 644 647 648 650 651 652 653 654 655 656 657 658 659 660 663 664 665 687 689 693 697 
544 555 557 558 559 560 561 563 564 565 566 567 568 609 643 650 651 652 653 654 656 657 658 660 662 664 665 
544 555 557 558 559 561 563 565 567 568 636 643 650 651 652 653 654 655 656 657 658 659 660 662 663 665 687 
544 555 557 558 559 561 563 565 567 568 636 637 638 639 640 643 647 648 650 651 652 653 654 656 657 658 659 660 662 663 664 
668 669 670 674 675 676 677 681 684 686 
635 636 639 640 641 644 645 646 647 659 668 670 671 672 673 674 675 677 678 679 680 681 689 693 697 
641 666 667 669 670 671 672 673 674 675 676 677 678 679 680 681 
666 668 672 673 674 675 676 677 678 679 680 681 
666 667 668 671 673 674 675 676 677 678 680 681 682 683 684 686 689 692 693 697 
635 636 639 640 641 644 645 646 647 659 667 668 670 672 673 674 675 677 678 679 680 681 689 693 697 
635 639 640 641 644 645 646 647 667 668 669 671 673 674 675 677 678 679 680 681 
640 641 644 645 646 667 668 669 670 671 672 674 675 677 678 679 680 681 
640 641 644 646 666 667 668 669 670 671 672 673 675 676 677 678 679 680 681 689 693 697 
640 641 644 646 666 667 668 669 670 671 672 673 674 676 677 678 679 680 681 682 689 693 697 
666 668 669 670 674 675 677 681 684 686 
641 666 667 668 669 670 671 672 673 674 675 676 678 679 680 681 
635 639 640 641 644 645 646 647 667 668 669 670 671 672 673 674 675 677 679 680 681 693 
635 639 640 641 644 645 646 647 667 668 669 671 672 673 674 675 677 678 680 681 
635 636 639 640 641 644 645 646 647 667 668 669 670 671 672 673 674 675 677 678 679 681 689 693 697 
641 666 667 668 669 670 671 672 673 674 675 676 677 678 679 680 
655 659 661 670 675 683 684 685 686 687 689 690 691 692 693 694 695 696 697 728 738 
655 670 682 684 685 686 687 688 689 690 691 692 693 694 695 696 697 728 738 
666 670 676 682 683 685 686 688 690 691 692 694 695 
661 682 683 684 687 688 690 691 692 694 695 696 727 728 730 732 733 735 737 738 741 
666 670 676 682 683 684 690 692 694 695 
654 655 657 659 661 662 664 682 683 685 689 690 691 692 693 696 697 702 728 730 733 738 
683 684 685 690 691 692 694 695 696 727 728 730 732 735 737 741 
636 640 655 657 659 662 667 670 671 674 675 680 682 683 687 690 691 692 693 697 
655 682 683 684 685 686 687 688 689 691 692 693 694 695 696 697 728 730 738 
655 661 682 683 684 685 687 688 689 690 692 693 694 695 696 697 728 730 733 735 736 738 741 
670 682 683 684 685 686 687 688 689 690 691 693 694 695 697 
636 640 644 655 657 659 662 667 670 671 674 675 678 680 682 683 687 689 690 691 692 697 
682 683 684 685 686 688 690 691 692 695 
682 683 684 685 686 688 690 691 692 694 732 737 
655 661 682 683 685 687 688 690 691 702 727 728 730 732 733 734 735 736 737 738 741 
636 640 644 655 657 659 662 667 670 671 674 675 680 682 683 687 689 690 691 692 693 
604 606 607 615 617 618 619 620 621 699 700 701 703 704 705 706 707 708 711 712 715 718 719 721 723 726 
604 605 607 609 615 617 618 619 620 698 700 701 702 703 704 705 706 707 708 718 
661 698 699 701 702 704 705 706 707 708 715 719 728 729 730 731 733 734 735 736 738 739 740 741 751 757 762 
604 605 607 615 617 618 619 620 621 698 699 700 702 703 704 705 706 707 708 711 715 718 726 
661 687 696 699 700 701 703 705 706 707 708 728 729 730 733 734 735 736 738 
558 561 565 567 604 605 607 609 610 613 614 615 618 619 620 650 651 658 698 699 701 702 705 706 
604 617 619 620 621 698 699 700 701 705 706 707 708 710 711 712 715 718 719 721 723 725 726 731 
604 607 617 619 620 698 699 700 701 702 703 704 706 707 708 715 718 719 729 731 733 736 
604 605 607 615 617 618 619 620 651 698 699 700 701 702 703 704 705 707 708 733 736 
698 699 700 701 702 704 705 706 708 709 710 711 712 713 715 718 719 721 729 731 733 734 736 739 745 751 753 755 757 762 
698 699 700 701 702 704 705 706 707 715 719 729 730 731 733 734 735 736 751 757 762 
707 710 711 712 713 715 716 717 718 719 720 721 723 724 731 745 748 749 750 751 753 755 757 761 762 763 
704 707 709 711 712 713 715 716 717 718 719 720 721 723 724 731 745 748 749 750 751 753 755 757 761 762 763 
617 620 621 629 698 701 704 707 709 710 712 713 714 715 717 718 719 721 722 723 724 725 726 
617 621 629 698 704 707 709 710 711 713 714 715 717 718 719 720 721 722 723 724 725 726 
707 709 710 711 712 714 715 716 717 718 719 720 721 722 723 724 725 731 745 748 749 750 751 753 755 757 761 762 763 
625 627 629 711 712 713 716 717 718 720 721 722 723 724 725 726 801 804 901 906 909 
617 621 698 700 701 704 705 707 708 709 710 711 712 713 718 719 721 723 724 725 726 729 731 745 751 753 755 757 762 
709 710 713 714 717 720 721 724 745 749 750 755 756 761 763 904 909 910 912 936 939 945 947 
625 627 629 709 710 711 712 713 714 716 718 720 721 722 723 724 725 726 801 804 901 906 909 
617 620 621 629 698 699 701 704 705 707 709 710 711 712 713 714 715 717 719 721 722 723 724 725 726 
698 700 704 705 707 708 709 710 711 712 713 715 718 720 721 723 724 726 729 731 745 749 750 751 753 755 757 762 763 
709 710 712 713 714 716 717 719 721 724 745 748 749 750 751 753 755 756 761 763 909 910 936 945 947 
617 698 704 707 709 710 711 712 713 714 715 716 717 718 719 720 722 723 724 725 726 731 745 750 751 753 755 757 762 763 
621 625 627 629 632 711 712 713 714 717 718 721 723 724 725 726 801 802 804 901 906 909 
617 621 626 627 629 698 704 709 710 711 712 713 714 715 717 718 719 721 722 724 725 726 906 
627 629 709 710 711 712 713 714 715 716 717 718 719 720 721 722 723 725 726 750 763 906 909 
617 621 625 626 627 629 704 711 712 713 714 715 717 718 721 722 723 724 726 906 
606 617 620 621 626 629 698 701 704 711 712 714 715 717 718 719 721 722 723 724 725 
685 688 696 728 729 730 732 733 734 735 736 737 738 739 740 741 744 
661 682 683 685 687 688 690 691 696 700 702 727 729 730 732 733 734 735 736 737 738 740 741 
700 702 705 707 708 715 719 727 728 730 731 733 734 735 736 738 739 740 741 744 745 751 753 755 757 762 
661 685 687 688 690 691 696 700 702 708 727 728 729 732 733 734 735 736 737 738 740 741 
700 704 705 707 708 709 710 713 715 719 721 729 733 734 735 736 739 740 744 745 749 751 753 755 757 762 
685 688 695 696 727 728 730 734 735 737 738 739 740 741 759 
661 685 687 691 696 700 702 705 706 707 708 727 728 729 730 731 734 735 736 738 740 741 
661 696 700 702 707 708 727 728 729 730 731 732 733 735 736 737 738 739 740 741 744 751 753 757 762 
661 685 688 691 696 700 702 708 727 728 729 730 731 732 733 734 736 737 738 739 740 741 
661 691 696 700 702 705 706 707 708 727 728 729 730 731 733 734 735 738 739 740 741 
685 688 695 696 727 728 730 732 734 735 738 739 740 741 759 
661 682 683 685 687 690 691 696 700 702 727 728 729 730 732 733 734 735 736 737 740 741 
700 707 727 729 731 732 734 735 736 737 740 741 742 744 745 747 748 749 751 753 754 755 757 759 762 
700 727 728 729 730 731 732 733 734 735 736 737 738 739 741 744 751 753 754 757 759 762 
661 685 688 691 696 700 727 728 729 730 732 733 734 735 736 737 738 739 740 
739 743 744 745 746 747 748 749 750 751 752 753 754 755 756 757 758 759 760 761 762 763 937 946 
742 746 747 748 749 750 752 754 755 756 758 760 761 763 933 935 936 937 938 940 941 944 945 946 947 
727 729 731 734 739 740 742 745 746 747 748 749 751 753 754 755 757 758 759 760 762 763 
707 709 710 713 715 716 719 720 721 729 731 739 742 744 747 748 749 750 751 753 754 755 756 757 761 762 763 
742 743 744 747 748 749 750 752 753 754 755 756 758 759 760 761 763 937 938 940 941 946 
739 742 743 744 745 746 748 749 750 751 752 753 754 755 756 757 758 759 760 761 762 763 937 946 
709 710 713 720 739 742 743 744 745 746 747 749 750 751 752 753 754 755 756 757 758 759 760 761 762 763 937 946 947 
709 710 713 716 719 720 731 739 742 743 744 745 746 747 748 750 751 753 754 755 756 757 758 760 761 762 763 947 
709 710 713 716 719 720 721 724 742 743 745 746 747 748 749 751 753 755 756 757 761 762 763 910 936 938 945 947 
700 707 708 709 710 713 715 719 720 721 729 731 734 739 740 742 744 745 747 748 749 750 753 754 755 757 761 762 763 
742 743 746 747 748 754 756 758 760 761 937 938 940 941 946 
707 709 710 713 715 719 720 721 729 731 734 739 740 742 744 745 746 747 748 749 750 751 754 755 756 757 758 759 761 762 763 
739 740 742 743 744 745 746 747 748 749 751 752 753 755 757 758 759 760 762 
707 709 710 713 715 716 719 720 721 729 731 739 742 743 744 745 746 747 748 749 750 751 753 754 756 757 761 762 763 
716 720 742 743 745 746 747 748 749 750 752 753 755 758 760 761 763 933 935 936 937 938 940 941 944 945 946 947 
700 707 708 709 710 713 715 719 721 729 731 734 739 740 742 744 745 747 748 749 750 751 753 754 755 762 763 
742 743 744 746 747 748 749 752 753 754 756 759 760 761 937 946 
732 737 739 740 742 744 746 747 748 753 754 758 760 
742 743 744 746 747 748 749 752 754 756 758 759 761 937 941 946 
709 710 713 716 720 742 743 745 746 747 748 749 750 751 752 753 755 756 758 760 762 763 935 936 937 938 939 940 941 944 945 946 947 
700 707 708 709 710 713 715 719 721 729 731 734 739 740 742 744 745 747 748 749 750 751 753 754 755 757 761 763 
709 710 713 716 719 720 721 724 742 743 744 745 746 747 748 749 750 751 753 755 756 757 761 762 936 945 947 
404 413 414 588 590 599 765 766 767 768 769 770 771 772 773 774 775 776 777 778 782 797 
400 403 404 408 409 410 411 413 414 599 764 768 769 770 774 775 777 778 782 785 793 797 
764 767 768 769 770 771 772 773 774 776 778 781 782 784 785 792 795 796 797 807 809 810 811 817 823 826 
588 628 632 634 764 766 768 769 770 771 772 773 774 776 777 778 782 797 798 799 802 805 806 807 809 810 811 812 814 
413 414 599 764 765 766 767 769 770 771 772 773 774 775 776 777 778 782 785 793 797 
404 411 413 414 599 764 765 766 767 768 770 771 772 773 774 775 776 777 778 782 785 797 
413 764 765 766 767 768 769 771 772 773 774 776 778 781 782 784 785 788 792 793 794 796 797 
628 764 766 767 768 769 770 772 773 774 776 778 782 785 797 798 799 805 806 807 809 810 811 812 814 826 
764 766 767 768 769 770 771 773 774 776 777 778 782 785 797 799 805 807 809 810 811 812 826 
764 766 767 768 769 770 771 772 774 776 778 782 785 797 798 799 805 806 807 809 810 811 812 826 834 
764 765 766 767 768 769 770 771 772 773 776 778 782 784 785 792 793 796 797 811 
232 239 246 250 251 400 404 405 411 413 414 587 589 590 594 595 596 599 764 765 768 769 777 
764 766 767 768 769 770 771 772 773 774 778 782 785 797 798 799 805 806 807 809 810 811 812 826 834 
250 414 587 588 589 590 594 595 596 599 603 622 634 764 765 767 768 769 772 775 778 
588 599 603 622 628 634 764 765 766 767 768 769 770 771 772 773 774 776 777 782 797 798 807 812 814 
421 433 434 478 482 780 781 782 783 784 785 786 787 788 789 790 791 792 793 794 795 796 797 817 838 840 841 843 845 846 
421 433 434 478 482 483 779 781 783 784 786 787 788 789 790 791 792 794 795 796 838 839 840 841 843 845 846 850 
421 433 434 482 766 770 779 780 782 783 784 785 786 787 788 789 790 791 792 793 794 795 796 797 817 838 841 843 
413 764 765 766 767 768 769 770 771 772 773 774 776 778 779 781 784 785 786 788 790 792 793 794 795 796 797 
779 780 781 784 786 787 788 789 791 792 795 817 818 823 824 829 831 832 838 839 841 843 846 869 873 874 879 
421 433 434 766 770 774 779 780 781 782 783 785 786 787 788 789 790 791 792 793 794 795 796 797 817 841 
413 765 766 768 769 770 771 772 773 774 776 779 781 782 784 786 788 789 790 792 793 794 795 796 797 817 
421 433 434 478 482 779 780 781 782 783 784 785 787 788 789 790 791 792 793 794 795 796 797 817 838 841 843 845 
421 433 434 478 482 483 779 780 781 783 784 786 788 789 790 791 792 793 794 795 796 817 838 839 840 841 843 845 846 850 
416 421 426 430 433 434 478 482 770 779 780 781 782 783 784 785 786 787 789 790 791 792 793 794 795 796 797 838 841 843 845 
421 433 434 478 482 483 779 780 781 783 784 785 786 787 788 790 791 792 793 794 795 796 817 838 839 840 841 843 845 846 850 
415 416 418 421 422 426 430 431 433 434 478 482 483 779 780 781 782 784 785 786 787 788 789 791 792 793 794 795 796 797 841 845 
433 478 482 779 780 781 783 784 786 787 788 789 790 792 794 795 796 817 829 838 839 840 841 843 845 846 850 869 873 879 
766 770 774 779 780 781 782 783 784 785 786 787 788 789 790 791 793 794 795 796 797 817 823 826 838 843 
409 410 413 415 416 417 420 421 424 426 430 433 434 765 768 770 774 779 781 782 784 785 786 787 788 789 790 792 794 795 796 797 
413 415 416 420 421 422 426 430 433 434 482 770 779 780 781 782 784 785 786 787 788 789 790 791 792 793 795 796 797 841 
421 433 434 482 766 779 780 781 782 783 784 785 786 787 788 789 790 791 792 793 794 796 797 817 838 839 841 843 845 846 
415 416 421 426 433 434 482 766 770 774 779 780 781 782 784 785 786 787 788 789 790 791 792 793 794 795 797 841 
413 764 765 766 767 768 769 770 771 772 773 774 776 778 779 781 782 784 785 786 788 790 792 793 794 795 796 
588 603 622 624 625 627 628 632 634 767 771 773 776 778 799 801 802 804 805 806 807 810 812 814 906 
625 632 767 771 772 773 776 798 800 801 802 803 804 805 806 807 808 809 810 811 812 813 814 816 820 821 822 826 827 834 835 901 907 
799 801 803 804 805 806 807 808 809 810 813 816 820 821 822 827 828 834 835 901 902 903 906 907 908 909 911 913 914 920 921 922 925 930 
625 627 628 629 632 714 717 722 798 799 800 802 803 804 805 806 807 808 809 810 812 813 814 901 906 907 909 
588 603 622 623 624 625 626 627 628 629 632 634 722 767 798 799 801 804 805 806 807 812 814 906 
799 800 801 805 807 808 809 810 811 813 816 819 820 821 822 825 827 828 833 834 835 901 902 903 907 908 911 913 914 917 920 921 922 923 925 930 
624 625 627 628 629 632 634 714 717 722 798 799 800 801 802 805 806 807 808 812 814 901 906 907 909 
632 767 771 772 773 776 798 799 800 801 802 803 804 806 807 808 809 810 811 812 813 814 816 820 821 822 826 827 834 835 901 907 
624 625 627 628 632 634 767 771 773 776 798 799 800 801 802 804 805 807 808 809 810 811 812 814 901 906 907 
625 628 632 766 767 771 772 773 776 778 798 799 800 801 802 803 804 805 806 808 809 810 811 812 813 814 816 820 821 826 827 834 835 907 
799 800 801 803 804 805 806 807 809 810 811 813 816 819 820 821 822 825 827 828 834 835 901 902 903 907 908 911 922 925 930 
766 767 771 772 773 776 799 800 801 803 805 806 807 808 810 811 812 813 816 819 820 821 822 823 825 826 827 828 833 834 835 907 
766 767 771 772 773 776 798 799 800 801 803 805 806 807 808 809 811 812 813 816 819 820 821 822 823 826 827 834 835 907 
766 767 771 772 773 774 776 799 803 805 806 807 808 809 810 812 813 816 817 819 820 821 823 826 827 834 835 
588 622 624 625 628 632 634 767 771 772 773 776 778 798 799 801 802 804 805 806 807 809 810 811 814 
799 800 801 803 805 807 808 809 810 811 816 819 820 821 822 825 827 828 833 834 835 901 902 903 907 908 911 913 917 920 921 922 925 930 
588 603 622 624 625 626 627 628 629 632 634 767 771 778 798 799 801 802 804 805 806 807 812 906 
816 818 819 820 821 823 824 825 827 828 829 830 831 832 833 835 868 871 872 874 876 877 878 881 882 883 917 923 925 927 929 930 966 982 
799 800 803 805 807 808 809 810 811 813 815 817 818 819 820 821 822 823 824 825 826 827 828 830 831 833 834 835 907 917 923 925 930 
766 779 781 783 784 785 786 787 789 791 792 795 811 816 818 819 820 823 824 826 827 829 830 831 832 833 835 838 839 843 846 869 873 
783 815 816 817 819 820 821 823 824 825 826 827 828 829 830 831 832 833 835 839 843 846 868 869 871 872 873 874 877 878 879 881 883 923 
803 808 809 810 811 813 815 816 817 818 820 821 822 823 824 825 826 827 828 829 830 831 832 833 834 835 917 923 925 927 929 930 
799 800 803 805 807 808 809 810 811 813 815 816 817 818 819 821 822 823 824 825 826 827 828 830 831 832 833 834 835 917 923 925 927 930 
799 800 803 805 807 808 809 810 811 813 815 816 818 819 820 822 823 825 826 827 828 830 831 833 834 835 902 903 907 908 911 917 923 925 927 930 
799 800 803 805 808 809 810 813 816 819 820 821 825 827 828 833 834 835 901 902 903 907 908 911 913 914 917 919 920 921 922 923 925 927 930 
766 783 792 809 810 811 815 816 817 818 819 820 821 824 825 826 827 828 829 830 831 832 833 834 835 
783 815 816 817 818 819 820 823 825 828 829 830 831 832 833 839 868 869 871 872 873 874 876 877 878 879 881 882 883 917 923 927 929 966 982 
803 808 809 813 815 816 818 819 820 821 822 823 824 826 827 828 830 831 832 833 834 835 872 878 917 919 922 923 925 927 929 930 982 
766 771 772 773 776 792 799 805 807 809 810 811 816 817 818 819 820 821 823 825 827 828 829 830 831 832 833 834 835 
799 800 803 805 807 808 809 810 811 813 815 816 817 818 819 820 821 822 823 825 826 828 830 831 833 834 835 907 908 917 923 925 930 
800 803 808 809 813 815 816 818 819 820 821 822 823 824 825 826 827 830 831 833 834 835 902 903 907 908 911 917 919 922 923 925 927 929 930 
783 791 815 817 818 819 823 824 826 830 831 832 833 838 839 843 846 868 869 871 872 873 874 877 879 881 883 
815 816 817 818 819 820 821 823 824 825 826 827 828 829 831 832 833 834 835 871 872 873 874 878 883 917 923 925 927 929 930 982 
783 815 816 817 818 819 820 821 823 824 825 826 827 828 829 830 832 833 835 839 843 846 868 869 871 872 873 874 877 879 881 883 
783 815 817 818 819 820 823 824 825 826 829 830 831 833 835 838 839 843 846 868 869 871 872 873 874 877 879 881 883 
803 809 813 815 816 817 818 819 820 821 822 823 824 825 826 827 828 829 830 831 832 834 835 871 917 923 925 927 929 930 
773 776 799 800 803 805 807 808 809 810 811 813 816 819 820 821 822 823 825 826 827 828 830 833 835 907 908 925 930 
799 800 803 805 807 808 809 810 811 813 815 816 817 818 819 820 821 822 823 825 826 827 828 830 831 832 833 834 923 925 930 
486 837 838 840 842 844 846 847 848 849 850 851 852 853 854 855 856 857 860 861 863 864 866 879 897 
486 836 840 842 844 846 847 848 849 850 851 852 853 854 855 856 857 860 861 863 864 866 879 897 
779 780 781 783 786 787 788 789 791 792 795 817 829 832 836 839 840 841 842 843 844 845 846 847 850 851 868 869 873 874 879 
780 783 787 789 791 795 817 818 824 829 831 832 838 843 844 846 847 850 851 868 869 871 873 874 877 879 881 
471 476 478 479 482 483 486 779 780 787 789 791 836 837 838 841 842 843 844 845 846 847 848 849 850 851 
418 421 430 433 434 471 476 478 482 483 779 780 781 783 784 786 787 788 789 790 791 794 795 796 838 840 843 845 846 850 
479 486 836 837 838 840 844 845 846 847 848 849 850 851 852 853 854 855 856 860 861 863 864 866 897 
779 780 781 783 786 787 788 789 791 792 795 817 818 829 831 832 838 839 840 841 844 845 846 850 851 868 869 873 874 879 
486 836 837 838 839 840 842 843 845 846 847 848 849 850 851 852 853 855 863 864 866 869 873 879 
418 421 433 434 471 473 476 477 478 480 482 483 486 779 780 786 787 788 789 790 791 795 838 840 841 842 843 844 847 850 
779 780 783 787 789 791 795 817 818 829 831 832 836 837 838 839 840 841 842 843 844 847 848 850 851 868 869 871 873 874 877 879 881 
486 836 837 838 839 840 842 844 845 846 848 849 850 851 852 853 855 860 863 864 866 869 879 897 
486 836 837 840 842 844 846 847 849 850 851 852 853 854 855 856 857 860 861 863 864 866 879 897 
479 485 486 494 836 837 840 842 844 847 848 850 851 852 853 854 855 856 857 860 861 863 864 866 867 897 
471 476 478 479 482 483 486 780 787 789 791 836 837 838 839 840 841 842 843 844 845 846 847 848 849 851 855 863 
836 837 838 839 840 842 843 844 846 847 848 849 850 852 853 856 863 864 866 868 869 873 874 877 879 880 881 897 
836 837 842 844 847 848 849 851 853 854 855 856 857 858 859 860 861 862 863 864 865 866 867 884 888 892 895 896 897 898 
836 837 842 844 847 848 849 851 852 854 855 856 857 860 863 864 866 870 880 892 895 896 897 898 
836 837 842 848 849 852 853 855 856 857 858 859 860 861 862 863 864 865 866 867 884 888 892 895 896 897 
479 485 486 487 491 492 493 494 497 499 505 507 836 837 842 844 847 848 849 850 852 853 854 856 857 860 861 863 864 866 867 
836 837 842 848 849 851 852 853 854 855 857 858 859 860 862 863 864 865 866 870 880 884 887 888 892 895 896 897 898 
494 836 837 848 849 852 853 854 855 856 858 859 860 861 862 863 864 865 866 867 888 892 895 897 
852 854 856 857 859 860 861 862 865 867 888 892 
852 854 856 857 858 860 862 865 884 886 888 889 890 892 895 896 897 
836 837 842 847 848 849 852 853 854 855 856 857 858 859 861 862 863 864 865 866 867 884 888 892 895 896 897 
479 485 486 487 489 491 492 493 494 497 499 503 504 505 507 836 837 842 848 849 852 854 855 857 858 860 862 863 864 865 866 867 
494 852 854 856 857 858 859 860 861 864 865 866 867 888 892 897 
479 486 494 836 837 842 844 847 848 849 850 851 852 853 854 855 856 857 860 861 864 866 867 897 
836 837 842 844 847 848 849 851 852 853 854 855 856 857 860 861 862 863 866 867 892 895 896 897 898 
852 854 856 857 858 859 860 861 862 867 888 892 897 
836 837 842 844 847 848 849 851 852 853 854 855 856 857 860 861 862 863 864 867 895 897 
492 493 494 497 499 504 849 852 854 855 857 858 860 861 862 863 864 865 866 
815 818 824 829 831 832 838 839 843 846 851 869 870 871 872 873 874 875 876 877 879 880 881 882 883 898 
783 791 817 818 824 829 831 832 838 839 843 844 846 847 851 868 871 873 874 877 879 880 881 883 
853 856 868 871 874 875 876 877 880 881 882 883 884 887 894 895 896 897 898 899 977 979 981 990 
815 818 824 829 830 831 832 833 839 846 868 869 870 872 873 874 875 876 877 878 879 880 881 882 883 966 979 982 
815 818 824 825 829 830 831 832 868 871 874 875 876 877 878 880 881 882 883 917 923 926 927 929 966 968 969 973 974 976 978 979 981 982 983 
783 791 817 818 824 829 830 831 832 838 839 843 844 846 851 868 869 871 874 877 879 880 881 883 
783 815 818 824 829 830 831 832 838 839 843 846 851 868 869 870 871 872 873 875 876 877 878 879 880 881 882 883 
868 870 871 872 874 876 877 878 880 881 882 883 887 894 898 899 966 969 971 973 975 977 978 979 981 982 983 984 987 990 
815 824 868 870 871 872 874 875 877 878 880 881 882 883 899 966 968 969 970 971 973 974 975 976 977 978 979 981 982 983 
815 818 824 829 831 832 839 846 851 868 869 870 871 872 873 874 875 876 878 879 880 881 882 883 898 966 979 
815 818 824 825 830 871 872 874 875 876 877 881 882 883 917 923 926 927 929 966 967 968 969 970 971 973 974 975 976 978 979 981 982 983 
783 791 818 824 829 831 832 836 837 838 839 843 844 846 847 848 851 868 869 871 873 874 877 880 881 883 
851 853 856 868 869 870 871 872 873 874 875 876 877 879 881 882 883 887 895 897 898 899 979 
815 818 824 829 831 832 839 846 851 868 869 870 871 872 873 874 875 876 877 878 879 880 882 883 898 966 979 
815 824 868 870 871 872 874 875 876 877 878 880 881 883 899 966 968 969 971 973 974 975 977 978 979 981 982 983 
815 818 824 829 830 831 832 868 869 870 871 872 873 874 875 876 877 878 879 880 881 882 966 969 978 979 981 982 983 
852 854 856 859 860 870 885 886 887 888 889 890 891 892 893 894 895 896 897 898 899 988 991 
884 886 887 888 889 890 891 892 893 894 895 896 898 899 986 988 991 
859 884 885 887 888 889 890 891 892 893 894 895 896 898 899 988 991 
856 870 875 880 884 885 886 889 890 891 892 894 895 896 897 898 899 977 986 988 990 991 
852 854 856 857 858 859 860 862 865 884 885 886 889 890 891 892 895 896 897 
859 884 885 886 887 888 890 891 892 893 895 896 991 
859 884 885 886 887 888 889 891 892 893 894 895 896 991 
884 885 886 887 888 889 890 892 893 894 895 896 898 899 986 988 990 991 
852 853 854 856 857 858 859 860 862 864 865 884 885 886 887 888 889 890 891 895 896 897 898 
884 885 886 889 890 891 894 986 988 991 
870 875 884 885 886 887 890 891 893 895 896 898 899 977 979 984 985 986 987 988 990 991 
852 853 854 856 857 859 860 864 866 870 880 884 885 886 887 888 889 890 891 892 894 896 897 898 899 
852 853 854 856 859 860 864 870 884 885 886 887 888 889 890 891 892 894 895 897 898 899 
836 837 842 847 848 849 851 852 853 854 856 857 859 860 862 863 864 865 866 870 880 884 887 888 892 895 896 898 
852 853 856 864 868 870 875 877 880 881 884 885 886 887 891 892 894 895 896 897 899 
870 875 876 880 882 884 885 886 887 891 894 895 896 898 969 975 977 979 981 984 985 986 987 988 990 
902 903 904 905 908 910 911 912 913 914 916 918 920 921 922 924 931 932 934 935 936 939 943 944 951 957 958 961 
627 714 717 722 799 800 801 803 804 805 806 808 813 822 902 903 906 907 908 909 911 912 913 914 
800 803 808 813 821 822 828 900 901 903 905 907 908 909 911 912 913 914 915 917 918 919 920 921 922 923 924 925 927 930 931 934 
800 803 808 813 821 822 828 900 901 902 905 907 908 909 911 912 913 914 915 917 918 919 920 921 922 923 924 925 927 930 931 934 961 
716 900 905 909 910 911 912 913 914 918 920 921 931 932 933 934 935 936 938 939 943 944 945 947 957 
900 902 903 904 908 910 911 912 913 914 916 918 919 920 921 922 924 931 932 934 939 944 951 957 958 961 
625 627 629 632 714 717 722 723 724 725 798 800 801 802 804 806 814 901 907 909 
799 800 801 803 804 805 806 807 808 809 810 813 816 821 822 827 828 834 901 902 903 906 908 909 911 912 913 914 920 921 922 925 930 
800 803 808 813 821 822 827 828 834 900 901 902 903 905 907 909 911 912 913 914 917 919 920 921 922 924 925 930 931 
627 714 716 717 720 722 724 800 801 804 901 902 903 904 906 907 908 910 911 912 913 914 
716 720 750 900 904 905 909 912 913 914 918 920 921 931 932 933 934 935 936 938 939 940 943 944 945 947 957 
800 803 808 813 821 822 828 900 901 902 903 904 905 907 908 909 912 913 914 917 918 919 920 921 922 923 924 925 927 930 931 934 961 
716 900 901 902 903 904 905 907 908 909 910 911 913 914 918 920 921 922 931 932 934 936 939 944 945 947 957 
800 803 813 822 900 901 902 903 904 905 907 908 909 910 911 912 914 918 920 921 922 924 930 931 932 934 939 957 961 
800 803 822 900 901 902 903 904 905 907 908 909 910 911 912 913 918 920 921 922 924 931 932 934 939 957 961 
902 903 916 917 918 919 920 921 922 923 924 925 926 927 928 929 930 931 948 961 965 967 968 970 974 976 982 983 1000 
900 905 915 918 919 920 921 922 924 926 928 931 932 934 948 950 951 954 955 957 958 959 961 962 965 1000 1003 
803 813 815 816 819 820 821 822 824 825 827 828 830 833 872 878 902 903 908 911 915 919 920 921 922 923 924 925 926 927 929 930 967 976 982 
900 902 903 904 905 910 911 912 913 914 915 916 919 920 921 922 924 931 932 934 939 948 951 954 955 957 958 961 962 965 
822 825 828 902 903 905 908 911 915 916 917 918 920 921 922 923 924 925 926 927 928 929 930 961 965 967 976 982 
800 803 813 822 900 902 903 904 905 907 908 910 911 912 913 914 915 916 917 918 919 921 922 924 925 927 930 931 932 934 957 961 
800 803 813 822 900 902 903 904 905 907 908 910 911 912 913 914 915 916 917 918 919 920 922 924 925 927 930 931 932 934 957 961 
800 803 808 813 822 825 828 900 902 903 905 907 908 911 912 913 914 915 916 917 918 919 920 921 923 924 925 926 927 929 930 931 934 957 961 
803 815 816 818 819 820 821 822 824 825 827 828 830 833 835 872 878 902 903 911 915 917 919 922 924 925 926 927 929 930 967 976 982 
900 902 903 905 908 911 913 914 915 916 917 918 919 920 921 922 923 925 926 927 928 929 930 931 932 934 948 951 955 957 958 961 965 1000 
800 803 808 813 815 816 819 820 821 822 825 827 828 830 833 834 835 902 903 907 908 911 915 917 919 920 921 922 923 924 926 927 929 930 
872 878 915 916 917 919 922 923 924 925 927 928 929 930 965 966 967 968 970 973 974 976 978 982 983 1000 
815 819 820 821 822 824 825 828 830 833 872 878 902 903 911 915 917 919 920 921 922 923 924 925 926 928 929 930 967 976 982 
915 916 919 924 926 927 929 948 955 961 965 967 968 970 973 974 976 978 982 983 995 1000 1002 1003 1009 1011 
815 819 824 825 828 830 833 872 878 915 917 919 922 923 924 925 926 927 928 930 966 967 968 970 974 976 978 982 983 
800 803 808 813 815 816 819 820 821 822 825 827 828 830 833 834 835 902 903 907 908 911 913 915 917 919 920 921 922 923 924 925 926 927 929 
900 902 903 904 905 908 910 911 912 913 914 915 916 918 920 921 922 924 932 934 939 943 944 948 951 955 957 958 961 965 
900 904 905 910 912 913 914 916 918 920 921 924 931 933 934 935 936 939 942 943 944 945 948 951 953 954 955 956 957 958 959 960 961 962 965 
743 756 904 910 932 934 935 936 937 938 939 940 941 942 943 944 945 946 947 957 960 
900 902 903 904 905 910 911 912 913 914 916 918 920 921 922 924 931 932 933 935 936 939 942 943 944 945 948 951 957 958 961 
743 756 761 900 904 910 932 933 934 936 937 938 939 940 941 942 943 944 945 946 947 957 
716 720 743 750 756 761 763 900 904 910 912 932 933 934 935 938 939 940 941 942 943 944 945 946 947 
742 743 746 747 748 752 756 758 760 761 933 935 938 940 941 944 945 946 
743 746 750 752 756 761 904 910 933 935 936 937 939 940 941 942 943 944 945 946 947 
716 761 900 904 905 910 912 913 914 918 931 932 933 934 935 936 938 940 942 943 944 945 947 957 958 
743 746 752 756 761 910 933 935 936 937 938 939 941 942 943 944 945 946 947 
743 746 752 756 760 761 933 935 936 937 938 940 942 943 944 945 946 
932 933 934 935 936 938 939 940 941 943 944 951 953 954 956 957 958 959 960 963 
900 904 910 931 932 933 934 935 936 938 939 940 941 942 944 945 946 947 951 957 958 960 
743 756 761 900 904 905 910 912 931 932 933 934 935 936 937 938 939 940 941 942 943 945 946 947 957 
716 720 743 750 756 761 763 904 910 912 932 933 934 935 936 937 938 939 940 941 943 944 946 947 
742 743 746 747 748 752 756 758 760 761 933 935 936 937 938 940 941 943 944 945 
716 720 743 748 749 750 756 761 763 904 910 912 933 935 936 938 939 940 943 944 945 
915 916 918 924 928 931 932 934 949 950 951 952 953 954 955 956 957 958 959 960 961 962 963 964 965 995 1000 1002 1003 1009 
948 950 952 953 954 955 956 959 960 962 963 964 996 999 1002 1003 1004 1007 1009 1013 
916 948 949 951 952 953 954 955 956 958 959 960 961 962 963 964 965 995 996 999 1000 1002 1003 1004 1007 1009 1011 
900 905 916 918 924 931 932 934 942 943 948 950 953 954 955 956 957 958 959 960 961 962 963 964 965 1003 
948 949 950 953 954 955 956 959 960 962 963 964 996 999 1002 1003 1004 1007 1009 1012 1013 
932 942 948 949 950 951 952 954 955 956 957 958 959 960 962 963 964 
916 918 932 942 948 949 950 951 952 953 955 956 957 958 959 960 961 962 963 964 965 1003 1004 1009 
916 918 924 928 931 932 948 949 950 951 952 953 954 956 957 958 959 960 961 962 963 964 965 995 1000 1002 1003 1004 1009 1011 
932 942 948 949 950 951 952 953 954 955 957 958 959 960 961 962 963 964 1009 
900 904 905 910 912 913 914 916 918 920 921 922 924 931 932 933 934 935 939 942 943 944 948 951 953 954 955 956 958 959 961 962 965 
900 905 916 918 924 931 932 934 939 942 943 948 950 951 953 954 955 956 957 959 960 961 962 963 965 
916 932 942 948 949 950 951 952 953 954 955 956 957 958 960 961 962 963 964 965 996 999 1000 1002 1003 1004 1007 1009 
932 933 942 943 948 949 950 951 952 953 954 955 956 958 959 962 963 964 
900 903 905 911 913 914 915 916 918 919 920 921 922 924 928 931 932 934 948 950 951 954 955 956 957 958 959 962 965 1000 
916 918 932 948 949 950 951 952 953 954 955 956 957 958 959 960 961 963 964 965 995 996 999 1000 1002 1003 1004 1007 1009 
942 948 949 950 951 952 953 954 955 956 958 959 960 962 964 1004 
948 949 950 951 952 953 954 955 956 959 960 962 963 996 999 1003 1004 1007 1009 
915 916 918 919 924 926 928 931 932 948 950 951 954 955 957 958 959 961 962 967 976 995 1000 1002 1003 1009 1011 
815 824 871 872 875 876 877 878 881 882 883 926 929 967 968 969 970 971 973 974 975 976 977 978 979 981 982 983 
878 915 917 919 923 926 927 928 929 965 966 968 969 970 971 973 974 975 976 978 981 982 983 995 1000 1003 1011 
872 876 878 882 915 926 928 929 966 967 969 970 971 972 973 974 975 976 977 978 979 980 981 982 983 995 1000 1005 1008 1011 
872 875 876 878 882 883 899 966 967 968 970 971 973 974 975 976 977 978 979 981 982 983 984 987 990 
876 878 915 926 928 929 966 967 968 969 971 972 973 974 975 976 978 979 980 981 982 983 995 1000 1003 1005 1008 1011 
875 876 878 882 966 967 968 969 970 972 973 974 975 976 977 978 979 980 981 982 983 984 985 987 990 1005 1008 
968 970 971 973 974 975 980 983 984 985 993 994 995 997 1001 1002 1005 1006 1008 1010 1011 1012 1014 1019 
872 875 876 878 882 926 928 966 967 968 969 970 971 972 974 975 976 977 978 979 980 981 982 983 984 985 987 1005 
872 876 878 882 915 926 928 929 966 967 968 969 970 971 972 973 975 976 977 978 979 980 981 982 983 995 1000 1005 1008 1011 
875 876 878 882 899 966 967 968 969 970 971 972 973 974 976 977 978 979 980 981 982 983 984 985 987 990 1005 
872 876 878 915 917 919 923 926 927 928 929 965 966 967 968 969 970 971 973 974 975 978 981 982 983 995 1000 1003 1011 
870 875 876 882 887 894 899 966 968 969 971 973 974 975 978 979 981 983 984 985 986 987 988 990 
872 875 876 878 882 883 926 928 929 966 967 968 969 970 971 973 974 975 976 977 979 981 982 983 984 
870 871 872 875 876 877 878 880 881 882 883 894 899 966 968 969 970 971 973 974 975 977 978 981 982 983 984 987 990 
968 970 971 972 973 974 975 984 985 993 994 995 997 1001 1002 1005 1006 1008 1010 1011 1012 1014 1019 
870 872 875 876 878 882 883 899 966 967 968 969 970 971 973 974 975 976 977 978 979 982 983 984 985 987 990 
815 824 825 830 871 872 875 876 878 882 883 915 917 919 923 926 927 928 929 966 967 968 969 970 971 973 974 975 976 978 979 981 983 
872 875 876 878 882 883 915 926 928 929 966 967 968 969 970 971 972 973 974 975 976 977 978 979 981 982 984 
875 894 899 969 971 972 973 975 977 978 979 980 981 983 985 986 987 988 989 990 1010 1019 
894 899 971 972 973 975 977 980 981 984 986 987 988 989 990 1010 1014 1019 1021 1023 
885 887 891 893 894 899 977 984 985 987 988 989 990 991 
875 894 899 969 971 973 975 977 979 981 984 985 986 988 989 990 
884 885 886 887 891 893 894 899 977 984 985 986 987 989 990 991 
984 985 986 987 988 990 991 1016 1019 1021 1023 
870 875 887 891 894 899 969 971 975 977 979 981 984 985 986 987 988 989 991 
884 885 886 887 889 890 891 893 894 986 988 989 990 
993 996 997 998 999 1001 1004 1006 1007 1012 1013 1015 1020 
972 980 992 994 995 996 997 998 999 1001 1002 1003 1005 1006 1007 1008 1009 1010 1011 1012 1013 1014 1015 1019 
972 980 993 995 997 998 1001 1002 1005 1006 1008 1010 1011 1012 1013 1014 1019 1021 
928 948 950 955 962 965 967 968 970 972 974 976 980 993 994 996 999 1000 1002 1003 1004 1005 1006 1007 1008 1009 1011 1012 1013 
949 950 952 959 962 964 992 993 995 999 1001 1002 1003 1004 1006 1007 1009 1011 1012 1013 
972 980 992 993 994 998 1001 1002 1005 1006 1008 1010 1011 1012 1013 1014 1015 1017 1019 1020 1021 
992 993 994 997 1001 1006 1012 1013 1014 1015 1017 1020 1022 1024 
949 950 952 959 962 964 992 993 995 996 1001 1002 1003 1004 1006 1007 1008 1009 1011 1012 1013 
915 916 924 926 928 948 950 955 959 961 962 965 967 968 970 974 976 995 1002 1003 1005 1008 1009 1011 
972 980 992 993 994 996 997 998 999 1002 1004 1005 1006 1007 1008 1009 1010 1011 1012 1013 1014 1015 1020 
928 948 949 950 952 955 959 962 965 972 980 993 994 995 996 997 999 1000 1001 1003 1004 1005 1006 1007 1008 1009 1011 1012 1013 
916 928 948 949 950 951 952 954 955 959 962 964 965 967 970 976 993 995 996 999 1000 1002 1004 1005 1007 1008 1009 1011 1012 1013 
949 950 952 954 955 959 962 963 964 992 995 996 999 1001 1002 1003 1006 1007 1009 1011 1012 1013 
968 970 971 972 973 974 975 980 993 994 995 997 1000 1001 1002 1003 1006 1008 1010 1011 1012 1014 1019 
972 980 992 993 994 995 996 997 998 999 1001 1002 1004 1005 1007 1008 1009 1010 1011 1012 1013 1014 1015 1019 1020 
949 950 952 959 962 964 992 993 995 996 999 1001 1002 1003 1004 1006 1009 1011 1012 1013 
968 970 971 972 974 980 993 994 995 997 999 1000 1001 1002 1003 1005 1006 1009 1010 1011 1012 1013 1014 1019 
928 948 949 950 952 954 955 956 959 962 964 965 993 995 996 999 1000 1001 1002 1003 1004 1006 1007 1008 1011 1012 1013 
972 980 984 985 993 994 997 1001 1005 1006 1008 1011 1012 1014 1019 1021 1023 
928 950 955 965 967 968 970 972 974 976 980 993 994 995 996 997 999 1000 1001 1002 1003 1004 1005 1006 1007 1008 1009 1010 1012 1013 
952 972 980 992 993 994 995 996 997 998 999 1001 1002 1003 1004 1005 1006 1007 1008 1009 1010 1011 1013 1014 1015 
949 952 992 993 994 995 996 997 998 999 1001 1002 1003 1004 1006 1007 1008 1009 1011 1012 1015 
972 980 985 993 994 997 998 1001 1005 1006 1008 1010 1012 1016 1017 1019 1020 1021 1023 
992 993 997 998 1001 1006 1012 1013 1017 1020 1022 1024 
989 1014 1017 1018 1019 1020 1021 1022 1023 1024 
997 998 1014 1015 1016 1018 1019 1020 1021 1022 1023 1024 
1016 1017 1021 1022 1023 1024 
972 980 984 985 989 993 994 997 1005 1006 1008 1010 1014 1016 1017 1021 1023 
992 997 998 1001 1006 1014 1015 1016 1017 1022 1024 
985 989 994 997 1010 1014 1016 1017 1018 1019 1023 
998 1015 1016 1017 1018 1020 1024 
985 989 1010 1014 1016 1017 1018 1019 1021 
998 1015 1016 1017 1018 1020 1022 
