1024 3624 0

1 
1 151 770 
1 2 54 676 
1 2 4 256 
1 431 780 
1 3 154 
3 5 6 
1 6 901 
1 4 6 1001 
1 8 723 
1 6 129 246 515 
6 7 197 889 
1 6 409 
1 9 
3 7 9 932 
1 6 7 658 
1 2 118 
3 6 9 
1 5 8 
1 4 7 130 576 860 
3 7 8 138 
4 9 16 
16 22 60 347 675 740 1015 
1 3 9 
1 
1 6 21 
6 11 18 
3 6 10 
1 22 24 609 
6 26 
1 7 30 358 
6 16 849 
6 11 124 
1 12 29 
1 2 8 
1 10 
1 7 23 
2 4 16 
6 8 31 828 
6 8 23 597 
23 34 35 
12 16 878 
1 3 6 
1 19 581 
4 14 22 999 
1 9 20 53 282 
16 31 42 280 
9 12 27 217 
11 34 36 394 
1 3 
3 9 33 
6 16 22 629 
7 16 43 803 899 
11 13 16 
6 7 
3 32 47 
9 10 16 648 
1 5 7 365 475 497 766 
6 38 
16 22 31 223 
1 6 61 
1 15 36 560 
1 6 42 
3 26 51 701 
4 6 27 815 
4 21 60 1014 
11 30 42 
1 4 14 
12 19 37 215 
1 23 64 
6 7 20 694 
5 6 49 
6 29 
6 54 512 
1 6 7 401 961 
6 53 
4 16 67 513 
18 32 33 
25 47 58 
7 29 46 
16 51 57 223 462 1022 
9 26 51 241 485 
1 4 49 
5 32 73 529 
15 68 81 
13 18 67 
15 33 38 
1 2 83 895 920 
7 33 43 
1 30 74 
5 30 55 
1 36 38 515 
51 53 78 
6 32 67 
1 57 69 
16 49 67 596 
1 47 222 
7 16 75 385 429 557 
6 26 48 
1 54 83 952 
2 38 56 
7 26 53 
4 27 93 
3 5 22 
18 22 63 
12 23 55 318 
18 31 68 518 686 709 
4 18 539 
1 61 108 1005 
1 6 50 705 
3 30 107 941 
1 18 86 
9 60 81 177 228 
9 42 
6 34 68 
25 46 113 
1 51 65 
23 39 104 
31 44 
12 27 59 205 684 851 
6 46 85 392 581 
68 81 82 
4 38 44 
1 42 69 389 
22 55 114 900 
1 28 60 630 722 
6 8 47 
3 54 94 
1 6 7 975 
27 37 64 
14 59 96 343 408 
1 35 
3 38 51 
63 86 128 
7 12 20 846 
16 33 127 
6 13 22 
1 4 128 465 518 
1 102 
18 22 56 
6 66 89 992 
12 76 86 
1 3 6 207 
1 6 127 
7 18 86 755 
2 6 139 
6 36 37 
6 63 95 931 
1 31 58 968 
57 93 109 383 
6 16 103 
25 44 85 
42 74 90 695 
11 20 47 394 
6 9 63 722 
1 82 85 
32 116 118 865 
9 59 104 283 
7 47 102 
55 90 137 
9 48 85 475 
1 5 71 504 1024 
1 41 151 
4 6 815 
1 25 66 
3 15 47 
6 46 75 
44 152 160 544 
1 131 162 645 
5 74 162 
4 16 136 431 
16 74 145 
22 130 172 614 
4 40 107 
48 132 133 380 
6 65 151 730 836 
1 11 99 337 
83 92 157 223 684 751 
8 9 29 
6 48 155 
5 6 23 185 
5 47 82 910 
1 6 61 783 816 
1 106 126 732 
1 6 43 135 884 
2 91 129 353 
3 84 120 
2 105 174 542 
11 43 131 492 
24 46 147 483 
40 75 154 
38 43 157 825 905 
25 90 106 
6 23 80 
35 42 57 373 
48 118 120 681 
1 36 81 177 
10 16 81 
1 6 57 
6 153 181 678 
107 191 200 629 
6 7 39 
9 16 23 
1 3 115 
3 6 151 
16 67 83 759 
46 67 204 317 363 687 
6 18 42 
23 62 157 998 
1 48 67 630 
9 53 86 
9 58 145 
3 7 61 
1 4 65 434 548 
47 60 61 
6 14 119 
1 66 148 
24 108 126 
46 48 196 
1 86 187 438 
16 22 190 454 816 825 
1 26 189 599 
1 22 104 
48 76 176 
69 77 166 654 851 
107 149 158 
9 122 137 
1 74 154 
3 112 143 278 
7 32 146 590 
25 36 86 409 775 
14 114 230 
77 110 202 556 
66 117 162 
3 82 186 923 
6 61 126 
53 78 209 
3 51 90 
6 14 161 
69 77 219 
1 109 120 586 
1 6 141 
7 74 145 
30 90 129 403 
22 63 150 977 
2 46 183 697 
6 12 144 956 
9 26 247 
20 40 99 
3 140 158 
1 58 135 536 
33 57 131 239 357 723 
1 6 82 389 
18 163 166 187 
1 21 22 
6 113 136 
38 147 167 370 
66 162 231 676 799 
6 18 160 
81 161 233 428 908 994 
6 43 48 
15 80 96 
1 35 105 
1 51 156 958 
6 18 221 
9 46 157 
66 86 231 937 
26 54 157 558 
134 140 149 220 347 
92 96 156 
6 31 242 
161 192 208 
1 59 210 
1 69 269 
1 6 160 689 
5 54 212 219 
1 190 766 
1 16 236 
34 90 212 842 
3 43 194 921 
10 86 144 
22 63 119 502 
28 118 158 
43 260 279 
69 170 213 
3 199 224 346 912 
1 6 60 497 628 
7 12 203 
21 85 147 648 
3 15 16 
50 204 232 
1 86 288 793 
116 250 254 
75 84 285 
14 125 213 804 996 
97 115 119 494 
7 150 166 
22 178 207 
1 2 105 
4 74 179 387 982 
40 140 284 
32 56 264 787 
1 16 26 519 
13 43 194 
1 58 192 
26 81 235 
22 198 264 
105 162 255 1015 
179 244 255 
1 22 64 
118 138 162 
246 293 298 467 
3 140 261 
162 170 192 
31 48 83 
6 31 298 811 916 
40 43 86 953 
1 23 206 392 
32 54 144 
37 66 163 915 
2 51 239 
1 16 43 
6 70 178 
4 60 147 347 497 
26 95 305 
8 10 133 
95 176 327 835 
1 6 
48 85 142 
6 61 68 1015 
1 104 323 357 
40 67 80 219 1002 
75 205 219 
6 7 31 856 
94 204 283 324 
6 15 263 800 
1 6 7 
12 86 143 
1 231 303 
39 160 176 1012 
76 108 212 
6 57 198 952 
48 86 263 
1 100 164 
16 74 263 
162 238 322 
39 56 70 224 866 
8 156 253 
1 3 36 
36 247 296 
160 260 307 728 1018 
6 8 32 
75 285 351 727 
48 56 74 
1 85 255 
189 253 355 
32 202 203 
54 75 257 499 935 
144 178 275 
163 266 325 617 647 962 
8 46 121 
2 53 198 
2 6 32 
4 31 254 518 880 
50 96 198 
26 81 91 
6 115 303 
16 75 146 297 832 
77 129 354 707 
16 52 82 
65 202 246 
51 206 262 862 
16 20 192 809 969 
75 280 292 
1 4 16 
199 277 299 403 825 
16 49 176 346 
1 68 301 535 
3 24 36 
6 55 334 
22 70 162 
1 6 163 
221 332 333 
83 90 234 
6 146 176 
19 42 44 688 753 
126 133 204 
6 16 252 
1 24 98 
23 29 64 569 784 
55 97 310 
9 41 43 
6 18 114 220 
126 187 212 
57 82 289 
8 74 265 410 736 
14 232 289 
1 140 361 
1 15 96 
3 134 180 926 
30 86 340 
44 102 294 
140 213 374 781 961 
3 50 299 
48 54 80 
1 46 289 
76 86 181 
6 66 179 
23 182 228 
135 136 322 
8 231 279 
43 44 205 
3 77 152 
27 46 198 515 
130 309 320 928 
253 276 301 
123 146 160 1001 
1 319 353 
6 11 184 
6 7 209 
3 75 77 
102 231 263 
23 299 334 
1 30 301 
3 8 200 
6 43 192 713 
22 153 288 
49 155 265 
8 209 275 467 
43 223 340 
48 52 164 
1 6 306 
124 234 353 
81 138 383 
16 195 339 428 
1 207 311 
74 172 
98 103 287 
46 105 433 662 938 
56 201 209 378 1021 
1 2 52 
28 82 164 
1 140 320 
108 135 348 
65 79 128 409 
4 14 203 360 836 
35 189 247 913 
67 69 129 
16 74 288 609 986 
128 368 433 900 987 
14 23 25 673 
89 331 367 825 
13 82 313 
203 224 275 551 
76 198 358 945 
59 75 227 609 734 
44 385 433 561 1017 
117 216 294 331 
82 110 126 
43 91 316 650 1003 
141 189 234 246 
1 4 76 
94 103 155 
26 54 176 609 
7 24 41 496 648 966 
2 6 119 524 
27 47 416 427 993 
24 135 208 
33 155 191 736 
86 261 411 853 
75 198 432 
53 163 307 
22 114 175 458 
1 313 437 445 
6 83 
19 140 263 
253 261 372 
48 104 439 658 
6 263 373 
122 288 375 
22 57 257 352 581 904 
1 2 129 177 458 
140 153 175 432 893 
87 90 325 
26 76 260 
64 289 334 
232 262 400 
6 135 416 
77 86 360 444 
59 110 187 
292 367 469 
1 12 74 705 
9 74 434 
8 85 256 487 
1 107 298 
137 176 430 
195 258 471 774 
1 56 127 
62 178 200 
1 49 249 
238 416 433 
76 162 276 
34 47 146 510 895 
33 98 312 
6 30 166 188 
3 22 45 74 
16 22 46 332 
6 224 276 
1 89 335 732 
34 198 240 
16 442 508 
83 86 149 375 
289 297 342 
58 162 509 
4 99 441 469 
10 67 241 
37 122 215 501 1007 
6 7 8 
200 298 362 670 
5 244 441 453 509 610 
65 306 359 521 976 
12 79 103 
98 108 409 
25 26 331 
193 207 300 
9 31 346 
77 103 212 998 
141 289 354 813 
168 314 490 
16 59 249 
1 88 238 736 
76 170 289 
16 32 38 
34 224 463 654 893 
9 104 342 
16 26 262 769 
7 109 398 
6 347 420 517 
216 307 534 662 797 
6 431 450 729 
317 368 534 893 993 
6 73 246 457 555 786 
16 77 379 380 
165 298 497 
7 9 26 
4 46 462 465 
6 22 192 394 
86 224 509 
6 69 138 624 
104 299 301 625 660 
120 318 379 647 
12 93 118 
1 2 54 
173 263 513 
16 72 263 
1 43 74 
20 77 289 
22 153 292 984 1005 
7 371 377 
83 86 428 
70 229 507 
1 227 260 
128 386 503 
51 100 116 229 
36 236 278 
29 309 377 
110 114 163 
46 195 416 
42 118 140 
30 207 233 654 
12 113 509 971 
7 130 249 
37 119 508 696 
3 4 545 939 
1 11 539 
118 189 399 765 
117 151 273 888 
166 439 462 
5 22 158 
22 85 336 
6 22 296 
12 26 49 
283 439 509 
1 43 192 
7 223 325 
64 266 282 
30 215 509 
202 312 812 
147 260 
6 154 445 
66 140 304 786 905 
22 129 138 
91 121 141 
208 216 340 
25 258 459 
20 247 285 666 736 
6 42 78 
74 447 474 566 
288 367 416 
147 214 311 
35 231 
6 137 353 894 
153 247 546 
327 451 598 
46 120 458 
5 20 22 494 
68 161 413 
33 57 190 
114 182 232 
118 162 547 
7 82 196 
91 152 164 
35 99 113 
38 174 456 708 
16 89 161 755 
3 34 131 742 
6 66 229 483 819 
6 95 204 891 
87 161 444 610 
3 33 464 593 
161 358 522 
3 352 600 609 
18 147 274 
13 547 577 
28 158 213 
4 65 578 
25 109 343 709 
214 249 288 
6 346 611 
33 42 448 
1 16 22 707 952 
8 23 407 797 
7 105 385 502 
1 178 279 
107 367 549 649 
6 18 567 
1 30 75 
58 70 229 321 476 
16 521 616 984 
9 200 443 
13 219 547 
444 505 612 
57 86 325 
303 486 508 573 
1 60 121 530 
18 230 589 
137 251 263 770 
10 112 125 
15 19 297 523 
61 131 548 
33 266 386 
74 76 341 417 549 
16 38 223 971 
8 16 361 
36 275 605 
7 105 522 
81 121 506 993 
143 303 622 670 
22 78 645 993 
6 47 183 
43 58 189 
47 242 579 
1 10 591 
48 56 103 
161 335 488 734 
44 53 532 716 
100 104 155 
18 100 124 815 
212 458 663 
14 86 341 
3 239 394 660 889 
144 317 318 500 736 
58 81 548 823 1006 
3 276 552 
6 29 653 
55 135 143 308 
1 266 483 
1 383 394 416 557 
12 26 59 349 952 
83 85 364 
162 294 680 
1 61 274 
3 7 8 694 
19 243 514 
58 89 398 
30 148 566 903 
8 250 334 
6 22 513 921 
331 375 657 899 
42 152 464 
65 312 659 
20 176 323 427 
212 264 533 
361 564 618 646 
67 151 675 
7 25 80 
212 304 398 979 
33 38 104 935 
120 188 480 
41 58 127 
28 67 209 842 
4 144 268 734 
48 310 377 617 
33 207 354 994 
1 95 533 
14 18 97 454 
28 67 371 
353 382 481 
243 429 501 520 663 
8 173 298 
3 6 262 
3 48 287 694 
156 297 549 868 
227 266 298 626 
38 74 327 818 
33 88 265 
247 262 284 544 
6 86 129 
12 334 336 
212 285 639 855 931 
6 55 561 
160 693 698 
141 246 488 
171 246 444 
6 160 449 517 
22 31 231 
48 116 374 395 930 
57 84 719 
82 155 274 
44 128 187 211 
209 224 510 736 
8 9 633 
127 367 681 
13 168 482 
3 102 212 
106 141 227 
1 162 543 
4 9 316 723 776 
221 413 661 
1 129 566 
12 30 86 349 
56 257 544 
103 107 572 851 
116 334 591 
176 224 232 366 
105 163 639 
99 191 679 700 768 930 
367 382 423 425 740 1009 
35 104 289 
26 103 128 242 571 952 
140 170 289 670 
381 498 512 
16 129 255 
125 290 502 
46 160 423 698 
127 187 210 
170 318 324 
74 232 529 659 
209 298 680 
16 66 464 
225 247 674 
49 368 412 
11 242 403 
7 20 128 
69 239 262 
30 43 520 609 
1 192 287 
46 49 216 
20 84 537 742 
16 301 385 
3 185 566 570 
46 121 151 457 1001 
127 231 418 458 
1 153 501 734 748 
110 301 311 798 
100 137 459 
56 107 328 832 1009 
2 206 393 514 
158 232 622 
22 231 403 
1 30 137 432 
22 448 462 931 
294 311 392 
88 462 506 
1 152 338 
1 305 325 896 
1 157 747 
189 342 575 866 
199 485 743 
68 161 265 
76 238 467 775 
6 305 479 
1 60 167 
405 604 731 
491 620 622 
6 179 242 745 
189 214 325 
75 163 642 
23 364 482 
370 439 660 688 
13 15 482 
50 119 667 
1 391 494 596 
32 254 721 
1 478 656 
234 256 376 382 
22 639 802 835 847 
6 9 485 560 
26 63 448 
46 59 350 539 
27 548 672 688 
6 487 610 
1 182 601 723 
74 335 684 
47 161 380 786 
215 483 680 
218 275 633 799 1021 
3 323 566 817 
1 322 769 
1 25 51 
1 354 431 984 
227 386 631 692 
44 81 462 
16 46 162 
21 26 103 562 946 
26 29 153 1024 
336 548 717 
89 148 534 
177 213 335 
92 613 672 
22 105 152 724 
3 8 11 
42 273 379 812 
49 290 337 678 905 
18 395 563 
28 751 759 
1 170 182 557 
4 238 528 694 
70 107 275 
86 400 444 
212 336 413 
43 207 792 
6 12 17 674 
6 47 352 
39 569 816 
94 163 187 
1 402 829 
8 101 129 431 
161 528 691 
5 204 517 
64 134 717 
81 144 305 
13 145 368 
6 65 748 
190 242 251 
21 30 667 
25 274 651 
6 238 633 932 
3 6 185 
8 163 210 650 
22 146 836 
18 25 761 998 
40 263 432 
43 297 483 
42 156 310 528 639 
20 132 681 1023 
46 255 475 
15 46 106 
313 409 471 922 
520 607 656 
24 67 771 980 
257 819 864 
153 346 708 735 935 
11 122 223 
6 285 348 
3 33 400 515 797 
53 84 129 403 
322 437 830 
2 54 400 
157 161 671 848 
24 446 498 
204 646 777 1001 
104 422 458 
6 176 177 938 
79 370 871 
110 383 395 703 
1 6 153 556 650 
24 522 674 
1 120 146 
37 53 164 
255 553 841 
22 44 145 753 
206 408 672 
19 155 300 
123 199 703 718 
6 12 42 986 
51 97 513 
317 513 832 
45 69 275 926 
168 442 548 
398 767 872 
53 772 879 
323 559 619 694 745 984 
42 74 348 
6 253 
6 33 149 
414 550 603 1008 
1 187 608 
431 858 902 
100 347 553 975 
33 98 340 
285 402 413 
1 48 483 992 
44 74 264 583 1015 
181 262 479 
56 216 547 742 
16 28 777 
342 379 561 
6 210 327 
1 105 207 
98 163 359 410 613 
458 488 730 
134 210 836 
158 342 418 612 
33 162 
6 545 839 
43 109 285 827 
53 232 768 771 
4 32 
30 326 771 956 
4 233 538 666 797 
22 31 239 
108 221 600 
39 471 502 766 879 
144 190 220 247 
1 2 512 
144 183 298 
137 583 614 894 932 994 
7 16 385 
161 268 632 
375 391 879 
319 447 810 
19 81 108 791 
211 711 712 
539 572 699 
6 277 749 
7 350 902 929 
46 75 690 951 
4 110 334 
2 451 640 702 
212 339 569 
47 57 66 
141 252 291 
1 9 440 
215 366 805 817 
1 6 66 823 863 
46 288 566 801 
129 334 337 691 
187 215 222 
16 59 183 735 
252 271 451 753 
43 783 880 
4 344 765 818 
7 109 824 
16 188 267 427 
1 201 281 538 
1 627 946 
97 140 591 
125 163 643 979 
76 264 629 887 
78 103 645 912 
173 276 812 968 
162 224 730 983 
13 102 108 676 
44 306 587 790 
107 170 305 
55 210 498 
6 37 756 922 
540 705 736 884 
57 310 684 781 
1 380 806 
6 298 654 923 
414 507 625 753 772 
53 289 
1 326 410 705 709 786 884 
370 624 881 
53 224 985 
212 382 931 
51 843 897 
208 245 913 
6 56 789 
22 133 175 342 
323 405 662 839 
6 110 803 908 
2 16 534 
6 18 55 1005 
22 304 358 
6 26 421 
421 438 472 647 
6 188 736 792 
63 208 783 831 
29 290 381 941 977 
1 29 317 888 981 
7 217 910 
22 53 243 
1 200 455 
86 326 654 983 
550 659 744 792 798 896 
43 48 718 
89 393 434 528 838 965 
33 312 772 
23 136 838 929 970 
11 63 162 714 
9 310 890 893 
9 560 807 
15 485 842 963 
18 28 32 453 
301 308 409 852 
152 156 289 
120 144 353 501 
1 12 331 652 704 
46 812 849 940 
6 259 483 
