1024 5487 0

1 
1 2 876 936 
1 3 
1 2 
1 2 3 4 62 773 
1 3 
1 2 3 6 427 
1 5 7 110 
1 2 7 8 720 
1 2 3 5 98 
1 2 3 7 8 
1 2 5 8 702 
1 3 5 11 
2 7 8 12 325 
1 7 694 
1 5 6 7 8 
1 3 9 
3 4 7 15 205 578 
1 5 8 553 
1 2 3 4 5 
1 11 16 17 19 
1 8 11 19 22 
1 2 3 21 855 
1 5 7 13 
11 13 20 21 22 
8 11 13 412 
1 2 14 19 274 519 524 
2 4 7 8 16 
1 6 12 24 
5 6 9 24 27 623 716 731 951 
1 8 11 
1 2 15 16 629 
11 16 20 29 32 901 
16 21 29 31 
3 5 8 10 25 594 
1 10 21 24 26 
21 22 32 34 
1 17 19 283 536 
8 17 19 28 29 196 
1 2 9 18 37 979 
5 11 19 20 
1 13 15 24 31 609 
1 7 11 26 
2 7 9 13 19 
1 15 36 37 
2 8 22 34 36 
8 15 23 42 46 751 
1 14 20 23 42 891 
1 8 19 22 772 
1 4 6 9 44 470 
1 11 22 32 46 375 904 
4 11 13 15 49 176 710 
1 7 41 45 49 
2 32 40 48 
1 7 8 21 44 
1 11 20 29 577 
8 19 23 27 32 
1 5 8 9 22 
1 3 9 22 42 623 
1 19 30 43 
2 3 18 49 981 986 
1 5 21 27 53 
1 14 19 27 
1 9 33 55 
11 14 19 47 
11 14 18 29 46 542 980 
1 2 9 31 38 
2 7 12 19 47 
1 6 39 69 
5 15 41 49 53 885 
1 7 8 33 
1 3 43 49 54 348 
1 8 13 18 73 311 460 577 770 
15 30 49 66 
15 22 24 29 46 208 
3 12 27 29 45 
1 21 43 
6 10 14 30 36 
1 5 32 58 
2 11 19 24 34 815 
7 9 25 50 65 
1 5 43 55 58 
2 7 25 47 50 682 
5 24 64 66 640 
1 33 40 42 81 
1 14 15 39 82 
7 11 45 79 
1 21 24 44 
4 12 24 54 
3 6 23 45 89 
1 5 50 89 
9 46 55 77 86 948 
1 11 12 13 23 
1 11 72 76 90 243 338 
31 57 61 76 85 
2 3 39 70 81 
7 8 22 29 81 
11 12 24 52 67 
3 12 32 66 77 
1 8 14 32 48 
1 2 47 62 70 
19 33 36 89 101 965 
2 16 57 65 83 232 
4 18 47 53 95 
1 9 26 59 61 311 731 
20 47 55 68 104 655 
1 3 11 37 81 
7 9 19 22 104 
2 46 62 83 95 
1 11 17 37 
1 29 49 54 55 
11 23 39 50 103 
11 20 40 89 111 631 
3 24 96 
9 26 54 87 105 
3 7 11 31 116 255 
2 19 92 117 1015 
1 19 22 44 94 584 
9 24 63 70 100 951 1009 
6 17 65 98 119 
7 24 29 37 119 
4 23 40 106 
1 24 78 79 98 659 
7 8 80 92 105 
1 2 32 97 104 839 
1 83 108 110 119 841 
5 12 15 23 55 
3 36 37 48 543 
2 12 29 31 33 
15 29 68 90 97 
1 2 62 89 
1 8 22 100 118 463 705 
18 19 58 62 65 
59 73 79 92 127 
12 49 50 123 129 263 
1 20 23 59 693 
46 51 53 95 131 
2 20 22 31 84 
19 24 54 77 81 744 
1 2 3 14 41 260 
1 5 17 19 129 
8 33 81 114 121 442 447 767 
2 5 9 62 83 338 530 
21 55 61 91 120 
1 22 44 102 
1 30 35 55 56 155 328 831 
1 34 86 90 106 
21 117 119 126 138 631 
11 36 41 117 141 
9 19 21 24 124 
46 47 63 119 151 
1 41 42 76 
8 35 99 115 123 
15 35 58 61 112 
55 119 120 122 130 
6 23 61 63 85 779 
16 19 27 35 65 
6 69 82 90 141 306 
22 30 53 61 121 645 
1 3 58 86 87 472 
11 13 15 56 100 
1 18 22 136 425 
9 13 39 75 76 
14 46 58 72 94 603 
2 3 13 15 474 559 734 913 
3 31 128 133 151 
1 10 28 64 111 
1 32 61 77 153 
24 47 73 109 
2 4 62 90 130 
7 19 50 93 162 736 
50 66 73 86 125 701 
33 61 66 67 83 
1 7 16 47 161 
7 74 101 105 136 
9 17 19 61 157 651 763 
8 17 62 84 96 
3 5 27 90 892 
1 100 105 124 136 
1 16 39 92 105 
6 18 20 25 55 
9 24 54 142 170 431 
11 18 32 48 59 688 927 
1 24 29 46 110 
52 55 86 104 114 
1 2 21 116 127 
11 32 81 87 155 
3 7 22 39 186 
19 25 85 114 
18 61 146 170 177 709 
1 16 22 151 465 
11 15 19 58 66 
8 20 46 63 93 945 
22 23 53 87 113 239 
38 53 93 94 135 
1 7 11 47 176 
4 7 8 9 27 
4 6 18 30 
1 36 100 106 123 821 
7 19 39 86 
4 9 22 42 49 
9 21 47 65 77 
7 18 42 46 122 517 896 
4 6 75 91 187 
1 11 18 22 65 
1 14 22 24 168 
44 50 58 116 171 
9 11 48 60 203 
9 106 129 132 193 
2 15 22 142 145 
14 28 91 132 193 
5 15 47 170 178 
13 20 41 72 146 
2 6 31 55 100 
1 44 76 186 203 
2 3 42 53 77 
14 41 75 80 
11 15 19 25 44 
14 43 48 188 194 507 995 
8 15 43 48 106 
1 24 29 54 221 274 517 826 
8 41 63 88 
1 30 62 90 
1 16 30 56 137 881 
2 25 81 156 192 649 
7 27 45 85 122 
20 66 88 162 174 
22 80 105 135 198 819 862 
9 18 113 165 167 317 
1 33 53 148 
1 48 100 185 208 
13 19 38 70 
42 122 138 142 219 396 
1 39 134 153 203 993 
14 76 101 114 199 
46 85 101 171 224 
2 11 18 76 110 928 
7 66 105 139 193 
2 19 33 74 103 
9 22 38 39 143 
1 18 114 134 176 
1 24 99 110 241 654 
14 49 116 129 188 
1 96 139 161 205 582 
11 23 137 146 186 764 905 
44 46 101 171 198 927 
1 4 9 10 241 
1 19 29 50 76 766 1013 
1 90 135 173 249 
22 159 162 192 205 
54 140 170 198 245 728 777 
3 83 90 188 205 209 
1 12 115 178 238 
1 3 19 30 83 
4 71 84 118 149 
5 143 202 240 241 300 
3 13 24 87 133 
30 75 117 158 189 
42 44 54 122 169 856 
1 8 33 61 170 556 
1 20 47 122 357 
4 9 19 96 131 
1 6 26 165 246 978 
16 87 93 140 204 
1 18 145 183 225 790 
1 17 19 43 119 153 634 
2 28 58 85 203 
2 22 54 167 171 
5 24 63 157 258 995 
18 44 46 66 197 521 
1 8 46 72 136 
1 19 42 61 710 
9 15 35 67 131 621 
7 49 66 119 251 
13 95 209 218 254 
4 20 84 128 148 207 
9 33 41 171 191 
2 29 81 92 272 
11 142 163 205 241 666 
12 45 115 191 198 
11 13 24 75 216 930 
21 54 96 152 190 859 
17 63 101 206 218 
2 8 13 21 29 201 393 
1 24 223 245 279 
10 19 124 172 250 
3 8 81 192 215 
57 63 190 203 259 717 
2 22 50 217 227 238 
1 32 119 209 
4 5 42 56 199 
128 172 175 192 268 
15 134 157 184 287 
15 21 39 65 214 763 
1 83 150 156 164 909 
11 12 34 90 121 
13 61 71 165 268 
8 43 92 174 193 
14 25 70 107 268 632 
2 8 104 236 237 
1 8 10 90 151 
1 13 53 205 
15 76 175 198 280 
17 19 85 231 281 
1 6 56 232 257 
2 101 141 163 235 743 
1 37 65 116 287 
13 45 137 142 308 
11 18 77 120 188 
14 135 173 278 299 
15 22 65 103 188 
23 136 140 232 261 
5 41 88 91 256 
39 86 122 281 308 
19 29 108 116 495 
5 7 82 179 296 
15 46 50 97 197 731 
59 81 187 234 262 
14 59 84 283 317 
3 14 17 217 219 767 
4 25 268 273 294 756 
1 12 32 277 299 
3 103 130 161 313 493 961 
19 21 155 257 290 
60 61 73 170 174 861 
24 59 140 162 187 
1 53 182 183 313 
13 49 81 107 306 
9 37 39 151 
1 18 49 174 225 
8 39 46 180 219 
1 7 26 185 325 
2 19 23 140 215 
108 121 139 156 259 
16 49 53 153 318 
11 15 19 50 105 
5 107 139 299 706 
3 18 96 119 907 
5 10 151 275 325 798 
19 42 60 147 162 682 
29 107 141 211 213 289 
8 52 156 171 213 
25 171 217 262 341 474 
15 94 145 164 167 
1 5 12 35 207 
11 69 77 139 246 
11 177 204 316 324 881 
11 30 61 283 326 
2 99 141 167 273 914 
2 30 64 94 132 449 
1 45 47 80 705 
2 11 54 111 330 
4 30 63 206 328 
1 2 5 100 128 
48 219 232 306 411 791 
30 35 88 110 201 
19 37 42 62 161 299 
3 29 38 95 340 749 
19 43 179 180 313 
16 109 131 261 287 
1 70 172 304 1005 
19 23 62 92 119 
1 2 23 274 313 721 
1 5 13 28 276 
12 19 116 138 222 572 812 
11 101 119 211 274 
39 242 315 325 334 978 
11 24 197 207 358 
1 63 121 255 300 684 
16 19 44 70 129 706 
32 48 231 276 332 
11 22 67 92 129 
1 11 84 169 312 
7 43 49 94 356 
5 88 116 216 254 
1 82 188 240 356 
1 2 11 62 129 
1 180 235 320 369 
5 8 13 52 274 
8 61 296 299 328 
17 46 118 282 366 
3 7 9 197 260 
53 120 251 299 348 
34 47 66 146 337 
7 16 143 244 261 
12 72 218 332 382 805 
1 82 101 190 194 
2 24 70 73 219 
1 8 81 120 346 
42 62 120 126 355 
59 61 151 267 269 
1 3 12 103 243 
1 8 15 31 87 659 
18 19 61 173 313 318 
14 63 115 188 303 
55 90 153 176 198 1005 
10 55 167 251 324 609 
97 122 253 298 307 540 695 
11 37 246 263 308 682 
131 171 221 240 
22 46 53 343 394 865 
1 21 306 307 331 
22 26 130 144 319 630 
6 43 118 153 307 500 533 
11 123 171 243 306 
4 8 11 306 382 
1 32 74 144 244 311 888 
38 45 171 281 285 632 770 
3 45 142 160 375 809 
10 13 152 260 315 
6 12 19 73 332 678 
5 39 96 147 190 
2 44 52 121 260 
1 31 58 196 347 924 
5 22 61 209 410 
1 165 265 323 374 
5 6 13 64 76 263 520 
177 197 215 242 292 397 
67 72 117 151 375 
68 100 140 261 377 
14 50 131 285 304 737 
1 18 200 248 359 910 
72 76 198 214 217 912 
1 16 125 151 311 
1 120 131 181 204 
1 19 165 191 357 
9 24 53 171 207 869 
23 50 174 297 323 
1 6 271 275 276 741 
1 23 76 192 220 
21 141 213 407 414 
5 71 222 299 333 
11 21 122 372 
1 29 61 126 189 302 
14 40 41 89 
1 78 130 259 428 815 
58 71 109 151 178 
1 24 32 97 319 
45 61 73 347 438 
3 4 24 161 189 
50 88 92 157 218 
2 73 74 110 365 638 830 
8 76 219 277 324 977 
8 29 251 315 361 
33 127 138 332 348 388 
21 59 87 92 106 327 
17 73 175 303 396 
2 44 61 287 433 
48 111 189 330 370 
44 46 53 97 151 253 
3 15 22 133 142 
2 18 98 108 435 
7 64 120 267 431 
144 165 203 222 262 
1 11 14 27 169 
147 261 318 394 405 
41 88 264 271 300 
21 23 24 31 60 
9 34 319 380 421 454 
7 8 50 187 341 
2 5 39 132 
11 19 26 44 105 707 983 
8 23 128 137 146 768 
23 75 124 229 386 
7 15 19 98 359 
48 204 281 348 460 880 
17 42 119 210 287 
5 39 271 274 395 
3 66 68 81 454 
1 185 200 224 349 987 
1 167 215 232 243 292 596 
6 46 100 128 451 
25 57 98 262 335 812 
2 7 152 199 437 
1 9 20 99 210 228 855 999 
24 61 108 277 342 645 
1 12 251 298 349 754 
2 119 179 306 380 
29 32 49 294 311 
1 7 21 124 222 
10 37 119 210 353 563 
35 53 220 257 271 
10 32 74 139 207 
5 93 143 235 448 798 
8 61 146 188 263 
3 8 25 136 242 385 746 
5 61 106 217 226 443 
5 23 30 168 186 795 
18 53 99 126 233 422 
7 9 55 227 234 
1 5 9 142 340 571 
2 52 100 213 313 
39 67 272 308 390 921 
1 66 100 101 253 
2 136 142 280 425 490 
84 214 244 323 361 
12 24 38 40 94 
1 48 61 100 422 
132 270 326 370 492 790 
40 57 70 319 358 792 
18 35 111 131 439 659 
19 47 267 404 408 738 
133 140 197 374 384 
1 63 218 281 284 788 
169 220 358 424 467 476 514 
81 258 367 452 487 
3 13 24 188 407 
8 54 345 395 454 
3 7 443 445 499 
2 30 41 83 185 
46 114 240 366 371 
21 95 413 451 459 
11 137 193 229 276 
12 30 129 133 422 487 852 
12 63 153 213 480 991 
24 77 215 354 381 645 
41 57 63 71 489 923 
8 55 127 261 295 334 597 
7 14 96 107 368 802 
20 37 87 92 137 999 
9 153 156 318 324 962 
13 37 264 463 520 
92 119 384 419 444 578 
10 24 69 135 334 808 
165 173 186 285 299 
19 20 69 87 475 575 
49 117 232 328 797 
45 73 263 363 438 
5 48 66 244 355 
1 19 45 88 125 
32 46 56 101 189 
161 194 200 426 465 
127 158 172 201 459 
1 87 192 204 533 
16 37 44 49 488 
19 85 218 306 404 
38 124 199 282 288 
15 61 189 329 481 
107 209 329 421 443 808 
1 11 26 65 78 958 
1 8 218 348 534 
16 25 191 242 522 590 
19 114 251 405 496 860 1015 
6 24 55 153 423 
54 205 309 367 425 
9 11 16 204 
34 140 200 430 453 
3 24 47 198 308 
27 273 356 507 521 783 
1 53 109 222 418 
3 33 81 125 413 
63 197 303 354 378 
132 139 142 261 509 
37 60 116 171 360 936 
10 29 78 135 163 
116 196 202 259 332 
6 111 183 511 531 
56 118 276 287 308 
3 69 110 216 492 
2 138 229 268 323 
108 258 307 324 343 882 
53 141 217 263 306 
1 2 74 513 515 
7 9 13 476 508 607 
40 45 219 285 513 
2 18 58 137 498 717 724 
23 50 84 166 197 258 
94 193 200 263 456 
3 25 39 205 218 
2 97 328 364 431 657 
72 99 264 473 505 974 
1 17 20 157 563 
8 292 335 405 
8 9 47 313 366 623 1003 
117 197 198 281 323 
1 69 207 389 444 
40 146 175 242 366 967 
1 4 8 48 565 
3 150 208 304 467 966 
9 46 143 245 353 
1 73 150 232 465 
11 27 281 331 467 577 
27 58 244 251 268 501 
1 2 122 220 524 992 
31 77 103 274 414 
61 141 146 525 556 
12 171 174 244 566 
1 2 40 242 269 
7 9 24 134 187 680 
7 11 17 101 274 
156 179 192 200 587 
53 171 261 397 453 
119 157 345 470 583 927 
14 137 182 253 310 346 445 531 
2 4 39 143 161 297 
62 115 289 306 545 
13 323 393 452 461 493 1020 
1 66 395 570 
11 13 44 162 206 
68 108 127 205 557 
13 209 221 504 550 567 
17 135 192 287 505 
1 8 66 108 242 
24 58 261 372 519 
1 53 112 289 466 631 892 
31 130 266 297 471 
1 165 305 
1 32 332 356 551 
113 119 211 222 332 
44 205 270 392 500 
8 55 407 426 522 
3 146 224 233 258 521 
1 14 163 271 580 
39 58 109 448 470 848 
10 24 338 405 576 
9 37 121 230 551 971 
9 111 204 206 334 730 
1 43 267 534 583 717 
43 142 221 269 391 
5 46 49 372 473 725 
2 7 38 100 401 
29 33 63 343 507 984 
77 170 378 485 582 
40 41 256 278 347 474 
4 25 220 341 439 497 
1 34 341 465 533 
3 29 188 207 318 997 
4 8 113 139 416 
1 48 55 261 423 
1 2 11 129 460 
5 11 202 401 569 
5 24 90 217 219 628 656 
7 14 20 244 385 439 
12 308 416 431 529 
76 176 355 496 534 809 
1 29 30 41 81 403 
9 70 221 389 398 
10 81 87 157 278 
31 38 107 519 548 795 
73 120 156 313 534 
106 131 193 351 481 
1 11 20 254 446 848 
1 6 9 159 564 
46 55 93 395 602 
1 128 210 304 494 
50 135 142 219 621 
23 24 36 189 361 
1 64 284 339 598 
1 73 117 188 532 
33 67 164 297 611 893 
1 11 107 161 359 409 
21 32 100 545 596 
39 66 98 106 542 
11 84 261 491 499 811 
45 118 186 370 445 544 843 
2 8 49 287 342 1001 
23 32 111 272 506 849 878 
3 5 81 131 150 
21 42 94 395 423 463 610 913 
7 17 27 296 642 884 
202 332 470 515 644 
11 21 79 222 421 
14 62 146 151 195 
13 37 163 260 616 
90 131 177 436 531 
70 353 389 391 581 
103 117 146 431 442 877 
1 21 101 360 423 470 
22 47 57 108 331 
1 179 208 403 492 
4 72 94 519 
23 32 61 434 642 
2 87 159 470 517 652 
8 178 198 223 450 
8 18 81 249 321 
123 220 267 325 629 980 
9 24 102 297 322 662 
7 18 137 332 381 636 
23 24 113 245 519 
11 21 296 346 501 528 
299 426 589 622 653 
44 49 69 134 548 803 863 
24 32 34 299 
40 120 124 218 305 
9 239 358 395 404 420 
108 285 318 372 618 
16 38 46 100 479 
19 32 61 94 260 677 
6 57 103 147 529 
2 3 104 615 622 
16 62 92 466 596 
1 21 174 321 673 
13 55 84 188 548 
1 23 439 594 639 
11 52 62 400 511 
20 49 129 134 520 
61 69 76 116 309 395 
75 262 303 449 672 
2 14 60 103 110 
7 141 209 235 304 
60 106 216 363 479 
11 106 119 621 699 938 
6 128 190 227 440 
48 165 287 548 583 609 
20 24 283 507 626 
208 232 486 506 701 
25 61 139 208 255 979 
22 129 222 284 516 530 
21 66 215 268 278 669 796 
1 14 134 197 354 
7 19 179 213 1011 
2 222 294 650 
5 8 15 43 141 
16 246 251 275 562 
1 279 306 673 
1 10 124 284 686 
348 396 569 636 650 849 
4 39 169 396 581 
1 37 39 371 392 
1 73 95 197 465 
6 22 55 66 674 
137 210 269 282 652 1018 
108 176 373 447 463 
1 337 562 687 699 926 
1 7 282 373 416 585 
19 76 296 451 665 
1 19 21 225 532 939 
1 9 13 52 558 636 
1 32 47 178 268 
59 479 543 552 571 
65 323 406 649 689 
54 503 623 685 690 987 
42 48 57 282 478 
16 87 416 418 543 662 
5 7 13 50 569 
24 34 103 595 732 
1 12 15 122 
4 167 269 335 462 
32 41 76 208 386 
19 22 139 398 716 
76 171 433 544 604 677 
39 81 556 582 605 624 984 
1 2 14 533 618 
150 183 414 551 741 
46 163 376 519 648 
47 151 292 481 588 894 1005 
15 134 241 359 397 764 
2 54 289 346 476 
1 101 566 630 704 
7 18 69 204 540 
4 11 65 103 151 
8 101 120 414 773 1014 
31 50 101 127 415 688 
12 38 134 254 418 
33 277 281 293 320 694 
1 24 69 128 660 
128 174 320 418 548 
9 69 73 263 308 
1 3 69 130 743 883 
12 155 170 586 
24 42 50 141 440 834 
1 23 194 237 522 754 
81 101 266 276 387 
3 128 201 255 549 
35 46 289 318 319 
71 72 255 636 646 953 
1 204 319 483 638 811 
31 65 354 509 755 
22 176 230 417 449 
134 178 405 618 709 
7 81 363 621 731 
7 81 530 720 764 
70 120 225 253 623 
1 14 47 194 643 
1 103 246 374 426 511 
34 101 180 206 659 
39 94 141 391 709 
49 84 142 212 471 
30 65 117 188 412 778 
4 24 57 64 340 1009 
9 85 294 428 670 
16 110 137 308 606 956 
1 109 221 450 509 559 952 
2 3 30 108 442 
2 31 39 54 119 971 
2 19 136 310 
5 219 280 351 689 
1 120 234 258 354 
10 63 216 301 497 682 
2 9 34 73 175 768 997 1004 
6 193 224 247 404 
19 470 526 703 716 
56 193 282 521 551 
24 110 143 165 254 
1 29 376 449 761 
1 29 170 479 734 894 
43 128 219 327 438 781 
24 61 100 150 361 923 
9 10 653 677 755 
108 418 498 650 690 694 735 
122 128 274 280 389 
58 90 118 178 260 960 
135 215 342 354 578 
2 11 29 198 613 
31 47 141 283 649 672 998 
1 6 76 577 699 795 
1 7 87 292 630 
64 128 135 214 249 1024 
1 397 447 513 595 
4 22 210 488 563 983 
85 95 356 719 747 905 
1 3 242 281 477 
100 205 231 386 490 561 804 
39 112 247 544 625 983 
3 19 65 135 793 855 
57 271 372 438 468 
1 3 193 198 280 
19 30 95 197 305 310 
130 471 683 729 753 
2 57 174 692 798 
70 101 582 739 762 
63 118 119 244 319 
7 45 402 480 577 922 
9 40 117 344 571 
9 99 149 227 480 733 850 927 
52 73 219 439 570 605 
45 63 72 238 279 
1 19 65 149 354 
1 12 65 315 495 
9 17 40 244 267 
2 19 24 720 756 
67 86 135 193 472 
7 55 217 242 306 
23 32 70 580 684 905 
3 13 18 363 411 
9 40 212 419 829 
11 138 154 211 592 642 790 
14 23 204 360 506 
7 178 335 399 471 
87 341 345 396 679 696 
21 70 79 220 699 
51 273 353 452 818 
1 63 141 212 279 771 
15 61 223 237 684 734 887 
19 85 198 244 784 926 984 
1 370 403 652 692 808 
15 133 162 276 328 871 
54 62 85 154 189 
1 56 417 430 557 583 
1 171 213 387 580 
6 19 42 92 258 
252 411 453 590 620 
58 631 730 765 800 804 
6 22 269 612 839 
11 255 289 681 819 
1 61 119 436 518 981 
33 92 335 378 427 762 
3 51 216 419 485 
84 272 290 615 617 819 1018 
2 95 371 730 737 844 
7 154 188 206 685 855 
59 77 274 305 413 
1 45 135 683 790 827 852 
234 263 421 444 502 916 
153 294 689 745 791 
193 211 387 541 559 784 
221 235 271 675 813 
66 128 215 407 411 987 
13 20 119 166 179 411 609 
37 141 170 389 625 645 
1 248 653 718 814 855 
279 325 580 588 776 
1 354 403 442 923 
356 391 629 640 847 848 1007 
30 69 222 343 395 642 
8 99 378 383 601 639 827 
22 305 459 685 847 
17 124 744 759 818 
1 18 343 435 653 
7 11 21 63 375 
153 305 400 454 546 
83 94 499 629 833 836 
2 88 139 291 323 
45 62 231 410 734 813 
24 116 219 385 854 
31 74 191 668 788 
19 62 356 381 680 913 
1 20 497 644 751 987 
24 62 203 212 284 
11 112 142 296 704 
1 2 46 78 474 825 
2 6 319 449 456 
24 29 37 129 319 383 893 
194 251 540 723 774 
2 77 138 198 363 
23 70 77 119 414 
5 193 307 410 861 
1 417 800 858 890 
4 12 51 63 76 931 
1 26 46 197 757 931 
19 67 87 95 305 622 
81 234 396 712 843 
1 32 103 370 784 893 1001 
1 22 400 521 600 
4 5 6 298 338 
2 9 429 493 525 906 
13 45 324 816 823 
1 75 147 203 652 678 717 
14 16 236 489 902 
3 158 171 190 718 
2 108 119 511 605 763 
84 218 359 439 484 
2 49 61 91 833 967 
34 48 205 207 235 613 
1 134 355 402 677 
9 61 452 513 866 
9 124 132 376 441 550 917 
38 51 61 245 444 
6 66 140 675 908 1004 
1 274 349 468 751 912 
122 244 374 480 795 812 1003 
1 13 297 315 909 1001 
63 66 340 420 889 
12 31 62 467 899 
89 258 325 361 755 
2 10 215 220 345 
63 149 247 584 643 715 
2 99 123 142 526 
11 67 479 496 542 756 
45 161 400 784 868 
10 44 66 83 514 896 
18 99 103 338 395 
92 278 319 759 882 
10 106 235 456 497 
21 113 136 419 530 754 
9 272 395 435 569 
8 18 170 596 779 939 
30 70 120 449 471 717 
7 61 145 424 806 
8 14 75 244 746 
55 84 246 480 658 
61 97 194 416 549 
22 24 63 250 683 714 
1 65 125 816 858 885 991 994 
1 192 484 816 
138 440 503 660 700 
274 388 642 661 843 
11 74 87 274 391 731 
14 19 58 157 201 
210 252 344 473 864 
120 511 523 736 759 
5 19 23 841 861 
171 216 342 685 700 817 
48 63 68 203 516 726 927 
2 80 117 352 598 
1 8 85 232 636 838 
12 363 371 503 899 
387 547 564 589 711 
18 68 74 130 848 
65 204 398 403 438 
81 381 602 668 786 902 
6 8 27 293 949 
18 63 193 207 465 
1 106 457 538 557 977 
513 670 696 711 789 
46 201 283 642 953 
50 65 208 534 817 
12 172 248 256 572 611 
1 62 246 459 546 
24 170 179 416 653 662 
1 34 213 390 948 
23 49 280 363 547 
130 171 182 838 889 987 
32 75 372 396 753 
62 107 179 336 686 
9 15 22 284 944 
21 165 580 641 941 
1 313 324 363 498 
20 142 234 281 906 
1 222 246 334 684 
76 325 343 652 858 887 994 
40 188 406 779 856 
84 212 337 687 736 893 
14 742 745 886 960 
1 21 319 402 719 
1 4 260 350 962 
140 307 524 823 910 
8 26 207 242 577 
19 20 52 148 814 923 
34 38 349 822 933 
1 19 55 840 900 
24 146 385 533 858 
65 134 162 352 840 
24 82 141 185 866 
70 227 366 370 986 
149 278 423 711 778 994 
215 331 385 435 702 881 
61 349 402 479 838 
6 199 611 761 920 
1 354 519 639 
11 36 439 762 944 
1 37 156 659 684 
121 207 341 428 501 
102 110 118 740 786 
1 2 3 197 668 
30 195 279 287 311 
22 54 262 482 770 
129 178 391 508 556 
7 45 462 472 891 
77 207 219 287 552 
18 23 152 858 992 
126 198 312 654 710 907 
106 142 261 284 889 
19 47 64 185 489 713 
164 174 199 247 745 
31 265 494 699 921 
301 378 703 850 852 
27 217 455 460 484 536 
642 645 670 783 825 894 924 983 
84 211 426 799 894 898 
77 99 255 596 794 
148 181 575 818 867 
7 34 65 92 248 
