1024 5471 0

1 
1 2 162 983 
1 2 3 
1 2 3 551 
1 2 3 4 
1 4 665 876 
1 3 4 5 34 
4 5 6 7 
1 6 511 
1 3 5 396 
1 5 6 9 
1 7 10 12 401 
1 5 6 10 
1 3 4 6 959 
1 8 10 13 
1 2 13 14 250 
1 16 893 
1 4 5 17 819 
1 3 5 10 546 
1 3 4 7 11 1011 
1 13 17 21 700 
1 3 78 271 
3 5 16 19 23 542 
4 8 12 13 19 798 
1 3 12 16 23 
1 4 5 8 17 
1 7 14 25 26 
4 7 9 14 28 
1 9 16 392 581 986 1017 
2 7 9 27 28 
1 3 8 10 468 
1 2 3 18 
1 7 13 18 22 
3 6 7 30 1005 
5 16 18 19 35 
1 3 5 6 15 
1 4 5 7 19 
1 2 5 17 
1 7 10 15 19 254 
1 4 14 25 31 
1 4 6 31 606 
1 3 24 29 322 442 480 
1 9 12 25 
1 8 10 28 
3 6 7 21 23 
1 8 12 22 25 
1 9 13 26 44 
1 13 26 40 
3 4 7 29 
4 9 16 24 33 
5 13 34 38 42 262 
3 7 12 35 44 
5 12 21 30 42 
2 12 15 21 27 711 
1 9 51 54 
18 23 28 31 46 
3 12 17 33 44 48 487 855 
1 4 8 20 46 
1 4 6 12 39 168 587 
1 2 4 9 59 
1 3 4 16 44 
1 7 39 60 
6 12 15 19 57 936 
1 21 39 47 48 
1 10 11 25 38 
5 9 13 19 63 
1 3 57 
1 5 19 
7 8 10 31 69 
3 14 21 37 38 619 
5 10 27 37 40 245 278 387 573 
7 20 28 46 72 
1 2 3 7 13 
1 2 11 45 72 451 
1 17 32 42 48 
7 38 42 53 58 
1 21 38 58 
1 6 26 68 69 
13 14 23 51 78 489 
1 2 51 
6 20 49 64 67 
1 4 37 42 429 
9 15 35 38 729 
4 7 11 14 59 
1 4 16 44 59 318 
2 6 12 13 24 
1 2 9 30 183 
4 13 20 29 75 
9 32 63 64 
3 5 17 28 60 97 276 
4 9 25 43 79 
1 4 64 76 
1 9 58 72 82 
1 7 18 54 86 748 
1 42 53 61 76 135 513 692 
1 30 64 
22 24 66 85 94 
1 4 14 42 56 355 
1 12 14 46 93 444 
1 3 81 98 100 571 
13 16 47 68 80 
3 14 59 61 75 
14 18 36 64 75 
3 64 69 86 91 278 
1 2 31 32 68 
39 48 55 59 103 
6 18 62 69 82 
9 13 52 100 104 
1 6 22 46 65 
3 45 57 78 108 
2 25 26 40 66 
12 13 16 25 104 523 
16 41 64 81 
1 12 63 
1 12 16 32 107 259 335 
31 42 46 48 75 729 900 
12 46 52 74 86 576 
4 19 22 69 111 
6 37 74 90 
1 7 15 46 76 
19 21 34 89 96 831 
1 13 74 81 103 
7 22 58 73 114 577 
6 7 36 55 78 498 
1 6 103 912 
5 32 46 48 64 
4 9 18 56 112 513 679 730 
12 19 26 61 116 731 
1 14 28 64 65 713 
7 16 33 99 114 
1 7 74 75 
9 25 35 42 66 
1 18 79 104 245 581 
1 2 14 51 99 271 
3 20 96 101 891 991 
38 87 98 120 123 609 
1 39 46 55 237 
28 61 65 79 
3 10 16 24 25 415 889 
2 5 18 73 
5 9 14 25 69 915 
25 42 83 100 115 
7 14 37 84 
8 24 46 53 134 
4 76 123 129 211 
8 18 39 76 116 
10 15 21 68 115 
13 18 113 127 135 901 
2 13 25 32 127 
2 6 62 85 98 756 986 
1 5 46 130 137 199 
11 26 55 71 127 
1 33 72 81 
24 25 69 74 114 
9 44 84 105 106 
7 14 39 47 49 639 821 991 
27 38 75 123 143 
2 13 18 38 56 
7 26 35 46 77 587 778 
1 3 54 120 
15 20 61 70 76 115 
1 7 14 26 
3 4 9 81 89 
5 18 27 55 131 
1 2 19 77 99 
13 46 78 80 118 
3 16 22 39 82 732 
4 20 166 
1 4 19 74 76 
4 26 40 43 113 664 
4 6 12 17 20 
1 2 6 15 69 
7 9 57 73 102 
1 14 30 55 144 
26 28 42 100 172 419 
1 3 42 64 75 
34 68 100 130 153 400 
14 50 58 106 165 745 946 
1 38 91 147 172 757 
48 92 118 131 157 
3 14 64 69 128 405 1009 
1 32 87 154 158 879 
5 50 57 130 161 
5 44 87 100 110 
7 25 26 57 77 
1 46 53 178 800 
1 4 7 9 14 342 
1 10 22 59 187 
1 3 26 58 85 
1 57 81 120 146 628 992 
1 4 42 46 83 929 
21 23 53 79 155 
3 16 31 32 152 
1 18 119 141 186 
2 12 75 108 150 
1 4 9 99 173 434 
18 21 46 99 116 618 976 
1 4 13 54 173 
1 26 48 64 102 499 942 
67 83 86 166 175 
1 2 19 51 162 572 
26 45 62 74 160 
4 15 16 24 59 580 
3 4 16 22 102 1017 
4 34 63 100 110 898 922 
15 61 98 118 192 
4 36 78 92 110 
6 9 79 123 142 360 
2 9 48 76 169 
33 34 66 82 89 333 840 
1 18 68 151 
2 3 5 19 69 149 
5 42 102 137 
2 7 26 103 
1 3 10 11 27 
10 17 36 46 72 
14 17 93 164 196 
1 2 4 112 216 402 
6 25 145 147 166 
13 32 134 190 192 852 
16 20 43 127 141 
1 55 68 172 199 
2 16 79 121 135 
3 10 20 64 147 
6 16 27 53 146 218 
3 8 51 68 103 326 
2 26 36 
13 82 131 192 219 841 
4 16 81 180 
7 9 27 98 154 
62 67 130 143 163 841 865 
10 105 134 175 198 
1 3 13 14 
14 32 56 105 112 
63 66 102 123 218 
1 2 40 44 213 
12 38 64 105 136 883 969 
1 44 55 123 772 
1 4 125 219 224 799 
55 65 130 133 152 1002 
10 12 31 56 207 1015 
4 21 76 83 93 
14 29 58 82 86 
2 25 46 115 
8 20 25 69 74 397 
11 31 86 134 138 807 
33 46 68 196 218 
7 37 93 105 194 514 905 
8 9 116 144 217 
1 2 42 104 246 713 
3 79 147 150 207 227 
1 2 27 127 167 
1 4 69 108 196 360 
1 13 56 63 82 386 
4 21 112 114 226 591 
1 16 33 136 175 
13 16 20 34 244 
4 82 136 145 257 
3 5 89 137 162 
1 25 39 73 205 
3 9 108 113 226 
5 19 21 53 123 
1 19 32 59 161 
1 2 31 93 211 647 
1 7 14 19 66 613 994 
1 91 95 239 259 
35 36 60 185 197 583 
1 9 81 96 233 825 
13 131 137 148 150 
6 9 130 157 195 238 
1 25 34 222 261 267 342 
46 114 135 218 233 
1 9 46 213 272 787 941 
1 25 58 111 143 
3 73 86 135 164 872 
32 35 46 256 261 
1 4 51 135 248 
1 29 72 180 217 
14 19 26 212 255 
1 3 57 68 220 514 
7 66 89 164 233 
1 4 10 181 
3 13 127 160 175 759 
5 74 86 151 226 
1 26 49 125 166 512 
3 4 50 85 217 
22 45 107 120 252 
1 3 34 58 134 
22 112 116 218 232 539 
36 66 85 153 253 
1 14 50 242 247 
29 61 165 204 212 
1 5 14 86 
4 10 27 63 140 
1 9 102 123 198 
2 13 16 19 106 
3 137 144 147 264 461 687 
3 10 43 130 
5 103 113 163 236 620 
1 14 26 64 166 
24 76 121 230 249 
56 74 76 104 251 
1 29 36 61 72 148 
44 76 105 248 291 
1 87 90 175 301 879 
19 40 109 135 274 711 
73 79 136 143 175 
16 26 27 64 141 
4 7 62 162 229 
1 3 130 165 307 
4 44 45 227 243 282 
9 15 88 105 258 717 
1 104 137 
1 5 26 190 775 
10 16 75 112 271 
1 102 123 297 299 940 
4 7 115 150 167 
46 63 148 174 267 
1 2 18 36 62 188 492 
7 15 21 26 46 651 
5 10 12 58 241 467 
1 38 46 96 163 
1 5 22 28 86 739 
1 24 33 62 185 675 
17 77 211 220 291 801 
1 3 15 104 
33 38 96 196 221 962 
1 25 32 132 236 722 
1 52 69 226 258 
1 3 4 74 154 655 
26 33 53 77 211 594 
16 25 45 111 150 470 
82 96 98 116 130 
1 39 57 82 255 586 761 
19 32 82 174 247 897 
40 100 105 203 244 
9 95 97 110 154 
69 75 183 214 297 
1 92 118 130 137 182 
24 178 179 285 317 
16 33 52 59 157 
2 12 20 129 231 
5 46 63 290 320 
108 254 333 337 342 818 
2 13 27 140 245 
12 50 63 114 127 
1 13 19 249 547 
26 28 93 266 324 
9 10 49 55 181 
3 6 48 70 251 
20 79 160 998 
10 14 31 108 285 837 918 
25 26 190 230 244 
1 14 46 264 318 
5 61 72 85 123 
6 9 40 135 198 
1 28 130 317 457 
44 45 121 135 326 680 
22 56 235 261 301 
19 44 138 143 217 
143 144 316 327 355 
104 304 334 337 340 
1 22 112 123 190 
3 4 79 115 186 
3 139 247 254 308 750 
3 92 114 144 226 932 
2 12 25 114 141 
55 109 125 136 161 200 
59 91 147 193 198 
29 31 144 190 352 
4 25 49 66 278 338 344 
49 79 191 254 
18 83 110 243 298 
1 10 116 147 895 
3 19 38 199 374 
3 5 51 118 369 
25 182 212 306 355 460 
1 19 104 297 1019 
1 186 231 264 320 
1 2 4 6 157 
20 22 49 78 340 
6 31 46 61 70 572 807 
1 203 212 219 234 280 
6 67 100 131 324 
11 66 85 332 376 
1 203 216 220 275 703 
13 23 209 216 
48 53 79 264 287 
25 66 82 288 313 
33 42 98 99 147 1006 
1 5 23 58 285 
125 245 369 370 373 
5 10 44 56 293 
13 15 107 136 339 559 992 
24 76 118 137 319 
113 117 278 310 378 
54 76 225 279 315 347 439 
9 11 85 127 369 1005 
1 68 247 385 387 
9 19 84 132 252 
1 14 114 231 252 
2 10 24 161 213 
19 48 91 93 112 525 
1 50 127 199 211 
31 51 153 173 377 753 
12 28 38 46 189 
4 25 130 178 224 
5 8 102 105 196 282 909 
2 160 293 305 373 
7 25 37 58 260 
31 57 146 154 366 884 
86 157 174 320 334 
10 115 134 221 271 739 
4 213 260 387 388 413 
116 276 285 301 348 
2 6 31 267 364 
1 31 100 259 355 
1 17 69 168 
32 75 161 199 230 311 582 
3 16 29 107 233 
1 155 353 379 404 921 
25 38 163 212 404 
1 76 146 243 316 1016 
1 25 250 341 401 629 
18 32 54 84 225 
6 9 14 21 199 
12 170 308 340 399 
1 3 9 38 104 899 
13 85 126 320 373 964 
1 35 38 93 428 
32 81 96 213 354 893 
4 11 43 119 126 
1 258 406 726 
49 120 125 389 423 
4 6 100 182 209 
2 29 35 38 323 
40 196 310 337 376 879 
2 87 283 300 406 933 
10 226 346 364 413 834 
67 92 173 232 378 
1 4 7 45 65 758 999 
7 63 67 74 401 
1 44 51 310 389 
4 55 174 344 362 
86 115 311 327 443 987 1005 
14 46 114 358 401 
24 41 99 348 412 
17 114 136 278 665 743 
10 96 173 324 334 
1 16 283 336 337 
2 49 283 331 
52 76 83 192 366 812 
32 90 149 247 445 
2 74 94 268 295 
1 135 142 144 
11 72 77 381 451 630 
9 110 162 305 387 
6 46 105 161 345 
190 193 269 425 430 
7 9 27 75 252 807 
23 61 198 258 389 
4 6 48 103 127 
12 40 325 416 425 
3 21 71 164 287 666 
25 36 212 243 
1 72 127 252 363 
2 4 53 120 161 675 
1 46 67 69 346 
84 211 273 274 326 
7 26 156 264 418 
22 76 83 130 302 328 
6 57 186 206 220 
9 45 54 97 320 
15 16 38 87 271 642 
10 21 25 212 219 
1 16 143 157 290 335 
100 102 232 259 393 401 
1 43 115 176 364 382 
3 15 51 443 461 
56 76 116 132 238 
100 136 160 260 371 
11 14 127 266 455 790 
14 34 40 160 454 752 
2 25 119 126 233 380 
4 58 331 366 424 
18 26 189 294 363 
4 25 34 122 190 304 
19 49 274 378 411 
34 47 71 76 317 
1 50 118 227 
1 51 246 284 413 
3 7 12 31 288 
5 14 59 151 463 
24 160 214 384 388 
39 134 223 463 
3 128 131 154 319 
1 40 331 344 395 
3 24 34 130 399 
33 109 143 147 260 
30 77 185 325 358 
1 142 203 320 322 
10 216 354 378 405 
6 33 63 68 103 
82 155 355 416 450 471 
58 139 283 314 370 
1 38 73 244 488 
4 46 116 249 466 
2 50 70 130 147 
46 60 198 305 397 
23 38 237 431 496 
1 5 22 168 438 
42 49 60 92 406 568 
84 85 86 160 381 
14 91 130 343 364 
78 161 227 252 368 
1 10 82 453 
4 7 22 56 99 439 787 
1 22 81 240 250 756 
1 8 65 76 197 
28 47 78 275 305 688 
43 98 170 382 516 
21 36 59 63 219 
1 63 81 182 363 723 737 
1 2 20 131 149 
1 28 48 199 332 
4 109 168 362 373 
1 12 13 63 137 619 
17 207 228 440 491 
1 44 57 317 516 
45 54 190 441 502 
75 166 261 264 383 
36 66 123 462 466 
3 114 129 188 520 588 
19 210 213 397 482 
5 67 167 357 473 
2 16 134 267 320 633 
1 24 89 134 153 767 
1 99 294 299 530 724 883 
24 51 233 303 309 987 
11 147 287 501 515 
311 340 404 461 471 
40 46 103 254 331 
4 38 39 375 492 
4 42 119 268 451 
6 42 77 220 382 613 
22 31 32 147 285 767 
5 90 96 98 177 
1 53 76 320 384 
9 14 413 455 499 
43 161 293 338 386 
25 197 223 387 483 
52 87 108 366 511 
14 103 192 250 278 415 
1 31 81 340 
17 31 64 264 413 914 
1 3 43 370 505 
32 53 95 429 496 
78 157 213 218 377 583 734 980 
29 108 123 211 516 
2 71 144 342 360 540 
3 13 23 139 487 
2 18 52 390 480 
1 7 104 105 334 
1 4 132 218 
46 122 304 429 453 
59 61 139 246 256 
5 46 61 151 260 367 
3 231 352 363 453 753 
201 286 384 394 453 
1 13 76 139 467 888 
1 7 14 17 46 
17 217 305 482 567 
4 99 220 314 444 919 
36 296 317 346 480 1006 
1 63 199 281 492 
1 9 32 274 358 
1 147 204 369 505 674 
16 17 32 89 212 
4 72 100 295 447 939 
45 231 232 364 464 
3 27 137 144 229 878 892 896 
16 34 130 428 555 
1 28 90 131 302 
44 126 326 479 486 675 
1 18 178 198 214 641 
1 67 433 445 488 775 
9 50 252 430 550 717 985 
1 24 135 515 520 
5 38 48 56 277 424 
147 159 378 476 498 
4 36 123 345 540 905 
3 22 161 277 315 
16 38 128 213 404 573 801 
13 211 427 428 488 555 
58 135 139 260 544 
1 53 64 96 276 
147 311 340 501 575 
208 419 432 440 452 
10 96 218 417 541 886 
13 60 98 174 402 
2 100 117 286 428 
8 62 77 344 547 
1 131 194 351 400 658 
16 25 160 362 373 
18 46 162 463 493 620 
1 43 120 149 264 
8 49 61 265 292 348 437 
1 152 222 365 581 600 
3 70 227 295 346 1015 
51 198 282 416 440 717 
8 85 141 191 446 640 
5 49 61 114 196 
1 66 77 146 358 442 
27 152 275 323 425 
23 33 64 307 487 
50 212 259 404 505 
15 26 289 394 567 
1 14 99 494 542 
1 5 7 86 149 
91 321 383 428 482 
9 88 118 228 286 
7 38 283 396 540 994 
1 48 298 364 
4 29 57 368 618 
1 3 131 212 216 253 403 893 
75 206 232 332 500 812 
78 97 308 313 526 
1 16 38 68 340 
6 131 148 204 261 1001 
3 7 118 162 543 
6 71 336 523 547 
28 54 56 254 528 605 
67 217 394 497 503 
118 268 479 499 540 
1 10 13 88 403 470 
12 27 134 239 258 795 
2 161 235 244 554 619 
25 58 67 105 289 
8 60 61 214 455 
25 245 465 487 615 
2 24 223 510 677 
15 103 231 324 587 
7 26 63 456 567 
1 23 152 161 457 
26 56 261 443 556 571 784 
3 5 43 268 524 
4 47 237 362 492 
5 19 33 58 352 754 
63 226 257 370 502 
31 46 52 63 280 
32 44 57 79 389 
1 3 4 38 461 
23 25 293 457 581 1013 
19 86 100 208 598 992 
19 60 158 436 447 581 
14 15 19 147 165 892 
22 82 92 248 347 883 
1 12 14 100 633 819 
143 360 426 457 480 
173 190 324 524 556 
9 36 386 574 734 753 
114 117 176 226 428 
1 6 19 43 598 
60 441 455 596 604 
64 93 113 166 476 980 
2 75 81 192 247 
21 63 72 157 214 
3 9 84 103 113 
1 78 187 332 613 
13 44 59 252 456 745 
7 100 114 118 178 
52 69 225 236 313 574 
1 3 8 74 328 529 938 
70 293 354 443 522 
6 100 102 115 226 
77 103 170 175 329 
231 441 523 550 640 707 
26 31 148 187 307 414 440 613 
24 28 102 120 
1 86 135 262 334 
21 110 127 460 565 
1 43 255 267 544 636 
14 49 59 79 211 
1 13 38 46 161 202 733 
44 51 120 195 205 341 
3 91 162 208 211 
169 197 306 315 543 
52 124 245 338 615 768 
69 76 78 456 687 764 
14 29 38 74 398 628 
3 8 134 148 491 869 1021 
28 165 315 404 617 
16 90 116 381 539 
9 53 184 260 333 
47 268 418 489 606 646 737 
30 52 97 124 522 
1 320 436 485 517 
16 24 76 341 440 
545 565 575 598 687 
86 130 346 477 545 
33 63 71 129 197 561 706 
1 22 91 299 465 
22 69 182 315 455 
14 34 123 139 281 
177 280 447 533 651 
43 64 66 417 648 
9 38 99 218 630 936 
20 206 443 530 673 
145 198 527 567 709 
6 89 212 254 299 
12 211 243 329 410 998 
21 96 118 157 278 776 
1 166 351 549 
5 85 130 244 372 
4 63 148 353 609 718 
4 13 68 271 604 
1 5 7 247 285 836 
6 9 36 71 320 
4 43 209 309 397 
19 171 256 419 521 970 
23 166 233 331 634 
223 260 307 333 338 
17 127 167 502 588 
1 220 363 542 635 739 
1 9 59 340 385 938 
19 70 95 494 695 895 
12 135 187 217 293 730 
1 42 123 636 663 
1 2 200 424 583 631 
46 91 118 155 524 
1 4 50 254 542 
4 25 479 625 723 
99 190 222 279 511 556 660 
9 129 275 299 366 
57 212 464 676 715 
21 76 276 428 597 
137 218 275 288 425 
331 498 596 644 646 718 
7 13 77 193 596 
49 81 267 268 497 913 1008 
12 28 106 147 631 659 
173 213 377 441 451 
1 43 73 192 648 
46 63 341 484 624 
4 25 392 425 523 
19 77 104 152 460 808 914 
4 28 44 173 198 483 
1 226 366 697 742 
18 47 58 464 567 
5 28 153 217 457 
5 23 285 451 724 743 1017 
1 219 233 444 677 
6 30 132 274 438 
3 216 252 480 
1 191 347 554 749 
150 227 269 270 614 
1 13 158 210 280 
9 17 25 33 130 
154 158 211 217 737 
1 19 27 107 
28 48 127 221 691 698 930 
1 6 50 153 422 1023 
58 78 82 647 759 912 
1 9 36 46 63 
1 2 43 116 582 
137 144 172 245 308 
2 9 20 243 609 
5 58 88 210 217 
1 11 630 702 752 
76 139 473 524 
1 5 38 127 461 
10 58 78 542 562 
1 74 100 115 358 
4 38 46 359 728 
13 44 72 278 604 
36 121 164 165 551 
152 231 275 325 675 
1 9 273 472 
75 153 536 653 747 1006 
5 51 671 741 762 805 
24 29 40 44 368 
1 48 190 236 779 
413 435 462 473 551 993 1020 
3 5 156 245 463 549 813 
8 75 130 133 135 
10 434 437 508 737 
13 46 296 705 726 798 822 
38 114 134 164 373 
61 188 307 326 334 
5 24 43 152 332 
1 137 187 382 759 
1 201 236 467 478 
18 57 143 189 269 
17 31 116 531 687 1012 
34 165 211 224 705 735 
30 61 517 542 612 660 
96 127 132 295 299 
2 65 102 307 852 
1 102 506 618 783 
8 15 150 236 563 
133 259 431 671 722 
6 14 143 274 418 
22 230 332 371 573 
36 67 274 339 587 798 
21 87 109 217 234 
32 38 219 637 701 860 
59 181 216 335 771 
1 76 154 369 584 
13 42 60 692 
24 28 133 472 543 785 
14 34 203 637 676 
46 228 287 304 752 821 
2 384 428 589 744 
3 4 31 78 176 776 
9 323 515 554 759 
5 19 162 703 
4 74 107 390 440 734 
1 7 78 159 545 890 
103 130 346 613 698 859 
25 165 173 189 206 
1 4 76 358 522 558 
1 2 36 209 810 
4 42 51 227 601 
3 24 35 95 113 
7 22 33 100 415 842 
7 100 103 364 566 1006 
87 327 332 529 551 590 887 
8 102 189 349 596 757 1007 
106 185 725 739 796 814 
1 47 299 616 697 706 
1 15 201 320 580 671 
54 185 454 706 737 
28 64 104 115 124 
16 243 436 592 734 763 
1 69 268 509 647 971 
19 38 43 145 454 780 
27 28 132 256 
6 64 373 406 479 916 
1 26 207 396 600 
10 22 600 746 766 
1 40 203 332 698 
7 19 165 260 487 
1 20 87 92 470 
44 56 79 199 551 887 962 
4 50 187 710 721 
8 25 99 191 802 
9 61 92 362 763 
26 110 312 417 556 896 
28 127 245 383 719 
5 120 130 332 654 
206 300 371 402 480 717 
1 14 116 597 812 
15 160 164 167 250 
14 85 206 218 668 
25 168 399 517 629 983 
30 102 221 224 712 
2 22 28 39 
5 196 350 373 511 
3 9 148 207 518 
12 273 329 347 715 
49 81 130 440 757 
26 130 196 317 408 
37 108 294 678 750 
12 43 68 428 
2 75 340 583 707 865 
67 212 515 524 653 
73 114 127 640 700 
7 242 580 701 731 1003 
2 240 432 461 617 878 
96 107 214 262 568 926 
3 177 223 341 697 
60 86 200 320 615 
25 156 313 471 536 
2 42 61 85 311 
3 10 28 304 368 562 981 
49 306 449 623 625 843 
132 349 484 555 831 
93 302 643 654 682 
96 233 406 505 697 
1 74 308 505 683 
43 46 59 387 880 
12 16 44 430 736 905 
89 455 506 556 598 
1 205 447 462 478 
5 12 43 635 770 
1 68 585 767 780 
16 39 66 750 856 
112 190 442 458 668 
16 164 422 558 631 658 
69 285 345 599 601 1005 
1 78 606 687 815 852 
200 309 360 379 824 
150 214 406 541 597 
105 164 175 261 289 519 
120 151 529 631 706 727 
5 130 186 373 499 557 
2 9 99 546 589 732 
6 10 43 46 64 613 
43 205 328 377 540 952 
1 26 137 286 847 998 
27 84 174 544 789 
13 14 17 114 190 891 
35 47 67 555 763 797 1003 
2 46 48 73 489 
3 26 78 231 763 
46 130 431 477 723 
17 49 81 375 586 
25 261 318 414 765 
46 137 305 650 867 
39 76 334 661 698 
11 130 598 638 852 933 
57 87 213 493 715 
1 28 152 515 736 867 
3 21 64 390 468 739 
1 42 375 508 640 
27 222 345 487 733 894 
2 16 17 79 114 
7 36 373 396 815 838 
4 259 285 714 893 903 
43 152 202 466 590 933 984 
19 172 353 413 831 
150 154 545 893 921 997 
25 45 257 640 
297 366 646 741 898 
2 15 17 245 401 736 
1 197 396 550 661 
7 268 269 384 546 
7 76 540 585 717 824 890 
1 3 136 619 816 
42 69 76 115 488 
32 64 171 785 807 
4 155 298 556 598 
1 102 435 612 795 
19 57 85 720 920 
5 129 192 257 318 
1 11 53 77 
28 37 109 132 397 
2 14 61 219 385 
24 63 64 502 684 916 
64 129 329 564 738 814 
27 118 320 550 885 
71 120 456 494 698 729 
49 63 160 680 812 
166 291 654 721 903 
7 28 31 42 884 
19 148 204 615 811 861 
182 334 451 729 892 
84 113 139 162 665 686 
21 26 65 295 846 935 
24 43 367 455 846 
4 46 116 229 909 
5 104 118 281 333 
28 79 255 320 337 950 
1 4 14 91 110 613 726 
69 160 230 240 359 
6 26 291 407 537 
45 51 79 188 827 981 
82 488 738 763 843 
1 28 100 689 730 
4 7 106 324 632 857 
9 207 345 363 803 
7 24 491 597 706 
9 300 540 828 843 
27 48 66 84 441 874 
1 69 397 655 658 746 
1 9 88 178 465 932 984 
9 478 602 696 714 740 849 
53 103 203 214 241 830 
1 13 123 193 588 805 
12 86 176 211 558 859 
1 42 92 460 934 
22 365 644 720 783 1020 
7 9 14 506 543 
1 5 252 365 791 1007 
52 137 182 368 843 964 
68 102 139 518 904 
49 196 294 377 779 
11 56 589 792 906 
16 17 31 271 517 
1 75 254 413 445 
1 3 296 399 729 
24 69 321 623 846 950 
76 120 318 344 524 660 
5 129 143 147 271 
14 58 307 339 482 
40 157 282 394 407 620 658 821 962 
6 7 171 201 730 754 904 
8 42 188 228 266 
76 77 99 333 666 711 965 
11 42 74 82 776 941 948 
76 92 275 534 913 
15 103 253 373 803 971 
3 63 85 220 376 
84 91 151 334 355 
1 57 226 791 832 
3 4 17 21 548 813 
223 467 574 768 897 899 
7 485 510 613 923 
78 93 453 502 965 
87 190 369 727 803 
102 231 544 808 911 
5 46 57 404 623 804 
5 423 641 750 767 786 
1 3 80 228 591 
1 8 12 220 263 1001 
275 491 510 595 820 
12 118 161 296 584 848 
59 80 82 638 660 822 1001 
38 42 130 839 979 
13 150 204 737 777 
104 358 583 612 730 859 
84 91 298 413 518 
24 28 313 514 750 
1 25 191 368 538 
1 51 84 132 174 
12 28 192 334 704 984 
4 75 712 852 871 
71 211 230 513 816 
1 4 19 46 227 
2 10 100 207 255 
16 89 139 361 688 
76 137 154 365 755 
150 233 369 468 645 662 
