444 428 
245 231 251 238 224 
699 669 663 656 
9 11 13 
809 778 811 780 639 
557 542 543 
153 152 
282 283 285 
803 504 
722 628 630 
921 926 
363 357 
523 533 175 
659 574 656 
200 203 190 191 192 
562 574 559 
9 18 14 8 
232 393 426 395 269 304 273 309 310 255 224 
11 43 9 41 14 
302 310 303 304 
492 477 382 351 384 
230 224 
675 672 
978 975 894 895 896 
10 14 
185 184 
369 377 352 368 
277 278 
345 288 
600 602 603 604 576 
268 95 
663 671 656 
846 783 784 851 790 791 795 863 512 
789 783 
486 380 477 382 479 384 
443 436 441 442 427 430 416 
31 16 23 8 
690 672 
592 601 604 591 576 
183 184 121 218 219 221 223 217 
109 126 
357 335 
1012 1015 1008 1007 1024 
737 724 735 736 
212 215 121 221 223 
355 349 359 352 
202 175 176 
317 318 
643 741 647 811 639 
952 960 
205 175 176 
823 824 791 827 832 
333 351 
786 783 
935 936 
94 103 88 108 109 110 
557 526 527 544 
26 27 20 22 
821 807 816 
242 260 245 253 255 224 
377 352 375 368 
261 255 224 
243 239 
575 631 576 
153 163 150 127 
14 6 7 
791 855 799 
385 363 
276 310 279 393 222 303 271 
994 985 988 989 1007 992 
161 153 216 217 218 219 125 126 152 
642 643 639 648 
796 783 
173 176 
819 912 
10 6 
656 664 
583 576 
153 156 165 
150 215 152 121 221 223 217 
932 830 910 
882 848 872 
832 816 
555 190 191 192 
125 229 126 
667 656 
385 363 352 
361 365 357 
451 438 446 
506 510 480 
382 475 380 477 478 479 384 
17 25 26 28 30 16 
274 270 
865 848 
162 127 219 211 215 155 156 125 126 159 
857 502 440 
483 380 477 382 479 384 
452 446 447 
903 905 938 765 767 
725 630 
811 813 639 
761 740 727 745 735 
828 830 807 816 
6 7 16 18 21 22 23 31 
160 149 143 61 
500 493 480 
761 762 
164 170 172 173 175 
421 422 441 425 442 443 416 
597 598 575 604 636 591 624 
10 11 4 7 
217 196 184 
667 574 
130 131 135 136 143 207 208 144 125 126 127 
339 332 333 334 335 
497 448 496 
491 382 479 480 
575 636 583 
620 605 576 632 
33 24 26 29 31 
431 432 433 436 441 442 443 416 
462 409 456 473 477 382 414 
157 160 
252 431 
627 630 648 
563 564 537 559 528 
903 905 970 971 906 976 977 978 913 918 924 893 894 895 896 
817 807 904 938 765 911 
889 848 
549 527 
537 528 541 560 
783 784 
593 543 552 
692 686 696 
828 830 
753 758 760 
178 175 176 
59 71 
458 319 
35 37 72 32 
537 528 560 568 
25 26 21 24 
200 185 214 216 217 218 219 125 126 184 
857 859 848 
833 826 
706 704 
93 95 
435 436 423 441 442 443 416 
669 663 672 
842 799 791 
669 679 704 
533 520 521 524 175 
891 974 895 
708 699 701 703 688 
237 184 
18 19 22 6 23 43 16 
381 368 
863 852 871 872 862 856 848 
411 319 
890 879 
764 944 
617 606 
610 591 
513 511 480 
215 151 217 154 219 159 125 126 127 
211 212 213 118 148 127 144 
467 382 473 380 477 462 384 
672 663 669 574 656 
290 288 
363 389 382 384 
756 760 
784 785 786 851 853 792 793 863 512 
597 253 264 
574 664 
539 175 
162 127 216 217 218 219 156 125 126 159 
107 16 
265 117 95 112 
907 909 910 
978 895 893 894 975 896 
526 591 528 593 531 596 597 542 256 
250 231 224 
467 474 476 477 382 464 
572 652 
642 643 650 639 
276 277 279 272 
257 220 
818 640 
121 210 124 223 
148 61 143 160 
133 104 127 143 128 207 144 
668 574 559 656 
435 224 427 255 432 
883 884 885 848 
745 735 
235 239 
854 848 
21 23 16 
485 486 475 477 382 351 384 
20 21 16 
437 410 428 399 416 
275 271 
612 606 607 
707 649 717 719 720 722 663 669 672 
329 286 335 336 
373 319 
285 278 
916 822 791 827 828 832 
666 574 
563 564 
628 636 630 719 
514 511 480 
795 791 
569 562 559 
875 892 877 878 879 880 
736 764 735 732 
50 51 21 32 48 
553 524 
17 19 6 8 12 31 16 
826 831 
835 824 842 829 799 
931 935 807 938 815 816 821 921 765 
9 7 31 
281 283 
980 981 982 983 984 988 895 
881 848 880 
471 473 457 459 477 382 
58 68 62 47 
23 24 
162 127 219 234 214 254 155 156 125 126 159 
841 783 848 784 851 792 793 863 512 
665 574 
883 885 
673 649 719 720 722 663 669 672 
288 295 296 
709 663 656 
1005 1006 1008 
195 153 156 157 61 160 
9 10 31 
53 54 55 40 57 
915 886 918 919 
863 851 512 847 848 
596 597 598 256 
396 397 399 
753 755 756 
913 915 918 886 919 906 911 
769 764 
1 2 4 
98 61 62 152 
547 552 595 596 597 531 532 533 542 256 
472 483 486 379 368 375 408 475 412 477 382 351 384 
740 724 742 647 717 718 640 
553 528 
2 6 7 10 
877 878 879 848 
736 647 640 
150 143 125 126 207 208 
41 51 32 48 
620 606 
162 127 219 204 214 254 155 156 125 126 159 
471 414 473 410 477 382 463 
800 887 799 
253 614 
869 871 872 848 856 857 862 863 
142 145 211 148 215 121 154 221 223 127 
25 18 26 24 
61 159 
213 118 215 149 217 150 
419 424 304 432 309 409 410 255 224 
236 247 
169 156 61 153 160 
473 475 380 477 382 384 
656 574 559 680 
110 118 
356 358 359 352 349 351 336 
448 803 496 
253 614 264 
789 784 
355 359 352 335 336 
346 336 
436 441 442 443 416 
436 437 
935 807 938 783 784 913 815 915 789 821 826 765 
615 575 636 605 623 624 
121 212 223 208 
951 959 
516 511 480 
69 62 71 
569 570 559 
969 885 
453 438 447 446 
164 170 172 173 175 178 181 160 
286 287 
332 340 333 
358 359 352 349 351 336 
764 767 
5 14 
773 767 
192 190 544 
134 143 144 207 208 125 126 128 
413 319 
713 686 688 
67 68 71 62 64 
354 351 358 359 352 335 336 
421 422 255 224 
305 271 
587 543 552 
860 848 
841 836 846 
883 878 848 
16 32 
985 983 895 984 
554 555 190 191 192 
313 315 302 
348 335 
650 639 
138 47 
189 176 
602 600 
892 893 894 
60 21 32 
646 640 
910 936 940 942 911 
738 648 
21 39 40 42 32 
438 496 
922 910 911 
978 894 893 973 974 895 896 
749 735 
554 544 
472 398 399 400 401 403 405 471 408 473 477 382 351 384 
644 735 647 640 
329 342 
351 355 349 359 
715 686 688 
621 608 607 616 
659 574 559 656 
960 955 951 952 
211 212 148 149 150 219 125 126 
950 951 
971 933 
722 677 663 649 669 719 672 
266 267 
955 957 
537 564 559 528 
154 61 127 
850 448 
265 110 95 112 
89 92 
706 672 
241 215 208 
563 564 528 559 560 
253 592 
219 227 126 223 
160 168 
300 286 288 
781 782 
934 928 
739 741 647 640 
252 262 
430 431 
392 266 427 267 302 432 402 435 255 224 
382 380 389 390 
841 799 800 
134 143 207 145 208 125 126 128 
884 888 878 848 
419 424 432 405 406 311 312 255 224 
988 973 982 
929 926 927 
68 62 71 64 
60 62 71 
1021 1007 
1017 1016 
905 938 765 767 
162 127 219 211 212 155 156 125 126 159 
1014 1007 
547 543 552 
1020 973 982 
101 79 80 
218 251 125 126 219 
284 285 287 
145 61 160 
813 814 914 822 791 827 828 832 
162 127 217 218 219 156 125 126 159 
516 518 
1 2 3 7 11 
298 286 288 
553 555 528 526 527 544 
932 933 928 
83 103 74 77 16 
541 560 
477 380 493 382 479 384 
160 181 170 173 176 
931 910 911 
225 218 
10 4 14 
449 416 
858 445 501 496 
235 597 264 
102 103 
481 487 489 477 382 351 384 
763 735 752 
816 807 840 822 799 800 
843 799 800 
39 57 42 47 16 
768 735 752 
330 286 
82 24 29 30 79 
637 607 
421 422 424 
178 181 170 171 172 160 
639 808 
819 822 807 
273 274 275 279 123 272 
718 720 
396 399 400 402 403 405 412 319 
145 211 212 148 219 125 126 
265 92 95 
546 547 525 590 527 595 596 597 531 256 
202 190 
587 604 603 576 
827 792 
645 605 
189 197 192 
812 639 
837 831 
913 915 918 886 919 910 911 
2 12 7 
58 40 63 56 
123 112 
708 712 685 687 656 691 693 661 663 701 703 
61 127 160 
160 148 61 143 144 
739 736 747 751 752 
661 663 712 713 685 656 
935 938 815 785 914 915 786 789 820 765 
97 94 88 110 95 
200 185 214 184 121 218 219 221 223 217 
694 696 
537 566 528 
878 848 880 
437 416 
51 21 47 32 
392 302 304 
144 211 148 215 121 221 223 127 
177 165 139 156 159 
786 851 853 790 792 793 797 863 512 
882 878 848 
734 727 
982 1002 1003 1004 973 1024 
113 265 110 95 
382 455 473 457 477 462 
354 355 359 349 352 
17 19 12 14 16 
247 240 
591 528 593 531 596 597 542 256 
19 6 7 23 31 16 
824 823 792 
765 935 938 918 919 791 790 922 795 823 797 
73 47 
253 218 219 125 126 
234 235 245 184 185 218 219 188 125 126 
802 850 504 790 776 777 778 
147 62 71 
792 800 
235 253 263 264 
17 19 14 16 
492 464 
1 5 14 
52 40 48 
947 775 
329 336 
540 541 527 
125 245 218 219 221 126 
370 319 
540 527 536 
585 636 575 584 
541 526 175 
915 916 917 918 919 921 890 
276 279 271 
419 424 432 311 408 312 255 224 
233 231 224 
313 307 302 
838 824 842 829 799 
705 703 
873 512 
125 215 151 217 219 157 126 
798 792 
349 352 359 360 
125 213 126 208 
24 8 25 26 31 
382 389 384 377 366 351 368 
931 935 938 765 926 925 
812 640 
670 680 
410 403 414 400 
186 219 125 183 217 218 155 156 157 126 159 
352 360 
699 708 701 703 
155 188 191 199 
195 189 192 
683 726 672 
23 31 7 16 
810 811 639 
982 1000 1024 973 1005 1007 992 
517 380 477 382 479 384 
723 720 
106 109 103 104 
146 64 
996 934 987 988 925 926 895 
1 7 8 
338 336 
550 553 528 526 527 544 
38 39 42 11 46 
594 597 589 590 591 256 
378 368 
51 52 21 32 
332 333 344 
6 8 9 43 14 
321 317 
353 351 358 359 352 335 336 
160 181 170 171 172 176 
714 703 702 711 
839 824 842 829 799 
1009 1013 1008 
65 104 152 61 62 79 
17 4 22 
523 175 536 
741 736 
59 69 
996 989 992 
1018 1024 1007 1008 
161 152 121 218 219 221 153 223 217 
802 797 798 
814 904 
650 638 
491 475 477 382 351 384 
931 765 797 935 938 823 794 795 924 925 926 
589 590 591 576 558 528 595 596 597 526 527 530 575 256 
660 680 
10 11 7 
171 139 
285 288 
226 125 
135 136 145 211 148 215 121 154 221 223 127 
242 244 236 
152 106 107 61 62 
900 885 892 893 894 
54 47 
855 799 
238 184 185 218 219 125 126 191 
450 446 447 
610 592 604 591 576 
946 949 910 942 911 
410 302 304 
730 736 
437 414 416 
186 155 156 157 174 
507 480 488 
80 104 105 74 62 79 96 
921 926 919 
131 140 141 142 143 207 208 152 153 125 126 128 
150 215 152 217 219 125 126 
539 540 
6 22 8 9 43 
316 318 
682 683 672 
537 538 
1018 1019 1021 
480 485 488 
422 424 
546 547 521 524 589 590 591 595 596 597 256 
43 12 13 6 
145 213 118 215 149 217 
346 335 336 
809 811 646 639 
419 424 410 428 399 416 
669 702 663 656 
937 939 943 936 
874 512 871 863 
743 648 
43 23 11 32 16 
627 632 585 605 622 576 
904 970 971 907 976 977 978 913 918 924 893 894 895 896 
137 61 160 
181 182 160 
11 44 46 39 
49 54 
606 638 
819 776 809 781 640 
958 926 
962 957 950 952 
524 525 520 
636 575 604 590 607 624 
260 222 
586 670 575 
45 39 
134 143 207 208 152 153 125 126 128 
386 363 382 384 
258 252 
359 360 352 335 336 
304 310 232 
350 335 
190 199 
171 172 
860 877 878 879 880 
475 380 477 382 479 384 
433 434 435 436 441 442 443 416 
460 462 368 467 375 376 473 477 382 351 384 
21 38 39 40 42 32 
235 614 264 
442 443 445 416 
625 624 
985 984 
126 111 
41 11 43 16 18 19 22 23 
267 269 272 
149 143 125 126 207 208 
233 219 126 223 
116 109 103 
100 94 88 108 110 
819 777 810 780 781 640 
73 69 63 
99 102 103 
633 604 636 590 575 624 
933 823 792 
961 926 
594 592 604 591 576 
174 155 156 157 190 
446 440 
313 314 302 312 
190 555 542 191 192 
305 272 
853 799 800 
761 743 727 745 730 733 735 
582 575 
631 576 
311 312 
996 1005 973 1007 982 985 992 1024 
11 44 46 
306 271 
805 791 
765 767 944 
347 348 349 336 
273 270 
367 352 
698 686 688 
935 807 938 815 816 916 789 788 821 922 765 
746 648 
368 466 467 471 375 473 379 477 382 351 384 
236 190 
625 636 605 575 624 
627 629 630 636 605 575 624 
981 976 
692 661 693 695 698 
153 156 157 166 
556 528 526 527 544 
380 460 
546 547 528 595 596 597 531 256 
418 456 382 471 473 477 414 416 
634 604 605 575 
739 639 
948 926 927 
939 937 938 941 765 
235 248 
189 175 176 
1 9 7 31 
81 103 74 77 16 
384 368 465 471 375 473 477 382 351 376 
153 156 169 160 
994 1005 973 1007 982 992 989 1024 
390 471 457 473 477 382 
945 943 
222 262 
17 19 22 43 12 16 
698 695 688 
550 554 542 543 528 
80 120 
755 756 710 717 718 
21 40 42 43 32 
184 185 186 188 160 
801 799 791 
606 621 646 
834 824 842 829 799 
648 645 647 640 
907 732 735 736 
892 894 
340 333 328 
569 572 559 
649 628 630 
715 672 
10 4 6 
285 287 
472 368 471 408 473 375 379 412 477 382 351 384 
837 823 792 
322 324 319 
429 255 224 
207 154 143 125 126 127 208 
202 176 
374 351 
212 206 208 
26 28 30 
131 137 139 61 160 
813 767 807 938 909 814 911 
105 62 104 
993 1002 1003 1004 973 982 985 1024 
455 456 473 382 471 409 410 477 414 
900 880 885 886 888 892 893 894 
267 270 
83 104 105 74 62 79 80 
331 328 
132 134 143 144 207 208 125 126 128 
162 127 206 208 210 155 156 125 126 159 
663 679 680 669 574 559 656 
523 180 176 
545 548 544 
833 823 792 
858 448 
451 428 399 432 
844 799 800 
43 23 9 11 32 16 
115 265 125 110 95 
788 783 
975 895 
358 359 360 352 335 336 
974 978 973 894 895 896 
449 428 445 399 416 
27 29 
65 69 
92 93 111 80 
99 101 103 104 105 152 61 62 
637 607 616 
890 918 919 
653 574 559 
256 590 558 528 526 527 595 596 597 530 575 576 
741 727 761 730 733 751 
410 460 461 464 382 473 474 477 414 415 
219 234 125 214 254 186 155 156 157 126 159 
575 604 605 631 
359 365 349 351 336 
20 21 6 43 16 32 
309 393 271 222 303 272 
198 184 
71 64 
212 213 118 
499 502 440 
76 29 78 
649 644 647 640 
879 888 
303 271 279 
605 576 591 632 
418 463 464 439 473 474 477 382 416 
394 302 304 
234 237 
546 547 590 527 530 595 596 597 531 256 
831 839 
221 208 
259 126 219 222 224 
103 104 105 108 109 110 88 94 
409 411 405 376 
853 799 
732 727 
1009 1010 982 983 1024 976 
170 173 
459 462 368 467 375 376 473 477 382 351 384 
827 828 830 
833 835 831 
201 188 183 153 155 156 61 160 
652 654 559 
440 502 504 
436 441 442 443 428 430 416 
452 438 447 446 
575 594 595 631 
35 37 
240 153 245 181 190 152 218 219 156 125 126 159 
1024 1013 1007 1008 
357 361 362 365 351 
491 380 477 382 479 384 
718 719 720 
419 424 432 311 312 413 255 224 
203 196 184 
177 165 152 153 139 156 159 
740 736 
617 607 616 
661 663 715 685 656 
244 239 
206 143 144 215 121 221 223 127 
18 28 24 
403 399 
43 32 
203 188 191 155 
117 110 
966 928 
167 136 139 145 213 149 215 118 217 
10 4 22 
967 968 903 905 906 913 885 920 
981 982 983 984 988 895 
585 575 
521 524 
157 151 121 218 219 221 223 217 
34 82 30 76 78 
162 127 208 211 215 155 156 125 126 159 
220 222 252 
364 365 351 
724 735 740 
666 574 559 656 
679 672 
371 335 
528 568 
569 572 568 
443 428 446 
369 384 366 351 368 
137 207 208 143 144 121 127 223 128 
886 918 919 
159 127 
618 779 608 
121 118 
779 843 783 784 531 532 533 851 792 793 603 605 606 543 544 863 611 512 
329 346 331 
49 133 39 
396 400 
736 747 814 751 752 
85 87 88 89 77 94 
141 142 209 210 145 126 154 219 125 158 127 
134 143 207 208 146 125 126 128 
17 6 22 9 43 
921 923 886 919 
381 286 
219 126 254 
275 276 277 272 
453 427 428 446 399 
6 43 21 22 
626 628 630 622 624 
865 801 861 790 791 857 797 863 512 
110 119 
581 582 584 576 656 663 669 574 575 672 
473 461 464 382 409 474 477 414 415 
573 560 
313 307 
108 94 110 88 
354 355 359 352 335 336 
62 158 
1 10 5 
797 798 792 
571 559 
551 544 
474 376 
913 917 918 919 906 909 890 
727 761 746 735 751 
576 629 605 632 
736 742 732 735 752 
182 155 156 157 190 
21 24 25 26 16 
827 828 791 832 
538 539 
845 799 800 
480 501 475 478 495 448 
160 181 171 172 176 
935 807 938 815 816 821 826 922 923 765 
26 75 29 30 
165 153 156 61 160 
311 312 313 314 302 
466 467 405 412 471 473 380 477 382 415 384 
50 40 48 
223 216 121 143 206 127 144 
542 554 526 527 544 
682 683 670 
1 5 8 
18 24 8 25 26 31 
532 526 527 
22 32 
591 604 599 576 
291 293 288 
331 286 335 328 
866 868 861 874 790 855 791 857 797 863 512 
225 218 219 125 126 
154 240 245 181 190 218 219 156 125 126 
970 976 977 978 893 894 895 896 
123 276 279 
101 94 88 108 110 
17 22 7 31 
257 222 
672 663 669 574 559 656 
982 1003 1004 973 1024 
1024 1007 1008 
698 694 695 688 
709 703 
834 835 831 
483 486 379 368 475 375 472 411 477 382 351 384 
829 888 845 846 848 
217 215 
913 914 911 918 919 910 879 
473 474 477 382 
1 2 5 7 8 
765 767 807 904 938 813 911 
946 935 813 909 765 814 911 
410 414 
570 571 
436 441 442 443 429 430 416 
651 639 
913 917 918 919 905 906 890 
441 425 426 443 442 416 
430 446 432 
838 928 
821 822 791 826 832 
131 136 207 208 143 144 213 118 127 
183 216 217 218 219 125 126 184 
243 235 
713 698 688 
572 567 568 
19 21 7 23 31 
98 62 
521 556 589 590 591 576 524 595 596 597 256 
913 915 918 886 919 911 
129 131 137 61 160 
614 256 
454 319 
149 118 215 216 217 150 223 
319 402 403 405 395 412 399 
1007 992 
819 813 807 640 
515 863 512 
160 158 168 
377 374 352 
604 605 576 
461 462 467 414 473 410 477 382 415 
353 358 351 352 
837 807 842 813 816 824 829 799 
60 62 72 
366 335 
962 995 953 954 957 
549 520 184 521 542 
76 29 78 24 
162 153 156 61 160 
616 604 636 590 575 624 
382 473 457 459 477 462 
121 114 125 122 
473 477 382 471 
258 245 253 254 
1012 1014 1008 
14 23 
70 47 
41 11 48 
637 621 607 
10 11 4 13 
50 48 
28 22 31 
292 286 288 
160 153 156 61 192 
576 637 605 632 
73 64 
155 156 157 190 
62 104 105 94 79 80 
47 58 59 55 
909 814 914 822 791 827 828 832 
691 695 688 
209 210 145 148 158 219 125 126 
445 501 856 504 
335 286 343 
626 628 630 633 624 
796 797 
577 581 584 576 559 656 663 669 574 575 672 
524 573 560 
236 237 
235 247 
802 792 
545 527 
910 937 939 942 911 
125 271 272 
133 207 208 143 144 121 127 223 128 
580 581 582 584 576 656 663 669 574 575 672 
217 218 
678 743 647 719 656 672 722 658 669 640 
219 204 125 214 254 186 155 156 157 126 159 
564 559 
549 520 
939 942 911 910 
1006 1007 
20 21 23 8 31 16 
9 31 8 
470 376 
827 791 831 832 
63 64 
211 148 149 150 215 121 221 223 
111 92 93 79 80 
484 486 384 475 477 382 351 480 
617 605 576 632 
909 814 
813 807 
380 455 
191 600 
251 253 
515 499 502 511 480 
326 396 399 400 402 403 405 412 319 
125 229 
851 870 862 863 848 
371 286 
18 21 22 23 16 
423 441 425 442 443 416 
17 19 43 11 14 16 
108 107 100 62 
6 23 43 16 32 
142 143 207 208 152 153 125 126 
73 59 63 
57 55 40 
229 126 
330 328 
850 445 501 496 
498 499 501 504 445 
839 823 792 
455 462 467 473 380 477 382 384 
800 839 799 
153 157 61 160 
887 879 
994 1007 951 987 988 925 926 895 992 
353 358 359 352 349 351 336 
869 870 874 512 863 864 
224 431 255 
70 16 
141 142 143 207 145 208 146 125 126 127 
825 826 823 792 
160 181 173 175 176 
782 608 
193 194 190 192 
353 355 359 352 335 336 
18 4 25 26 14 
710 758 760 717 718 
21 23 8 31 16 
700 694 686 
434 435 436 441 442 443 416 
978 896 972 893 894 895 976 
761 738 727 745 730 733 735 
459 460 461 410 382 473 474 477 414 415 
748 735 752 
58 59 63 40 
702 663 656 
20 21 
1022 1023 
963 926 927 
245 247 239 240 
319 402 403 405 412 399 
885 886 984 888 880 
403 404 421 400 
524 525 
842 854 791 790 859 797 863 512 
553 549 528 
656 574 559 664 
771 765 
867 863 512 
101 104 105 62 79 80 
253 254 264 
401 302 304 
730 733 
58 59 
126 120 
41 48 
219 126 125 254 
763 764 767 
950 960 
234 236 237 
434 435 
39 9 42 11 46 
75 29 
97 265 95 
167 136 139 209 210 145 126 219 125 158 
354 358 351 352 
414 471 456 473 477 382 415 
472 402 403 405 471 408 473 477 382 351 384 
249 242 
113 80 
236 245 
932 910 
605 576 623 632 
445 414 
221 219 125 126 223 
346 349 336 328 
798 791 792 
57 51 40 
26 27 21 24 
116 104 
49 50 51 52 21 32 
465 376 
554 542 543 
21 6 23 43 16 32 
885 901 
402 403 405 376 411 
394 302 
913 920 885 902 967 968 903 
906 909 
416 419 424 
814 910 914 822 791 827 828 832 
921 923 918 
740 735 732 736 
546 547 524 589 590 591 525 595 596 597 256 
52 39 48 
571 572 654 
529 176 
99 79 
491 480 
365 351 360 
79 102 103 
17 9 4 
687 688 
65 68 62 104 
770 765 768 
237 543 
638 640 
683 684 672 
922 926 
214 121 218 219 221 223 217 
184 200 
436 441 442 443 428 416 
2 13 7 10 
217 218 219 125 126 
236 239 
107 62 70 
152 153 143 125 126 207 208 
171 167 
978 894 895 893 974 975 896 
622 624 626 627 628 630 632 605 576 
800 855 799 
43 13 
113 114 112 
378 376 
2 20 21 23 25 27 16 
185 155 188 184 
84 85 87 89 77 94 
39 40 44 45 32 
902 903 938 765 767 
60 47 
841 846 
890 917 918 919 
588 543 552 
378 380 
907 735 
439 416 
649 647 648 
1018 1008 
795 823 792 
843 792 
123 124 125 
71 152 
691 694 
204 184 
242 218 219 125 126 
35 16 
823 792 825 811 813 816 
1 10 
883 884 885 879 848 
269 272 
558 528 
174 160 
526 534 527 
931 935 807 938 815 816 821 826 923 765 
4 23 
2 12 
115 116 118 120 112 
114 125 
740 735 
938 939 941 949 
57 42 41 48 47 16 
9 43 14 6 
810 811 780 781 783 639 784 
665 574 559 656 
443 444 446 
574 662 559 656 
647 736 
643 638 
605 591 
827 797 798 
636 575 624 
1009 1017 1008 1007 1024 
956 952 
497 440 496 
17 11 43 22 9 41 
585 586 670 
422 441 425 442 443 416 
34 29 
929 879 919 
286 368 
2 3 11 7 
569 571 559 
452 447 
369 386 352 
331 333 286 335 
553 555 544 
764 735 
1 2 7 8 
551 520 521 522 542 184 544 
578 581 584 576 656 663 669 574 575 672 
860 792 
743 647 717 718 719 720 722 640 
517 511 480 
830 832 
394 427 267 266 302 432 402 435 255 224 
538 536 
200 219 125 214 254 186 155 156 157 126 159 
499 516 502 511 480 
143 144 211 215 121 221 223 127 
94 88 105 106 108 110 
809 811 780 781 750 751 752 783 784 820 736 
560 559 568 
379 368 
20 21 22 6 43 
921 886 919 926 
314 315 300 288 
487 506 510 511 480 
218 238 
353 355 359 349 352 
557 543 552 
20 21 7 23 31 16 
888 848 880 
1002 1003 1006 1008 
498 803 499 501 445 496 
17 22 9 43 12 
791 440 
334 335 
92 95 96 
829 823 792 
484 485 380 477 382 479 384 
914 822 791 827 828 832 
581 582 584 576 559 656 663 669 574 575 672 
727 760 
418 461 464 382 473 474 477 414 416 
148 143 125 126 207 208 
42 39 
419 424 304 432 309 410 255 224 
224 255 399 432 
1014 1015 
644 639 
620 607 616 
201 190 192 
371 389 384 377 382 351 368 
953 951 
184 247 239 
833 807 813 842 829 799 816 
2 7 31 
876 848 
17 6 7 22 31 
448 502 504 
938 902 903 767 
559 569 567 
602 599 
267 269 279 123 
765 813 767 938 909 814 911 
1 14 7 
836 824 842 829 799 
852 854 791 790 859 797 863 512 
717 718 
67 144 
107 77 62 80 
728 724 732 720 
214 216 217 218 219 125 126 
236 240 
185 191 
427 444 428 399 
75 29 24 
668 656 
849 847 848 799 800 
17 19 8 31 16 
158 159 
905 938 767 
237 240 
477 479 480 
470 473 474 477 382 
130 131 135 136 207 208 143 144 213 118 127 
809 811 780 781 783 639 784 
338 349 328 
621 638 
160 135 137 61 128 
949 950 960 
356 359 360 349 352 
822 791 825 826 827 832 
913 914 917 918 919 890 911 
566 528 
61 63 64 
541 560 528 
745 761 727 735 
476 477 382 
628 630 648 
226 219 125 126 223 
17 18 7 24 9 31 
351 356 358 359 352 335 336 
116 112 118 120 
395 222 398 
153 186 156 61 160 
758 759 760 
579 575 
649 638 
805 799 791 
732 724 720 
426 395 397 255 224 
634 605 624 
44 46 40 
337 333 328 
501 479 445 495 480 
535 176 
85 87 88 
684 669 663 656 
793 784 
339 333 328 
501 495 448 479 480 
619 606 608 
763 765 
1008 973 982 1024 
22 25 26 28 31 16 
483 486 475 477 382 351 384 
97 114 
599 602 603 604 576 
84 62 86 87 107 108 110 
273 274 275 277 279 123 
465 471 414 473 410 477 382 415 
900 848 872 
162 155 156 159 
2 5 7 10 
880 848 872 
681 670 
831 840 824 799 800 
732 750 735 736 
41 32 48 40 
304 309 310 232 
4 21 
1009 1010 982 973 1024 
863 519 512 
943 942 911 910 
790 799 
310 393 271 222 303 272 
382 475 477 478 479 
906 938 909 911 783 784 815 820 789 765 
899 867 872 874 848 862 863 864 
799 792 
149 150 215 217 219 125 126 
690 661 574 559 656 
1022 1015 1008 
737 738 647 640 
137 141 61 160 
629 606 
597 598 604 591 576 
121 122 124 223 
201 190 
161 153 156 61 160 
581 575 584 
226 223 
761 732 
931 926 
461 462 467 412 405 473 380 477 382 384 
829 888 843 845 848 
656 660 664 
140 143 207 208 144 125 126 127 128 
17 25 30 26 
368 375 376 474 476 477 382 351 384 
827 791 839 832 
153 156 61 174 160 
51 42 44 46 32 
318 319 
910 940 941 942 911 
121 122 125 112 
593 542 543 
537 534 
319 402 405 412 398 399 
656 663 688 
235 589 591 
462 467 473 477 382 351 384 
472 393 395 396 400 401 405 471 408 473 477 382 351 384 
674 575 
153 156 159 
625 605 576 632 
260 251 253 255 224 
26 27 22 
807 823 825 813 792 
345 329 
998 985 987 988 895 
820 830 
151 143 125 126 207 208 
518 511 480 
65 69 62 71 
435 430 
22 8 
61 134 160 
273 123 270 279 
186 155 156 157 159 
137 160 61 128 
1019 1024 1007 1008 
384 352 
418 419 424 428 399 439 410 416 
595 576 
278 280 
67 63 
175 535 176 
341 336 
474 475 476 477 382 
426 252 261 
477 478 479 
774 760 761 764 768 
587 575 
57 72 32 
457 462 368 375 376 473 477 382 351 384 
945 910 911 
86 87 
523 541 175 
19 21 6 43 14 16 
756 759 
41 43 13 
469 473 475 380 477 382 384 
59 47 
453 446 447 
402 403 405 376 411 396 400 
818 639 
116 105 107 108 62 
630 648 
580 581 582 584 576 559 656 663 669 574 575 672 
1020 1015 
921 886 919 920 
791 799 792 
181 164 165 160 
767 763 764 751 736 
24 26 27 28 16 
884 848 888 
232 121 124 126 111 
265 95 119 112 
252 255 224 
248 251 252 255 224 
417 414 416 
539 544 
153 61 143 160 
537 528 566 560 
388 471 455 473 476 477 382 
909 910 
178 181 170 173 160 
493 509 480 
900 901 848 885 891 893 894 895 896 
633 628 630 
22 21 14 
180 181 182 160 
111 112 
204 185 214 216 217 218 219 125 126 184 
2 27 14 
397 399 
1 3 11 7 
508 511 512 
276 112 
853 855 791 
982 1004 973 1006 1024 
51 45 47 32 
705 693 661 663 712 685 656 
615 623 624 598 599 636 605 575 
498 440 
245 246 184 185 218 219 125 126 
761 727 728 
805 800 799 840 
207 208 125 186 155 156 157 126 159 
953 957 
57 58 62 63 
27 28 29 16 
804 784 
14 7 
418 466 467 468 439 473 474 477 382 416 
910 911 913 914 917 918 919 890 
162 196 127 219 214 254 155 156 125 126 159 
43 12 13 
179 180 176 
141 142 143 207 208 152 153 125 126 
54 55 40 57 58 
344 328 
441 414 439 
908 912 
877 878 848 880 
263 256 
121 125 
303 279 
669 702 
189 198 192 
389 382 
559 652 567 
879 919 927 
418 464 466 439 473 474 477 382 416 
98 16 
847 848 
337 327 328 333 336 
940 941 942 
258 253 254 
722 720 
253 263 
153 187 156 61 160 
817 823 792 825 813 814 816 
523 172 
9 43 12 13 
693 694 696 
47 63 
858 856 
736 813 750 751 752 
505 499 448 
350 288 
415 416 
854 855 791 790 859 797 863 512 
602 191 
190 199 192 
20 22 25 26 27 28 16 
935 807 938 815 784 913 785 915 786 789 821 826 765 
427 435 428 399 
1006 1008 
913 921 920 
843 780 781 784 531 532 533 851 792 793 603 605 543 544 863 608 617 512 
738 720 732 735 736 
122 123 112 
591 616 
197 153 156 61 160 
77 86 
457 376 
332 328 327 336 
149 150 215 121 221 223 217 
249 253 
925 926 
557 544 
99 101 94 103 88 110 
103 74 77 93 16 
398 255 
349 344 
335 343 
22 12 6 8 
855 792 
554 542 184 
985 987 1016 
1008 1015 1016 
41 9 11 48 
65 69 57 58 62 
561 559 
59 63 64 
56 72 32 
657 658 659 559 656 
1 2 17 
552 520 521 589 590 591 576 595 596 597 531 542 256 
300 308 288 
196 199 184 
673 681 672 
156 157 190 
436 428 
866 880 848 872 
658 656 
9 18 23 16 
572 571 652 
109 111 208 209 84 86 87 62 
514 512 
548 527 
449 446 447 
858 843 845 799 
252 248 
292 288 
570 559 
433 252 
429 432 
803 502 440 
441 414 
988 1007 992 
693 694 695 698 688 
868 872 861 862 863 848 
156 159 
229 224 
131 136 143 207 208 144 125 126 127 
604 636 605 575 624 
571 572 655 
885 886 888 969 880 
135 137 143 207 208 152 153 125 126 128 
62 72 
341 286 335 349 
212 215 219 125 126 
732 733 720 
87 89 79 92 111 80 
772 765 
151 216 217 218 219 125 126 159 
524 556 
180 173 172 
395 220 
193 189 192 
301 335 
588 575 
621 782 607 608 
268 92 95 
391 426 395 255 224 
182 153 156 61 160 
635 604 636 590 575 624 
780 781 783 784 
474 476 477 382 464 
497 499 448 
503 480 
425 426 424 
104 105 62 79 80 
779 606 
634 575 576 
560 524 550 520 
604 585 587 636 576 
875 848 
730 732 720 
472 397 399 400 401 403 405 471 408 473 477 382 351 384 
162 127 207 208 155 156 125 126 159 
698 692 693 695 
642 640 
377 380 352 
265 111 95 112 
10 13 
860 880 872 
346 347 286 335 
575 594 590 631 
456 473 471 409 410 477 382 414 
138 143 144 207 208 125 126 127 128 
243 248 250 235 255 224 
395 397 224 
845 792 
260 253 
144 121 127 143 223 207 208 
9 12 6 8 
209 67 207 62 143 144 
905 764 
119 112 
658 574 
219 125 211 215 186 155 156 157 126 159 
745 732 735 736 
467 382 473 477 462 
27 22 6 23 25 43 16 
471 456 473 410 477 382 414 
913 885 918 967 968 919 912 
887 823 792 
235 244 
169 186 155 156 157 160 
456 473 462 409 410 477 382 414 
53 54 72 58 47 32 
143 208 209 144 213 118 158 127 
124 213 111 
633 605 
833 827 791 832 
9 10 7 31 
919 823 792 
982 988 983 895 
83 102 152 107 61 62 
116 265 125 110 95 
546 547 520 521 524 589 590 591 595 596 597 256 
890 799 800 
499 502 
554 526 527 544 
472 395 396 397 400 401 405 471 408 473 477 382 351 384 
94 102 103 88 108 110 
914 915 917 918 919 890 
384 368 470 471 375 473 477 382 351 376 
736 744 
277 310 393 222 303 271 
142 143 207 145 208 146 125 126 127 
80 88 111 92 79 96 
329 338 
386 382 351 384 
490 382 479 480 
468 473 474 477 382 
742 727 761 730 733 751 736 
57 40 56 
507 508 
529 172 173 
9 14 12 6 
65 73 69 63 
785 786 851 853 792 793 863 512 
549 544 
8 25 26 28 30 31 16 
306 307 309 304 302 272 
209 213 118 158 127 144 
174 240 245 190 153 218 219 125 126 152 
794 784 
379 381 376 
736 751 752 
177 165 150 153 139 156 
361 365 
967 968 903 905 906 913 885 917 919 918 
837 807 840 822 824 825 799 800 
308 317 
822 791 826 827 828 832 
548 520 521 184 542 
1019 1021 
722 648 
412 413 319 
750 735 
741 647 640 
1000 985 988 1007 992 
790 798 
955 952 
418 466 467 468 382 473 474 477 414 416 
821 832 791 816 
73 138 63 
796 797 792 
603 543 552 
796 931 765 797 935 938 823 795 924 925 926 
787 428 399 
993 996 989 992 
546 547 522 523 524 589 590 591 595 596 597 256 
692 661 693 695 686 687 
21 23 
857 850 859 848 
45 47 
248 234 235 252 237 255 224 
377 390 368 471 375 473 477 382 351 384 
827 837 791 832 
181 182 170 173 160 
707 703 
178 168 153 156 61 160 
790 784 
820 639 
643 811 639 648 
761 727 759 
684 669 
793 791 
151 153 61 143 160 
452 438 432 
314 308 
486 475 477 382 351 384 
289 286 288 
393 220 232 
553 521 524 589 590 591 576 595 596 597 256 
480 493 487 511 
678 582 559 656 663 669 574 575 
41 13 48 
576 543 552 
50 47 48 
109 126 103 
4 8 
966 903 905 970 906 976 977 978 913 918 893 894 895 896 
121 124 213 223 
965 902 967 903 913 917 885 918 
781 750 751 752 815 783 784 820 789 736 
658 574 559 656 
399 432 
10 11 13 
886 824 842 829 799 
1005 1007 
66 32 
633 627 630 
398 399 
796 791 832 
433 255 224 
723 726 727 
195 175 176 
881 879 880 
235 239 184 
719 720 
19 16 
419 424 266 267 269 271 432 401 304 309 255 224 
194 184 
921 916 
366 352 
187 155 
286 366 
50 51 52 21 32 
162 153 216 217 218 219 125 126 152 
589 191 
721 720 
145 211 148 215 121 221 223 
628 630 719 
529 175 176 
358 351 352 
124 228 111 
10 5 
212 208 
657 659 654 559 656 
883 885 848 880 
19 43 21 41 11 14 16 
382 390 473 457 477 462 
639 815 
412 413 414 
829 831 832 
389 390 376 382 384 
844 502 440 
185 155 188 191 
403 232 
311 312 314 300 288 
521 534 175 520 
978 981 983 984 893 894 895 896 
970 971 976 977 978 918 919 893 894 895 896 
787 438 447 446 
219 126 231 
138 59 
181 153 156 61 160 
785 786 784 
819 739 648 649 640 
531 520 
18 6 7 23 31 
468 474 476 477 382 464 
30 24 
224 424 425 428 255 432 
815 821 816 807 840 799 800 
666 656 
9 10 22 
27 29 24 
74 93 
841 858 843 846 799 
509 480 
574 559 654 
598 599 604 591 576 
814 910 
112 126 120 
210 212 213 118 
931 765 797 935 938 790 791 823 795 924 925 926 
1017 1018 1008 1007 1024 
922 923 
673 679 649 719 720 722 669 702 
433 224 255 432 
982 983 1014 992 1024 1007 976 
681 677 670 
525 175 
532 533 534 
111 86 79 80 
85 87 88 79 92 111 80 
20 21 7 23 31 
948 926 
304 306 275 307 277 278 279 280 317 
416 410 445 400 
842 799 800 
283 285 287 
197 175 176 
10 22 7 
122 115 118 112 
203 190 191 192 
747 735 
414 415 
2 19 21 23 25 27 
220 391 232 
938 910 911 
605 615 
418 459 463 382 473 474 477 414 416 
572 668 
521 198 527 520 
19 21 22 6 43 16 
405 376 412 413 463 
298 299 288 
106 16 
429 430 
747 732 735 736 
166 153 156 157 61 160 
83 102 
677 743 647 719 656 672 722 658 669 640 
406 376 
506 510 503 
51 21 42 44 46 32 
63 62 71 64 
305 302 
800 799 832 
9 12 8 
144 126 127 125 207 143 208 
142 209 210 145 126 154 219 125 158 127 
732 749 735 736 
777 819 809 780 781 640 
849 850 857 859 848 
716 702 703 
542 543 552 
172 173 182 
11 13 
780 781 750 751 752 815 783 784 820 789 736 
672 669 663 656 
571 572 668 
680 669 663 656 
319 472 
369 352 368 377 351 384 
931 765 935 938 791 823 793 795 924 925 926 
153 61 160 
736 750 814 751 752 
144 148 127 125 126 207 208 
94 88 104 105 108 110 
887 848 
228 223 
651 607 
888 829 846 847 848 
606 615 
483 493 486 480 
651 606 607 
650 644 647 640 
1011 1007 
21 14 23 
455 456 473 471 409 477 382 414 
817 820 822 823 792 825 
418 463 464 382 473 474 477 414 416 
932 933 
121 124 228 223 
188 191 199 
938 911 784 783 914 815 820 789 765 
433 224 428 255 432 
355 359 349 351 336 
1008 1024 
339 286 335 
355 351 
892 848 
546 547 591 528 595 596 597 531 256 
931 765 935 938 823 792 793 795 924 925 926 
930 928 
251 231 234 235 237 224 
10 11 43 
151 121 218 219 159 221 223 217 
483 464 
913 914 879 918 919 911 
899 893 
548 549 542 543 528 
98 79 80 
2 14 7 
351 358 359 352 335 336 
450 416 
410 463 464 382 473 474 477 414 
517 480 
18 23 
639 640 
1003 1006 1008 
459 460 461 462 467 414 473 410 477 382 415 
206 104 
490 380 477 382 479 384 
147 143 125 126 207 208 
427 430 
778 608 776 
641 611 636 590 624 604 606 575 
484 493 480 
41 10 11 43 
124 112 
933 928 
572 574 559 
414 439 416 
778 780 621 607 608 
185 186 188 160 
823 792 825 815 816 
565 559 
335 343 336 
464 376 
661 685 
131 136 207 208 143 144 121 223 127 
114 115 118 122 
577 581 584 576 656 663 669 574 575 672 
249 250 235 255 224 
561 562 
331 327 328 
271 272 
10 13 7 
562 563 
209 62 208 
36 21 32 
155 188 191 236 
787 784 
196 219 125 214 254 186 155 156 157 126 159 
341 335 336 
915 910 911 
755 756 710 718 716 717 702 
559 574 655 
404 399 
81 74 
720 740 732 735 736 
385 363 382 351 384 
908 910 911 913 914 917 918 919 890 
913 915 917 918 919 890 
51 21 44 46 32 
979 973 982 
640 808 
506 510 
321 319 
931 928 
9 10 13 
129 143 207 208 144 125 126 127 
594 604 591 576 
138 143 207 208 152 153 125 126 128 
574 662 
742 736 
227 229 224 
500 501 495 448 
823 824 842 829 799 
537 520 
256 597 264 
975 976 
94 88 106 108 110 
852 799 
13 46 
412 405 
698 686 695 688 
63 72 
60 32 
219 228 126 223 
329 301 327 
913 886 919 918 912 
964 926 
61 150 143 160 
468 380 475 476 477 382 384 
801 850 504 791 776 777 778 
416 419 414 424 
101 107 108 110 84 86 87 62 
851 872 871 848 
191 184 
851 869 871 872 848 
797 440 
196 184 185 121 218 219 221 223 217 
707 734 717 685 719 720 687 688 691 701 670 703 
18 24 25 26 28 16 
480 511 495 
938 939 941 952 
160 181 167 170 176 
330 327 
409 459 460 461 382 473 474 477 414 415 
597 598 256 
522 175 
241 218 
889 799 800 
879 967 
670 718 717 734 719 720 
859 851 848 
645 606 
235 239 245 184 185 218 219 125 126 
351 365 359 
851 854 512 863 848 
235 245 
868 869 861 874 790 855 791 857 797 863 512 
825 826 
533 526 527 
918 920 
746 732 735 736 
645 604 636 590 575 624 
204 185 214 184 121 218 219 221 223 217 
544 550 552 
467 468 473 474 477 382 
161 155 143 125 126 207 208 
17 19 4 
1 9 
937 938 941 940 765 942 
181 155 156 157 190 
755 756 710 717 718 704 
306 275 307 279 
853 792 
122 110 
52 133 127 128 
817 823 792 825 814 816 
524 568 
252 222 
335 359 365 351 336 
410 461 464 382 473 474 477 414 415 
21 6 7 23 22 31 16 
39 133 127 
504 856 
745 736 
602 542 543 
962 995 994 989 992 
769 765 766 767 
4 43 41 10 11 
154 143 125 126 207 208 
670 671 
733 720 
921 923 
341 343 328 347 349 
67 71 152 
195 190 192 
969 879 
622 575 
972 976 
66 62 63 64 
540 175 
419 424 269 304 401 273 432 309 255 224 
275 276 277 
968 970 971 925 926 976 977 978 928 893 894 895 896 
955 950 
578 575 
957 951 
418 465 466 382 468 473 474 477 414 416 
42 11 44 46 
443 428 445 399 416 
26 27 20 24 
38 39 40 42 32 
18 19 24 9 16 
970 971 972 
937 939 
1 2 12 
467 468 471 473 477 382 
104 265 109 112 115 116 118 122 95 
743 736 
546 550 526 527 544 
434 252 
20 24 25 26 28 16 
116 110 
929 928 
17 2 
576 575 584 
542 543 544 
57 47 55 
331 286 334 335 
153 150 
985 895 984 
309 302 303 304 
178 179 181 160 
914 915 886 919 918 
455 462 368 467 375 376 473 477 382 351 384 
99 102 104 105 80 83 152 61 62 
456 462 405 412 473 380 477 382 414 384 
660 574 559 656 
419 424 304 401 432 309 255 224 
329 335 286 327 
889 823 792 
2 5 7 8 
410 403 414 
351 355 359 335 336 
18 19 23 8 9 16 
218 219 221 245 
67 59 63 
806 799 791 
802 790 776 777 778 448 
17 21 22 16 
736 742 735 751 
18 19 7 23 9 31 16 
1 2 12 7 
1000 989 1007 992 
706 685 687 656 691 693 661 663 701 703 
594 595 631 575 591 
897 848 872 
184 239 592 
633 605 576 632 
556 589 590 591 576 524 526 595 596 597 256 
555 557 526 527 544 
362 357 
482 486 475 477 382 351 384 
519 480 
764 768 
141 142 144 145 213 149 215 118 217 127 
234 188 184 
773 768 
989 996 957 992 
488 477 507 380 509 382 479 384 
25 26 27 22 
879 824 842 829 799 
678 672 
861 862 863 
413 414 
404 255 224 
731 727 
669 699 685 688 
81 74 29 78 
137 61 142 160 
455 473 474 459 460 477 382 
841 792 
57 56 
419 324 424 432 405 311 312 255 224 
124 125 
380 492 477 382 384 
241 219 125 126 
609 622 624 626 627 632 605 576 
942 936 
522 520 
817 639 
135 136 143 207 145 208 146 125 126 127 
835 836 831 
641 607 
613 607 
884 879 
184 543 239 
57 37 16 
423 428 434 436 441 442 443 416 
881 848 
729 720 
840 823 792 
358 359 360 349 352 
269 271 272 
617 604 636 590 575 624 
642 638 
913 917 918 919 904 890 907 
303 279 272 
393 426 395 302 303 304 307 276 309 277 255 224 
220 222 224 
829 879 824 
469 474 475 476 477 382 
89 94 88 
778 780 
332 349 333 
448 502 496 
9 12 14 
665 571 572 
28 24 
186 219 238 125 218 155 156 157 126 159 
466 473 474 477 382 464 
19 43 21 41 11 28 32 
764 773 
481 482 489 380 477 382 479 384 
829 854 848 888 
273 125 270 271 272 
707 670 717 719 720 687 688 691 701 734 703 
822 823 792 825 826 
801 797 798 
219 125 215 183 217 186 155 156 157 126 159 
810 780 781 750 751 752 783 784 820 736 
153 156 157 190 61 160 
28 29 
9 6 7 31 
524 526 
770 768 
74 83 
1007 1016 
92 77 
539 526 527 
104 105 74 93 62 79 80 
419 424 232 432 304 402 403 405 309 310 255 224 
59 70 63 
776 778 843 784 851 792 793 863 512 
649 648 
436 428 399 
507 493 480 
26 37 
820 821 822 823 792 825 826 
297 288 
759 760 
70 63 
805 799 
679 680 663 669 656 
939 942 
935 807 938 815 816 821 826 920 922 765 
910 912 
463 464 473 474 477 382 415 416 
384 464 368 471 375 473 477 382 351 376 
1006 973 982 1024 
464 466 471 414 473 410 477 382 415 
266 267 125 272 
860 880 870 872 
219 251 125 126 
862 870 863 848 
170 171 172 
913 915 918 886 919 
218 151 121 154 219 159 221 223 127 217 
887 824 842 829 799 
442 414 416 
202 190 192 
735 767 752 
708 710 716 702 
33 16 
443 452 
834 840 824 799 800 
412 405 319 408 
28 21 
706 699 688 
196 184 216 217 218 219 125 126 185 
531 528 
744 742 647 640 
612 613 619 606 608 
106 102 79 
10 4 13 
102 104 105 79 80 83 152 61 62 
570 528 560 
761 727 751 752 
428 399 424 
956 926 
508 493 480 
419 424 394 267 266 302 432 402 405 255 224 
287 288 
475 478 
566 568 
17 28 24 16 
38 39 9 42 11 46 
439 443 428 399 416 
660 663 682 669 671 672 
445 416 
242 245 
683 726 670 
836 823 792 
19 43 21 11 28 32 
172 176 
51 47 32 
9 41 11 43 16 18 19 22 23 
104 105 74 79 80 83 152 61 62 
33 32 
668 661 574 
361 362 
620 604 636 590 575 624 
334 327 
130 131 135 136 207 208 143 144 121 223 127 
450 414 416 
25 26 30 
275 310 393 222 303 271 
935 807 938 815 913 785 915 786 789 821 826 765 
153 162 156 
228 219 125 126 223 
605 576 615 632 
319 325 317 320 
219 231 
626 628 630 648 624 
26 27 24 
934 927 926 
314 315 
686 687 688 
513 514 512 
985 988 1007 992 
105 79 80 
246 599 
867 862 856 
764 774 
44 46 40 32 
222 391 
215 151 121 155 221 223 217 
382 414 456 473 477 462 415 
494 448 
205 176 
426 427 
845 846 
978 895 901 972 879 
886 968 925 926 928 
691 692 661 693 695 687 
843 783 784 851 792 793 863 512 
175 535 
89 79 92 111 80 
349 336 344 
447 427 428 446 399 
393 426 395 302 271 272 307 252 
148 213 118 215 217 127 144 
193 153 156 61 160 
579 543 552 
756 727 
137 143 207 208 144 125 126 127 128 
211 196 184 
238 191 
935 807 938 815 788 789 821 826 920 922 765 
57 55 
258 253 
895 891 972 974 879 
160 172 181 176 
222 224 
477 382 479 480 
497 445 501 496 
448 499 501 504 
244 246 236 
658 574 656 
162 127 200 219 214 254 155 156 125 126 159 
472 401 402 403 405 471 408 473 477 382 351 384 
499 445 501 504 
596 239 184 
732 735 743 736 
181 182 170 171 172 160 
825 826 827 824 
37 72 32 
765 943 
563 559 
323 319 
433 430 432 
41 39 48 
458 414 
354 358 359 352 349 351 336 
604 596 591 576 
540 526 527 536 
852 799 800 
601 607 
243 236 
61 158 
619 621 
209 144 213 118 158 127 208 
184 542 552 
215 151 217 219 155 125 126 
456 462 368 406 375 376 473 477 382 351 384 
644 638 639 
765 935 807 938 815 816 786 915 916 789 788 790 821 797 
24 25 26 28 16 
791 800 
531 526 527 
129 207 208 143 144 213 118 127 
64 32 
797 790 
106 104 
250 220 222 
222 262 220 230 
961 928 
25 26 20 24 
384 366 351 352 
381 376 
777 809 778 811 780 639 
225 218 214 216 
781 784 785 531 532 533 851 853 792 793 603 605 543 544 863 608 617 512 
762 716 702 704 
13 8 
146 47 
437 440 442 443 446 
993 1007 985 987 988 895 992 
821 816 807 840 799 800 
938 765 902 903 
134 104 127 143 128 207 144 
785 783 
595 636 576 575 624 
84 87 79 92 111 80 
498 448 
511 512 
377 371 352 368 
520 553 521 589 590 591 576 595 596 597 256 
477 494 495 500 405 380 439 413 412 509 382 479 384 
82 29 30 26 
402 399 405 412 397 319 
765 775 
209 183 155 188 62 207 
141 142 145 211 148 215 121 154 221 223 127 
722 649 717 718 719 720 
209 68 62 
923 924 
673 670 
547 552 530 595 596 597 531 542 256 
460 376 
75 30 
329 341 
769 765 
850 502 440 
1023 1007 
472 399 400 401 403 405 471 408 473 477 382 351 384 
9 42 11 44 46 
646 776 778 606 608 
125 110 
17 19 6 7 31 
904 807 767 938 813 911 
571 572 653 
746 720 
765 806 935 807 938 815 789 790 821 920 826 922 797 
377 390 
583 636 575 584 
472 396 397 399 400 401 405 471 408 473 477 382 351 384 
220 391 
19 43 21 11 14 16 
307 393 222 302 271 272 
208 209 125 126 127 156 157 158 159 
848 888 
890 886 
440 502 496 
625 622 624 
524 589 590 591 576 558 526 595 596 597 575 256 
17 19 6 22 43 16 
51 21 45 47 32 
758 760 718 716 717 702 
448 501 502 504 
84 87 
288 286 295 296 
604 605 
882 900 885 880 
548 550 544 
599 592 604 591 576 
822 791 827 828 830 832 
551 191 190 239 192 
502 504 
827 796 798 791 
22 31 23 
85 86 87 
607 623 
908 909 910 911 
515 511 480 
411 413 
20 22 25 26 27 
95 272 
140 207 208 143 144 121 127 223 128 
82 83 29 24 
924 927 
700 693 694 695 
807 912 
29 16 
19 23 8 31 16 
252 253 263 
435 436 
805 792 
323 286 
565 568 
51 47 
397 224 
108 79 80 
649 640 647 648 
467 468 471 473 477 382 351 384 
588 576 
1013 982 983 992 1024 1007 976 
26 30 29 78 
603 604 576 
545 528 
977 978 896 893 894 895 976 
419 444 416 
915 916 886 919 918 921 
1000 989 957 1007 992 
69 104 105 77 79 80 
691 692 661 693 695 698 
267 125 270 272 
885 965 886 967 
303 112 
43 14 6 8 
598 599 603 604 576 
485 380 477 382 479 384 
389 375 384 377 382 351 368 
135 136 144 145 213 149 215 118 217 127 
297 286 288 
252 430 
629 607 
551 204 190 191 192 
325 319 
132 207 208 143 144 213 118 127 
710 758 760 717 718 704 
319 376 
901 885 886 888 880 
482 480 484 488 
212 125 126 208 
255 248 235 252 239 224 
659 574 
170 181 165 160 
629 636 605 575 624 
237 239 
342 288 
823 840 824 799 800 
436 441 442 443 430 431 416 
220 310 232 
17 19 43 22 11 16 
903 905 906 913 917 918 919 890 
427 444 
1 12 7 
5 8 
433 436 441 442 443 416 432 
133 143 144 207 208 125 126 127 128 
561 564 537 528 558 559 560 
942 943 
370 286 311 312 
450 428 445 399 416 
7 8 
443 451 
460 461 462 467 414 473 410 477 382 415 
121 122 126 
127 209 210 125 126 219 156 157 158 159 
224 425 428 255 432 
411 405 376 
223 208 
17 4 24 
41 43 9 10 11 
113 79 80 
266 427 267 269 271 432 304 402 435 403 309 255 224 
3 11 
652 574 559 656 
504 776 841 778 784 850 792 793 
2 11 7 10 
110 92 94 112 
25 26 28 30 16 
882 848 880 
467 468 471 473 380 477 382 384 
913 914 911 918 919 906 879 
245 240 
90 91 88 
457 380 390 
204 190 
542 543 600 
710 758 760 718 716 717 702 
102 77 83 87 88 89 91 94 
53 54 
155 151 121 218 219 221 223 217 
293 288 
732 741 736 
948 928 
426 395 397 302 271 272 307 252 
970 971 968 
90 88 79 91 92 111 80 
305 123 
934 926 
661 663 713 685 656 
845 783 784 851 792 793 863 512 
1011 1013 1014 1008 
543 544 
1020 1008 1022 1007 1024 
518 776 841 778 784 854 792 793 862 
250 248 234 235 237 255 224 
461 462 368 467 406 375 376 473 477 382 351 384 
252 253 256 
500 508 
569 572 
515 518 
177 160 181 175 176 
713 672 
94 88 109 110 111 
191 239 
384 463 368 406 471 375 473 477 382 351 376 
32 47 40 
177 166 152 153 139 160 
83 102 79 80 
440 448 
180 175 176 
938 941 943 
690 661 663 656 
378 455 
709 702 
301 286 288 
351 472 379 368 469 375 408 475 412 477 382 479 384 
945 765 
129 131 140 141 142 143 207 208 152 153 125 126 128 
831 840 
418 439 416 
633 606 
135 136 209 210 145 126 154 219 125 158 127 
154 127 
380 368 
898 893 
874 875 863 512 
546 524 560 520 
194 189 192 
114 265 111 110 95 
842 829 799 
121 115 118 
259 126 219 125 222 224 
289 288 
676 660 
17 22 
368 376 
681 684 672 
598 599 636 603 604 575 624 
170 167 
428 430 
274 125 270 271 272 
17 6 22 9 43 12 
1 2 14 7 
771 765 767 
586 575 584 
656 663 704 
953 949 950 
843 845 
248 250 235 255 224 
842 843 792 
2 14 7 10 
609 607 
117 112 
9 31 
82 29 78 24 
395 262 
724 732 
9 11 7 31 
494 445 501 496 
226 208 
733 736 
884 880 879 848 
877 878 879 
673 740 742 647 718 656 672 658 724 669 640 
579 581 584 576 559 656 663 669 574 575 672 
777 778 780 621 607 608 
897 898 867 874 848 856 857 864 
844 799 791 
21 22 
19 43 11 32 16 
169 160 
574 662 656 
776 778 621 607 608 
445 414 416 
977 1020 973 982 
657 661 663 668 574 
573 560 528 
735 727 761 750 751 752 
801 792 
777 778 843 780 784 851 792 793 863 512 
619 613 
1010 982 983 1024 976 
19 24 8 25 26 31 16 
402 403 405 412 319 
523 556 589 590 591 576 524 526 595 596 597 256 
420 400 
173 175 
716 702 712 
2 27 18 
427 436 423 441 442 443 416 
741 638 
17 19 7 31 
452 453 776 
546 548 549 542 543 528 
538 175 
430 255 224 
286 342 288 
826 807 
676 670 
914 910 911 
182 175 176 
867 863 
738 724 735 
637 605 
827 836 791 832 
422 255 224 
638 647 
12 7 
957 952 
44 39 
436 430 
830 831 832 
205 190 
25 27 22 23 
306 302 326 
409 460 461 464 382 473 474 477 414 415 
493 519 480 
49 47 
372 319 
857 853 791 861 
98 99 94 88 110 
20 21 14 
244 184 185 218 219 125 126 
257 255 224 
526 520 
52 45 
479 480 
653 574 
388 368 375 377 476 477 382 351 384 
517 493 480 
702 672 
122 123 
178 164 168 153 156 61 160 
297 288 296 
633 626 628 630 
863 856 
260 237 239 242 244 253 255 224 
47 53 55 
175 527 
218 251 219 
1 24 
859 860 848 
561 564 537 558 559 528 
425 399 
524 548 560 520 
348 294 295 315 300 320 
861 856 
9 10 11 13 
246 248 250 235 255 224 
571 572 664 
938 941 765 942 
19 43 41 11 32 16 
82 83 74 29 78 
601 256 
886 888 
17 19 6 22 43 12 16 
787 446 447 
137 207 208 143 144 213 118 127 128 
940 936 
807 938 909 910 911 783 784 815 789 821 765 
19 21 23 8 31 
917 823 792 
941 942 
333 344 
586 670 
301 288 
429 428 421 399 
661 696 
853 799 791 
738 742 647 640 
965 885 967 886 888 880 
1 10 7 
17 19 6 43 14 16 
657 574 663 656 
17 19 43 41 11 14 16 
43 21 32 
545 526 527 544 
611 591 
40 42 44 46 32 
941 942 911 910 
918 919 
619 608 
616 843 780 781 512 784 851 598 599 792 793 863 608 
59 68 63 
125 267 269 271 272 
594 604 590 576 
245 264 249 253 254 
144 213 149 215 150 217 118 127 
480 493 512 
902 967 968 903 913 885 917 919 918 
92 93 
1010 1011 1013 1008 
804 438 446 
917 886 
104 105 77 79 80 152 61 62 
611 606 
935 942 911 910 
726 727 
736 908 735 732 
970 971 906 909 976 977 978 913 918 924 893 894 895 896 
446 432 
1023 1024 
17 19 6 7 31 16 
100 118 265 122 95 112 
916 910 911 
10 6 7 
472 412 405 376 
954 949 950 
831 823 792 
801 866 868 861 874 790 791 857 797 863 512 
177 172 173 
284 285 288 
703 711 
88 111 92 270 79 80 
163 159 
302 310 303 
14 12 6 8 
210 212 219 125 126 
748 736 
36 29 24 
481 482 480 
7 16 18 19 24 25 26 31 
22 6 9 43 31 
480 511 512 
274 275 279 123 271 
628 725 630 
684 672 
851 868 848 872 
967 968 880 885 886 919 888 917 
575 636 605 623 624 
823 824 791 827 792 832 
781 783 784 
563 564 537 528 559 560 
878 879 848 
274 269 270 271 
472 405 471 408 473 477 382 351 384 
857 859 853 791 
480 512 
843 782 783 784 531 532 533 851 792 793 603 605 543 544 863 608 617 512 
337 332 333 
804 446 
669 702 679 
26 29 78 24 
1001 926 927 
20 29 
26 28 30 16 
417 319 
879 965 886 919 
236 188 184 
66 60 62 
347 286 
99 104 105 77 62 80 
630 726 663 669 670 671 672 
236 238 239 
736 763 732 735 752 
1 3 5 8 11 
384 368 406 471 472 473 375 477 382 351 376 
233 223 
17 19 7 31 16 
144 209 210 126 219 125 158 127 
470 473 474 477 382 464 
72 64 
652 574 656 
569 570 
753 760 
610 594 589 590 591 256 
579 581 584 576 656 663 669 574 575 672 
386 382 352 
907 910 911 913 917 918 919 890 
161 156 153 
791 799 800 
16 56 
191 599 
134 143 144 207 208 125 126 127 128 
160 133 135 61 128 
45 40 
1002 1003 1006 1007 
256 592 
826 910 
167 136 139 143 207 145 208 125 126 
368 375 376 473 474 477 382 351 384 
297 288 286 296 
273 269 270 271 
765 935 938 815 914 915 788 789 786 790 820 797 
21 22 16 
153 143 125 126 207 208 
12 6 7 
427 446 
361 362 365 351 
18 23 7 31 
797 798 832 
594 597 590 256 
233 219 125 126 223 
130 170 167 
386 382 
121 218 219 221 223 217 
1014 1008 
463 464 382 473 474 477 414 415 
262 255 224 
94 88 106 107 108 110 
97 110 92 94 
749 736 
446 438 440 
1004 979 980 981 982 983 984 895 
300 288 315 348 320 
478 479 475 477 382 351 384 
162 143 207 208 155 156 125 126 159 
851 853 790 792 793 797 863 512 
187 159 
883 885 879 
453 776 
737 639 
890 823 792 
878 879 
763 732 765 774 
326 400 
267 269 271 
746 742 647 640 
210 124 111 120 
147 64 
147 61 
946 954 949 950 
382 456 473 410 477 462 414 
118 126 
243 555 190 191 192 
819 810 780 781 640 783 784 
42 44 46 
125 232 
333 344 328 
42 40 39 32 
240 214 215 208 
705 702 703 
218 214 238 216 
241 218 219 125 126 
12 13 6 8 
17 19 43 22 41 11 16 
191 598 247 
281 283 280 
858 448 496 
104 152 105 62 61 
633 630 
313 420 302 304 
998 934 895 987 988 925 926 959 
589 239 184 
245 248 251 252 238 255 224 
4 22 
807 842 813 799 816 824 829 831 
471 473 380 477 382 384 
412 319 408 
136 139 171 209 210 145 126 219 125 158 
160 61 168 
468 471 474 476 477 382 
367 335 
669 672 
531 532 533 
513 480 
193 175 176 
716 703 
134 143 207 208 147 125 126 128 
82 76 78 30 
987 1016 
302 392 
41 43 23 9 11 16 32 
807 904 938 911 783 784 815 789 821 765 
546 547 589 590 591 527 525 595 596 597 531 256 
351 363 367 384 
4 12 
49 57 55 40 
905 970 971 906 976 977 978 913 918 924 893 894 895 896 
77 80 
779 781 
686 696 
246 240 
377 376 352 368 
994 926 927 
20 21 6 7 23 31 16 
857 856 
727 720 
539 541 
184 591 239 
162 127 143 207 208 155 156 125 126 159 
514 493 495 480 
276 277 
824 842 829 799 888 
252 264 
1007 976 1012 982 983 1014 1024 992 
441 442 443 445 416 
577 575 
62 71 152 
501 502 504 
530 175 
17 24 
913 918 919 879 912 
283 284 285 288 
714 702 703 
58 54 
712 685 687 688 672 691 701 703 704 
215 151 217 219 125 126 159 
10 14 7 
345 286 288 
398 255 224 
237 247 
547 552 520 521 589 590 591 595 596 597 531 542 256 
377 378 352 368 
971 972 
390 456 462 406 376 473 477 382 384 
913 917 918 919 890 909 910 
545 524 560 520 
835 827 791 832 
43 40 32 
930 830 
773 765 767 
20 43 21 11 32 16 
927 926 959 
167 136 139 145 211 148 215 121 221 223 
133 39 128 
671 672 
472 368 468 476 408 375 379 412 477 382 351 384 
261 253 
559 655 
36 29 
982 1024 973 1005 1007 992 
1017 1015 1008 
626 627 628 630 632 633 605 576 
260 253 252 
698 693 695 
418 414 416 
494 440 
219 221 223 
472 400 401 402 403 405 471 408 473 477 382 351 384 
674 675 670 
105 107 62 79 80 
418 464 466 382 473 474 477 414 416 
553 524 560 520 
555 557 544 
80 79 120 
817 823 792 825 816 
698 693 694 695 
340 286 335 
846 847 
796 931 805 797 935 765 938 823 924 925 926 799 
306 307 302 
956 949 950 
118 215 216 217 150 153 223 
575 604 596 631 
884 888 
725 720 
921 924 886 919 
160 136 137 61 128 
384 380 477 382 479 480 
81 24 74 29 78 
1017 1018 
913 917 918 919 890 912 
25 26 24 
322 406 319 
17 19 6 12 14 16 
209 144 126 125 158 127 208 
162 127 219 206 210 155 156 125 126 159 
796 799 
748 735 751 
834 826 823 792 
451 446 
561 558 
788 789 784 
711 712 685 687 656 691 693 661 663 701 703 
37 56 
836 799 800 
993 996 989 957 992 
729 720 724 728 
482 489 380 477 382 479 384 
707 740 742 647 718 656 672 658 724 669 640 
765 767 904 938 813 814 911 
40 57 41 48 47 16 
356 359 360 352 335 336 
427 267 269 271 432 304 402 435 403 309 255 224 
811 780 781 750 751 752 815 783 784 820 789 736 
963 952 
516 512 
403 404 421 
20 43 21 41 11 32 16 
501 495 
61 47 
191 240 
18 20 21 23 9 16 
52 47 
748 749 751 727 761 730 733 735 
210 125 126 208 
317 302 304 
806 784 
469 473 474 477 382 464 
685 688 
1001 998 
626 623 604 636 590 575 624 
110 79 80 
137 138 143 207 208 152 153 125 126 128 
103 107 108 109 62 
846 799 800 
331 333 
473 463 464 382 409 474 477 414 
423 424 
379 412 319 
580 582 575 
417 418 439 416 
247 248 250 235 255 224 
19 6 43 16 32 
252 255 
610 598 599 256 
780 781 782 
145 143 125 126 207 208 
953 946 949 950 
1015 1016 
993 962 995 973 980 985 954 989 992 
9 10 14 
518 776 841 778 784 854 792 793 862 863 512 
1013 1014 1008 
1011 982 983 992 1024 1007 976 
838 840 824 799 800 
901 972 885 879 
217 218 216 
293 286 288 
614 592 604 591 576 
329 327 
927 926 951 
380 388 
319 320 
201 155 188 191 
59 144 
560 566 559 568 
217 214 215 
502 445 501 496 
1015 1017 1008 1007 1024 
469 470 473 474 477 382 
273 279 123 269 270 
371 348 
375 368 
216 217 218 219 125 126 
137 139 61 160 
236 245 184 185 218 219 125 126 
428 447 
298 299 295 288 
526 528 
244 239 184 
798 797 806 
869 871 872 862 863 848 
797 791 
903 906 938 783 784 815 820 789 765 
641 606 
234 244 218 
581 670 
449 414 416 
243 239 184 
862 863 
104 137 127 143 128 207 144 
227 219 125 126 223 
714 703 
197 190 192 
988 895 984 
22 6 23 43 16 32 
134 207 208 143 144 121 127 223 128 
206 208 125 210 186 155 156 157 126 159 
258 235 242 256 
530 526 527 
9 18 14 
761 751 736 
635 605 
491 477 382 351 384 
220 310 
471 455 473 459 460 477 382 
112 94 88 
188 239 184 
442 443 446 
575 595 596 631 
618 781 
442 443 428 445 399 416 
155 188 183 
19 43 12 32 16 
82 29 78 
242 212 597 184 249 239 208 
251 250 235 255 224 
272 112 
299 288 
849 854 791 790 795 797 863 512 
6 7 23 31 16 
705 698 688 
838 840 
2 19 23 25 27 16 
643 640 
290 286 288 
660 574 656 
596 636 604 590 575 624 
791 825 826 827 832 
418 465 466 468 439 473 474 477 382 416 
45 40 32 
778 810 811 780 639 
94 110 88 112 
831 832 
806 791 
136 139 171 145 211 148 215 121 221 223 
736 748 735 732 752 
454 376 
559 574 671 656 
13 6 
835 838 
521 520 
531 520 184 521 542 
338 335 336 
94 112 
667 574 559 656 
650 640 
537 570 528 560 
635 606 
604 591 576 
930 910 
194 190 192 
347 300 288 
309 302 304 
885 984 
742 647 717 718 751 640 
380 476 477 382 384 
224 427 444 255 432 
662 656 
674 734 
720 735 728 
57 58 59 63 
162 127 215 217 219 156 125 126 159 
107 79 80 
44 46 
7 9 16 18 20 21 23 31 
788 789 
42 11 46 39 
470 471 414 473 410 477 382 415 
348 343 336 
36 16 
598 615 604 591 576 
10 8 
547 552 529 530 595 596 597 531 532 542 256 
540 541 526 527 
68 63 
2 27 22 26 
927 928 
226 219 126 223 
717 719 720 
441 442 443 428 445 399 416 
39 40 41 42 43 47 16 57 
561 564 528 559 560 
721 723 
564 560 
1 2 7 31 
443 436 441 426 427 442 416 
291 293 286 288 
218 238 216 
456 410 464 473 474 477 382 414 
471 474 476 477 382 
879 967 919 
454 462 368 467 375 376 473 477 382 351 384 
137 130 61 160 
115 118 126 
315 316 
246 184 
6 7 8 
380 375 
203 191 
762 704 
987 983 895 
425 426 
10 4 6 7 
538 175 536 
106 107 62 
444 446 
192 198 190 
564 560 559 528 
476 477 382 351 384 
698 695 
1 18 
692 693 695 698 688 
788 789 809 811 639 
838 839 791 827 832 
330 331 
369 380 377 
395 397 222 
151 121 218 219 159 221 223 127 217 
561 564 537 528 559 560 
852 799 791 
17 19 4 16 
732 735 751 736 
121 124 223 232 
2 7 8 
23 16 
621 607 640 
737 638 639 
884 848 872 
798 832 
765 773 
286 350 288 
610 594 590 591 256 
129 207 208 143 144 121 223 127 
941 943 
555 191 190 239 192 
622 575 584 
800 824 799 840 
303 272 
863 871 872 857 862 856 848 
1 2 7 10 
18 19 43 22 23 11 16 
587 604 631 576 
571 572 656 
314 300 288 312 
337 331 286 335 
183 184 
50 39 48 
935 807 938 815 816 915 916 789 788 821 765 
821 822 823 792 825 826 
750 742 647 640 
533 534 
835 840 824 799 800 
980 973 
755 756 716 717 718 704 
337 286 335 
189 175 
426 259 255 224 
219 125 126 231 
166 160 
546 547 523 589 590 591 525 527 595 596 597 531 256 
594 604 589 590 591 576 
474 475 477 382 479 464 
525 527 
302 304 306 275 307 277 278 279 280 317 
313 308 
691 686 695 688 
908 735 
148 149 150 215 121 221 223 217 
108 109 110 208 209 84 86 87 62 
388 380 476 477 382 384 
794 791 832 
790 797 789 806 
155 151 
33 22 31 
862 863 512 
90 91 87 88 
755 756 
435 436 441 442 443 416 
2 4 
556 544 
266 123 267 279 
926 951 
330 301 
348 286 
178 164 168 155 156 157 190 
419 392 424 266 267 302 432 402 405 255 224 
224 255 423 432 
313 314 315 302 
821 822 791 825 826 832 
827 798 
933 886 
482 483 485 488 480 
804 799 
953 950 
850 448 496 
849 846 847 792 
857 859 848 856 
177 176 
1023 1008 
14 8 
879 966 919 
989 1007 992 
6 7 16 18 19 24 25 26 31 
196 190 
966 970 976 977 978 918 919 893 894 895 896 
532 175 
857 504 
615 607 616 
627 630 632 633 605 576 
791 824 827 792 832 
603 542 543 
847 829 848 888 
213 125 126 
675 670 
822 807 
27 29 22 
639 744 
324 325 319 
701 703 
249 235 
381 319 
346 350 335 
750 751 752 815 783 784 820 789 736 
930 932 
504 501 856 
609 604 636 590 575 624 
634 587 604 576 
10 22 
62 71 64 
19 7 23 31 16 
33 21 32 
434 428 
876 860 877 878 880 
783 784 851 853 792 793 863 512 
1010 1015 1017 1008 1007 1024 
493 511 480 
38 39 57 42 47 16 
612 592 604 591 576 
9 10 8 
90 92 
19 21 
826 904 
459 376 
277 271 
41 43 40 32 
578 581 584 576 559 656 663 669 574 575 672 
196 198 184 234 188 
177 160 181 176 
356 358 351 352 
235 246 
19 21 14 16 
236 191 
404 421 
907 764 
242 261 234 237 222 
555 236 190 191 192 
254 264 
857 861 
388 455 457 462 473 476 477 382 
852 856 
167 175 
18 19 23 9 16 
694 663 656 
348 375 
647 728 748 717 718 735 640 
789 782 
473 457 474 459 477 382 
426 252 398 
401 405 326 412 319 400 
218 219 253 126 
136 137 143 207 208 152 153 125 126 128 
574 654 
547 552 528 595 596 597 531 542 256 
227 223 
594 595 584 636 590 575 624 
299 286 288 
897 888 
538 535 
659 660 656 
112 118 120 
946 939 938 941 
22 25 26 27 28 16 
162 127 219 238 218 155 156 125 126 159 
140 207 208 143 144 213 118 127 128 
208 125 211 215 186 155 156 157 126 159 
1 4 
94 79 80 
770 772 765 
473 474 477 382 464 
466 467 471 414 473 410 477 382 415 
487 488 477 507 380 509 382 479 384 
221 223 
989 957 1007 992 
252 422 398 
830 807 816 
28 29 16 
34 29 24 
731 720 
338 286 335 
252 423 
849 851 859 848 
319 311 
794 788 784 
544 552 
47 40 
722 678 663 649 669 719 672 
30 74 76 93 78 
218 242 
139 167 
559 574 567 656 
574 655 
657 663 574 559 656 
10 31 
564 565 
825 807 
931 765 935 938 823 793 794 795 924 925 926 
763 765 774 759 
274 275 279 123 
730 644 647 640 
475 477 382 479 
524 566 
165 181 167 170 160 
132 207 208 143 144 121 223 127 
26 27 30 
385 363 382 384 
283 285 288 
179 181 182 160 
844 445 501 504 
1003 1006 1007 
148 149 150 215 217 219 125 126 
657 659 656 
635 607 
146 61 
170 165 
926 927 928 
786 788 784 
827 829 791 832 
162 152 121 218 219 221 153 223 217 
329 338 286 335 
722 677 679 649 669 702 719 
332 286 
947 765 
59 60 63 
104 105 77 62 79 80 
677 672 
33 29 31 32 
938 765 935 936 
457 471 455 473 477 382 
144 213 118 127 143 207 208 
834 838 791 827 832 
827 832 791 792 
21 64 32 
898 867 872 874 848 862 863 864 
121 122 118 112 
550 552 542 543 528 
819 822 807 791 832 816 
807 840 842 813 816 824 829 799 
409 410 
715 688 
954 950 
699 669 686 687 688 
844 504 
979 980 981 982 983 984 1016 895 
2 22 25 26 27 
177 178 179 181 160 
768 944 
162 207 208 155 156 125 126 159 
1 2 27 
949 942 
556 576 
408 411 405 376 
10 4 5 
1021 1023 
118 215 152 217 150 216 223 
779 646 608 
188 191 236 
329 340 
305 114 112 
58 62 
665 656 
527 591 593 530 531 596 597 542 256 
538 526 527 
372 324 319 
551 236 190 191 192 
132 61 134 160 
479 475 477 382 351 384 
1019 1008 
985 983 976 
332 333 351 
146 207 143 125 126 127 208 
142 144 145 213 149 215 118 217 127 
767 938 909 814 911 
271 112 
434 430 432 
349 336 343 344 
547 579 
18 27 24 
186 219 125 183 216 217 218 155 156 157 126 159 
727 761 747 748 735 751 
242 263 264 235 256 
868 872 857 861 856 848 
335 332 327 328 
871 872 862 863 848 
749 750 751 752 727 761 730 733 735 
729 724 
186 188 160 
1 33 
379 406 319 
100 118 
905 938 903 767 
772 768 
936 938 941 940 765 
917 879 
33 24 29 31 32 
778 843 780 784 851 792 793 863 512 
593 239 184 
564 537 528 559 560 
955 949 950 
139 140 141 142 143 207 208 152 153 125 126 128 
776 809 778 811 639 
18 19 7 24 9 31 16 
393 426 395 267 266 302 307 255 224 
132 143 207 208 144 125 126 127 
9 11 8 
555 204 190 191 192 
977 978 981 983 984 893 894 895 896 
250 251 255 224 
998 1007 
