1024 2570 0
2 10 
1 10 
7 8 



3 8 
3 7 


12 

14 17 21 
13 17 


14 
46 
18 

13 
21 


28 34 40 41 
18 19 28 29 30 35 36 43 44 45 46 
32 33 38 39 
25 26 29 35 36 43 44 45 
26 28 30 35 36 43 44 45 46 
18 26 29 46 
37 65 
27 38 
27 34 39 
25 40 
26 28 29 36 42 44 45 
26 28 29 35 43 44 45 
31 
27 32 
27 33 
25 
25 
28 35 
26 28 29 35 36 44 45 
26 28 29 35 36 43 45 
26 28 29 35 36 43 44 
18 29 30 
55 61 62 63 64 65 
31 37 47 64 65 
50 57 58 
49 51 58 59 
50 52 59 

54 
53 
47 61 

49 

50 52 

47 55 
47 63 
47 62 
47 48 

67 
66 
73 

75 

67 

70 75 
70 74 
71 79 91 
81 
87 88 
71 91 

77 82 

84 

86 
87 
78 85 86 
78 
90 
91 
76 79 90 
93 97 98 103 104 105 106 107 
92 94 97 98 104 105 106 
92 93 107 108 109 


92 93 98 103 
92 93 97 103 
110 



92 98 
92 93 105 106 
92 93 104 106 
92 93 104 105 
92 94 
94 109 
94 
99 
116 117 122 123 
113 114 118 
112 114 115 118 119 
112 113 115 119 
113 114 119 120 127 
111 117 
116 122 123 
112 113 
114 115 
115 121 127 128 
120 127 128 
117 123 
111 117 122 
125 
124 

120 121 
120 121 
111 112 113 114 115 116 117 118 122 123 124 125 130 131 132 133 134 135 136 137 138 139 140 142 143 152 153 
111 116 117 129 132 
129 
129 130 
129 138 
129 



129 133 
140 141 144 145 146 147 148 154 
139 141 147 149 150 151 
139 140 149 

134 153 
139 145 146 
139 144 148 
139 144 145 148 
139 140 141 149 150 
145 146 
139 140 141 147 150 
140 147 149 




161 

158 164 166 167 
157 164 167 168 
160 
159 
155 


157 165 
157 164 
158 164 165 
157 168 
158 167 

175 176 
173 174 180 181 

171 174 180 
171 173 181 
170 176 


179 
178 
171 173 
171 174 

184 185 186 187 188 193 195 196 
183 189 190 191 
183 186 192 195 
183 187 
183 186 188 193 
183 187 193 
184 190 
189 

183 185 196 
183 186 187 188 
184 191 
183 192 196 
183 192 195 
198 202 203 213 214 215 
197 202 203 214 215 
221 
229 
209 210 211 212 213 
197 203 214 215 
197 198 202 204 216 217 
203 216 217 
206 207 218 219 220 
205 207 218 219 220 
205 219 220 
200 
201 210 
201 209 211 
201 210 212 
201 210 211 213 
197 201 212 
197 202 215 
197 198 
203 204 217 
203 204 216 
205 206 219 
205 206 207 218 220 
205 206 207 219 
199 
224 228 235 236 
225 
222 228 229 236 
223 232 
227 

222 224 229 236 
200 208 224 228 

230 
225 



222 224 228 
238 239 241 247 248 249 
239 251 
237 241 250 
237 248 
237 239 249 



244 246 

237 240 248 
237 240 247 
237 239 241 
237 239 
238 
254 265 
257 258 263 
252 264 265 
260 267 268 269 
276 
253 258 259 263 
253 257 259 
257 258 263 
255 267 268 
269 
270 271 
253 257 258 
254 265 
254 264 
267 
260 266 268 
255 260 267 
255 261 
261 262 

273 274 275 278 279 280 281 282 283 284 301 
272 274 278 279 280 295 
272 278 279 
272 
256 287 288 

272 273 274 279 280 
272 273 274 278 280 
273 279 
272 282 283 
272 281 283 
272 281 282 
272 

285 
276 
276 
291 293 296 
292 294 298 
289 296 
290 294 
289 297 
290 
277 
291 
293 


301 302 303 304 306 308 309 314 315 316 317 318 319 320 321 
289 291 300 302 306 309 321 322 
300 301 303 304 306 309 318 319 320 321 
300 302 304 307 308 310 311 312 313 314 315 
300 302 303 306 308 317 

300 301 302 304 319 
303 310 311 312 
300 303 304 313 314 315 316 317 
300 302 322 
303 307 311 
303 307 310 312 313 
307 311 313 314 
303 308 311 312 314 315 
300 303 308 312 313 315 316 
300 303 308 313 314 317 
300 308 314 315 317 
300 304 308 315 316 
300 302 
300 302 304 306 
300 
301 302 
301 

328 



324 
330 
329 331 
329 330 
338 347 
327 337 342 343 344 345 
333 335 337 342 343 344 350 
334 336 339 340 
335 339 340 348 
333 334 341 342 343 344 
332 347 
335 336 348 
335 336 341 349 
334 337 340 342 349 
333 334 337 343 344 
333 334 337 342 344 
333 334 337 342 343 
333 334 350 

332 
335 
340 341 
333 334 345 
352 361 375 
351 361 
355 
356 362 363 364 365 
353 356 
354 355 362 363 364 
366 
359 370 
358 370 

351 352 
354 356 363 364 365 
354 356 362 364 365 
354 356 363 365 
354 363 364 
357 368 
366 
366 367 

358 359 
373 374 377 378 379 382 383 384 
352 375 385 386 387 
371 376 382 383 
371 377 378 384 
385 386 387 
373 
371 374 378 
371 377 384 
371 


371 373 383 
371 382 
371 378 
372 375 386 387 
372 375 385 
372 375 385 386 
389 390 394 395 405 
388 390 405 
388 389 


399 400 
388 404 
388 390 
391 392 
398 
397 
393 400 
393 399 
402 
401 
404 
394 403 
388 
407 410 427 441 
406 408 414 415 

411 412 420 
406 413 
409 420 
409 411 420 421 
406 410 
406 407 
407 408 
408 417 
408 


409 411 412 
412 
406 410 425 426 430 438 439 440 441 
424 428 431 432 433 442 450 
423 429 433 434 

422 425 
422 439 440 441 
423 432 450 
424 434 435 
422 425 438 
432 
423 428 431 
423 424 
424 429 435 
429 434 437 
437 
436 
422 430 
422 427 
439 
422 427 
423 444 445 449 450 457 458 459 
446 452 453 
442 445 458 459 
442 444 457 458 459 
443 452 453 
448 454 455 456 
447 455 456 
442 444 
428 431 432 442 

443 446 453 
446 
447 455 456 
447 448 454 456 
447 448 454 455 
442 444 445 458 
442 444 457 459 
442 444 445 
462 468 469 471 
460 462 470 472 
461 472 


463 
467 


460 468 
460 471 
461 470 
461 462 

475 476 477 478 479 480 481 486 487 490 504 505 
474 476 
474 475 477 478 480 
474 476 504 505 
474 475 476 480 
474 
474 475 476 478 


484 


475 476 477 478 480 487 490 504 505 
486 489 494 502 
491 492 495 
487 494 500 501 502 
486 504 505 
488 519 
488 495 519 
488 
487 489 502 
488 492 
497 498 
496 498 499 
496 499 
496 497 498 

487 489 500 
487 489 

486 490 505 
486 490 504 
507 508 509 512 513 514 523 
506 508 510 511 515 516 
506 507 515 516 
506 512 513 
511 
507 
506 509 513 
506 512 
506 
507 508 
508 




522 523 527 528 529 
528 
521 530 



521 522 
521 522 
521 

532 533 534 535 536 537 538 539 540 542 543 544 545 546 547 548 550 554 556 557 558 567 568 
531 533 535 536 537 538 540 543 545 546 547 550 
531 536 537 538 540 
524 525 531 539 541 
531 532 
531 532 533 537 538 
531 532 533 536 538 548 
531 533 536 537 548 
524 525 531 534 541 
531 532 533 546 547 
524 534 539 
531 535 
531 532 544 545 
531 532 543 545 
531 532 543 544 
531 532 540 547 
532 540 546 
531 537 538 

535 556 558 566 567 568 


554 555 563 564 
553 555 556 565 
553 554 556 565 
550 554 555 
550 558 566 567 
550 557 567 568 

561 


553 
553 565 
553 554 555 564 
550 556 557 
550 557 558 
550 558 567 
575 580 
600 
578 

569 574 575 580 
569 573 575 580 
569 573 574 
570 
571 572 
571 

569 573 574 

531 532 533 569 570 571 572 573 576 577 583 584 585 586 587 588 589 590 591 592 593 594 595 596 597 598 599 600 601 602 603 604 605 606 607 608 609 611 612 614 615 616 617 618 619 620 622 625 632 639 657 698 
582 587 588 
570 582 592 600 
582 590 595 
582 591 
582 583 593 594 
582 583 594 

582 585 595 
582 586 597 
582 584 599 
582 587 
582 583 587 588 


582 591 596 
582 584 592 599 
582 584 592 598 
582 584 
604 605 607 610 611 625 632 638 
603 606 608 616 617 618 619 620 
602 608 620 
601 605 607 610 638 
601 604 611 612 613 
602 603 617 618 619 
601 604 610 
602 609 620 
603 608 
601 604 607 638 
601 
605 613 
605 612 


602 606 617 
602 606 616 
602 606 619 
602 606 618 
602 603 608 619 
626 656 
624 628 635 
622 628 634 
622 629 636 
632 637 
621 656 
623 628 
622 623 633 634 635 
624 630 636 
631 

625 637 
627 
622 627 628 
622 628 
624 629 
632 
632 
621 640 650 651 652 653 654 657 
639 650 651 
642 644 647 649 
641 644 645 649 
665 
641 647 648 649 

639 654 655 
641 644 
644 647 
641 642 644 
651 652 653 
639 640 650 652 653 
639 650 651 653 
639 650 651 652 
639 646 


643 658 659 660 663 664 665 671 672 673 
657 659 660 663 664 665 671 672 673 
657 658 660 663 664 671 672 673 
643 657 658 659 663 664 665 673 
666 667 668 

657 658 659 660 664 672 673 
657 658 659 660 663 671 672 673 
643 657 658 660 
661 
661 666 668 
661 667 

669 
657 658 659 663 664 672 673 
657 658 659 663 664 671 673 
657 658 659 660 663 664 671 672 

676 678 679 682 683 
675 677 679 683 
676 678 
675 676 677 679 
676 677 678 
681 693 694 695 
680 693 694 695 696 697 
675 
675 676 
685 686 
684 686 687 
684 685 687 
685 686 688 
687 689 




680 681 694 695 
680 693 695 
680 681 693 694 696 
681 695 

675 700 701 702 703 704 705 706 707 709 710 711 712 713 
698 700 705 710 711 
698 704 705 711 712 
698 702 707 713 
698 701 707 713 
698 708 
698 699 700 710 711 
698 699 700 712 
698 707 
698 701 702 713 
703 
698 
698 704 
698 699 700 704 
698 700 705 
698 701 702 707 

720 721 722 
714 

719 
718 
715 721 
722 
715 721 

727 728 732 733 734 
726 729 
729 
724 730 732 
724 735 
725 726 
727 


724 


729 
731 746 747 

743 



739 
745 

737 747 
737 746 


751 771 
750 771 
750 754 
755 
752 755 
753 754 


757 
757 758 


770 777 
767 773 774 
765 768 775 
764 768 769 775 776 
784 
763 772 


762 777 
751 

763 767 
763 
764 776 
765 769 775 
762 770 
779 783 786 787 
778 783 785 
792 

811 812 
778 779 786 
788 790 
779 
783 
778 788 
784 787 
784 790 

782 792 795 808 809 810 811 812 
780 782 791 811 
797 
802 
791 808 809 810 
793 797 
793 

800 


794 803 


806 
805 

795 807 
791 795 808 810 
791 795 809 
791 792 812 
791 792 811 
815 820 821 

813 820 

816 
822 

815 


824 825 826 827 829 830 834 
823 830 835 836 
823 833 
823 827 829 

831 832 
823 826 827 
823 824 
828 

825 
823 
824 836 
824 
852 856 868 
843 
840 844 845 846 
839 845 846 
842 

844 845 
839 843 845 
839 840 843 844 846 
839 840 845 



837 851 852 856 858 859 860 861 862 863 866 867 
850 854 855 859 860 865 866 
837 850 856 862 867 868 
857 864 
853 864 
851 865 
850 852 862 863 867 868 

850 851 859 860 866 
850 851 858 860 866 
850 851 858 866 

850 852 863 867 
850 852 856 862 867 
853 854 

850 851 858 859 860 
850 852 856 862 863 
863 
877 885 898 
875 878 879 880 881 
869 877 

874 

870 876 879 880 
870 875 880 
869 871 
870 875 879 880 
870 878 880 
870 875 876 878 879 
870 876 882 

886 887 888 892 893 911 
890 891 
869 871 884 898 
883 888 893 
883 886 888 892 893 
883 886 887 889 

884 891 
890 
883 886 887 893 
883 886 887 892 

896 

884 
885 
883 900 901 902 903 908 909 910 911 916 917 
899 901 908 
899 900 902 908 
899 900 901 917 

914 915 
906 
905 

899 900 901 
899 903 
899 903 911 918 
899 910 918 
913 

904 
904 914 
899 902 917 
899 902 
911 
925 
921 922 927 
920 922 927 
920 921 927 
912 
946 


922 

924 946 
933 934 940 
937 
937 938 943 944 
934 940 
930 933 940 

931 941 942 
931 932 943 
932 943 944 
945 
930 933 934 
936 

932 937 938 944 
932 943 
929 939 
924 929 939 
953 954 970 
949 958 
948 959 961 
951 955 957 958 
950 955 956 957 

947 954 
947 953 
950 951 956 957 
950 951 955 957 
950 951 955 956 
948 950 
949 
961 
949 960 
952 
964 965 966 969 976 977 978 979 980 
969 970 
963 975 
963 969 978 979 980 


963 964 966 980 
964 

967 973 974 
967 
972 973 
965 
968 977 
976 
963 966 979 
963 966 978 980 
963 966 979 

985 


982 989 990 991 992 
971 982 993 



985 991 992 
985 990 992 
985 990 

995 997 998 1005 1006 
994 1004 
1005 


1000 1007 
999 1007 
1000 1002 
1001 


994 996 
994 998 
1000 
1015 1016 1022 
1012 1013 1020 
1008 1022 
1003 1018 1024 
1009 1013 1020 
1009 1012 1020 

1008 1016 
1008 1015 
1015 1016 
1011 1024 

1009 1012 1013 
1014 
1008 1010 1023 

1011 1018 
