2048 3537 0
3 4 12 20 21 
5 13 
1 12 19 
1 8 
2 13 
10 17 27 28 29 30 31 
11 37 
4 
15 
6 17 27 28 30 
7 36 37 
1 3 19 20 
2 5 
24 
9 
26 
6 10 30 31 
35 
12 
1 



14 

16 
6 10 28 29 
6 10 27 29 
6 10 27 28 
6 10 17 29 
6 17 
33 
32 


11 
7 11 

40 48 49 50 65 66 68 69 70 
39 49 50 67 68 69 70 
42 43 45 54 55 77 


42 46 56 57 
41 54 
44 56 57 58 

39 64 
39 40 69 70 
39 40 
71 72 
53 74 
52 
41 45 
41 
44 46 57 
44 46 56 
46 


62 
61 
64 
48 63 
39 66 
65 
39 40 
39 40 67 
39 40 
39 40 49 69 
51 72 
51 71 

52 
76 86 87 
75 87 
79 103 

77 92 102 
81 88 100 
80 
81 
84 
83 
96 
75 
75 76 
80 100 
90 91 
89 91 101 
89 90 101 
93 102 
79 92 
95 
94 
85 



80 88 
90 91 
79 92 
77 
111 112 127 
104 111 112 
119 120 121 
108 
107 

122 123 
104 105 112 127 
104 111 



117 


106 120 
106 119 121 
106 119 120 
110 
110 
125 
124 

104 111 
114 

137 149 150 
142 
136 
136 


132 133 
130 151 
134 


140 
131 
132 
146 
144 
144 


130 
130 
137 

154 159 162 163 164 180 181 182 
153 159 162 163 164 180 181 182 
158 160 167 173 174 
157 166 172 
156 166 172 
155 160 167 174 
153 154 
155 158 168 174 

153 154 163 
153 154 162 181 
153 154 171 
183 184 
156 157 172 
155 158 173 174 
160 

178 
164 
156 157 166 
155 158 167 
155 158 160 167 

177 
176 
170 179 
178 
153 154 
153 154 163 
153 154 
165 
165 

187 189 190 193 200 201 202 
186 189 190 193 200 201 202 203 
191 206 207 208 
186 187 201 
187 189 200 201 
188 194 207 208 209 
211 
187 203 204 
209 

197 
196 


186 187 189 190 201 
186 187 189 190 200 
187 
187 193 204 



188 191 
188 191 
191 194 
192 
192 

214 
213 

226 
218 221 222 227 239 240 241 
217 221 222 239 240 241 
224 233 252 
236 
217 218 222 239 240 
217 218 221 240 241 
224 232 250 251 
219 223 252 
234 254 
216 
242 243 
229 
228 
245 246 
249 
223 250 251 
219 
225 253 
256 
220 
238 
237 
217 218 221 
217 218 221 222 241 
217 222 240 
227 
244 

230 246 247 
230 247 
245 248 

231 
223 232 
223 232 
219 224 
234 
255 
254 
235 
260 279 280 
263 264 273 274 
270 271 277 278 
257 


258 264 274 
258 
266 

268 
267 

277 
259 

258 274 
258 263 273 


259 270 
259 
257 
257 

283 288 291 297 309 
282 291 306 307 
285 294 295 302 
284 286 296 302 
285 296 303 304 
283 
297 309 

292 293 301 
282 283 308 
290 293 
290 292 301 
301 
284 
285 286 303 
282 



290 293 294 
285 
286 296 
286 

283 287 

291 
282 288 


313 337 
312 314 337 
313 323 
326 338 

328 


321 
320 331 
333 334 



315 




321 

334 
333 
336 
335 
312 313 
326 
340 341 
339 341 
339 340 

344 345 347 353 371 377 400 401 
343 355 356 361 362 363 
343 347 353 377 401 
357 
343 345 
365 366 
368 
351 369 


343 345 
360 
344 356 361 
344 355 361 362 
346 
359 370 
358 370 
354 
344 355 356 
344 356 
344 

348 366 
348 

349 
350 351 
358 359 
345 353 374 385 386 398 399 400 401 
381 382 387 
375 376 379 380 393 394 
371 385 397 
373 376 379 380 393 394 

353 371 399 400 401 
389 
373 375 380 393 394 
373 375 379 393 394 
372 387 

391 
392 
371 374 
371 398 
372 381 
372 382 
378 

383 
384 
373 375 379 380 394 
373 375 379 380 393 


374 
371 386 
371 400 
371 377 399 
371 377 
405 413 
415 416 
421 441 
402 
424 
403 414 415 427 
431 432 
410 435 436 
409 418 436 
412 423 
411 423 
402 
407 427 
403 407 416 
403 415 
428 
410 419 437 
418 437 438 439 
404 421 
404 420 
442 
411 412 


425 
407 414 
417 


408 432 
408 431 
434 
433 
409 
409 410 
410 418 419 438 
419 437 439 
419 438 


422 


446 447 449 450 451 452 458 459 461 462 480 481 489 503 504 505 
445 453 464 466 
445 452 

445 450 458 
445 449 458 
445 461 462 
445 447 
446 454 467 468 469 
453 470 471 


473 
445 449 450 
445 460 
445 459 
445 451 
445 451 

446 
446 466 
446 465 
453 
453 469 
453 468 
471 
454 470 
457 473 


448 
482 492 493 

479 485 486 496 
478 496 497 498 
481 489 
480 489 
476 
484 494 
483 
478 486 
485 

500 
480 481 


493 
476 492 


478 479 497 
479 496 
479 
488 
488 





508 535 

506 533 534 


575 577 

531 532 

514 




521 
520 
523 
522 


525 
528 
527 


513 532 
513 531 
508 534 
533 
506 
537 539 546 547 563 
536 
557 558 559 560 
536 563 
541 543 549 550 567 
540 550 551 567 568 569 
555 592 
540 549 566 
511 575 577 
562 
536 537 
536 
564 
540 543 566 
540 541 567 568 
541 570 571 572 

574 

542 

538 558 
538 557 
538 
538 559 

545 
536 539 
548 565 
564 
540 543 549 
540 541 550 568 
541 550 567 569 
568 
551 571 572 
551 570 572 
551 570 571 

553 
544 576 577 
544 575 577 
544 575 576 
580 586 597 
583 590 591 604 605 
586 597 
587 
602 
579 592 
595 

578 580 597 
581 
581 589 
588 
579 591 603 604 605 
590 604 605 
555 583 593 
555 



578 580 586 


599 

582 
590 
579 590 591 605 
579 590 591 604 
607 609 614 615 616 627 628 629 630 631 632 644 
606 613 614 624 625 
639 640 
606 615 629 
635 
610 637 

607 623 
606 607 625 626 
606 609 
606 631 632 
633 


621 
620 

607 613 

607 614 626 
614 625 
606 
606 
606 630 
606 629 631 
606 616 630 632 
616 631 
617 

610 
610 
611 
611 

608 641 
618 640 


647 650 651 660 661 670 671 672 673 674 675 
646 656 666 667 
645 648 657 668 
644 649 658 659 
646 657 669 
647 658 
644 661 673 
644 675 


664 

667 
646 648 
647 649 
647 
644 670 
644 650 673 


654 


645 
646 
648 
644 
644 672 
644 671 
644 650 661 
644 
644 651 


688 689 
680 681 683 693 694 
679 681 683 
679 680 

679 680 693 
695 
699 


678 
678 
691 
690 

679 683 
679 
684 

698 
697 699 
685 698 

702 704 705 709 710 711 712 715 716 717 724 725 726 738 742 743 748 749 768 769 770 771 
701 
714 722 723 736 
701 705 718 730 
701 704 718 
707 721 733 734 
706 708 
707 
701 715 749 771 
701 711 725 
701 710 725 726 
701 716 717 727 728 729 
719 720 732 
703 722 723 736 
701 709 771 
701 712 717 727 728 
701 712 716 727 728 
704 705 730 
713 720 732 
713 719 
706 
714 
703 714 736 
701 
701 710 711 
701 711 
712 716 717 728 
712 716 717 727 

704 718 

713 719 
706 
706 
734 
703 714 

742 753 754 766 767 
758 
741 744 787 
740 744 745 756 
738 753 765 
748 749 768 769 770 
740 741 787 
741 756 
747 
746 757 
743 749 769 770 
715 743 748 771 

760 

738 742 
738 755 

745 
747 
739 
760 
751 
762 
761 763 
762 764 
763 

738 753 

743 
743 748 770 
743 748 769 

781 802 
789 

780 797 798 799 800 
782 783 784 785 

779 

775 
772 782 
776 781 
776 784 785 
776 783 785 786 
776 783 784 786 
784 803 

789 
773 788 


793 
792 


780 
775 798 
775 797 
775 800 
775 799 

772 
786 
803 


814 815 825 851 875 
813 

811 817 
810 817 
818 827 
778 808 
807 815 825 
807 814 825 

810 811 
812 827 

821 
820 
824 
822 824 
822 823 
807 814 815 

812 818 
829 
828 

819 

834 
833 


838 

844 852 853 854 909 910 911 
846 857 858 859 
843 850 871 872 
863 


855 
840 857 858 
865 
867 868 


874 875 
839 
839 
839 
845 856 
855 
840 846 858 
840 846 857 
840 
861 


842 

847 866 
865 
848 

849 
869 
841 
843 


851 
879 887 

898 
886 904 


897 
878 898 
885 900 901 
884 
879 
876 879 

890 
889 892 
890 892 905 
890 891 905 

941 
877 
882 

878 883 
900 901 
884 899 901 
884 899 900 
884 

879 886 
891 892 906 


893 


910 
913 917 931 
912 917 918 928 929 930 
934 935 
921 937 
894 
912 913 918 930 
913 917 
932 933 

915 937 
923 924 
922 924 
922 923 


894 916 941 
913 929 
913 928 
913 917 918 
912 
919 

914 935 


915 


926 
894 916 927 
947 952 953 954 964 965 
944 948 956 
943 948 
958 
964 
942 966 
943 944 957 


961 962 
942 
942 964 
942 965 

943 
948 
945 
960 

951 


942 946 953 
942 954 
947 
973 990 991 
985 986 
970 988 

977 978 
975 
967 993 
980 
972 
998 
971 978 979 
971 977 979 
978 


981 

983 
968 
968 987 
986 
969 970 

967 991 
967 973 
967 973 993 
973 992 

996 


976 
1000 

1006 1023 1024 
1004 1012 1025 
1010 1011 1022 
1002 1012 1025 
1014 1032 

1033 
1019 1020 

1003 
1003 1022 
1002 1004 1025 1026 1027 
1029 1030 
1005 1015 1032 
1005 1014 1032 
1017 
1016 1018 
1017 
1008 
1019 
1009 
1003 1011 
1001 
1001 
1002 1004 1012 1026 
1012 1025 1027 
1012 1026 

1013 
1013 1031 
1030 
1005 1015 
1007 
1055 
1044 1045 1058 1059 

1052 1053 1054 
1046 1060 1061 
1048 
1050 
1042 
1041 1052 
1056 
1035 1058 
1035 
1038 1061 
1065 
1039 



1037 1042 
1037 1054 
1037 1053 
1034 
1043 

1035 1044 
1035 1045 

1038 1046 
1063 1064 
1064 
1062 1063 
1047 

1077 1078 
1073 1080 
1075 

1093 1094 

1068 1079 
1075 
1074 
1069 
1067 1078 
1067 1077 
1068 1073 1080 
1068 1079 
1082 
1081 


1086 
1085 
1070 

1090 

1092 
1091 

1071 1093 
1068 1073 1117 1129 1130 
1098 1105 1107 1113 1122 1123 1124 
1110 1119 
1096 1113 1123 1124 1125 
1108 1114 
1099 1114 1128 
1109 1115 

1097 1104 1110 1120 1121 
1103 1110 1120 1121 
1096 1106 1112 
1105 
1096 1122 
1099 1100 1114 1128 
1101 1116 
1097 1103 1104 1120 
1112 1121 
1105 
1096 1098 1124 1125 
1099 1100 1108 1128 
1101 

1095 1129 

1097 
1103 1104 1110 
1103 1104 1111 
1096 1107 
1096 1098 
1096 1113 
1098 1113 1126 
1125 
1099 
1100 1108 1114 
1095 1117 1130 
1095 1129 
1145 
1102 1137 1157 1158 
1131 1145 
1139 
1148 1149 

1132 1158 

1134 
1146 
1153 
1154 


1131 1133 
1140 

1135 1149 
1135 1148 



1141 
1142 


1132 
1132 1137 
1131 1134 1138 1139 1143 1160 1161 1164 1165 1166 1179 1198 1199 1200 
1159 1164 1196 1197 

1173 1174 1185 1186 
1176 1177 1192 
1159 1160 1197 
1159 1166 1198 
1159 1165 1199 
1168 
1167 

1171 
1170 1181 
1182 1183 1184 
1162 1183 1184 1185 1186 
1162 1187 
1188 1189 
1163 1192 

1193 
1159 

1171 
1172 
1173 
1172 1173 1183 
1162 1173 1186 
1162 1185 
1174 
1175 

1189 

1163 1176 
1178 
1195 
1194 
1160 
1160 1164 
1159 
1159 1165 1166 
1159 
1216 1217 1225 1226 
1203 1223 
1202 1207 
1205 1212 

1228 
1202 1203 
1227 
1218 1229 1230 
1219 1231 

1204 

1215 
1214 
1201 1225 
1201 
1209 1229 1230 
1210 1231 

1222 
1221 
1202 
1211 
1201 1216 
1201 
1208 
1206 
1209 1218 1230 
1209 1218 1229 
1210 1219 
1233 1235 1239 1245 1260 
1232 1235 1261 1262 1263 
1243 1254 1255 
1233 1262 
1237 1241 1249 1250 1251 
1236 1241 1249 1250 1251 
1241 1252 
1232 
1248 
1236 1237 1238 1251 1252 
1253 

1257 


1248 
1247 
1236 1237 
1236 1237 
1236 1237 1241 1252 
1238 1241 1251 
1242 

1234 
1244 
1244 1256 1258 


1232 1239 

1233 1235 
1233 
1265 1267 1276 1291 
1264 1267 
1269 1280 1281 1295 1296 1297 
1264 1265 1275 1290 
1293 
1266 1280 1281 1294 1295 
1272 1298 1299 
1285 1286 
1270 1298 1299 
1300 
1287 1288 
1264 1265 1267 1291 


1279 
1278 
1266 1269 1281 1294 1295 
1266 1269 1280 1294 1295 
1266 1297 
1284 
1283 
1271 
1271 
1274 1288 1289 
1274 1287 1289 
1287 
1267 
1264 1265 1275 
1268 
1268 
1269 1280 1281 
1266 1269 1280 1281 
1266 
1266 1282 
1270 1299 
1298 
1273 
1273 
1301 
1304 1319 1328 1329 
1303 1310 1319 
1312 1320 1321 1332 
1314 
1315 1323 
1323 1324 1325 1326 


1329 
1305 1320 
1322 1335 1336 
1306 
1307 1323 
1327 


1303 1304 
1305 1312 
1305 1332 1333 
1313 1334 
1307 
1308 1325 
1308 1324 1326 
1308 1325 
1316 
1303 
1303 1311 
1331 
1330 
1305 1321 
1321 
1322 
1313 1336 
1313 
1338 1339 1340 1342 1343 1346 1347 1353 1369 1370 1371 1372 
1369 
1337 1342 1343 1347 1348 1349 1354 1372 1373 
1337 1338 1368 
1359 1360 1378 1379 
1337 1339 1343 1347 1348 1372 1373 
1337 1339 1342 1347 1348 1349 1354 1373 
1350 1351 1361 
1365 1366 
1337 1338 1369 
1337 1339 1342 1343 1348 1349 1373 
1337 1339 1342 1343 1347 1373 
1339 1343 1347 1354 1355 
1344 1351 
1344 1350 

1337 1370 
1339 1343 1349 1355 
1349 1354 
1374 1375 
1358 1376 
1376 
1341 1360 
1341 1359 
1344 

1352 
1365 1366 1367 
1345 1364 1366 1367 
1345 1364 1365 1367 
1364 1365 1366 
1340 
1337 1338 1346 
1337 1353 1371 
1337 1353 1370 
1337 1339 1342 
1339 1342 1343 1347 1348 
1356 1375 
1356 1374 
1357 1358 

1341 1379 
1341 1378 
1381 1383 1391 1397 1398 1399 
1380 1386 1395 1396 
1384 1388 
1380 

1393 1394 
1381 1396 




1380 

1394 

1381 


1380 1399 
1380 1398 

1387 
1409 1410 1417 1433 
1405 1412 1413 1422 
1405 1408 1414 1424 1425 
1403 1404 1423 
1418 
1419 
1404 1425 
1402 
1402 1417 1434 
1435 
1403 1413 1422 
1403 1412 1422 
1404 1424 
1416 1429 
1415 1429 
1402 1410 
1406 



1403 1412 1413 
1405 
1404 1414 
1404 1408 
1427 


1415 1416 

1432 
1431 

1410 
1411 
1437 1438 1439 1440 1446 1450 
1436 1438 1439 1440 1446 1450 1460 
1436 1437 1447 
1436 1437 1459 
1436 1437 1460 
1462 

1444 
1443 1445 1457 
1443 1444 1457 
1436 1437 
1438 1448 
1447 

1436 1437 


1454 
1453 


1443 1444 1445 

1439 
1437 1440 

1441 





1478 1479 

1468 1478 
1465 

1482 
1466 
1476 
1475 
1485 
1468 1470 
1468 

1464 
1473 


1477 
1487 
1486 




1493 1506 
1492 1506 
1509 


1498 
1497 
1513 1514 
1489 
1502 1503 
1501 1503 
1501 1502 


1492 1493 

1509 
1494 1508 

1512 
1511 
1499 
1499 

1515 
1519 1520 1523 1524 1528 1529 1530 1540 1541 
1521 1545 
1517 1520 1528 1529 1530 1540 1541 
1517 1519 1530 1540 1541 
1518 1546 1547 
1527 1536 1537 
1517 1524 1528 1529 1538 1539 
1517 1528 1529 1538 1539 


1522 1536 
1517 1519 1523 1524 1529 1538 1539 
1517 1519 1523 1524 1528 1530 
1517 1520 1529 1540 
1542 
1549 



1522 
1522 
1523 1524 1539 
1523 1524 1528 1538 
1517 1519 1520 1530 
1517 1520 
1531 

1545 
1518 1544 
1521 1547 
1521 1546 

1532 
1581 
1553 1554 1563 1564 1572 1573 1574 
1561 1562 1569 1570 
1551 1563 1564 
1572 1573 1574 1575 
1576 
1565 

1566 1567 


1552 
1552 1569 1570 
1551 1553 1564 
1551 1553 1563 
1556 
1558 1567 
1558 

1552 1562 
1552 1562 

1551 1554 1573 
1551 1554 1572 1574 
1551 1554 1573 
1554 
1555 1577 
1576 
1579 1581 1583 1584 1585 1586 1589 1590 1609 
1578 1584 1607 1608 
1582 1601 1602 1603 
1550 1578 1591 1592 1615 1616 
1580 1588 1601 1602 1603 1604 
1578 1586 1590 1610 1611 1612 
1578 1579 
1578 1609 
1578 1590 1610 1611 1612 


1578 
1578 1583 1586 1610 1611 1612 
1581 1592 1615 
1581 1591 1615 
1594 
1593 1595 
1594 

1598 
1597 1599 


1580 1582 1602 1603 
1580 1582 1601 1603 
1580 1582 1601 1602 
1580 1582 


1579 
1579 1584 
1578 1585 
1583 1586 1590 1611 
1583 1586 1590 1610 
1583 1586 1590 

1613 
1581 1591 

1620 1623 1624 1629 1638 1639 
1619 1621 1625 1642 
1618 1621 1625 
1617 
1618 1619 1625 
1627 
1617 1624 1630 
1617 1623 1630 
1618 1619 1621 

1622 
1636 
1617 
1623 1624 





1628 


1617 


1618 1619 1671 
1648 1649 1651 1661 
1652 1666 


1655 1656 
1643 
1643 1661 
1643 1651 1662 
1643 1650 1662 
1644 


1647 
1647 

1659 
1658 

1643 1649 
1650 1651 
1664 


1644 





1647 1655 1682 
1674 1676 1692 
1673 1676 1692 
1678 
1673 1674 1680 1693 
1696 
1675 
1687 
1676 1681 1693 1694 
1680 1693 1694 





1679 
1689 
1688 
1691 
1690 
1673 1674 
1676 1680 1681 1694 
1680 1681 1693 

1677 
1698 1699 1700 
1697 
1697 1698 1700 
1699 
1703 1707 1708 1709 1710 1717 1718 1719 

1701 1718 
1713 1714 1715 1732 
1716 1734 1735 

1708 1709 1717 
1701 1707 1709 1717 
1701 1707 1708 1717 
1701 
1724 
1727 1728 1729 1730 1731 
1704 1714 1732 
1704 1713 1715 1732 
1704 1714 1732 
1705 1734 
1701 1707 1708 1709 
1701 1703 
1701 

1720 


1711 
1702 

1712 1728 
1712 1727 
1712 1730 1731 
1729 1731 
1712 1729 1730 
1704 1713 1715 

1716 
1705 
1741 
1746 1764 1765 
1736 1741 1749 
1756 
1768 
1736 1738 1749 
1751 
1752 
1754 
1737 1746 1764 
1737 1745 1766 

1767 
1738 


1743 1753 
1752 
1744 
1739 1756 
1739 1755 


1760 
1759 
1762 
1761 

1737 1745 1765 
1737 1764 



1774 1786 
1775 1779 1780 
1781 1782 1783 1790 

1776 1777 1785 1794 
1769 1786 
1770 1780 1781 
1773 1777 1785 1793 1794 
1773 1776 1785 1794 
1770 
1770 1778 
1770 1775 
1771 1775 1790 
1783 
1771 1782 

1773 1776 1777 1793 
1769 1774 



1771 1781 


1776 1785 
1773 1776 1777 

1798 1802 1806 1807 1813 1814 1825 
1799 1800 1822 
1796 1815 1816 1817 
1797 1811 1822 
1801 1812 
1800 1812 1823 
1796 1806 1813 1814 

1805 1818 1830 
1804 1818 1819 1831 
1796 1802 1813 1824 
1796 1825 
1809 1810 1819 1832 
1808 
1808 1809 
1797 1799 1822 
1800 1801 
1796 1802 1806 
1796 
1798 1816 1817 
1798 1815 1817 
1798 1815 1816 
1804 1805 1831 
1805 1808 1831 1832 
1821 
1820 
1797 1799 1811 
1801 
1806 
1796 1807 



1803 
1804 
1805 1818 1819 
1808 1819 

1845 
1838 1851 1852 


1835 1851 1852 
1836 

1854 

1888 

1834 1846 
1845 
1848 1849 
1847 1849 
1848 

1835 1838 
1835 1838 
1837 
1841 



1859 1862 1868 1879 
1858 1869 1880 1881 
1861 1865 1867 1875 
1860 1865 
1858 1868 1879 
1873 
1874 
1861 1867 1875 

1860 1865 1875 
1858 1862 1879 
1859 1881 1882 

1872 1885 1886 
1871 1886 
1863 
1864 
1860 1865 1867 



1858 1862 1868 
1859 
1859 1869 1882 
1869 1881 1883 
1882 

1871 1886 
1871 1872 1885 

1843 
1907 1908 
1910 
1912 1913 
1897 1898 1914 
1915 
1904 
1909 
1911 
1892 1898 
1892 1897 1914 

1899 

1916 1917 1918 


1906 
1905 
1889 
1889 
1895 
1890 1896 
1896 
1891 
1891 
1892 1897 
1893 
1902 1917 1918 
1902 1916 1918 
1902 1916 1917 




1924 
1923 
1931 1935 1945 1963 
1928 1949 1950 1951 1952 
1929 1955 
1926 1949 1950 1951 
1927 1955 
1932 1941 
1925 1935 1936 1937 1945 1946 
1930 
1959 

1931 1946 
1931 1937 1938 
1931 1936 1938 
1936 1937 
1953 

1930 
1943 
1942 1957 
1933 1959 
1925 1931 1935 
1931 1935 1945 


1926 1928 1950 
1926 1949 
1926 1928 1952 

1939 

1927 1929 

1943 1958 
1957 
1933 1944 

1983 
1961 1967 1984 1985 
1967 1986 


1980 1981 
1962 1963 

1964 
1974 
1975 1976 


1970 
1971 
1971 
1971 1976 

1965 
1966 1981 
1966 1980 
1961 1983 
1961 1982 
1962 

1963 
2013 2014 
1999 
1997 2048 
1987 1996 2015 

2006 
1994 
1993 1995 
1993 1994 

1989 

1988 






1992 

2009 2010 2011 
2008 2010 
2008 2009 2011 
2010 


1987 
1990 
2017 2021 2037 
2016 2021 2022 2024 2038 
2040 
2025 2041 2042 

2016 2017 2022 2024 2038 
2017 2021 2024 2038 

2017 2021 2022 2038 
2019 2041 2042 
2027 2028 2029 2045 2046 
2026 2028 2029 2046 
2026 2027 2029 2030 2045 2046 
2026 2027 2028 
2028 2029 2047 
2032 
2031 



2016 
2016 
2017 2021 2022 2024 

2018 
2019 2025 2042 
2019 2025 2041 
2044 
2043 
2026 2027 2028 2046 
2026 2027 2028 2045 
2030 

