1024 2048 0
65 111 390 940 
40 101 424 639 
928 

326 537 611 
498 520 
292 614 
65 
381 545 836 
286 460 580 
1023 
992 
87 91 435 677 
478 1008 
137 911 
104 466 774 984 1023 
15 31 
147 
290 594 
387 472 498 
881 
485 712 863 1020 
28 209 306 751 
40 
413 530 
321 452 639 
187 1008 
327 
143 845 886 
25 73 
759 
364 414 688 722 999 
346 649 

371 
319 
205 475 
258 654 

500 
443 448 693 695 
62 
7 1000 
78 597 
114 
478 621 
447 704 874 

327 
806 
845 
219 782 
355 504 593 
236 811 
33 

43 130 416 866 
443 773 
1016 
668 937 1014 
540 
68 98 
820 941 
426 465 660 
436 825 
48 91 916 
337 808 

328 835 862 923 
914 
299 982 
221 573 723 
284 
277 348 442 

141 
563 1022 
140 147 765 

206 
5 201 657 751 872 
410 823 905 1004 



375 922 
440 906 
398 848 1007 
415 

478 
286 387 

65 864 
930 
492 693 971 

971 
564 844 895 
610 
48 99 776 
553 659 
219 663 690 767 

72 649 869 
363 431 
351 710 
506 
412 585 850 
509 
561 
57 224 475 761 
37 343 638 
1 576 817 940 
701 911 
81 545 
389 
190 210 271 972 


782 
436 754 910 962 
1016 

407 553 957 
798 
16 
366 514 
138 313 773 779 
28 981 
11 798 908 

230 
268 
110 267 
70 339 902 
363 1010 



436 897 

123 704 
457 873 898 
104 482 700 977 
73 476 
337 416 802 939 

329 409 
159 312 812 934 
129 299 827 
882 
195 
726 944 
752 
278 
353 

108 456 
172 628 
572 
396 
643 

290 492 952 
59 174 840 
601 
167 616 
170 199 300 305 849 864 936 
551 
208 485 665 703 
429 
205 965 

56 75 484 658 846 
243 546 721 
692 

159 229 278 505 753 848 

144 975 
913 
108 437 569 
11 
520 876 932 
467 621 
430 
847 850 965 
127 221 371 477 670 689 
421 787 825 964 1018 
251 447 687 917 
462 532 841 897 912 
956 1014 
293 762 852 962 
805 
933 
133 468 
571 727 767 
126 213 481 501 627 1003 
221 345 516 874 

524 
44 162 544 
193 681 793 912 
102 488 782 
161 304 425 476 
3 219 275 864 
813 
223 
142 481 752 

441 

880 1016 
194 250 417 595 
35 120 560 733 
636 798 
185 453 494 523 
89 615 
500 
212 293 
505 781 
216 
98 519 
633 878 

33 224 337 342 528 687 781 
657 
662 
508 530 867 
127 390 
427 583 886 

7 75 138 805 
849 985 
49 



331 971 986 
938 
523 891 
281 534 790 
915 
129 239 348 587 609 716 
356 378 
296 
43 209 481 720 814 917 
425 
883 
68 394 549 797 
141 
719 

32 118 1024 
128 511 565 827 
422 
583 642 1017 
613 777 
306 
210 360 
325 505 

243 
72 215 
235 301 811 
85 134 231 
732 846 
137 
982 
857 
584 618 675 795 866 
23 398 834 909 915 941 
888 894 
217 239 322 
79 217 550 608 
3 22 376 489 895 
684 
109 118 127 283 441 450 
21 132 780 844 

126 183 593 597 619 940 
497 780 

882 948 
183 668 671 
192 504 
645 
811 
247 398 445 641 734 
488 784 
177 394 425 
97 393 827 864 
4 175 573 828 844 

536 589 
785 
358 370 554 
498 928 
820 
1003 
255 399 
199 286 
246 264 700 831 
164 495 
210 
84 
869 
154 165 
208 584 791 
661 

697 
411 832 
166 
296 
34 201 
465 
617 
448 
972 
14 701 
51 387 445 957 

241 578 
55 64 476 875 
915 
825 935 
283 380 762 842 1010 
313 337 385 538 
517 
244 980 
631 634 796 
353 
281 307 
379 537 623 931 
496 
107 430 609 
411 690 824 897 

545 
129 
365 692 933 
40 58 241 370 970 
61 129 607 645 998 
66 332 348 916 
19 116 316 
606 

397 
656 861 
562 683 

453 
284 451 
44 66 143 
134 268 367 428 
661 1021 

315 874 
265 286 299 
193 
293 803 
406 
888 
323 990 
210 

185 309 370 593 749 
436 568 913 
547 739 964 
245 437 
395 836 

271 819 933 978 
746 
289 771 883 
144 416 446 649 718 
97 234 316 726 
2 478 
601 857 
25 145 566 
184 450 636 848 
851 931 
706 715 
975 

365 858 


345 661 793 
145 307 363 377 
372 392 455 
224 
566 756 
232 283 
350 685 
69 533 610 

5 106 
497 954 

499 576 799 
257 654 
555 699 1017 
185 345 725 

29 50 318 495 568 669 
504 
883 
4 181 
723 1005 
450 1015 
232 926 949 
293 854 1009 
430 597 
80 139 518 596 933 

343 883 

598 


51 618 
282 867 
639 
643 765 
206 766 852 860 
937 

127 177 336 625 
778 858 
274 
378 
214 
340 
70 503 512 579 588 815 929 
71 74 103 
578 989 
573 
425 877 982 

69 836 
934 
129 562 623 661 
225 
740 941 

68 499 588 
144 184 535 589 689 
444 714 829 
577 622 954 
937 
289 
786 941 960 
156 462 
789 
278 284 
638 864 
134 
222 272 
273 
872 994 


203 246 607 848 
994 
71 216 
540 

349 1021 
88 105 614 
140 277 312 463 639 782 
155 505 702 
230 447 745 
209 402 556 684 
682 

689 903 

115 

836 993 
946 
535 824 
692 
631 901 
721 824 1000 
315 725 866 
469 657 
997 
484 876 1021 
355 
619 675 824 
398 


124 464 538 998 
759 
206 
111 725 1016 
85 234 
200 
584 716 741 
729 817 
25 64 131 590 756 810 
151 293 408 536 
973 

741 812 
16 927 
105 572 632 707 
348 

543 
434 
670 
396 661 

622 
200 954 

480 571 742 
974 980 
632 
80 781 940 

415 834 
222 602 857 901 904 927 

53 198 532 886 
191 245 1015 
5 123 334 460 461 740 792 


4 
944 
655 761 
209 856 
188 942 

28 738 
707 
292 
838 
404 
495 

745 
922 
716 
350 404 426 430 509 983 
77 342 
640 838 913 
798 
693 
400 669 
136 172 176 325 478 
978 
535 893 922 
146 693 
312 397 688 909 976 

704 738 891 
386 529 858 

361 
809 
564 
23 47 318 359 982 
341 511 953 
245 817 
189 
394 555 568 
242 

85 242 475 
396 
6 172 301 457 528 782 
560 
371 1001 
455 539 907 939 980 
814 
929 
230 234 
752 
690 780 784 
246 335 636 
673 
746 
664 
192 353 
39 165 
63 498 592 677 914 
221 228 
824 
537 824 
378 429 633 
286 617 702 920 
701 
22 
15 127 
403 579 
435 
259 260 371 441 923 
410 

457 515 805 
95 155 374 388 570 
195 338 
344 
833 
747 
502 706 
86 446 682 
1021 
29 878 
9 643 
88 584 738 
837 981 

189 822 826 
458 638 
272 486 935 
36 74 335 527 584 
53 803 

11 607 912 
326 587 829 934 
245 493 660 
133 215 640 
169 608 881 998 
365 391 800 


37 231 698 
107 308 470 
283 513 838 
584 
935 
167 183 
725 796 
100 214 329 
870 
298 665 783 880 

582 

502 826 
210 
239 463 
440 
11 438 
752 902 
184 315 459 463 503 738 
160 253 697 
231 
22 134 642 
209 812 853 
946 

166 334 
174 


574 851 
190 
62 
321 
228 456 


607 
78 465 762 
252 782 868 889 938 
305 324 606 
307 766 
837 
54 99 175 
73 937 
153 478 593 808 
667 784 
500 512 
27 418 
128 

125 807 
308 1017 
891 
532 837 972 
481 
69 987 
480 805 981 
723 829 833 994 
160 696 
212 950 
266 
435 509 
162 
537 625 652 917 962 
104 730 
390 644 
427 700 
9 98 427 
346 405 685 
179 493 745 
30 166 244 699 
849 
131 412 629 
577 
618 
698 901 
917 
289 788 1020 
976 
562 
328 
232 
452 
531 559 921 
94 875 
454 
54 302 344 850 
111 570 814 
58 139 757 
85 759 
408 
366 
385 1015 1024 
531 533 
66 127 
621 
64 190 722 
227 
601 
502 519 600 679 850 996 
33 62 181 617 812 
600 690 
5 147 
223 333 457 
672 
809 
946 
426 669 708 866 
5 910 
196 324 
472 

125 588 646 690 

254 
317 874 915 
200 604 
199 238 

302 498 715 818 
350 
454 813 
42 980 
496 

194 674 684 

111 121 892 949 
237 397 
115 422 
117 
127 388 973 
336 
30 61 227 256 
377 695 
947 
597 
76 193 247 
431 
354 
249 
278 492 579 
590 
520 643 952 
131 156 176 380 
744 816 
719 
545 

783 
894 
500 
374 419 
113 855 977 
202 624 848 918 
440 873 
106 623 698 

145 216 445 468 760 
61 
44 236 264 595 1024 
205 459 




17 
344 605 787 
136 204 
470 


347 440 539 551 

506 561 
561 
5 786 
296 525 828 
66 113 
115 454 
43 933 
597 654 741 804 
335 633 655 792 
630 
113 
73 231 477 864 
145 585 949 
98 578 903 
282 
615 773 
19 874 891 967 
172 226 301 
209 
454 562 620 677 

711 
573 941 1013 
19 194 636 
57 298 789 
243 864 

854 958 
284 637 
89 94 
916 
316 328 448 544 
807 
159 606 
961 
312 505 777 
846 
53 783 
751 925 
761 
267 590 813 
231 278 616 1020 

129 150 692 1000 
174 
505 
229 245 
251 322 381 908 


110 296 903 
298 

385 492 651 914 

406 744 852 
128 401 526 634 832 910 

21 64 160 185 837 
457 540 
217 341 497 
786 791 
91 169 215 801 
591 620 
810 921 
438 651 
237 469 479 891 1001 
210 216 250 674 930 
501 689 804 
28 83 184 288 428 631 

327 341 795 
268 880 
206 639 
512 774 
672 
192 444 529 553 729 
66 868 889 
104 974 

978 
568 

211 548 

412 
919 
357 
135 176 814 
139 
562 
869 
131 
135 
173 419 980 
6 285 562 596 
509 

489 710 
101 801 
341 
319 
46 747 
864 899 

433 639 828 
199 803 
739 1016 

916 
1 459 711 863 873 
387 764 873 

430 642 781 852 
85 213 595 826 

15 331 
163 728 887 

46 
570 670 
1016 
37 128 270 586 
383 
290 356 926 
700 759 
309 336 433 777 
57 161 295 
437 892 
336 485 502 510 587 

76 247 382 
468 667 832 
181 505 765 888 
33 721 777 
301 
613 725 781 
270 589 671 
246 

382 646 
814 856 
416 
387 896 
579 
659 725 
140 162 969 
900 
46 438 633 
758 



300 566 
528 534 560 
9 39 252 
922 
100 492 596 
979 
491 839 860 
557 
599 847 852 893 
705 850 


956 
16 560 
734 853 
816 850 
6 333 420 603 775 
565 
385 623 
374 552 
61 580 692 851 995 
275 298 648 673 682 

246 389 649 
212 382 
493 748 996 
556 

928 
133 588 
317 747 894 
145 614 776 937 
340 
561 1014 
616 759 911 
746 936 
273 284 624 
155 
612 
62 239 
833 
202 
5 171 267 
179 313 848 889 
85 91 813 

462 627 710 742 

188 847 
255 540 
488 880 
615 881 
190 

212 234 987 
644 962 1013 
486 637 878 
75 88 173 318 
448 
801 
73 510 
