2048 4143 0
60 119 1968 
962 
583 1739 

1156 
325 
1546 1883 1987 
333 779 2041 

1473 1899 
169 441 1937 
798 1403 2030 
108 833 1220 
955 
155 334 1046 

949 1650 
68 172 
907 1278 1804 
504 2007 
742 1186 1597 
482 1981 
817 1304 
175 
568 865 
1330 1495 1844 1975 
101 286 

1896 
987 1337 
1452 1652 
704 837 1947 
1380 1488 
544 

1987 
1481 
1975 
1271 1511 
271 1036 1514 
325 816 1896 
155 1191 
2 1027 1247 1510 1614 
566 
124 127 
886 1374 
160 461 1995 

1768 1786 
722 731 828 1779 2000 
244 
740 
26 543 
120 1644 1949 
307 
337 1449 
452 1441 
931 
1907 
433 1735 
1552 1785 
49 392 768 1448 


1303 1695 
1340 

1174 
309 1358 1811 
1331 1712 
871 979 1256 
739 1080 1103 
1418 1719 2011 
240 320 1422 
938 1780 
1196 
133 419 

1525 
1684 
172 357 496 514 1387 1446 1661 1799 
779 1130 1414 
730 1768 
1042 
755 1559 
794 1203 2016 

437 621 1698 2008 
728 
110 243 432 697 897 
269 389 858 
212 1721 
364 
1232 1713 
1699 1858 1897 
237 590 689 1410 
1741 
449 1179 1251 
193 220 359 430 
1406 1616 
1346 1954 
1183 1468 
364 1825 
1429 
1306 1652 
1289 1398 1643 1823 
626 
510 656 1607 1632 1728 1830 
1192 
1877 
748 879 1078 
243 841 
1131 
205 
129 1102 1387 1660 1763 1848 1882 
48 1734 
27 96 949 1218 

98 561 
1456 
1646 
203 2039 
556 585 1117 
724 1011 

73 170 
820 
1478 
20 798 
579 955 1439 1479 
1636 1985 
1243 1570 1741 1967 

447 
633 1760 
711 973 


1498 
1639 
335 1114 1757 
1573 1948 
1590 
147 1343 1739 1978 
244 1656 


173 1815 
1188 1907 
72 
1140 1194 1544 
141 1498 
1391 
1553 1614 
260 
1405 1758 
1111 1422 1994 
1669 1981 
1966 
723 1117 1834 

490 
655 
1493 1835 
1312 
206 1056 1327 1529 
1237 1250 1329 1879 
111 390 
190 394 
1056 
619 1400 1692 
160 587 645 1366 
872 
602 711 1017 


289 
252 544 1427 
1448 1601 1722 
575 
6 1401 
384 789 
2019 

1645 
290 499 1349 
2031 
1895 2009 
776 
192 
230 639 893 1895 
994 2043 
147 250 1369 
500 
4 1871 
255 1218 1710 
831 1674 
349 743 754 1125 1595 
323 1233 1279 
130 1923 
376 1553 

272 757 835 1082 
1764 1836 
343 1970 
730 769 1937 

497 

1079 1870 
1740 1909 
965 1433 1466 1527 1534 1591 1798 

315 1720 2016 
224 
1262 
609 1284 1447 1626 
159 487 1777 

1142 
63 509 907 935 1241 1479 1720 
839 1283 
954 1461 
6 39 551 
365 549 1250 1592 
316 646 1043 1066 
112 499 
849 1872 
41 92 
1142 1583 


313 917 
733 970 
1067 
112 1379 1945 
21 439 1065 
1032 
278 1121 1354 
1560 
1447 1996 
1992 
1728 
781 
1841 1963 
1912 


884 1741 
609 1243 1538 1634 
880 

491 710 1510 
766 987 
430 761 1825 
705 1444 1472 1541 1842 
417 1926 
730 751 904 1860 
291 1899 

1345 1659 
236 443 1157 1708 

101 
1311 1633 
859 
634 1243 1771 
1197 1497 1688 
518 1006 1191 
1079 1258 
259 1767 1902 
906 1477 
775 1601 
1930 
528 802 1700 
855 1724 
472 
362 959 
944 1110 1551 

1407 

447 1458 
235 2028 
434 1197 1822 2038 
1177 
391 682 
463 
510 1503 
238 1233 1828 
1172 1553 1581 

461 1866 
523 

1357 
1156 1658 1935 1966 
1457 1760 
233 690 1532 1673 
1022 1312 
1421 1774 
179 356 
670 1031 1667 
415 
675 791 1197 1217 
1345 1404 1693 
49 
153 
826 1936 
611 763 
1713 

814 1557 
1526 1810 
504 

222 298 1730 1761 1934 
580 895 1334 
356 968 
132 836 1102 

717 
1316 1581 

638 911 942 1108 2015 
755 963 1340 1966 
368 

574 
1848 
1877 
1604 
430 1743 
224 761 
43 520 


29 1455 1679 
1866 1991 
436 
447 1200 1716 
1284 
172 
1340 1349 1422 1812 
510 880 1482 1905 
629 706 1522 1552 
1681 
1099 1251 1805 2022 
1000 1783 
697 1620 
1843 
75 375 1313 1538 1599 2013 
1831 1984 
719 1773 2008 
338 1168 
997 1358 1798 

1172 
215 
149 1683 
532 1441 1608 1869 
1525 

234 859 1016 
502 848 1922 2001 
458 1963 
579 882 1377 
13 1447 



43 2048 
175 650 
123 290 1216 1597 
773 
674 1122 1599 1909 
408 1947 
1080 
644 1212 1696 1902 1937 
1066 
12 873 1098 
1405 

1201 
263 888 1311 1337 1807 
21 713 
568 1922 
958 1165 1717 
574 751 

1525 1762 
213 1023 
926 1830 
671 955 
313 1548 
642 1469 2014 
105 265 709 774 995 1665 1751 
328 1253 
139 478 649 
188 520 882 1148 1246 1879 
492 
242 476 495 1142 
302 650 739 1193 1808 1974 
42 
354 
410 620 1539 1746 1766 
1548 1997 
1257 
849 1170 
1075 
796 1589 2015 
1075 1103 1814 
864 
245 
252 392 
25 580 827 

482 1462 1828 
1942 

130 895 1346 1364 1734 
61 561 698 1073 1387 1796 1932 

172 579 1665 

599 1571 
1190 2028 
67 1417 
23 506 1556 

707 1706 1794 2036 
281 1495 1759 

385 1713 
26 300 551 644 952 1021 
243 1171 
219 
1347 1501 1891 
196 1064 1647 
659 

106 168 
677 
1088 1484 1911 
79 140 365 
894 
1319 
668 1836 1893 
1007 1031 
1703 

39 1107 1513 1777 
896 1119 
83 1112 
694 1248 
1611 
515 956 1388 1709 1903 
298 386 814 
663 788 961 1421 1508 
305 422 
1179 1197 1702 
1298 
172 835 1919 
829 1205 1618 
1167 1697 
529 
1715 1900 
531 1323 1480 1982 
272 764 1570 
146 1137 1993 
564 715 1079 2036 
203 

609 824 

544 1229 1844 
127 473 
485 2047 
511 1487 2040 
207 1259 
1684 

277 834 1090 1129 
279 459 517 587 2020 
278 
401 463 1058 1339 
1219 
462 
412 839 1438 1596 

286 1116 1295 1304 2017 
499 
1869 
636 
970 
361 396 1614 1754 
287 861 1351 
349 822 1458 
72 295 938 1200 1758 
1196 
337 537 750 878 923 1629 
438 
1199 
876 1335 1691 
547 
1352 
32 
1880 
404 
1378 1564 
1494 
284 421 649 1131 1414 
90 967 1589 
1285 1586 1611 1714 

1501 1525 
869 919 955 1283 1838 1867 
2015 
315 869 
149 380 
9 86 1500 1952 
1531 1602 

684 
435 472 505 1122 1128 1759 1795 
1063 1516 
82 525 
138 1069 1326 


502 733 
322 337 353 424 1712 
1984 
1072 



1476 1744 
731 
621 634 
768 2014 


530 

1192 1199 
986 1590 1778 
513 782 884 
1947 
1084 
706 1167 1297 1496 1571 1577 1695 

386 1568 1821 
1257 1405 1776 
16 397 701 
239 1263 1328 


1438 
93 306 
2015 
1088 
1428 1477 2010 
163 
384 1172 1273 1987 
1664 

1232 
1464 
1961 
1020 1027 1590 1753 1776 
1423 
794 1144 

986 1055 
750 1276 
657 1976 
343 1988 
318 471 838 1077 1501 
273 
334 1219 

591 
1426 
455 616 661 1765 1818 
1960 
832 1395 
285 573 1113 
194 715 958 1717 
593 742 1493 
205 774 
326 856 960 981 1068 
124 
103 452 740 
25 1641 1767 
1279 
174 663 822 

1185 1703 

135 805 
313 1394 1510 
982 1858 


417 
1153 1789 

1110 
1839 
55 
755 1765 
203 756 1145 1543 1778 
1343 1779 
170 1125 1785 
2020 
966 
260 626 
217 256 1899 
1452 

1611 

1249 1691 
1131 1518 
1000 1159 1320 1990 
1252 1343 1538 
100 

15 
221 976 
1871 
1309 1773 
474 484 1135 
864 1408 

1100 1122 1227 

1513 
95 439 1675 
1491 1981 

188 428 1718 1725 
384 1257 1632 
1641 
709 1247 1539 
411 
997 1385 1607 
170 
128 609 654 1242 
515 
1300 
133 544 1457 
719 1511 1683 
159 231 965 1478 
1216 1735 1830 
244 513 1611 
375 528 1942 
263 632 1330 1387 
1615 
73 462 1263 
1840 2014 
1324 
374 1901 

1994 
1584 
19 1571 

572 616 1339 1393 1515 1825 

198 681 1158 
685 
423 1267 
759 1810 

1137 1800 
1099 
173 263 570 979 
340 
534 1070 1464 1708 
1994 

375 594 2033 
532 1486 
522 1013 1817 
1019 1260 1887 
1448 1552 
1062 1143 1198 1199 1424 

672 773 1166 

1171 
1072 1161 1924 
1621 


677 1501 
1291 
640 1911 
840 
784 1653 1695 
730 901 1989 
341 
741 1237 1476 1496 
322 946 1706 1728 
320 1141 1181 1742 
222 1410 1603 

135 906 1807 
840 978 1743 1899 

1576 
120 1295 1757 
197 

674 1082 1243 1387 1759 
1226 1684 1861 

739 936 
1157 
916 1034 1483 
574 1661 1779 
544 681 822 
388 726 937 1266 
855 
6 681 1753 1907 


98 353 1377 1597 
100 579 1277 
214 297 1532 
737 1796 
89 494 1343 1851 
829 
21 1353 1675 
1894 
5 378 775 808 
141 389 1727 
1851 

1065 
1461 
588 616 1159 1381 
2 
627 
1086 1637 1693 
22 39 1701 
324 1363 1380 1450 
592 644 1095 1121 
577 1228 1452 1510 
234 
784 1403 1487 1569 1791 1817 
42 1791 
199 693 845 896 
94 1751 
1018 
214 975 
189 929 1130 1189 
1044 
1402 
691 
273 1787 
79 388 


17 268 421 1749 1930 
112 753 
868 1016 1983 
83 1501 1768 1921 
1853 

474 1034 1981 1991 
224 254 1145 
438 1028 1899 1915 
564 2004 

169 744 2017 
297 740 1381 1818 
449 852 

390 1477 1799 
115 199 736 1272 1978 
220 300 626 
909 2013 

1589 
1481 
14 119 694 724 882 
1635 
1049 1609 
842 1472 1971 
884 1797 
2011 
929 1189 1942 
1049 1654 1748 1782 1982 
1172 1650 
1365 1986 
1717 
335 
320 554 
21 332 1280 1680 

96 442 
335 1372 
35 397 1214 1483 1571 
1020 
165 

313 342 
999 

70 373 

30 201 420 814 1997 
420 
1080 1127 
635 1419 
317 1190 
434 504 

521 708 1011 1808 
571 822 
708 1014 1358 1391 

838 987 1700 1943 

1255 
321 505 707 1077 1346 
66 450 645 
1892 
1061 1384 
463 1095 1910 
1308 
994 1514 

856 

1359 
1040 
277 807 2010 2019 2044 
265 301 1210 1667 
282 293 411 1959 

1401 
262 1144 1582 1905 
17 779 
240 
1699 1984 
365 1008 1456 1878 
905 
1975 
275 
1293 
276 
1686 
516 
197 440 593 1134 
289 899 
490 

443 909 1712 1846 
1675 

263 270 1992 
139 303 1958 
574 734 
88 306 707 
89 293 1775 
804 1268 1806 

256 437 1707 1765 
1400 2030 
1700 1799 
1155 
515 
759 
1094 1715 1791 
623 688 1043 1802 1844 
1786 

874 1107 1129 1673 
1113 1137 1758 
752 2000 
463 742 
231 501 1406 
536 

886 1089 
1503 
993 1090 
435 

1439 1927 2014 
830 1987 


1245 
809 983 
375 1171 1269 1344 1815 
13 1748 2008 
439 1927 
284 862 
657 
750 
14 109 


56 1005 1395 
2036 
352 417 1760 
406 512 863 
558 953 1109 1249 1407 1851 
504 1076 1341 
619 655 2016 
741 756 
919 1787 1838 
929 1645 
618 834 1610 
172 440 686 
1119 1264 1786 
678 
1009 1610 
978 
599 
706 1562 

519 
459 752 


11 643 1173 

230 742 1295 1923 
686 
1503 1734 
1048 
87 660 1244 

148 717 1611 

472 1553 1582 1641 
95 388 1133 
832 1028 1245 1689 1706 1950 
1260 1658 
847 928 1289 1415 
328 1199 1200 1878 
404 576 758 1128 
1877 
1937 
1937 1960 
686 758 1453 2034 
1421 
1299 1897 

426 651 827 928 1248 
1253 1591 
833 1446 1518 
130 967 


544 
495 958 1855 
99 1112 1943 
353 
867 986 
822 
187 
442 848 
778 848 1615 2014 
339 934 
125 169 702 1938 
798 
1107 

285 813 914 
854 1292 1551 
865 1216 
98 255 523 1545 
308 647 972 1189 
150 201 603 989 1172 1631 
94 805 
428 1830 
229 1094 1185 1841 
1005 
819 2024 
1938 
265 856 915 1199 1499 
61 346 
1276 1660 
418 672 
235 478 777 
93 274 1394 

1023 
42 1371 

119 789 952 1742 
646 1453 1491 1573 1737 
1785 
75 1465 1614 
628 782 1015 
1572 1586 
514 591 
1632 
1303 
1434 
418 438 1122 2001 
800 1140 
753 1084 1657 1766 

1228 
1921 2004 
231 917 
6 94 
659 1104 1415 1848 1871 

476 723 
317 
191 1033 1072 1653 1712 
970 
851 1987 
348 624 1333 1661 
1285 1916 
887 
358 1379 1553 1566 1649 1660 
332 493 

209 245 678 757 793 
77 130 1495 1889 
764 979 
2010 
20 102 492 1334 1839 1844 
843 910 1120 
432 

887 1859 

15 325 1353 
5 626 
542 1852 
1726 

570 991 1979 
486 834 1484 
1375 2035 
222 751 1137 1528 
1718 1807 

216 
111 492 661 
900 

777 
1167 2043 
759 940 
795 
254 1303 
1617 
1962 
1981 
132 536 749 
526 605 
1598 
702 
532 552 930 
776 909 1110 
186 1639 1984 
1034 1133 
17 814 
1399 1615 1705 1721 2036 
986 1882 
307 1368 

1289 
285 508 1302 1601 1687 1986 

273 322 1144 1388 

722 
159 1602 1900 
186 625 1185 1535 
115 213 544 687 705 1301 1912 
510 
233 
1076 1289 1847 1864 
1872 
52 91 1265 1325 1443 1522 1640 
582 
722 834 
1247 1588 
701 1587 1662 1854 
284 
1432 
255 
765 900 1271 1514 
1543 1695 1969 
70 687 1380 


406 571 981 1445 1735 


313 1185 
1333 
209 402 
89 188 1273 1437 1946 1985 
735 1877 
415 417 1364 1375 2043 
1464 1764 
810 977 1139 
498 1217 1368 
197 756 1250 
542 907 965 
1061 1575 1984 
171 225 
966 1563 1733 

115 469 
265 458 1862 
339 966 1901 

1584 

22 686 1203 1829 
63 1076 1279 
1230 
6 192 
577 1485 
1956 
1822 
109 1578 1706 1870 
1023 
255 486 1208 
318 
1667 
917 936 


958 1360 

708 1069 1084 1508 
981 1340 
493 
992 
641 

933 
1362 
604 1578 
767 1411 1426 

156 660 1822 

32 249 1475 1991 
322 656 1099 1608 
356 884 911 
355 435 
2024 
109 544 1247 
1381 1544 
99 1245 
1072 1198 1514 1717 
482 
1145 
418 757 794 1629 
262 1985 
719 753 
86 182 968 1067 

59 505 1317 1363 1730 2037 
1642 
1381 1612 
269 1632 
430 1739 1767 
532 1485 
1036 1038 1486 1608 1763 
564 1644 
1639 

288 
1583 
760 1540 1828 
11 1169 1587 1620 
377 445 618 748 1191 1307 1439 1498 1554 
232 1949 
778 848 1354 
406 551 
1378 


1283 

811 938 1986 
1408 1999 2010 
772 
344 1785 1833 1925 
675 
149 
1038 2034 
113 
1461 1779 1913 
36 1221 1589 
519 
352 
288 899 1610 
566 
1297 1873 

1418 
753 
1239 1253 
1131 1831 
503 1485 
692 1085 1943 
310 671 1419 1690 
144 295 296 1339 
60 288 1284 1722 
210 
1162 
1565 
1413 
43 244 383 
381 1598 
1303 
300 1267 1686 
978 1908 1973 
545 587 804 
529 860 1316 
349 510 1249 
674 
384 1473 1941 
1459 1565 
1151 1998 

1387 
252 
1887 
145 922 1876 
742 1469 
428 723 1229 1397 1880 

1129 
5 77 1302 1835 

289 
1713 
1689 
667 729 


847 1135 1704 
400 854 1316 1598 


1060 1429 
801 1190 
609 1082 1470 
40 1035 1108 

575 
280 1879 
1305 

94 1974 2010 
115 1253 
474 839 1773 1971 
83 
957 1838 1853 

169 1631 1759 

42 1751 
2011 
1598 
956 1557 
736 1260 1838 1851 2013 
901 
639 1010 
738 1154 
921 
1365 
85 534 
251 521 
457 834 1027 1317 
446 1198 1363 
1707 
685 766 1736 
958 
182 275 1441 1535 2016 
57 665 1334 1617 1946 

644 694 1485 1698 1935 
109 1037 1580 
19 848 916 1867 
851 
494 1002 1244 
379 1958 
102 350 1082 1558 1948 
247 286 333 540 866 1000 1125 1354 
758 874 1050 1308 
225 690 
247 1558 
531 1864 
1283 1802 
563 1547 1973 
359 910 1474 1615 1824 
581 1938 

1686 
1948 
161 179 1794 
995 
382 1535 
309 422 634 1860 
162 997 1325 
690 1006 
1076 1423 1507 1702 1801 
458 1218 1297 
375 
1227 
1015 1215 1740 

615 1298 1711 
188 215 395 700 

290 365 
1700 
612 710 1914 
323 1155 1182 
997 
418 621 1087 
1962 2001 2047 
782 
108 1672 1776 1966 

510 
223 1769 

1013 
501 1633 1968 
1177 
1231 
1671 2018 
1088 1466 
1515 
72 
79 1296 1840 
1923 
899 
276 720 1073 
1898 
1919 
1170 1873 
240 369 570 
198 840 1266 1280 1928 
639 1311 1725 
732 
846 1425 
1752 
1063 
1493 
1031 1475 1739 2036 

646 1422 

1683 1693 1747 
102 451 560 1618 1619 1797 
414 
871 
1379 1559 
531 1243 
1468 1710 
752 1582 
34 390 1707 
1575 
160 376 1383 1622 
207 693 
715 1000 1971 
927 
119 663 976 1180 
751 
128 1297 1979 
1103 1343 1739 
521 1331 1649 
468 1740 
1215 
261 
1503 
425 480 1153 1264 

83 744 1554 1857 
2 
250 1620 1658 1787 1974 
1153 1628 
1101 1979 2031 
1130 
646 755 1493 1749 1853 

202 582 1907 1993 2034 
1313 1993 
292 483 1646 
926 
1515 1725 
838 1809 
1718 1884 
522 1157 1778 
76 190 471 481 1061 1609 1632 
204 374 443 
1452 
728 1817 
1902 
213 467 1208 1327 1375 
824 1348 
444 
231 1052 1071 1205 
232 556 590 1748 
24 979 
56 340 
984 
1631 

229 1466 
942 
1540 1807 
333 2009 2048 
430 
76 85 464 1354 
262 509 


435 
254 458 761 928 1113 1864 
824 840 1952 
909 1121 1549 


358 1357 
980 2007 
29 353 667 1351 1935 
132 247 721 
421 1199 
1689 1758 
351 442 712 
17 588 
1879 
890 1330 1829 
694 
1513 
221 640 
1579 1653 
1153 1185 

375 1736 
1704 
375 630 784 1414 
18 1201 1806 1910 
1591 
784 1294 
858 1030 
1887 
1655 
1553 

497 
305 538 714 987 1778 
154 
1787 
503 1014 

1267 1768 
1042 1446 1610 
800 
371 1275 
794 951 

258 716 779 1387 1944 

380 607 1207 1473 1991 
814 1079 1221 
227 256 1401 

1641 1816 
627 1200 
168 441 1350 
633 1512 1872 
1983 
123 649 896 
136 

58 774 
649 689 

1439 
9 443 447 484 731 1081 
1150 1520 1747 
417 946 1586 
339 830 1401 
458 1690 
663 
468 
144 1190 
183 508 1274 1551 
495 1843 
110 1344 1659 
884 1176 1604 
120 242 907 1025 1225 1308 1910 

63 1507 
387 733 

1739 
890 
340 
302 771 986 1044 1119 
1690 
774 991 1723 1725 
39 1765 
746 1415 

701 896 994 1423 1501 1909 
1315 
1109 1289 1968 
71 269 1423 
480 
312 1088 1270 1944 
231 803 
34 523 1758 1906 
522 622 704 1308 1521 
1822 1863 
746 1092 1451 
927 1212 1890 

725 829 

131 716 

173 1048 

656 960 1083 1926 
595 
1524 
1575 2001 2003 

1496 1678 
1980 
451 1140 1495 
1368 1860 
675 807 
307 450 1342 1621 1769 
1762 1836 
1441 
424 
444 744 
864 
179 
577 861 1778 1874 
508 995 
241 
947 1827 
174 944 1054 1682 
334 1920 2047 
817 1837 1884 1958 
164 1305 
2018 



1392 1639 

531 1950 
294 
67 

570 1143 1375 
373 746 1101 
541 814 
721 
1881 
68 1027 

435 


1386 1759 
109 155 
1953 

720 2024 
197 199 
1728 
196 1269 
19 958 1518 
269 828 1097 
1183 1272 
20 54 107 1263 
262 451 
130 
459 1762 1817 
1080 
172 1178 
114 1683 
461 
278 339 567 917 1171 
422 1340 
484 572 1122 2005 

338 472 495 666 
450 

290 922 1908 
1024 1403 1434 1871 2028 
581 
292 1745 
390 
263 1161 1561 1626 
1126 


413 1045 
76 
1443 1514 1817 
483 687 902 1204 1874 

833 
2048 
1816 
202 432 661 

1214 
1256 
796 
1041 
245 1148 1713 1876 2004 
73 774 
495 
226 985 1191 
593 1110 
973 
1406 
1263 1392 
1770 

1364 1782 
938 1135 
273 474 500 
355 376 595 1248 
1001 

1614 
1262 1310 1793 
130 

1181 1378 
634 
377 587 701 1569 

720 1793 
249 1142 1248 2022 2024 
119 543 1063 

1337 
210 
702 1084 

468 956 1651 
208 291 
998 
1069 
313 1205 
923 1112 
32 416 779 1982 2029 

338 1208 1607 
105 516 600 822 
83 723 1951 
66 693 1231 
59 
1046 1635 2021 
668 1275 
251 917 980 1829 
774 
30 1005 1288 1524 
426 1580 
901 1835 
36 

57 164 
438 905 1181 
1562 
1192 1250 1713 
1714 
666 

457 753 851 1538 1969 
558 591 1361 1605 


1622 
928 1361 
510 557 920 1172 1523 1602 
55 487 1282 1589 


82 254 641 739 
1299 1471 
1828 
113 
867 1363 1990 


574 1096 1119 
363 674 858 1176 
1156 

319 434 

1192 1633 
1752 
557 693 
403 947 1875 1915 
840 1515 1953 
839 864 999 
650 1671 
2005 
708 1169 1718 
111 329 736 1152 1712 
476 
1208 
550 573 
299 1306 1364 
1022 1133 1390 1955 
1069 
1472 
823 
510 
446 985 1658 
2 1050 
964 
6 613 628 640 1548 
56 767 1775 
4 69 164 871 1904 
263 415 791 
1424 1507 
47 413 1495 1520 
1695 1848 
868 
323 974 1494 
606 
934 1216 1861 

225 465 1697 
165 366 
554 1421 1438 
842 1296 
144 1072 
1454 1547 

1142 1646 
397 592 
1140 
1626 
667 878 1427 

538 703 
1159 1208 
483 553 1019 1973 

230 1389 
202 1780 
497 1265 1872 
1430 
262 524 2044 
139 
539 1368 

690 1676 
809 1309 1871 
24 1138 
200 337 1417 
15 1111 2038 

1809 1967 
997 1967 
1956 
794 1480 
207 404 1614 1903 1971 
1159 1658 
141 462 603 1361 1647 
85 
1273 1469 
334 1812 
183 1826 
288 940 

581 1407 1408 1550 
925 
213 1185 
1730 
507 560 1264 
794 1495 
568 1167 
130 
361 907 1141 2015 



1619 
1 1836 
799 1406 1445 
503 1547 1557 
1011 1444 


1719 
30 522 1078 1362 
340 851 1726 
331 1257 


61 1321 1792 
624 
651 1424 1481 
704 863 1500 
453 1756 

182 


231 633 1600 
948 1032 
1208 1400 2013 
145 511 1080 
197 297 
251 1531 1749 
1638 
1046 1160 1386 1421 
1657 

755 988 
1236 1342 1731 
1063 
225 642 1179 1832 1996 
499 731 
1575 1675 1747 
629 716 1521 
209 1342 1532 1941 2008 2041 
300 1613 
39 124 851 
575 1813 
302 988 1286 1295 1526 

1872 
621 1281 
724 2022 
742 1014 1503 
131 
837 1061 1112 
1203 1774 


405 854 1077 1147 
1081 1356 
310 639 
982 
1594 
286 508 

605 1528 
536 
1653 1831 
792 1211 1377 
166 1663 2006 

1548 
368 1449 1538 

269 316 628 
494 1446 1808 
584 587 854 
270 559 646 
1335 1823 
216 1664 
1551 1992 
183 1221 1611 1751 
486 
1882 
987 
389 838 
366 492 2019 
765 

548 
773 
1199 1444 1512 
216 

64 88 192 1204 1643 
33 153 1005 1475 

129 
1243 1642 
398 786 818 1547 1970 
338 672 784 1669 

1285 1867 
1965 
1308 1395 

181 1453 
1341 
348 1343 1362 1524 

356 771 1352 1980 

1428 

1085 1671 
931 1727 
223 1776 
62 844 
193 1332 
1290 1766 1877 
887 1366 1768 1852 
290 570 
1045 1216 1352 
24 617 1331 1680 
363 1053 
720 761 
213 
1458 1539 
444 786 
135 1347 1494 
160 
242 
274 722 1359 1459 1931 
1099 1192 
547 645 682 1982 

815 876 1099 1437 
982 1156 1554 
393 549 619 1033 
24 849 1526 
1550 
414 1972 
947 1934 

88 177 1524 

911 1639 
819 1244 
1467 1664 
530 
304 1212 
1267 
756 943 1530 
580 
22 408 1056 1616 1700 1911 
1205 1359 
379 1252 1416 
28 445 
196 2005 

415 596 991 1597 
1731 
583 937 1697 
1092 1135 
450 662 1285 
422 617 705 1981 
303 1040 
517 1865 
402 431 1358 
245 954 

692 
1285 
807 
1230 
17 682 1067 

716 1142 1251 
1345 1508 
340 363 603 1280 
1088 1203 
62 1009 

239 1352 1847 
461 791 919 
1212 
614 
751 
687 1341 
140 1021 
111 1641 
235 1334 1952 
1472 

412 478 1477 
583 760 

223 759 
499 1938 
845 935 1888 
1903 
1450 
530 1170 1802 2007 
1214 1942 
503 693 962 1317 1466 
298 352 690 1084 1273 
1982 
1793 

1763 1956 
1156 1207 
291 615 1470 2040 
1520 
1426 
1200 1547 1729 1843 
1867 
592 

235 275 725 1679 
281 331 608 683 1676 

1722 
451 
1667 1795 

1197 1834 
722 1851 
448 513 617 1914 
1856 

254 
127 650 
1914 
350 431 651 752 
1843 
1475 1920 

353 571 1192 1347 
1302 1480 1670 
101 332 333 1694 1833 
601 705 1005 1184 

195 1605 
141 230 1625 
492 1150 
