3826 16580
39 51 121 
15 27 43 46 
43 50 2653 
24 59 63 
23 51 63 88 
26 30 66 158 
42 1392 1401 
24 44 57 
10 18 31 
9 37 38 
13 48 52 
28 37 43 2653 
9 11 47 60 
45 52 60 76 
2 46 1390 
42 53 61 192 1408 1418 1490 1507 
36 53 61 66 
9 25 31 2612 2648 
23 167 224 
39 51 62 63 
26 34 49 55 64 66 1392 
26 35 62 22 
5 19 51 58 105 167 171 195 
4 8 44 48 24 62 
18 31 32 54 60 2648 2651 
6 21 22 30 49 66 
2 15 29 34 64 
12 33 37 
27 1376 1394 
6 26 121 
9 13 18 60 
25 54 102 2651 2734 
28 44 57 64 65 
21 27 64 1392 1394 
22 30 39 121 
42 61 66 
10 12 28 38 47 2632 
10 37 2612 2632 2645 
1 35 51 121 
3 46 50 2659 
48 59 
7 16 36 55 1401 1408 
3 12 28 50 65 
8 24 33 56 57 
59 106 
15 40 2659 
13 28 37 57 
11 24 41 52 
21 26 56 
3 40 43 
1 5 20 23 58 63 
11 14 45 48 60 
17 61 146 173 174 
32 70 74 76 102 
21 36 42 66 1392 
44 49 62 
33 44 
23 51 131 162 
4 41 45 48 113 
13 14 25 31 52 76 
16 17 53 
20 56 22 
4 5 20 51 59 88 90 113 115 
21 34 65 
2 33 43 64 
6 26 174 
71 97 103 107 
96 105 108 110 203 
104 2679 2724 
54 74 102 
67 82 93 97 
78 86 103 
80 89 99 115 74 
70 94 95 99 74 
83 93 116 305 
14 54 60 74 99 106 
84 85 100 117 309 
72 85 86 112 229 231 
87 104 
73 86 112 
85 117 212 
71 85 100 103 
75 93 98 111 305 311 
77 100 116 288 313 320 
72 77 78 81 82 103 117 
72 78 80 107 112 
79 87 104 74 
5 63 105 108 
97 98 89 74 
63 96 108 115 
94 95 101 109 114 2736 
83 104 111 
71 75 83 98 116 
74 91 
74 91 
78 108 110 210 
67 80 89 98 
83 93 89 
73 74 76 106 113 115 
82 84 116 
91 94 114 74 2699 2724 
32 70 95 2692 2696 2734 
67 72 107 
69 79 87 92 111 89 324 2679 
19 23 68 88 108 
45 76 99 
67 86 103 
68 88 90 96 105 
91 95 2696 2736 
68 96 203 210 223 238 248 
83 92 311 324 
78 80 86 
59 63 99 115 
91 101 2699 2736 
63 73 90 99 113 
75 93 313 
77 81 85 212 213 309 
134 151 169 196 
124 137 169 194 
142 172 183 
1 121 30 35 39 131 158 
146 153 
147 148 165 
119 142 169 589 593 
141 144 161 
132 142 183 190 561 587 601 
139 143 
129 150 168 189 192 
164 170 1491 
155 165 176 
58 121 158 162 163 
126 172 183 190 
139 145 
118 151 193 582 603 
147 176 178 188 191 
141 178 184 191 
119 145 161 166 169 
152 171 
123 127 133 148 179 
157 159 182 185 187 191 
125 136 144 154 
119 124 126 183 601 
127 148 255 257 
125 141 
133 137 147 154 166 178 
53 122 153 173 
145 165 178 
123 127 139 143 198 227 
170 172 190 197 1491 1492 1519 
128 189 1507 1520 
118 134 193 196 
138 155 156 162 195 
122 146 157 174 182 
141 145 
130 138 152 175 221 
152 186 188 
140 153 158 159 162 191 
121 131 158 153 157 174 
140 157 
128 191 184 185 187 
125 137 172 194 197 
58 131 158 152 163 186 162 195 
131 162 
129 170 1491 
123 130 198 220 
133 137 145 169 
23 224 244 
128 182 187 192 
118 124 137 166 582 
129 164 184 
23 244 
120 132 149 161 183 194 197 
53 146 192 
6 53 174 153 158 
155 165 220 221 
165 188 
179 181 193 204 239 592 655 678 
135 136 145 147 154 191 
127 139 180 181 193 
179 193 196 
143 177 179 239 255 
122 140 153 159 168 187 
120 126 132 142 172 
136 160 170 191 
140 160 187 
156 162 188 
140 160 168 182 185 
135 156 176 186 191 
128 129 150 1495 1520 
126 132 149 561 1502 1519 1816 
135 136 140 157 191 178 188 
16 53 128 168 173 1507 
134 151 177 179 180 592 603 
119 161 172 
23 152 162 
139 180 
144 149 161 172 197 
148 165 227 
214 215 250 206 404 
201 207 209 222 249 253 
200 229 238 249 
205 236 240 431 462 625 670 
19 68 110 224 248 
239 256 632 
202 225 240 670 205 613 
245 246 206 
200 209 218 226 
206 228 235 245 254 
200 242 
78 96 110 231 238 
175 219 220 
81 232 
117 214 234 247 292 417 
199 213 215 247 404 417 
199 214 247 250 
218 230 237 239 216 243 251 252 255 256 
237 252 623 626 650 662 
207 216 251 
211 221 222 226 251 
165 175 211 227 251 257 
155 171 175 219 222 224 244 
200 219 221 223 226 248 
110 200 238 248 
167 203 221 
610 613 634 670 
207 219 222 251 
148 198 257 
233 240 243 254 
81 201 232 238 
216 218 233 241 242 
78 210 238 
212 229 234 
216 228 241 
213 229 232 246 247 
206 208 254 400 404 
202 240 400 414 429 462 
216 217 252 256 623 632 
110 201 210 223 229 231 
181 216 
202 205 240 236 254 
209 230 233 245 
209 218 230 
216 252 
167 171 
206 208 241 246 253 
206 234 245 247 253 
213 214 234 246 250 
110 203 222 224 
200 201 
199 215 247 
216 218 226 255 
216 217 237 243 613 
200 245 249 
228 235 240 400 
143 181 216 251 257 
204 216 237 239 632 
143 227 255 
261 293 303 
261 273 293 321 326 
274 310 398 403 459 
258 259 293 2868 
281 298 
273 2860 2913 
295 318 323 2874 2913 
280 290 302 
295 2913 
272 283 290 
279 297 301 321 
276 278 318 
280 289 290 315 459 
288 296 300 313 
267 274 283 308 310 
259 263 266 276 317 326 
272 296 299 310 403 
287 289 325 
266 269 273 278 295 304 306 323 
292 312 403 417 
269 276 284 306 308 
268 297 301 314 
270 289 302 
262 287 
316 319 325 346 351 
267 272 308 
278 294 306 307 308 321 
317 326 2860 2868 
265 290 291 286 307 308 
275 281 289 298 360 
84 271 296 299 313 320 
270 275 280 287 407 435 440 459 289 
265 267 270 286 315 
286 307 
117 213 277 309 320 417 
258 259 261 301 327 381 
284 297 321 322 
266 276 323 2913 
271 274 288 300 308 
268 279 294 316 322 325 
262 281 287 
288 312 320 
269 271 296 305 
268 279 314 321 
265 280 291 322 
258 327 2866 2884 2906 
276 306 321 
83 300 311 
276 278 284 304 
284 286 
272 283 284 286 296 
77 117 292 
260 272 274 459 315 310 
83 111 305 318 
277 292 299 403 
75 84 116 271 288 
279 301 316 319 381 
270 290 310 
297 314 319 325 
273 285 
264 269 323 324 
282 314 316 346 352 
84 288 292 299 
259 268 284 294 301 304 
294 297 302 325 
264 276 318 
104 111 311 318 2676 2679 2740 
275 282 316 322 351 262 298 358 
259 261 273 285 
293 303 352 381 2884 
332 336 344 378 387 
331 341 342 354 391 
345 530 1062 1090 1204 1207 
329 341 393 2949 2964 
328 349 378 2950 
332 335 340 393 2950 
348 363 382 385 390 514 541 
340 344 362 394 
328 349 378 387 
343 353 368 375 383 388 
357 366 374 379 
344 346 352 386 387 
333 391 393 
329 331 2919 2964 
329 354 371 2919 
337 370 389 
328 335 339 387 394 
330 357 367 377 1118 
282 319 339 351 386 
354 361 371 1115 
334 358 360 369 385 
336 352 378 2884 2959 
329 391 
282 325 346 358 380 386 
327 339 349 381 387 
337 374 383 389 
329 342 347 361 
363 395 500 515 530 539 
363 373 374 
338 345 372 377 1118 
262 348 351 360 380 358 369 390 
389 390 
262 287 348 358 504 289 541 
347 354 361 1115 1117 
335 368 
334 355 356 364 379 395 507 514 363 
363 382 
383 388 392 
338 357 374 392 
330 355 379 
337 362 375 376 384 394 
348 385 
339 343 384 386 389 
342 347 1115 2919 2957 3552 
366 392 1075 
356 382 389 
353 356 373 392 383 
337 368 
340 362 368 350 376 
345 357 
328 349 
338 345 363 
351 358 359 390 
293 314 319 327 
334 382 389 390 
337 353 365 374 388 
370 394 
334 348 
339 346 351 370 
328 336 387 339 344 
337 361 383 392 
343 353 359 370 373 374 382 
334 359 
329 340 350 376 393 
365 372 388 1075 
331 333 340 391 2949 
335 344 368 
355 363 507 539 
427 446 
398 435 448 450 460 
260 397 415 459 460 
419 439 845 
235 236 404 429 461 
409 444 452 455 
453 458 466 
260 274 277 312 421 423 
199 214 235 400 421 423 447 461 
416 441 463 529 
428 432 442 406 452 465 
289 459 
236 429 466 
401 425 448 
419 439 451 824 
405 416 
414 418 451 
426 428 436 
451 462 
398 446 
405 411 441 867 
213 214 277 292 421 
412 451 824 
399 410 433 443 451 845 
411 442 454 457 463 
403 417 
426 454 508 
421 423 447 
450 456 519 
401 409 446 460 
413 422 444 454 455 
396 437 446 447 
401 406 413 436 452 
236 400 408 461 
454 463 479 
202 625 
406 449 
419 443 457 845 867 
402 446 458 
289 397 
413 428 442 
427 458 464 
430 479 
399 410 
289 440 435 450 
405 830 
436 454 465 
419 433 449 453 
401 426 448 456 508 
447 461 464 
396 415 425 427 434 437 460 
404 445 447 461 
397 409 444 450 456 
432 452 453 
424 440 448 
410 412 414 418 
401 402 406 428 449 
402 443 449 
420 422 426 430 442 
401 426 444 
424 444 448 450 508 519 
420 457 465 867 
402 434 437 464 466 
260 270 459 289 315 398 407 
397 398 415 425 446 
400 404 429 445 447 
202 236 414 418 431 824 
405 411 420 430 479 529 
408 445 458 466 
406 432 442 457 
402 408 414 458 464 
489 507 539 
471 480 
523 538 
441 479 529 531 830 842 853 888 
468 471 522 526 528 536 
475 476 482 509 516 1185 1213 
468 480 504 541 
476 488 509 510 
472 476 482 497 532 
472 474 475 488 
487 517 523 533 
524 530 540 1204 
430 438 463 469 470 484 511 523 529 531 
468 473 471 525 534 
501 938 
472 475 493 516 
499 502 511 538 
479 485 494 531 888 917 
484 494 496 532 
440 504 519 
477 496 517 533 
474 476 491 512 527 
467 514 536 
516 1213 
488 495 512 524 540 
488 527 536 
481 482 506 
497 917 
467 491 540 495 
485 487 
475 494 506 925 
499 513 519 525 534 
483 498 505 508 511 513 
515 539 540 
481 900 
483 513 526 538 
493 516 537 921 923 938 1558 
360 473 486 519 525 541 
499 508 535 
482 497 893 900 925 
363 395 514 539 
422 444 456 505 
474 510 1195 
474 509 
479 483 499 535 
488 491 510 521 
498 499 502 526 534 
334 363 489 507 522 536 541 
355 478 500 530 540 
472 482 490 503 537 1213 
477 484 487 496 523 
485 520 532 
440 424 456 486 504 
487 518 527 
524 1195 
471 514 536 541 
469 477 479 
491 512 521 1195 1214 
480 498 504 534 
471 502 513 528 
492 528 532 
471 492 526 527 533 536 
405 441 
330 355 367 478 515 1204 
479 484 888 
475 485 518 520 527 
477 487 526 528 
480 498 513 525 
422 438 505 511 
471 489 492 514 522 528 
516 1213 1558 
469 483 502 533 
355 395 495 500 507 
478 491 495 500 515 524 
334 348 360 473 504 514 522 
547 558 
556 562 570 577 583 600 602 607 
550 554 564 586 
589 593 597 600 601 
542 548 571 598 
542 558 580 594 
546 552 571 
589 604 
544 556 583 
581 596 557 
548 568 579 624 664 695 770 786 
573 605 738 1947 
544 564 569 580 581 
567 574 589 595 
550 570 583 
596 1834 1864 1871 
558 568 599 
580 588 591 
580 594 605 682 743 
190 587 1845 
543 583 1840 1856 1871 
572 590 
554 583 596 
569 573 1834 1837 1847 
574 592 603 
563 574 576 595 606 
552 558 599 734 740 
554 565 1834 
543 555 556 577 586 597 
546 548 575 576 585 
576 590 
553 565 605 1837 1863 
555 566 567 592 
571 585 624 653 
567 571 585 606 
543 570 597 
576 585 592 606 616 
575 624 
547 559 560 588 594 605 
551 554 596 
118 134 169 603 
543 550 556 562 564 596 
572 591 598 
571 575 576 578 653 
544 550 555 570 590 595 
126 561 601 602 607 1821 1845 1861 
580 584 591 
124 545 549 555 582 593 597 604 
563 572 586 591 595 
559 584 586 588 590 
177 193 566 574 578 603 606 673 678 
124 545 589 601 
547 560 580 599 734 743 
555 567 586 590 
551 557 564 581 583 1871 
545 570 577 
542 546 576 584 
558 594 
543 600 545 607 
126 142 545 593 
543 562 587 1821 1840 
134 193 566 582 592 604 
549 566 582 589 
553 554 573 580 738 
567 576 578 592 
587 600 602 
633 647 674 752 
620 641 652 654 657 663 666 
225 634 670 
578 616 617 621 673 
646 660 
225 252 634 640 650 
615 621 649 673 
614 638 649 655 658 675 
578 611 636 653 676 
611 616 621 645 
625 835 840 855 
635 643 644 751 767 782 811 
609 641 651 660 663 
611 614 617 645 673 
630 641 660 871 
217 615 626 632 642 675 
552 575 579 644 664 667 676 
431 618 646 670 835 
217 623 661 662 
639 648 651 666 669 
633 674 866 870 872 949 975 
648 661 675 
608 631 
630 652 654 752 
204 237 256 623 638 642 
608 628 647 866 
225 610 613 640 659 
619 637 643 767 795 
616 645 657 
635 643 652 795 
615 632 642 655 
627 651 
634 651 659 665 
609 660 
623 632 638 
635 637 
619 624 664 671 751 786 
617 621 636 669 
612 618 625 659 668 855 
608 633 866 871 
627 639 665 677 
614 615 673 678 
217 662 665 
620 627 639 640 660 665 677 
609 631 637 657 795 
575 585 616 676 
622 630 631 
615 638 649 678 
660 672 829 855 857 
609 636 652 666 667 671 
615 669 675 
612 634 640 646 
612 620 622 641 651 656 672 857 871 
626 629 662 665 
217 661 
609 620 
552 624 644 
629 648 650 651 661 
609 627 657 669 
624 657 671 676 
612 646 
669 645 658 675 
202 205 225 610 625 646 
619 643 644 657 667 
660 855 
592 611 614 621 649 678 
608 628 633 
615 623 626 629 658 669 
616 624 653 
648 651 
177 592 655 673 
691 699 707 727 778 
694 710 715 721 725 736 
689 731 744 
560 605 702 738 
704 707 731 745 
693 735 1946 1975 2068 3264 
701 708 716 734 743 
710 715 745 758 772 809 
688 697 703 723 729 741 746 
692 703 
681 719 721 728 
697 713 717 
679 707 726 796 
688 717 
684 706 711 735 746 2065 
680 704 721 744 
552 568 699 740 807 
705 717 719 
687 713 718 723 741 1965 
709 720 2007 2065 2073 
679 695 727 778 807 
733 713 718 738 
685 708 
682 732 743 
687 688 706 730 737 746 
694 714 731 744 
696 716 717 
693 703 725 737 742 2065 
726 745 
685 701 
698 720 724 742 2065 
680 686 715 736 772 2015 2074 
693 729 746 1989 687 711 
702 717 732 733 
690 697 717 718 
704 715 745 
680 686 710 714 745 
685 705 717 
690 692 696 700 705 712 713 716 730 
697 700 738 1965 1971 
696 728 730 
698 709 724 2007 
680 689 694 725 744 
706 719 730 
687 697 729 1965 1966 
709 720 739 2007 2029 
680 706 722 742 
707 745 814 
679 699 728 731 740 
689 727 731 
687 711 723 1946 1948 
703 717 722 737 
681 683 704 727 728 
682 702 733 
733 712 732 738 
568 599 685 708 740 
684 693 2040 
680 710 739 2025 2074 
703 706 
553 605 682 700 718 733 1947 1983 
724 736 742 2029 
568 695 708 727 734 747 
687 690 697 
706 709 724 725 739 2065 
560 594 685 702 712 716 
681 689 694 704 721 
683 686 707 714 715 726 809 814 
693 703 711 
696 705 740 747 
783 807 810 
778 797 807 
752 789 790 750 802 
619 770 786 807 
608 628 631 674 750 755 760 789 795 
765 784 2114 
771 776 806 812 971 
752 760 975 
753 784 788 
777 798 817 
772 800 809 
775 787 788 793 806 2101 
628 755 975 
785 797 804 813 819 
777 808 
769 779 782 804 808 810 818 
780 790 791 803 946 948 
753 784 2079 2114 2117 
776 781 787 798 816 
619 635 811 
782 789 795 811 
762 817 818 
552 695 751 786 
754 806 951 971 994 
686 710 758 800 801 2015 2083 
798 802 815 817 
789 815 818 
759 777 788 794 
766 799 
762 775 794 813 817 
679 699 749 796 797 807 
804 808 
764 799 816 948 
766 773 798 816 
619 751 768 811 818 
748 797 810 
753 756 765 801 805 
761 796 805 814 819 
552 644 664 751 770 
759 766 794 798 
756 793 2100 2114 
750 752 768 774 795 818 
750 764 803 
764 802 816 
806 2101 2102 2318 
759 788 2100 2101 
759 775 777 787 
635 637 652 752 767 768 789 
679 691 797 814 
749 761 778 783 796 804 
757 766 773 781 787 
754 776 780 812 816 
758 772 801 
772 784 800 805 2079 
815 816 
750 752 764 790 975 
761 763 779 810 
784 785 801 809 814 819 
754 759 771 792 990 994 2101 
695 699 748 749 751 770 778 782 
762 763 779 
758 814 
748 763 783 804 
619 767 768 782 
754 799 959 971 
761 777 819 
726 745 785 796 805 809 
773 774 802 817 
766 781 791 799 802 
757 762 769 773 798 815 
763 769 774 782 789 817 
761 784 785 805 813 
854 863 870 880 820 
831 843 868 873 914 
857 870 871 
846 862 864 939 984 992 
410 462 827 835 848 
834 841 873 
841 854 863 
410 439 824 848 849 833 
832 833 847 
656 852 855 857 876 879 
441 470 
821 850 
828 830 836 842 845 847 867 874 
828 833 849 
825 841 859 873 877 
431 618 625 824 840 876 
832 845 
844 860 862 865 869 878 881 
841 854 858 860 869 952 1002 
847 850 874 884 922 
618 835 876 
826 834 838 844 863 869 
470 832 853 
821 873 875 
837 869 881 
399 419 433 439 832 836 867 
823 864 885 912 928 939 
828 839 874 
827 851 852 859 
827 833 848 
839 914 922 
848 852 856 879 
829 876 
842 884 888 907 
820 826 838 858 863 872 
618 646 656 668 672 829 876 
851 879 880 
660 822 829 871 879 
854 861 962 965 972 1002 
834 848 877 
837 838 952 
858 872 949 
823 837 878 881 984 
820 826 841 
823 846 868 875 881 
837 878 952 980 981 986 
628 633 870 871 
411 416 433 457 830 845 
821 846 864 875 899 912 914 929 
837 838 841 844 860 
628 822 871 872 
622 647 822 866 870 
628 854 861 870 949 
821 825 828 831 834 843 877 
832 839 842 847 884 
843 868 873 881 
829 835 840 852 855 
834 873 
837 862 865 984 
829 851 856 857 
820 856 859 880 
837 844 864 875 
894 903 918 919 930 
902 905 915 936 
839 853 874 907 922 
891 906 926 
896 917 930 931 
920 935 1008 1022 1028 1039 1056 
470 484 531 907 910 917 
893 900 
911 941 942 1567 1569 
885 887 895 904 935 
903 916 940 
506 889 900 917 925 942 
882 898 910 919 922 
891 932 
903 916 918 927 931 
913 935 936 940 
894 910 
868 914 922 929 
501 506 889 893 921 
905 936 1051 1055 
941 915 924 940 
882 892 896 916 918 934 
891 895 908 909 932 934 935 
883 901 924 936 1016 1051 1560 
885 912 932 
853 884 
909 934 
904 908 919 
894 898 917 
923 942 1566 1567 1573 
846 868 906 929 932 
897 901 936 1027 1039 1055 
821 850 868 899 
883 902 940 
892 896 903 
484 886 888 893 910 925 
882 896 
882 894 909 929 
887 928 939 1056 
503 889 900 923 938 
839 884 894 899 907 929 
503 889 911 921 942 1558 1573 
883 902 905 1554 1564 
494 497 893 917 
885 891 895 932 
896 931 940 
846 920 939 
868 899 912 919 922 932 
882 886 917 
896 927 940 
895 904 906 926 929 
937 941 
892 904 935 
887 891 897 904 934 1039 
897 905 913 
933 940 942 
481 501 900 921 
823 846 920 928 985 1043 
892 897 902 940 915 916 931 937 
890 933 942 1539 1569 941 
889 890 893 911 923 941 
944 958 990 994 
943 990 996 2261 2306 2318 
947 960 961 970 989 
803 948 963 979 
955 956 964 989 993 
764 780 946 979 987 989 
628 963 965 975 
993 1013 1036 1058 
771 978 983 996 998 
838 860 865 980 1002 
812 959 971 978 987 
969 967 980 
947 968 974 976 993 1001 
947 966 969 980 982 
981 984 985 986 1013 1043 
943 994 
812 953 987 
945 961 983 
945 960 970 997 999 
858 965 972 
946 949 965 975 979 
947 980 981 
858 949 962 963 967 
956 982 988 989 
963 965 972 967 979 982 988 
955 991 993 1001 
954 956 980 
961 997 
754 771 951 978 
858 962 967 
991 1000 1001 1048 
947 955 970 976 997 
628 755 760 803 946 949 963 
955 977 1001 2310 
976 995 2307 2310 2317 
951 953 971 987 
946 948 963 967 988 989 
865 952 956 964 969 
865 957 964 986 981 
956 967 988 
951 960 997 998 
823 862 878 957 985 986 992 
939 957 984 992 1043 
865 878 957 981 984 
953 959 978 
966 967 979 988 
945 947 948 966 979 987 960 983 989 
792 806 943 944 
968 973 1000 1001 1010 1041 
823 985 
947 950 955 964 968 1058 
771 806 943 958 
977 997 2307 
944 951 958 998 
961 970 974 995 998 999 
951 983 996 997 2271 2306 2307 
961 997 
973 991 1010 
955 968 976 991 2310 
838 858 952 954 967 
1010 1025 973 1048 1057 
1035 1037 1050 1693 2324 
1009 1029 1040 1057 1060 
1008 1022 
1020 1029 2333 2343 2357 2358 2365 
887 1006 1047 1056 
1005 1029 1057 
991 1000 1003 1024 1041 
1012 1047 
1011 1040 1045 
950 957 981 1008 1036 1047 1056 
1017 1024 1042 1058 
1023 1027 1049 
905 1051 1666 
1014 1025 1031 
1033 1045 1049 1053 1060 
1032 1046 1050 
1007 1029 1050 2357 2362 
1027 1038 1051 1055 
1006 1028 
1015 1023 1038 1044 1049 1053 
1010 1041 
1003 1014 1017 1057 
1029 1034 2358 
913 1015 1021 1028 
887 1006 1015 1022 1027 1039 
1005 1007 1009 1019 1020 1026 1050 
1032 1033 1037 
1017 1036 1040 1042 
1019 1033 1046 
1018 1030 1032 1046 1054 1059 1060 
1026 1057 2358 
1004 1037 1052 1059 1693 1694 
950 1042 1047 
1004 1030 1035 
1021 1023 1044 1051 1690 
887 913 935 1027 1028 
1005 1012 1017 1031 1060 1040 
1010 1024 
1031 1036 1058 
939 957 985 1013 1056 
1023 1038 1052 1053 1655 1658 1679 1690 
1011 1012 1018 1040 1049 
1019 1032 1033 1060 
1008 1011 1012 1013 
973 1003 2310 2335 2358 
1015 1018 1023 
1004 1019 1020 1029 2324 2362 
901 905 1016 1021 1038 1690 
1035 1044 1053 1054 1658 1694 
1018 1023 1044 1052 1054 
1033 1052 1053 1059 
913 1021 1027 
887 920 1008 1013 1043 
1003 1005 1009 1025 1034 
950 968 993 1014 1042 
1033 1035 1037 
1005 1018 1033 1040 1045 1046 
1063 1077 
330 1064 1082 1088 
1061 1068 1071 1077 1086 1091 1112 
1062 1067 1094 1105 
1098 1102 1129 1149 1272 
1085 1087 1089 1109 
1064 1094 1095 1105 
1063 1096 1109 
1092 1107 1108 1116 
1080 1091 1095 
1063 1096 1106 1117 
1082 1088 1105 
1089 1117 1100 1114 3540 3549 
1114 1115 
361 1112 1118 
1079 1083 1084 1119 1120 
1061 1063 1112 1118 
1094 1095 1101 1104 1202 1207 1218 
1076 1081 1084 1087 
1086 1095 1101 
1079 1099 1164 
1062 1072 1088 1118 
1076 1084 1111 1116 1120 
1076 1079 1109 
1066 1109 
1063 1084 1086 1091 1109 1110 
1066 1079 1081 1089 1099 1113 3532 
1062 1072 1082 
1087 1113 3540 
1062 1104 1207 
1063 1070 1086 1095 1105 
1069 1108 1116 1120 
1099 3541 3547 3589 
1064 1067 
1067 1070 1078 1091 1094 1105 
1068 1071 
1198 1223 1231 
1065 1097 1102 1107 
1081 1087 1093 3525 3532 3541 
1073 1114 
1078 1080 1095 1107 1110 
1065 1098 1198 1272 
1089 3540 3566 
1062 1064 1078 1090 1207 
1067 1072 1095 
1071 1117 
1069 1097 1101 1110 1202 1231 
1098 1069 1092 1120 1171 
1066 1068 1084 1085 1086 
1069 1101 1107 1111 
1083 1110 1116 
1063 1075 1117 
1087 1089 3532 3566 
1073 1074 1100 
347 361 371 1074 1114 3552 
1069 1083 1111 
361 1071 1117 1106 1112 1114 
345 372 1075 1077 1082 
1076 1108 1120 1152 1155 1171 
1076 1108 1119 
1132 1148 1169 1180 
1124 1131 1170 
1146 1151 1161 1249 
1122 1141 1142 1152 1155 
1131 1142 1144 1159 1169 1178 
1129 1163 1167 1181 1242 
1137 1177 1305 
1132 1141 1158 1163 1165 
1065 1126 1163 1165 1242 1272 
1139 1159 3621 
1122 1125 1142 1144 
1121 1128 1141 1172 
1123 1138 1146 1150 1249 
1127 1147 1153 1157 1177 1305 
1130 1144 1170 
1180 1182 
1127 1140 1148 1174 1177 1305 1314 1316 
1133 1136 1146 1179 1180 1182 
1122 1130 1164 1170 
1137 1143 1148 
1128 1132 1142 1160 1171 1176 
1124 1125 1131 1141 1156 
1140 1174 1166 
1125 1130 1131 1135 1170 
1139 1164 3589 3604 
1123 1133 1138 1151 1182 1336 
1153 1173 1177 3610 3620 
1121 1137 1140 1168 
1065 1129 1158 1165 1176 
1133 1181 1249 1254 1288 
1123 1146 1161 1298 1334 1336 
1155 1171 
1134 1147 1157 
1175 1177 
1081 1119 1122 1124 1152 
1121 1142 1169 
1134 1153 1305 1350 3596 3741 3749 
1128 1149 1176 
1125 1130 1175 1178 3584 3610 3616 3621 
1141 1152 1171 
1151 1249 1298 
1150 1179 1181 
1128 1129 1181 
1081 1139 1145 3589 
1129 1149 
1143 1174 1336 1364 
1126 1181 1242 1259 1288 
1148 1175 1177 1178 
1121 1125 1156 1178 
1122 1135 1139 
1108 1119 1141 1152 1160 1176 
1132 1162 1163 1180 1181 
1147 3620 
1137 1143 1166 1314 
1154 1159 1178 3610 
1108 1141 1149 1158 1171 
1134 1137 1147 1154 1168 
1125 1159 1168 1169 1175 
1162 1172 
1121 1136 1143 1148 1172 
1126 1150 1162 1163 1172 1288 
1136 1146 1166 
1184 1201 1236 1540 1584 1183 1548 
1183 1201 1236 
472 509 1213 1226 1227 
1188 1216 1218 1232 
1186 1194 1203 1208 1220 1224 
1186 1195 
1197 1210 
1193 1196 1215 1217 1278 
1221 1225 1227 1230 
1194 1201 1212 1229 1239 
1190 1197 1208 1211 1217 1193 
1187 1192 1203 1211 1212 1234 
509 521 524 1188 1214 1216 
1190 1197 1210 1260 1266 
1189 1193 1196 1212 1217 
1097 1102 1223 1282 
1200 1206 1208 1219 1231 1238 1187 1199 
1199 1202 1231 1238 
1184 1192 1548 1235 1239 
1078 1107 1218 1231 
1191 1221 
330 478 530 1207 1209 
1192 1229 1235 1237 
1199 1215 1219 1223 1256 1278 1282 
330 1078 1090 1104 1204 1209 1228 
1187 1193 
1188 1204 1214 1228 1232 
1184 1189 1196 1197 1236 1239 1266 
1194 1197 1234 
1192 1194 
472 490 516 537 1185 1558 
524 1209 
1190 1193 
1186 1188 1195 1225 1226 
1190 1193 1196 1197 
1078 1186 1202 1220 1232 1218 
1199 1206 1215 1193 
1187 1218 
1191 1203 1229 1230 1233 1237 
1191 1227 1558 
1097 1198 1231 1282 
1208 1234 
1186 1191 1216 1226 1227 
1185 1227 
1191 1222 1225 
1207 1209 1232 
1192 1205 1221 
1191 1558 1221 1222 1536 
1097 1107 1199 1200 1202 1223 
1186 1188 1209 1218 1228 
1237 1547 
1211 1224 
1201 1205 1237 1548 
1183 1184 1210 1261 1266 1540 1561 
1205 1221 1235 1547 1548 
1199 1200 1220 
1189 1192 1201 1210 
1255 1276 1285 1289 
1246 1267 1269 1270 
1126 1129 1167 1259 1268 1272 1276 
1285 1289 
1251 1293 
1257 1265 1279 1634 
1241 1269 1291 1292 1448 
1249 1254 1273 
1253 1280 1284 1297 
1123 1133 1150 1161 1247 1254 1296 
1245 1257 1275 1280 1295 
1244 1262 1277 1290 1291 
1293 1296 1298 1337 1482 
1243 1248 1289 1290 
1150 1247 1249 1251 1262 1273 1288 
1240 1256 1274 1278 1284 1285 
1206 1255 1258 1278 1287 
1245 1250 1275 1610 1619 1634 
1256 1268 1282 1287 
1167 1276 1288 
1190 1196 1263 1274 
1236 1266 1281 1286 1561 
1254 1288 1289 1290 
1260 1266 
1267 1271 1441 1622 1772 1809 
1245 1279 1286 1615 1634 
1196 1210 1236 1261 1263 1283 
1241 1264 1269 1270 1271 1431 1441 
1242 1258 1272 1282 1287 
1241 1246 1431 1439 1448 
1241 1267 1271 1275 1292 
1264 1267 1270 1275 1622 
1065 1129 1268 
1247 1254 1293 1296 
1255 1260 1263 1284 
1250 1257 1270 1271 1295 1592 1610 1620 
1240 1242 1259 1288 1289 
1246 1251 1291 1293 1468 1482 
1190 1206 1215 1256 1274 
1245 1265 1280 1297 
1248 1250 1279 1295 1297 
1261 1561 1615 
1102 1198 1206 1223 1268 
1263 1266 1294 1297 
1255 1297 
1240 1243 1255 1284 
1261 1265 1294 
1256 1258 1268 
1150 1167 1181 1254 1259 1276 
1240 1243 1253 1262 1276 
1251 1253 1262 1291 1295 
1246 1251 1277 1290 1292 1295 
1246 1270 
1244 1252 1273 1296 1482 
1261 1283 1286 1297 
1250 1275 1280 1291 
1161 1247 1249 1252 1273 1293 1298 
1248 1279 1280 1283 1284 1294 
1151 1161 1252 1296 1334 
1303 1320 1345 1351 
1334 1335 1345 
1304 1308 1318 1356 1365 
1311 1327 1347 1353 
1299 1311 1329 1336 1345 
1301 1321 1360 1365 
1127 1134 1137 1157 1316 1350 1362 
1307 1327 1332 1348 1355 1357 1358 
1306 1315 1316 1348 
1301 1318 1328 1361 1365 1308 1322 
1343 1344 1346 1349 1354 1380 1388 
1357 1359 1363 
1302 1303 1329 1336 1364 
1333 1340 1341 1391 1420 1460 1476 
1322 1332 
1137 1174 1316 1347 1364 
1306 1307 1327 1347 
1137 1305 1307 1314 1347 1362 
1310 1325 1342 1363 3731 
1301 1344 1352 1356 
1348 1350 3749 3753 
1299 1335 1351 1361 
1333 1340 1360 
1313 1318 1331 1332 1344 
1309 1339 1349 1354 
1339 1349 1372 3725 3821 
1317 1323 1339 1342 1354 3725 
1328 1329 1353 
1302 1306 1315 1353 1358 
1308 1326 1329 1351 
1311 1326 1328 1351 
1331 1338 
1322 1330 1331 
1306 1313 1322 1353 1355 1358 1363 
1312 1321 1352 1378 1420 
1151 1300 1336 1337 
1320 1337 1345 1433 1461 
1146 1151 1166 1303 1311 1334 
1252 1298 1300 1334 1335 
1330 1342 1346 1354 
1323 1325 3725 
1312 1333 
1312 1360 1361 1365 1454 1469 1476 
1317 1325 1338 1354 
1344 1352 1388 
1309 1318 1322 1343 1346 1352 
1299 1300 1303 1335 
1309 1330 1338 
1302 1316 
1306 1307 1316 1319 1357 1362 3753 
1309 1323 1324 1339 1372 1380 
1157 1305 1362 3749 
1299 1308 1320 1329 
1318 1333 1343 1356 1378 1388 1419 1422 
1302 1326 1327 1332 1358 
1309 1338 1342 
1332 1357 1363 
1301 1318 1352 
1306 1310 1348 1355 3748 3753 
1306 1327 1332 1353 
1310 1317 3748 3755 
1304 1365 
1308 1341 1351 1433 1454 
1305 1319 
1310 1317 1332 1355 
1166 1302 1311 
1301 1304 1360 1361 
1415 1417 3807 
1373 1390 1415 3807 3826 
1410 1368 
1372 1406 
1381 1395 1410 3772 3808 
1375 1399 1404 1421 
1324 1349 1369 1381 1386 1400 1406 
1367 1390 
1381 1400 3779 3796 3821 
1371 1389 1404 1483 
15 29 1373 1383 1390 1392 1394 1396 
1382 1402 1405 
1333 1352 1387 1411 1420 1421 1422 
1382 1398 1405 1415 
1309 1349 1388 1406 1419 
1368 1370 1372 1374 1386 1400 1410 3779 
1377 1379 1402 1404 
1401 1376 1392 1396 
1386 1387 1399 1422 
1389 1398 1403 1404 1416 
1368 1369 1381 1384 1402 
1378 1384 1422 
1309 1343 1352 1380 1419 
1375 1385 1397 1403 1404 1483 
15 1367 1373 1376 3826 
1312 1413 1420 1460 1521 
7 21 34 55 1383 1394 1401 
1378 1409 1411 1421 
29 34 1376 1392 
1410 1417 1423 3808 3818 
1373 1376 
1389 1407 1483 
1379 1396 1401 
1371 1384 1402 
1372 1381 
7 42 1401 1398 1408 1416 1418 
1382 1399 
1385 1389 1407 
1371 1375 1382 1385 1389 
1377 1379 1410 
1369 1380 
1397 1403 1418 1483 1490 
42 1401 
1393 1412 1421 
1370 1381 1395 1405 1368 1423 
1393 1413 1420 
1409 1413 1486 1521 
1391 1393 1409 1411 1412 1420 
1375 1412 1483 1486 1530 1414 1421 
1366 1367 1379 
1385 1401 1418 
1366 1395 1423 3807 3818 
16 1407 1408 1416 1490 
1352 1380 1388 1422 
1312 1333 1378 1391 1411 1413 
1371 1378 1393 1409 
1352 1378 1387 
1395 1410 1417 
1429 1434 1464 1523 
1452 1460 1476 1484 1518 
1427 1433 1475 1482 
1426 1475 
1443 1463 1474 
1424 1462 1500 
1434 1442 1450 1459 1463 1466 1479 
1269 1441 
1449 1452 1466 1517 1518 
1335 1361 1426 1427 1445 1454 1461 1469 1482 
1424 1429 1430 1459 1466 
1428 1442 1443 1477 
1437 1446 1455 1478 
1436 1455 1789 1793 
1448 1472 1478 
1269 1448 1472 
1456 1458 1783 1813 
1264 1267 1431 1447 1472 1807 
1435 1459 1463 
1428 1435 1451 1455 1465 1473 1477 1478 
1474 1475 
1433 1469 1470 1480 
1436 1478 1807 
1441 1472 1807 
1269 1438 1439 1444 1468 
1432 1462 1466 1503 1512 
1430 1463 1467 1475 
1443 1459 1477 
1425 1432 1476 1479 1480 1481 1518 
1474 1478 
1341 1361 1433 
1436 1437 1443 1473 1793 
1440 1458 1465 1471 1783 
1424 1458 1464 1471 
1440 1456 1457 1471 
1434 1442 1451 1471 
1312 1391 1425 1476 1501 
1252 1335 1337 1433 1482 
1429 1449 1466 1500 1503 
1428 1430 1442 1450 1467 
1424 1457 1485 1787 
1451 1456 1473 
1429 1430 1432 1434 1449 1462 1479 
1450 1463 1474 
1277 1468 1482 
1341 1433 1445 1476 1480 1481 
1445 1475 1480 
1456 1458 1459 
1431 1438 1441 1447 1448 1478 
1443 1455 1465 1793 
1428 1474 1444 1453 1467 
1426 1427 1444 1450 1467 
1312 1341 1425 1460 1469 
1435 1442 1443 1451 
1436 1438 1443 1446 1447 1453 1455 1472 
1430 1452 1466 1480 
1445 1452 1469 1470 1479 
1452 1469 
1252 1277 1293 1426 1433 1461 1468 
1375 1389 1397 1407 1414 1515 1529 1530 
1425 1487 1518 1525 
1464 1523 1526 
1412 1414 1498 1530 
1484 1517 1518 
1485 1526 1528 1787 1852 
1506 1850 
16 1418 1504 1507 1520 1529 1407 
129 149 164 189 1495 
149 1491 1495 1519 
1493 1514 1524 1527 1533 
1506 1528 1843 1850 1852 
189 1491 1492 1516 1532 
1499 1505 1512 
1502 1508 1509 1510 1519 1534 1826 
1412 1486 1501 1521 1530 
1493 1505 1512 1517 1525 
1429 1462 1503 1512 1523 
1460 1511 1521 1522 1525 1527 
1497 1826 
1449 1462 1500 1512 
1490 1529 
1496 1499 1509 1523 1531 1534 
1489 1494 1528 1534 1850 
16 150 192 1490 
1497 1534 1826 1850 1867 
1497 1505 1510 1524 1533 1534 
1497 1509 1519 1532 
1501 1522 1524 1527 1530 
1449 1496 1499 1500 1503 1517 
1504 1516 1529 1532 
1493 1527 
1530 1532 
189 1495 1513 1532 
1432 1487 1499 1512 1525 
1425 1432 1487 
149 190 1492 1497 1502 
150 189 1490 1513 
1391 1412 1501 
1501 1511 
1485 1500 1505 1531 
1493 1509 1511 1524 1527 1533 
1499 1501 1517 1527 
1485 1488 
1493 1501 1514 1524 1525 1527 
1488 1494 1506 1534 1852 1523 1526 1528 
1483 1504 1513 1515 
1483 1486 1498 1515 
1500 1505 1523 
1495 1510 1524 1529 
1493 1509 1524 
1497 1506 1509 1528 
1540 1555 1585 1597 1599 1600 1645 
1230 1558 1583 
1541 1542 1551 1562 
1544 1550 1564 1577 1582 
941 1544 1553 1554 1564 1569 
1183 1236 1535 1561 1581 1584 
1537 1551 1555 
1537 1545 1557 1562 1571 1576 
1562 1575 1576 
1538 1539 1550 1553 1568 1578 1579 
1542 1563 1574 1576 1587 1632 1705 
1559 1689 
1233 1237 1548 1552 1586 
1548 1237 1547 1586 
1546 1550 1556 1579 1653 1670 1689 
1538 1544 1549 1577 1579 
1537 1541 1555 1585 
1547 1583 1230 1233 1536 
1539 1544 1566 1567 1569 1578 1583 
941 924 1539 
1535 1541 1555 1585 1645 
1549 1559 1582 
1570 1542 1568 1571 
503 537 923 1213 1558 1222 1536 1572 
1546 1556 1560 1582 1666 1689 
905 1559 1560 1582 1666 
1236 1261 1535 1540 1599 1615 
1537 1542 1543 1645 
1545 1669 1688 1705 
924 1538 1539 1554 1582 
1579 1580 1587 1656 1670 1678 
911 1567 1573 1583 
890 911 1553 1566 
1544 1578 1586 
890 941 1539 1553 
1570 1557 1571 1579 
1542 1557 
923 1536 1558 1583 
911 923 1566 
1545 1580 1587 1656 1705 
1543 1576 1593 1632 1635 
1542 1543 1545 1575 
1538 1550 1556 1582 
1544 1583 
1544 1549 1550 1565 1570 1587 
1565 1574 1587 
1535 1584 1585 
924 1538 1556 1559 1560 1564 1577 
1536 1552 1566 1572 1573 
1183 1540 1581 1586 
1535 1551 1581 
1547 1548 1552 1557 1568 1584 
1545 1565 1580 
1593 1614 1624 1635 
1611 1614 1617 1644 
1597 1607 1628 
1608 1618 1630 1803 
1610 1623 
1575 1597 1624 1635 1645 
1605 1611 1638 1641 1719 
1603 1608 
1615 1619 1628 1634 
1535 1590 1593 1597 1600 1624 1645 
1589 1611 1629 
1535 1596 1600 1615 1628 
1597 1599 
1606 1622 1637 1646 1780 
1598 1608 1621 1629 
1595 1630 
1641 1715 1719 1732 
1594 1627 
1601 1612 1620 1623 1637 
1590 1609 1612 1623 1628 1629 1644 
1591 1595 1602 1613 1630 1642 
1607 1624 1640 
1257 1275 1592 1619 1623 1628 
1589 1594 1598 1617 1638 1647 
1607 1623 1630 1633 1606 1612 
1608 1618 1642 
1588 1589 1624 
1281 1561 1596 1599 
1617 1632 1635 1647 
1589 1611 1614 1617 
1591 1613 1803 
1257 1596 1628 
1275 1637 
1605 1608 1636 1642 
1264 1601 1780 
1592 1606 1607 1610 1628 
1588 1593 1597 1609 1614 
1621 1627 1636 
1639 1642 1643 1781 1790 1626 
1594 1625 1641 
1596 1599 1607 1610 1619 1623 
1595 1598 1602 1603 1607 1644 
1603 1608 1612 
1632 1638 1709 1764 
1545 1563 1575 1616 1631 1635 1647 1688 
1612 1646 1803 
1245 1257 1265 1596 1619 
1575 1588 1593 1616 1632 
1625 1642 1643 
1271 1601 1606 1620 
1594 1611 1631 1647 1719 1768 
1626 1643 1731 1752 1781 1877 
1589 1609 1644 
1594 1604 1625 1627 1643 1732 
1608 1613 1618 1621 1626 1636 1796 1799 
1636 1639 1641 1710 1752 
1589 1640 
1535 1543 1555 1562 1593 1597 
1601 1633 1780 1803 
1611 1616 1632 1638 
1704 1666 1679 1690 1696 
1651 1665 1695 1708 3000 3016 3019 
1682 1749 
1649 1687 1695 2989 3000 
1671 1682 1736 
1549 1670 1676 1684 1696 
1653 1660 1676 
1044 1679 1706 
1565 1574 1580 1678 1684 
1664 1668 1683 1706 
1044 1052 1662 1694 1699 
1701 1708 1742 1755 
1654 1668 1676 1691 1697 1704 
1662 1699 1706 
1658 1661 1677 1683 1699 
1674 2338 2991 3028 
1668 1675 
1649 1675 1677 1683 1698 2994 3019 
1559 1560 1648 1689 
1671 1673 1684 1692 1705 
1657 1660 1664 1675 1697 1703 1706 
1563 1688 1705 
1549 1565 1653 1678 1684 
1667 1692 1702 
1695 1708 1742 
1667 1680 1684 1685 1703 
1663 1693 1694 1707 
1664 1665 1668 1680 1698 
1653 1654 1684 
1662 1665 1694 1707 2988 2994 
1565 1656 1670 
1044 1648 1655 1690 1704 
1673 1675 1698 
1700 1701 1755 
1650 1652 1671 1702 1713 1749 
1657 1662 1664 1665 1677 
1653 1656 1670 1676 1685 1705 
1673 1684 1697 1703 
1698 1700 1701 1708 
1651 1695 1738 1757 2989 
1563 1632 1650 1669 
1546 1549 1559 1648 1666 1696 
1016 1038 1044 1051 1648 1679 
1660 1706 
1667 1671 1673 1698 1700 
1004 1035 1674 2338 
1035 1052 1658 1662 1677 
1649 1651 1672 1687 1708 
1648 1653 1654 1689 
1660 1668 1685 1703 
1665 1675 1680 1686 1692 1700 1708 
1044 1655 1658 1661 1662 
1681 1686 1692 1698 1736 1755 
1659 1686 
1650 1705 
1668 1673 1685 1697 
1660 1704 1679 
1545 1563 1574 1667 1669 1684 1702 
1655 1657 1661 1668 1691 
1663 1674 1677 2988 3028 
1659 1672 1686 1695 1698 
1631 1727 
1643 1712 1715 1732 1710 1752 
1761 1770 
1710 1731 1737 1752 1758 
1682 1736 1749 1764 
1720 1725 1710 1768 
1604 1710 1719 1732 
1718 1744 1751 1767 
1740 1766 
1716 1721 1728 1735 1751 1760 1767 
1594 1604 1638 1715 1768 
1714 1725 1727 1735 1760 
1718 1751 
1748 1769 
1756 1759 1762 1765 
1730 1733 1743 1754 1761 3036 
1714 1720 1729 1758 
1722 1734 1737 1739 1880 
1638 1709 1720 1760 1768 
1711 1718 1735 1753 
1725 1735 1758 
1724 1743 3036 
1712 1731 
1604 1641 1710 1715 
1724 1748 1761 1763 1765 1769 
1726 1731 1737 1877 
1718 1728 1729 
1652 1700 1713 1750 1755 1764 
1712 1726 1753 
1687 1755 1757 
1726 1759 1880 
1717 1762 
1745 1757 1770 
1659 1672 1695 1738 
1730 1770 
1716 1747 1751 1755 1767 
1741 1770 3058 
1723 1759 1909 
1755 1770 
1722 1733 1769 
1650 1682 1688 1713 1764 
1709 1736 1751 1760 1764 
1716 1718 1721 1744 1750 
1639 1643 1710 1712 
1712 1737 1758 
1724 1756 1766 3036 3064 3086 
1681 1700 1701 1738 1742 1744 1757 
1754 1763 1765 
1687 1738 1741 1757 3058 3076 
1712 1725 1729 1753 
1723 1739 1746 1880 1887 1922 
1718 1720 1721 1727 1750 
1711 1724 1733 1770 
1723 1740 1766 
1733 1756 1765 
1709 1713 1736 1749 
1723 1733 1748 1756 1763 
1717 1740 1754 
1716 1718 1744 1747 
1638 1714 1715 1719 
1722 1733 1748 1753 
1711 1741 1743 1745 1747 1761 
1776 1791 1801 
1264 1780 1807 1809 
1774 1777 1791 1799 1803 1808 1810 
1773 1777 1788 1789 1793 1800 1806 
1792 1813 1814 1836 1862 
1771 1791 
1774 1791 
1782 1794 1801 1804 1884 1925 
1784 1785 1786 1797 1891 1964 
1601 1622 1646 1772 1803 1807 
1626 1639 1790 1794 
1778 1799 1801 1626 1808 
1440 1456 1465 1806 1813 1814 
1779 1786 1817 1819 1964 1980 
1779 1805 1897 1900 1902 
1779 1784 1797 1817 1866 
1464 1485 1488 1813 1836 
1774 1806 1800 1812 1811 
1437 1446 1774 1793 1795 1807 
1626 1781 
1771 1773 1777 1791 1800 1808 
1775 1806 1798 1812 1814 
1437 1455 1473 1774 1789 1806 
1778 1781 1626 1877 
1774 1780 1789 1803 1807 
1618 1799 1810 
1779 1786 1802 1805 1866 
1792 1812 1835 1862 1866 
1642 1773 1782 1796 
1788 1791 1811 
1771 1778 1804 1808 
1797 1801 1805 
1591 1618 1633 1646 1773 1780 1795 1810 
1801 1882 1900 1928 
1785 1797 1802 
1774 1783 1792 1793 1806 1814 
1441 1446 1447 1772 1780 1789 1795 
1773 1782 1791 
1264 1807 
1618 1796 
1788 1800 1812 
1776 1792 1798 1802 1812 1811 
1440 1775 1783 1787 1814 
1775 1783 1792 1806 
1865 1869 1872 1815 
190 1826 1845 1848 1861 
1784 1786 1819 1842 1866 
1839 1847 1870 
1784 1817 1823 1824 1839 1980 
1936 1970 
587 1821 1830 1840 1861 
1827 1832 1835 1854 1862 
1819 1824 1828 1831 1842 1872 
1819 1823 1858 1865 1872 
1831 1835 1851 1857 
1497 1502 1508 1816 1848 
1822 1832 1853 
1823 1825 1831 1835 
1834 1844 1860 
1821 1840 1846 1848 
1823 1828 1851 
1822 1827 1843 1849 1850 1852 1854 1867 
1853 1865 
557 565 569 1829 1860 1864 1870 
1798 1822 1825 1828 1857 1862 
1488 1787 1852 1855 
565 573 1847 1863 1947 1983 
1818 1820 1839 1847 1873 1977 
1818 1819 1820 1838 1953 
562 1830 1856 
1844 1846 1856 1859 1860 
1817 1823 1866 
1494 1832 1850 1852 
1829 1841 1860 
561 587 1816 1861 
1830 1841 1859 
565 1818 1837 1838 1870 1938 1977 
1849 1848 1859 1867 
1827 1832 1848 1853 1859 
1489 1494 1506 1508 1832 1843 
1825 1831 1868 1869 
1488 1494 1528 1832 1836 1843 1854 1855 
1827 1833 1849 1857 1859 1868 
1822 1832 1852 1855 
1836 1852 1862 
562 1840 1841 1864 
1825 1853 1868 
1818 1824 1865 1870 
1841 1848 1849 1853 
1829 1841 1844 
587 1816 1821 
1775 1792 1798 1822 1835 1854 
573 1837 1947 
557 1834 1856 1871 
1833 1872 
1786 1797 1798 1817 1842 
1508 1832 1848 
1833 1851 1853 1857 1869 
1815 1851 1868 
1818 1834 1847 1858 
562 596 1856 1864 
1815 1823 1865 
1838 1977 
1899 1918 1919 
1898 1910 
1898 1903 1920 
1639 1734 1731 1794 1880 1884 1920 
1907 1913 1944 1950 1969 
1875 1881 1898 1910 1879 
1726 1734 1739 1759 1877 1911 1920 1922 
1879 1899 1908 1919 
1804 1875 1900 1928 1882 
1762 1886 1887 1904 1909 1917 1921 1922 
1778 1877 1916 1925 1928 
1896 1906 3206 3220 
1883 1903 1918 1920 1922 1923 
1746 1759 1883 
1890 1894 1895 1906 1918 1927 
1894 1904 3196 3231 
1888 1895 1906 3208 
1779 1785 1897 1901 1964 1985 
1896 1913 1915 1924 1940 1991 3206 
1905 1908 
1888 1889 1904 1917 1918 3202 3234 
1888 1890 3208 3234 
1885 1892 
1785 1891 1901 1902 
1876 1879 1916 1920 
1874 1881 1907 1913 1919 1927 
1785 1804 1805 1882 1910 
1891 1897 1902 
1785 1905 1910 
1876 1886 1923 
1883 1889 1917 1921 
1893 1908 1910 
1885 1888 1890 1906 
1899 1908 1912 
1881 1893 1905 1907 1912 
1746 1883 1887 
1875 1879 1893 1900 1902 1905 
1880 1922 
1878 1901 1907 1908 1944 1985 
1878 1892 1899 1915 1927 1991 
1921 1926 
1913 1906 
1877 1898 1920 1928 
1883 1886 1918 
1874 1888 1894 1917 
1874 1876 1881 1899 
1876 1877 1880 1886 1916 1923 
1717 1740 1914 
1759 1880 1883 1911 
1876 1886 1903 1920 
1892 1940 3275 3283 
1804 1884 
1914 3063 3086 3196 
1888 1899 1913 1915 
1804 1882 1884 1916 1925 
1962 1952 1990 
1933 1956 1973 1975 
1957 1961 1978 
1936 1945 1953 1967 1980 
1946 1975 
1951 1969 1981 1990 
1956 1975 1976 1986 1935 3259 3265 
1820 1932 1945 1970 
1961 1992 
1837 1847 1971 1977 1987 1994 
1944 1990 
1892 1924 1963 1991 
1952 1960 1978 
1943 1954 1955 1960 1972 1984 
1942 1954 1982 1994 
1878 1912 1939 1949 1950 1985 
1932 1936 1954 1967 
684 729 1933 1948 1989 
553 738 1837 1863 
729 1946 1961 1966 
1944 1958 1974 1985 1990 
1878 1939 
1934 1959 1963 1979 1981 
1929 1954 1941 1960 1990 
1820 1839 1932 
1954 1942 1943 1945 1974 
1942 1972 1992 
1930 1935 1973 1986 1993 
1931 1960 1961 1972 1978 
1949 1954 1974 1980 1985 
1951 1963 1976 1979 3247 3259 
1941 1942 1952 1957 1972 1978 
1931 1937 1961 1948 1957 1966 1992 
1962 1978 1979 1993 
1940 1951 3247 3283 
1779 1784 1891 1980 
697 718 723 1965 1966 
723 1948 1961 1965 1992 
1945 1954 1980 
1984 1994 
1878 1934 1990 1991 
1820 1936 1982 1988 
718 738 1938 1983 1987 
1955 1960 
1930 1956 
1949 1954 1958 
684 1930 1933 1935 1946 3264 3265 
1959 3259 
1838 1847 1873 1977 1938 1994 
1931 1941 1957 1960 1962 1993 
1962 1976 
1784 1819 1839 1932 1953 1964 1967 1985 
1934 1951 1990 
1977 1943 1970 1988 
1837 1938 1971 
1942 1968 1987 1992 
1891 1901 1912 1944 1949 1958 1964 1980 
1935 1956 1962 1979 
1971 1984 1992 1994 
1936 1945 1982 
711 729 1946 
1929 1934 1990 1939 1949 1952 1969 1981 
1892 1913 1940 1963 
1965 1937 1955 1961 1966 1984 1987 
1931 1961 1956 1962 1978 1986 
1938 1943 1968 1977 1987 
2029 2041 
2027 2029 2055 
2001 2013 2024 2050 2064 
2005 2023 2028 2039 2063 2067 
2051 2147 2154 2156 
2057 2084 2167 2218 
1997 2039 2050 2063 2064 3272 
2042 2047 3270 3282 
2008 2023 2046 2075 2174 
2009 2033 2061 
1998 2021 2022 2028 2047 2063 
2041 2056 
720 724 2029 2007 2073 
2003 2060 2075 2174 2181 3244 3252 3284 
2004 2016 2070 
2023 2034 2044 2067 2070 
2042 2063 3270 3272 
2040 2068 3266 
1997 2024 2040 2064 
2015 2025 2074 
710 772 2014 2037 2074 2090 
2009 2026 2064 
2009 2070 
2035 2043 2057 2018 2084 2133 
2051 2154 2174 2188 
2026 2036 2040 2041 2064 2065 
2005 2022 2047 2060 3282 
2005 2021 2028 2060 
1998 2003 2010 2028 2034 2046 2067 2075 
1997 2040 2050 
736 739 2014 2029 2030 2074 
2016 2020 2056 2064 
1996 2006 2027 2056 
1998 2022 2023 
724 739 1995 1996 2025 2007 
2014 2025 2055 2071 
2049 2058 2072 2147 
1999 2034 2051 2069 
2004 2048 
2010 2023 2032 2044 2051 
2018 2053 2057 
2020 2041 2065 
2015 2066 2076 2090 2123 
2016 2061 
1998 2001 2063 
735 2020 2024 2065 2068 
2006 2020 2036 1995 2029 2041 
2002 2011 2047 2063 3270 
2048 2053 2043 2058 2018 
2010 2032 2069 2070 
2048 2066 2076 2129 
2059 2174 
2002 2005 2021 2042 2063 3282 
2033 2045 2055 2061 2062 
2031 2057 2058 2167 2171 
1997 2001 2024 3241 3266 3272 
1999 2019 2032 2034 2059 2154 
2062 2070 
2035 2043 2057 
1999 2069 2147 
1996 2030 2038 2048 2061 2071 
2026 2027 
2000 2018 2035 2049 2053 2084 2167 
2031 2049 2062 2072 
2046 2051 
2008 2021 2022 3284 
2004 2038 2048 2055 
2048 2052 2058 
1998 2001 2005 2011 2039 2047 
1997 2001 2009 2013 2017 2026 
693 698 706 709 735 742 2020 2036 2040 2073 
2037 2045 2066 2076 
1998 2010 2017 2023 
684 735 2012 2040 3264 
2032 2044 2054 2062 
2004 2009 2010 2017 2033 2044 2052 
2030 2055 2066 
2031 2147 
698 2007 2065 
710 736 2014 2015 2025 
2008 2023 2028 
2037 2045 2066 2121 2076 2104 
2096 2112 2126 2315 
2080 2081 2115 2238 
765 801 2083 2090 2130 
2078 2086 2106 2215 2216 2238 2252 
2078 2091 2110 2115 2116 
2097 2108 2123 
772 801 2079 2090 
2000 2018 2057 2089 2239 2110 2133 2122 
2087 2103 2107 2119 2125 
2080 2092 2252 
2085 2107 2125 2128 
2092 2106 2131 
2084 2091 2225 2239 
2015 2079 2083 
2078 2081 2089 2217 2238 
2086 2088 2105 2127 2131 2252 
2107 2128 2131 
2100 2111 2125 2132 
2107 2115 2116 
2077 2113 2262 2315 
2118 2119 2120 2123 
2112 2124 2128 
2113 2258 2262 2319 
788 793 2094 2114 2132 
759 792 793 806 2109 2111 
2126 2318 
2085 2114 2125 
2045 2108 2133 
2127 2105 
2080 2088 2115 
2107 2085 2087 2093 2118 2120 
2082 2104 2121 2122 
2101 2102 2111 2126 
2081 2084 2116 2122 
2094 2101 2109 2125 
2077 2087 2098 2126 
2096 2099 2124 2127 2128 
753 765 788 2100 2103 2117 2132 
2078 2107 2095 2106 2116 
2081 2095 2110 2120 
765 2103 2114 2123 2130 
2097 2107 2119 2120 
2085 2097 2118 
2082 2097 2107 2116 2118 
2037 2076 2104 2108 2123 
2108 2110 2133 
2037 2082 2090 2097 2117 2121 2130 
2098 2128 
2085 2087 2094 2112 2132 
2077 2102 2109 2112 2257 
2092 2105 2113 2258 2298 
2087 2093 2098 2113 2124 2131 
2048 2043 
2079 2117 2123 
2088 2092 2093 2128 
2094 2114 
2104 2133 2122 2129 
2162 2185 2189 2197 2198 
2138 2146 2147 2201 
2139 2164 2512 
2149 2157 2159 2169 2211 
2147 2201 
2136 2164 2226 2232 2512 2563 2595 2608 
2165 2168 2505 
2145 2160 2170 2190 2191 2497 
2163 2172 2202 
2144 2150 2157 2200 2203 
2143 2150 2180 2190 2539 2543 
2141 2190 2497 2539 
2135 2167 2171 2194 2195 2197 2201 
1999 2031 2054 2072 2135 2138 2153 2156 2171 
2160 2165 2173 2184 2533 2540 
2137 2157 2164 2232 
2143 2144 2150 2178 2512 2543 
2175 2176 2183 2196 2206 
2180 2190 2191 
2147 2156 2161 2201 
1999 2019 2051 2156 
2169 2187 2192 2194 2195 
1999 2147 2153 2154 
2143 2149 2159 
2174 2181 2188 3389 
2137 2157 2187 2203 
2141 2148 2497 2518 2540 
2153 2182 2188 2197 2201 2204 2207 
2134 2189 2198 
2142 2152 2172 2176 2196 2163 
2136 2139 2149 2157 2178 2232 
2140 2148 2168 2196 2533 
2175 2177 2193 
2000 2049 2057 2146 2171 2179 2192 2195 
2140 2165 2196 3362 3380 
2137 2155 2179 2187 2192 2211 2248 
2141 2191 
2031 2049 2135 2146 2147 2167 
2142 2163 2202 2205 
2148 2184 2191 
2003 2008 2019 2046 2059 2158 2181 2188 
2166 2176 2186 2206 
2151 2163 2175 2196 
2166 2186 2193 
2136 2150 2164 2512 
2000 2167 2169 2192 2218 
2144 2152 2190 2200 
2008 2158 2174 3244 3372 3389 
2161 2166 2188 2193 
2151 2196 2199 2206 3352 3356 3365 
2163 2173 2191 2196 
2134 2187 2198 2203 
2175 2193 2199 2206 3370 
2155 2159 2169 2185 
2019 2154 2156 2158 2161 2174 2182 
2134 2162 
2141 2144 2145 2180 2539 
2141 2163 2170 2173 2184 
2155 2167 2169 2179 
2177 2182 2186 3370 3389 
2146 2195 
2146 2155 2167 2194 
2151 2163 2165 2168 2176 2183 2184 3352 3380 
2134 2146 2161 2194 2201 
2134 2162 2200 
2206 3351 3370 3371 
2143 2203 
2138 2153 2161 2197 
2142 2162 2172 2204 2205 
2143 2159 2185 2187 2200 
2202 2205 2207 
2166 2172 2202 2204 2207 
2151 2175 2183 2186 2199 
2161 2166 2204 2205 
2210 2233 2238 2241 
2222 2234 2575 2577 
2208 2223 2233 2241 
2137 2149 2169 2221 2242 2248 
2214 2242 
2232 2235 2250 
2212 2224 2240 2243 2214 
2080 2229 2231 2252 
2080 2229 2238 2247 
2091 2220 2227 2241 
2000 2239 2179 2237 
2231 2383 2399 2429 
2217 2223 2225 2227 2228 2237 
2149 2211 2232 2242 2250 
2209 2234 2240 2246 2249 2575 
2210 2212 2220 2227 2228 2241 2242 
2214 2236 2240 2249 
2089 2220 2237 
2139 2213 
2217 2220 2223 2241 
2169 2220 2223 2237 2248 
2215 2216 2231 2233 2247 
2233 2236 2426 2429 
2105 2215 2219 2229 2251 2252 
2139 2149 2164 2213 2250 
2208 2214 2229 2230 2243 
2209 2222 2244 2249 2386 2391 2408 2412 2577 2751 2756 
2213 2250 2240 2245 2583 2608 
2224 2230 2249 
2179 2218 2220 2225 2228 2239 
2078 2091 2216 2247 
2089 2239 2225 2237 
2222 2224 2245 2250 
2208 2210 2223 
2211 2212 2221 2223 2248 
2214 2233 
2249 2393 2426 
2235 2246 2583 
2240 2245 2575 2583 2587 
2216 2229 2238 
2169 2228 2248 2242 
2222 2236 2244 
2213 2221 2232 2240 
2219 2231 2429 
2080 2086 2092 2215 2231 
2264 2267 2268 2275 2299 2305 2321 
2263 2264 2274 2288 2313 2319 
2295 2322 
2275 2291 2298 
2126 2262 2300 2315 2318 2320 
2099 2127 2298 2313 2258 
2278 2293 
2283 2285 2303 2309 2311 
792 944 
2096 2099 2257 2263 2319 
2254 2262 2300 2319 2320 
2253 2254 2267 2288 
2273 2296 2310 2322 
2301 2316 2344 2384 2437 
2253 2264 2275 
2270 2281 2299 
2292 2301 
2268 2276 2292 2299 
998 2302 2306 2307 
2279 2282 2292 
2265 2285 2310 2317 
2254 2267 2291 2313 
2253 2256 2267 2298 2321 
2269 2270 2299 2308 
2302 2306 2277 2284 2293 
2259 2288 2277 2318 2320 
2272 2282 2283 2290 2312 
2289 2296 2322 2364 2367 
2268 2292 
2272 2279 2281 2292 2312 
2260 2279 2285 2290 2314 2322 
2302 2311 2317 
2283 2311 2317 
2289 2292 2295 2352 2368 2373 
2293 2294 2303 2311 2312 
2254 2278 
2255 2280 2286 2295 2367 2368 
2283 2314 
2256 2274 2313 
2269 2270 2272 2281 2282 2286 2295 2301 
2259 2287 2288 2277 2311 2312 
2287 2303 2312 
2255 2286 2289 2292 2314 
2265 2280 2310 2322 2364 
977 2302 2307 2317 
2127 2256 2275 2304 2313 
2253 2268 2270 2276 2305 2434 
2257 2263 2320 
2266 2269 2292 2344 2373 
2271 2277 2284 2297 2306 
2260 2287 2294 2309 
2105 2298 2321 2383 
2253 2299 2321 2407 2418 2432 2434 
944 996 998 2271 2277 2302 2318 
977 998 
2276 2316 2378 2395 2434 
2260 2303 2312 
973 976 977 1001 1048 2265 2273 2296 2335 2364 
2260 2284 2285 
2282 2287 2293 2294 2309 
2258 2274 2291 2298 2319 
2283 2290 2295 2322 
2096 2257 
2266 2276 2301 2308 2384 2395 2410 
977 2273 2284 2285 2297 
792 944 2102 2257 2261 2278 2306 2320 
2099 2254 2262 2263 2313 
2257 2263 2278 2318 
2253 2298 2304 2305 2383 2425 2432 
2255 2265 2280 2283 2296 2314 
2340 2348 2479 
1004 1050 2338 2336 2362 2366 
2328 2332 2343 2347 2365 
2346 2353 2362 
2349 2355 2374 2974 3008 3031 
2325 2332 2346 
2345 2361 2436 2474 3001 
2336 2353 2991 
2339 2360 2331 2369 2371 2435 
2325 2328 2343 2354 2364 
1007 2335 2343 2358 
2327 2342 2356 2375 
1048 2310 2333 2358 2364 
2330 2338 2353 2336 
2340 2351 2354 2368 
1004 1663 1693 2324 2330 2336 
2350 2372 
2323 2337 2348 2352 2373 
2340 2348 
2334 2349 2356 
1007 2332 
2266 2301 2323 
2329 2355 2361 2370 2436 
2326 2328 2365 
2325 2365 
2323 2340 2341 2359 2363 2479 
2327 2342 2369 
2339 2351 2372 
2354 2372 
2286 2337 2340 2373 
2326 2336 2356 2362 2366 2375 
2332 2337 2351 2364 2367 
2327 2345 2349 2369 2374 
2334 2342 2353 2356 2375 
1007 1020 2362 2365 
1007 1026 1034 1048 2333 2335 
2348 2360 2363 2371 2441 
2331 2359 2371 2448 2483 
2345 3001 
1050 2324 2326 2353 2357 2365 
2341 2348 2359 
2280 2296 2310 2332 2335 2354 2367 
1007 2325 2347 2357 2362 
2324 2353 
2289 2354 2364 2368 
2337 2352 
2331 2349 2355 
2355 2374 3001 
2331 2339 2359 2360 2372 
2339 2350 2351 2371 
2286 2301 2340 2352 
2327 2355 2370 2976 3001 
2334 2353 2356 2974 2986 2991 3033 
2393 2420 
2396 2401 2409 2422 
2308 2395 2397 
2389 2404 2418 2420 2423 
2376 2400 2414 2423 
2388 2405 2406 2422 2427 2791 
2387 2417 2430 2751 2754 2767 
2219 2321 2425 
2266 2316 2437 
2398 2400 2405 2406 2430 
2392 2393 2408 2433 
2382 2391 2392 2413 2417 2428 2430 
2381 2405 2422 2423 
2379 2397 2403 2418 2423 2434 
2399 2402 2425 2429 2431 
2234 2387 2412 
2386 2387 2408 2412 2413 2433 
2244 2386 2420 2426 2428 2433 
2747 2754 
2308 2378 2397 2410 2415 2424 
2377 2421 2444 2458 2467 
2378 2389 2424 
2385 2406 2430 2747 
2219 2390 
2380 2385 2405 
2377 2396 2409 2424 2467 
2390 2404 2411 2425 
2388 2389 2422 2423 
2379 2402 2407 2411 2420 
2381 2385 2388 2400 
2381 2385 2398 2405 2747 2791 
2305 2404 2411 2418 2432 
2234 2386 2392 2412 
2377 2401 2422 
2316 2395 2482 
2402 2404 2407 2425 2432 
2234 2391 2392 2408 
2387 2391 
2380 2423 
2395 2410 2445 2482 
2430 2754 
2382 2387 2751 
2305 2389 2407 
2422 2424 
2376 2379 2393 2404 2423 2431 
2381 2396 2427 2444 
2377 2381 2388 2403 2409 2419 
2379 2380 2388 2389 2403 2414 2420 
2395 2419 2450 2467 2486 
2321 2383 2390 2402 2411 2432 
2230 2236 2244 2393 2429 2431 
2381 2444 2791 
2393 2428 2430 
2219 2251 2390 2426 2431 
2382 2385 2387 2398 2416 2428 
2390 2393 2420 2429 
2321 2411 
2392 2393 
2299 2305 2389 2397 
2331 2436 2443 2448 
2329 2345 2435 2460 2469 2474 
2266 2384 2441 2450 2471 2475 2479 
2480 2483 
2449 2457 2462 
2442 2444 2453 2454 2459 2473 2490 
2359 2437 2475 2479 2483 
2440 2453 2457 2462 2463 2491 
2448 2470 2481 2485 
2396 2421 2427 2440 2454 2458 2473 2749 2814 
2415 2482 2486 
2464 2465 2489 2848 2850 3111 3453 
2461 2466 2467 
2360 2435 2443 2470 2483 
2439 2452 2462 2476 2488 
2424 2437 2466 2471 2475 2450 2486 
2438 2466 2475 2480 2481 
2481 2485 
2440 2442 2478 2484 2487 2820 2847 
2440 2444 2484 2802 2814 
2469 2488 
2487 3090 3095 3130 
2439 2463 2466 
2396 2467 2473 
2440 2461 2463 
2436 2469 2472 2474 
2447 2459 2463 2467 2477 2490 
2442 2449 2457 2476 2491 
2442 2457 2461 
2446 2465 3095 3098 3111 
2446 2464 2487 2489 3095 
2447 2450 2451 2457 
2396 2401 2424 2450 2458 2461 
2455 2469 2488 
2436 2455 2460 2468 2472 
2443 2448 2481 2483 
2437 2445 2450 2482 2486 
2460 2469 2487 3112 3130 
2458 2477 2490 
2329 2436 2460 3001 3118 3138 
2437 2441 2450 2451 2483 
2449 2462 2472 2487 
2461 2473 2490 
2453 2487 2489 2824 2847 
2266 2344 2348 2437 2441 
2451 2481 2483 
2443 2451 2452 2470 2480 
2410 2415 2445 2471 
2359 2360 2438 2441 2451 2475 2480 2483 
2453 2454 2802 
2443 2449 2488 
2415 2445 2450 2471 
2453 2456 2465 2472 2476 2478 2491 
2449 2455 2468 2485 
2446 2465 2478 2824 
2440 2459 2461 2473 2477 
2442 2462 2487 
2521 2626 2662 
2497 2506 2535 2539 
2495 2503 2519 2538 2544 
2494 2503 2544 3695 3706 
2500 2501 2525 2526 2529 2530 2509 
2141 2145 2160 2493 2506 2518 
2505 2532 2540 
2500 2519 2541 
2499 2511 2509 
2496 2536 2542 
2492 2509 2510 2517 2530 2626 
2494 2495 3706 
2506 2518 2536 2541 
2140 2168 2498 2532 2533 2534 3362 3713 
2493 2497 2504 2518 2535 
2519 2527 2544 
2523 2525 2526 2578 2584 
2502 2511 2527 2530 2509 
2502 2521 2652 
2500 2509 2527 
2150 2178 2516 2543 2556 
2615 2652 3693 3708 3709 
2515 2517 2529 
2517 2525 2529 2537 2565 2578 
2512 2526 2542 2543 
2502 2514 2515 2537 2626 2630 
2160 2497 2504 2506 2540 
2499 2507 2538 
2522 2528 2531 2544 2652 3708 
2510 2621 2652 2662 2666 
2509 2520 2531 
2508 2556 2584 
2507 2527 2531 2544 
2508 2526 2529 
2496 2508 2516 2523 2525 2542 
2507 2509 2511 2522 2524 
2520 2544 3708 
2496 2514 2515 2525 2530 
2496 2502 2509 2529 
2520 2524 
2505 2540 
2148 2165 2498 2505 2540 
2505 2532 3666 2534 3713 
2493 2506 2516 2539 2542 2543 
2501 2504 2542 
2515 2517 2579 2602 2630 
2494 2519 2541 3666 3696 
2144 2145 2190 2493 2535 2543 
2498 2518 2532 2533 2541 
2499 2504 2532 
2516 2526 2536 
2150 2512 2516 2535 2539 
2494 2495 2507 2520 2524 2528 2531 
2546 2560 2562 2591 2609 
2545 2553 2562 
2549 2561 2573 2593 2599 
2574 2586 2601 
2547 2579 2593 2602 2685 2708 
2571 2575 2580 2587 2600 
2572 2605 2687 2778 
2583 2594 2595 2597 
2546 2555 2598 2607 
2566 2581 2603 2604 
2553 2573 2568 2598 2599 2607 
2139 2512 2523 2559 2595 
2561 2588 2593 2704 2705 2737 
2567 2572 2590 2681 2737 
2552 2584 2595 2597 
2545 2554 2566 2574 2609 
2547 2557 2573 2576 2588 
2545 2568 2578 2591 2606 
2139 2552 2595 2608 
2576 2590 
2515 2578 2599 2602 
2554 2560 2603 2609 
2558 2569 2737 
2562 2568 2606 
2567 2576 2588 2590 2737 
2574 2589 2603 2604 
2550 2600 
2551 2558 2590 2592 2605 2681 2687 
2547 2555 2561 2582 2599 
2548 2560 2570 2582 2586 2589 2607 
2209 2222 2246 2580 
2561 2564 2569 2573 2582 2586 2588 
2209 2234 2580 2596 2756 
2508 2515 2562 2565 2584 2606 
2537 2549 2602 2638 2669 2685 2732 
2550 2566 2575 2577 2603 
2589 2604 
2573 2574 2576 2607 
2245 2246 2583 2552 2587 2609 
2508 2578 
2591 2597 2609 
2548 2574 2576 2601 
2246 2550 2583 2600 
2557 2561 2569 2576 2737 
2570 2574 2581 
2558 2564 2567 2572 2576 
2545 2562 2585 2597 
2564 2572 2605 
2547 2549 2557 2708 
2235 2552 2583 2608 
2139 2552 2559 2563 
2577 2603 2746 2756 
2552 2559 2585 2591 
2553 2555 2568 
2547 2555 2602 2606 
2550 2566 2571 2587 2609 
2548 2586 2605 
2537 2549 2565 2579 2599 
2548 2554 2566 2580 2596 2604 2746 
2554 2570 2581 2603 
2551 2572 2592 2601 2761 2766 2778 
2562 2568 
2553 2555 2574 2582 
2139 2226 2235 2563 2594 
2545 2552 2560 2566 2585 2600 
2621 2623 2626 2631 2634 2635 2654 
2613 2618 2621 2640 
18 38 2620 2648 2667 
2623 2634 
2637 2641 2645 2647 2653 
2513 2652 2656 2666 
2627 2631 2635 2732 2741 
2629 2640 2647 2665 
2611 2640 2646 2663 2665 
2633 2648 2649 2651 2655 2693 
2612 2628 2647 2648 
2521 2610 2623 2626 2662 2666 
2642 2658 3782 
2610 2613 2621 2634 
2642 2644 2657 2658 2664 
2628 2629 2633 2668 
2492 2517 2621 2661 
2616 2635 2660 
2620 2625 2647 2648 
2617 2647 2668 
2517 2537 2638 2661 2669 
2610 2616 2635 2638 2661 
12 37 2645 2653 
2619 2625 2643 2655 2668 2716 2720 
2610 2623 2654 2634 
2610 2616 2631 
2644 2646 2647 
2614 2641 2659 3776 3792 3 40 
2579 2630 2631 2661 2669 
2656 2657 2664 2666 
2611 2613 2617 2618 
2614 2637 2658 3801 3820 
2622 3782 
2633 2668 2720 2741 
2624 2636 2646 2658 
38 2614 2632 2647 2653 2667 
2618 2636 2663 
2614 2617 2620 2628 2645 2665 2667 
18 2612 2619 2620 2628 2655 
2619 2650 2651 2692 2693 2734 
2649 2734 
25 32 2619 2649 2650 
2510 2513 2521 2522 2615 
3 12 2614 2632 
2634 2660 2668 
2619 2648 
2615 2639 2664 3709 
2624 2639 2663 
2624 2641 2642 2644 3820 
46 2637 
2635 2654 
2517 2626 2630 2631 2638 
2492 2621 
2618 2646 2666 
2624 2642 2656 3709 3782 3802 
2617 2618 2647 
2521 2611 2615 2621 2657 2663 
2612 2645 2647 
2625 2627 2633 2654 
2579 2630 2638 
2699 2713 2727 2730 2731 2742 
2672 2671 2717 2743 
2680 2690 2738 2743 2744 
2689 2701 2706 2710 2713 2715 2727 2728 
2677 2700 2707 2721 2898 
2680 2716 2720 2733 2738 
324 2740 2890 
2683 2697 2703 2707 2721 
2718 2733 2739 
69 104 324 2740 2695 2702 2724 
2672 2675 2706 2710 2723 2738 
2558 2674 2687 
2684 2703 2705 
2677 2689 2694 2697 2707 2725 
2682 2703 
2549 2579 2671 2708 2722 2732 
2696 2719 2735 
2551 2572 2681 2778 2898 
2686 2729 
2673 2683 2706 2709 2725 2726 
2672 2703 2744 
2699 2714 2731 2736 
102 2649 2735 2739 
2619 2649 2733 2739 
2683 2697 2725 
2679 2702 2727 
102 109 2686 2719 2735 
2677 2683 2694 2703 
2709 2711 2726 2871 
101 114 2670 2691 2727 2731 
2674 2707 2726 2869 2898 
2673 2728 
2679 2740 2695 2712 
2677 2690 2697 2671 
2557 2705 2722 
2557 2682 2684 2704 2722 
2673 2680 2689 2710 2725 2744 
2674 2677 2700 
2549 2593 2722 
2712 2726 
2673 2680 2706 2723 
2676 2698 2709 2712 2740 2914 
2701 2702 2709 2711 2728 
2670 2673 2727 2742 
2691 2729 2731 2736 
2673 2713 2729 2742 
2675 2693 2720 
2671 2732 2741 2743 
2678 2686 2723 2729 
2686 2696 
2633 2643 2675 2738 
2558 2674 2677 2681 2684 2737 
2685 2704 
2678 2680 2710 2718 
69 2699 2727 
2683 2689 2694 2706 2744 
2689 2698 2700 2709 2901 
2670 2673 2695 2699 2713 
2695 2701 2727 
2686 2688 2714 2715 2718 2730 2736 2742 
2670 2714 2729 
2691 2714 
2579 2616 2631 2638 2671 2685 2717 2741 
2678 2739 
32 102 2649 2650 
2686 2696 2719 2739 
91 109 114 2688 2691 2714 2729 
2557 2558 2567 2569 2588 2721 
2672 2680 2720 2741 2743 
2678 2692 2693 2733 2735 
2676 2740 2711 
2616 2643 2717 2732 2738 2743 
2670 2742 2713 2729 
2671 2738 2741 
2672 2690 2706 2725 
2752 2753 2758 2793 2797 
2596 2748 2751 2756 2774 
2394 2398 2406 2752 2754 2776 2784 2786 2790 2791 2747 
2746 2751 2765 2769 2774 2775 
2427 2444 2770 2786 2845 
2755 2762 2771 2792 2798 
2234 2382 2391 2417 2746 2748 2756 2764 2765 2767 
2745 2747 2784 
2759 2769 2775 2784 2794 2753 
2382 2394 2416 2747 2764 2767 2784 
2759 2771 2785 
2234 2577 2596 
2763 2782 2787 2788 2826 
2745 2763 2788 2796 
2753 2794 
2776 2777 2787 2790 2796 
2605 2774 2785 
2745 2750 2779 2781 2783 2793 2795 
2757 2758 2787 2788 2796 
2751 2769 
2748 2751 2764 
2605 2761 2771 2785 2789 
2382 2751 2754 
2779 2816 2888 
2753 2764 2784 
2749 2786 2790 
2750 2755 2766 2789 2887 2892 
2783 2795 2798 2858 2876 
2781 2788 2793 2851 
2603 2746 2748 2761 2775 2785 
2748 2753 2774 
2747 2760 2790 2796 2797 
2760 2787 2790 2819 2826 2845 
2605 2687 
2768 2781 2795 2888 
2768 2779 2781 2816 
2762 2773 2780 2793 2816 
2757 2788 2826 2840 
2762 2795 2798 
2747 2752 2753 2754 2764 2769 
2755 2759 2761 2766 2774 2794 
2747 2749 2770 2790 
2763 2777 2826 
2757 2758 2763 2773 
2766 2771 2778 
2760 2770 2776 2777 2786 
2381 2406 2427 2747 2749 2786 
2750 2798 2911 
2745 2762 2773 2781 
2753 2759 
2762 2772 2779 2783 2876 2888 
2758 2760 2763 2776 2797 
2776 2796 
2750 2792 2858 2911 
2804 2805 2821 2839 2849 
2813 2829 2830 3438 3465 
2782 2811 2826 2838 2839 2840 2843 
2454 2812 2820 2856 
2823 2829 2831 2836 2849 2853 
2799 2827 2832 
2799 2821 2831 
2820 2821 2831 2842 
2824 2847 
2810 2814 2819 2856 
2955 2960 3436 3537 
2808 2812 2838 2842 2843 2856 
2801 2816 2827 2840 2846 2851 2854 
2802 2810 2856 
2800 2818 3421 
2454 2749 2819 
2822 2823 2825 2832 2849 2852 2954 
2768 2780 2781 2811 2846 2851 2891 2929 
2837 2841 2945 2952 
2813 2828 2831 3421 
2777 2808 2814 2845 
2453 2802 2806 2834 2835 2847 
2799 2805 2806 2833 2842 
2815 2852 2930 2954 2822 
2803 2815 2825 2841 
2489 2828 2847 2848 2850 
2815 2945 
2757 2777 2782 2801 
2811 2854 
2807 2818 2824 2834 3421 3441 
2800 2803 2831 
2800 3438 3445 
2803 2805 2806 2818 2829 2834 2835 
2804 2849 2852 
2838 2842 2855 
2818 2828 2831 2835 
2806 2820 2831 2834 
2841 2844 2853 
2817 2841 2952 2955 
2810 2833 2839 2842 2843 
2799 2801 2804 2827 2838 2855 
2773 2782 2801 2811 2851 
2817 2823 2825 2836 2837 
2806 2810 2821 2833 2838 
2801 2810 2819 2838 
2809 2836 2841 2853 3436 
2749 2770 2777 2819 
2811 2852 2822 
2478 2807 2820 2824 
2446 2824 2850 3418 3433 3453 
2799 2803 2815 2823 2832 
2446 2489 2824 2848 
2773 2811 2816 2840 
2815 2822 2832 2846 2854 
2803 2836 3436 3445 
2811 2827 2846 2852 
2833 2838 2839 
2802 2808 2810 2812 
2875 2902 
2772 2798 2876 2883 2911 
2880 2889 2909 2953 
317 2864 
2867 2885 2903 2910 
2881 2897 2902 
2867 2891 2903 2904 2932 
2860 2865 2866 2868 2905 
2864 2866 2885 2893 2905 2906 2909 
258 303 2864 2865 2868 2906 
2861 2863 2880 2885 2909 2932 
258 261 285 2864 
2878 2898 2912 
2872 2873 2874 2893 
2698 2899 2901 2908 2914 
2870 2874 2877 2908 
2870 2877 2885 2894 2896 
264 2870 2872 2890 2899 2913 
2857 2887 2892 2900 2902 2907 
2772 2795 2858 2879 2888 2895 
2872 2873 
2869 2908 2912 
2876 2881 2895 2897 2910 2911 
2859 2867 2909 2921 2937 2958 
2862 2879 2892 2897 2902 2911 
2861 2895 2903 2904 2910 
2858 2911 
303 327 349 2889 2959 
2861 2865 2867 2873 2893 
2870 2893 2905 2913 
2771 2875 2892 2898 2900 
2768 2779 2795 2876 2891 2895 
2859 2884 2909 2953 
2676 2874 2899 2914 
2816 2863 2888 2895 2904 2918 2962 
2771 2875 
2865 2870 2885 2886 
2857 2873 2897 2907 
2879 2891 
2873 2885 2894 2897 
2879 2881 2894 2896 2910 
2687 2869 2887 2900 2898 
2890 2914 
2869 2875 2887 2898 2907 
2726 2908 2912 
2857 2862 2875 2881 
2861 2882 
2863 2891 2895 2903 
2860 2864 2865 2886 2913 
303 2865 2866 
2875 2878 2894 2900 2908 
2871 2872 2878 2901 2907 2912 
2859 2865 2867 2880 2889 
2861 2879 2882 2897 
2798 2858 2879 2881 2883 
2700 2869 2878 2901 2908 
263 264 266 2860 2874 2886 2905 
2676 2711 2871 2890 2899 
2922 2938 
2923 2941 2943 3538 3571 
2920 2931 2934 
2932 2958 2962 
341 342 371 2957 2964 2965 
2917 2934 
2937 2939 2958 
2915 2924 2944 2969 
2916 2938 2943 2951 2923 
2922 2931 
2938 2940 2948 
2945 2954 2969 
2964 3551 
2936 2944 2968 
2816 2930 2956 2822 2962 
2822 2929 2931 2954 2956 
2917 2924 2930 2934 
2863 2918 2958 
2936 2964 
2920 2956 2934 
2928 2942 2944 2947 2967 
2928 2933 2944 2951 2964 2922 2936 
2880 2921 2939 2953 2959 2967 
2915 2922 2923 2925 2951 
2937 2942 
2925 2952 2955 2969 
2916 2955 
2935 2939 2947 2962 
2916 2923 2927 2951 3551 3571 
2922 2936 
2817 2926 2966 
2937 2959 2968 
2935 2942 
2940 2969 
331 2950 2964 2968 
333 393 2949 2959 
2923 2938 2943 
2817 2837 2940 2966 2969 
2884 2889 2937 2959 
2815 2822 2825 2926 2930 2945 2961 2963 
2809 2837 2940 2941 2952 2960 
2929 2930 2931 2934 2947 2962 
2965 3552 
2880 2918 2921 2932 2962 
349 2884 2937 2950 2953 2968 
2809 2955 3537 3538 
2924 2931 2963 
2816 2891 2918 2929 2942 2947 2956 2958 
2926 2954 2961 
331 341 2919 2927 2933 2936 2949 2965 
2919 2957 2964 
2945 2952 2969 
2937 2946 
2928 2946 2949 2950 2959 
2915 2922 2924 2926 2940 2948 2952 2966 
2986 3009 3026 
2977 2992 3006 3010 
2980 3133 3135 
2990 3001 3012 3017 3032 
2327 2375 3008 
2999 3003 
2374 2990 3001 3031 
3006 3023 
3004 3008 3009 3021 
2997 3006 3029 
2972 2999 3013 3018 3024 3030 
2998 3005 
2983 2998 
2982 2989 2998 3011 3016 3020 3029 3067 3076 
3009 3015 3019 3021 
2975 3003 3013 3084 
2375 2970 2974 3008 3026 3033 
2977 3018 3023 
1677 1707 3028 
1651 3000 3016 3076 
2976 3031 
1663 2330 2338 2375 3009 3028 
2971 3004 3010 3022 3024 
2995 2996 3017 3027 
1665 1677 3015 3019 
2993 3004 3017 3022 
2993 3017 3027 3032 3113 
2979 3019 3020 
2981 2982 2983 3007 3011 3023 3067 
2975 2980 2985 3133 
1649 1651 2989 3016 
2361 2370 2474 2973 2976 2990 3012 3132 
3023 3029 
2975 2985 3041 3084 3129 3189 
2978 2992 2995 3004 
2981 2987 3013 3014 3018 3053 
2971 2979 3010 
2998 3014 3083 
2327 2974 2978 2986 3031 
2970 2978 2984 2991 3015 3021 3026 3028 3033 
2971 3004 3006 
2998 3023 
2973 3001 3032 3097 3132 3140 
2985 3018 3046 3053 3084 
2981 3005 3007 3053 3054 3083 
2984 2988 2994 3009 3019 
1649 2989 
2973 2993 2995 2996 
2980 3005 3018 3024 
1649 1665 2984 2994 2997 3015 3021 
2979 2983 2997 
2978 2979 2984 3006 3009 3019 
2992 2995 3024 3025 3030 
2977 2987 2998 3002 3011 3029 
2992 3018 3022 
3022 3027 
2970 2986 3009 3033 
2996 3025 
1663 2988 2991 
2979 2983 3002 3020 3023 
2972 2980 3022 3025 3126 3137 
2990 3008 
2973 2996 3012 3017 3097 3032 3121 
2986 3009 3026 
3078 3079 
3039 3054 
1724 1730 1754 3042 3064 
3050 3051 3081 3210 
3039 3052 3057 3038 3080 
3035 3038 3040 3054 3080 
3035 3039 3046 3084 
3003 3084 3189 
3036 3065 3068 3074 3080 
3081 3210 3221 
3047 3052 3061 3062 3069 3070 
3077 3082 3083 
3013 3040 3084 
3040 3044 3069 3038 3084 
3051 3063 3071 
3055 3078 
3037 3052 3059 3073 
3037 3048 3051 3210 
3038 3055 3057 3068 3070 3073 3080 
3005 3013 3014 3046 3054 
3014 3035 3039 3046 3053 3080 3083 
3049 3052 3078 3081 3087 
1754 3086 
3038 3052 
1745 1757 3065 3076 
3042 3050 
3041 3084 3085 3161 3189 
3044 3062 3072 3075 
3044 3061 
1926 3048 3071 3210 3231 
1754 3036 3042 3056 3059 
3042 3058 3077 
3075 3232 3296 3330 
3076 3082 3083 
3042 3052 3080 
3085 3165 
3044 3052 3055 
3048 3051 3063 3086 3050 3059 3071 
3075 3079 
3050 3052 
3042 3080 3083 
3061 3066 3072 3079 3184 
1757 2983 2989 3058 3067 3077 
3045 3076 3082 
3034 3055 3079 3087 3224 
3034 3049 3070 3072 3075 
3038 3039 3042 3052 3068 3074 
3037 3043 3055 3081 
3045 3077 3083 
3007 3014 3045 3054 3067 3074 3082 
2985 3003 3013 3040 3041 3046 3047 3060 3085 
3060 3069 3084 3165 3182 
1717 1754 1766 1914 3056 3071 
3055 3078 3194 3221 3224 
3089 3101 3131 3143 
3088 3143 
2456 3095 3098 3119 
3111 3122 3453 
3097 3113 3114 3116 3121 
3138 3140 
3101 3104 3125 3094 3142 
2456 2464 3090 3098 
3127 3128 3131 3136 3141 
3032 3092 3114 3121 3140 
2464 3090 3095 3108 3111 
3094 3142 
3089 3107 3110 3131 3143 
3088 3104 3187 
3106 3113 3116 
3108 3110 3127 3141 3432 3450 3461 
3094 3101 
3106 3128 
3102 3105 3109 3116 3128 3136 
3100 3117 3143 3145 3155 3156 3187 
3098 3103 3122 3127 3407 3410 3418 3450 
3106 3124 3136 
3100 3103 3117 3131 3134 3141 3432 
3098 3453 
2472 3138 
2996 3092 3102 3121 3137 
3092 3097 3112 3116 3130 3138 3140 
3123 3139 3147 3161 3189 
3092 3102 3106 3114 3124 3130 
3110 3134 3117 3405 3460 
2474 3132 
3090 3124 3127 3130 
3101 3125 3139 3147 3187 
3092 3097 3113 
3091 3418 
3115 3133 3139 3189 
3109 3116 
3094 3126 3137 3139 
3030 3125 3135 3137 3139 
3096 3103 3108 3119 3124 3141 
3096 3105 3106 3094 
2975 3133 3189 
2456 2472 3112 3114 3116 3119 
3088 3096 3099 3100 3110 3142 
3001 3012 3118 3140 
2972 2975 2999 3129 3135 3139 
3110 3117 3405 3432 
2972 3135 3126 3133 3139 
3096 3106 
3025 3027 3126 
2474 3093 3112 3114 3140 
3115 3120 3123 3125 3126 3133 3135 
3012 3093 3097 3114 3132 3138 
3096 3103 3110 
3094 3099 
3089 3100 3107 3187 
3145 3146 3148 3152 3156 3168 3186 3489 
3107 3117 3144 3156 3475 3489 
3144 3178 3186 
3115 3120 3169 3174 3187 
3144 3186 3489 
3152 3162 3167 
3157 3188 
3176 3190 3191 3630 
3144 3149 3162 3168 
3165 3174 3175 
3150 3157 3170 3173 3183 3188 
3107 3158 3164 3169 3187 
3144 3145 3179 3185 
3150 3154 3172 
3155 3164 
3160 3163 3171 3173 3188 
3159 3166 
3115 3147 3182 3189 
3149 3168 3169 3171 3179 
3159 3177 3181 3184 3188 
3155 3158 3164 3179 
3069 3085 3153 3160 3166 3177 3182 
3165 3175 
3149 3178 3183 3186 
3144 3152 3179 
3147 3155 3162 3164 3174 3179 3187 
3151 3154 3157 3176 3190 
3159 3162 3173 3175 
3157 3188 3323 
3154 3171 3183 
3147 3153 3169 
3153 3166 3171 3174 
3151 3308 3313 
3061 3163 3165 3184 
3146 3167 3186 
3156 3162 3164 3168 3169 3185 
3167 3183 3190 3483 
3163 3184 3306 3330 
3085 3161 3165 
3167 3173 3180 
3061 3075 3163 3177 3181 
3156 3179 
3144 3146 3148 3167 3178 3479 3483 3515 
3101 3107 3120 3143 3147 3155 3169 
3150 3154 3172 3306 3333 
3041 3060 3115 3123 3129 3161 
3151 3170 3180 3483 
3151 3483 3503 3513 
3197 3200 3207 3208 
3203 3222 3225 3235 3267 
3087 3205 3217 3221 3228 3230 
3201 3214 3223 3224 3232 
1889 3063 3231 1914 3196 
3192 3200 3202 3210 3221 3230 3231 
3226 3229 3297 3318 
3198 3214 3229 3297 3304 3338 
3192 3197 3204 3216 
3195 3214 3296 3314 3330 3334 
1889 1894 3197 3208 3231 3234 3202 
3211 3215 3225 3233 
3194 3216 3230 
3194 3217 3219 3228 
1885 1892 1896 3209 3220 3276 
3192 3208 3216 3233 
1890 1895 1906 3192 3202 3220 3234 
3206 3213 3215 3220 3276 
3037 3043 3048 3051 3063 3081 3197 3221 
3203 3218 3226 3227 3233 3235 
3214 3219 3227 3229 
3209 3215 3281 
3195 3201 3212 3223 3291 3338 
3203 3209 3213 3233 
3200 3204 3207 3218 3233 
3194 3205 3211 3227 
3211 3216 3233 
3212 3227 3228 
1885 3206 3208 3209 
3043 3087 3197 3210 
3193 3260 3262 
3195 3214 3224 3228 
3034 3066 3078 3087 3195 3223 3228 3232 
3193 3203 3213 3267 3281 
3198 3211 3235 3249 3262 3318 
3211 3212 3219 
3194 3219 3223 3224 
3198 3199 3212 
3194 3197 3200 3204 
1889 3063 3196 3197 
3066 3224 
3203 3207 3211 3215 3216 3218 
1894 1895 3202 3208 
3193 3211 3226 3262 
3273 3278 3285 3286 
3238 3237 3279 3280 3282 3284 
3237 3268 
3248 3271 3274 3278 
3264 3265 3266 3277 
2050 3242 3250 3266 3269 3272 3286 
3241 3269 3270 3272 
3258 3265 
2181 3252 3372 
3249 3253 3271 3288 3386 3388 
3256 3257 3259 3261 3287 
1959 1963 3257 3259 
3239 3267 3287 
3226 3245 3253 3262 3318 3388 
3240 3241 3266 3277 3285 
3256 3278 3287 
3244 3254 3284 3367 3372 
3249 3262 3271 
3252 3280 3348 
3254 3280 3288 3386 
3246 3287 
3246 3247 3259 3281 3283 3289 
3243 3259 3261 1935 3258 
1935 1959 1976 3246 3247 3257 3258 
3222 3248 3267 
3236 3246 3259 3285 
3222 3226 3235 3249 3253 
3246 3287 
684 1975 2012 2068 3240 3265 
1935 1975 3240 3243 3277 
2012 2050 3240 3241 3250 
3193 3225 3248 3260 3263 3281 
3238 3269 3273 3279 
3241 3242 3268 3273 3279 
2002 2011 2042 3272 
3239 3245 3274 
2001 2011 2050 3241 3270 
3236 3268 3286 
3239 3271 3278 3288 
1924 3276 3283 3289 
1924 3206 3209 3213 3275 
3240 3250 3265 
3236 3239 3237 3251 3274 3287 3256 3278 
2002 3242 3268 3269 3282 
3237 3254 3255 3274 3284 3288 
3213 3246 3257 3263 3267 3289 
2021 2047 3279 
1924 3257 3275 3289 
2008 2060 3237 3252 3254 
3236 3250 3261 3277 
3241 3273 
3246 3248 3251 3263 3278 
3245 3255 3274 3280 3386 
3257 3276 3281 3283 
3302 3310 3329 3652 
3214 3320 3334 3338 
3293 3298 3301 3326 3377 3387 
3301 3387 
3300 3329 3635 3660 
3302 3310 3331 
3201 3232 3330 
3198 3304 
3292 3318 3326 3332 3391 
3320 3333 
3294 3324 3335 3646 3660 
3292 3293 3326 3346 3387 
3290 3295 3303 3336 
3295 3302 3319 3326 3364 
3199 3297 3317 3320 3338 
3309 3312 3320 3337 
3181 3188 3314 3330 3333 
3328 3312 3322 3335 3336 
3176 3313 3315 3327 3630 
3305 3309 3325 3328 
3290 3295 3355 3361 
3313 3322 3324 
3305 3337 
3176 3308 3311 3322 3323 
3306 3320 
3327 3630 3646 3661 
3312 3322 3323 
3297 3320 3321 3332 
3198 3226 3249 3298 3332 
3303 3321 3325 3326 3319 
3291 3299 3304 3305 3314 3317 3321 
3317 3319 3320 3309 3325 3332 
3307 3311 3313 3316 3323 3324 
3172 3176 3313 3316 3322 
3300 3307 3311 3322 3646 
3309 3319 3321 3328 
3298 3301 3303 3339 
3308 3315 3646 
3328 3309 3325 
3290 3294 3335 3336 3635 3652 
3066 3181 3201 3296 3306 3314 
3295 3310 3355 3360 3364 
3297 3317 3318 3321 
3172 3188 3299 3306 
3201 3291 3334 
3300 3307 3324 3329 3336 
3290 3302 3307 3335 
3299 3312 3316 3333 
3199 3214 3291 3304 
3326 3345 3364 
3356 3392 
3359 3383 3384 3397 3669 3698 
3348 3350 3371 3358 3390 
3395 3667 
3373 3385 3390 3393 
3339 3346 3347 3364 
3301 3339 3345 3347 3387 
3345 3387 3394 3401 
3342 3367 3402 
3369 3384 3399 
3342 3357 3358 3375 
2199 3365 3371 3398 
2183 2196 3380 3383 3674 
3370 3371 3402 
3375 3381 3388 3391 
3310 3331 3360 3361 3673 
2183 3340 3365 3383 
3350 3375 3376 3390 3393 
3342 3381 3386 
3341 3349 3378 3383 3384 3385 
3331 3355 3363 3364 3396 
3310 3355 3640 3652 3673 
2168 3380 3674 3713 
3360 3364 3396 
3295 3303 3331 3339 3345 3360 3363 
2183 3351 3356 3398 
3341 3384 3684 3698 
3348 3402 
3372 3389 
3349 3376 3385 
2193 2199 3353 3389 
3351 3353 3370 3371 
3244 3252 3368 3389 
3344 3379 3390 3392 3371 3373 
3384 3396 
3350 3354 3357 3376 3381 3394 
3357 3375 3393 3394 
3292 3298 3387 3391 
3359 3379 3382 3383 
3340 3373 3378 3392 
2168 2196 3352 3362 3674 
3245 3358 3386 
3359 3379 3385 
3340 3341 3352 3356 3359 3378 3397 3674 
3341 3349 3359 3366 3395 
3344 3359 3369 3382 
3245 3255 3288 3358 3381 
3292 3293 3301 3346 3347 3377 3401 
3245 3249 3354 3391 
2158 2193 3368 3370 3372 
3342 3344 3350 3357 3373 3393 
3318 3354 3377 3388 3401 
3340 3373 3379 3398 
3344 3357 3369 3376 3390 
3347 3354 3401 
3343 3374 3384 3400 
3360 3374 3399 
3341 3383 3669 3671 3692 
3351 3365 3392 
3349 3363 3369 3396 
3343 3384 3395 3667 
3347 3391 3394 
3353 3367 3372 
3419 3460 3476 3506 
3411 3452 3404 3458 3459 
3117 3425 3428 3460 
3404 3414 3416 3427 
3108 3410 3415 3416 3418 3443 
3417 3436 3537 3559 
3411 3422 3427 3451 
3108 3407 3431 3450 
3404 3409 3462 
3424 3429 3449 3462 
3420 3505 
3406 3415 3458 3463 
3406 3407 3414 3416 3443 3448 3456 
3406 3407 3415 3418 3423 
3408 3436 3445 3446 
2848 3108 3122 3407 3416 3423 3433 3453 
3403 3425 3426 3442 3460 3496 
3413 3430 3435 3440 3454 
2813 2818 2828 3422 3427 3464 
3409 3421 3427 3438 3465 
3416 3418 3427 3433 3441 3464 
3412 3446 
3405 3419 3426 3428 3432 
3419 3425 3431 3456 3461 
3406 3409 3416 3421 3422 3423 3464 
3134 3405 3425 3432 
3412 3449 3457 3519 3522 3561 
3420 3439 
3410 3450 3456 
3103 3110 3134 3425 
2848 3423 3441 
3440 3447 3457 3458 
3420 3440 3507 3567 
2809 2844 2853 3408 3445 3537 
3413 3439 3463 3496 
2830 3422 3445 3465 
3430 3437 3463 
3420 3430 3434 3435 3439 3447 3458 3531 3558 
2828 3433 
3448 3496 
3407 3410 3415 3456 
3429 3446 3559 3561 
2830 2853 3417 3424 3436 3438 3451 
3417 3424 3444 3445 
3434 3440 3531 
3415 3496 
3412 3429 3457 3462 
3108 3410 3431 
3409 3424 
3404 3459 
2446 2848 3091 3111 3122 3418 
3413 3420 3435 3486 3500 3507 
3457 3459 
3415 3426 3431 
3429 3434 3447 3449 3455 
3404 3414 3434 3440 
3404 3452 3455 
3117 3403 3405 3419 3475 
3103 3425 3426 
3409 3411 3412 3449 
3414 3437 3439 3448 3458 3496 
3421 3423 3427 
2800 2813 3438 
3473 3504 3512 3513 3515 
3482 3490 3508 3510 3511 
3480 3499 3518 3639 
3476 3479 3489 3512 
3490 3582 3634 3747 
3478 3484 3494 3509 3517 
3477 3487 
3466 3487 3501 3512 
3494 3498 3506 3505 3509 
3117 3460 3476 3489 
3469 3475 3489 3497 3516 
3472 3495 
3471 3486 3488 3500 3517 
3148 3186 3469 3489 3512 
3468 3477 3495 3499 3518 
3498 3502 3509 3517 
3467 3482 3502 3508 3601 
3167 3180 3186 3190 3191 3513 3515 
3494 3505 
3487 3497 3512 
3454 3478 3505 
3472 3473 3485 3497 3512 3514 
3478 3492 3500 3502 3507 3592 
3144 3145 3469 3475 3476 3479 
3467 3470 3491 3493 3511 
3490 3511 3582 
3488 3507 3567 3581 3592 
3490 3499 
3471 3474 3484 
3467 3477 3480 3498 
3419 3437 3442 3448 3463 3505 3506 
3476 3485 3487 3516 
3472 3474 3481 3495 
3468 3480 3493 3510 3639 
3454 3478 3488 3507 
3504 3514 3518 
3481 3482 3488 3517 3579 3600 3601 
3191 3513 3630 3661 
3466 3501 3518 
3413 3437 3454 3474 3484 3486 3496 
3403 3496 3506 3516 
3435 3454 3488 3492 3500 3567 
3467 3482 3511 
3471 3474 3481 3517 
3467 3493 
3467 3490 3491 3508 3601 
3469 3473 3479 3485 3487 3515 
3191 3466 3483 3504 3515 3518 3633 
3472 3501 
3186 3466 3483 3513 
3472 3474 3476 3497 3498 3506 
3471 3478 3502 
3468 3480 3501 3504 3513 3654 
3522 3560 3561 
3523 3528 
3553 3556 
3429 3519 3527 3531 3533 3544 3560 
3520 3528 3542 3549 3553 3556 3570 
3564 3569 3572 
1099 3532 3541 3543 
3530 3535 3536 3546 
3550 3564 
3523 3573 
3550 3557 3575 3614 
3526 3544 
3429 3440 3522 3533 3531 
1087 1099 1113 3566 
3522 3527 3531 3550 
3538 3554 3574 
3556 3560 3565 
3526 3546 3569 
2809 2960 3408 3436 3559 
2916 2941 2960 3554 3565 3574 
3548 3554 3559 3561 
1089 1103 3543 
1099 3525 3543 3547 
2957 3520 3523 3549 3551 3552 
3525 3553 3566 3569 
3522 3530 3564 
3568 3589 3591 
3526 3553 
1093 3568 3569 
3539 3560 3565 
1073 1074 3523 3542 3552 3553 
3527 3533 3531 3572 
2927 2943 3573 
371 1074 1115 2957 3542 3549 
1073 3521 3523 3543 3546 3549 
3534 3538 3539 3559 
3558 3562 3614 
3521 3523 3556 3535 3570 
3529 3550 3572 
3435 3440 3531 3555 3562 
3408 3444 3446 3537 3539 3561 3574 
3519 3522 3548 3565 
3429 3444 3519 3539 3559 3561 
3435 3555 3558 3567 
3568 3575 3585 3602 3607 
3524 3526 3527 3530 3544 
3535 3538 3560 3570 3571 3573 
1103 1113 3525 3532 3543 
3492 3507 3562 
3545 3547 3563 3569 3572 3591 3602 
3524 3536 3543 3547 3568 3572 
3523 3556 3565 3573 
2916 2943 3538 3551 3565 3573 
3524 3550 3557 3568 3569 
3528 3565 3570 3571 
2960 3534 3537 3559 
3529 3557 3563 3578 3585 
3583 3588 3599 
3578 3579 3581 3586 3617 3592 3612 
3575 3577 3581 3585 3588 3614 
3502 3577 3600 3612 
3587 3590 3596 3616 
3492 3577 3578 3592 3614 
3470 3491 3595 3601 3608 3747 
3576 3599 3605 3607 3613 3619 3621 
1159 3606 3616 3619 
3563 3575 3578 3607 
3577 3578 3599 
3580 3590 3593 3594 
3576 3585 
1093 1145 1164 3545 3547 3604 3609 3613 
3580 3587 3606 3617 3619 
3545 3568 3602 3607 3613 
3488 3492 3581 
3587 3594 3596 3745 3756 3761 
3587 3593 3615 3618 3733 3737 
3582 3600 3601 3608 3611 3615 
1157 3580 3593 3616 3620 3741 3745 
3598 3621 
1130 1139 3597 3604 
3576 3583 3586 3590 3617 
3502 3579 3601 3611 3612 
3482 3502 3511 3582 3595 3600 
3563 3568 3591 
3608 3720 3733 
1145 3589 3597 3598 3605 3613 
3583 3621 
3584 3590 
3563 3583 3585 3591 3613 
3595 3603 3615 3747 
3589 3613 
1147 1154 1159 1175 3616 3620 
3600 3615 3618 
3617 3600 
3583 3591 3604 3609 
3529 3555 3575 3578 3581 
3594 3611 3733 
3580 3584 3596 3610 3620 
3617 3590 
3594 3611 
3583 3584 3590 3606 
1147 1153 1157 1173 3596 3610 3616 
1130 1159 3583 3597 3598 3605 
3631 3647 3751 
3624 3641 3656 
3623 3627 3635 3640 3650 3652 3700 
3315 3632 3633 3641 3646 3654 3661 
3629 3637 
3624 3650 3682 3700 
3631 3653 3658 3694 3711 
3626 3644 3649 3655 3659 
3151 3191 3308 3503 3661 
3622 3628 3636 3642 3643 3658 
3625 3639 3654 
3513 3518 3625 3654 3661 
3470 3493 3747 
3294 3329 3624 3638 3652 3660 
3631 3642 3656 3658 3682 
3626 3645 3649 3747 
3641 3660 
3468 3499 3518 3632 3634 3654 3655 
3361 3624 3652 3662 
3625 3638 3646 3656 3660 
3631 3636 3643 3644 3656 3657 
3631 3642 3647 3657 
3629 3642 3656 3657 3659 
3637 3647 3651 3738 3742 3747 
3300 3311 3315 3324 3327 3625 3641 3660 
3622 3631 3643 3645 3651 3732 3742 
3622 3751 
3626 3629 3651 3657 
3623 3624 3627 
3645 3647 3649 3657 
3329 3361 3624 3640 
3628 3723 3744 
3518 3625 3633 3639 
3634 3639 3659 
3623 3636 3641 3642 3644 
3642 3649 3651 
3628 3631 3636 3682 3703 3710 
3644 3655 
3294 3300 3635 3641 3646 
3315 3503 3625 3633 
3624 3667 3689 
3694 3711 3763 3806 
3680 3691 3697 3706 3707 
3675 3678 3686 3690 3691 
3696 3701 3707 
3343 3400 3662 3673 3684 3689 
3663 3676 3683 3710 3795 3806 
3397 3671 3698 
3695 3704 3786 3800 3802 
3669 3692 3699 
3704 3800 
3355 3361 3662 
3352 3362 3380 3383 3677 3685 3702 
3665 3686 3688 3691 
3668 3678 3705 
3362 3674 3702 3713 
3676 3679 3681 3686 3690 3705 3714 
3678 3681 3684 3686 3689 3679 
3664 3702 3707 
3679 3700 3705 
3627 3636 3658 3703 
3668 3703 
3366 3400 3667 3689 3679 
3671 3674 3702 
3675 3678 3679 3688 
3698 3679 3712 
3664 3686 3697 3712 
3662 3667 3679 3681 3684 
3665 3672 3678 3691 3704 3714 
3664 3665 3695 3706 
3383 3671 3674 3685 
2513 3695 3708 3709 
3628 3658 3663 3710 
2495 3670 3695 3691 3706 3708 3709 
2538 3706 
3664 3702 
3341 3669 3684 3687 3699 3712 
3671 3685 3698 3712 
3624 3681 3689 
3696 3706 
3674 3680 3697 3712 
3658 3682 3683 3705 
3672 3691 3690 
3676 3678 3681 3683 3703 
2495 3664 3691 3696 3701 
3664 3666 3680 
2513 2520 2528 3693 3695 
2513 2664 3693 3695 3802 
3658 3663 3668 3694 
3628 3653 3663 3763 
3687 3688 3697 3698 3699 3702 
2505 2534 3362 3677 
3668 3690 3795 
3718 3726 3736 3748 3753 3755 3762 
3721 3759 
3723 3752 3824 
3715 3726 3743 3750 3755 
3648 3723 3744 3751 3752 
3603 3737 3738 3740 3760 3761 
3716 3730 3758 3759 3780 3824 
3724 3727 3739 3746 3754 
3653 3717 3719 3752 3763 3787 3817 
3722 3736 3739 3740 3757 
1324 1339 3731 3758 3821 
3715 3718 3728 3743 3754 
3716 3722 3739 3752 3759 3732 
3736 3746 
3732 3734 3735 3739 3757 
3721 3725 3758 3821 
1317 3725 3750 3755 3758 
3647 3648 3719 3734 3752 3732 
3594 3603 3615 3737 
3732 3739 
3645 3729 3757 3760 
3715 3724 3728 3740 3762 
3720 3733 3761 
3603 3645 3720 3747 
3722 3724 3727 3729 3734 3739 3757 
3720 3724 3736 3756 
3745 3749 3762 
3645 3647 3729 
3715 3718 3726 
3653 3719 3751 
3593 3596 3741 3756 3762 
3728 3754 
3470 3582 3603 3608 3634 3637 3645 
1357 1359 3753 3755 
1319 3741 3762 
3731 3755 3758 
3648 3628 3719 3744 
3717 3719 3723 3727 3759 
1319 1357 3748 3749 
3716 3722 3726 3746 3750 3758 
1359 3715 3718 3748 
3593 3736 3740 3745 3761 3762 
3720 3724 3729 3735 3739 3760 
3725 3730 3750 
3716 3717 3721 3727 3752 3824 
3645 3720 3735 3738 
3593 3737 3756 
3715 3756 
3653 3663 3711 3806 3817 
3773 3777 3813 3808 
3784 3793 
3776 3809 3826 
3764 3777 3788 3791 3805 3825 
3765 3792 3793 3799 3819 
3778 3782 3802 3804 3815 
3803 3804 3820 3770 3790 3822 
3778 3785 3789 
1370 3773 3779 3808 
3764 3772 3777 3779 3780 3808 
3789 3798 3822 
3812 3816 
2637 3766 3792 3809 3826 
3764 3767 3773 3780 
3769 3771 3815 
3772 3773 3796 
3721 3730 3773 3777 3791 3794 3796 3821 
3812 3814 3816 
2622 2642 2664 3769 3802 3804 
3790 3793 3798 
3765 3808 3810 3813 3818 3819 
3771 3786 3814 3823 
3670 3785 3802 3816 
3723 3717 3787 3811 3817 3824 3825 
3767 3781 3783 3798 3812 3813 
3771 3774 3803 3822 
3770 3801 
3767 3780 
2637 3768 3776 3793 3801 
3765 3768 3783 3788 3790 3792 3813 
3780 3791 3805 
3668 3672 3806 
1374 3779 3780 
3787 3805 3824 3825 
3774 3783 3788 3823 3798 
3768 3807 3809 3819 
3670 3775 3786 3806 3811 3816 
2641 3790 3792 3820 
2664 3670 3709 3769 3782 3786 3815 
3770 3771 3789 3804 
3769 3770 3803 3820 
3767 3791 3794 3797 
3663 3668 3763 3795 3800 3811 3817 
1366 1367 1415 1417 3799 3809 3810 3818 
1370 1395 3764 3772 3773 3784 3818 
1367 3766 3776 
3810 3807 3819 
3787 3800 3806 3812 3825 
3775 3781 3788 3811 3816 3825 
3764 3784 3788 3793 3813 
3781 3785 3786 3816 
3769 3778 3802 
3775 3781 3786 3800 3812 3814 
3723 3763 3787 3806 
1395 1417 
3768 3784 3799 3810 
2641 3770 3801 3804 
1324 1374 3725 3730 3780 3796 
3770 3774 3789 
3771 3785 3798 3814 
3721 3717 3759 3787 3797 
3767 3787 3797 3811 3812 
1367 3766 3776 

