3444 13855
20 25 1149 
13 17 29 
13 17 
9 28 40 
19 25 36 38 39 
10 16 28 34 
15 21 22 23 27 91 127 
3 26 
4 24 28 40 60 71 
6 18 23 34 
26 33 2279 2263 2275 
19 1132 2271 
2 13 38 39 
17 33 35 2279 
7 27 34 91 124 125 
4 6 40 
2 3 14 35 
10 16 18 32 
37 39 1132 2271 2304 
1 25 36 1126 1156 
22 127 1144 
7 21 
7 10 27 
9 60 106 112 119 
1 5 20 32 
8 11 30 31 33 69 2275 2293 2339 
15 34 
4 6 
2 35 37 39 2269 2279 
8 26 31 40 
26 30 42 66 69 77 
1 18 25 38 13 
8 14 26 
10 15 27 125 
35 2279 
5 20 1156 1169 
19 29 39 2269 
5 13 32 39 
13 19 29 38 
4 9 16 30 42 45 
58 68 79 212 
31 40 
52 79 83 86 191 192 212 
53 61 
40 42 56 62 66 71 
48 53 2350 
54 65 67 70 76 80 
61 65 2317 2327 2347 
54 82 87 
47 59 63 67 70 
57 60 167 173 
43 81 82 86 225 
69 2339 2350 2358 
47 76 82 86 
55 68 73 2318 2332 
45 56 70 85 
51 60 62 74 78 
41 68 212 2494 
56 63 77 
24 51 57 71 119 
44 46 48 
45 56 57 71 74 
50 59 70 63 
72 78 
47 48 83 
59 77 
59 88 
55 58 2332 
26 31 44 53 77 88 
50 63 
9 40 45 57 60 62 
64 78 84 87 166 
48 55 2318 
57 62 
82 169 189 195 
47 54 80 
59 66 67 69 88 
64 72 78 156 179 
41 43 68 83 
47 49 85 87 
52 82 211 
49 52 54 75 81 87 195 211 
65 73 79 86 
72 87 84 153 166 169 
56 72 80 87 
43 54 
49 72 75 80 82 84 85 
44 67 
93 110 435 
130 133 
7 90 99 127 130 
93 100 107 154 
89 92 107 110 126 154 170 
105 113 117 411 
123 129 1253 1260 1285 95 
98 101 
134 101 
96 101 102 
115 124 130 
92 107 109 111 113 
97 98 102 118 134 
98 112 132 142 
90 114 116 133 1251 1289 
105 129 411 422 1265 1266 1275 
94 104 113 123 411 
24 28 125 
92 100 126 
117 407 
100 122 
89 170 435 439 478 
92 96 100 135 
24 106 118 119 
94 100 105 109 120 131 
115 116 120 121 130 
99 114 120 131 
103 121 1240 1254 1289 
94 108 109 122 
97 101 106 112 
60 112 142 167 
113 114 
114 120 1253 1254 1286 
109 117 
95 104 105 129 
15 99 125 134 
6 15 28 34 106 124 
89 93 107 122 
7 21 91 1144 
135 164 177 
104 1266 95 
91 114 
96 111 115 
102 142 164 
90 103 1144 
97 134 101 115 124 
92 102 111 128 
138 168 171 
161 170 172 506 
136 148 158 162 165 
155 164 180 
142 159 160 164 167 181 
149 158 182 340 
102 132 164 167 
148 150 151 327 345 
151 161 174 499 508 
153 
139 152 176 
461 489 499 
138 143 151 165 168 
141 157 158 163 347 
143 165 182 323 334 
147 148 168 489 492 144 
146 162 171 176 
145 153 181 
92 170 172 
139 162 178 181 
159 160 166 173 179 
163 169 175 
138 141 149 163 
140 160 
140 156 167 173 
137 144 
136 152 155 171 
149 155 157 158 162 178 
139 140 142 164 177 180 
138 148 150 182 
84 159 179 181 
51 119 140 
148 151 171 
75 84 145 153 157 175 178 189 
170 110 137 154 172 
136 152 162 168 
137 154 170 
51 57 78 156 160 
137 144 161 462 466 496 
157 189 347 
146 152 180 
92 128 154 164 180 
163 169 
78 156 166 179 
139 154 164 176 177 
139 140 155 
141 150 165 182 
196 197 213 229 319 
187 200 205 229 
195 200 301 
215 228 
184 205 229 300 302 
200 204 216 
75 169 175 195 301 303 347 
206 210 213 
43 192 228 
43 52 191 
214 217 226 244 251 
220 2488 
82 185 189 211 200 301 
183 226 202 208 213 
183 319 338 
208 218 219 226 
203 208 
184 185 188 208 216 221 229 200 
214 2484 2495 
210 213 
199 204 219 228 
188 199 203 
184 301 330 343 
190 213 259 271 290 
188 211 
196 198 199 216 227 
215 2487 
190 202 226 259 
81 82 195 207 221 230 200 
41 232 2494 
183 190 196 197 202 206 338 
193 201 218 
186 209 219 220 228 231 2507 
188 200 204 208 
214 244 252 
214 219 224 
198 215 218 220 219 231 
215 219 223 2507 2513 220 
188 200 207 211 
194 214 223 2495 2510 
194 222 
193 218 
52 81 230 
226 193 210 224 251 259 
196 208 
186 191 212 215 219 231 232 
184 187 200 227 300 319 
211 225 191 192 204 230 
215 219 
186 209 212 228 2487 2494 
247 233 283 293 865 867 895 
242 255 253 286 234 
256 270 292 
239 258 272 386 913 
257 282 2571 
271 289 354 366 392 
236 353 
241 267 279 
240 254 267 273 279 293 
234 273 274 
263 270 2560 
193 217 250 251 252 
246 2532 2551 2555 
245 247 266 2524 
246 233 2524 
262 265 269 275 276 284 285 288 289 
269 285 
244 253 284 
193 226 244 259 284 291 
217 244 250 257 
255 253 282 
241 260 273 287 
234 253 270 2560 
235 286 
252 282 2531 
236 239 353 360 
206 210 226 251 290 291 
254 260 272 276 287 
235 264 266 292 2537 2540 
248 265 273 274 275 
243 270 2537 
245 246 261 266 
248 262 
246 256 261 264 280 
240 241 267 293 
287 870 877 890 
248 249 285 289 354 355 
235 255 263 292 2560 
206 238 248 288 289 338 366 
236 239 260 
241 242 254 262 274 
262 273 
248 262 
248 260 278 285 
257 201 217 252 277 2484 
239 353 
240 280 
266 279 281 283 286 
247 233 266 280 283 
237 253 257 2560 
281 267 
248 250 290 
248 269 276 355 
234 256 280 
254 260 890 
248 271 290 
238 248 269 271 
206 259 284 288 291 
251 290 
235 261 270 2537 
233 241 267 867 878 890 
298 319 338 
298 329 336 
308 663 
299 316 332 372 
294 295 307 319 328 
297 315 333 372 
187 229 302 307 
185 189 195 205 303 343 
187 307 
301 311 313 335 340 343 344 347 
310 314 324 325 346 317 
323 331 335 340 182 
308 317 331 344 346 
295 298 302 311 319 
296 306 320 323 331 613 
314 322 324 333 337 
296 304 346 657 
302 303 307 313 330 339 
320 327 348 471 613 660 
303 311 318 341 344 
304 324 325 337 
299 333 
297 349 395 
306 344 
313 344 
229 294 298 300 307 
308 312 348 613 
325 326 337 342 
299 309 324 374 621 
150 305 308 331 334 
304 309 314 322 657 661 
314 321 325 
318 321 329 342 
143 312 345 348 471 
294 336 349 366 395 
326 332 337 339 
311 343 
305 308 323 
297 309 316 333 349 
297 309 315 332 
150 308 323 345 
303 305 344 
295 328 
309 314 326 329 
197 206 213 271 366 
295 311 329 341 
141 149 305 335 347 
313 339 
321 326 344 
205 301 303 330 
303 306 313 317 318 331 335 342 
327 334 348 
304 306 
149 175 303 
312 320 327 334 345 
316 328 332 
354 392 
360 367 369 390 
362 678 684 982 1326 
239 278 285 351 355 360 
238 269 350 355 392 
249 269 353 354 
364 690 
385 350 355 357 
361 388 389 397 367 403 
368 385 401 402 
258 351 
358 388 385 389 
393 982 1033 
369 375 1030 
372 374 384 400 674 690 705 
367 390 
271 338 368 392 395 
365 390 367 
359 366 395 402 
351 363 367 375 398 
378 382 393 675 708 
371 381 387 391 
297 299 364 372 374 
384 400 404 
322 372 621 693 705 
369 398 1032 
357 383 385 390 
379 399 
356 377 379 393 690 
356 377 378 399 373 379 
387 397 
371 387 
352 393 675 
365 390 
364 373 400 
357 361 376 401 404 
258 909 1030 
380 381 394 396 403 995 1033 
371 388 381 397 404 
358 383 
351 353 365 367 376 383 
371 393 
238 354 392 366 
371 370 378 382 391 
375 387 398 995 1032 
316 328 395 368 
381 387 388 397 
358 380 396 
367 375 394 403 
379 399 404 
364 373 384 
359 372 385 
359 368 
358 387 398 
373 385 388 399 
425 434 450 
435 449 458 
108 434 458 
439 478 
412 459 1600 1613 
426 454 
94 105 425 434 
409 425 459 1581 1588 1592 1598 
421 440 464 
429 431 441 
444 448 
423 438 451 416 418 
413 421 551 
451 460 
427 436 
420 451 452 457 1593 
413 417 440 
1265 1598 1606 
442 452 551 
427 453 497 500 
405 411 412 434 447 1598 
410 415 458 
419 424 444 453 454 
428 437 446 450 
410 419 436 431 
460 530 1575 
414 442 431 
442 456 551 
410 446 
94 108 405 411 425 434 
89 110 406 439 449 
429 441 
428 433 445 
416 558 562 
408 512 435 449 478 
413 417 421 464 534 551 561 602 
414 436 443 453 
423 431 432 452 
414 432 441 456 
415 427 448 454 455 500 
437 447 450 457 420 459 1600 
428 426 433 437 458 
412 425 445 450 
449 455 
512 435 439 448 455 
405 428 447 
418 420 423 
420 423 457 
424 427 504 441 413 453 472 
410 427 444 
444 449 500 512 
432 443 551 
420 445 
406 407 446 
409 445 
418 430 530 1575 1593 
147 481 482 486 499 
174 465 503 
470 475 504 
413 440 472 476 602 
462 485 486 495 503 
174 462 
469 480 501 502 
474 490 511 
467 468 480 
463 479 495 510 
312 327 484 492 643 660 
413 464 510 
487 493 
487 494 498 
463 491 475 
472 477 510 587 
476 488 490 
110 408 439 496 506 
480 486 510 
467 469 479 482 484 486 502 505 
461 508 
461 480 486 489 
494 509 614 636 652 
471 492 505 643 
465 495 507 485 
461 465 482 
493 494 
477 571 579 587 603 
147 151 461 482 492 
477 498 511 
475 497 500 504 
471 484 
473 487 569 571 581 589 
473 483 487 509 581 614 
470 485 507 
174 478 512 
424 491 500 504 
474 487 490 571 
144 461 481 508 
424 444 455 491 497 
502 623 649 
467 480 501 
462 485 
424 504 463 472 475 497 
480 484 502 643 
170 110 137 
485 491 475 495 
144 481 499 
483 494 652 
470 472 476 479 
468 477 479 490 
512 466 478 
517 518 519 520 557 566 
526 531 538 552 556 516 
460 516 556 562 
515 546 562 565 516 
540 566 
513 557 563 1755 
513 1755 
513 523 536 
551 558 
532 555 522 
520 548 580 597 1747 1821 
537 542 
535 538 555 558 565 
538 555 
527 537 564 1696 1721 1728 
549 557 
524 542 563 1741 1780 
430 460 556 1679 1720 
514 552 556 564 1686 1715 1728 
522 550 564 
2895 1706 
440 521 543 551 561 
525 541 543 547 561 
519 520 1747 1751 1755 1757 
527 1696 537 
514 525 565 
542 2892 2895 
517 544 545 554 
541 553 559 
524 529 533 2895 542 1741 
521 525 534 535 561 
540 548 554 580 606 
535 540 541 547 566 
565 516 
554 561 570 
523 544 580 
557 563 
527 532 537 564 
551 417 423 432 438 456 534 558 
514 531 564 
541 557 559 560 
540 544 545 547 606 
522 525 526 560 
460 514 515 530 531 1683 1686 1720 
513 518 528 549 553 560 566 
438 521 525 551 562 
541 553 560 535 559 
528 553 
440 534 535 543 547 570 602 
438 515 558 
518 529 549 1731 1738 1752 1780 
527 531 532 550 552 
516 538 546 
513 517 
583 588 
568 578 604 591 594 595 605 
493 581 589 599 604 
547 561 
488 490 493 498 589 593 
577 598 
572 596 608 
547 570 591 606 
581 757 766 
595 1786 1810 576 
561 570 572 598 
568 585 594 600 607 768 781 
587 596 
523 544 548 591 595 597 
473 493 494 569 575 599 614 753 
579 584 596 
567 586 791 1796 1804 
582 601 603 
578 600 607 
567 583 585 605 607 1831 
476 488 579 587 
567 583 600 791 
493 569 571 593 
592 595 1835 
568 574 580 595 596 598 
590 595 605 
571 589 604 
568 578 768 
580 590 591 597 605 1810 1826 
568 573 582 591 598 601 
523 580 595 1821 576 
572 577 591 596 
569 766 
567 578 585 588 776 781 
584 596 
440 464 573 577 608 
488 571 593 584 
569 604 593 
568 586 592 595 1831 
544 574 591 
585 586 
464 476 573 602 
625 632 651 698 715 
664 635 646 659 671 
629 654 664 
642 656 
296 308 312 320 628 655 660 663 
483 581 753 
310 627 630 633 641 657 
635 682 728 
623 647 649 617 
623 638 
632 715 
636 658 662 667 746 
322 324 374 625 661 693 726 
630 642 644 653 666 
501 618 638 643 649 
634 645 746 795 
609 621 698 726 
638 643 656 660 
615 633 627 
613 655 663 
611 664 
615 622 641 642 
620 648 631 647 668 669 
609 639 619 650 651 654 
615 627 657 661 666 
645 662 671 746 
610 616 640 659 694 748 777 
483 620 647 652 
628 641 670 
618 623 626 
639 629 665 
616 635 665 
615 630 637 642 670 
612 618 622 630 637 641 653 626 
471 484 501 623 626 660 
644 622 646 648 653 669 
624 634 795 
610 644 648 664 671 
617 636 652 647 
631 644 668 
501 617 623 652 
619 665 
609 622 632 654 666 
483 617 647 468 469 474 649 
622 642 
611 632 651 
613 628 
612 626 660 
310 324 615 633 661 
620 743 746 753 798 
610 635 671 659 
312 471 613 626 643 656 
324 621 633 657 
620 668 671 
296 613 628 670 
611 664 629 646 
639 640 650 733 
633 651 
614 620 636 658 753 
631 648 
631 618 642 669 
637 641 663 
610 634 646 659 671 662 668 
672 729 
675 681 708 709 722 
364 690 693 701 
370 382 673 678 684 708 
679 689 703 836 
718 725 731 
352 675 722 1326 
703 737 836 
713 717 735 
673 708 
616 694 719 728 
696 713 725 849 
352 382 675 
716 723 
727 732 735 
692 723 727 729 736 
734 722 1326 1341 
676 703 803 
356 378 701 714 730 
714 730 
686 687 736 
374 621 674 705 726 
616 682 719 720 748 803 
700 717 721 
679 683 697 707 713 836 
680 686 696 732 735 
609 625 672 715 716 726 
687 723 
734 695 
674 690 691 708 736 
723 729 
679 689 737 
685 715 724 733 
364 374 693 
713 717 
683 696 712 807 812 
370 673 675 681 701 714 736 
688 722 
721 734 
683 725 832 834 849 1425 1437 
812 849 
680 683 696 706 
370 690 691 708 730 
609 619 650 704 733 
685 698 702 715 723 
680 734 700 706 735 
677 731 734 
682 720 
694 719 724 738 803 
695 710 734 
673 675 678 688 709 1326 
685 687 699 702 716 729 
704 728 733 738 
677 683 711 
621 625 672 674 693 698 701 
686 687 699 
616 682 
687 702 723 
690 714 
677 718 1333 
686 697 737 738 
650 665 704 715 724 
734 700 710 721 
680 686 692 695 697 717 736 
687 692 701 708 735 
679 703 732 738 
685 703 720 724 732 737 
741 767 773 780 782 796 
778 826 
739 767 781 
760 772 774 788 850 1968 
761 798 
758 783 752 
755 773 
620 624 634 658 662 761 794 795 
764 765 766 789 
635 694 748 
740 763 783 792 
772 788 
748 659 777 784 751 793 
770 787 793 
581 614 658 667 757 786 798 
771 779 788 
758 755 771 797 1952 
763 784 792 756 833 859 
753 766 
744 745 755 759 773 779 
758 779 790 
774 778 800 824 839 850 
743 746 762 764 765 794 798 
770 794 
740 749 756 826 833 
747 761 765 767 789 
747 761 764 786 
575 747 757 768 786 
739 764 770 767 
578 741 747 766 781 789 
797 1958 1960 
752 762 
779 1952 
742 750 754 774 788 790 
745 758 
742 760 772 785 790 
754 1943 
780 781 791 
635 659 748 751 
740 760 785 824 826 840 
754 758 771 
776 781 782 791 
600 741 768 776 780 
739 780 791 796 1972 
740 744 749 783 785 792 793 752 
751 756 792 859 
774 778 783 
747 753 757 765 766 
752 770 793 
742 750 772 775 1951 1968 
747 764 
759 772 785 
583 588 776 780 782 1972 1979 
749 756 
752 783 787 
762 795 
624 645 794 
739 769 782 
755 796 1952 
658 753 
808 822 828 829 799 856 
760 806 824 831 837 
807 828 829 848 
806 831 846 2006 2030 2031 
689 694 720 748 817 822 828 859 
834 854 
823 852 853 1436 
806 837 846 
707 804 812 836 848 854 
811 822 830 840 856 
827 829 838 855 
825 847 861 
808 822 833 860 
707 712 807 849 854 
816 825 847 857 
820 841 851 861 814 
815 818 845 855 
835 857 1431 2000 2021 2023 
803 822 858 860 
815 821 855 856 
810 845 846 851 
814 835 1408 
806 818 830 856 
803 808 811 817 
805 1434 823 1438 
778 840 824 
810 846 847 2004 
763 778 833 840 
809 838 851 855 
689 799 801 803 807 836 
801 855 
808 821 840 856 
802 2031 
834 849 
756 763 
711 804 
814 816 857 1422 1447 
676 679 689 696 707 807 828 
800 806 843 
809 827 
800 831 850 
778 808 824 843 
814 844 851 
809 838 848 851 
806 821 824 840 
841 848 852 
815 819 846 
806 819 825 845 2030 846 
810 813 825 857 
807 842 
683 711 812 854 
742 760 839 1968 1977 2007 2043 
814 819 827 841 842 861 
805 820 841 844 853 1408 1436 
804 805 823 844 852 
804 807 812 832 
799 815 818 827 829 
799 808 818 821 830 
813 816 847 
817 859 860 
756 859 784 803 858 
756 811 817 833 858 
810 814 819 851 
863 877 909 
862 915 994 1030 
879 880 889 907 
882 895 898 
864 874 875 883 889 894 907 912 
233 878 898 905 907 
882 895 2524 3138 3169 
911 912 954 975 980 
268 877 870 915 917 
899 3172 
878 890 870 
888 893 899 920 
866 887 894 912 919 
885 888 899 
900 904 911 961 980 3160 
268 862 870 913 915 
293 867 872 890 
864 880 
879 916 880 
884 891 3155 
865 868 884 886 895 898 3169 
866 899 900 912 
881 886 3168 3169 
875 901 
882 884 891 893 898 901 906 
874 910 912 
875 893 899 
864 866 894 916 
268 287 870 872 878 
886 893 
910 918 919 951 967 1011 
873 888 891 920 
866 874 889 896 
233 865 868 882 2524 
874 897 919 
896 914 1016 
865 867 882 886 906 907 908 
871 873 883 888 900 904 3172 899 920 
876 883 899 904 911 
875 885 886 888 
870 879 
904 3165 3172 3160 
876 900 903 3172 
867 878 870 
886 908 
864 866 867 898 905 
898 906 
386 862 1030 
887 892 918 919 929 959 
869 876 900 
866 869 874 883 887 975 
236 272 862 909 
897 916 917 921 
863 877 993 1029 
880 889 894 902 914 917 
870 902 915 916 993 1008 917 921 1028 
892 910 929 
874 887 892 896 910 1011 
873 893 3155 
897 1028 
951 952 967 974 1053 
953 955 968 1055 1061 1063 1109 
928 936 974 
934 940 
938 944 947 1052 1065 
925 932 940 973 978 3209 3220 3237 
924 947 974 
918 922 942 
962 966 
930 945 954 958 964 966 
927 954 961 966 973 980 
943 949 
925 941 937 978 934 
956 3191 3208 
924 933 943 958 974 
941 964 937 970 971 977 
968 1079 
946 941 956 3208 972 
925 927 
937 956 970 
929 943 959 975 
922 929 933 936 974 
928 947 974 1042 1048 1053 
931 954 958 
939 957 972 978 3226 
926 928 965 944 
950 955 976 979 
933 954 960 
937 948 
892 918 922 
922 974 1053 
923 955 969 971 976 
931 932 945 949 960 966 975 980 
923 948 953 968 976 979 
935 939 941 963 1104 3208 
946 978 3220 3226 
931 945 977 
887 910 929 942 975 
933 949 954 
876 973 3160 3225 
930 964 
941 956 969 970 1097 1104 
930 931 937 958 962 977 
965 979 
927 931 932 954 962 
922 1011 1027 1053 
923 965 938 955 1079 
971 1087 1109 
937 941 963 
937 969 
939 3226 
927 932 961 3238 
922 924 928 943 944 952 
912 942 954 960 
948 953 955 
924 937 950 958 964 965 979 
934 940 946 957 3220 
955 965 
876 911 
983 1033 
352 362 984 1002 992 
981 988 991 992 997 1006 1009 1013 
987 1020 
1015 1019 1023 1041 1080 1381 
999 1005 1007 1008 1013 1024 
984 1020 
983 1013 1024 
1022 1031 
1000 1009 1012 
1013 1021 1032 
992 1009 
915 917 1008 1013 1014 1029 
863 1029 1030 
387 997 
999 1001 1003 1004 1010 1031 
981 995 1033 
1012 1017 1295 1302 1326 
986 996 1001 1004 1007 1024 
990 1012 1017 
996 999 1011 1016 1027 1034 1048 1062 1069 
982 992 
996 1018 1026 
996 999 1003 1006 1024 
988 1013 1024 
983 1004 1024 1025 
986 999 1001 1008 1028 
917 986 993 1007 1028 
983 990 992 1020 
996 1031 1034 
892 919 967 1001 1016 1027 
987 990 998 1009 1017 
983 986 988 991 993 1005 1014 
993 1013 
985 1015 1019 1022 
896 897 919 1011 
998 1000 1012 1022 1025 1302 1318 
1006 1025 
985 1325 1340 1381 
992 1009 1012 
991 1032 
989 1015 1017 1318 
985 1015 1010 1034 1080 
986 988 999 1004 1005 
1006 1018 1022 
1025 1031 
967 1001 
897 921 
993 994 1032 
363 375 386 863 909 994 1029 
989 996 1025 1026 
375 394 991 995 1014 1021 1029 1032 
387 981 992 995 997 1002 
1001 1010 1023 1060 1062 1076 
1043 1054 1059 1211 1346 1351 
1049 1050 1060 
1050 1052 1065 1074 1082 
1041 1068 1347 
1044 1081 1186 
1064 1068 
985 1038 1057 1068 1347 
926 944 1042 1048 1052 
1047 1054 1085 
1039 1055 1061 1063 1081 1186 
1047 1051 1083 
1039 1056 1186 1193 1195 
1045 1054 1067 
944 1001 1042 1053 1069 1075 
1036 1040 1066 1076 1080 
1036 1037 1049 1074 
1045 1071 1078 1083 
926 1037 1042 1065 1075 
967 1048 1069 
1043 1047 1059 1071 
923 1044 1061 1081 
1046 1073 1081 1083 
985 1041 1064 1070 1080 
1084 1085 1346 1402 
1035 1211 
1034 1036 1062 1066 1076 
923 1044 1055 1063 
1001 1034 1060 
923 1044 1061 1115 1186 1198 
1049 1057 1070 
926 938 1037 1052 1082 
1060 1076 
1047 1077 1067 1084 1085 
1040 1041 1077 
967 1001 1053 
1041 1057 1064 
1051 1054 1078 1193 1213 
1038 1347 1388 
1056 1079 1081 1082 
1037 1050 1082 
1042 1048 
1023 1049 1060 1066 1080 
1068 1067 1084 1049 1077 1056 
1046 1051 1071 1193 
923 938 968 1065 1073 1082 
985 1023 
1044 1055 1056 1073 
1037 1065 1073 1074 1079 
1045 1051 1056 
1058 1067 1072 1085 
1035 1043 1058 1084 1346 
1095 1102 1141 1146 1202 1203 1204 
969 1115 1117 
1101 1114 
1092 1096 1103 1106 1114 1119 1120 
1112 1107 1097 
1094 1111 1140 1135 1157 
1087 1089 1097 1117 1120 
1095 1102 1196 1093 
1099 1108 1111 1113 
1086 1093 1102 1196 1204 
1089 1108 1093 1119 
963 1090 1097 1120 
1099 1111 1140 1143 1146 
1094 1098 1108 1111 1099 
1118 3341 3370 
1088 1118 
1086 1095 
1103 1116 
935 956 963 1107 1097 
1110 1113 1136 1157 
1088 1089 1094 1101 1113 
1090 1104 1097 
1094 1099 1093 
953 1063 1087 1115 
1094 1105 1113 
1091 1094 1098 1099 
1112 1090 1107 1114 3362 
1094 1110 
1088 1089 1112 
1063 1109 1115 1116 1117 1198 1224 
1103 1115 1117 1196 
1087 1092 1115 1116 
1101 1161 3341 
1096 1106 
1112 1092 1097 
1164 1167 
1126 1147 1149 1150 
1139 1148 1155 3396 3400 3439 
1128 1177 1179 
1130 1137 1158 1255 
1 20 1149 1156 
1129 1134 1153 3434 
1124 1159 1173 1177 
1127 1176 3398 3442 
1137 1154 1178 
1142 1153 1156 1168 
12 19 36 1172 1174 
1124 1167 1177 
1127 1142 1153 1166 
1136 1135 1157 1175 
1105 1135 1138 1157 1165 1179 
1125 1154 1255 
1148 1165 
1123 1166 3400 
1091 1098 1143 1175 
1086 1146 1160 1162 1141 1170 
1131 1133 1155 1166 1167 1180 1171 1177 
1098 1140 1146 1162 1175 
21 133 1147 1151 
1158 1141 1235 1288 
1086 1098 1143 1162 
1122 1144 1149 
1123 1138 1152 1165 
1 1126 1147 
1122 1147 1178 1126 1150 1168 
1144 1147 1150 1178 1234 
1148 1161 3391 3436 
1127 1134 1169 
1130 1137 1233 1234 
1123 1139 1142 1148 1166 1167 
20 36 1131 1168 
1110 1136 
1125 1130 1145 1159 1173 
1158 1178 
1141 
1105 1118 1138 1152 3370 3436 
1141 1146 1170 1173 
1124 1173 
1121 1179 
1136 1138 1148 
1142 1155 1176 3398 3429 
1121 1133 1142 1155 
1131 1156 1171 1180 
36 1132 1153 1172 
1141 1162 1173 
1159 1177 1178 1180 
1127 1153 1169 1174 3434 
1128 1158 1163 1170 1175 
1132 1172 2271 3434 
1135 1143 
1127 1129 1166 3398 
1124 1128 1133 1171 
1130 1151 
1121 1135 1136 1163 1164 
1142 1168 
1184 1207 1212 1221 1227 1533 
1212 1221 1550 
1185 1217 
1181 1191 1207 1213 1221 
1183 1200 1216 1217 
1044 1046 1063 1195 1224 1226 
1188 1194 1209 1224 1232 
1187 1194 1195 1223 1224 
1217 1227 1189 1197 
1219 1243 
1184 1207 1213 
1210 1216 1252 1277 1549 
1046 1071 1078 1195 1213 1223 
1187 1188 
1046 1186 1188 1223 1224 
1095 1196 1116 1218 1232 
1220 1228 1231 
1063 1115 1226 
1217 1227 1519 1533 
1210 1216 
1208 1201 1209 1229 1214 
1086 1190 1204 1215 1225 1230 
1086 1141 1237 1239 1259 
1086 1095 1196 1202 1218 1230 
1187 1209 1223 1229 
1207 1227 
1223 1184 1191 1207 1206 
1201 1220 1222 
1187 1201 1214 1218 
1192 1200 1216 1277 
1059 1213 1368 1529 
1181 1182 1221 1516 1533 1550 
1054 1059 1071 1182 1184 1193 1211 
1209 1222 1230 
1202 1225 
1185 1192 1210 1549 
1183 1185 1189 1199 1216 1227 1519 1532 1549 1566 
1232 1196 1209 1214 
1220 1228 1249 
1197 1201 1208 1219 1222 
1181 1212 
1208 1214 1230 
1223 1205 
1186 1187 1188 1195 1198 1226 
1190 1202 1203 1215 1237 1243 
1186 1224 
1181 1189 1199 1206 1207 1217 
1197 1210 1219 1231 1242 1249 1276 1278 
1207 1205 
1204 1222 
1197 1228 
1116 1232 
1154 1234 1274 1279 1280 
1151 1154 1233 1238 1251 1274 
1145 1244 1255 1268 1288 
1258 1261 
1203 1244 1248 1259 1264 
1234 1251 1289 
1141 1160 1203 1244 1259 1288 
116 1289 
1261 1241 1287 1290 
1210 1228 1258 1278 
1190 1225 1249 1264 1291 
1235 1239 1259 1268 
1241 1247 1263 1284 
1240 1253 1286 
1245 1250 1257 1282 
1237 1290 
1219 1228 1243 1276 1291 
1250 1247 1263 1281 1282 1262 1585 
103 133 1151 1234 1238 1289 
1192 1270 1272 1277 1549 
121 1246 1285 
116 121 1240 1286 
1125 1235 1279 1280 
1240 1246 1257 1287 
1257 1247 1256 1285 
1236 1242 1261 
1203 1237 1239 
95 1282 
1236 1241 1245 1292 1278 
1250 1265 1275 1585 
1250 1284 
1248 1243 1292 
422 1275 1569 1585 1265 
104 129 1275 95 
1270 1272 
1235 1244 1255 1271 1280 1283 1290 
1242 1272 1277 1267 1269 
1252 1272 1273 1270 
1268 1283 1290 
1252 1267 1270 1277 
1270 1281 1582 1236 1273 
1233 1234 
1262 1265 1266 
1228 1278 1291 1292 
1192 1210 1269 1272 
1228 1242 
1233 1255 
1255 1268 1279 
1250 1273 1585 
1250 1260 1285 95 
1241 1268 1271 
1236 1263 
95 1253 1257 1260 1282 
121 1246 1253 1254 
1241 1257 1245 1238 1287 
1145 1235 1239 1244 
103 1238 1240 1251 1256 
1241 1248 1271 1292 
1243 1276 1292 
1248 1261 1264 1276 1290 1291 
1298 1303 1360 1382 1428 
1325 1340 
998 1296 1302 1309 1326 
1295 1302 1310 1339 
1304 1308 1328 1332 
1303 1327 1331 1360 
1308 1317 1338 
1303 1324 1328 
1313 1316 1331 1378 
1017 1295 1296 1310 1340 
1293 1300 1322 1324 1331 
1328 1315 
1312 1342 
1321 1323 1409 1410 1416 1448 
711 725 1311 1336 1405 1425 
1297 1299 1304 1320 1330 1342 
1295 1312 1332 1333 1338 
1296 1302 1316 1334 
1307 1342 
1305 1309 1333 
1301 1327 1331 1364 1400 
1300 1328 1334 
1321 1324 1330 1335 1315 
1301 1331 1378 
1299 1338 1342 
1017 1302 
1306 1322 1329 1409 1428 
1308 1337 1342 1415 1439 
1315 1323 1335 
1293 1303 1319 1323 1329 
1321 1335 
1303 1315 
1019 1294 1340 1361 
352 678 688 722 998 1295 1341 
1298 1313 1364 
1297 1300 1304 1314 1332 
1319 1322 1428 
1308 1315 1321 1415 1416 
1298 1301 1303 1313 1316 
1297 1309 1338 1339 
677 731 1309 1312 1341 
1310 1314 1316 1339 
1321 1322 1323 
1305 1307 1311 1312 1336 
1320 1415 
1299 1309 1317 
1296 1309 1314 1332 1334 
1019 1316 1325 1340 
688 734 1326 1333 
1439 1305 1308 1317 1320 
1354 1374 
1344 1402 
1294 1361 1378 1393 
1035 1085 1351 1387 1402 
1038 1041 1072 1358 1388 
1301 1345 1377 1378 1393 
1355 1384 1386 1428 1477 1510 
1367 1369 1392 1394 
1035 1211 1346 1365 1368 1380 1387 
1376 1401 1521 1540 1560 
1352 1371 1398 1401 
1343 1374 1385 1395 
1367 1386 
1376 1390 
1397 1507 
1347 1361 1381 
1363 1372 1374 1393 1399 1400 
1293 1298 1364 1372 1382 1389 
1325 1345 1358 1381 1383 1385 
1357 1379 1398 1494 1507 1554 1555 
1359 1366 1370 1374 1391 
1313 1327 1372 1400 
1351 1387 
1363 1370 1375 1389 1396 1399 1403 
1350 1355 1392 1491 
1211 1351 1551 
1350 1394 1397 1472 1480 1491 
1366 1371 1395 1403 
1353 1356 1370 1379 1390 1395 1403 1371 1344 
1359 1360 1364 1399 1400 
1365 1380 1387 
1343 1354 1359 1363 1385 
1366 1386 1396 
1352 1356 1373 1380 1390 1401 1402 1540 
1301 1348 1400 
1301 1345 1348 
1362 1371 1398 
1368 1373 1376 1551 
985 1019 
1293 1360 1384 1389 
1361 1374 1393 
1349 1382 1386 
1354 1361 1374 1383 
1349 1355 1384 1396 
1346 1365 
1072 1344 1358 
1360 1382 1399 
1356 1344 
1354 1363 1395 
1350 1367 1375 
1348 1359 1383 1400 
1350 1369 1491 
1354 1370 1391 
1366 1375 1384 1386 
1357 1369 1403 1455 1472 1507 1468 
1352 1353 1362 1521 1555 
1359 1366 1372 1389 
1359 1364 1372 1377 1393 
1352 1356 1376 
1058 1344 1346 1373 1376 1387 
1357 1366 1375 1392 1397 
1409 1428 1446 1449 1462 1461 1502 
1439 1307 1425 1437 
1419 1429 
1413 1418 1447 
820 1413 1422 1432 1436 
1306 1319 1404 1428 1446 1448 
1306 1416 1448 
1406 1414 1424 1429 1442 1411 1444 
1429 1441 1442 1502 
1407 1408 1418 1421 1443 1444 
1411 1430 1440 1441 1442 1451 1489 
1320 1330 1337 1420 1439 1450 
1321 1330 1410 1415 1450 1416 
1418 1423 1433 1444 2617 2634 
1417 1418 1444 
1406 1419 1449 1450 
1415 1439 1450 
1408 1413 1434 1436 1443 
820 835 1408 1432 
2617 1417 1426 1418 1447 
1411 1435 1444 
711 1307 1405 
1423 1427 1447 2612 2617 
816 1426 1431 
1319 1349 1409 1462 
1406 1411 1412 1502 
1414 1488 1489 2613 2616 
1427 2595 
835 1408 1422 1447 
1417 1444 1445 1451 2586 
823 1421 1438 
1413 1424 1450 
805 1408 1421 
711 1405 1438 
823 1434 1437 
1439 1320 
1414 1430 1451 2604 2613 
1414 1442 1456 1489 
1412 1441 
1413 1421 1435 
1444 1451 
1433 1451 2604 
1409 1449 
816 1407 1423 1426 1427 1432 1418 
1409 1446 1450 
1404 1419 1446 
1415 1416 1419 1420 1424 1435 1448 
1414 1433 1444 1445 
1456 1492 
1453 1476 1501 
1479 1652 
1397 1472 
1412 1441 1452 1460 1483 
1466 1467 1473 1495 2672 
1464 1487 
1355 1462 1486 1491 
1456 1461 1483 
1471 1460 1462 1461 1486 
1428 1459 1461 1477 1510 
1465 1468 1526 1494 1496 1503 1631 
1458 1453 1467 1470 1481 
1463 1490 
1457 1498 1505 2664 
1457 1473 1481 
1463 1465 1482 1494 
1471 1474 1482 1464 1469 
1454 1464 1475 1481 
1471 1469 1476 1483 1501 
1369 1397 1455 1482 1486 
1457 1467 1473 1495 1504 
1465 1482 1487 1490 
1454 1677 
1471 1478 1483 
1349 1355 1510 
1452 1476 1489 1492 1504 1453 1473 1478 
1454 1645 1652 1661 1677 
1369 1486 1491 
1464 1467 
1468 1469 1472 1474 1486 
1460 1471 1476 
1481 1484 1498 1509 
1493 1638 1654 
1471 1459 1472 1480 1482 
1458 1474 1490 
1430 1489 2616 2652 2688 
1414 1430 1478 1488 1492 1504 
1454 1474 1652 
1355 1367 1459 1480 
1452 1489 
1484 1485 1508 
1362 1463 1496 1506 1507 
1457 1473 1488 2652 2672 
1463 1526 
1500 1508 1632 2678 2690 
1466 1484 1505 
1509 1633 1645 1648 1654 1670 1677 
1498 1505 1508 2670 
1453 1471 1476 
1404 1412 1429 1456 1419 1449 1502 
1463 1631 1652 
1478 1489 
1498 2664 2670 
1362 1494 1496 1526 1554 
1362 1468 1494 
1485 1493 1500 1632 
1470 1475 1484 1499 1677 
1349 1428 1477 
1524 1529 1540 1551 1557 
1535 1556 1641 1664 
1543 1549 1563 
1512 1548 1556 1664 
1534 1543 1561 1572 1589 
1212 1517 1533 1557 1516 1545 
1557 1565 
1540 1565 
1199 1217 1533 1545 
1527 1531 1544 1567 
1352 1398 1525 1555 1560 
1535 1562 1595 1609 
1531 1552 1565 
1511 1540 1565 
1521 1539 1544 1560 
1526 1506 1537 1554 1568 1660 
1520 1544 
1535 1538 1539 1544 
1211 1368 1511 1550 
1534 1536 1545 1553 1566 
1523 1538 1558 1564 1567 
1217 1549 
1181 1199 1212 1516 1533 
1515 1543 1563 
1512 1522 1528 1556 1559 1595 
1530 1541 1546 1553 1564 
1526 1554 1555 1568 
1528 1531 1541 1559 1564 
1525 1528 1544 1555 1539 1641 1671 
1352 1518 1524 1551 1565 
1536 1559 
1561 1562 1609 
1513 1515 1534 1563 1572 1603 
1520 1525 1527 1539 
1516 1519 1530 1533 1536 1546 1566 
1545 1558 
1559 1561 
1514 1556 1591 1595 1626 1698 1714 
1192 1217 1532 
1182 1212 1511 1557 
1368 1380 1511 1540 
1523 1567 
1530 1534 1536 1559 
1362 1537 1555 
1398 1537 1539 
1512 1514 1535 1548 1595 
1511 1516 1517 1550 
1546 1564 
1528 1535 1538 1541 1553 
1352 1521 1525 
1547 1553 1559 1589 1609 
1522 1535 1542 1547 1559 1609 
1513 1534 
1531 1536 1538 1558 
1517 1518 1523 1524 1540 1552 
1217 1519 1530 1532 1545 1563 
1518 1520 1552 
1526 1539 1657 1660 
1265 1571 1574 1585 1587 
1583 1601 1611 1615 1621 
1569 1598 1606 
1515 1543 1603 1618 
1574 1582 
1281 1569 1585 1587 
430 1593 1620 1679 
1583 1605 1614 1621 
1581 1619 
1592 1610 1613 1616 
1586 1596 1615 
1587 1612 1580 
412 1577 1588 1590 1592 1619 
1273 1573 1604 
1607 1621 
1596 1599 1689 1710 1724 
1262 1265 1281 1569 1574 
1579 1615 1617 
1569 1573 1574 1580 1612 
412 1598 
1561 1572 1609 
1577 1581 1588 
1548 1595 1609 1698 
409 412 1578 1581 1613 1619 
420 418 460 1575 1600 1616 1620 
1611 1710 1711 
1522 1535 1548 1556 1591 1609 
1579 1584 1599 1615 
1597 1601 1605 
412 422 425 1571 1588 1606 1590 
1584 1594 1596 1710 
409 420 1593 1613 1616 
1570 1609 
1577 1615 
1252 1270 1513 1543 1549 1572 1618 
1270 1582 1605 1614 1618 
1576 1597 1604 
422 1571 1598 
1571 1583 1580 1602 1615 
1579 1610 1679 
1522 1542 1561 1562 1589 1591 1595 1597 1601 1611 
1578 1608 1617 1619 
1591 1594 1698 1711 
1571 1580 1587 1607 
409 1592 
1576 1582 1604 
1570 1579 1586 1596 1599 1602 1607 
1578 1593 1600 1610 1620 
1586 1610 1619 
1270 1572 1589 1604 
1577 1581 1592 1610 1617 
1608 1616 1679 
1570 1597 1576 1601 
1666 1667 1675 
1526 1631 1657 
1627 1648 1652 1659 
1627 1644 1652 1669 1671 
1548 1664 1665 1714 1730 
1625 1639 1649 1666 1669 
1633 1643 1672 1673 2816 2837 
1635 1636 1668 2845 2900 
1639 1649 
1463 1526 1503 1623 1644 1652 1657 
1497 1508 1638 1654 
1628 1643 1650 1654 1670 1672 
1629 1636 1680 2900 
1629 1655 1668 2841 2848 
1646 1723 
1642 1649 1658 1662 1669 
1485 1632 1654 
1627 1630 1662 1675 
1647 1656 1658 1730 
1512 1676 1656 
1637 1640 1642 
1628 1633 2816 2847 
1625 1631 1539 1652 1657 1671 
1479 1499 1648 
1636 1647 1674 1723 
1640 1646 1663 1674 1697 1723 1730 
1499 1645 1659 1661 1670 
1630 1637 1639 1669 
1659 1667 1670 
1674 1653 1655 1668 1672 
1490 1624 1625 1631 1644 1661 
1651 1655 1673 1653 
1485 1499 1632 1633 1638 2847 
1635 1651 1653 1668 
1640 1642 1676 
1568 1623 1631 1660 
1640 1642 1662 1663 
1624 1648 1666 
1526 1568 
1479 1624 1645 1648 1652 
1674 1639 1658 1675 
1647 1658 1674 
1512 1514 1626 1665 1676 
1626 1640 1664 1676 
1622 1627 1650 1659 
1622 1674 1650 1651 
1629 1635 1651 1655 
1625 1627 1637 1649 1656 1671 
1633 1650 
1539 1625 1644 1669 
1628 1633 1651 1667 1673 
1653 2837 2851 
1674 1646 1663 
1622 1639 1662 
1676 1656 1664 1665 
1475 1479 1499 1509 
1722 1678 
530 1608 1620 1689 1709 1720 
1634 1636 1685 1703 1723 
1700 1706 
1699 1700 2893 
556 1686 1692 1701 
1690 1694 1697 1713 1716 
1680 1687 1691 1693 1703 1678 
531 1683 
1685 1717 
1693 1716 
1579 1679 1707 1709 
1684 1708 1712 
1685 1691 1693 1697 1703 
1683 1701 1705 1709 
1685 1688 1691 
1684 1704 1708 1710 1711 1713 1724 
1718 1722 
1706 1727 
1684 1691 1730 
1548 1591 1611 
1681 1682 1700 1706 1729 2888 
1681 1682 1687 1699 1717 2910 
1683 1692 1715 
1705 1715 1719 
1680 1685 1703 1723 
1594 1694 
1692 1718 
533 1681 1696 1727 2888 2895 
1689 1709 1718 1724 
1690 1694 1707 1712 1718 1724 
1679 1689 1692 1705 1707 1720 
1584 1594 1599 1694 1724 
1594 1611 1694 1704 1713 
1690 1695 1708 1716 1718 1725 
1684 1694 1711 
1548 1626 1713 
531 1701 1702 1721 1728 
1688 1697 1712 1725 
1687 1700 1727 
1695 1702 1705 1707 1708 1712 
1696 1702 1719 
556 1720 1709 
527 1696 1728 
1678 1687 1695 1726 
1636 1646 1647 
1584 1694 1707 1710 
1712 1726 
1678 1722 1725 
1681 1696 1706 1717 
527 531 564 
1699 2878 2888 2908 
1626 1640 1647 1697 
563 1735 1738 1752 1753 1763 
1737 1772 
1741 1769 1783 2892 2899 
1734 1782 1802 1825 
1731 1732 1737 1763 
1764 1776 1783 2899 2909 
1732 1735 1754 1761 1772 
563 1755 
1767 1778 1874 
1744 1758 1770 1776 
529 1733 1769 1780 
1760 1859 
1764 1770 1771 
1740 1762 1776 2909 
1749 1750 1760 1771 1779 
1745 1750 1760 1846 
536 1751 1821 
1766 1777 1798 1850 
1750 1758 1771 1781 1855 1870 1874 
1745 1746 1749 1846 1870 
536 1747 1756 1757 
563 1731 
1731 1752 1769 1773 
1761 1766 1772 1779 1782 
519 536 563 1738 1763 1755 
1747 1751 1757 1765 1821 
536 1751 1756 1759 1763 
1740 1874 1770 1774 1781 
1759 1761 1763 1765 
1742 1746 1859 
1737 1754 1759 1765 1782 
1744 2885 2887 2907 
1731 1735 1755 1759 
1736 1743 1776 
1734 1756 1806 
1748 1754 1768 1779 1782 1825 
1739 1778 2865 
1742 1766 1775 1779 
1733 1741 1753 1773 1780 1783 
1743 1758 1771 
1772 1745 1770 
1772 1732 1737 
1753 1769 1773 
1740 1874 1758 2865 2883 2887 
1768 1779 
1744 1764 2909 
1748 1798 1820 1895 
1739 1767 1849 2865 2991 
1745 1766 1775 
529 563 1741 1769 
1749 1758 
1734 1754 1761 1766 1825 
1733 1736 1743 1764 1769 1773 2899 
1797 1809 1832 1834 
1785 1790 1813 1829 1911 
576 1791 1810 1823 
1795 1833 1825 
1817 1811 
1801 1824 1831 
1785 1813 1924 
1786 1826 
1819 1833 1834 
1818 1822 1827 
1805 1813 
1787 1825 1834 
586 1831 
1784 1802 
1748 1766 1777 1807 1820 1825 
1809 1817 1832 
1812 1828 
1826 1811 1824 
1734 1765 1806 1808 
1785 1805 1829 1912 2055 
583 1796 1979 
1785 1794 1818 
1765 1821 
1787 1798 1820 
1734 1797 1802 1825 
1799 1832 
576 595 1791 
1788 1800 1801 1826 1815 1811 1823 
1800 1824 1827 1828 
1785 1794 1813 
1818 1828 1832 
1806 1811 1821 1823 1788 1809 1815 
1820 1833 1924 1927 
1788 1799 1800 1809 1814 1811 1828 
1793 1794 1805 1814 
1792 1813 1832 1833 
1777 1798 1816 1890 1895 
523 597 1747 1756 1806 1815 576 
1827 1956 1981 1984 
1786 1815 
1789 1801 1827 
1734 1766 1782 1787 1798 1807 1808 
595 1791 
1804 1812 1824 1979 1984 1991 
1800 1812 1814 1817 1793 
1785 1911 1912 
1813 1816 1833 1924 
586 590 592 605 1789 1796 1835 
1784 1799 1814 1819 
1833 1816 1819 1830 
1792 1795 
590 1789 1801 
1859 1863 1881 
1855 1858 1884 
1845 1853 1857 1862 
1865 1866 2187 2199 
1869 1883 1896 1903 2166 2180 2204 2239 
1853 1860 1873 1876 1884 2998 
1876 1880 3005 3008 
1857 1879 2972 
1848 1852 1867 1872 1887 
1838 1862 1880 
1750 1863 1870 1885 
1843 1856 1862 2972 3008 
1844 1852 1853 1860 1877 
1778 1858 2991 2993 3017 
1742 1748 1851 1859 
1871 1901 
1848 1860 1872 
1838 1848 1873 
1840 1869 1896 1940 
1749 1837 1860 1870 1875 
1880 3008 
1838 1862 1868 1879 1886 
1849 1874 
1760 1850 1863 1864 
1837 1841 1848 1852 1855 1861 1875 
1836 1860 1881 
1847 1857 
1746 1760 1836 1846 1859 1885 
1836 1859 1871 1872 1878 
1839 1883 2153 2201 
1839 1865 1868 1877 1883 1886 1887 
1844 1882 1887 
1857 1866 1877 1886 
1854 1883 1869 
1749 1750 1846 1855 1875 1885 
1850 1864 1915 1878 1901 1930 1932 
1864 1867 1881 1872 
1838 1841 1845 1876 
1749 1849 1858 
1855 1860 1861 1870 1875 
1842 1873 1880 2996 
1848 1853 1866 
1871 1882 1915 
1843 1857 2157 2192 
1842 1876 
1836 1872 
1878 1940 
1840 1865 1866 1869 1887 2166 
1858 2968 2998 3017 
1846 1863 1875 
1857 1866 1868 
1844 1848 1866 1867 1882 1883 
1907 1937 2104 
1892 1893 1902 1925 
1895 1901 1927 
1906 1917 1918 1925 
1904 1917 1925 1899 2208 2212 2246 
1889 1920 1926 
1908 1929 1932 
1777 1820 1901 
1840 1854 1900 1928 
1914 1918 1934 
1922 1934 1939 
1904 1917 1899 1941 
1896 1902 1903 2206 2243 
1851 1890 1932 
1889 1900 2243 2246 
1840 1896 2206 
1892 1899 1938 1941 2208 
1911 1912 1921 
1891 1925 1929 
1888 1910 1923 2056 2104 
1894 1929 1932 1897 1908 
1922 1933 
1907 1923 1935 2053 2056 2102 
1785 1790 1829 1905 1912 1924 
1803 1911 1913 1937 1921 2055 
1912 1937 2055 
1897 1924 1934 
1915 1919 
1904 1936 1938 2234 
1899 1925 
1891 1897 1898 
1930 1931 1940 
1926 1931 
1905 1912 1937 1934 
1898 1909 1921 1933 1934 
1910 1933 1938 1941 
1790 1816 1830 1911 1914 1927 1942 
1889 1891 1926 
1893 1906 1920 1925 1931 
1816 1890 1932 
1854 1896 1931 1940 
1894 1906 1908 1926 
1915 1932 
1920 1926 1928 1940 
1871 1894 1901 1908 1919 1927 1930 
1909 1923 1939 
1898 1921 1922 1942 
1923 1938 2053 
1916 1938 2093 2234 
1888 1913 1937 2104 
1904 1916 1923 1935 1936 2089 
1898 1918 1923 1933 
1854 1878 1882 1915 1919 1928 1931 
1899 1923 1938 1939 
1914 1924 1934 
775 1946 
1947 1955 1966 1976 2064 2099 
1962 2001 
1943 1952 1995 
1944 1966 2016 2022 2099 2114 2134 
1953 2055 2095 
1955 1963 1970 2063 2096 
1965 1971 1978 1987 1996 
788 1943 1946 1968 1993 1995 
755 769 771 775 797 1946 1960 
1948 1963 1953 1970 1982 2095 
1945 2001 2010 2022 1954 1962 1966 
1944 1996 1955 1966 1976 1988 2064 2096 
1822 1973 1974 1981 1994 
1952 1960 1995 
769 1986 
1969 1990 1992 1993 
769 1952 1957 1958 1964 
1972 1979 1980 1986 
1945 1996 
1949 1970 2063 
1980 1995 
1950 1971 1974 1982 1989 1994 
1944 1947 1966 1976 2022 
1973 1975 1991 
788 1993 
1945 1959 1977 1985 1990 2001 2029 2037 2043 
1949 1953 1963 1989 
1950 1965 1987 
791 1958 
1956 1967 1965 
1956 1965 1973 1994 
1967 1984 1991 
1944 1955 1966 
850 1990 
1950 1988 1996 
1804 1827 1961 1972 
1961 1964 1967 1971 1991 
1803 1822 1994 
1989 1994 
1992 1995 1996 
1822 1991 
1969 1996 
1958 1960 1961 1972 
1950 1987 
1996 1955 1989 
1970 1982 1988 
1959 1968 1969 1977 
1827 1961 1967 1975 1980 1984 
1959 1983 1993 1995 
1951 1959 1968 1990 1992 
1956 1953 1974 1981 
1946 1951 1957 1964 1983 1992 
1996 1962 1987 1978 1983 1985 
1999 2030 
2026 2105 2116 
1997 2013 2024 2033 
816 2021 
1945 1954 2034 2037 
2011 2022 
2024 
825 2005 2021 
2004 2019 2036 846 
802 2015 2017 2044 
839 850 2031 
2041 2045 2595 2612 2623 2624 
2013 2015 2017 2018 
1954 2034 2046 2049 
2002 2040 
2014 2026 2032 2035 2039 2048 2105 
1999 2018 2034 
2012 2028 2039 
2009 2029 
1947 2002 
2006 2009 2044 
2013 2025 2029 2037 
1997 2004 2005 2021 2024 2036 2038 
2024 2028 2038 2041 2623 
816 2004 2023 2038 2041 2045 813 2000 
1954 1966 2002 2010 2016 2047 
816 1431 2021 2045 2595 
1999 2003 2019 2020 2028 2038 2024 2048 
2013 2018 2037 
1998 2012 2039 2116 2637 2719 2748 
2011 2016 2027 2134 
2014 2020 2024 2039 2623 2625 2635 
1969 2015 2018 2031 
802 846 1997 2033 
802 831 2015 2029 
2011 2012 2027 2035 2040 2048 
1997 1999 2030 2044 
2001 2010 2013 2037 
2012 2027 2042 2105 2133 
2005 846 
2001 2018 2025 2034 
2020 2021 2041 
2012 2014 2028 2625 
2002 2011 2032 
2008 2021 
2112 2120 2133 2142 
850 1969 2007 2029 2031 
2006 2033 
2021 2041 2595 
2032 2048 
2022 2049 
2003 2012 2032 2046 2024 2048 
2010 2047 
2057 2090 
2071 2080 2103 
2089 2102 2398 
1910 1935 2089 2102 
2069 2086 
1803 1912 1913 1948 2069 
1907 1910 2055 2102 
2050 2057 2060 2065 2072 2079 
2064 2087 2099 
2091 2121 2380 2421 
2050 2057 2065 2066 2082 
2062 2067 2083 2091 2380 
2061 2072 
1949 1963 2095 2096 
1955 2064 2076 2088 2096 2099 
2057 2060 2082 2102 
2060 2094 
2061 2090 2097 2377 2405 
2069 2081 
2054 2055 2068 2079 2086 2095 2056 2069 
2073 2074 2085 2098 
2080 2141 2144 
2057 2083 2062 
2070 2072 2083 2101 
2070 2076 2085 2098 2103 
2064 2081 2084 2088 2092 2100 
2051 2076 2058 2064 2074 2087 2103 
2083 2085 2128 2145 
2100 2101 
2057 2069 
2051 2071 2144 2145 
2068 2075 2092 
2052 2060 2065 2066 2102 
2061 2062 2073 2077 2085 
2075 2078 2079 2081 2086 2100 2101 
2077 2080 2085 2083 2103 
2054 2069 2084 
2058 2071 2076 2099 2141 
2075 2092 2096 
1938 2052 2093 2102 2401 
2050 2062 2067 2094 2405 
2061 2083 2121 2077 2380 
2063 2075 2088 2095 
1936 1938 2089 2401 
2050 2066 2090 2367 2372 2398 2405 
1948 1953 1963 2069 2092 
1949 1955 2063 2064 2088 
2061 2067 2377 2380 
2070 2074 2101 2098 
1944 1947 2058 2064 2087 2114 
2076 2075 2078 2084 
2073 2084 
1910 2053 2056 2065 2082 2089 
2051 2074 2076 2085 
1888 1907 1937 2055 
1998 2012 2035 2116 2138 2105 2129 
2123 2129 2139 
2125 2131 2149 2699 2750 
2122 2137 2417 2724 3026 3059 
2109 2116 2129 2714 
2117 2136 2110 2146 2420 
2120 2130 2141 2123 
2042 2114 2120 2134 
2107 2119 2132 2150 
1947 2099 2112 2134 2141 
2118 2130 
1998 2026 2105 2109 2714 
2110 2126 2135 2148 
2115 2118 2124 2128 2077 
2113 2125 2143 2132 
2042 2111 
2059 2091 2118 
2108 2131 2137 2147 2420 2452 
2106 2142 
2118 2140 2421 
2107 2119 2131 2146 
2148 2119 2123 
2115 2126 2148 
2118 2145 2077 
2106 2109 2132 2138 2139 2150 
2111 2115 2127 2141 
2122 2125 
2119 2129 2143 2150 
2042 2142 
1947 2016 2027 2042 2112 
2140 2437 
2110 2135 2437 2438 
2108 2122 2724 
2109 2129 
2105 2106 
2124 2135 
2071 2087 2111 2112 2114 2130 2144 
2042 2123 2133 2139 2120 2142 
2143 2132 
2071 2080 2130 2141 2145 
2077 2080 2115 2128 
2110 2125 2131 
2131 2149 2724 
2117 2126 2127 
2131 2700 2724 
2113 2129 2132 2699 2709 2752 
2165 2188 
2178 2152 
1865 2166 2168 2201 
2187 2188 
2174 2175 2152 2194 2299 
2186 2156 2288 
1879 2179 2192 2972 3338 
2170 2174 2175 
2177 2202 3308 
2156 2164 2183 
2154 2168 2152 2190 2201 
2162 2172 2179 2192 2198 
2182 2183 2266 2288 
2160 2177 2182 2183 2200 
2151 2188 2198 2202 
1840 1883 2153 2168 2180 2185 2191 
2152 2171 2189 2209 2228 
2153 2161 2166 2191 2201 
2197 2258 
2158 2195 2197 2170 
2167 2228 2252 
2162 2181 
2154 2172 2176 2181 2188 
2158 2175 
2155 2158 2169 2174 2295 2299 
2181 2199 
2159 2182 
2152 2191 
2157 2192 
1840 2166 2185 
2172 2173 2192 2199 
2163 2177 2183 2266 3331 
2160 2163 2164 2182 
2188 2190 
2166 2180 2210 2242 2247 2252 
2156 2197 2258 2296 
1839 2154 2199 2201 
2151 2154 2165 2173 2184 2190 2198 
2152 2167 2194 
2170 2161 2184 2188 2155 2152 2190 
2168 2178 2252 
1879 2157 2162 2172 2179 2181 2199 
2196 2202 3309 
2155 2189 2209 2270 2299 2343 
2151 2160 2200 2202 
2193 2198 2202 
2158 2169 2186 
2188 2196 
1839 1886 2176 2181 2187 2192 
2164 2200 
1865 2153 2168 
2159 2165 2193 2195 2196 2200 
1916 2208 2222 2229 2234 
2231 2235 2239 
2207 2221 2233 2250 2251 
1900 1903 2235 2243 
2205 2216 2253 
1892 2203 2212 2245 
2189 2194 2233 2251 2313 
2242 2247 
2225 2226 2337 2404 2473 
1892 2208 2230 2246 
2219 2215 2236 2245 
2204 2231 2247 2252 
2213 2219 2227 2241 2245 
2205 2207 2238 2244 2248 2253 2335 2346 
2244 2313 2351 
2226 2232 2248 
2219 2207 2215 2227 
2167 2228 2233 2237 
2205 2223 2224 
2203 2229 2234 2373 2375 2387 2401 
2221 2224 2228 2237 
2207 2224 2219 2221 2223 
2211 2226 2366 2385 2404 
2211 2218 2225 2238 2249 2385 
2219 2252 2227 
2167 2171 2224 2220 2223 2237 2252 
2203 2236 2232 2229 
2208 2241 2246 
2204 2214 2242 
2218 2229 2253 2373 2389 2403 
2209 2220 2250 2251 
1916 1936 2401 
2204 2243 2235 2227 
2213 2236 2253 
2220 2223 2228 2233 
2216 2248 2335 
1840 1903 2204 
2241 2243 2246 
2208 2215 2230 2240 2227 
2204 2210 2231 
1902 2206 2246 
2216 2217 2251 2342 2346 2351 
2213 2215 
1889 1892 1902 2212 2240 
2210 2214 
2216 2238 2253 
2226 2238 2335 2337 
2205 2223 2233 
2209 2233 2313 
2171 2185 2191 2224 2214 2227 2228 
2207 2216 2218 2236 2248 
2267 2290 
2264 2294 2305 
2264 2300 2305 2256 3420 3431 
2261 2262 2283 2284 2285 2257 2303 
2169 2186 2254 2267 2276 
2266 2288 2296 2302 
2265 2277 2297 
2257 2260 2262 2268 2292 
2257 2261 2284 2291 2298 
11 2269 2279 2280 2285 2301 
2255 2256 2294 3421 3431 
2260 2297 
2182 2259 2288 3331 3438 
2254 2276 2290 2291 2307 
2268 2285 2292 
29 2263 2279 2280 2304 
2194 2274 2281 2299 2343 
12 19 1174 2278 2304 3418 3433 
2273 2275 2257 
2272 2275 2257 2293 2325 2338 2358 
2270 2281 2284 2298 2306 2307 
11 26 2272 2273 2301 
2258 2265 2267 2296 2297 
2261 2294 2297 
2271 2300 2304 3433 
29 35 2263 2269 
2269 2286 2304 
2270 2274 2303 2306 2343 
2286 2268 2282 
2257 2273 2303 2338 2283 
2257 2274 
2257 2268 2292 2301 
2278 2280 2282 2300 2304 
2297 2302 
2156 2163 2259 2266 2296 
2287 3394 3430 3438 
2267 2295 2299 
2262 2265 2267 2307 
2257 2268 2285 
26 2339 
2264 2297 3394 3421 
2169 2290 2299 
2186 2276 2287 2288 2297 2302 
2276 2277 2287 2294 2296 
2262 2274 2307 
2175 2270 2290 
2256 2282 2300 2286 2305 
2275 2285 
2259 2266 2287 2296 3438 
2283 2343 
19 37 2269 2271 2278 2286 
2255 2256 
2274 2281 
2267 2291 2298 
2321 2323 
53 2322 2355 2358 
2330 2334 2357 2359 2477 
2331 2335 2340 2346 2356 
2332 2361 
2217 2320 2313 2344 2351 2353 
2308 2316 2321 2354 2360 
2321 2326 2334 2359 2330 
2314 2333 2354 
46 2322 2347 
55 73 2327 2332 2348 
2337 2340 2352 
2313 2343 2353 
2308 2314 2326 2334 
2309 2317 2333 2336 2347 
2308 2328 2323 2353 
2336 2345 2357 
2273 2328 2338 2355 
2315 2321 2331 2340 2359 
48 2329 2347 
2323 2325 2338 2355 
2327 2347 2348 
2310 2334 2330 
2311 2326 2340 2356 
68 2312 2318 
2309 2322 2336 2355 
2321 2341 
2216 2238 2249 2311 2346 
2322 2324 2333 2341 2345 2347 2348 
2211 2249 2319 2340 2473 
2323 2325 2328 
26 2293 2339 2358 
2311 2319 2326 2331 2359 
2334 2336 2345 
2244 2344 2351 2356 
2303 2320 2338 
2313 2342 2353 2356 
2324 2341 
2216 2244 2335 2356 
48 2317 2322 2327 2329 2336 
2318 2324 2329 2332 2336 2349 
2324 2348 2357 2361 
46 53 2322 
2217 2244 2313 2342 
2319 2359 
2313 2323 
2314 2316 
2309 2316 2325 2328 2333 2358 
2311 2342 
2310 2324 2349 2361 2477 
2273 2293 2339 2355 
2310 2315 2319 2330 2340 2352 2463 2477 2490 
2314 2323 2354 2360 
2312 2349 2357 2477 2494 
2372 2374 2377 2381 
2365 2367 2388 2394 
2371 2382 2395 
2363 2372 2374 2369 
2384 2385 2389 2392 2393 
2094 2372 2394 2398 2401 
2368 2381 2414 2451 2461 
2379 2384 2393 2369 
2395 2397 2427 
2364 2378 2392 2393 2395 
2094 2362 2363 2365 2367 2374 2377 2405 
2222 2232 
2362 2365 2372 2374 2369 
2222 2387 2390 2391 2402 
2378 2379 2383 2368 2400 2376 
2067 2097 2362 2372 2405 
2371 2376 2379 2395 
2369 2376 2378 
2059 2061 2091 2097 2386 
2368 2386 2461 
2364 2392 2464 2471 
2376 2427 2448 2451 
2369 2391 2403 
2218 2225 2226 2366 2389 
2059 2380 2381 2421 2461 
2222 2375 2394 
2363 2365 
2232 2366 2385 2403 
2222 2373 2375 2403 
2375 2384 2388 2391 
2366 2371 2393 2399 
2366 2384 2392 
2363 2402 
2364 2370 2371 2397 2400 2464 
2426 2466 2529 
2370 2395 2506 
2052 2066 2367 2401 
2382 2392 2468 2471 2483 
2378 2383 2395 
2052 2089 2093 2222 2387 2398 
2375 2387 2394 
2232 2366 2373 2384 2390 
2225 2468 2473 
2067 2090 2094 2372 
2406 2409 2447 2457 
2408 2421 2435 2453 2461 
2407 2411 2414 2425 2439 
2424 2439 2443 2447 2457 2458 
2413 2417 2433 2452 3037 3059 
2408 2415 2448 
2423 2444 3038 3041 
2430 2436 2452 
2368 2407 2408 2451 
2411 2422 2427 2449 2450 2454 
2428 2434 2539 2564 2579 
2108 2410 2417 2452 
2420 2436 2438 
2413 2419 2440 
2122 2136 2413 2418 2436 
2059 2121 2124 2386 2407 2441 
2415 2422 2429 2449 2450 2459 
2412 2416 2434 2444 2445 2579 
2409 2456 
2408 2439 2419 
2396 2429 2450 2529 2370 2397 2426 2427 
2383 2415 2450 
2416 2434 2457 
2422 2426 2450 2529 2569 
2413 2436 
2456 3051 
2432 2455 2457 2460 2573 2578 
2410 2440 2456 3037 3072 
2416 2428 2445 
2407 2436 
2413 2418 2420 2425 2430 2435 
2135 2136 2438 2441 2453 
2136 2418 2437 2453 
2408 2409 2424 2425 2443 
2419 2433 
2135 2421 2437 2453 
2431 2444 2445 2456 
2409 2439 2454 
2412 2423 2442 3041 3051 
2423 2434 2442 2444 2458 
2432 2459 2460 
2406 2409 2449 2459 
2383 2411 2415 2451 
2415 2422 2447 2459 
2422 2426 2427 2429 
2368 2411 2448 
2122 2413 2417 
2407 2421 2437 2438 2441 
2411 2415 2443 
2428 2432 2457 2539 2561 
2419 2424 2431 2433 2440 2442 3051 3072 
2409 2432 2455 2458 
2409 2445 2457 
2422 2446 2447 2449 
2446 2460 
2368 2386 
2469 2470 2475 2508 2512 2515 
2352 2465 2468 2473 2490 
2364 2382 2469 2471 2492 2485 2501 2506 
2468 2491 
2396 2486 2501 2529 2559 
2472 2487 2507 2513 2515 
2399 2404 2463 2465 2473 2480 2483 
2462 2464 2512 
2470 2509 
2382 2464 2483 2485 
2487 2500 
2211 2337 2463 2468 
2479 2498 2541 
2511 2512 2514 
2492 2493 2502 2505 
2310 2357 2359 2361 2482 2490 2500 
2495 2510 2515 
2474 2503 2511 
2468 2485 
2471 2483 2485 
2361 2472 2477 2487 2504 2500 
2399 2468 2471 2480 2481 
201 277 2496 
2465 2480 2481 2491 2485 
2466 2499 2501 2505 2559 
209 2467 2472 2482 2504 
194 2513 2510 
2497 2503 2554 2565 
2477 2500 2470 2509 
2465 2485 
2476 2511 2492 
2476 2499 2502 2541 2557 2559 
58 212 232 2312 2361 2504 
201 222 2478 2484 2496 2497 
2484 2495 2497 2531 
2478 2489 2495 2496 2508 2531 
2474 2489 2503 2518 2541 2554 2580 
2486 2493 2505 
2477 2490 2509 2500 
2464 2466 2486 2505 2506 
2476 2479 2493 2541 
2479 2498 2514 
2482 2487 
2464 2476 2492 2499 2501 
2395 2397 2501 
215 220 2513 
2462 2497 2515 
2470 2490 2500 
2478 2488 2513 2515 
2475 2502 2514 
2492 2511 
220 2507 2515 194 2488 2513 
2503 2511 
2467 2513 2508 2510 
2520 2521 2553 2576 2582 
2528 2544 2567 
2552 2554 2580 2581 
2527 2573 
2542 2547 2553 2582 
2516 2522 
2521 2527 2536 2545 2556 
2529 2534 
246 868 895 2558 3161 
2527 2534 2556 2569 2574 2525 
2542 2546 2560 2565 2570 2571 
2519 2522 2525 2535 2556 2578 
2533 2544 2576 2583 
2396 2426 2466 2523 2559 2569 
2537 2540 2547 2563 2566 
277 257 2496 2497 2571 
245 2540 2555 
2528 2572 2575 2583 
2493 2523 2525 2557 2559 2574 
2455 2535 2527 2550 2561 
2522 2548 2556 
243 261 263 2530 2566 
2530 2563 2576 
2416 2455 2543 2561 2562 2564 
2530 2532 2538 
2493 2502 2580 
2520 2526 2546 2547 
2535 2539 2549 3158 
2517 2528 2576 
2522 2550 2575 2576 
2518 2526 2542 2581 
2520 2530 2542 2566 2568 
2536 2556 2577 
2533 2535 2550 2575 
2535 2545 2549 2575 
245 246 2524 2555 2558 
2518 2577 2580 
2520 2581 
2489 2565 2570 
245 2555 2532 2540 2558 
2522 2536 2574 
2493 2534 2574 2580 2584 
2524 2551 2555 2567 3161 
2466 2486 2529 2534 
237 243 255 270 2566 2568 
2455 2535 
2539 2543 3158 3177 
2538 2576 2582 
2416 2579 
2489 2531 2554 2570 2571 
243 2530 2537 2547 2560 2568 
2517 2555 2544 2558 2576 3161 3170 
2560 2566 
2422 2429 2519 2525 2529 2573 
2526 2554 
237 2526 2531 2565 
2533 2543 3158 3166 
2432 2519 2569 2578 
2525 2556 2557 2584 
2545 2549 2550 2576 
2516 2521 2528 2538 2544 2545 2563 2567 2575 
2548 2552 2581 2584 
2455 2519 2527 2573 
2416 2423 2562 2564 3177 
2498 2518 2541 2552 2557 2584 
2518 2546 2577 
2516 2520 2563 
2528 3147 3163 
2552 2557 2574 2577 2580 
2603 2622 2630 2639 2585 
1433 1445 2634 
2607 2671 
2628 2717 
2594 2610 2621 2626 2633 
2594 2616 2626 2627 2643 2655 2688 
2588 2592 2593 2721 2740 
2593 2618 2628 2629 2632 2614 
2591 2592 2596 2629 
2589 2590 2607 2632 2638 2655 
1426 1431 2023 2045 2612 
2591 2593 2723 
2624 2639 
2600 2618 
2615 2637 
2599 2602 2605 2630 2631 
2605 2610 2618 2619 2621 
2598 2600 2615 2636 2711 2719 
2585 2612 2617 2639 
1440 1445 2606 2608 2613 2620 
2600 2601 
2604 2608 2620 2622 2633 2634 
2587 2638 2655 2607 2676 2693 
2586 2604 2606 2634 
2614 2629 2671 2677 2712 2723 2785 
2589 2592 2601 2618 
2628 2636 
1426 2008 2595 2603 2617 2624 
1430 2604 2616 2620 
2609 2629 2638 2614 
2615 2637 2719 
1430 1488 2590 2613 2620 2627 2688 
2617 1426 2603 2612 
2592 2598 2601 2611 2628 
2585 2601 2621 2630 
2606 2616 
2589 2601 2619 
2606 2633 2622 
2020 2624 2635 
2597 2612 2623 
2028 2039 2631 2635 2637 
2589 2627 2620 2626 
2590 2616 2626 
2588 2592 2611 2618 2636 
2592 2593 2609 2614 2723 
2585 2597 2600 2630 2619 2631 2639 
2600 2625 2630 2635 
2592 2638 2614 
2589 2606 2620 2622 
1433 2586 2606 2608 2617 
2028 2597 2623 2625 2631 
2602 2611 2628 2711 
2599 2637 
2614 2632 2671 
2597 2603 2630 
2646 2648 2666 
2660 2661 2674 2828 2852 
2646 2642 2658 
2676 2681 
2675 2682 2683 2695 2796 2806 
2642 2645 
2640 2642 2647 2651 
2654 2679 
2640 2660 2666 2674 2692 
2664 2672 
2663 2669 2692 2695 2834 
2657 2658 2651 
1488 1495 2653 2673 2680 2688 
2652 2654 2672 2673 2679 2680 
2642 2647 2653 2679 
2590 2594 2643 2676 
2657 2667 2682 2689 
2651 2686 
2642 2645 2651 2662 
2659 2662 2681 2685 2693 
2641 2687 
2641 2690 
2658 2659 2665 2681 2685 
2650 2846 
1466 1505 2670 2684 
2658 2662 2673 2645 
2640 2648 2660 
2656 2668 2682 2686 2754 
2667 2686 2694 2754 
2650 2692 2695 
1505 2660 2670 2684 2687 
2587 2614 2638 
1495 2664 2679 
2642 2665 
2641 2692 
2644 2814 2827 
2607 2693 
2609 2607 2694 
1497 2690 2833 2847 
2647 2653 2654 2672 2687 2649 
1495 2652 2653 
2643 2659 2662 2688 
2644 2656 2667 2695 2806 
2675 2695 2814 
2649 2664 2670 2687 
2651 2659 2662 2693 
2657 2668 2693 2694 
2660 2666 2670 2679 2684 
1488 2590 2616 2673 2681 
2692 2651 2689 
1497 2661 2678 2833 2852 2690 2854 
2609 2677 2694 2767 
2648 2669 2674 2689 
2607 2659 2676 2677 2685 2686 
2668 2686 2691 2693 2754 2767 2800 
2644 2650 2669 2682 2683 2689 2814 
2709 2732 
2704 3046 
2713 2720 2750 2751 
2107 2150 2709 
2713 2750 
2703 2715 2725 
2727 2732 2741 2750 
2701 2721 2725 2729 2741 
2697 2734 2739 2742 2744 2749 
2710 2722 2728 2730 2735 2743 
2712 2722 2738 2776 
2737 2740 2741 
2794 2708 3046 
2150 2696 2699 2746 2752 
2705 2728 2736 2743 
2602 2636 2719 2737 2748 
2723 2738 
2698 2700 2724 2750 
2109 2116 2732 2748 
2701 2718 2727 2736 2744 2715 2741 
2718 2720 2742 2747 
2588 2636 2740 
2715 2716 2720 2742 
2026 2602 2615 2711 2748 
2716 2720 2747 3066 
2596 2738 2740 
2730 2722 2743 2776 
2593 2596 2629 2712 2738 
2108 2137 2147 2149 2700 2713 
2701 2703 2743 
2708 2755 2794 3123 
2715 2718 2750 
2705 2710 2739 2763 
2701 2703 
2705 2722 2735 2776 
2107 2709 2732 2750 
2696 2702 2707 2714 2731 2737 2741 2746 2748 2752 
2698 2751 3026 3042 
2708 2763 2794 
2705 2763 
2710 2739 
2707 2711 2740 
2706 2712 2721 2723 
2704 2710 2728 2734 2736 2744 
2591 2707 2717 2721 2737 2741 
2703 2707 2741 2729 2740 
2704 2716 2744 2749 
2705 2710 2725 
2704 2715 2736 2739 2742 
2747 3027 3035 
2696 2709 2732 
2745 3066 
2026 2711 2714 
2704 2742 2745 3027 3046 
2107 2698 2700 2702 2713 2727 2731 
2698 2733 3021 3062 
2150 2709 
2775 2787 2940 
2667 2668 2694 2774 2800 
2726 2770 2794 3123 
2754 2800 2783 2790 
2791 2797 2938 
2792 2793 
2734 2763 2794 2801 
2773 2780 
2780 2928 2761 
2765 2790 2799 2805 2807 
2728 2734 2735 2759 2764 
2735 2759 2763 2790 2793 2802 2764 2801 
2762 2791 
2788 2805 
2785 2800 
2774 2777 2782 
2791 2761 2769 
2755 2794 2798 2808 3123 
2779 2781 2784 2807 2809 3102 3119 
2771 2781 2809 
2760 2780 2796 2952 
2754 2756 2806 
2753 2940 2946 3106 3260 
2706 2722 2730 2785 2792 
2761 2768 
2762 2782 2803 
2771 2805 3119 
2760 2761 2773 2777 2796 2806 
2771 2772 2784 2804 
2756 2768 2778 2803 
2756 2758 
2771 2775 2781 3102 
2609 2691 2706 2776 2786 2792 
2767 2792 2800 
2753 2765 2789 2797 2940 
2795 2766 2799 2801 2805 2788 2762 
2753 2765 2787 2804 
2756 2762 2764 2778 2783 
2757 2765 2769 2797 2928 
2758 2776 2786 2793 
2730 2735 2764 2776 2783 2792 
2708 2734 2755 2759 2770 2808 2794 2788 
2795 2798 
2644 2773 2780 2827 2952 
2757 2787 2791 2958 
2770 2795 2808 2798 
2762 2788 2801 2802 
2694 2754 2800 2786 
2802 2759 2788 
2802 2764 
2778 2762 2768 2777 2803 
2753 2781 2809 
2795 2762 2766 2779 2807 
2644 2667 2682 2806 2774 2796 
2765 2789 
2794 2798 
2772 2804 
2811 2818 2819 2856 2810 2855 2815 
2810 2818 2856 
2816 2820 2829 
2819 2840 2855 
2683 2827 
2836 2850 2815 
1628 1643 2812 2829 2847 2854 
2814 2827 2834 2843 2858 
2826 2856 
2810 2813 2835 2840 2906 
2812 2823 
2825 2826 2843 2815 2954 2959 
2820 2840 2844 2851 
2820 2844 2850 2857 
2818 2849 2856 2860 2869 2870 2872 2896 
2821 2843 2858 2948 2954 2961 
2818 2821 2832 2849 2959 
2675 2796 2858 2814 2817 2838 
2663 2846 
2816 2828 2831 2846 2852 2854 
2835 2853 2862 2900 2910 2830 2845 
2820 2829 
2826 3002 
2690 2847 2854 
2650 2663 2817 2839 2843 2846 2857 
2819 2830 2840 2853 2862 2903 2906 
2815 2839 
1628 1673 
2858 2827 2917 2922 2945 
2834 2843 
2813 2822 2835 2841 2842 2844 2853 
1635 2840 2848 1653 
2840 2844 2855 
2817 2821 2825 2834 2839 2858 
2822 2840 2842 2850 
1629 2900 
2663 2828 2829 
1497 1643 1654 2678 2816 2854 
1635 2841 
2826 2832 2860 
2815 2823 2836 2850 
1673 2820 2822 1653 
2661 2690 2828 2829 2854 
2830 2835 2840 2848 
2829 2833 2847 
2813 2842 
2810 2811 2818 2819 2824 
2820 2823 2831 
2858 2817 2825 2838 2843 2922 
2860 2861 2866 2870 2881 2897 2976 3009 
2832 2849 2859 2870 3001 3009 
2859 2863 2866 2905 
2830 2874 
2861 2866 2894 2879 2905 
2871 2885 2909 
1767 1774 1778 2883 2901 2902 
2863 2875 2859 2866 2881 2911 
2862 2874 2886 2893 2904 2908 
2883 2894 2868 2909 
2824 2872 2877 2898 2903 2906 
2824 2859 2860 2881 2890 2896 
2864 2868 2883 2885 
2824 2877 
2868 2876 2879 
2830 2862 2867 2910 
2866 2882 2911 
2873 2878 2888 
2869 2872 2877 2882 
1729 2876 2904 2908 
2868 2873 2884 2879 2904 
2889 2894 2897 2905 
2870 2911 
2869 2875 2877 2886 2911 
1774 2865 2868 2871 2887 2891 
2879 2884 
1762 2864 2907 2909 
2862 2882 2903 2884 2886 
1762 1774 2907 
1699 1706 1729 2876 2878 2895 
2880 2897 2905 
2870 2911 
2883 2894 2897 2901 2992 
539 1733 2895 2899 
1682 2874 2908 2910 
2863 2868 2880 2883 2891 2879 
539 2895 2888 2892 
2870 2872 2890 
2859 2976 2880 2889 2891 2905 2981 2992 
2819 2824 2869 
1733 1736 2868 2892 2909 
1629 1634 2830 2845 2910 
2865 2883 2891 2902 2992 
2865 2901 2991 
2835 2862 2882 
2867 2878 2879 2884 
2861 2880 2889 
2819 2869 2898 
1762 2885 
1682 1729 2878 2893 2904 
1736 2864 2868 2871 2885 
1700 2874 2893 2900 
2875 2881 2890 
2918 2956 
2922 2945 2956 2963 
2941 2949 2953 
2918 2925 2938 2951 2958 
2921 2932 2939 2940 2946 
2827 2838 2945 
2912 2928 2956 2962 2963 
2942 2960 3256 3275 3282 
2932 2944 2960 3248 3256 
2916 2932 3280 
2838 2913 2945 
2914 2933 2941 
2924 2934 2935 
2915 2943 
2934 2937 2947 
2937 2948 2956 2961 
2757 2761 2791 2918 2938 2952 2963 
2924 2935 2953 
2936 2943 2944 
2941 2933 2955 
2916 2920 2921 2939 3246 3281 2932 2944 
2923 2931 2947 
2912 2924 2926 2947 
2929 2936 2951 
2935 2936 2943 2950 
2926 2927 2933 2961 
2915 2928 2958 
2916 2932 2940 2943 
2753 2775 2787 2916 2939 2943 2946 
2923 2931 2994 3007 3015 
2919 2949 2960 2978 2989 3282 
2930 2936 2939 2940 
2920 2930 2960 2944 2953 
2913 2922 2952 
2775 2916 2921 3260 3280 
2923 2933 2934 2953 
2825 2858 2927 2956 
2914 2942 
2936 2951 
2915 2925 2935 2950 2957 
2773 2917 2928 2945 2963 
2914 2929 2947 2949 2960 
2821 2937 2961 
2931 2959 3007 
2912 2927 2948 2963 
2951 2962 2957 
2797 2915 2925 2940 2943 
2821 2826 2954 2955 
2919 2942 2944 2949 2953 
2927 2954 
2918 2924 
2913 2918 2928 2956 
2970 2964 
2970 2995 3005 3006 3008 3010 3018 
2997 3000 3004 3012 
2979 2992 
1884 2995 3019 
2995 2998 3005 3018 
2964 2965 3004 
2981 2992 2999 3003 
1843 1847 2157 2982 3320 
2978 2973 2984 3000 3013 3297 3315 
2980 2986 2988 2990 3012 
2980 
2859 2976 2985 3009 
2987 2990 3012 3015 
2942 2973 2989 3282 2978 3298 3295 
2967 2993 3003 3019 
2975 2980 3004 3012 
2897 2992 2999 2976 2974 
2972 
2982 2984 2972 3316 
2973 2983 3013 3315 3316 
2986 3014 3016 
2974 3016 
2914 2977 3015 
2964 2974 2980 
2942 2949 2977 2978 2987 2997 
2974 2977 2994 3007 3012 
1849 2902 2967 2992 2993 
2891 2897 2902 2967 2971 2981 2991 3003 
1849 2979 2991 3017 3019 
2941 2990 
2969 3018 3019 2964 2995 
1876 2998 3005 
2966 2989 3000 
1841 1884 2968 2969 2996 2998 
2971 2981 
2973 2997 3006 3013 
2860 3009 
2832 2860 3001 3007 3014 
2967 2971 2979 2992 3011 
2964 2966 2970 2975 2980 3012 
2965 2996 3008 
2965 3000 3010 
2931 2941 2955 2990 2994 3002 3014 3016 
1847 1856 2965 3005 3010 
2859 2976 2985 3014 
1847 2965 2983 3008 
2988 3003 2964 3019 
2966 2974 2977 2980 2990 3004 
2973 2984 
2985 3002 3007 3009 
2941 2987 2994 
2986 3007 
1858 1884 2993 3019 
2965 2969 2995 
2968 2979 2995 3011 2964 3017 
3025 3091 3071 3074 3097 3135 3154 
2751 3035 3062 3066 3070 
3023 3028 3031 3073 3111 
3022 3120 
3030 3058 3063 3024 3074 
3020 3034 3091 3060 3075 3099 
2108 2733 
2745 3035 3045 3046 
2708 3022 3046 3073 3111 3123 
3036 3037 3042 3061 3065 3070 
3063 3137 3174 
3022 3023 3055 3067 3120 
3034 3047 3054 
3034 3074 
3025 3032 3033 3047 3055 3067 3074 3075 
2745 2747 3027 3045 3048 3066 3070 
3029 3039 3048 3049 
2433 3042 3059 
2579 3043 3056 3177 
3036 3039 3052 3054 
3041 3043 3050 3056 
2444 3038 3040 3050 3051 3056 
2733 3037 3059 3062 3070 
3030 3038 3040 3056 3137 3144 3177 
3050 3061 3065 3068 3072 
3035 3049 3045 
2697 2708 2749 3027 3028 3045 
3032 3034 3049 3054 3055 
3035 3036 
3036 3045 3047 3048 
3040 3041 3044 3053 3069 
2431 2444 3041 3068 3072 
3039 3049 3054 
3030 3053 3050 3069 
3032 3033 3047 3052 
3031 3034 3047 3067 
3040 3041 3043 
3039 3064 
3071 3074 3151 3174 
2108 3026 3037 3042 
3091 3099 
3029 3044 3065 3072 
2733 2751 3021 3042 3062 
3024 3030 3053 3064 3076 
3057 3063 3076 
3029 3036 3044 3061 3069 
2720 2751 3021 
3034 3055 3083 
3051 3072 
3050 3053 3065 
3029 3042 
3020 3074 3154 3157 
2433 2456 3037 3044 3051 3061 3068 
3022 3028 3045 3049 
3020 3034 3057 3058 3071 
3025 3034 3083 3099 
3063 3064 
3092 3117 3124 
3095 3101 3117 3130 3232 
3085 3087 3122 
3091 3097 3108 3128 3195 
3107 3113 3116 
3075 3083 3084 3098 3099 3103 
3031 3067 3075 3082 3084 3120 
3082 3103 3127 
3079 3094 3102 3104 3119 
3095 3103 3118 
3079 3122 
3100 3105 3124 3131 3290 
3089 3104 3105 3125 
3109 3115 2798 3123 3127 
3091 3060 3096 3097 
3131 3265 
3110 3122 
3085 3119 
3078 3086 3112 3117 
3098 3108 3129 
3020 3080 3091 3135 3184 3195 
3096 3099 3129 
3060 3075 3082 3098 
3088 3092 3131 
3078 3118 3199 
2771 2784 3085 3106 3104 
3082 3084 3086 3110 3126 
3085 3102 3106 3121 
3089 3125 3290 
2775 2784 3106 3121 3260 
3081 3089 3122 3125 
3080 3096 
3090 3093 3110 3115 
3103 3109 3126 3127 
3022 3028 3120 3123 
3095 3113 3117 
3081 3116 
3114 3348 3117 3241 3265 3270 3272 
2795 3087 3090 3094 3109 
3081 3113 
3077 3078 3092 3095 3112 3114 3202 3241 
3078 3086 3108 3128 3132 
2771 2779 2795 3085 
3022 3023 3031 3083 3084 3111 3127 
3106 3104 3089 3260 3261 3290 
3079 3081 3087 3089 3093 3107 3126 
2708 2726 2755 2770 3028 3090 3111 2798 
3077 3088 3107 3113 3131 
3089 3105 
3093 3103 3110 3122 
3090 3111 3123 
3080 3108 3118 3132 3207 
3096 3098 3108 
3117 3202 3232 
3088 3092 3100 3124 
3118 3128 3199 
3184 3196 3224 
3136 3175 3176 3182 3183 
3154 3184 
3134 3153 3176 
3030 3043 3141 3142 3144 
868 3143 3161 3171 
3148 3153 3186 
884 3150 3155 3168 3171 3186 
3136 3137 3142 3173 3180 
3136 3141 3144 3149 3153 
3138 3161 3170 3171 
3137 3142 3149 3158 3177 
3133 3167 3184 3213 
3162 3160 3165 3178 
2572 2583 3148 3153 
2583 3139 3147 3153 3163 
3142 3144 
3140 3150 
3058 3135 3145 3152 3154 3157 
3156 3180 
3136 3139 3142 3147 3148 3149 
3020 3071 3135 3151 3157 
881 884 891 920 3140 3181 
3152 3174 
3071 3151 3154 
2543 2562 2572 3144 3149 3166 
3165 3172 3181 3182 
876 961 3178 3225 
2558 2567 3138 
3162 3213 
2517 2528 2567 2583 3148 3170 
3165 3182 3187 
903 3146 3159 3164 3182 
2572 3147 3149 3158 
3145 3173 3213 
3140 3169 
868 882 884 
2567 3143 3163 3150 
3143 3169 
871 899 903 904 3159 3181 
3141 3167 3180 
3058 3156 3137 3174 
3134 3183 
3134 3136 3185 
2562 2579 3038 3043 
3162 3146 3160 3218 3223 3225 3238 3198 
3181 3183 
3141 3152 3156 
871 3155 3159 3179 3183 
3134 3159 3165 3185 
3175 3179 3181 
3133 3135 3145 
3176 3182 
3139 3150 3179 3140 
3162 3164 3173 3182 
3226 3228 3245 
3200 3235 3356 
3196 3214 
935 3208 3245 3352 3388 
3198 3211 3227 3234 
3205 3215 3231 3240 
3217 3219 3244 
3080 3097 3196 3207 
3133 3190 3195 3207 3214 3224 3233 3240 
3193 3212 
3192 3206 3218 
3101 3132 3190 3207 3229 3232 
3189 3212 3216 3235 
3212 3220 3227 3234 
3117 3130 3230 3236 3241 3242 
3192 3223 3239 
3205 3214 3229 3243 
3193 3204 
3218 3238 
3132 3190 3195 3199 
956 3191 3245 
927 3237 3238 
3216 3228 3352 3356 3381 
3192 3239 
3197 3200 3201 3215 3216 3228 
3145 3162 3173 3187 3222 3223 3224 
3205 3240 
3193 3201 3212 3239 3240 
3210 3212 
3194 3244 
3178 3198 3206 3238 
3194 3230 3231 3235 
927 957 3201 3237 
3236 3241 3348 
3213 3224 3239 
3162 3178 3203 3213 3239 
3196 3222 3233 
961 973 3160 3178 3238 
957 3188 3245 
3192 3201 3211 3234 
3228 3210 3212 3216 
3199 3204 3232 
3202 3230 3236 3351 
3193 3197 3219 3235 
3101 3130 3199 3229 3242 
3196 3222 3224 3240 
3192 3198 3227 3237 
3189 3219 3351 3235 
3202 3221 3241 3351 
927 3201 3209 3234 
3178 3206 3218 
3239 3203 3215 3223 3233 
3193 3196 3205 3214 3215 3233 
3202 3221 3348 
3202 3230 3232 
3204 3229 3244 
3193 3194 3205 3217 3243 
3188 3228 3208 3226 972 
2932 3248 3281 
3273 3278 
3246 3252 3256 
3265 3270 3273 3289 
3284 3288 3291 
3255 3259 3268 3284 
3248 3256 3271 
3249 3289 3292 
3275 3279 3326 3340 
3251 3284 3248 3255 
2919 2920 3248 3256 3277 
3353 3369 
3260 3274 
3278 3285 
2946 3106 3121 3258 3261 
3121 3258 3260 3274 
3274 3280 3281 
3266 3273 3353 3375 3382 3383 
3266 3269 3304 
3092 3114 3249 3270 3265 
3263 3264 3273 3276 3286 3288 
3287 3321 
3251 3273 
3264 3287 
3114 3265 3273 
3252 3254 3256 3277 3279 3291 
3114 3270 3376 
3247 3249 3263 3268 3270 3276 3363 
3258 3261 3262 3274 3280 
3254 3277 2978 3326 
3266 3273 3288 
3256 3275 
3247 3259 3285 3289 
3254 3271 3283 3291 3293 
2921 2946 3260 3262 3274 3281 
2921 2932 3246 3262 3280 
2919 2942 2978 3275 
3279 3291 3293 
3250 3255 
3259 3261 3278 3289 3290 3292 3248 3274 3285 
3257 3353 
3267 3269 3288 3307 
3250 3266 3269 3276 3287 3291 
3249 3253 3278 
3088 3100 3089 3261 3285 3292 
3279 3283 
3253 3285 3290 
3279 3283 3301 3326 
3299 3303 3314 3333 3337 
3296 3297 3295 3324 
3295 3298 3301 3326 3333 
2973 3315 3324 
2978 3295 3326 
3294 3314 
3334 3332 
3319 3333 
3295 3303 3314 3333 
3294 3302 
3269 3318 3321 3369 3401 3443 
3305 3323 3324 3306 
3314 3306 
3267 3287 3321 3325 
2159 2177 2193 3309 3331 3328 3306 3308 
2193 3308 
2972 3316 3320 3323 3335 3338 
3308 3328 3329 
3313 3318 3330 3337 
3318 3330 3339 3410 3443 
3294 3302 3306 
2984 3297 3316 3324 3335 
2983 2984 3310 3315 3335 
2193 3327 3338 
3304 3312 3313 3325 3443 
3301 3307 3337 
2157 3310 3338 
3307 3325 
3328 3332 3336 3417 
3305 3310 3327 3335 
3295 3335 
3304 3318 3321 3337 
3254 3275 3293 3296 3298 3340 
2193 3309 3317 3323 3327 
3328 3300 3311 3322 3336 
3311 3331 3402 
3312 3334 
2182 2266 3308 3329 
3300 3328 3397 
3296 3302 3303 
3314 3334 
3315 3316 
3322 3328 3402 3417 
3294 3299 3307 3318 3319 3325 
2157 2162 2179 3310 3317 3320 3327 
3313 3330 3332 3397 3410 
3254 3293 3326 
1100 1118 3364 3365 3384 
3367 3372 3377 3385 3389 
3345 3357 
3363 3376 3378 3235 
3343 3379 3408 3425 3428 
3370 3419 3436 
3366 3371 3373 3386 
3272 3376 
3354 3359 3360 
3356 3358 3378 3377 3350 3361 
3221 3230 3235 3236 3344 3376 
3191 3210 3355 3371 3381 
3257 3263 3286 3369 3383 3389 
3384 3385 
1104 3352 3362 3366 3388 
3210 3216 3350 3378 3381 
3343 3369 3401 
3350 3375 3383 3387 
3349 3354 3360 3372 3380 
3349 3359 3364 3368 3386 
3380 3381 3386 
1107 1112 3355 3364 3366 3368 1114 3362 3365 
3273 3344 3376 3387 
3341 3362 3365 3368 3384 
1101 3341 3364 
3362 3368 
3379 3385 
3364 3366 
3257 3264 3304 3353 3357 3401 
1100 1161 3346 3436 
3347 3352 3381 
3342 3354 3359 3377 
3347 3368 3386 
3346 3409 3435 3374 3384 3385 3408 
3263 3358 3383 
3272 3344 3348 3363 
3350 3372 3377 
3358 3387 
3342 3343 3345 3367 
3359 3377 
3210 3352 3356 3361 3371 
3263 3363 3387 
3263 3353 3358 3375 3377 
3341 3349 3354 3364 
3345 3354 
3361 3373 
3358 3378 3382 
935 1104 3191 3355 
3342 3343 3389 3379 
3343 3357 3395 3414 
1152 3419 3436 
3407 3413 3416 3422 3431 3432 
3403 3416 
2289 2294 
3390 3401 3410 3443 
1123 1152 3391 3404 3409 3435 
3332 3339 3399 3423 
1129 1166 3442 
3322 3332 3397 3423 
1123 1139 1166 3415 3429 3439 
3369 3395 
3329 3331 3336 3417 3438 
3411 3413 3416 3444 
3396 3405 3409 
3404 3439 3444 
3416 3420 
3392 3422 
3428 3441 
3396 3404 3435 3441 
3339 3410 3414 
3403 3410 3413 3411 3412 
3423 3437 
3392 3403 3411 3422 3437 
3390 3395 3410 3425 3440 
3393 3400 3429 3442 3444 
3392 3393 3403 3406 3431 
3399 3402 
1174 2271 3434 
3346 3374 3391 
2256 3406 3416 3418 3433 3442 
2264 3394 3426 
3392 3407 3413 3437 
3339 3397 3399 3410 3412 3424 3437 
3427 3437 3399 3402 3417 
3343 3414 3428 3440 
3421 3431 3432 
3438 3424 3432 
3345 3408 3425 3441 
1166 3400 3415 3442 
3432 3438 
2256 2264 3392 3416 3426 3432 
3392 3407 3426 3427 3430 3431 
2271 2278 2300 2256 3418 3420 
1127 1129 1172 1174 3418 
3374 3391 3409 3419 
1152 1161 3346 3370 3391 
3412 3413 3422 3423 3424 
2266 2289 3331 3430 
1123 3396 3400 3405 3415 3444 
3414 3425 3441 
3409 3428 3440 
3398 3415 3420 3429 3434 
3304 3313 3318 3395 3443 
3393 3410 3415 3439 

