555 3400
2 3 4 6 9 
1 3 4 6 2 
1 2 4 5 7 
1 2 3 5 
3 4 5 7 
1 2 
3 5 
1 2 9 10 11 12 14 17 18 19 20 21 25 28 33 35 52 
1 2 8 10 11 13 15 16 18 9 
8 9 14 
8 9 
8 12 
9 13 
8 10 
9 16 
9 15 
1 2 8 9 10 11 12 18 19 20 21 22 23 24 28 32 33 35 36 49 40 52 54 55 74 98 548 17 
9 17 19 20 21 22 23 26 27 29 30 31 49 40 52 18 
17 18 26 49 40 19 
17 18 21 24 20 
17 18 20 24 32 
17 18 23 27 29 30 
17 22 31 
17 20 21 
17 28 33 25 
18 19 
18 22 29 30 
17 25 
18 22 27 
18 22 27 
18 23 
17 21 
17 25 
1 2 3 8 9 10 11 17 18 19 20 21 22 23 24 25 35 36 37 49 38 39 40 34 41 42 43 44 45 46 47 52 53 54 55 56 57 58 59 60 62 63 64 65 66 67 68 69 72 74 75 76 78 79 80 81 82 97 98 99 132 154 173 189 190 217 218 253 274 340 412 428 440 467 491 499 513 524 525 526 544 548 549 
1 8 9 17 18 19 20 21 22 34 36 37 38 39 40 41 42 43 44 46 47 48 49 50 51 52 53 54 55 56 57 58 74 98 548 35 
34 35 37 46 
34 35 36 37 
34 35 
34 35 
34 35 
34 35 
35 45 
34 35 
34 48 
34 42 
34 36 
34 35 
35 44 
35 49 
35 51 
35 50 
18 36 53 54 55 56 57 58 59 62 63 64 65 66 67 68 69 70 71 74 
52 54 60 61 74 76 81 82 53 
52 53 55 56 57 58 59 74 54 
34 52 54 56 57 58 59 66 67 72 74 
52 54 55 57 58 59 62 63 64 68 69 70 
52 54 55 56 58 59 62 63 64 69 70 
52 54 55 56 57 59 63 64 65 71 
52 54 55 56 57 58 63 64 65 71 
53 61 60 82 
53 60 
52 56 57 
52 56 57 58 59 64 70 
56 57 58 59 63 70 
52 58 59 
52 55 
52 55 72 
52 56 
52 57 
52 56 57 63 64 
52 58 59 
55 67 
1 2 3 8 9 10 17 18 19 20 21 34 35 36 37 49 38 39 40 52 53 54 55 56 57 58 59 60 61 62 63 67 74 75 76 77 78 79 80 81 82 83 84 85 86 87 88 89 90 91 92 93 94 95 96 97 98 99 106 120 121 132 133 134 135 137 146 147 154 155 156 173 174 189 190 217 218 219 245 253 256 274 289 322 340 351 391 393 394 412 428 440 455 467 491 499 500 512 513 524 525 526 527 544 548 549 73 
53 55 60 61 73 76 78 79 80 81 82 96 
73 84 93 75 
73 74 78 79 80 81 82 95 
73 88 89 
73 74 76 87 94 
73 74 76 78 
73 74 76 81 
73 74 76 80 82 96 
60 73 74 76 81 96 
73 91 
73 75 93 
73 86 
73 85 
73 78 
73 77 
73 77 
73 90 
73 83 
73 92 
73 75 84 
73 78 
73 76 
73 74 81 82 
8 17 35 52 74 98 99 100 101 102 103 104 105 106 107 108 109 110 111 112 113 114 115 116 117 118 119 121 122 124 125 132 133 134 135 137 146 147 154 156 173 190 218 440 97 
17 35 52 97 99 100 103 104 105 106 107 109 110 111 112 113 114 117 118 119 121 125 132 134 135 173 
97 98 100 101 103 104 105 108 109 110 99 115 121 
97 98 99 101 
97 99 100 102 101 
97 101 
97 98 99 
97 98 99 105 111 116 
97 98 104 116 
97 98 107 114 118 
97 98 106 114 119 
97 99 
97 98 99 
97 98 99 
97 98 104 
97 98 
97 98 
97 98 106 107 
97 99 
97 104 105 
97 98 
97 98 106 
97 98 107 
1 8 9 17 18 19 34 35 52 53 54 55 56 73 74 75 76 97 98 99 100 101 102 103 104 105 106 107 108 109 110 111 112 113 114 121 122 123 124 125 126 127 128 129 130 131 132 133 134 135 136 137 138 139 140 141 142 143 144 145 146 147 148 149 150 154 155 156 157 173 174 175 176 189 190 191 217 218 219 245 253 254 255 256 274 289 321 322 340 351 391 393 394 412 428 440 455 467 491 499 500 512 513 524 525 526 544 548 120 
120 124 131 
120 122 
120 123 
120 121 
120 126 
120 125 
120 130 
120 129 
120 128 
120 127 
120 121 
121 133 134 135 136 137 140 141 144 145 132 146 147 
132 134 136 138 139 140 143 146 147 133 
132 133 135 140 141 144 145 
132 134 137 135 
132 133 143 
132 134 135 137 
133 139 142 
133 138 142 
132 133 134 140 
132 134 
138 139 
133 136 
132 134 
132 134 
133 147 148 149 150 151 152 153 
133 146 148 147 
146 147 151 152 148 
146 149 
146 153 
146 148 152 151 
146 148 151 
146 150 
155 156 157 158 159 160 161 162 163 164 165 168 169 170 173 174 175 176 177 190 191 154 
154 156 158 159 160 167 174 175 176 177 180 188 155 
154 155 157 161 162 163 164 165 166 171 172 174 176 156 
154 156 162 165 
154 155 159 167 
154 155 158 
154 155 
154 156 
154 156 157 166 
154 156 
154 156 
154 156 157 
156 162 
155 158 
154 168 
154 170 
154 169 
156 172 
156 171 
98 154 155 156 157 158 159 160 161 174 175 176 177 178 179 180 181 182 183 184 185 186 187 188 190 191 195 173 
158 159 173 175 176 177 180 182 187 188 
173 174 181 183 184 
173 174 177 180 187 188 
173 174 187 188 
173 178 
173 175 183 
173 174 176 182 186 
173 175 184 185 
173 174 180 182 186 
173 175 179 
173 175 181 185 
173 181 184 
173 180 182 
173 174 176 177 
173 174 176 177 
8 17 34 35 97 98 99 132 146 154 155 156 157 158 161 162 173 174 175 176 177 178 179 180 181 190 191 192 193 194 195 196 197 198 199 200 201 202 203 204 205 206 207 208 209 210 211 212 213 214 215 216 217 218 219 220 245 253 254 255 256 274 275 289 321 322 340 351 412 428 440 491 189 
154 155 156 173 174 175 176 189 191 192 193 194 195 197 198 200 201 202 203 204 205 206 210 190 211 212 213 
189 190 193 194 195 203 204 213 214 
189 190 198 199 
189 190 191 194 210 
189 190 191 193 201 211 
189 190 191 204 213 214 
189 207 
189 190 208 
189 190 192 199 
189 192 198 
189 190 209 
189 190 194 
189 190 
189 190 191 
189 190 195 
189 190 206 215 
189 190 205 216 
189 196 
189 197 
189 200 
189 190 193 
189 190 194 
189 190 
189 190 191 195 
189 191 195 
189 205 
189 206 
34 35 97 98 154 155 156 173 174 189 190 191 218 219 220 221 222 223 224 225 226 227 228 229 230 231 232 233 234 235 236 237 238 239 240 241 242 245 246 248 249 250 251 252 253 254 255 256 257 258 274 275 289 290 291 292 321 322 340 351 412 428 440 491 217 
97 98 154 156 173 190 191 217 219 220 221 222 223 224 225 226 227 228 229 230 231 232 233 235 236 238 239 240 241 242 243 244 245 246 247 250 254 255 256 274 275 289 291 322 340 440 218 
217 218 220 221 222 223 224 225 229 230 231 238 239 240 241 245 246 
217 218 219 234 246 
217 218 219 229 237 238 
217 218 219 232 
217 218 219 
217 218 219 226 227 228 
217 218 219 230 241 
217 218 224 
217 218 224 228 
218 224 227 
217 218 219 221 238 
217 218 219 225 
217 218 219 
217 218 222 
217 218 
217 220 
217 218 
217 218 
217 221 
217 218 219 221 229 
217 218 219 
217 219 
217 218 219 
217 218 
218 244 
218 243 
219 220 221 246 247 248 249 250 251 252 256 245 
245 250 252 
245 246 249 
245 251 
245 247 
246 250 
245 248 
245 246 
34 35 97 98 154 156 173 189 190 217 218 219 220 245 246 254 255 256 257 258 259 260 261 262 263 264 265 266 267 268 269 270 271 272 273 274 275 276 277 278 279 280 281 282 286 287 288 289 290 291 292 293 294 295 296 315 316 321 322 323 340 351 412 428 440 491 253 
253 255 256 257 259 260 262 275 281 287 288 
253 254 256 257 259 260 261 262 269 275 281 
245 253 254 255 257 258 264 265 266 267 268 273 
254 255 256 264 271 
253 256 268 
253 254 255 
253 254 255 
253 255 263 
253 254 255 
253 261 270 
253 256 257 272 
253 256 266 273 
253 256 265 267 
256 266 
256 258 
253 255 
253 263 
253 257 
253 264 
253 256 265 
219 245 254 255 256 257 258 259 260 261 262 263 275 276 277 278 279 280 281 282 285 286 287 288 289 290 291 292 294 321 322 
259 262 274 279 280 281 287 288 
274 278 276 
274 283 284 
274 276 278 
274 275 282 285 
274 275 280 286 
274 275 
274 279 
277 284 
277 283 
274 279 
274 280 
274 275 
274 275 
254 255 256 274 275 290 291 292 293 294 295 296 297 298 299 300 301 302 303 306 307 308 309 310 316 321 322 289 
289 291 292 293 294 295 296 297 298 301 302 308 309 310 
289 290 292 294 295 303 304 305 314 291 
289 290 291 294 295 292 305 314 
289 290 299 293 300 
289 290 291 292 295 298 303 304 312 313 294 
289 290 291 292 294 303 304 311 312 
289 290 297 301 309 
289 290 296 301 302 
289 290 294 298 
289 293 
289 293 300 
289 290 297 302 
289 290 297 301 
289 291 294 295 
291 294 295 313 
291 292 
289 307 
289 306 
289 290 
290 296 310 
289 290 296 309 
294 295 312 
294 295 311 
294 304 
291 292 
316 318 315 320 331 322 
315 317 319 316 
316 319 
315 318 320 
316 317 319 
315 318 
315 316 322 323 324 325 326 327 328 329 330 332 333 334 335 321 
290 315 316 317 318 319 321 323 324 325 329 331 338 339 322 
321 322 324 327 328 329 332 333 334 335 
321 322 323 325 329 330 324 
321 322 324 325 
321 326 
321 323 
321 323 332 
321 322 324 330 337 
321 324 329 337 
322 338 339 
321 328 
321 323 335 336 
321 323 
321 323 333 336 
333 335 
329 330 
322 331 
322 331 338 
341 342 343 344 345 347 350 351 355 362 363 391 340 
340 342 341 
340 341 343 344 346 348 349 
340 342 344 346 348 349 
340 342 343 344 
340 345 
342 343 348 349 
340 350 
342 343 346 
342 343 346 
340 347 
340 341 352 353 354 355 356 357 358 360 361 362 363 364 391 351 
353 354 356 359 352 
351 352 356 359 
351 352 357 
351 361 
351 352 353 
351 354 360 
351 358 
352 353 
351 357 
351 355 
363 364 362 365 366 368 
352 353 364 367 370 371 
363 367 370 371 
362 366 368 369 
362 365 368 369 
363 364 
362 366 
362 366 
363 364 
363 364 
373 380 
372 373 
1 2 3 8 9 17 18 19 34 35 36 52 53 54 55 56 73 74 97 98 99 120 121 132 133 134 135 146 147 154 155 156 173 174 176 189 190 191 217 218 219 220 245 246 253 254 255 256 257 258 274 275 289 290 291 292 293 294 315 316 317 321 322 323 324 325 340 341 342 343 344 345 346 347 351 352 353 354 355 356 357 358 359 360 361 362 363 364 365 366 367 368 369 370 371 372 373 375 376 377 378 379 380 381 382 383 384 385 386 387 388 389 390 391 392 393 394 395 396 397 398 401 402 412 413 414 415 416 417 418 419 420 423 424 428 429 430 431 432 437 438 440 441 442 443 444 455 456 457 458 459 467 468 469 470 471 472 473 474 475 477 478 480 491 492 494 499 500 502 511 512 513 514 524 525 526 527 528 544 545 548 549 374 
372 373 374 376 377 378 382 383 384 375 390 
374 375 381 389 376 
374 375 385 
374 375 377 385 
374 387 388 
374 386 
374 376 389 
374 375 383 
374 375 382 
374 375 
374 378 
374 380 
374 379 388 
374 379 387 
374 376 381 
374 375 
340 351 375 392 391 394 395 
391 392 
1 8 9 17 18 34 35 52 73 97 98 99 120 132 154 156 173 189 190 217 218 219 245 253 254 255 256 274 289 291 321 322 340 341 351 352 354 355 362 363 364 372 373 375 376 377 378 379 380 381 382 391 392 394 395 396 397 398 399 400 401 402 403 404 405 406 407 408 409 410 411 412 413 414 415 416 417 418 419 420 421 422 423 424 428 429 430 431 432 437 440 441 442 443 444 455 456 457 458 459 467 468 471 473 491 492 499 500 512 513 524 525 526 544 548 393 
391 393 395 396 399 403 394 404 405 413 414 418 419 
393 394 397 398 402 407 408 409 410 411 
393 394 401 406 
393 395 407 408 
393 395 411 
393 394 400 
394 399 
393 396 406 
393 395 
393 394 
393 394 
393 394 
393 396 401 
393 395 397 
393 395 397 
393 395 
393 395 
393 395 398 
340 351 375 391 394 395 413 414 415 416 417 418 419 420 421 422 423 424 412 425 426 427 429 431 432 428 437 440 441 455 467 491 
412 414 415 416 417 418 420 422 425 
412 413 415 416 417 418 420 423 426 427 
412 413 414 416 417 415 421 422 
412 413 414 415 417 420 422 425 
412 413 414 415 416 420 
412 413 414 424 
399 400 412 419 
412 413 414 416 417 
412 415 
412 413 415 416 
412 414 
412 418 
412 413 416 
412 414 
412 414 
8 17 34 35 97 98 154 173 189 190 217 218 253 274 289 322 340 351 362 363 372 373 375 377 391 392 394 395 396 397 398 393 412 413 414 415 416 417 418 419 420 421 422 423 424 425 426 427 429 430 431 432 433 434 435 436 437 438 440 441 442 443 444 455 456 457 458 459 467 468 491 499 500 512 513 525 526 544 548 428 
428 430 433 434 
428 429 435 
428 436 
428 432 
428 429 
428 429 
428 430 
428 431 
438 439 441 442 443 444 440 455 437 
437 439 
437 438 
97 218 340 351 391 394 395 412 413 414 437 438 439 441 442 443 444 445 446 447 448 449 450 451 452 453 454 455 456 457 458 459 460 461 467 468 491 499 440 
437 440 455 457 458 459 461 441 
440 443 444 448 449 454 
440 442 449 
440 442 448 453 
440 450 
440 451 
440 452 
440 442 444 
442 454 
440 445 
440 446 
440 447 
440 444 
440 442 449 
437 441 442 456 457 458 459 460 461 463 465 466 468 455 
455 
455 458 459 460 457 462 463 464 
455 457 459 460 463 
455 457 458 465 
455 457 458 462 
455 466 
457 460 
457 458 464 
457 463 
455 459 
455 461 
441 455 456 468 469 470 471 472 473 474 475 476 477 478 479 480 481 483 487 488 489 490 491 499 467 
467 474 477 478 479 490 468 
467 470 
467 469 470 
467 472 475 486 
467 471 475 476 487 488 489 
467 468 474 477 473 
467 468 473 477 
467 471 472 
467 472 
467 468 473 474 490 
467 479 483 478 
467 468 478 483 
467 480 
467 482 484 
481 484 485 
467 478 479 483 
481 482 485 
482 484 
471 486 
467 472 
467 472 
467 472 
467 468 474 477 
455 467 492 493 494 495 496 499 500 502 503 513 491 
491 493 495 497 498 492 
491 492 503 493 
491 494 
491 492 
491 496 
492 498 
492 497 
467 491 492 493 494 500 501 502 503 504 505 506 507 508 509 510 511 512 513 499 
492 493 499 502 503 504 500 505 506 509 511 513 
499 511 
499 500 503 502 
499 500 502 503 
499 500 
499 500 
499 500 
499 508 510 
499 507 510 
499 500 
499 507 508 
501 511 
513 515 516 518 521 525 526 
500 512 514 517 519 520 522 523 525 513 
513 517 519 522 
512 518 
512 521 
513 514 520 523 
512 515 
513 514 
513 517 523 
512 516 
513 514 
513 517 520 
525 526 527 529 544 545 546 524 
512 513 524 526 527 528 529 530 531 532 533 535 536 537 539 540 544 525 
512 524 525 528 532 533 534 537 541 542 543 544 
524 525 526 528 532 535 536 539 540 
525 526 527 532 533 541 
524 525 538 
525 531 
525 530 
525 526 527 528 537 
525 526 528 534 543 
526 533 
525 527 539 
525 527 
525 526 532 
529 538 
525 535 
525 527 
526 528 542 
526 541 
526 533 
524 525 526 527 545 547 544 
544 547 
544 546 
544 545 
1 2 8 9 17 35 524 525 526 544 549 550 551 552 553 555 548 
548 550 551 554 549 
548 549 554 550 
548 549 553 
548 555 
548 551 
549 550 
548 552 

