46 216
44 45 46 2 
44 46 1 
25 3 
44 45 46 5 6 4 
45 4 
45 4 
44 46 8 
46 7 
44 46 10 11 12 
44 9 11 12 
44 9 10 12 
9 10 11 
23 32 37 
44 15 16 17 18 21 22 14 
46 1 14 19 20 15 
14 17 
16 17 
14 21 
15 20 
15 19 
14 18 
14 23 24 25 26 27 28 29 31 32 33 34 35 36 37 40 41 42 43 22 
22 24 25 26 27 28 31 32 33 35 36 37 40 41 42 43 13 
22 23 26 29 30 
22 23 28 32 33 34 38 3 25 
23 24 27 29 39 
22 23 26 35 27 
22 23 25 38 
22 24 26 30 29 
24 29 
22 23 27 35 36 
22 23 25 33 37 13 
22 23 25 32 37 
22 25 28 
22 23 27 31 
22 23 31 40 
22 32 33 13 
25 28 
26 39 
22 23 36 
22 23 
22 23 
22 23 
45 46 1 4 2 7 8 9 10 11 14 15 44 
44 46 1 4 5 6 15 45 
44 45 1 4 2 7 8 9 15 46 

