79 502
2 3 4 5 6 11 12 13 14 33 52 
2 33 
1 7 13 15 16 18 6 
1 5 9 10 52 79 
1 4 8 9 10 11 52 78 
1 3 7 13 14 15 16 17 18 19 6 
3 6 15 16 17 18 19 
78 79 
4 5 8 10 78 79 
4 8 9 11 78 79 
1 2 10 
1 2 13 14 15 
1 3 6 14 15 
1 3 6 12 13 
1 7 12 13 14 16 17 
3 6 7 13 15 17 18 
3 7 16 18 19 
3 16 
6 
21 22 23 27 28 30 31 45 47 48 49 63 64 65 66 67 68 69 70 71 72 
20 23 27 28 31 32 33 46 47 48 49 50 51 71 72 73 75 76 77 
20 30 41 43 44 59 61 62 63 22 
21 27 32 46 47 48 49 50 51 72 73 74 75 76 77 
25 34 35 36 37 53 54 
24 29 34 35 36 37 53 54 55 
22 38 40 41 57 58 
20 23 28 31 46 47 48 50 51 70 71 72 73 74 
20 21 27 32 46 47 48 49 50 72 73 74 76 77 
25 26 35 37 38 54 55 29 56 
31 44 45 64 
27 30 44 45 66 68 69 70 
21 33 51 75 76 77 
2 4 5 8 9 32 52 78 79 
24 25 53 
25 36 37 53 54 55 
24 25 29 34 35 37 53 54 55 
25 29 35 36 53 54 55 
26 39 40 56 57 
26 38 40 57 58 
38 39 
22 26 42 59 60 
41 60 
20 22 30 61 62 63 
20 22 31 45 64 65 
20 30 44 64 
21 23 27 28 47 48 49 71 72 
20 21 23 27 28 46 49 73 
20 21 23 27 28 46 47 72 73 
20 23 27 28 46 47 48 51 72 73 74 
21 23 27 28 49 51 73 75 
21 23 27 28 49 50 73 74 75 76 
4 9 10 33 78 
24 25 35 36 37 54 55 
24 25 53 55 
25 29 36 37 53 54 
38 29 
38 40 58 
26 39 40 41 
22 60 
41 42 59 
22 43 62 
22 43 61 63 
20 22 43 62 
20 30 
44 45 66 68 
31 45 67 68 
20 31 65 66 68 
20 31 66 67 69 
20 31 67 68 70 
20 27 69 71 
20 21 27 
20 21 23 27 28 46 47 49 73 
21 23 27 28 46 48 49 50 72 
21 23 27 28 49 50 51 73 75 
21 23 28 32 50 51 74 76 
21 32 75 77 
23 28 76 
8 9 10 33 52 79 
10 33 52 

