32 175
4 6 7 18 19 20 26 27 28 29 30 31 
3 4 9 11 13 2 21 22 23 
2 4 10 11 12 13 14 21 22 23 24 
1 2 3 5 9 10 14 16 24 25 
1 4 6 7 10 14 16 17 18 27 28 
1 18 26 27 28 29 30 
1 29 
2 3 11 13 21 
2 3 4 8 12 13 22 23 
3 4 5 14 15 16 24 25 
3 8 9 12 13 21 22 
2 3 8 9 21 
3 9 11 21 22 23 
3 4 5 10 15 16 25 
14 24 
5 10 14 15 17 
5 16 18 26 
1 5 6 16 17 26 27 28 
20 31 32 
1 31 32 
2 8 12 22 
3 13 21 23 
2 3 9 13 
3 4 10 14 15 25 
4 15 
1 5 6 27 28 
18 26 
1 18 28 27 
1 7 
1 6 29 
19 20 32 
19 20 31 

