32 194
2 5 6 7 13 14 15 16 17 29 30 32 1 
1 3 4 5 6 7 13 14 26 27 28 29 30 
2 4 5 10 12 22 23 24 25 26 
2 3 5 10 11 24 25 
2 4 12 13 
1 2 7 14 15 16 17 29 30 31 32 
1 2 6 14 16 17 29 31 32 
9 19 8 
10 11 19 20 21 22 23 
4 9 12 21 22 23 24 
3 4 9 12 20 21 23 24 
5 10 11 24 25 
1 2 6 26 27 28 29 
15 16 17 29 30 32 
14 16 17 30 31 32 
6 15 32 
1 14 15 16 31 
9 20 
8 9 18 20 21 
11 18 19 23 
9 11 20 22 23 
10 11 21 
3 9 10 11 20 21 22 
3 5 11 12 25 
3 5 12 
2 3 27 
2 5 13 26 28 
13 26 27 
1 2 6 7 14 15 
1 2 6 7 15 
1 6 7 14 15 16 17 29 30 
1 7 15 16 17 

