38 205
6 15 17 2 1 
17 2 
4 5 8 9 10 11 12 19 21 22 23 24 25 26 27 28 
3 18 
3 6 13 14 15 16 30 31 32 34 36 37 38 
5 14 15 16 17 35 37 38 1 
4 8 18 
3 18 19 20 21 
3 24 27 
3 9 27 28 
3 10 27 29 
3 10 29 
5 14 15 30 31 32 35 36 37 38 
5 6 32 33 34 35 36 37 
5 6 13 16 37 38 1 
5 6 15 17 37 38 1 
6 16 1 2 
7 8 20 4 
8 18 22 
7 8 18 19 21 23 
3 8 19 20 22 23 
3 8 20 21 23 
8 20 21 22 
3 9 24 
3 24 26 
3 25 
9 11 12 
3 11 29 
30 31 
5 13 29 31 32 33 
5 29 30 32 33 
5 13 14 31 33 34 35 
5 13 14 32 34 
5 13 14 30 31 33 35 
5 6 13 14 32 34 36 37 38 
13 37 38 
5 6 13 14 15 35 36 38 
5 13 15 16 35 36 

