83 583
2 5 12 13 52 81 82 83 
1 5 6 7 13 14 15 30 
4 7 8 9 11 15 16 18 19 
3 9 10 11 17 19 22 
1 2 6 13 14 
2 5 7 13 14 15 
15 
3 4 9 10 11 15 16 17 18 19 20 
4 8 10 11 16 17 
3 4 8 9 16 17 18 19 20 
3 4 8 9 10 17 19 20 21 11 22 
1 82 83 
1 2 5 6 14 
2 6 
2 3 6 7 15 
3 8 9 10 15 
3 4 9 10 11 16 18 
8 9 10 11 19 20 
3 4 8 9 10 11 17 18 20 21 
8 9 10 11 17 18 19 21 
19 20 11 22 
11 21 
24 25 26 27 28 29 30 32 33 34 35 41 42 44 46 47 48 49 50 59 60 61 62 63 65 66 67 23 68 69 70 71 72 73 74 75 76 77 
23 26 28 29 33 34 35 45 46 47 48 49 50 66 68 70 71 72 73 74 75 76 77 
23 24 26 27 32 33 41 42 43 44 58 59 60 61 62 63 64 65 66 
23 24 25 28 29 34 35 46 68 69 70 71 72 
23 25 32 40 41 42 57 58 59 60 61 
23 24 26 29 34 35 47 48 49 69 70 71 72 73 74 75 
23 24 26 28 34 35 47 48 70 71 72 73 74 
1 2 5 12 23 51 52 80 81 83 
36 37 38 39 40 53 54 56 57 
23 25 27 42 58 59 
23 24 25 43 45 62 63 64 65 66 67 
23 24 26 28 29 46 47 69 70 
23 24 26 28 29 34 47 48 70 71 
37 53 54 
31 38 39 53 55 
31 36 37 56 57 
31 37 40 56 57 
27 38 56 
23 25 27 32 42 58 59 60 
27 32 41 59 60 61 
23 25 33 44 61 62 64 65 
23 25 33 43 62 63 64 65 
24 26 33 66 67 68 
23 24 28 34 47 68 
23 24 26 29 34 35 69 70 
23 24 26 28 29 35 49 71 72 73 74 75 76 77 
23 28 73 74 75 76 77 
23 24 49 77 80 
30 78 79 80 51 52 
51 82 
36 37 55 
36 53 55 
31 53 
31 37 38 39 40 54 55 
27 31 38 39 
25 32 41 
23 32 41 60 
23 25 27 32 61 
23 25 27 42 43 59 60 
23 25 44 63 64 65 
23 25 33 44 62 65 
25 33 43 44 62 63 65 
23 25 33 43 62 63 64 66 
23 24 33 45 67 
23 33 66 
23 24 26 45 46 
28 34 47 
23 26 28 29 47 69 
23 24 26 28 29 35 48 72 73 
26 28 29 35 71 73 
23 24 28 29 48 49 72 74 75 76 
23 24 28 29 48 75 76 
23 24 28 48 49 73 74 76 
23 24 74 
23 24 48 49 50 
79 80 
51 80 78 
51 80 78 79 
52 83 
12 52 81 83 
12 82 

