110 775
73 81 87 88 2 
69 88 110 1 
69 82 90 94 95 4 5 
95 96 3 5 
90 94 95 96 3 4 
68 70 71 72 7 8 9 10 11 12 13 19 20 21 22 23 24 25 33 34 35 36 37 38 40 41 6 42 43 44 45 46 47 48 50 
6 8 11 19 21 22 23 33 34 35 37 38 39 40 41 
6 7 11 12 16 17 18 19 20 28 29 30 31 32 33 34 35 36 37 
6 10 13 24 25 45 46 47 48 49 50 51 
6 9 50 51 52 53 54 56 
6 8 30 31 33 35 36 37 
6 7 8 20 22 36 38 39 40 
6 9 10 25 45 46 47 48 49 50 51 
15 26 27 
14 16 17 27 28 
8 17 18 27 28 
27 28 
8 17 28 29 31 
6 7 8 11 31 32 34 35 
6 7 8 11 12 21 33 34 36 37 38 39 
7 12 22 37 40 
7 12 21 23 
6 7 12 22 40 41 
6 9 25 42 43 46 
6 9 13 24 45 47 49 
14 15 
14 15 16 17 26 
8 16 17 18 27 29 30 
8 18 30 
16 17 28 31 32 
11 18 19 30 32 
8 11 
6 7 8 11 19 20 35 36 37 
6 7 11 36 
7 8 11 19 34 36 37 38 
6 7 8 11 12 19 20 33 34 
6 7 8 11 12 20 21 33 34 35 36 38 
6 12 21 35 36 37 39 
6 7 12 20 21 22 38 40 
21 22 23 39 41 
6 7 22 40 
24 6 44 
6 24 
6 24 42 43 45 46 
9 24 44 46 
6 24 45 
6 9 13 25 46 48 49 
6 46 47 49 
25 47 
6 9 10 13 49 
9 10 13 51 
53 54 55 
10 54 55 
10 52 55 56 
10 52 54 56 
10 54 
97 98 57 
59 61 63 64 66 67 58 90 96 
58 60 61 62 64 65 66 67 90 96 
59 62 63 65 66 96 
58 62 63 64 65 96 
58 59 60 61 63 64 65 66 96 
58 59 60 61 62 64 65 66 
58 59 60 62 63 65 66 
58 59 60 61 62 63 66 
58 59 62 63 64 
58 59 
69 71 72 73 74 75 76 77 78 79 84 85 91 92 102 103 104 105 
58 68 73 74 76 80 81 82 86 87 88 89 90 93 94 95 110 1 2 3 
68 75 78 79 83 84 91 97 98 99 100 101 102 103 104 10 57 
68 70 72 75 77 78 79 83 84 91 101 102 104 
68 70 71 75 78 79 83 84 91 101 102 103 104 
68 74 76 80 81 85 87 88 93 106 107 108 109 110 1 
68 73 76 80 81 85 86 87 88 93 107 108 109 110 1 
68 70 71 72 78 83 84 92 104 
68 73 74 80 81 85 86 93 106 107 108 
68 70 71 72 98 100 101 57 
68 70 71 75 83 84 103 104 
68 70 71 72 75 78 83 84 91 104 
69 76 85 86 93 106 108 
69 73 76 86 87 1 
89 94 
68 71 72 75 84 91 103 104 
68 70 71 78 79 92 105 
68 74 80 85 
74 80 81 109 1 
69 73 74 81 82 86 110 1 2 
73 74 81 2 
69 82 
59 60 61 62 64 69 94 95 96 3 4 
68 70 71 72 78 79 83 102 103 
68 75 84 
69 73 74 76 80 86 106 107 108 
69 89 90 95 3 4 5 
90 94 96 3 4 
61 62 63 64 95 4 5 
70 77 98 99 100 57 
70 97 99 100 
70 77 97 98 100 101 57 
70 77 98 99 101 
71 72 77 99 100 
68 70 71 72 91 103 
68 70 71 72 78 83 91 
68 70 71 72 75 78 79 83 84 
68 84 
73 76 93 
73 76 80 93 106 108 109 
73 93 107 109 
73 74 76 86 93 107 
69 73 74 81 86 87 1 2 

