41 280
2 4 5 6 7 8 10 11 12 13 21 32 33 34 35 36 37 38 39 40 
1 4 9 14 16 17 23 24 25 
2 4 9 15 16 17 25 26 
1 3 5 9 10 17 18 19 20 27 28 29 30 31 32 
1 10 11 20 29 30 31 32 
1 7 8 12 13 34 36 37 38 39 40 6 
1 6 8 12 13 35 36 37 38 39 40 41 7 
1 7 12 41 6 
2 3 16 17 
1 4 5 18 19 20 21 27 28 29 30 31 32 
1 5 6 21 11 33 
1 6 7 8 13 35 37 39 40 41 
1 6 7 8 12 35 37 38 39 40 41 
15 22 23 
2 3 14 23 
9 25 
2 3 9 18 19 27 
4 9 10 17 19 20 27 28 
4 17 18 20 27 
4 5 10 18 19 27 28 29 30 
1 4 5 10 11 31 32 
14 23 24 
2 14 22 24 
2 14 15 
2 3 9 15 16 26 
2 3 9 16 25 
17 18 19 20 28 29 
10 18 19 20 27 
4 5 10 20 27 30 
4 5 10 
4 10 21 11 
1 4 5 10 
1 6 34 
6 33 
1 6 7 12 13 36 37 39 
1 7 12 13 35 37 
1 35 36 39 
1 13 35 36 37 39 40 
1 7 12 13 35 36 37 38 40 41 
1 6 35 36 37 38 39 41 
6 7 8 13 40 

