41 256
2 4 5 8 11 12 16 17 18 24 25 26 27 28 29 1 3 
1 3 7 8 10 11 
1 2 4 8 11 12 16 17 21 23 24 25 26 27 
1 3 5 6 12 13 14 15 19 28 29 30 31 32 34 35 36 37 
4 6 13 15 19 20 33 34 35 36 37 38 40 
4 9 20 41 
8 
1 2 3 7 10 8 16 22 23 
5 6 20 41 
2 7 8 
8 21 22 23 16 
3 4 17 18 1 29 31 
4 5 14 15 19 13 33 36 37 38 
4 5 13 15 19 34 36 37 38 39 
4 5 13 19 33 34 36 37 38 40 
1 8 11 21 22 16 
1 3 12 
1 31 32 
4 5 13 14 15 33 34 35 36 37 38 39 
6 9 
3 11 16 22 23 
16 21 23 
3 8 16 21 
1 3 
1 24 26 
1 3 17 25 
1 3 26 
1 12 29 
1 4 12 18 28 30 
1 12 18 29 31 
4 12 18 
4 18 31 
5 13 15 19 34 35 36 
5 13 15 19 33 35 36 37 
4 5 13 14 19 33 36 37 
13 15 19 33 35 37 38 39 
4 13 14 15 19 34 35 36 38 39 
5 13 14 15 
5 15 19 36 37 
5 15 
6 9 41 

