32 178
14 20 3 
14 1 4 5 20 3 
14 20 1 2 4 
14 20 1 2 3 5 6 
20 2 3 4 6 
14 4 7 
14 6 
9 10 8 11 12 13 21 16 17 18 19 22 23 24 25 26 27 28 29 30 
10 14 17 18 19 25 26 27 28 30 31 9 
9 12 13 16 24 25 26 
8 12 15 22 23 
8 9 10 11 13 15 16 22 24 
8 9 10 12 15 16 17 25 
9 20 2 3 5 6 7 
11 12 13 23 
8 10 12 13 23 
10 25 
8 9 28 29 30 31 32 
8 9 18 28 29 30 32 
9 14 1 2 4 5 
8 21 
8 11 12 15 23 
12 16 22 
8 13 15 16 
8 9 10 17 
8 9 17 
8 9 26 28 
8 9 18 19 27 29 30 
8 9 18 19 28 30 31 
8 9 29 31 
18 19 32 
9 18 

