122 831
78 81 86 87 102 2 
78 86 87 102 4 
81 87 102 1 2 4 
81 96 
87 88 103 6 
87 96 103 
81 82 88 103 
89 9 
79 82 89 90 8 
82 89 90 104 
79 89 90 104 10 13 14 15 
79 90 91 104 11 14 15 
90 11 12 14 15 
104 13 15 
79 90 11 12 13 14 
97 106 17 
97 106 16 
79 97 106 107 
78 20 21 22 23 24 26 27 28 29 31 32 33 34 35 36 43 44 45 46 47 48 49 54 55 56 57 58 59 60 61 62 
80 83 84 98 109 19 22 29 30 36 37 50 63 65 66 67 68 70 71 
19 23 24 25 26 38 39 40 41 42 51 
83 19 20 30 36 37 50 63 64 65 66 68 69 70 71 
19 21 26 27 28 31 32 43 44 45 53 54 55 56 57 
19 25 26 39 40 51 
24 38 39 41 
19 21 23 25 40 41 52 
19 23 28 32 43 44 54 55 56 57 
19 23 31 32 43 44 54 55 56 58 
20 34 35 46 47 48 59 62 
20 22 37 50 67 68 70 71 
19 23 43 54 55 56 
19 23 28 45 55 56 58 
19 29 34 35 47 48 59 60 
19 29 33 35 46 47 48 59 
19 29 33 34 46 47 48 49 59 62 
19 20 22 36 
20 22 30 66 67 68 
21 24 
21 24 
24 26 
26 40 52 53 
21 26 52 
19 23 28 
19 23 27 28 31 45 54 55 56 57 
19 23 32 44 58 
19 33 34 35 47 48 59 60 
29 33 34 35 46 48 59 60 
19 29 33 46 47 59 60 61 
19 35 62 36 
20 67 
21 24 38 39 
26 41 42 53 
23 42 52 
19 23 27 28 31 43 44 55 56 
19 23 27 28 31 32 44 54 56 
19 23 27 28 31 32 44 54 57 
19 27 28 45 55 56 
19 32 45 
29 33 34 35 46 48 60 61 
19 29 34 35 46 48 59 
19 29 35 47 48 59 60 
19 29 35 49 
20 22 36 64 65 
20 22 65 66 
22 63 64 
20 64 65 
20 30 37 50 68 
20 22 37 50 67 69 
20 22 30 68 70 71 
20 22 71 
30 70 
73 74 107 
74 75 76 77 
72 73 75 76 77 
73 74 
72 73 74 
73 74 75 
79 80 81 83 84 85 86 87 88 92 93 94 95 96 101 114 115 116 117 118 119 120 121 122 1 2 19 20 22 
72 73 78 81 82 87 88 89 90 91 97 104 105 106 107 8 9 10 11 12 13 14 15 16 17 18 
78 83 84 85 86 92 93 94 95 101 113 114 115 116 117 118 119 
78 79 82 86 87 88 89 96 102 103 1 2 3 4 7 
79 81 88 89 90 96 103 7 8 9 
78 80 84 98 100 108 109 110 111 113 
78 80 83 85 92 98 99 100 112 
78 80 84 92 93 94 95 101 114 115 116 117 118 119 
78 80 81 87 102 1 
78 79 81 82 86 88 96 102 103 1 2 3 4 5 6 
78 79 81 82 87 89 96 103 5 6 7 
79 81 88 104 9 10 11 
79 82 89 104 9 10 11 12 13 15 
79 89 90 97 104 105 12 16 17 
80 84 85 93 94 101 114 115 116 117 
80 85 92 94 95 101 116 117 118 119 
78 80 85 92 95 101 117 118 119 120 
78 80 85 93 94 117 119 120 121 122 
78 81 82 103 4 5 6 
79 91 105 106 107 16 18 
84 108 109 110 
83 98 100 111 112 
84 99 
78 80 85 92 93 94 95 117 118 119 120 
78 81 86 1 2 
81 82 87 88 96 5 7 
79 89 90 91 10 11 12 13 15 
79 97 106 16 17 
91 97 17 18 
74 76 79 91 97 106 
83 98 109 110 111 
98 108 110 111 
98 108 111 
83 108 109 110 112 
83 84 111 
80 84 
80 116 
80 85 92 93 114 116 
78 80 85 92 93 
78 80 85 92 94 95 101 118 119 
93 94 95 101 119 
78 85 93 94 95 101 117 120 
78 101 119 121 122 
78 122 
78 120 

