47 330
27 28 2 
1 27 
5 6 7 
34 3 6 7 
34 3 4 6 7 
3 4 5 7 
3 4 5 6 
29 9 10 11 12 13 15 16 17 18 19 20 21 22 23 24 25 26 
8 10 11 12 13 15 16 17 18 19 20 21 22 23 25 
8 9 11 12 13 14 16 17 18 19 20 21 22 
30 36 42 8 9 10 13 15 19 20 23 24 25 
8 9 10 13 16 17 18 22 
8 9 10 11 12 14 17 19 
8 10 12 13 17 18 19 21 22 
29 30 35 36 42 8 9 11 23 24 25 26 
9 10 17 21 
8 9 10 12 13 14 16 21 22 
8 13 14 17 19 20 22 
9 11 13 14 20 22 23 
9 11 13 14 18 19 22 23 
8 14 17 
8 9 13 17 18 20 
8 9 11 15 19 20 25 
8 9 11 15 23 25 
8 9 11 15 24 
42 8 15 25 
28 29 30 31 32 33 34 37 39 40 41 43 45 46 1 2 27 8 9 11 15 
33 34 1 27 
30 35 36 42 15 26 
27 29 31 32 35 36 38 43 44 15 
27 30 32 37 38 39 40 43 44 45 46 47 
30 37 39 40 41 43 44 45 46 47 
27 28 1 2 33 41 
27 3 4 5 
29 30 36 42 
30 35 
27 30 31 32 36 43 44 
27 30 31 32 37 43 44 
27 31 32 38 40 41 45 46 47 
32 39 41 45 46 47 
27 39 40 
29 26 
27 29 30 31 32 36 37 44 
30 31 32 37 43 
27 38 39 40 46 
31 32 45 47 
27 31 32 39 40 41 45 46 

