60 430
60 2 29 
37 60 1 3 29 30 
3 29 30 
35 41 5 6 
41 4 
35 4 5 
33 35 42 8 9 
33 35 41 7 
33 35 7 8 
35 50 
35 43 
33 35 51 11 13 14 
33 35 51 11 12 
33 34 51 13 15 
33 43 51 52 14 
33 34 38 43 52 17 18 
33 34 43 52 16 18 
34 38 52 16 17 
34 38 
45 55 
36 39 22 
46 47 56 21 23 
36 39 46 47 56 57 58 22 24 
36 39 46 47 48 56 57 25 26 
39 40 46 47 48 58 
36 39 47 56 57 58 24 25 
40 49 
36 40 49 27 
37 49 3 
2 3 
41 4 6 32 
31 32 
34 35 36 38 41 42 43 44 50 51 52 53 4 5 6 7 8 11 12 13 14 15 16 17 18 31 32 
35 36 38 42 43 44 45 50 51 52 53 54 55 11 12 13 14 15 16 17 18 19 20 
33 34 41 42 43 51 4 5 6 7 8 9 10 11 12 13 31 
33 34 37 39 40 46 47 48 49 56 57 58 59 60 21 22 24 25 26 27 28 
36 39 40 46 47 48 56 58 59 60 2 27 28 29 
33 34 35 43 44 45 53 18 19 
36 37 48 56 57 21 22 23 24 25 26 
36 37 39 46 47 48 49 56 57 58 59 27 28 
33 35 42 4 8 
33 34 35 41 7 8 9 10 
33 34 35 51 52 11 12 13 14 15 16 17 18 
34 38 45 54 19 
34 38 53 54 19 20 
36 37 39 40 48 56 57 58 22 23 24 25 26 
36 37 39 40 48 56 57 58 22 23 24 25 26 
39 46 56 57 58 25 26 
36 37 40 59 60 1 27 29 
33 42 11 
33 34 35 52 11 12 14 15 
33 34 43 51 14 16 17 18 
33 38 44 45 19 
34 38 45 53 
38 45 54 20 
36 39 40 46 47 58 22 23 25 26 
36 39 40 46 47 48 56 58 23 24 25 26 
36 37 39 40 46 47 48 56 57 23 24 25 26 
36 37 40 49 60 27 28 
37 49 2 3 29 

