42 250
2 3 12 13 27 28 31 32 33 1 
1 3 13 27 28 29 30 31 32 33 
1 2 4 6 8 14 16 18 34 35 36 
3 6 7 8 9 18 21 37 38 39 40 
3 4 6 14 16 17 34 
3 4 35 36 
4 9 10 11 21 23 24 25 26 40 41 42 
3 4 5 6 17 18 19 36 
4 39 
4 7 9 11 21 22 23 40 41 
7 10 22 23 24 
2 13 27 28 29 30 31 
1 12 29 30 31 32 33 
3 5 15 16 34 
3 5 34 
5 14 15 17 34 35 
3 5 6 16 35 
5 6 8 19 
3 4 5 6 37 
4 37 38 39 
4 10 11 22 23 40 41 
7 10 23 24 41 42 
7 10 11 21 22 24 25 26 41 42 
7 11 22 23 25 26 42 
7 26 42 
7 24 25 
1 12 28 29 30 
1 2 12 27 29 30 
2 12 13 27 28 31 
1 2 12 13 27 28 29 31 
1 2 12 13 29 30 32 33 
2 12 13 31 33 
1 2 13 32 
5 15 16 
3 6 16 17 
3 4 6 8 19 38 
4 19 20 36 
4 20 36 37 39 
4 9 20 38 
7 9 21 
10 11 21 
7 11 22 24 25 

