163 1197
127 130 146 147 163 2 3 
127 147 1 4 5 
127 134 147 1 6 
127 134 146 3 5 6 
127 134 146 147 2 3 4 6 
127 134 135 147 3 5 
128 134 136 
128 137 138 148 149 9 10 11 12 13 
148 149 150 8 11 
128 137 138 148 149 150 8 9 11 
128 148 150 8 9 10 12 13 
138 139 150 
128 138 139 150 151 8 11 12 14 
128 138 139 140 151 152 13 
128 140 141 151 16 
141 152 153 15 
129 131 142 143 154 18 19 
129 131 142 143 154 17 
129 131 132 142 143 154 17 18 20 21 
131 132 143 144 154 155 22 
129 132 142 143 144 155 19 20 22 
129 131 132 142 143 144 154 20 21 
129 131 132 144 155 
25 26 27 28 30 31 32 33 34 35 36 37 41 42 43 44 45 46 47 48 49 58 60 62 63 64 65 66 67 68 69 70 71 72 93 
24 26 27 28 29 31 32 33 37 38 39 47 50 69 70 71 72 73 74 75 76 77 78 79 80 81 82 
127 133 24 27 28 29 33 39 40 51 52 53 55 56 83 85 86 87 88 89 90 91 
24 25 26 28 32 33 37 38 47 48 49 50 68 69 70 71 72 73 74 75 76 77 
24 25 26 27 32 33 37 38 49 50 72 73 74 75 76 77 78 
130 133 157 25 26 39 40 51 52 53 54 55 56 85 86 87 88 90 
41 42 30 57 58 59 
25 32 34 45 46 62 63 64 65 67 
24 25 27 28 31 46 47 48 68 70 71 
24 25 26 27 28 37 38 50 77 78 79 81 
24 31 35 36 43 44 60 61 62 64 65 67 
24 31 36 63 64 65 
24 31 34 35 45 63 64 66 67 
24 25 27 28 38 49 50 76 78 
25 28 33 50 77 79 80 
25 29 40 51 52 83 84 85 
26 29 51 52 53 54 55 85 86 87 88 
24 30 57 58 59 
24 58 59 
60 61 
60 61 
24 31 34 35 36 63 64 65 66 67 
24 32 68 
25 27 32 48 68 70 71 72 
24 25 27 47 68 70 71 72 
24 25 27 37 72 74 75 76 
25 28 33 37 78 80 81 
29 39 40 52 84 
29 40 51 53 84 85 
26 29 40 52 54 85 88 
26 29 40 53 55 85 88 
26 29 40 53 54 56 88 89 90 91 
26 29 88 89 90 91 
30 41 58 
24 30 42 57 58 59 
41 42 58 
24 34 43 61 
24 34 43 60 
31 35 36 65 
34 35 36 45 62 65 
24 31 34 35 36 45 62 63 
31 34 35 36 45 62 63 64 66 67 
31 34 35 36 45 67 
24 31 34 36 65 66 
24 27 46 47 48 
25 27 32 47 48 68 70 71 
27 32 47 48 69 71 
24 27 32 47 69 70 72 
24 25 27 47 48 49 71 
25 27 28 49 72 74 75 
27 49 75 76 
25 28 37 49 73 76 
27 37 74 
25 27 38 78 
25 28 33 38 50 77 
25 33 38 50 80 82 
33 38 50 79 81 
25 33 38 50 79 80 82 
25 79 81 
26 39 83 
26 51 52 83 
26 29 39 40 53 54 86 87 
26 29 53 85 87 
26 29 40 53 54 85 86 88 
26 40 53 54 55 56 87 89 
157 29 55 90 91 
29 55 56 89 91 
157 26 29 55 89 90 
94 95 96 98 99 100 101 102 103 104 108 109 110 111 112 113 114 115 116 117 
30 41 92 96 97 106 107 124 125 126 93 
92 93 95 96 97 102 103 104 105 106 116 117 94 118 119 120 121 122 123 
92 94 96 101 102 103 104 115 116 117 
92 94 95 97 105 106 118 119 120 121 122 
93 94 96 106 122 123 124 125 
92 99 108 109 110 
92 108 109 
95 111 114 
92 95 102 
92 94 95 103 104 115 
92 95 102 104 116 
92 94 102 103 115 116 117 
94 96 118 120 121 
93 96 107 122 123 124 125 
106 124 125 126 
92 98 99 
108 110 
92 109 
112 114 
92 111 113 114 
92 111 
100 101 111 112 113 
92 95 102 116 117 
92 95 103 115 
94 103 104 116 
96 94 119 120 
94 105 
96 118 
94 96 105 118 120 
94 97 107 123 
94 96 97 106 107 122 123 
97 106 123 126 
93 97 106 107 123 
97 107 124 
133 134 135 136 137 145 146 147 161 163 1 2 4 5 6 7 29 
127 129 134 135 136 137 138 139 140 148 149 150 151 152 153 7 8 9 10 11 12 13 14 
128 131 139 140 141 142 143 144 153 154 17 18 19 20 21 23 
127 133 145 146 158 159 160 161 162 1 29 
129 142 154 155 156 17 19 20 21 23 131 
129 131 143 155 156 19 20 21 22 23 
130 145 157 159 161 
127 128 136 137 146 147 3 4 5 6 
128 136 137 7 
127 128 135 137 138 148 149 7 
127 128 134 136 150 7 8 9 10 11 
136 139 148 149 150 8 9 10 11 12 13 14 
128 129 140 141 151 152 153 13 14 15 16 
141 152 153 14 15 16 
139 140 16 
129 131 132 144 154 155 17 19 20 21 22 
129 131 132 142 144 154 155 17 18 19 20 21 22 
129 131 132 142 143 154 155 156 20 21 22 
127 133 158 160 161 
127 130 134 147 163 1 2 3 4 5 6 
127 134 146 5 
135 136 137 138 149 150 7 8 9 10 11 
128 136 137 138 148 150 8 9 10 11 
128 137 138 139 148 9 11 12 13 14 
128 139 140 153 12 13 15 16 
128 139 140 151 14 15 16 
128 139 140 151 152 15 16 
129 131 132 142 143 144 155 17 18 19 20 21 22 
129 131 142 144 154 20 21 22 23 
131 132 
158 89 91 
130 133 145 159 
130 133 145 158 
130 133 145 
130 133 162 
130 161 163 
127 130 146 1 

