38 243
2 3 4 9 10 15 16 17 18 19 20 27 28 29 30 
1 8 15 16 2 24 25 26 27 
1 4 8 9 10 17 18 19 20 29 30 31 32 
1 3 10 12 18 19 20 21 22 31 32 33 34 35 36 
6 7 14 23 
5 14 6 23 
2 14 15 26 
2 3 9 10 17 28 29 
3 10 17 18 30 
1 3 4 8 9 17 18 19 20 29 30 31 
4 12 13 21 22 33 34 35 36 38 
4 11 13 21 22 33 34 35 36 37 38 
12 22 38 13 
5 14 
1 2 7 16 27 
1 2 15 27 
3 8 9 10 28 
1 3 4 9 10 19 20 30 31 32 
1 3 4 10 18 20 30 31 32 
1 4 10 18 19 30 32 
11 33 34 35 
4 11 13 34 35 37 38 
14 6 
2 26 
7 24 
2 7 15 24 25 
2 16 
1 8 9 10 17 29 
3 8 9 10 17 28 
1 3 10 19 20 31 32 
3 4 18 19 20 32 
3 4 18 19 20 30 
4 11 12 21 
4 11 12 21 22 33 35 36 
11 12 21 22 36 37 
4 11 12 22 34 37 
11 22 35 36 
12 22 36 37 38 

