63 483
23 47 34 2 
34 1 
23 25 34 35 36 48 49 4 
23 25 34 35 49 3 
23 27 35 36 37 38 6 7 
26 38 
27 37 38 5 6 
26 27 38 
27 39 50 
26 27 28 39 40 50 51 52 12 13 
39 40 52 10 12 13 
28 39 40 41 51 52 10 11 
51 52 10 14 
28 29 41 
28 29 31 53 17 
29 53 15 
31 42 53 54 15 18 19 
29 19 
29 31 42 43 54 17 
31 43 44 54 55 21 22 
42 55 20 
42 43 54 55 20 
24 25 26 27 28 30 32 33 34 35 37 47 48 49 59 60 61 62 63 1 2 3 4 
23 30 32 33 45 47 56 57 58 60 61 62 
23 26 27 28 34 35 36 37 38 39 48 49 50 3 4 5 6 7 8 
23 25 27 29 34 35 36 37 38 39 40 41 50 51 52 5 6 7 9 10 
23 25 26 28 36 37 38 41 50 51 5 6 7 8 9 10 
23 25 26 27 29 31 39 40 41 50 51 52 53 10 11 12 13 14 15 
26 28 31 40 41 42 53 54 14 15 16 17 18 19 
23 32 46 56 57 
28 29 42 43 53 54 55 15 16 17 18 19 20 
23 24 30 33 45 46 57 
23 47 61 62 
23 25 26 35 36 37 34 48 49 3 4 
25 26 34 36 37 38 49 3 5 
23 25 26 27 35 37 38 49 3 4 5 
23 25 27 34 36 49 5 6 7 
23 25 27 35 36 37 5 6 7 8 
25 26 27 28 29 40 41 50 51 52 8 9 10 11 12 13 
27 28 29 39 41 50 51 52 10 
26 27 28 29 39 40 51 52 10 11 12 13 
29 31 44 54 55 17 18 19 20 
29 31 42 44 54 55 19 20 21 22 
31 43 54 55 21 22 
24 46 57 58 
24 30 32 45 
23 24 59 60 61 1 
25 34 49 
23 34 35 37 48 3 4 
25 26 27 28 39 40 51 8 9 10 
28 39 40 41 50 52 10 11 12 13 
28 39 40 41 10 12 13 
29 31 15 16 17 18 
31 42 43 44 55 17 19 20 21 22 
31 43 44 54 20 21 22 
32 45 57 
24 32 46 
30 32 45 46 
24 33 60 61 62 63 
33 47 59 
24 59 60 62 
23 24 33 47 59 60 61 63 
33 47 60 61 

