22 197
2 7 
1 3 4 8 9 13 14 15 16 
1 4 7 13 
2 3 5 8 9 10 11 12 14 15 16 17 19 20 22 
4 6 8 9 10 12 17 18 19 20 21 22 
4 5 8 10 11 12 20 21 22 6 
1 3 7 
2 5 6 9 10 12 13 14 15 17 20 21 22 
2 4 5 8 10 11 13 15 17 18 19 20 22 
4 8 12 17 19 20 22 
4 5 6 9 10 12 18 21 22 
5 6 8 10 11 12 17 18 19 20 21 22 
2 3 4 8 15 16 
2 8 13 15 16 
8 9 14 16 
2 4 8 9 10 13 14 15 
4 5 8 9 10 11 12 16 19 20 21 22 
4 5 8 9 10 11 12 17 19 20 21 22 
4 5 9 11 12 17 18 20 21 
4 5 6 8 9 10 17 18 21 22 
4 5 6 8 9 10 12 17 18 20 22 
5 6 8 9 10 12 17 18 19 20 21 

