76 534
3 4 5 12 13 14 1 19 20 21 22 34 35 36 37 38 39 40 41 66 67 76 
3 6 7 8 9 17 29 30 31 32 33 58 59 60 61 62 63 64 
1 5 7 10 14 16 21 22 24 26 45 46 47 48 49 50 
1 5 12 13 19 20 34 35 36 37 
1 3 4 12 13 20 35 36 37 38 
2 7 8 9 11 16 17 26 27 28 29 48 52 53 54 55 56 57 
2 3 8 9 11 17 28 29 30 53 55 56 
2 6 7 9 17 18 29 30 31 32 33 58 60 61 62 
2 6 7 8 18 29 30 31 32 33 58 59 60 61 62 
1 3 5 13 14 15 21 22 23 39 40 41 43 44 45 
3 6 7 16 26 48 49 50 51 
1 4 5 13 37 
1 4 10 12 20 21 37 38 39 40 41 
1 3 10 15 24 25 45 46 47 
3 14 23 45 47 
6 11 26 48 49 50 51 52 
2 6 7 8 28 29 54 56 57 
2 8 9 32 62 63 
1 4 34 
1 5 12 13 35 36 37 
1 3 5 10 22 39 40 41 42 43 44 
1 3 10 42 43 44 
10 24 44 45 
3 15 25 45 
14 15 23 24 45 46 47 
3 6 11 16 48 50 51 52 
6 17 28 54 55 
6 7 17 27 53 54 55 
2 6 7 8 17 30 57 
7 9 17 29 
2 8 9 18 32 33 62 63 
2 8 9 31 61 63 64 
2 9 18 31 32 63 64 
1 4 
1 5 20 
4 5 12 20 35 
1 5 38 
5 13 
1 5 10 13 21 40 41 42 
10 13 21 
1 10 13 21 39 40 
10 21 22 39 43 44 
10 21 22 42 
21 22 23 42 43 
3 10 14 15 23 24 25 46 47 
3 15 24 25 45 47 
3 14 45 46 
3 6 11 16 49 50 51 
3 11 26 50 51 52 
3 11 16 26 48 49 51 52 
3 16 48 49 52 
3 6 11 16 48 49 50 51 
7 28 
6 7 17 27 28 55 56 57 
6 7 17 27 28 56 57 
7 17 57 
6 7 29 54 55 56 
8 9 60 
2 8 60 
2 8 9 58 59 
2 8 9 18 31 32 63 
2 9 31 33 63 
2 18 31 33 61 62 64 
2 32 33 63 
67 68 69 70 71 72 73 75 76 
1 19 65 67 
65 66 68 70 71 72 73 74 75 76 
65 66 75 76 
65 70 71 
65 67 69 71 72 73 
67 70 73 
65 67 70 71 73 74 
65 67 68 70 72 74 75 
65 67 72 73 75 
65 67 68 73 
65 66 67 68 74 

