68 381
39 2 4 6 7 8 9 16 17 18 19 20 21 30 31 32 33 35 36 37 38 
39 43 46 47 59 1 4 9 17 18 19 20 36 37 38 
5 10 22 23 
1 2 9 18 19 20 21 36 37 38 
3 6 7 8 10 12 13 14 24 25 26 
1 5 8 14 29 
1 5 6 8 14 27 28 29 
1 6 14 27 28 29 
2 17 18 34 35 36 
3 5 11 12 13 24 25 
5 10 12 13 24 25 26 
5 10 11 13 14 24 25 26 
5 11 12 25 26 
5 6 8 12 13 15 27 28 
6 7 14 27 28 29 
1 17 31 34 
1 9 16 35 
4 17 36 
1 2 20 38 
1 2 4 21 37 38 
1 4 20 37 
3 23 
3 22 
5 10 11 12 13 25 26 
10 11 12 24 26 
5 10 11 13 24 25 
7 8 14 15 28 
6 7 8 14 15 27 29 
6 8 15 27 30 31 
1 29 31 32 
1 16 29 30 32 
1 16 30 31 
1 17 
1 9 17 33 35 
1 9 
1 2 4 18 
1 2 4 38 
1 2 4 19 20 21 37 
43 44 46 47 59 60 61 1 4 20 21 
41 42 45 49 53 54 56 57 58 67 68 40 
40 42 43 45 48 51 62 63 64 41 44 
40 41 45 48 49 51 63 64 65 66 
41 44 
39 41 44 47 
42 48 51 52 62 63 64 65 
47 50 60 61 
59 60 61 
42 45 51 48 62 63 64 
40 53 54 55 56 68 
39 46 47 
41 42 48 52 64 65 
40 45 51 65 66 
40 49 54 55 68 
49 53 55 56 
49 54 56 57 58 
54 57 58 
40 56 58 
40 55 56 57 58 
46 47 50 60 
47 59 61 
46 47 59 
41 45 48 63 
42 48 62 64 
41 42 45 48 63 
42 45 51 52 66 
42 65 
40 53 68 
40 67 

