54 306
27 32 34 2 
32 34 1 
28 33 
28 30 35 37 5 6 
28 30 4 6 
28 37 38 
28 38 7 
10 11 12 13 14 15 16 17 18 19 20 21 22 30 
8 10 11 13 15 16 19 20 21 22 23 24 
8 9 11 12 13 14 15 16 19 21 22 23 
9 12 14 15 19 20 21 22 
8 10 11 13 14 17 18 
8 9 11 12 14 15 21 
8 9 13 15 19 20 
8 11 13 19 21 22 
10 22 24 
8 18 
8 12 
8 9 13 14 15 21 
8 9 10 13 19 21 
8 9 10 11 13 14 19 22 
8 9 10 11 15 16 19 21 23 
16 22 24 
9 16 23 
26 27 29 31 39 40 41 42 44 45 46 47 48 49 50 
25 27 29 31 39 40 41 42 43 44 45 46 47 49 50 51 
28 32 50 51 52 53 54 1 2 
8 9 11 12 27 30 33 34 35 36 37 38 3 4 7 
25 26 31 
28 37 38 4 5 6 7 
25 26 29 39 40 41 42 43 44 
27 34 
28 34 36 
28 35 3 
28 33 34 36 3 4 
28 34 35 3 
38 4 5 6 
37 4 6 7 
25 26 29 40 41 
25 26 31 39 41 42 43 
25 26 31 39 40 42 43 44 
25 26 31 40 41 43 44 
25 26 40 41 42 44 
26 31 41 42 43 
25 26 46 47 
26 45 
25 26 46 48 49 
25 46 
25 26 45 46 
25 26 27 
26 27 53 
27 54 
27 51 
27 52 

