79 578
2 3 1 4 5 6 7 8 9 31 48 
1 3 6 7 8 10 
1 2 6 7 8 9 10 11 
1 2 3 5 6 8 9 10 
3 6 7 8 9 10 
2 3 5 9 10 11 
3 6 9 
1 2 3 5 
1 2 3 4 6 7 11 
2 3 4 6 7 11 12 
2 3 6 7 9 10 12 
7 9 11 
14 15 16 32 49 13 
15 16 17 20 32 33 34 35 14 49 50 51 52 53 
13 14 17 20 24 33 34 35 36 37 51 52 53 55 56 57 58 
13 15 24 33 34 36 51 52 53 54 55 56 58 
14 15 16 20 24 35 36 37 38 53 55 57 58 59 60 61 
1 19 21 23 27 29 30 31 42 45 46 47 48 70 72 73 74 75 77 78 79 
2 1 18 23 29 30 31 45 46 47 48 78 79 
14 15 16 17 24 35 36 37 53 54 55 56 57 58 
18 22 26 27 28 39 40 41 42 43 44 69 70 
18 21 27 28 29 41 42 43 44 70 71 72 73 
18 19 29 30 31 45 47 48 74 75 76 77 78 79 
15 16 17 20 25 36 37 58 59 60 
17 20 24 26 37 59 61 62 63 64 
17 21 25 39 40 41 63 64 65 66 67 68 69 
18 21 28 44 70 71 72 73 
21 22 27 44 70 71 
18 19 23 30 31 45 47 72 74 75 76 
18 19 23 29 31 45 46 47 75 76 77 
19 23 29 30 45 46 47 48 77 78 
13 14 
14 15 16 49 51 
14 16 51 52 
15 17 20 34 53 54 55 
16 17 20 24 37 57 58 
15 20 25 36 38 
24 25 37 59 60 62 
21 26 40 67 68 69 
21 26 39 41 67 68 
21 26 40 68 
18 22 27 28 43 44 70 71 72 
21 22 27 28 42 44 70 71 72 
18 21 22 27 28 29 42 43 70 71 72 73 
19 23 29 31 46 47 75 76 77 
23 29 30 31 45 47 76 
18 19 23 29 30 31 45 46 76 77 
1 48 19 23 31 79 
14 50 49 
14 33 49 
14 16 52 
14 16 34 51 
16 17 20 54 
16 20 35 53 
15 17 20 56 57 
15 16 17 20 55 57 58 
15 17 20 36 56 
15 16 24 56 57 
25 37 
24 25 37 38 59 
17 25 38 62 63 
38 63 
25 26 38 62 64 65 66 
25 26 
26 67 
26 63 64 65 67 
26 65 66 68 
21 26 41 67 69 
21 26 39 40 41 68 
18 21 27 28 42 44 71 72 73 
22 28 42 44 70 72 
18 22 27 28 29 42 43 44 70 74 
18 22 27 29 44 70 72 74 
23 29 45 72 73 75 
30 45 74 76 
18 23 29 47 75 
18 19 23 29 30 31 45 47 78 
18 23 31 48 77 
18 19 23 31 78 

