89 585
53 64 74 89 2 3 
53 54 65 73 74 89 3 4 
53 54 65 73 74 1 2 4 
53 54 65 74 2 
54 6 7 
54 55 5 7 
54 55 65 5 
56 75 9 10 
55 56 8 9 10 
56 75 8 9 
50 51 57 58 59 60 66 77 78 79 80 81 82 83 84 12 13 14 15 17 18 20 21 31 44 45 46 47 48 
13 14 16 17 22 23 24 25 26 27 33 34 35 36 37 38 
57 58 59 66 77 79 80 12 15 20 21 46 48 
11 12 16 22 23 24 25 32 14 33 34 35 
50 57 58 59 77 11 13 20 21 46 47 
12 14 17 25 35 36 37 
11 12 16 18 19 26 27 28 29 38 39 40 41 
11 12 17 19 27 28 29 30 39 40 41 42 
11 17 18 27 28 29 30 31 40 41 43 44 
11 13 15 21 
13 20 47 48 
12 14 23 24 32 33 
14 22 24 32 33 
12 14 16 22 23 25 35 
12 14 16 24 34 35 
16 17 18 27 38 
12 18 29 38 39 
17 18 19 29 38 40 41 42 
17 18 19 27 28 30 38 39 40 41 42 
19 28 29 38 40 41 42 43 
19 44 45 
14 22 23 33 
12 14 22 23 32 
16 23 24 35 
12 14 16 24 25 
12 37 
16 12 
12 17 18 26 27 28 29 30 39 40 41 
17 27 28 29 40 41 
17 19 27 28 30 38 39 41 
17 18 19 27 28 30 38 39 40 42 
18 29 30 41 43 
19 31 
11 19 31 43 
11 31 44 
11 20 21 
13 21 46 
11 13 15 47 
55 56 76 
58 59 66 77 78 79 80 81 82 83 15 
61 63 68 69 85 86 87 
53 63 
52 54 55 64 70 71 72 73 74 88 89 1 3 4 
53 55 64 65 70 72 73 74 89 1 3 4 5 6 7 
49 53 54 56 75 5 6 8 9 
49 55 76 8 9 
50 58 59 78 80 
50 59 66 77 78 79 81 
50 57 58 66 77 78 80 82 83 
51 84 67 85 
51 62 63 68 87 
51 61 63 69 
51 52 61 62 68 69 
52 53 54 70 72 73 74 88 89 1 2 
53 54 55 74 2 3 4 5 
50 58 59 81 82 83 84 
51 60 86 87 
51 61 62 63 69 87 
51 61 62 63 68 
52 54 64 71 72 73 88 89 1 
52 53 64 70 72 73 88 1 
54 64 70 71 73 74 89 1 
53 70 71 72 74 89 2 3 4 
53 54 65 73 1 4 
55 56 8 9 
49 56 
50 58 78 79 
57 59 77 79 80 
50 57 59 77 78 81 
50 57 58 59 77 78 79 81 
58 59 66 79 
50 81 83 
50 66 81 82 
84 66 
60 67 86 
51 60 67 85 87 
61 62 67 68 85 86 
52 53 70 71 
53 54 64 70 72 73 74 1 2 

