95 698
3 5 6 7 8 14 15 1 24 25 44 
12 13 19 21 22 29 30 31 32 33 34 35 36 37 38 39 
1 4 8 9 10 16 17 26 27 28 
3 9 11 16 17 27 
1 14 
23 25 
8 15 23 24 25 
1 3 7 15 16 25 
3 4 10 11 17 27 28 
4 9 11 16 17 
2 9 18 
2 13 19 20 22 35 36 37 38 
2 20 21 22 36 37 38 39 
1 5 
1 6 7 8 24 25 
3 4 8 9 10 17 28 
4 9 10 16 27 28 
2 19 29 30 31 32 33 34 35 
2 12 18 30 31 32 33 34 36 37 
2 12 13 19 21 22 35 36 
2 13 20 22 38 
12 13 20 21 38 39 40 
1 6 15 
6 7 15 23 25 
6 7 8 15 23 24 
3 8 
3 4 9 17 
3 4 9 16 17 27 
2 11 18 30 
2 18 19 29 31 32 33 34 
2 33 
30 31 33 
19 30 31 32 34 35 
18 19 30 31 32 33 
2 12 18 19 33 37 
2 19 20 35 
12 13 35 36 
2 12 13 21 22 39 
13 21 22 38 40 
2 38 
1 2 3 4 5 6 7 8 9 10 11 12 14 15 16 17 18 23 24 25 26 27 42 43 44 45 46 47 48 49 50 51 52 53 54 55 56 60 61 62 63 64 65 66 67 68 69 70 71 72 41 84 85 86 87 88 89 90 91 92 93 94 95 
41 43 46 47 50 51 52 64 65 66 84 85 86 87 88 89 
41 42 47 50 52 53 54 67 89 90 91 
5 14 48 49 55 68 69 70 71 92 93 95 
41 56 57 73 45 
41 42 58 59 60 61 62 63 75 76 78 79 80 81 82 83 46 
41 42 43 50 51 52 53 64 66 87 88 89 
44 49 55 68 69 70 92 93 94 95 
5 14 41 44 48 55 71 72 92 93 94 95 
41 42 43 47 51 52 53 64 65 66 85 86 88 
42 47 52 65 66 87 88 
42 50 66 89 
41 42 43 47 50 52 67 89 
41 43 67 54 90 91 
44 49 68 69 71 72 
41 45 57 59 74 
45 56 58 59 
46 57 59 60 73 74 75 76 
45 46 56 57 58 60 73 74 75 
41 46 58 59 62 63 75 76 77 78 79 80 81 
46 60 63 77 79 80 81 82 
41 46 60 61 63 77 79 80 81 82 83 
41 60 79 80 81 82 83 46 
41 42 47 50 84 
41 47 50 51 66 84 85 86 87 88 
41 42 47 51 52 65 87 88 
41 43 53 54 
41 44 48 55 69 
41 48 71 92 
44 48 68 69 71 72 92 93 
41 44 48 55 69 70 72 92 93 94 
41 44 48 49 70 71 93 94 95 
45 56 57 58 59 74 75 76 
56 57 73 76 
46 58 60 73 76 77 
46 58 59 60 73 74 75 77 
46 59 60 61 62 76 78 79 80 81 
46 60 61 62 76 77 79 80 81 
60 61 62 63 77 78 81 
62 63 77 81 
60 61 63 77 
46 61 62 63 
46 63 
41 64 65 85 86 
41 42 64 65 86 
42 64 84 87 
41 42 47 50 51 64 85 86 
41 42 47 51 65 66 87 
41 43 52 53 
41 43 54 67 91 
43 54 
41 44 48 55 69 70 71 72 93 94 
41 44 48 70 72 92 94 
41 44 49 72 92 93 95 
41 44 48 72 94 

