104 587
5 6 8 9 10 16 17 32 1 33 34 35 36 
3 7 2 11 12 19 20 21 22 23 24 45 76 
1 2 4 5 7 8 11 12 13 14 15 16 26 27 28 29 30 31 
2 3 5 7 11 21 22 23 24 25 26 
3 4 7 8 13 14 15 16 27 29 30 
9 10 17 33 34 35 36 37 
2 3 4 5 11 12 13 21 22 24 25 
1 3 29 30 31 32 
1 10 17 18 33 34 35 36 37 
1 9 36 37 
2 3 12 13 24 25 26 
2 3 13 24 25 26 
3 4 5 7 11 12 14 24 25 
3 13 15 28 
3 5 8 14 28 29 
3 5 8 31 
1 6 9 18 33 36 37 
6 9 10 17 33 37 
2 20 21 
2 21 22 
2 4 7 19 22 23 
2 4 7 19 20 23 
2 4 11 22 
2 4 7 11 12 13 25 26 
7 12 13 24 26 
3 4 7 12 13 24 
3 5 14 15 29 
5 15 27 29 30 
3 5 8 15 27 28 30 
5 8 15 28 29 
1 8 16 
1 8 16 31 
9 17 18 34 35 37 
1 6 9 17 18 33 35 36 37 
1 6 9 17 33 36 37 
1 6 10 17 18 33 34 35 37 
1 9 10 17 34 35 
1 2 3 4 5 7 39 40 42 43 44 45 53 54 56 57 64 65 66 67 68 69 70 71 72 73 74 75 76 77 
38 40 41 46 47 48 58 59 60 61 62 77 88 89 104 39 
38 39 49 50 51 52 63 
39 47 61 
38 54 64 65 66 67 
38 68 69 
38 55 70 71 72 73 
2 57 75 76 
39 41 47 59 61 62 
39 41 46 62 
39 40 49 50 63 
40 48 50 51 52 63 
40 49 51 
49 50 
40 50 51 
38 42 64 65 66 
38 65 54 
38 44 56 71 72 
38 55 71 74 
38 45 75 
39 103 104 
39 60 
46 39 59 
39 41 46 60 
39 41 47 
40 49 50 51 52 
38 42 53 
38 53 54 64 66 
38 65 
38 42 53 65 
38 43 69 
38 68 
38 70 
38 44 56 72 73 
44 55 56 71 73 74 
44 55 71 74 
38 55 56 72 73 
38 45 57 
2 38 45 75 
78 79 80 81 86 87 88 96 97 99 100 101 77 102 103 
79 80 84 93 94 95 96 
77 80 81 86 95 96 
77 78 81 85 86 96 97 
77 80 86 87 98 99 100 101 
84 92 
78 82 84 92 93 94 
82 93 
78 80 
79 96 97 
77 97 99 100 101 
58 77 102 103 104 
58 77 88 103 104 
91 82 92 
90 82 
82 83 90 91 
84 94 
78 83 93 95 
78 79 85 93 94 
78 80 85 86 
77 80 81 86 87 98 100 
77 81 86 87 97 99 
87 97 98 100 101 
77 81 87 97 98 99 
77 81 87 99 
88 89 103 
58 77 88 103 104 
58 89 

