94 618
2 3 4 10 11 12 13 14 22 23 24 25 26 27 28 33 34 35 36 37 38 39 40 41 42 43 44 67 68 71 72 73 74 75 80 81 82 83 92 93 94 
1 3 10 12 13 22 23 24 25 26 33 34 35 36 37 38 39 40 41 42 67 73 74 75 82 83 94 
1 2 4 5 14 15 16 17 18 29 30 47 48 49 50 51 52 53 54 55 56 57 58 59 
1 3 5 15 16 17 18 19 30 32 56 57 58 59 60 61 62 63 64 
3 4 6 18 19 31 32 61 62 64 65 66 
5 7 18 19 32 64 65 66 
6 8 9 20 
7 9 20 
7 8 20 
1 2 11 22 35 36 37 
1 2 10 24 36 37 38 40 
2 42 43 
1 2 12 26 27 28 42 43 44 45 
1 3 15 16 29 51 52 
14 29 30 53 54 55 
3 4 14 15 29 30 52 53 54 55 56 
3 4 6 18 19 31 57 58 59 60 62 63 
4 5 6 17 19 31 32 59 60 61 64 
4 6 17 18 31 32 63 64 65 66 
8 9 
1 2 33 34 
1 2 10 35 
2 10 11 37 40 41 
1 23 25 39 40 41 
1 12 40 
1 2 12 42 43 
1 13 45 
1 13 27 44 28 45 46 
3 14 15 16 49 50 51 
3 4 15 16 52 54 55 57 
17 18 19 63 64 65 
4 5 6 18 19 31 64 65 66 
1 2 21 94 
1 2 21 33 94 
1 2 22 
37 38 
1 2 10 23 36 
1 10 11 23 24 37 39 
1 2 11 23 24 38 40 
1 2 11 23 24 39 
1 23 24 25 39 
1 2 12 26 43 
1 12 13 42 
1 13 27 45 
27 46 
46 47 48 49 
3 46 49 50 
3 46 47 50 
3 14 29 47 48 
3 14 29 47 48 49 51 
3 14 29 50 
14 15 29 53 
3 15 30 54 56 
3 16 53 56 
15 53 56 
3 16 30 53 54 55 57 
3 4 17 30 56 58 59 60 
3 4 17 57 59 
3 4 57 61 
4 17 18 57 59 61 62 63 
4 5 17 18 60 62 63 
5 18 60 61 
4 17 18 31 60 61 
5 6 18 19 31 32 65 66 
6 19 31 64 66 
5 64 
68 72 73 74 75 79 80 81 82 83 89 90 91 92 93 
67 72 73 78 79 80 81 88 90 91 
70 71 76 77 85 
69 71 77 78 84 85 87 
69 70 72 77 78 79 87 88 
67 77 79 88 89 
67 68 74 82 92 
73 75 82 83 92 
21 22 33 34 73 74 82 94 
69 70 84 
69 70 71 78 85 86 87 88 
68 70 71 72 77 79 86 88 
67 68 72 78 88 89 
72 90 
68 80 89 90 91 
73 74 83 
33 67 75 82 94 
70 85 
69 70 76 77 84 86 87 
70 71 77 78 85 
71 77 78 85 
68 71 72 77 79 
68 79 80 90 
67 81 89 
67 68 80 81 90 
67 73 74 93 
73 74 92 
33 34 75 82 83 

