39 174
8 14 15 
8 14 22 1 4 5 
8 14 15 22 4 5 
15 22 2 5 
15 22 4 
8 12 13 31 32 33 34 35 36 37 38 39 6 
9 10 11 16 23 24 25 26 
14 22 2 
7 10 24 26 27 
7 9 16 17 18 27 
10 16 17 19 20 28 
6 11 19 20 29 30 
19 21 29 30 
6 15 1 3 
14 22 1 2 3 5 15 
7 10 18 28 
7 10 18 
11 16 19 28 
11 12 13 18 
11 12 13 29 
12 29 
8 4 5 
9 24 25 
7 9 23 25 26 
7 9 23 24 
9 27 
9 10 25 26 
10 11 16 17 18 
12 13 21 
12 13 21 
6 32 34 
6 31 33 34 35 
6 31 32 34 35 36 37 
6 33 35 36 
6 32 37 
6 33 34 35 37 38 
33 34 36 
6 36 37 39 
6 38 

