93 646
3 5 6 7 8 11 12 13 14 15 
4 21 2 
1 6 7 8 12 13 15 
2 9 10 19 20 21 
1 11 12 93 
1 7 11 12 13 14 
1 3 6 14 15 
1 3 7 14 15 
4 10 18 9 19 
4 9 18 19 20 
1 5 6 12 93 
1 5 6 11 13 
3 7 12 
1 3 6 7 8 13 
1 3 16 
8 16 
9 16 17 
9 10 17 
4 10 9 20 
4 10 19 
4 2 21 
1 2 3 4 5 6 7 8 11 12 13 14 23 25 26 32 33 34 36 37 38 39 40 41 42 43 55 56 57 58 59 60 61 62 63 64 65 78 79 80 81 82 83 84 85 86 88 89 90 91 92 93 
22 25 26 29 31 32 33 35 36 37 38 39 40 48 49 50 51 52 53 54 55 56 58 73 74 75 76 77 78 
3 5 6 7 11 12 13 14 22 34 42 64 65 89 90 91 92 
22 23 26 36 37 38 52 53 54 56 73 74 75 77 
22 23 25 32 33 38 39 40 41 57 58 59 60 78 79 
28 29 30 31 44 45 66 
27 29 30 45 46 
23 27 28 30 35 44 46 47 48 66 67 68 69 70 
27 28 29 31 35 45 46 47 67 68 69 
23 27 28 29 30 35 45 46 47 48 67 69 70 71 
22 23 25 26 37 38 39 54 55 56 57 74 75 76 77 78 
22 23 26 38 40 41 58 61 79 80 
1 22 24 42 43 64 65 89 90 91 92 93 
23 29 30 31 46 47 48 49 50 51 67 68 69 70 72 
22 23 25 37 50 51 52 53 54 73 
22 32 52 54 
22 25 26 32 33 39 40 57 58 
22 23 32 33 38 40 57 58 78 
22 26 38 39 58 59 
22 61 62 81 
22 24 34 43 83 85 86 87 88 89 
22 24 34 42 88 90 
29 66 
27 28 29 31 44 46 66 
29 31 35 45 67 68 69 
29 30 31 35 67 69 70 
23 29 35 49 51 69 70 72 
35 48 50 51 71 72 
23 48 49 
35 36 48 49 73 
36 53 54 
23 36 52 
23 36 37 52 
22 23 25 32 56 74 75 76 77 
22 23 32 57 74 75 76 77 
22 26 32 38 39 78 
22 23 26 32 33 57 
22 33 40 79 
22 26 33 41 61 62 63 79 80 81 
22 33 41 60 63 79 80 81 
22 33 41 60 61 81 82 
41 60 82 
22 24 34 65 92 
24 34 64 
27 29 44 45 
29 30 31 35 46 47 68 69 
30 35 46 67 69 
29 30 31 35 47 48 67 68 71 
29 31 35 47 48 71 
31 35 48 69 70 
35 48 
23 25 51 52 
23 25 32 37 55 75 77 
25 55 56 76 77 
23 25 32 55 56 74 75 77 
23 25 32 55 56 74 76 
22 23 26 38 39 57 
22 26 33 59 60 80 81 
22 26 61 79 
41 60 61 62 79 80 
41 62 63 83 
22 41 82 84 
22 83 
22 42 84 86 
22 42 85 87 88 
22 88 
22 42 86 89 
34 42 88 90 
24 34 43 89 91 
24 34 89 
22 24 64 
22 24 34 65 

