56 402
55 56 16 53 54 20 
3 4 5 6 7 9 10 11 13 14 15 18 19 2 21 22 23 24 25 34 35 36 37 38 39 40 41 42 44 
2 5 9 10 11 13 14 15 21 23 24 25 26 38 39 40 41 42 43 44 45 
2 3 5 8 9 13 18 19 21 22 34 35 36 37 38 
2 3 4 9 10 13 14 15 21 23 37 38 39 40 41 
7 12 17 31 32 33 55 16 1 30 54 20 
2 6 17 31 32 33 55 
4 18 19 
2 3 4 5 10 13 14 15 21 23 38 39 40 41 
2 9 15 23 24 40 41 42 43 
2 26 27 28 29 46 47 48 49 50 51 52 11 
6 7 17 32 33 55 16 1 30 53 20 
2 3 4 5 22 23 38 39 
2 3 5 9 15 23 24 41 42 
2 3 5 9 10 14 24 42 43 
55 56 1 30 53 54 
6 7 12 32 55 
4 8 19 34 
4 8 34 
31 55 16 1 30 53 54 
2 4 13 22 37 38 
2 4 5 9 13 21 38 
3 5 9 13 14 38 40 
2 3 10 15 25 42 43 44 
3 44 
11 27 28 29 45 46 47 48 49 
11 26 28 29 45 46 47 48 49 
11 26 27 29 46 47 48 49 50 51 
11 27 28 47 49 50 52 
55 56 16 1 54 
6 7 12 32 33 
6 7 12 17 31 33 
6 7 12 17 31 32 
4 8 19 2 35 36 
2 34 36 
4 2 34 
2 13 
3 4 9 21 22 23 
2 9 13 23 38 40 
2 9 10 14 39 41 
2 3 5 9 10 14 23 40 
2 10 14 43 
2 3 15 24 42 
2 3 25 44 43 
3 46 
26 27 28 45 47 48 
11 27 28 29 48 49 
11 26 27 28 29 47 50 
11 26 27 28 
11 28 29 48 49 51 52 
11 28 29 48 49 50 
11 
55 16 1 30 20 
55 1 30 
32 16 1 30 53 20 
16 30 

