118 972
2 3 4 7 9 10 11 12 18 19 20 21 22 23 24 25 26 27 28 29 40 41 42 43 44 45 46 47 48 49 50 51 69 70 71 75 77 78 79 116 117 118 
1 3 4 5 6 7 8 10 11 12 13 14 15 16 27 28 29 30 31 32 33 34 35 36 52 53 54 55 56 57 58 59 60 61 62 69 70 71 
1 2 4 5 6 7 10 11 12 13 14 15 16 27 28 30 32 33 34 52 53 54 55 56 57 58 59 70 
1 2 3 5 6 11 12 13 14 15 16 30 31 32 33 34 35 53 54 55 56 57 58 59 60 61 62 
2 4 6 8 16 34 35 36 37 38 39 64 65 66 67 68 
2 3 4 5 8 16 17 35 36 37 38 39 63 64 65 66 67 68 
1 3 4 11 12 13 29 31 52 53 
2 6 16 37 38 39 64 65 66 67 68 
1 18 20 41 42 43 
1 2 3 21 22 23 24 25 26 27 28 46 47 48 49 50 51 10 
2 3 4 7 12 29 30 52 
1 2 3 7 11 29 30 
2 3 4 7 14 15 30 31 53 54 55 56 57 
2 3 13 15 30 31 32 53 54 55 56 57 
2 3 4 13 14 32 33 57 58 59 60 
2 3 4 5 6 8 34 36 37 60 61 62 63 64 
6 8 39 67 68 
1 9 19 20 40 41 43 
9 18 20 41 42 43 
1 9 18 19 42 
1 10 22 23 24 25 26 44 45 47 
1 10 21 23 24 26 44 45 47 
1 22 24 25 44 45 46 
1 10 21 22 25 26 44 45 46 47 48 
1 10 21 22 23 24 26 46 47 48 
10 21 22 23 24 25 46 47 48 49 51 
1 3 10 28 51 
1 2 10 27 
1 2 7 11 12 52 
2 3 4 7 11 12 13 14 31 53 55 56 
2 3 4 7 13 30 53 54 55 56 
2 3 4 13 14 15 33 54 56 58 
2 15 32 59 60 61 
2 3 4 5 16 33 36 60 61 62 
2 4 5 6 34 61 62 
2 6 34 35 61 62 63 
6 8 16 35 36 63 64 65 
5 6 8 17 66 67 68 
6 8 17 38 68 
1 9 19 20 42 
9 18 20 40 
1 18 19 40 
9 18 19 20 21 44 45 
1 20 21 24 
1 22 
1 21 22 23 24 25 26 47 48 
1 10 21 22 23 24 25 26 46 48 49 
10 24 25 26 47 49 50 
10 25 26 46 47 48 
1 10 26 49 51 
1 26 27 50 
3 29 
2 4 7 12 13 14 30 31 54 
2 3 13 14 30 31 53 56 
2 3 4 14 30 31 56 
2 3 4 13 14 31 54 55 57 
2 3 4 13 14 15 32 56 58 
2 3 4 15 32 57 59 60 
2 3 4 15 32 33 58 
2 16 33 34 59 61 62 
2 4 16 33 34 35 36 60 62 
2 4 34 35 36 60 61 
5 8 16 35 36 37 64 65 
5 6 8 16 
5 17 37 38 63 64 
5 6 8 38 39 67 68 
5 6 8 39 66 68 
8 17 38 39 
1 2 3 9 10 18 19 21 40 41 42 43 70 71 75 76 77 78 79 84 69 92 93 94 95 105 106 107 108 109 110 111 112 113 114 115 116 117 118 
9 18 20 40 69 71 75 77 78 79 95 109 110 111 112 113 115 117 118 
9 18 69 70 75 78 79 111 115 116 117 118 
73 80 87 88 98 99 100 101 
72 74 80 99 100 101 
73 76 82 89 102 
9 69 70 71 77 78 79 111 112 113 114 115 116 117 118 
69 74 83 90 91 103 104 
69 71 75 78 92 93 94 95 105 106 107 108 109 110 
9 69 71 75 77 111 112 113 114 115 116 117 118 
69 70 71 75 78 113 114 115 116 118 
88 98 100 
73 74 89 102 
76 90 91 103 104 
76 82 90 91 104 
69 76 
86 96 97 85 
85 87 88 96 97 
72 80 86 88 97 
72 86 98 
74 81 102 
76 91 104 
76 82 83 84 
69 77 93 94 105 106 107 
69 94 106 107 
69 77 92 93 95 107 
69 70 77 93 94 108 109 110 
85 86 
85 87 88 96 
72 85 97 
72 73 80 100 
72 73 80 
72 73 
74 81 89 102 
76 82 83 
76 90 91 
69 92 93 105 106 
69 77 92 94 105 
77 92 93 94 95 108 
77 107 110 
70 77 95 108 110 
69 95 
69 70 71 75 78 112 113 
69 70 71 75 79 111 113 114 
69 70 71 78 79 111 112 114 
69 70 75 78 79 112 113 
70 71 75 78 114 
69 70 71 75 78 79 117 118 
69 70 71 75 78 79 116 118 
71 75 78 79 116 117 

