96 848
95 96 2 
1 2 
95 96 1 2 4 5 6 7 8 9 11 13 14 15 16 17 22 23 30 31 32 33 34 35 36 37 63 65 66 67 68 69 70 71 72 73 74 75 76 77 78 79 80 
3 5 7 8 10 12 18 19 20 21 24 25 26 27 28 40 41 42 43 44 45 46 47 48 49 50 81 82 
3 4 6 8 10 12 18 24 25 26 27 39 40 81 82 83 84 85 92 94 
3 4 5 7 8 10 11 12 13 18 19 20 21 29 40 41 42 43 44 45 46 47 48 49 50 51 52 53 54 81 
95 3 4 6 9 11 13 15 16 17 22 23 30 31 32 33 34 35 36 59 60 61 62 63 64 65 66 67 68 69 70 71 72 73 74 
3 4 5 6 10 12 18 19 24 25 26 27 28 40 41 43 
95 96 1 3 7 11 16 17 22 23 33 34 35 36 37 74 75 76 77 79 80 
4 5 6 8 12 18 19 21 39 40 41 42 44 46 47 49 
3 6 7 9 13 15 30 31 32 59 60 61 62 64 65 66 67 68 69 70 71 
4 6 8 10 18 19 20 21 44 45 47 48 50 51 
3 6 11 15 29 30 59 60 61 62 63 64 
3 7 11 13 15 30 31 32 60 61 63 64 65 66 67 68 69 
3 7 11 13 14 30 31 32 60 62 63 64 65 66 67 
3 9 14 17 22 33 34 35 36 71 72 73 74 75 
7 9 16 22 34 35 36 37 74 75 76 
5 6 10 19 20 42 44 45 46 47 48 
4 6 8 10 12 20 44 47 48 49 
4 6 10 12 18 19 21 44 47 49 
6 20 48 50 51 52 
3 7 9 16 17 23 33 34 35 36 74 75 76 77 
96 3 9 22 37 76 77 78 79 80 
8 25 38 
5 8 24 
4 5 8 27 
4 5 8 26 28 
5 8 
6 53 54 55 56 57 58 
3 7 13 14 15 31 32 60 61 62 63 64 65 
3 7 11 13 15 30 32 63 64 65 66 
3 7 11 14 15 31 65 66 67 68 69 
3 7 9 16 17 22 34 35 71 72 73 74 75 
3 7 9 16 22 33 35 74 75 
3 7 16 17 22 33 34 74 75 
3 9 16 17 22 35 37 76 
3 9 22 23 76 77 78 
5 25 
4 5 8 28 
4 6 8 39 41 42 
6 42 43 
8 10 12 18 41 43 
4 6 8 40 42 
4 10 12 18 19 20 45 46 47 48 
4 6 10 12 18 19 20 44 46 47 48 
4 6 10 18 19 20 44 47 49 
4 10 18 19 20 44 45 46 48 49 
4 6 10 18 19 20 21 45 46 47 49 
4 6 10 12 19 20 21 46 47 48 50 
4 6 12 21 49 51 52 
6 21 
6 21 
6 29 54 
6 29 55 
29 54 56 57 
29 55 57 
55 58 
55 56 57 
13 60 
7 11 13 14 15 30 59 61 63 
7 14 30 62 63 
7 11 13 14 15 30 60 61 63 
3 7 13 14 15 30 31 61 62 64 
7 11 13 14 31 62 
3 7 11 14 30 63 64 
7 11 14 15 31 32 69 
3 7 11 15 66 70 
3 7 11 14 15 67 69 71 
7 14 32 66 67 70 71 72 
16 67 68 71 73 
7 11 16 33 68 69 70 72 73 
3 7 33 69 70 
7 34 70 71 72 
3 7 9 17 22 33 34 35 75 
3 7 9 16 17 22 33 34 35 74 
3 17 22 23 36 37 
3 23 37 78 79 
3 9 23 37 80 
3 9 78 80 
3 78 
24 25 26 38 82 83 84 85 86 87 88 92 93 94 
81 83 85 86 87 88 90 91 92 93 94 
81 82 86 87 88 90 92 93 94 
81 82 83 85 87 88 92 93 94 
81 82 83 84 87 88 92 93 94 
81 82 87 89 90 91 
81 82 83 84 85 88 92 93 
82 85 87 
86 91 
82 83 86 91 
82 86 89 
83 84 85 87 88 93 94 
81 83 84 88 92 94 
81 83 84 85 88 92 93 
96 1 23 78 
95 1 23 

