59 379
36 37 58 59 2 
34 37 45 59 1 
31 34 
46 9 10 11 14 18 15 19 
32 6 12 14 16 17 18 19 20 
4 11 12 14 15 16 17 18 19 
8 7 
7 13 
4 7 13 
4 6 14 18 
4 5 6 16 17 19 
5 6 17 19 20 
7 8 9 
4 5 15 
4 5 6 11 14 16 17 18 
5 6 11 15 19 20 
4 5 6 11 12 15 16 18 19 20 
5 6 11 12 18 15 16 17 19 
5 17 18 
4 5 11 12 16 17 
22 23 24 25 26 27 28 29 30 31 32 33 34 35 37 46 38 39 40 41 42 43 44 45 47 48 49 50 52 53 54 55 56 57 58 59 1 2 3 4 5 6 7 8 9 10 11 12 14 18 15 16 17 21 
21 25 26 27 23 31 
25 26 27 23 
21 23 
21 23 26 27 
21 22 23 27 
21 23 25 26 
29 30 33 38 39 40 41 42 46 47 49 50 51 4 5 6 11 12 16 17 19 20 
28 30 31 32 33 35 38 39 40 41 42 43 44 46 47 48 49 50 51 52 54 55 4 5 
28 29 33 35 42 44 52 54 56 
22 29 33 34 36 37 45 58 59 1 2 3 
39 46 47 
30 31 34 35 44 56 57 
33 36 45 57 58 59 1 2 
36 55 
34 37 45 57 59 1 
36 45 58 1 3 
29 32 39 48 
29 38 40 41 47 48 
28 38 41 
29 38 39 40 49 51 
30 41 51 
29 30 53 
30 33 35 55 56 57 
31 34 37 57 58 59 
32 46 38 
40 46 
28 38 39 40 42 49 50 51 
28 29 42 48 
28 29 40 41 51 
28 29 41 42 48 50 
29 30 53 
30 43 54 
43 52 53 
33 44 
30 35 36 57 
35 44 
31 34 36 37 45 57 59 
34 36 37 45 58 1 

