103 634
102 2 6 11 12 13 
101 102 1 12 13 14 
62 63 69 80 81 101 103 19 20 21 22 
102 5 10 
102 1 10 4 11 
102 1 2 12 13 
101 103 8 9 14 15 16 
101 103 7 15 16 17 18 
103 16 18 
102 4 
102 4 
102 1 2 6 
102 1 14 
7 13 15 
101 7 14 16 
101 7 9 15 17 
101 7 9 15 
101 103 8 9 19 20 
101 103 18 
103 18 19 
80 101 103 3 22 
101 3 
24 25 33 38 39 68 23 
23 33 38 39 40 68 
23 26 33 41 
25 27 28 29 
26 28 29 42 
27 29 42 43 44 
26 27 28 34 42 43 44 
31 35 36 45 46 47 50 49 
30 32 37 50 51 
32 51 
23 24 38 39 
29 30 35 36 43 45 46 47 
30 36 45 46 
35 45 46 
31 32 37 51 
23 24 25 33 39 
25 33 40 
39 41 
25 26 40 
26 27 29 43 
28 29 44 
28 29 35 43 45 
30 35 36 44 46 
30 34 45 47 48 49 50 
30 46 49 50 
46 50 
30 46 47 48 
30 48 49 
32 37 
53 55 56 57 60 63 64 65 66 69 70 71 72 73 74 75 81 82 83 84 85 87 88 89 101 103 21 
52 54 57 58 60 61 66 67 77 93 53 
53 58 61 77 78 79 94 95 96 97 98 99 100 54 
52 56 57 62 63 65 71 72 73 74 83 84 85 87 88 
52 55 57 59 60 64 65 74 85 86 87 88 89 
52 53 55 56 59 65 66 75 76 87 89 90 91 92 
53 54 61 68 94 95 97 99 100 
52 55 56 57 62 63 64 65 72 73 74 83 84 86 
52 53 56 66 92 
53 54 58 77 78 79 95 96 97 98 99 100 
52 55 59 63 64 69 70 71 72 80 81 82 3 
52 59 62 64 69 70 71 72 73 81 82 3 
55 56 62 63 71 72 73 82 83 
52 55 57 59 74 85 86 87 88 
53 57 60 67 75 76 90 91 92 
60 75 76 93 
23 33 54 58 
52 62 70 80 81 82 
52 62 63 69 71 81 82 
52 55 63 64 69 70 72 73 81 82 
55 71 82 83 
52 55 59 63 64 71 72 83 84 
52 55 56 59 84 85 86 87 88 
52 60 66 67 76 90 
57 60 66 67 75 
53 54 61 
54 61 
54 61 97 98 100 
62 69 21 22 
63 69 70 
52 62 63 64 70 71 
55 59 64 72 84 
52 59 64 85 
52 55 56 59 65 74 86 
55 56 65 87 
52 55 56 57 65 74 86 
52 55 56 65 74 87 
52 56 57 
57 60 75 91 92 
57 60 66 92 
60 66 75 76 
53 67 
54 58 95 96 97 
61 94 
54 58 94 97 98 99 
54 58 61 79 94 96 98 99 100 
61 97 99 100 
58 61 96 97 98 100 
54 58 79 97 98 99 
56 57 59 62 63 64 65 69 70 71 72 73 80 81 82 83 102 1 2 7 8 9 15 101 18 19 20 22 
101 2 5 6 10 4 12 13 
62 80 3 7 8 9 18 19 21 22 

