102 714
2 3 4 6 7 8 9 11 12 13 14 15 16 19 
1 3 5 8 9 10 11 
1 2 4 5 6 11 12 13 14 
3 5 9 10 11 12 13 
1 2 3 4 9 10 
1 3 12 15 16 
1 15 16 
1 5 9 10 
1 2 4 5 8 10 11 
1 2 5 8 9 11 
3 5 9 10 
1 3 6 14 
1 3 4 14 
1 3 12 15 
1 7 14 16 
1 7 15 16 
18 20 23 24 25 30 36 37 38 52 53 54 55 56 57 58 59 60 61 62 93 
17 19 20 21 22 25 26 27 28 31 32 33 40 41 42 43 44 70 71 72 73 74 75 76 77 78 79 80 
1 2 18 22 26 28 34 47 48 49 86 87 88 89 90 91 92 19 
17 18 21 22 25 26 31 32 39 41 42 43 65 66 68 69 70 72 73 
18 20 22 26 31 32 33 40 41 43 70 71 72 73 74 75 
18 19 20 21 26 28 33 45 46 79 80 81 82 
17 30 37 55 57 58 59 61 
17 23 25 30 38 58 59 60 61 62 
17 18 24 31 38 39 62 63 65 
18 19 20 21 22 27 28 33 44 45 46 77 78 79 80 
18 22 26 28 33 44 45 46 80 81 
18 19 22 26 27 33 44 45 46 80 81 83 84 85 
19 34 35 49 86 88 89 90 91 
17 23 24 25 38 60 61 63 
20 21 25 32 39 40 42 65 66 67 68 69 70 
18 20 21 31 41 42 43 71 73 
18 21 22 26 27 28 44 75 76 77 78 79 80 
29 35 48 49 86 90 91 92 
19 34 47 48 89 90 91 92 
17 37 50 51 53 
17 23 36 53 54 37 55 
17 24 25 30 62 
20 25 63 64 65 66 67 68 69 
18 20 21 31 32 41 42 43 67 69 70 
18 20 21 31 32 40 42 43 71 
20 31 32 40 43 71 
21 32 40 41 42 71 72 73 
18 22 26 33 46 80 
26 27 28 44 
22 26 27 28 44 81 82 83 84 85 
34 35 87 88 89 90 91 
19 29 34 35 47 90 91 
19 29 34 92 
17 51 53 101 102 
36 50 52 53 101 102 
17 36 50 51 53 54 102 
17 37 51 52 54 
17 37 52 53 
23 36 37 54 56 
17 23 55 57 
17 56 57 
17 23 59 60 
24 61 
17 23 24 38 58 59 61 
17 23 24 30 58 59 60 
24 25 30 63 
24 25 30 39 62 64 
25 39 63 65 66 
20 31 39 67 
20 31 39 64 65 67 68 69 
20 31 39 40 65 66 69 
31 39 66 67 69 
31 40 66 68 70 
20 21 31 32 40 41 69 
18 20 21 41 42 43 72 
18 20 21 32 42 43 71 73 
21 32 71 72 
20 76 
18 21 33 77 78 
18 33 74 75 77 78 
26 33 75 78 79 
26 33 75 76 77 79 
18 22 
18 22 26 27 28 33 44 45 
22 27 28 46 82 83 84 85 
46 83 84 85 
28 46 81 82 84 85 
46 81 82 83 
46 82 83 84 
19 29 88 89 90 
19 29 47 86 88 89 
19 29 47 89 
19 29 35 86 87 88 90 
19 29 34 35 47 48 86 89 
19 35 
29 34 35 49 
50 51 52 94 95 96 97 98 99 100 101 102 
93 95 98 99 100 
93 94 96 99 100 
93 97 98 99 100 
95 96 100 101 102 
93 95 99 
94 95 96 98 100 
93 94 96 98 99 
97 102 
50 51 101 

