179 1295
2 3 4 5 6 7 8 9 10 11 12 13 14 23 24 25 26 27 32 33 34 35 37 38 39 40 51 1 
1 4 5 6 7 10 11 12 13 14 15 25 26 27 33 35 36 37 38 39 40 51 
158 159 164 172 1 2 6 14 15 16 18 19 41 42 43 44 45 46 47 48 49 50 
2 5 6 7 8 9 10 11 20 21 22 23 24 28 29 30 31 60 
1 2 4 6 7 10 11 12 13 23 24 25 32 33 34 35 36 37 
1 2 3 4 5 7 10 11 12 13 25 26 33 34 36 
1 2 4 5 6 10 11 12 13 25 32 33 34 35 36 37 
1 20 21 22 28 30 
1 20 21 28 30 
1 2 4 5 6 7 11 22 23 31 32 
1 4 5 6 7 10 25 32 34 35 
2 5 6 7 11 25 33 34 35 36 37 
1 2 5 6 7 26 38 39 
15 16 14 
2 3 14 16 17 41 
15 17 14 
15 16 18 19 42 44 46 48 49 
3 17 19 42 43 44 45 48 49 
159 160 164 3 17 18 44 45 46 47 48 49 50 
4 8 9 21 28 29 30 
4 8 9 20 22 28 29 30 
4 8 9 10 21 23 30 
1 4 5 22 31 
1 4 5 
1 2 5 7 11 12 33 34 36 
1 2 6 13 39 40 
1 2 40 
9 21 29 
4 30 
4 9 20 21 22 29 
4 22 23 
1 5 10 11 
1 5 6 7 11 12 25 34 35 36 
1 2 6 7 11 12 25 35 36 
2 5 6 7 11 12 25 33 34 36 
1 2 5 6 12 25 33 
1 2 5 6 7 12 
2 13 26 40 
1 2 26 38 
1 2 13 26 39 
3 42 43 
17 18 41 43 44 
17 18 41 44 45 
3 17 18 19 42 43 45 46 47 48 
3 18 19 42 43 44 46 47 49 
3 17 18 19 44 45 47 48 49 
3 17 18 19 44 45 46 48 49 50 
3 44 45 46 47 49 50 
3 17 19 45 50 
18 19 47 
1 2 4 5 8 52 55 56 58 59 60 64 65 66 67 68 69 76 78 79 95 96 97 98 99 100 101 102 103 104 105 
51 54 55 56 57 58 62 63 65 66 72 74 75 87 88 89 90 91 92 93 94 
54 61 70 71 120 121 122 135 137 155 156 157 
52 53 55 57 62 63 71 72 80 82 83 84 86 
51 52 54 58 62 63 64 72 73 86 87 
51 52 59 60 67 78 96 97 98 
52 54 55 62 63 72 80 81 82 57 83 84 86 
51 64 65 74 75 88 89 90 91 92 94 
51 56 67 77 96 
56 69 78 79 99 100 101 103 104 105 106 
70 157 
54 55 63 72 57 84 85 62 86 
52 54 55 62 72 86 
51 52 55 58 65 73 75 88 89 90 
51 52 58 64 66 74 75 89 90 91 92 93 94 
51 52 67 76 95 
51 56 59 76 77 95 
56 59 98 
51 60 79 99 101 102 103 104 106 
53 157 
54 57 80 
52 55 57 62 63 86 
55 87 
52 58 64 65 75 88 89 91 92 
52 58 64 65 91 92 
51 66 76 95 
56 67 
51 56 60 68 69 79 99 100 101 102 
60 69 78 99 100 101 103 104 
54 57 71 81 82 
80 82 
54 57 80 81 
54 62 84 85 
54 62 83 85 
54 62 84 
54 57 72 62 
52 73 
52 58 64 74 
52 58 65 74 75 90 
52 58 64 65 91 
52 58 74 75 93 94 
52 58 65 74 91 94 
52 65 91 92 94 
52 58 91 92 93 
51 67 76 
51 68 98 
51 56 59 68 96 98 
56 68 96 97 
51 60 78 79 100 102 103 
51 60 69 78 79 99 101 103 
51 60 78 79 99 102 103 
60 79 99 101 103 
51 60 99 101 
51 60 69 79 101 102 103 105 
51 69 104 106 
60 105 
51 53 108 109 110 111 112 113 114 115 116 117 123 124 125 126 128 129 131 138 139 140 142 143 144 145 146 
53 107 109 110 111 112 116 117 119 120 131 132 133 134 108 147 148 149 150 151 152 153 154 
107 108 111 114 115 124 125 127 128 129 139 140 141 142 144 
107 108 109 114 115 126 128 129 139 140 141 142 143 144 
107 108 109 110 128 129 130 131 144 146 
108 117 118 119 132 133 134 149 150 151 152 153 154 
114 123 124 138 
107 109 113 124 125 138 
107 109 110 114 124 125 126 139 140 
107 111 131 146 147 116 148 
107 108 112 118 119 133 149 150 151 152 
108 117 148 149 150 
108 117 118 132 133 134 149 150 151 152 154 
108 121 122 135 136 137 155 120 
136 137 155 
61 70 120 121 135 136 137 155 156 157 
107 114 138 
107 109 113 115 125 
107 109 110 114 115 124 139 
107 109 110 115 127 140 141 143 
109 110 126 128 140 141 142 143 144 
107 109 110 111 142 143 144 
107 109 110 144 
107 145 
107 111 116 145 131 
108 112 119 133 149 150 152 
108 117 118 119 132 149 150 151 
108 112 119 
121 122 
121 122 135 137 155 
120 121 122 136 155 156 
107 114 123 124 
109 110 115 125 
107 109 
126 127 142 143 
107 109 110 127 128 141 144 
109 110 127 128 141 142 
107 109 110 111 127 128 129 143 
111 130 131 146 
107 111 116 
108 116 147 
108 147 116 148 
108 112 117 118 119 133 150 151 
108 112 117 119 132 133 151 152 
108 117 132 133 150 152 
108 112 117 
108 112 119 133 134 154 
108 112 119 133 
136 156 157 
122 136 155 
122 136 155 156 
159 160 161 162 163 164 165 167 168 172 173 175 176 19 
160 172 19 50 
158 159 164 172 19 
158 162 165 166 167 168 169 174 175 176 
161 163 165 166 167 168 169 174 175 176 
158 165 167 168 169 171 176 177 178 179 
158 159 160 172 173 
158 161 162 163 166 168 169 174 176 
161 162 165 167 168 169 174 175 176 
158 161 162 163 166 168 169 175 176 
158 162 163 165 166 167 177 
161 162 163 165 166 167 168 170 176 177 
169 171 177 179 
163 170 178 179 171 
158 159 160 164 173 
158 160 
158 161 162 165 166 175 
158 161 162 165 166 167 
158 162 163 166 167 168 169 
163 169 170 178 179 
170 179 
170 171 177 

