62 344
51 52 56 2 14 
51 52 1 
53 19 
51 53 57 58 3 5 19 20 
53 58 59 60 4 6 20 21 22 
53 57 58 59 60 20 21 
54 60 24 25 26 
55 9 11 
8 10 11 
55 61 9 11 
55 61 8 9 10 
61 62 13 
56 62 12 
51 1 
52 2 16 17 
52 15 17 
51 52 15 16 18 
51 52 53 57 3 17 19 
51 3 18 
53 57 58 59 4 5 6 21 22 
53 57 58 5 22 
59 60 6 20 
54 59 60 24 
60 7 23 
54 26 
42 54 25 
29 30 31 32 33 34 35 36 37 45 54 
27 29 30 31 32 36 43 
27 30 32 36 43 
27 28 29 36 37 42 43 7 26 
27 28 30 36 43 
27 28 29 33 34 35 44 45 
27 34 44 46 
27 32 33 35 45 
27 32 33 34 38 44 46 
27 29 37 43 26 
27 28 30 31 42 43 
35 39 40 41 46 47 48 49 50 
38 40 41 47 48 49 50 
38 39 41 48 49 
39 40 48 49 
28 31 37 43 
28 29 37 
27 35 45 
27 33 34 44 
34 38 
41 48 
39 47 49 50 
38 39 41 50 
38 40 41 49 
52 53 57 58 1 2 4 14 15 16 17 18 19 51 
51 53 57 1 2 3 15 17 18 
51 52 57 58 60 3 4 5 6 18 19 20 21 
30 31 58 59 60 7 23 24 25 26 
56 61 8 9 10 11 12 13 
61 1 12 
52 58 59 3 4 5 6 19 20 21 
51 53 54 59 60 4 5 6 20 21 22 
54 58 60 5 6 20 21 22 
53 54 58 59 5 6 21 22 23 24 
55 62 10 11 12 
61 12 

