48 403
10 36 48 
3 4 6 8 9 12 15 16 17 18 19 20 21 22 23 24 37 38 39 40 41 42 2 
2 4 6 7 10 13 14 25 26 27 28 29 30 31 32 33 43 44 45 46 47 
2 3 5 6 8 9 19 21 22 24 38 39 40 41 
2 4 6 8 9 12 22 23 24 39 40 41 42 
2 3 4 5 7 24 25 26 27 42 6 43 
3 6 10 11 13 14 25 26 27 28 30 31 32 33 44 45 46 47 
2 4 5 9 12 15 16 17 18 19 20 21 22 37 38 39 40 
4 5 12 17 18 19 20 21 37 41 
3 7 11 14 31 32 33 34 35 47 48 1 
3 10 13 14 32 33 34 35 36 48 1 
2 4 5 8 18 19 20 22 38 39 40 
3 7 10 11 14 30 31 32 33 35 
3 7 10 11 13 32 33 34 36 48 1 
8 16 17 18 37 
2 8 18 37 
8 9 15 16 18 37 38 
2 9 15 17 37 38 
2 4 5 8 9 12 20 21 22 38 39 40 
2 4 5 9 12 19 21 40 
2 4 8 9 12 19 20 39 40 41 
2 4 8 12 19 20 21 39 40 41 
2 4 5 24 41 
4 6 42 
3 6 28 43 
3 6 7 27 28 43 
3 6 7 25 26 28 43 
3 7 25 26 27 29 30 44 45 46 
7 25 28 30 45 
3 7 13 28 29 31 44 46 
3 7 10 47 
3 7 13 14 34 35 47 
3 7 10 32 34 
3 10 11 14 32 
3 10 11 14 32 33 34 
10 11 14 35 48 1 
8 9 17 18 
2 4 9 12 17 18 19 
2 4 5 8 9 12 19 20 21 22 40 
2 4 5 8 9 12 19 20 22 39 
4 9 12 21 22 23 
2 4 5 6 24 
6 26 27 
3 7 28 30 45 46 
3 28 29 30 44 46 
3 7 28 30 45 
3 7 10 11 13 32 
10 11 14 1 

