54 394
8 14 15 28 29 30 31 32 50 52 
9 17 18 33 34 35 16 
4 5 6 7 10 11 12 19 20 21 23 24 25 38 39 40 41 42 43 44 45 
3 5 6 11 12 23 24 25 26 27 40 41 42 43 44 45 46 
3 4 7 11 13 23 24 25 26 40 41 42 43 44 45 
3 4 5 7 13 24 25 26 40 42 43 45 
3 4 13 26 27 42 43 44 45 46 47 
1 28 48 8 
2 10 16 17 18 34 35 36 
3 9 11 12 18 20 21 37 38 
3 4 5 12 19 20 21 23 24 37 38 
3 4 5 10 19 20 22 23 24 38 39 40 
3 4 6 7 25 26 27 45 46 47 
15 53 
1 14 54 15 53 
2 17 18 34 35 
2 9 16 33 35 36 
2 9 10 16 34 35 36 
10 11 12 20 22 23 37 38 39 
10 19 21 22 37 38 39 
3 10 11 12 19 20 22 23 38 39 
3 10 19 20 21 23 24 38 39 
3 4 5 11 12 19 21 22 24 38 39 40 
3 4 6 12 22 23 38 40 
3 4 5 41 44 45 
4 7 13 27 45 46 47 48 
4 7 13 46 47 48 
1 49 50 
30 31 32 49 50 51 
1 29 32 52 
29 30 32 52 
1 30 31 
2 9 17 34 35 36 
2 9 16 17 18 33 35 36 
2 16 17 18 33 34 36 
9 16 18 34 
10 11 20 
3 10 11 12 19 20 22 23 24 39 
3 11 12 19 21 22 23 
3 4 5 6 12 23 24 41 42 
3 4 5 6 7 25 40 42 43 44 
3 4 5 6 7 40 41 43 44 
3 4 5 7 41 42 44 
3 4 5 6 13 25 41 42 45 
3 4 5 6 7 13 25 26 44 46 
4 13 26 45 47 
7 46 
26 27 8 
1 28 29 50 
1 29 51 
29 49 50 
1 30 31 
14 54 
15 53 54 

