50 328
44 12 1 
44 23 
48 4 5 6 13 27 28 29 30 
47 48 3 5 6 27 28 30 
45 47 48 3 4 6 27 28 29 30 
45 48 3 4 5 29 30 
45 8 9 14 15 16 31 33 34 35 
45 46 7 9 10 14 16 17 36 37 
45 46 49 7 8 10 17 18 36 37 
49 8 9 17 36 37 
46 49 20 21 41 42 
44 1 
47 3 4 25 26 27 
45 7 15 16 31 32 33 34 35 
8 34 35 
45 7 8 15 32 33 34 35 
46 49 8 10 18 36 37 38 
46 49 50 9 19 38 39 40 
46 49 50 18 20 38 39 
46 49 50 19 21 40 41 
50 42 
44 2 12 23 
44 2 22 
44 47 26 
47 13 24 26 
24 25 
47 48 3 4 5 6 13 29 
48 4 5 6 27 29 
48 3 5 6 28 
48 3 6 
14 15 32 34 
45 7 14 15 16 31 33 34 
45 7 14 15 16 31 34 35 
45 7 14 32 33 35 
7 15 16 33 
45 8 9 10 17 37 
46 8 9 10 17 36 
46 49 17 19 39 40 
18 19 38 
46 49 50 18 38 39 
50 20 
11 21 43 
42 43 
47 1 2 12 22 23 24 44 
46 47 48 49 3 5 6 7 8 9 10 14 16 17 31 32 33 35 
45 49 50 8 10 11 18 19 20 21 37 38 39 40 41 
44 45 48 3 4 5 13 24 25 26 27 28 29 
45 47 3 4 5 6 13 28 29 30 
45 46 50 8 10 11 17 19 20 38 39 
46 49 11 18 19 20 21 38 40 41 

