31 192
2 3 4 5 7 8 11 12 13 14 15 16 21 22 24 25 26 27 28 29 
1 4 5 8 13 14 15 21 22 24 25 26 27 28 29 
1 2 4 5 7 11 12 21 22 23 24 
1 2 3 6 10 11 12 13 19 20 
1 2 3 8 15 16 25 26 27 28 29 5 30 
9 17 18 
1 2 3 14 22 23 24 
1 5 24 25 26 27 
6 10 17 18 
4 9 17 18 19 
1 3 4 12 13 
4 11 
1 21 
3 7 
1 2 5 8 16 25 27 28 
1 2 5 8 15 25 27 29 
9 10 17 18 
4 6 9 17 20 
10 18 20 
4 18 
1 3 4 
2 3 7 13 21 
1 2 3 7 14 
2 3 7 8 14 15 25 
1 2 5 8 15 16 24 26 27 28 
1 5 8 15 25 28 
1 2 5 16 26 28 
2 5 8 15 25 26 27 
2 5 16 
5 30 31 
31 30 

