38 227
10 11 22 
4 6 7 9 14 15 16 18 25 26 27 28 29 
2 4 6 7 12 13 23 24 
2 3 6 7 8 13 15 24 25 26 
9 10 11 22 30 32 33 34 35 36 37 38 1 
3 7 8 13 24 
2 3 4 6 8 13 24 25 
2 3 4 6 7 13 14 24 25 26 
2 5 10 19 20 21 22 30 31 32 33 34 
5 9 11 22 34 35 36 37 38 1 
5 36 37 38 1 
23 12 
2 4 6 7 8 24 25 26 
2 4 8 13 15 16 17 25 26 27 
2 16 26 27 
2 14 15 27 28 
2 14 16 27 28 
2 17 19 28 29 18 
9 18 30 
19 21 30 31 32 
9 19 20 31 32 
5 9 10 35 36 37 38 1 
3 12 23 
4 6 7 8 
4 7 8 14 26 
2 4 8 13 15 25 
2 15 16 17 
16 17 18 29 
2 18 
9 20 21 31 
9 20 21 32 33 
5 9 30 33 
5 31 32 34 35 
9 33 
5 9 10 22 34 
5 37 38 
5 10 22 36 38 1 
5 10 11 22 36 37 1 

