35 212
2 3 4 6 7 8 11 1 12 26 34 
1 3 4 5 8 9 10 13 14 15 16 18 19 20 21 2 22 23 24 25 
1 2 4 5 8 9 10 13 14 16 21 23 
1 2 5 9 10 14 16 17 18 22 23 24 25 
2 3 4 10 15 16 17 18 19 
1 7 11 34 
1 12 
1 20 21 
3 21 2 22 23 
4 14 15 16 17 18 2 
6 1 34 
7 1 
2 3 21 
2 3 4 9 10 15 16 22 23 
2 3 4 5 9 14 16 17 18 25 
2 4 10 14 15 17 25 
2 4 5 15 16 18 
4 10 15 16 25 2 
2 5 
13 8 20 
2 9 
2 4 9 14 15 24 
3 4 9 14 15 24 
2 4 9 14 15 23 
4 5 17 18 
1 27 28 29 30 31 32 35 11 26 34 
26 28 29 31 32 33 
26 27 29 30 33 35 
26 28 30 33 35 
26 27 28 29 31 35 
27 28 
26 27 28 31 33 35 
26 27 31 32 
11 1 34 
32 33 

