34 187
2 3 4 5 6 7 10 12 13 14 15 16 17 22 23 24 25 26 28 29 30 
1 4 5 6 10 11 22 23 
1 5 8 9 18 20 33 34 
1 6 10 11 22 
2 3 7 12 13 14 15 24 26 27 29 
1 11 22 23 
1 5 13 14 28 29 
20 21 34 
3 8 20 21 34 
2 4 11 22 
4 6 10 22 23 
1 7 13 25 
1 5 12 24 25 26 
1 5 7 26 27 28 30 
3 5 14 16 30 
1 3 15 17 30 31 
1 15 16 
16 17 32 
3 18 20 31 33 
3 8 9 19 21 
3 8 9 20 33 
1 2 4 6 11 23 
1 11 22 
5 12 25 
1 12 13 24 
1 5 13 14 27 28 
1 5 7 26 28 29 
1 7 14 26 27 
7 14 27 28 
5 14 28 29 
15 17 19 32 
3 18 19 31 33 
3 18 19 20 21 32 
8 9 

