51 157
49 48 5 
46 51 
34 9 10 
50 49 
49 48 1 
47 12 
40 22 
19 8 
34 3 10 48 
34 3 9 
25 15 23 
6 20 21 22 
15 16 13 
24 25 
25 11 13 23 
13 17 19 16 
16 23 
35 36 
8 16 
12 21 22 24 
12 20 24 
7 12 20 
11 17 15 28 
14 20 21 
14 11 15 25 
43 28 29 31 
43 31 32 38 
43 23 26 
36 26 29 
33 39 42 
43 26 27 31 
27 38 42 
30 39 42 45 33 
3 9 10 
37 18 
18 29 
35 37 
27 32 
30 33 42 44 45 
7 48 
45 46 41 
30 32 33 39 45 
26 27 28 31 
39 45 
33 39 41 42 44 
41 51 2 
6 47 
40 9 1 5 
4 50 1 5 
4 49 50 
46 2 

