49 162
48 18 
47 48 49 
40 43 
39 41 25 4 
25 8 
45 10 11 
11 12 7 
5 18 22 
13 15 
45 47 48 49 6 11 13 
47 6 7 10 14 
7 17 18 12 
9 10 
11 16 17 14 
9 16 
14 15 
12 14 18 20 
1 12 8 17 38 22 
29 31 19 
17 38 
32 37 30 21 
8 38 18 22 
26 40 
36 24 
4 5 
27 23 
26 28 
27 42 28 
43 19 31 
21 30 
19 29 
34 37 44 46 21 
34 35 36 46 
32 33 36 46 49 
33 45 46 49 
24 33 34 42 
32 21 
18 20 22 
41 4 
48 49 23 3 
39 4 
28 36 
29 3 
32 46 
35 46 47 6 10 
32 33 34 35 44 45 49 
45 49 2 10 11 
40 1 2 10 
34 35 40 46 47 2 10 

