31 199
2 3 4 5 6 7 9 10 18 12 13 14 15 17 20 21 22 24 25 26 27 28 29 30 31 1 
1 11 18 12 31 
4 5 6 9 10 16 3 29 
3 5 8 4 12 13 14 15 19 20 22 23 
1 3 4 6 9 13 14 15 16 17 24 25 26 27 28 29 
1 3 5 8 9 10 6 
1 11 18 31 
3 5 6 9 14 15 16 25 26 27 28 
3 5 
3 
2 11 18 
4 19 20 21 
4 14 19 20 22 24 
1 4 5 8 15 23 25 
1 4 14 24 26 27 
1 3 5 17 29 
3 5 27 28 
2 11 
1 4 12 13 20 22 23 
1 4 12 21 22 23 
4 22 
1 13 19 21 23 24 
4 13 14 20 24 
1 5 15 22 
1 5 14 15 16 26 27 28 
1 5 8 16 17 25 28 
15 16 17 28 
1 5 8 17 25 26 27 
3 5 8 9 17 
7 18 31 2 11 
7 11 30 31 

