2792 10914
2 4 6 7 
1 3 4 5 6 7 18 20 22 23 
2 5 7 22 23 
1 2 18 22 23 
2 3 22 23 
1 2 7 
1 2 3 6 
10 13 15 33 
10 13 
8 9 13 
12 15 27 29 30 11 
11 29 
8 9 10 231 
16 31 32 33 217 218 233 
8 11 16 31 32 33 
14 15 31 32 234 
19 20 21 26 35 
2 4 20 23 35 
17 21 26 35 
2 17 18 25 26 
17 19 22 23 26 35 
2 3 4 5 21 23 
2 3 4 5 18 21 22 
36 43 44 
20 38 39 
17 19 20 21 39 
11 29 30 44 
40 42 46 48 49 
11 12 27 30 
11 27 29 
14 15 16 33 54 233 
14 15 16 54 233 
8 14 15 31 54 
54 234 
17 18 19 21 
24 36 
134 37 
25 39 40 57 
25 26 38 41 
28 38 49 
39 42 
28 41 44 46 48 49 
24 139 
24 27 42 46 47 48 50 
51 52 45 
28 42 44 48 49 50 
44 49 50 59 
28 42 44 46 50 
28 40 42 46 47 
44 46 47 48 
45 52 53 253 
45 51 
51 253 254 255 
31 32 33 34 233 
60 62 63 
58 65 66 68 
38 57 
56 66 67 68 70 
47 63 
55 62 72 264 265 
72 264 
55 60 265 
55 59 73 
65 78 64 
56 64 66 65 
56 58 65 68 
58 70 82 174 176 186 
56 58 66 
70 80 84 
58 67 69 80 84 
73 86 87 277 290 
60 61 73 86 
63 71 72 277 
75 76 77 78 92 
74 78 92 75 
74 78 79 80 
74 92 
64 74 75 76 80 
76 84 79 
69 70 76 78 84 
91 195 81 
67 174 186 
85 86 88 83 
69 70 79 80 
83 87 88 
71 72 83 88 
71 85 97 289 292 
83 85 86 
95 97 187 
91 103 
81 90 
74 75 77 
94 102 103 107 109 
93 102 107 109 
89 97 187 209 
186 187 195 197 198 
87 89 95 292 
103 402 
100 101 
99 106 107 108 405 
99 107 
93 94 107 109 
90 93 98 104 400 
103 400 407 408 409 
111 411 420 
100 405 411 420 
93 94 100 101 102 109 
100 109 412 413 
93 94 102 107 108 
112 310 311 
105 112 411 421 
110 111 
114 312 313 
113 312 313 
126 115 
119 120 121 
118 128 129 132 133 318 
117 128 
116 120 121 122 
116 119 319 
116 119 319 
119 133 317 319 
125 135 
136 124 
123 140 
115 140 
146 147 
117 118 130 132 133 318 
117 234 329 
128 132 133 
133 330 
117 128 130 318 
117 122 128 130 131 317 318 
37 136 137 139 
123 137 
124 134 
134 135 
151 154 155 
43 134 
125 126 145 147 
145 147 158 159 
144 149 163 166 167 169 
149 156 161 163 166 
142 149 162 163 166 167 169 
140 141 147 159 
127 147 
127 140 141 145 146 
329 345 
142 143 144 163 166 167 169 
330 333 946 
138 154 155 173 175 
157 175 
155 948 962 963 
138 151 
138 151 153 155 
143 161 
152 159 160 
141 160 175 
141 145 157 165 
157 158 162 165 178 
143 156 
144 160 165 169 170 177 178 
142 143 144 149 166 167 169 
168 169 170 
159 160 162 168 169 170 
142 143 144 149 163 166 
142 144 149 163 169 170 357 
164 165 170 180 
142 144 149 162 163 164 165 167 
162 164 165 167 168 
360 956 1062 
173 175 183 184 185 
151 172 175 
67 82 176 186 
151 152 158 172 173 
67 174 
162 179 
160 162 
177 180 
168 179 
190 381 
195 182 
172 185 194 
172 194 
172 183 194 
67 82 96 174 195 198 
89 95 96 188 197 198 199 
187 199 
201 380 384 
181 202 381 967 190 
193 204 
193 204 
191 192 204 206 
183 184 185 
81 96 182 186 198 195 
206 210 
96 187 199 208 209 
96 186 187 195 199 
187 188 197 198 200 
199 209 213 214 200 
189 214 216 384 385 392 
190 384 386 
547 548 
191 192 193 
548 555 556 561 
193 196 
211 558 559 563 564 565 566 
197 212 
95 197 200 212 
196 215 564 
207 559 564 565 566 567 
208 209 213 
200 212 391 213 
200 201 569 
210 569 573 574 
201 392 393 
14 218 222 231 232 
14 217 222 232 233 
220 221 
219 239 
219 221 
217 218 232 
226 235 237 238 244 245 335 
226 235 237 238 245 335 
239 248 
223 224 
228 229 230 1565 
227 230 327 
227 246 251 1565 
227 228 327 1565 1566 
13 217 253 
217 218 222 255 
14 31 32 54 218 
16 34 129 
223 224 237 238 245 
237 238 
223 224 235 236 335 
223 224 235 236 242 244 245 
220 225 248 
243 247 248 259 
243 249 262 
238 244 245 246 249 
240 241 249 259 260 262 
223 238 242 246 334 340 
223 224 235 238 242 334 340 
229 242 244 250 251 252 
240 248 247 
225 239 240 247 
241 242 243 
246 252 343 
229 246 251 
246 250 
51 53 231 254 255 
53 253 265 
53 232 253 
259 260 261 262 
334 350 257 
269 334 350 
240 243 256 261 
243 256 262 260 
256 259 262 
241 243 256 260 261 
273 1670 263 
60 61 275 276 
60 62 254 
269 279 281 
268 274 275 278 
267 274 278 
258 266 279 281 
271 272 283 285 
270 272 273 1611 271 
270 271 285 
263 271 
267 268 276 278 
264 267 
264 274 
71 73 290 
267 268 274 
266 269 281 371 
283 293 294 
266 269 279 283 
285 301 302 382 383 
270 280 281 285 
297 299 300 1625 1626 
270 272 282 283 297 300 
287 303 286 
286 288 291 
287 291 292 
87 291 292 
71 277 292 
287 288 289 
87 97 288 289 290 
280 294 296 307 
280 293 295 296 305 306 
294 298 301 302 309 
293 294 298 305 307 308 309 
284 285 299 300 301 
295 296 309 
284 297 309 
284 285 297 301 
282 295 297 300 383 
282 295 382 383 
286 303 
310 311 315 
294 296 
294 306 
293 296 309 
296 389 308 
295 296 298 299 307 
110 304 315 
110 304 315 311 
113 114 677 
113 114 313 
315 316 685 
304 310 311 314 
314 679 685 
122 133 319 332 
117 128 132 133 329 
120 121 122 317 330 332 
322 323 326 339 
323 326 
320 325 326 339 
320 321 325 326 332 339 
326 338 339 1059 
322 323 
320 321 322 323 324 332 338 339 1059 
228 230 
343 328 
129 148 318 345 
131 150 319 333 348 
333 346 347 348 
317 319 323 326 336 
150 330 331 348 
244 245 257 258 340 350 
223 224 237 341 
332 342 
339 1059 
324 326 1059 
320 322 323 324 326 337 1059 
244 245 334 
335 342 341 
336 341 
250 328 344 
343 356 
148 329 347 351 
331 357 
331 345 
330 331 333 353 
360 946 
257 258 334 351 
345 350 
353 361 
348 352 361 
355 366 
354 355 
344 1672 
167 346 
359 360 369 370 
358 370 1062 
171 349 358 370 1062 
352 353 363 364 
372 375 
361 365 369 373 
361 369 373 
363 373 378 
354 377 
373 376 377 
1672 1683 1684 1695 
358 363 364 
358 359 360 
279 382 
362 375 
363 364 365 367 374 377 378 
373 378 
362 372 376 375 
367 375 
366 367 373 
365 373 374 378 
380 379 
189 379 380 
181 190 967 
282 302 371 
282 301 302 
189 201 202 386 
201 391 392 
202 384 386 
388 389 
387 391 
308 387 389 
394 396 1074 1085 
213 385 388 
201 216 385 811 812 
216 573 574 816 1001 1077 
390 396 823 1081 1084 1085 
397 832 
390 394 
395 831 397 
399 423 
398 406 423 424 425 
103 104 402 403 404 407 409 
403 424 
98 400 424 
400 401 404 429 431 432 
400 403 429 430 431 432 547 
100 106 406 410 
399 405 412 434 
104 400 409 418 419 
104 415 417 418 419 437 438 
104 400 407 417 418 437 438 
405 434 439 440 
105 106 111 420 
108 406 413 414 
108 412 417 
412 421 443 
408 417 418 419 422 437 
418 419 
408 409 413 415 419 437 438 
407 408 409 415 416 437 438 
407 408 415 416 417 
105 106 411 
111 414 443 
415 560 587 
398 399 425 
399 401 402 427 
399 423 448 
428 430 431 435 447 
424 435 447 448 
426 430 431 432 
403 404 431 432 547 
404 426 428 432 
403 404 426 428 429 
403 404 428 429 430 
446 448 450 451 452 
406 410 440 450 451 
426 427 447 453 
438 453 
408 409 415 417 418 
408 409 417 418 436 
410 456 458 460 
410 434 451 452 456 457 458 460 
443 458 459 460 
444 445 696 701 
414 421 441 
442 461 465 
442 587 
433 450 451 
426 427 435 453 
425 427 433 450 453 
454 466 467 449 
433 434 446 448 452 
433 434 440 446 452 456 
433 440 450 451 453 456 457 460 
435 436 447 448 452 453 
449 455 469 
454 468 469 475 476 478 596 
439 440 451 452 458 460 464 472 
440 452 459 460 464 470 472 
439 440 441 456 459 460 464 
441 457 458 463 464 
439 440 441 452 456 457 458 464 
444 596 599 600 601 607 
463 464 479 721 
459 462 470 473 721 722 
456 457 458 459 460 462 470 472 473 
444 587 606 607 
449 467 484 466 
449 466 483 484 612 467 
455 475 476 477 478 487 489 
454 455 475 476 477 478 487 
457 463 464 472 473 474 
473 474 475 
456 457 464 470 474 
463 464 470 471 479 490 491 
470 471 472 475 480 
455 468 469 471 474 476 480 
455 468 469 475 478 481 600 
468 469 481 487 489 
455 468 469 476 481 489 622 
462 473 491 744 745 
474 475 481 495 
476 477 478 480 481 
484 499 
467 612 623 
466 467 482 
486 488 503 507 508 
485 503 508 
468 469 477 489 
485 490 491 492 493 494 507 
468 477 478 487 497 
473 488 491 492 493 494 507 
473 479 488 490 493 494 507 
488 490 494 496 507 510 
488 490 491 496 507 
488 490 491 492 496 507 510 513 
480 497 760 762 
492 493 494 509 510 
489 495 
634 647 763 
482 500 504 506 499 
499 504 506 626 639 640 
506 626 639 640 645 
516 517 
485 486 505 508 518 503 
499 500 506 518 
503 518 520 525 
499 500 501 504 
485 488 490 491 492 493 494 508 513 
485 486 503 507 513 524 
496 510 511 513 525 
492 494 496 509 
509 518 520 525 
527 529 533 647 
494 507 508 509 
517 519 
523 534 535 536 539 540 
502 523 
502 514 519 
503 504 505 511 520 524 525 
514 517 
505 511 518 522 525 527 
538 521 
520 527 528 529 537 538 544 
515 516 524 540 542 
508 518 523 
505 509 511 518 520 
532 543 
512 520 522 529 
522 533 546 528 
512 522 527 533 546 
531 545 782 783 
530 543 786 
526 543 
512 528 529 647 
515 536 539 
515 539 540 541 
515 534 539 541 
522 544 537 
521 522 
515 534 535 536 541 542 
515 523 535 542 
535 536 539 
523 539 540 
526 531 532 
522 537 669 671 672 
530 782 795 
528 529 662 674 
203 404 429 549 
203 205 
547 551 
552 556 576 
549 551 
550 553 
552 554 
553 559 
205 557 561 562 579 
205 550 561 562 579 
555 561 576 579 580 
207 559 563 564 565 
207 211 554 558 564 565 
422 580 581 585 
205 555 556 557 
555 556 563 
207 558 562 565 583 
207 210 211 558 559 565 
207 211 558 559 563 564 567 
207 211 572 996 
211 565 584 
569 570 586 588 
214 215 568 
568 588 589 811 813 
573 574 575 590 1145 1148 1149 1154 1314 
566 574 575 584 590 1145 1148 1154 
215 393 571 575 590 813 814 1145 
215 393 571 572 590 1145 1148 1149 
571 572 573 589 590 
550 557 579 592 
593 594 
594 578 
555 556 557 576 
557 560 582 585 
560 585 
580 602 603 582 
563 589 610 
567 572 605 1153 
560 580 581 587 607 609 
568 809 833 
422 445 465 585 607 833 
568 570 847 848 
570 575 583 590 610 
571 572 573 574 575 589 1154 
595 612 
576 592 
577 594 597 598 593 
577 578 593 598 
591 599 601 614 615 
455 461 599 600 601 615 
593 616 
593 594 618 
461 595 596 601 602 615 
461 476 596 606 607 
461 595 596 599 615 
582 599 615 
582 604 608 
603 610 620 621 
584 1153 1163 
465 600 609 
461 465 585 587 600 
603 865 
585 606 847 848 865 
583 589 604 
834 1153 1164 
467 483 591 
617 624 
595 627 
595 596 599 601 602 616 
597 615 619 
613 618 619 
598 617 1163 618 
616 617 632 
604 621 632 
604 620 
478 633 
483 626 640 623 
613 625 629 643 
624 629 641 643 1172 1173 
500 501 623 639 640 644 645 
614 630 627 
629 646 
624 625 628 646 
627 635 636 
635 636 
619 620 
622 636 861 863 878 
498 636 649 651 
630 631 637 878 
630 631 633 634 651 
635 652 
652 881 
500 501 626 644 645 
500 501 623 626 644 645 
625 657 1172 1173 
1172 1178 
624 625 
626 639 640 653 
501 626 639 640 
628 629 
498 512 533 649 
649 650 651 
634 647 648 650 651 662 
648 649 662 
634 636 648 649 
637 638 
644 654 653 
653 654 
656 658 670 
655 658 670 
641 1192 1193 
655 656 660 670 
660 661 666 
658 659 
659 666 
546 649 650 
665 666 1201 
666 675 676 909 1200 1201 
663 675 676 909 1199 1200 1201 1212 
659 661 663 664 675 676 909 1200 
668 669 
667 672 
544 667 
655 656 658 670 
544 673 674 
544 668 673 674 
671 672 674 
546 671 672 673 
664 665 666 1200 675 
664 665 666 909 1200 
312 697 700 701 
679 682 700 
316 678 681 682 704 
683 684 703 704 
679 683 684 685 703 704 707 
678 679 682 
680 681 685 703 704 707 
680 681 703 704 707 
314 316 681 683 685 
687 692 709 716 
686 692 
690 693 1865 
1634 1864 1874 
688 693 713 714 715 1865 
693 1636 1637 1638 1865 1866 
686 687 1865 
688 690 691 714 715 1636 1865 1866 
702 719 720 723 
697 699 700 701 726 
442 698 699 700 701 726 
677 695 699 700 701 726 
696 700 701 705 726 
695 696 697 701 705 726 727 
677 678 695 696 697 698 726 
442 677 695 696 697 698 699 
694 720 
680 681 683 684 704 707 728 
679 680 681 683 684 703 707 
698 699 708 726 731 
710 820 838 
681 683 684 703 704 712 728 733 734 735 
705 710 716 730 731 737 
686 710 716 731 
706 708 709 718 730 731 737 738 739 838 
712 713 741 
707 711 733 735 741 
690 711 714 715 741 1874 
690 693 713 716 717 1865 
690 693 713 717 1865 
686 708 709 714 
714 715 1888 
710 738 838 841 842 
694 721 723 725 747 
694 702 721 723 725 
462 463 719 720 723 724 725 727 747 
463 724 725 726 727 746 747 
694 719 720 721 725 727 746 747 
721 722 726 727 729 746 747 
719 720 721 722 723 727 746 747 
695 696 697 698 699 700 705 722 724 
699 721 722 723 724 725 746 
703 707 734 735 
724 730 731 752 
708 710 729 736 737 739 
705 708 709 710 729 737 739 
734 740 754 
707 712 741 
707 728 732 
707 712 728 741 
730 737 739 755 
708 710 730 731 736 739 
710 718 838 
710 730 731 736 737 755 
732 754 756 
711 712 713 733 735 
758 873 1888 
758 873 
479 759 
479 747 759 
722 723 724 725 727 750 751 764 
719 721 722 723 724 725 745 759 
749 752 761 
748 752 753 761 762 763 766 768 861 
746 769 
746 764 769 
729 748 749 753 761 764 
749 752 761 766 767 768 
732 740 756 754 
736 739 
740 754 770 773 756 
774 1911 1912 
742 743 873 1891 
744 745 747 759 
495 762 775 
748 749 752 753 763 765 766 768 
495 749 760 775 
498 749 761 861 
746 751 752 
761 767 768 893 
749 753 761 768 
753 765 893 767 
749 753 761 765 766 
750 751 776 
756 772 773 
773 778 1936 
770 773 778 1936 
756 770 771 772 
757 781 774 
760 762 
769 776 
787 789 
771 772 779 791 1936 1938 
778 791 1937 1938 1939 
781 794 1955 780 
774 780 794 
530 545 783 795 
530 782 783 
786 787 788 
787 788 
531 784 
777 784 785 
784 785 800 788 
777 798 789 
792 803 805 806 
778 779 806 1955 
790 805 806 1955 1973 
794 804 
780 781 793 1956 794 
545 782 
798 799 802 804 
799 802 
789 796 802 803 
796 797 
788 801 
800 922 
796 797 798 804 
790 798 805 
793 796 802 
790 792 803 807 1973 
790 791 792 1973 1974 
805 1975 
1956 1975 1976 
586 818 819 
818 819 
392 570 813 814 
392 814 816 821 822 
570 573 811 816 
573 811 812 815 816 822 
814 817 1149 1314 
393 812 813 814 822 
815 1149 1313 1314 1330 
809 810 820 835 836 
809 810 
706 818 837 
812 835 836 
812 814 816 
394 825 
839 824 
823 832 1084 
828 830 1999 
841 1998 1999 
826 830 
831 1985 
826 828 
397 829 832 1985 
395 825 831 
586 587 846 
611 1154 1314 1329 
818 821 
818 821 
820 842 
706 710 718 738 842 
824 840 843 844 
839 858 
718 827 1998 1999 
718 837 838 843 844 1999 
839 842 2000 
839 842 
859 2002 
833 846 
588 609 849 850 
588 609 850 
847 851 866 867 868 
847 848 
849 867 868 870 851 
854 856 875 
854 875 
852 853 
858 1351 1352 1353 1357 
852 873 875 
859 860 2018 2019 2034 2035 
840 855 860 
845 857 2019 
857 858 2019 2034 
633 749 763 
863 865 
633 862 865 877 878 
867 868 870 878 880 882 883 
608 609 862 863 
849 868 869 880 
849 851 864 869 870 872 880 
849 851 864 866 869 870 880 
866 867 868 871 872 879 880 884 
851 864 867 868 
869 884 
867 869 880 884 
742 743 758 856 
876 886 
852 853 856 
874 876 
863 893 
633 635 863 864 
869 881 882 883 884 885 895 896 
864 866 867 868 869 872 881 882 883 884 885 
638 879 880 885 896 898 1375 1396 881 
864 879 880 883 895 
864 879 880 882 895 
869 871 872 879 880 
879 880 881 895 896 897 898 905 
874 887 889 
886 891 901 902 
890 891 2051 
886 2030 2051 
888 2051 2052 
887 888 902 
907 2053 892 
765 767 877 
900 901 911 912 
879 882 883 885 897 901 905 913 
879 881 885 898 905 913 914 
885 895 898 901 905 913 914 
881 885 896 897 913 1375 1396 
910 915 
894 912 
887 894 895 897 905 
887 891 905 907 908 918 
907 921 1405 1406 1419 
914 1406 1419 
885 895 896 897 901 902 913 914 
908 917 918 919 
892 902 903 1406 
902 906 918 919 2087 
664 665 666 676 909 
899 911 915 910 
894 910 
894 900 923 
895 896 897 898 905 914 913 
896 897 904 905 913 916 
899 910 
914 921 1419 
906 919 2068 2084 
902 906 908 
906 908 917 2086 
2069 2087 2500 
903 916 1419 
801 923 926 
912 922 926 
925 924 
924 1423 1425 
922 923 926 
929 930 932 
936 937 1004 928 
927 930 
927 929 931 936 938 
930 931 
927 933 935 
932 935 
936 937 938 941 943 944 945 
932 933 936 943 
928 930 934 935 938 
928 934 938 
930 934 936 937 938 
940 941 942 951 939 
939 941 942 951 952 1023 
934 939 940 943 944 950 951 952 
939 940 950 951 942 
934 935 941 944 945 951 
934 941 943 951 952 
934 943 
150 349 
960 1032 1060 1061 
153 949 962 963 964 
948 964 949 
941 942 951 952 954 955 965 966 
939 940 941 942 943 944 950 
940 941 944 950 955 
957 958 959 965 966 968 
950 965 968 
950 952 
171 1062 
953 958 957 
953 957 966 968 
953 960 961 968 1064 1066 
947 959 1060 1061 1063 
959 1064 1066 
153 948 964 
153 948 964 971 
948 949 962 963 971 
950 953 954 
950 953 958 968 
190 381 
953 954 958 959 966 
971 979 
971 979 
963 964 969 970 
974 975 976 985 
975 976 977 985 
972 975 977 978 979 982 983 985 986 
972 973 974 985 
972 973 976 
973 974 982 985 986 
974 980 982 983 984 986 
969 970 974 982 983 
978 983 984 
992 981 
974 977 978 979 985 986 
974 978 979 980 984 986 983 
978 980 983 986 
972 973 974 975 977 982 
974 977 978 982 983 984 
992 1000 
990 991 1000 988 
993 1049 989 
988 990 
988 1000 1002 1003 
981 987 994 
989 995 1048 1049 
992 1048 1049 
993 1141 1142 
566 1001 1146 1148 
998 999 
997 1000 
997 1000 
987 988 991 998 999 
393 996 1077 1145 1148 
991 1078 1150 
991 1003 
928 1006 
1010 1011 1016 
1004 1008 1009 
1009 1015 
1006 1015 
1006 1007 1015 
1005 1013 1016 1022 
1005 1013 1016 1022 
1017 1093 
1010 1011 1013 
1018 1027 1029 1030 
1007 1008 1009 1018 
1005 1010 1011 1022 1028 1029 1031 
1012 1019 1058 1100 
1014 1015 1021 1033 1034 
1017 1033 1034 
1022 1096 1101 
1018 1022 1029 1033 1036 1101 1107 1109 
1010 1011 1016 1020 1021 1029 
940 1025 
1025 1024 
1023 1024 
1028 1030 1031 1037 
1014 1030 
1016 1026 1030 1031 
1014 1016 1021 1022 1031 
1014 1026 1027 1028 1031 1037 
1016 1026 1028 1029 1030 
947 1040 1041 1060 
1018 1019 1021 1107 1109 
1018 1019 
1040 1041 
1021 1107 1109 1036 
1026 1030 1039 
1039 1043 1045 
1037 1038 
1032 1035 
1032 1035 
1044 1045 1046 1047 1042 
1038 1045 1046 
1042 1046 1047 1044 
1038 1042 1043 1047 
1042 1043 1044 1047 
1042 1044 1045 1046 
993 994 1049 
989 993 994 1048 
1051 1050 
1050 1052 1215 1216 1219 1220 1221 
1051 1053 1227 
1052 1053 
1055 1056 1054 
1054 1056 1226 1228 
1054 1055 1224 1226 1228 
1058 1057 
1017 1057 1058 
324 326 337 338 339 
947 960 1032 
947 960 1063 
171 359 360 956 
960 1061 1064 
959 961 1063 1066 1067 
1067 1069 
959 961 1064 1067 
1064 1065 1066 1067 
1070 1068 
1065 1071 
1068 1072 
1069 1075 
1070 1076 2344 
1082 1083 1073 
390 1085 
1071 1087 
1072 1091 1076 
393 1001 
1002 1317 
1083 1316 
1081 1313 1319 
394 1080 1084 
1073 1083 1087 
1073 1079 1082 1083 
394 825 1081 
390 394 1074 
1087 1321 
1075 1082 1086 
1089 1328 
1088 1446 
1323 2360 
1076 1327 
1322 1327 
1012 1095 1097 1100 1093 
1096 1097 
1093 1097 1098 1100 1102 1103 
1020 1094 
1093 1094 1095 1100 1102 
1095 1099 1102 1103 1104 1106 
1098 1102 1104 1106 1099 
1017 1093 1095 1097 1102 
1020 1021 1107 1101 
1095 1097 1098 1099 1100 1104 1106 
1095 1098 1104 1105 
1098 1099 1102 1103 1106 1113 
1103 1108 1110 1113 1114 
1098 1099 1102 1104 
1021 1033 1036 1101 1109 
1105 1110 1113 1116 
1021 1033 1036 1107 1110 
1105 1108 1109 1113 1114 1116 
1113 1114 1115 1116 
1114 1115 
1104 1105 1108 1110 1111 1116 
1105 1110 1111 1112 1115 
1111 1112 1114 1115 
1108 1110 1111 1113 
1119 1120 
1122 1124 
1117 1120 1125 1127 
1117 1119 1125 1127 
1123 1121 
1118 1124 1130 1132 
1121 1136 1137 
1118 1122 1132 
1119 1120 1126 1127 2368 
1125 1138 
1119 1120 1125 2368 
1130 1442 1446 
1130 1442 1446 
1122 1128 1129 1134 1135 
1135 1136 1137 1444 
1122 1124 1134 1138 
1135 1138 1447 1448 
1130 1132 
1130 1131 1133 1136 
1123 1131 1135 1137 1447 
1123 1131 1136 1447 
1126 1132 1133 
1447 1449 1450 1451 
1151 1140 
995 1142 
995 1141 1152 1217 
1151 1152 1217 
1159 1222 1144 
571 572 573 574 1001 1147 1148 1149 1314 
996 1148 1149 
1145 1149 1313 1314 
571 572 574 996 1001 1145 1146 1314 
571 574 815 817 1145 1146 1147 1313 1314 
1002 1317 
1140 1143 1151 
1142 1143 1217 1229 
584 605 611 1154 
571 572 590 834 1153 1314 1329 
1156 1157 1166 1331 
1155 1166 1331 
1155 1160 1162 1166 1331 
1160 1161 1162 1167 
1144 1161 1234 1236 
1157 1158 1162 1166 1167 1168 1169 1331 1333 
1158 1159 1167 1168 1169 
1157 1158 1160 1166 1167 1169 1331 1333 
605 618 
611 1329 
1166 1344 1360 
1155 1156 1157 1160 1162 1165 1167 1331 
1158 1160 1161 1162 1166 1169 1331 1333 1345 
1160 1161 1264 
1160 1161 1162 1167 1264 1333 1345 
1174 1268 1269 
1173 1171 
625 641 642 1173 
625 641 1171 1172 
1170 1268 1269 1174 
1275 1290 
1182 1186 1272 1273 1275 1290 
1391 1393 
642 1178 
1180 1181 
1179 1183 1180 
1179 1183 
1176 1186 1283 
1180 1181 1186 
1185 1197 1201 
1184 1201 
1176 1182 1183 1283 1300 
1197 1198 1201 1202 1389 1411 
1191 1202 1393 1188 
1191 1196 
1196 1395 
1188 1189 1393 1395 
657 1193 1206 1208 1192 
657 1192 1194 1208 1209 
1193 1209 1210 
1211 1299 1300 1304 
1189 1190 
1184 1187 1199 1201 
1187 1210 
665 1197 1201 1210 1212 1213 
664 665 666 675 676 1212 1213 1411 
663 664 665 1184 1185 1187 1197 1199 
1187 1188 1203 1204 1414 
1202 1414 
1202 1394 1414 1415 
1206 1207 1205 
1192 1205 1207 1208 1209 
1205 1206 1207 
1192 1193 1206 
1193 1194 1206 
1194 1198 1199 
1195 1304 
665 1199 1200 1423 
1199 1200 1423 
1415 1214 
1051 1219 1221 
1051 1218 1221 1216 
1142 1143 1152 1217 
1216 1220 1221 1225 
1051 1215 1221 1227 
1051 1218 1224 1225 1227 
1051 1215 1216 1218 1219 1225 
1144 1223 1234 1235 1236 
1222 1225 
1056 1220 1226 1230 
1218 1220 1221 1223 
1055 1056 1224 
1052 1219 1220 
1055 1056 1239 1437 
1152 1229 
1224 1232 1233 1237 
1232 1233 1237 
1230 1231 1237 1242 
1230 1231 
1159 1222 1236 1244 
1222 1244 
1159 1222 1234 1244 
1230 1231 1232 
1245 1249 1454 
1228 1240 1437 1455 
1239 1249 1455 
1456 1457 1458 
1232 1257 1242 
1255 1256 1243 
1234 1235 1236 1244 
1238 1258 1259 
1250 1251 1261 
1248 1250 1251 1252 1256 1261 1263 
1247 1251 1252 1261 1263 
1238 1240 
1246 1247 1252 1261 1266 1267 
1246 1247 1248 1252 1261 1267 
1247 1248 1250 1251 
1254 1269 
1253 1259 1260 1271 
1243 1257 1255 
1243 1247 1257 1261 
1242 1255 1256 
1245 1264 
1245 1254 1260 1271 
1254 1259 1271 1272 1276 
1246 1247 1248 1250 1251 1256 1262 1263 
1261 1274 1277 1262 
1247 1248 1261 1267 
1168 1169 1258 1345 1468 1490 
1491 1265 
1250 1267 1492 
1250 1251 1263 1266 1492 1493 
1170 1174 1269 
1170 1174 1253 1268 
1282 1289 1270 
1254 1259 1260 1272 1273 
1176 1260 1271 1275 1276 1290 
1176 1271 1275 1276 1290 
1262 1277 1293 1295 
1175 1176 1272 1273 1290 
1260 1272 1273 
1262 1274 
1279 1283 
1278 1285 1286 
1281 1285 1296 1297 
1280 1296 1297 1298 
1270 1289 
1182 1186 1278 1287 1299 1300 1303 
1287 1291 1299 1300 1303 1305 1306 
1279 1280 1288 1296 1301 
1279 1288 1296 1301 
1283 1284 
1285 1286 1296 1302 
1270 1282 1293 
1175 1176 1272 1273 1275 1291 
1284 1290 1294 1303 1305 1309 
1294 1308 
1274 1289 1293 
1291 1292 1305 
1274 1501 1502 
1280 1281 1285 1286 1288 1301 1302 1310 
1280 1281 1301 
1281 1298 
1195 1283 1284 1303 1304 
1186 1195 1283 1284 1303 1304 
1285 1286 1296 1297 1302 1310 
1288 1296 1301 1307 1310 
1283 1284 1291 1299 1300 1305 1306 1309 
1195 1211 1299 1300 1309 
1284 1291 1294 1303 1309 
1284 1303 1308 
1302 1311 1312 
1292 1306 
1291 1303 1304 1305 
1296 1301 1302 1310 
1307 1312 
1307 1311 
817 1080 1147 1149 1318 1319 1330 
571 815 817 834 1145 1147 1148 1149 1154 1330 
1317 1320 1336 1338 1339 
1079 1320 1316 
1078 1150 1315 
1313 1330 1334 1336 
1080 1313 
1315 1316 1337 1339 
1086 1323 
1092 1324 1325 1326 1327 2361 2435 
1090 1321 1325 
1322 1326 1327 2361 2435 
1322 1323 2361 
1322 1324 1342 2435 
1091 1092 1322 1324 2363 2435 
1088 1328 
834 1154 1164 1329 
817 1313 1314 1318 1334 
1155 1156 1157 1160 1162 1166 1167 
1346 1441 1452 1453 
1160 1162 1167 1169 1346 
1318 1330 
1348 1351 
1315 1318 1338 1339 1340 
1320 1339 1337 
1315 1336 1348 
1315 1320 1336 1337 
1336 1340 
1342 1343 2441 2447 2448 2449 
1326 1341 
1341 2441 
1165 1360 
1167 1169 1264 1361 1362 
1332 1333 
1351 1360 1363 1364 
1335 1338 1363 1364 
1364 1365 
1355 1356 
855 1335 1347 1353 1357 1363 
855 1357 
855 1351 1357 
1358 1359 
1350 1358 
1350 1465 1466 1356 
855 1351 1352 1353 
1354 1355 1359 
1354 1358 2451 2461 
1165 1344 1347 
1345 1362 1361 
1345 1361 
1347 1348 1351 1368 
1347 1348 1349 1365 
1349 1364 1369 
1367 1368 1371 1385 1386 
1366 1369 1372 1373 1374 1385 1386 
1363 1366 
1365 1367 1372 1373 1374 
1383 1388 
1366 1386 
1367 1369 1373 1374 1387 
1367 1369 1372 1387 
1367 1369 1372 1387 2451 2461 
881 898 1389 1396 1397 
1377 1378 
1376 1379 1380 1382 1399 
1376 1382 1399 
1377 1380 1384 1399 1407 
1377 1379 1382 1384 1399 
1384 1400 1404 
1377 1378 1380 1400 
1370 1387 1388 1410 
1379 1380 1381 
1366 1367 
1366 1367 1371 
1372 1373 1374 1383 
1370 1383 
1187 1375 1391 1389 
1398 1412 
1177 1389 1393 1398 1391 
1394 1414 
1177 1188 1191 1391 
1204 1392 1414 
1190 1191 1416 
881 898 1375 1398 
1375 1398 1407 
1390 1391 1396 1397 1412 
1377 1378 1379 1380 1407 
1381 1382 1403 1404 
1403 1404 1511 1521 1531 1535 1542 
1404 1542 
1400 1401 1531 
1381 1400 1401 1402 1503 
903 1407 
903 904 907 1419 
1379 1397 1399 1405 
1410 1420 2485 2486 
1410 2485 2486 
1383 1408 1409 2486 
1187 1200 1412 1413 
1390 1398 1411 
1411 1424 1427 
1202 1203 1204 1392 1394 
1204 1214 1416 
1395 1415 
1428 1429 1531 1532 1533 
1428 1429 1532 1533 
903 904 916 921 1406 
1408 1421 1422 1432 1420 
1420 1432 
1420 2486 
925 1212 1213 1426 
1413 1424 
925 1426 1427 
1423 1425 1427 
1413 1425 1426 
1417 1418 1530 1531 1532 1533 1550 
1417 1418 1532 1533 
1433 1430 
1433 1436 
1420 1421 1434 1435 1436 2515 
1430 1431 1435 1436 
1432 2515 
1432 1433 1436 2515 
1431 1432 1433 1435 
1228 1239 1443 
1441 1442 1443 1452 1453 1459 
1457 1458 
1456 1457 1458 
1332 1438 1442 1443 1452 1453 1459 
1128 1129 1438 1441 1459 
1437 1438 1441 
1131 1461 1444 
1465 1466 
1089 1128 1129 
1133 1136 1137 1139 1449 1450 
1133 1450 
1139 1447 1451 1449 
1139 1447 1448 
1139 1449 1467 2524 2525 
1332 1438 1441 1454 
1332 1438 1441 1454 1459 1471 
1238 1452 1453 
1239 1240 1456 1469 
1241 1440 1455 1458 1470 
1241 1439 1440 1462 1470 
1241 1439 1440 1456 1462 
1438 1441 1442 1453 1466 1471 
1461 1472 
1444 1460 1463 1464 
1457 1458 1464 1470 1473 
1461 1470 
1461 1462 1470 
1356 1445 
1356 1445 1459 
1451 2524 2535 
1264 1488 1489 1490 1491 
1455 1472 
1456 1457 1462 1463 1464 1473 
1453 1459 1472 1488 
1460 1469 1471 
1462 1470 1473 
1475 1495 1496 
1474 1485 1487 1495 1496 
1486 1487 
1479 1477 
1480 2543 
1477 1480 
1478 1479 
1482 1483 2535 
1481 1485 2535 2544 2551 
1481 1485 1498 
1486 1487 1499 
1475 1482 1483 1487 1496 1498 1499 
1476 1484 
1475 1476 1484 1485 
1468 1471 1490 
1468 1491 
1264 1468 1488 1491 
1265 1468 1489 1490 
1266 1267 1493 1500 
1267 1492 1500 1501 1502 
1495 1505 1506 1515 
1474 1475 1494 1505 1506 1507 1515 
1474 1475 1485 1498 
2543 2549 2550 2563 
1483 1485 1496 1499 
1484 1485 1498 
1492 1493 1505 1509 
1295 1493 
1295 1493 1509 
1404 1510 1511 1512 
1510 1511 1512 
1494 1495 1500 1507 1508 1509 1515 1516 
1494 1495 1515 1516 
1495 1505 1515 1516 
1505 1516 
1500 1502 1505 
1503 1504 1512 
1401 1503 1504 1514 1521 
1503 1504 1510 1513 1514 
1512 1527 1513 
1511 1512 1527 
1494 1495 1505 1506 1507 1516 
1505 1506 1507 1508 1515 1520 
1528 1529 1517 
1528 1529 2564 
1520 1519 
1516 1519 1522 
1401 1511 1531 1535 1542 
1520 1540 
1527 2575 
2575 2576 
1527 1543 
1543 2577 2589 
1513 1514 1523 1525 
1517 1518 
1517 1518 
1428 1532 1533 1534 1535 1536 1537 1549 1550 1557 
1401 1403 1417 1428 1521 1533 1534 1535 1537 1542 
1417 1418 1428 1429 1530 1535 1550 1557 
1417 1418 1428 1429 1530 1531 1535 1536 1541 1542 1557 1558 
1530 1531 1536 1537 1538 
1401 1521 1530 1531 1532 1533 1536 1537 1542 
1530 1533 1534 1535 1538 1549 1550 1552 1557 
1530 1531 1534 1535 
1534 1536 1540 
1552 1553 1554 
1522 1538 1543 
1533 1544 1556 1557 1558 
1401 1402 1521 1531 1533 1535 
1525 1526 1540 1543 
1541 1558 2605 
2591 1545 
1547 1548 1550 1551 
1546 1547 
1546 1550 1551 
1530 1536 1551 1552 1557 1559 1560 1561 
1428 1530 1532 1536 1546 1548 1557 
1546 1548 1549 1559 1560 1561 
1536 1539 1549 1553 1554 1559 1561 
1539 1552 1555 
1539 1552 1555 1562 1554 
1553 1554 
1541 1558 
1530 1532 1533 1536 1541 1549 1550 1559 1560 1561 
1533 1541 1544 1556 
1549 1551 1552 1557 1561 
1549 1551 1557 
1549 1551 1552 1557 1559 1562 1564 
1554 1561 1564 
1564 2588 2606 1563 
1561 1562 1563 
227 229 230 1569 
230 1569 
1568 1569 1583 
1567 1569 
1565 1566 1567 1568 
1571 1573 
1570 1573 1575 
1575 1576 1739 
1570 1571 1573 
1576 1584 1585 
1571 1572 1739 1740 
1572 1574 1739 
1578 1579 1580 1581 1582 
1577 1582 1583 1592 
1577 1581 1582 
1577 1582 1588 1589 1590 
1577 1579 1582 1588 1589 1590 
1577 1578 1579 1580 1581 
1567 1578 1592 
1574 1585 1584 
1574 1584 
1653 1742 1793 1586 
1591 1592 1603 
1580 1581 1595 
1580 1581 1595 
1580 1581 
1587 1603 1604 
1578 1583 1587 1603 1592 
1670 1671 1674 
1674 1686 
1588 1589 1605 1595 
1598 1599 1600 1601 
1599 1600 1601 
1596 1600 1601 1740 
1596 1597 1606 1607 
1596 1597 1598 1601 
1596 1597 1598 1600 
1604 1612 
1587 1591 1592 
1591 1602 1612 
1595 1607 1605 
1599 1606 
1599 1605 
1617 1608 
1610 1625 
1609 1626 
271 1612 1615 
1602 1604 1611 1614 1615 
1615 1616 1618 1629 1630 1712 
1612 1616 1628 1629 
1611 1612 1613 1628 
1613 1614 1619 1629 
1608 1619 1620 1629 
1613 1620 1622 1630 
1616 1617 1620 1629 
1617 1618 1619 1622 1623 
1623 1747 1753 
1618 1620 1630 1689 1698 1716 
1620 1621 1716 1753 1754 
1626 1627 
284 1609 1626 1627 1625 
284 1610 1624 1625 
1624 1625 1627 
1614 1615 
1613 1614 1616 1617 1619 
1613 1618 1622 1631 1712 
1630 1716 1833 1631 
1641 1644 1645 
1644 1645 1727 
689 1864 
1640 1864 
691 693 1638 1865 1636 
691 1639 
691 1636 1866 1638 
1637 1729 
1635 1640 
1632 1642 1643 1644 1645 
1641 1643 1644 1645 1646 1867 
1641 1642 1645 1646 1867 
1632 1633 1641 1642 1646 
1632 1633 1641 1642 1643 
1642 1643 1644 1867 
1649 1655 1647 
1652 1655 1656 1658 1659 1660 1661 
1647 1655 1656 
1658 1661 
1658 1661 
1648 1654 1656 1658 1659 1660 1661 1662 1663 
1586 1664 1793 1653 
1652 1663 
1647 1648 1649 1656 1657 
1648 1649 1652 1655 1658 1659 1661 1662 
1655 1673 1675 
1648 1650 1651 1652 1656 1660 1661 
1648 1652 1656 1662 1663 
1648 1652 1658 1662 1668 1675 
1648 1650 1651 1652 1656 1658 
1652 1656 1659 1660 1669 
1652 1654 1659 1669 
1653 1666 1667 1793 1795 1798 
1667 1668 1681 1682 1798 1802 
1664 1668 1795 1798 
1664 1665 1668 1795 1798 
1660 1665 1666 1667 1681 1682 
1662 1663 1678 
263 1593 
1593 1674 
356 368 1683 
1657 1676 
1593 1594 1671 1685 1687 
1657 1660 1675 
1673 1679 
1681 1682 1677 
1669 1679 1680 1682 
1676 1678 
1678 1693 2335 
1665 1668 1677 1682 
1665 1668 1677 1678 1681 
368 1672 1684 1695 
368 1683 
1674 1686 1687 1688 
1594 1685 1688 1689 
1674 1685 
1685 1686 1689 
1622 1686 1688 1698 1753 
1691 1692 1812 
1690 1811 1812 1813 
1690 1811 1812 
1680 2335 2336 
1695 1696 1704 
368 1683 1694 
1694 1704 
1705 1709 1713 1714 
1622 1689 1716 
1702 1713 1821 
1717 1820 1821 
1703 1718 1822 1824 
1699 1703 1713 1718 1720 1822 1824 
1701 1702 
1694 1696 
1697 1707 1708 1709 1710 1711 1714 1715 
1708 1709 
1705 1709 1710 1714 
1705 1706 1710 1723 
1697 1705 1706 1707 1710 1714 1715 
1705 1707 1708 1709 1715 
1705 1723 1711 
1613 1630 1727 
1697 1699 1702 1714 1718 1720 
1697 1705 1707 1709 1713 
1705 1709 1710 
1622 1623 1631 1698 1820 1833 
1700 1719 1821 1822 1834 1835 
1701 1702 1713 1720 1721 
1717 1728 1834 
1702 1713 1718 1721 1720 
1718 1720 1836 
1724 1725 1730 2360 
1708 1711 1725 
1722 1730 
1722 1723 
1727 1731 
1633 1712 1726 
1719 1834 
1639 1986 
1722 1724 1732 
1726 1734 1735 1736 
1730 1732 
1736 1990 
1731 1736 1990 
1731 1737 1988 1990 1991 1995 
1731 1733 1734 
1735 1995 1737 
1850 1995 
1572 1575 1576 1741 
1575 1598 
1739 1743 
1586 1745 1797 
1741 1744 
1743 1746 1744 
1742 1797 1800 1803 
1744 1800 1803 
1621 1753 1754 1747 
1755 1748 
1751 1809 
1831 1750 
1749 1809 
1760 1761 1763 1752 
1621 1623 1689 1747 1820 1833 
1623 1747 
1748 1756 
1755 1757 1763 1766 
1756 1758 1768 1769 1770 1773 
1757 1773 1826 1828 
1774 1759 
1752 1761 
1752 1760 
1766 1778 
1752 1756 1766 1763 
1769 1825 1833 1837 
1767 1779 
1756 1762 1763 1778 
1765 1779 
1757 1770 1771 1773 
1757 1764 1825 1833 1837 
1757 1768 1772 
1768 1772 
1770 1771 1775 
1757 1758 1768 1825 1826 1828 1830 
1759 1775 
1772 1774 1775 
1777 1779 1780 1782 1786 1787 
1776 1782 
1762 1766 
1765 1767 1776 
1776 1786 1787 1788 
1784 1790 
1776 1777 
1785 1789 1790 2111 
1781 1789 1790 
1783 1847 2111 
1776 1780 1787 2115 
1776 1780 1786 2115 
1780 1789 
1783 1784 1788 1790 
1781 1783 1784 1789 
1863 2127 
2129 2130 
1586 1653 1664 
1796 1798 1794 
1664 1666 1667 1798 
1794 1798 
1742 1745 1799 1800 1802 1803 
1664 1665 1666 1667 1794 1795 1796 
1797 1801 1803 1804 1805 1806 
1745 1746 1797 1803 
1799 1804 1805 1806 
1665 1797 
1745 1746 1797 1799 1800 
1799 1801 1806 1807 
1799 1801 1807 1810 
1799 1801 1804 1810 
1804 1805 1808 1810 1814 
1807 1810 1814 1817 
1749 1751 1814 1817 
1805 1806 1807 1808 1814 
1691 1692 1813 1811 
1690 1691 1692 1821 1822 
1691 1811 1823 1813 
1807 1808 1809 1810 1818 
1818 1819 1827 1832 
2393 1816 
1808 1809 
1814 1815 1827 1831 1832 
1815 1819 
1700 1716 1753 1833 
1699 1700 1717 1812 1822 1835 
1701 1702 1717 1812 1821 1824 1835 
1813 1824 
1701 1702 1822 1823 1836 
1764 1769 1773 1828 1837 
1758 1773 1828 1829 1830 
1815 1818 1829 1830 1832 
1758 1773 1825 1826 1830 
1826 1827 1832 
1773 1826 1827 1828 
1750 1818 1832 
1815 1818 1827 1829 1831 
1631 1716 1753 1764 1769 1820 1837 
1717 1719 1728 1835 
1717 1821 1822 1834 
1721 1824 2403 
1764 1769 1825 1833 
1839 1838 
1838 1843 
1848 1850 1855 1857 
1852 1859 2413 2414 
1843 1861 
1839 1842 
1846 2418 
1846 1845 
1844 1845 
1785 2233 
1840 1850 1853 
1854 1855 2235 
1738 1840 1848 1855 
1853 2235 
1841 1859 
1848 1851 2235 2236 2237 
1849 1855 1857 1860 1862 2240 
1840 1849 1850 1854 1857 
1858 1859 
1840 1854 1855 1862 
1856 2237 2421 
1841 1852 1856 2413 2421 
1854 1862 2238 2239 2240 2241 
1842 1862 2239 2240 
1854 1857 1860 1861 2239 2240 
1791 2243 2244 
689 1634 1635 
688 690 691 692 693 714 715 1636 
691 693 1638 1866 
1642 1643 1646 1870 
1870 1880 
1870 1871 
1867 1868 1869 
1869 1886 
1874 1875 1876 1893 
1875 1893 
689 713 1872 1876 
1872 1873 1876 1893 
1872 1874 1875 1893 1876 
1879 1894 1899 
1879 1899 1905 
1877 1878 1882 1894 1899 1906 
1868 1882 
1885 1901 1902 2006 2024 
1879 1880 1901 1902 2006 
1885 1886 1910 2012 2029 2132 2133 2151 2247 2265 2266 
1886 1907 1909 1910 2029 2132 2133 2151 
1881 1883 2006 2012 2029 2133 
1871 1883 1884 2112 2132 2133 
1889 1890 1891 1911 
717 742 1911 
1887 1890 1891 
1887 1889 
758 1887 1889 
1896 1915 
1872 1873 1875 1876 
1877 1879 1899 1900 
1897 1898 1919 
1892 1915 
1895 1904 1905 1919 
1895 1905 
1877 1878 1879 1894 1916 
1894 1913 1916 
1881 1882 2006 2023 2024 
1881 1882 1917 2023 2024 
1904 1918 1919 1920 2160 2161 
1897 1903 1916 1918 1919 1920 
1878 1897 1898 
1879 1908 1909 1921 2150 
1884 1909 1910 1921 1924 2150 2151 2162 
1906 1909 1910 1921 1922 1924 2150 2151 2162 2164 
1884 1906 1907 1908 1917 1921 
1883 1884 1907 1908 1924 2151 2162 
757 1887 1888 1912 
757 1911 1914 1926 
1900 1916 1913 
1912 1926 
1892 1896 1916 
1899 1900 1904 1913 1915 1919 
1902 1909 1921 
1903 1904 1920 1923 1931 1933 2161 
1895 1897 1903 1904 1916 2161 
1903 1904 1918 1923 1931 1933 2160 2161 
1906 1907 1908 1909 1917 1923 1924 2150 2164 
1908 1924 2150 2162 2164 
1918 1920 1921 2150 
1907 1908 1910 1921 1922 2150 2151 2162 2164 
1937 1939 
1912 1914 
1928 1930 
1927 1943 1944 
1934 1949 1953 
1927 1931 1933 1952 2174 
1918 1920 1930 1933 2161 2174 
1934 1952 
1918 1920 1930 1931 2174 
1929 1932 
2175 2176 2177 2188 
771 772 778 1938 
779 1925 1939 
778 779 1936 
779 1925 1937 1954 1955 
1941 1944 1946 1958 1963 
1940 1945 1946 
1957 2093 
1928 1943 
1928 1940 1958 1963 
1941 1947 1949 1951 1953 1965 1966 
1940 1941 1960 1963 1965 1966 
1945 1951 1952 1961 1965 1968 
1953 1967 1969 
1929 1945 1953 1949 
2073 2076 2093 
1945 1947 1965 1968 
1930 1932 1947 
1929 1945 1948 1949 
1939 1973 
780 791 792 1939 
794 808 1975 1976 
1942 1957 
1940 1944 1962 1963 1964 1958 
1962 1963 1964 1977 1981 1982 
1946 1965 1966 
1947 1963 1964 1968 
1958 1959 1964 1981 1982 
1940 1944 1946 1958 1959 1961 
1958 1959 1961 1962 1981 1982 1983 
1945 1946 1947 1951 1960 
1945 1946 1960 
1948 1969 2093 
1947 1951 1961 
1948 1967 2222 
1972 1974 1977 1978 1979 
1977 1978 1979 
1970 1974 1977 1978 1979 1972 
792 805 806 1954 
806 1970 1972 1979 
807 808 1956 1980 
808 1956 1980 
1959 1970 1971 1972 1979 
1970 1971 1972 1979 
1970 1971 1972 1974 1977 1978 
1975 1976 1980 
1959 1962 1964 1983 
1959 1962 1964 1983 
1964 1981 1982 1984 
1983 1984 
829 831 
1729 1986 
1989 1990 2003 
1735 1989 1990 1991 2003 
1987 1988 1991 2003 2004 
1733 1734 1735 1987 1988 1991 
1735 1988 1989 1990 1995 2003 
2011 2013 2436 
2009 2011 2013 
2233 2234 
1735 1737 1738 1991 
2011 2014 2236 
2014 2236 
827 841 
826 827 841 842 
843 2001 2015 2016 2018 
2000 2018 
845 2002 
1987 1988 1989 1991 
1989 2007 2008 2020 2021 2025 2026 
2007 2020 2021 2025 
1881 1882 1885 1901 2024 
2004 2005 2008 
2004 2007 2012 2025 
1993 2013 2009 
2028 2436 2444 
1992 1993 1996 2013 2014 2436 
1883 1885 2008 2029 2265 2266 
1992 1993 2009 2011 
1996 1997 2011 
2000 2017 2018 2035 
2000 2018 2035 
2015 2031 2032 2035 2039 
857 2000 2001 2015 2016 
857 859 860 
2004 2005 2026 
2004 2005 2026 2038 2039 
2040 2041 
1901 1902 
1881 1901 1902 2006 2029 
2004 2005 2008 
2004 2020 2021 2027 2043 2045 
2026 2043 2044 2045 2046 
2010 2444 
1883 1884 1885 2012 2024 
889 2031 2032 2051 
2017 2030 2037 2039 2051 2052 
2017 2030 2037 2038 2039 2051 2052 
2053 2033 
857 860 
857 2015 2016 2017 
2037 2038 2039 2042 2054 
2031 2032 2036 2039 2042 2054 
2021 2032 2036 
2017 2021 2031 2032 2036 2037 
2022 2046 2466 
2022 2459 
2036 2037 2044 2054 
2026 2027 2044 2045 2048 2058 2059 2061 2062 
2027 2042 2043 2048 2061 2062 
2026 2027 2043 2046 2059 2062 
2027 2040 2045 2049 2466 
2049 2457 2466 
2043 2044 2061 2048 
2046 2047 2064 2466 
2456 2457 2653 
888 889 890 2030 2031 2032 
890 2031 2032 2052 
892 2033 
2036 2037 2042 
2060 2063 2071 2072 2080 
2063 2071 2072 2484 
2073 2074 2075 2076 2078 
2043 2060 2061 2062 2078 2079 
2043 2045 2060 2062 2078 
2055 2058 2059 2062 2079 2080 
2043 2044 2048 2058 
2043 2044 2045 2058 2059 2060 
2055 2056 2477 
2049 2080 2477 
2066 2176 2274 2290 2065 
2065 2081 2082 2290 
2081 2290 
917 2084 2086 
920 2070 2071 2087 2089 2484 2500 
2069 2072 2089 2484 2487 2500 2501 
2055 2056 2069 2089 2484 
2055 2056 2070 2080 2484 
1950 2057 2075 2076 
2057 2076 2077 2093 
2057 2073 2077 2078 
1950 2057 2073 2074 2077 2093 
2074 2075 2076 2094 2100 2102 
2057 2058 2059 2075 2079 
2058 2060 2078 2080 
2055 2060 2064 2072 2079 
2066 2067 2082 2099 2100 
2066 2081 2099 2100 
2084 2085 2090 2105 
917 2068 2083 2090 2105 2106 2107 
2083 2090 2105 2107 
919 2068 2091 2092 
908 920 2069 2089 2500 
2091 2092 
2069 2070 2071 2087 2092 2487 2500 2501 
2083 2084 2085 2105 
2086 2088 2092 2107 
2086 2088 2089 2091 2095 
1942 1950 1967 2074 2076 
2077 2101 2094 
2092 2098 2501 2516 
2098 2103 2104 2490 
2103 2104 2109 2110 
2095 2096 2103 2104 2109 2490 2504 
2081 2082 2102 2301 2316 
2077 2081 2082 2102 
2094 2317 
2077 2099 2100 2317 
2096 2097 2098 2490 2504 
2096 2097 2098 2304 2104 
2083 2084 2085 2090 2106 2107 2108 
2084 2105 
2084 2085 2091 2105 
2105 2108 
2097 2098 2110 
2097 2109 
1783 1785 2111 
1886 2117 2132 2133 2134 2247 2248 
2116 2117 2132 2133 
2131 2135 2114 
1786 1787 
2113 2118 2127 
2112 2113 
2116 2126 2127 2137 2138 2145 
2139 2119 
2122 2123 2124 2125 2128 2129 2130 2142 2148 
2123 2124 2125 
2120 2124 2125 2129 
2120 2121 2125 2128 2142 
2120 2121 2122 
2120 2121 2122 2123 2142 2144 
2118 2129 2146 2147 
1791 2116 2118 
2120 2123 2130 2148 
1792 2120 2122 2126 2146 
1792 2120 2128 2148 
2114 2131 
1883 1884 1886 2112 2113 2134 2247 2248 
1883 1884 1885 1886 2112 2113 2247 2248 
2112 2132 2136 2138 
2114 2139 2140 2152 
2134 2137 2138 
2118 2136 2144 2145 2147 
2118 2134 2136 2143 2144 2147 
2119 2135 2140 2139 
2135 2139 2142 2148 
2143 2148 
2120 2123 2125 2140 2143 
2138 2141 2142 2155 
2125 2137 2138 2147 2155 
2118 2137 2147 2250 2254 2268 
2126 2129 2260 
2126 2137 2138 2144 2145 
2120 2128 2130 2140 2141 2148 
2152 2166 
1906 1907 1908 1921 1922 1923 1924 2164 2150 
1883 1884 1907 1908 1910 1924 2162 2164 2266 2273 
2135 2149 2166 
2273 2276 2281 
2165 2167 2168 
2143 2144 
2157 2158 2169 2170 2171 
2156 2173 
2156 2173 2158 
2166 2174 
1903 1920 2166 
1903 1918 1919 1920 1931 
1907 1908 1910 1922 1924 2151 2164 2273 
2175 2177 2163 
1908 1921 1922 1924 2150 2151 2162 
2154 2167 2168 2180 2165 
2149 2152 2159 2160 2167 
2154 2165 2166 2168 2180 
2154 2165 2167 2180 
2156 2170 2171 
2156 2169 2172 2173 2185 
2156 2169 2173 
2170 2181 2182 2185 2186 
2157 2158 2170 2171 
1930 1931 1933 2159 2174 
1935 2163 2177 2179 2188 2192 
1935 2065 2188 
1935 2163 2175 2192 
2179 2190 
2175 2178 2190 2192 2305 
2165 2167 2168 
2172 2183 2185 2186 2198 2199 2200 
2172 2185 2186 2198 2199 2200 
2181 2186 2198 2199 2200 
2193 2194 2197 2202 2203 
2170 2172 2181 2182 2198 
2172 2181 2182 2183 2187 2205 
2186 2297 2299 
1935 2175 2176 2192 2301 2302 
2195 2208 2209 
2178 2179 2192 
2210 2211 2302 2305 
2175 2177 2179 2188 2190 2302 2305 
2184 2196 2197 2202 
2184 2196 2197 2202 
2189 2197 2212 
2193 2194 2202 2204 
2184 2193 2194 2195 2202 
2181 2182 2183 2185 2199 2200 2203 2204 
2181 2182 2183 2198 
2181 2182 2183 2198 2201 2213 2215 
2200 2216 
2184 2193 2194 2196 2197 2203 
2184 2198 2202 
2196 2198 2218 2219 2220 
2186 2220 2205 
2207 2222 
2206 2222 
2189 2212 2215 
2189 2212 2215 
2191 2320 
2191 2319 2320 
2195 2208 2209 
2200 2215 
2226 2232 
2200 2208 2209 2213 
2201 2309 2327 
2219 2217 
2204 2220 2229 
2204 2217 2220 2225 2229 
2204 2205 2218 2219 
2226 2231 2232 2327 
1969 2206 2207 
2224 2223 
2223 2228 
2219 2228 
2214 2221 2230 2231 2232 
2231 2232 2227 
2224 2225 2228 
2218 2219 
2226 2231 2232 
2221 2226 2227 2230 
2214 2221 2226 2227 2230 
1847 1994 
1994 2249 2253 
1849 1851 1853 2237 
1853 1996 1997 
1853 1858 2235 2421 
1860 2239 2240 2241 
1860 1861 1862 2238 2241 
1854 1860 1861 1862 2238 
1860 2238 2239 2242 2257 
2241 2244 2245 2257 2260 
1863 2245 2243 
1863 2242 
2242 2243 
2264 2628 
1883 2112 2132 2133 2265 2266 
2112 2132 2133 2265 2266 
2234 2251 2252 2253 
2145 2258 2267 2268 
2249 2253 
2249 2258 2259 
2234 2249 2251 
2145 2255 2257 2258 2260 2262 2267 2268 
2254 2257 2258 2259 2260 2261 2262 2267 2268 2269 2270 2271 
2258 2259 2261 2262 2269 2270 2271 
2241 2242 2254 2255 2260 2262 
2250 2252 2254 2255 2256 2262 2267 2268 2269 
2252 2255 2256 2262 2267 2268 2269 2270 
2146 2242 2254 2255 2257 2262 2267 2268 
2255 2256 2271 
2254 2255 2256 2257 2258 2259 2260 2267 2268 2269 2271 
2264 2272 2638 2263 
2246 2263 
1883 2012 2247 2248 
1883 2012 2151 2247 2248 
2250 2254 2255 2258 2259 2260 2262 2269 2282 
2145 2250 2254 2255 2258 2259 2260 2262 2269 2282 
2255 2256 2258 2259 2262 2267 2268 2278 2282 2283 
2255 2256 2259 2271 2278 
2255 2256 2261 2262 2270 
2263 2638 2272 
2151 2153 2162 2276 
2065 2290 
2279 2280 
2153 2273 2281 
2278 2281 2283 
2269 2270 2277 2282 2283 2284 2285 
2275 2280 
2275 2279 2293 
2153 2276 2277 2283 
2267 2268 2269 2278 
2269 2277 2278 2281 2284 2294 
2278 2283 2285 2289 2294 2284 
2278 2284 
2288 2297 2298 2299 2286 
2288 2289 2298 
2286 2287 2289 2297 2298 
2284 2287 2288 
2065 2066 2067 2274 2290 
2292 2662 2667 2678 2291 
2291 2667 2668 2678 
2280 2667 
2283 2284 2298 2300 
2313 2314 2315 
2311 2313 2314 2296 
2187 2286 2288 2299 
2286 2287 2288 2294 2300 
2187 2286 2297 2300 2307 2308 
2294 2298 2299 2307 2308 2310 2311 2312 
2099 2188 2316 
2188 2191 2192 2305 2320 
2306 2318 
2104 2493 2678 
2179 2191 2192 2302 
2303 2323 2306 
2299 2300 2309 2310 
2299 2300 2310 2308 
2216 2307 2327 
2300 2307 2308 2311 2312 
2296 2300 2310 2312 2314 
2300 2310 2311 
2295 2296 2315 
2295 2296 2311 2315 
2295 2313 2314 
2099 2301 2318 2320 2321 2322 
2101 2102 2329 2330 
2303 2316 2321 2322 
2211 2319 
2210 2211 2302 2316 
2316 2318 2322 
2316 2318 2321 2331 
2306 2324 2323 
2323 2324 
2328 2332 2333 2334 2325 
2696 2326 
2216 2221 2309 
2325 2328 
2317 2330 
2317 2329 
2322 2332 
2325 2331 2333 2332 
2325 2332 2333 
2325 2334 
1680 1693 
1693 2385 
2341 2385 2386 
2339 2340 2349 
2338 2340 2349 
2338 2339 2348 2349 
2337 2341 
2343 2347 2354 
2342 2353 2354 2343 
1072 2344 
2346 2352 
2345 2352 
2342 2348 2351 
2340 2347 2350 2351 
2338 2339 2340 2352 
2348 2352 2353 2354 
2347 2348 2353 2354 2357 2351 
2345 2346 2349 2350 
2343 2350 2351 
2342 2343 2350 2351 
2363 2365 
2357 2356 
2351 2356 2358 2359 
2357 2367 2404 2411 
2357 2359 
1090 1722 2362 
1322 1324 1325 2362 
2360 2361 
1327 2355 
2365 2374 
2355 2364 2374 
2437 2533 
2358 2367 
1125 1127 
2371 2372 2373 2431 
2372 2373 
2369 2372 2373 2431 
2369 2370 2371 2434 
2369 2370 2371 
2364 2365 
2524 2525 2526 2529 2530 2531 
2377 2381 2382 2383 
2376 2382 
2380 2389 2390 
2383 2394 2379 
2378 2383 2390 2395 2396 
2376 2382 2396 
2376 2377 2381 
2376 2379 2380 2395 
2386 2387 2388 2392 
2336 2337 2385 
2337 2384 2388 
2384 2391 2392 
2384 2386 2392 
2378 2390 2394 2399 
2378 2380 2389 2394 2395 2396 
2387 2396 
2384 2387 2388 2400 
1816 2399 
2379 2389 2390 2395 2397 
2380 2383 2390 2394 2396 2397 
2380 2381 2390 2391 2395 
2394 2395 2402 
2400 2401 2408 2409 
2389 2393 
2392 2398 2401 
2398 2400 2409 2401 
2397 2410 
1836 2403 
2358 2407 
2407 2408 2409 2417 
2408 2409 2417 
2404 2405 2408 
2398 2405 2406 2407 2409 
2398 2401 2405 2406 2408 
2402 2410 
2358 2422 2411 
2420 2431 
1841 1859 2418 2413 
1841 2415 2418 
2414 2422 
2417 2420 
2405 2406 2416 
1844 2413 2414 2423 
2430 2419 
2412 2416 
1858 1859 2237 
2411 2415 
2418 2430 
2425 2426 2621 2625 2633 
2424 2432 2633 
2424 2432 2633 
2429 2627 2628 
2627 2628 
2427 2429 
2419 2423 
2369 2371 2412 
2425 2426 
2434 2433 
2372 2433 
1322 1324 1326 1327 
1992 2010 2011 2444 
2366 2443 2445 2533 
2439 2440 2438 
2438 2615 
2438 2445 
1341 1343 2449 
2450 2453 
2437 2445 
2010 2028 2436 
2437 2440 2443 2533 
2458 2542 2548 2642 2643 
1341 2449 2459 
1341 2449 2459 
1341 2441 2447 2448 
2442 2452 2453 
1359 1374 2461 
2450 2461 2463 
2442 2450 2454 2453 
2453 2455 
2454 2455 
2050 2653 
2047 2050 
2446 2642 2643 
2041 2447 2448 
2470 2475 
1359 1374 2451 2452 
2463 2475 
2452 2462 
2465 2476 
2464 2474 2476 2550 2566 
2040 2046 2047 2049 
2468 2654 2663 2664 
2467 2483 2654 
2479 2482 2483 2560 
2460 2475 2484 
2472 2471 
2471 2473 2486 2472 
2472 2474 2476 2486 
2465 2473 2476 2549 2550 
2460 2462 2470 
2464 2465 2473 2474 2478 2488 
2063 2064 2480 2481 
2476 2488 2492 
2469 2479 
2477 2493 2661 
2477 2493 
2469 2499 2560 
2468 2469 2499 2560 2684 
2056 2069 2070 2071 2072 2470 2487 
1408 1409 
1408 1409 1410 1422 2472 2473 
2070 2089 2484 2500 2501 
2476 2478 
2504 2505 2506 
2096 2098 2103 2493 2504 
2494 2497 2498 2509 
2478 2497 2498 2509 
2304 2480 2481 2490 
2491 2496 2497 2498 2512 2683 
2512 2514 2682 2683 2684 
2494 2512 2682 2683 
2491 2492 2494 
2491 2492 2494 2499 
2482 2483 2498 2684 
920 2069 2070 2087 2089 2487 2501 
2070 2089 2095 2487 2500 2516 
2506 2518 
2506 2517 2518 
2098 2103 2489 2490 
2489 2506 2517 2519 
2489 2502 2503 2505 2517 2519 
2600 2601 2608 
2513 2520 2521 2600 
2491 2492 2513 2514 
2512 2690 2708 
2513 2514 2521 2523 
2494 2495 2496 2510 2690 
2508 2509 2511 2521 
2495 2509 2511 
1432 1434 1435 
2095 2501 
2503 2505 2506 2518 2519 2517 
2502 2503 2517 2520 
2505 2506 2517 2522 
2508 2518 2521 
2508 2511 2513 2520 
2519 2708 2522 
2511 2709 
1451 1467 2375 2526 2529 
1451 2375 2526 2529 2531 
2375 2524 2525 2529 2530 2531 
2528 2529 2538 
2527 2530 2538 
2375 2524 2525 2526 2527 
2375 2526 2528 2531 
2375 2525 2526 2530 
2534 2536 2539 2540 
2366 2437 2445 2534 2536 2539 
2532 2533 
1467 1481 1482 2544 
2532 2533 2540 2545 
2540 2545 
2527 2528 
2532 2533 2541 2542 
2532 2536 2537 2545 
2539 2718 
2446 2539 2548 
1478 1497 2549 2550 
1482 2535 2547 2551 
2536 2537 2540 2546 
2545 2552 2553 2554 2556 
2544 2547 
2446 2542 2642 
1497 2474 2543 2549 
1497 2465 2474 2543 
1482 2544 2555 2558 
2546 2554 2556 2559 
2546 2555 2556 2559 2563 2567 
2546 2552 2556 
2551 2553 2557 2558 2562 2563 2569 
2546 2552 2553 2554 2559 
2555 2568 2569 2557 
2551 2555 2562 2564 2569 
2552 2553 2556 2566 2570 2571 
2469 2482 2483 2572 2655 2743 
2571 2574 2561 
2555 2558 
1497 2553 2555 2567 
1518 2558 2578 2579 2580 2581 2564 
2567 2570 2582 2583 
2465 2559 2567 2570 
2553 2563 2565 2566 2583 
2557 2569 
2555 2557 2558 2568 
2559 2565 2566 2571 
2559 2561 2570 2573 2571 
2560 2573 2574 
2571 2572 2757 
2561 2572 
1523 1524 2576 
1524 2575 2582 2583 2584 
1526 2589 
2564 2586 2578 
2564 2581 2591 
2564 2581 2591 
2564 2579 2580 
2565 2576 2584 
2565 2567 2576 2585 
2576 2582 2585 2595 
2583 2584 2596 2599 
2578 2590 2597 2598 
2595 2605 
1563 2605 2606 2588 
1526 2577 2605 
2586 2597 2598 
1545 2579 2580 
2594 2598 2607 
2598 2607 
2592 2598 2607 
2584 2587 2596 
2585 2595 2609 
2586 2590 
2586 2590 2592 2593 2594 2602 2603 
2585 2601 2604 2599 
2507 2508 2608 2600 
2507 2599 2608 
2598 2603 2602 
2598 2602 
2599 2775 
1544 2587 2588 2589 2606 
1563 2588 2605 2606 
2592 2593 2594 
2507 2600 2601 
2596 2610 2609 
2609 2613 
2775 2783 2611 
2613 2614 
2610 2612 2613 
2612 2614 
2439 2717 2718 2726 
2617 2620 2634 2635 
2616 2620 2635 2639 
2620 2622 2623 2624 2635 
2623 2624 2619 
2616 2617 2618 2635 
2424 2623 2624 2625 2626 2633 
2618 2624 2625 2630 2631 2632 2637 
2618 2619 2621 2632 2637 
2618 2619 2621 2622 
2424 2621 2622 2630 2631 2632 2633 
2621 2633 
2427 2428 
2246 2427 2428 2629 
2628 2639 2640 2641 
2622 2625 2631 2632 2633 
2622 2625 2630 
2622 2623 2625 2630 2637 
2424 2425 2426 2621 2625 2626 2630 
2616 2644 2634 
2616 2617 2618 2620 2641 2646 2647 
2640 2641 2646 2647 2649 2650 2651 
2622 2623 2632 2648 
2263 2272 
2617 2629 
2629 2636 2647 2650 
2629 2635 2636 
2446 2458 2548 2655 2743 2744 
2446 2458 2655 
2634 2646 
2648 2657 
2635 2636 2644 
2635 2636 2640 2651 
2637 2645 2652 2660 
2636 2651 2652 2660 
2636 2640 
2636 2647 2649 2652 2660 
2648 2649 2651 2660 
2050 2456 2661 2662 
2467 2468 2663 2664 
2560 2642 2643 2743 2744 
2659 2673 
2645 2746 
2666 2673 2751 
2656 2666 2673 
2648 2649 2651 2652 
2480 2653 
2291 2653 2667 2668 
2467 2654 2665 2669 2670 2683 
2467 2654 
2663 2669 2670 2671 2683 2686 
2658 2659 2673 2751 
2291 2292 2293 2662 
2292 2662 2678 2685 
2663 2665 2670 2686 2669 
2663 2665 2669 2686 
2665 2672 2673 2674 2686 
2671 2674 
2656 2658 2659 2666 2671 2751 
2671 2672 
2687 2675 
2677 2747 2748 2753 
2676 2752 2753 
2291 2292 2304 2668 
2680 2681 2685 2689 
2679 2685 2686 2690 2694 
2679 2685 2689 2690 
2495 2496 2684 
2494 2495 2496 2663 2665 
2483 2495 2499 2682 2750 
2668 2679 2680 2681 2686 
2665 2669 2670 2671 2680 2685 
2675 2702 2703 
2703 2704 2706 
2679 2681 2690 
2510 2512 2680 2681 2689 2694 
2695 2709 2713 
2693 2696 2697 2711 2712 2715 
2692 2698 2712 
2680 2690 
2691 2713 
2326 2692 
2692 2714 2715 
2693 2699 2700 
2698 2703 2704 
2698 2704 
2703 2701 
2687 2703 
2687 2688 2699 2701 2702 2706 
2688 2699 2700 2705 2706 
2704 2716 
2688 2703 2704 2716 
2708 2710 2711 2712 
2510 2522 2707 
2523 2691 2713 
2707 2712 
2692 2707 2712 
2692 2693 2707 2710 2711 2715 
2691 2695 2709 
2697 2715 
2692 2697 2712 2714 
2705 2706 
2615 2726 
2541 2615 
2728 2729 
2722 2723 2724 2725 2731 2732 2733 
2724 2735 2721 
2720 2723 2724 2731 2732 2733 
2720 2722 2725 2732 
2720 2721 2722 2725 
2720 2723 2724 
2615 2717 2728 2729 
2729 2730 2737 
2719 2726 2729 
2719 2726 2727 2728 2731 
2727 2734 2735 2736 
2720 2722 2729 2733 
2720 2722 2723 
2720 2722 2731 2739 
2730 2736 2742 
2721 2730 
2730 2734 
2727 2744 2745 2737 
2742 2745 2746 
2733 2741 
2742 2745 
2739 2741 
2734 2738 2740 2745 
2560 2642 2655 
2642 2655 2737 
2737 2738 2740 2742 
2657 2738 2747 2746 
2676 2746 2753 
2676 2749 2752 2753 
2748 2752 2753 2755 
2684 2751 2762 
2658 2666 2673 2750 2761 
2677 2748 2749 2755 2756 2766 2767 2770 2773 2774 
2676 2677 2747 2748 2749 
2756 2769 2770 2771 2772 2774 
2749 2752 2772 
2752 2754 2766 2767 2768 2769 2770 2771 2772 2773 2774 
2573 2759 2760 
2760 2776 2777 2779 
2757 2761 2777 
2757 2758 2761 2777 2760 
2751 2759 2760 2765 2777 
2750 2777 
2765 2777 2780 
2780 2781 
2761 2763 2770 
2752 2756 2768 2769 2770 2771 2772 2773 2774 
2752 2756 2768 2769 2770 2771 2772 2773 2774 
2756 2766 2767 2771 2772 2773 2774 
2754 2756 2766 2767 2771 2772 2773 2774 
2752 2754 2756 2765 2766 2767 2773 2774 
2754 2756 2766 2767 2768 2769 2773 2774 
2754 2755 2756 2766 2767 2768 2769 2774 
2752 2756 2766 2767 2768 2769 2770 2771 
2752 2754 2756 2766 2767 2768 2769 2770 2771 2772 
2604 2611 2782 2783 
2758 2777 2778 2779 2780 
2758 2759 2760 2761 2762 2763 2776 
2776 2782 2783 2784 2785 
2758 2776 2780 2781 
2763 2764 2776 2779 
2764 2779 
2775 2778 2783 2782 
2611 2775 2778 2782 
2778 2787 
2778 2787 2788 
2788 2789 2790 2786 
2784 2785 
2785 2786 2791 
2786 2790 
2786 2789 2791 2792 
2788 2790 
2790 2792 

