56 354
2 3 4 5 6 7 8 9 10 11 12 13 14 15 16 18 19 20 21 22 23 24 25 26 27 28 29 30 31 32 
1 3 7 10 18 
1 2 7 10 18 
1 5 9 15 31 
1 4 9 16 32 
38 39 41 42 43 46 47 48 49 50 51 1 17 34 35 36 6 
1 2 3 10 18 
1 24 25 27 
1 4 16 
1 2 3 7 18 19 
1 12 19 20 21 22 23 
1 11 20 21 22 
1 14 29 30 
1 30 31 
1 4 
5 9 32 33 
41 42 46 47 48 49 6 34 35 36 
1 2 3 7 10 
10 11 20 
1 11 12 19 22 
1 11 12 20 22 23 
1 11 12 20 21 23 
1 11 12 21 22 
1 8 
1 8 24 26 27 
1 8 25 27 
1 8 25 26 
1 29 
1 13 28 30 
1 13 14 29 
1 4 14 
1 5 16 33 
16 32 
6 17 36 
6 17 36 
46 47 48 49 50 6 17 34 35 
40 44 45 52 53 54 
39 41 42 43 46 47 48 49 50 51 17 35 36 
38 41 42 43 46 47 48 49 50 51 17 36 
37 45 53 54 55 56 
38 39 42 43 46 47 48 49 50 51 17 36 
38 39 41 43 46 47 48 49 50 51 17 36 
38 39 41 42 47 48 49 50 51 52 
37 45 53 
37 40 44 54 55 
38 39 41 42 48 49 50 36 
38 39 41 42 43 46 48 49 50 51 36 
38 39 41 42 43 46 47 49 50 51 36 
38 39 42 43 46 47 48 50 51 36 
38 39 41 42 43 46 47 48 49 51 36 
38 39 41 42 43 47 48 49 50 
37 43 
37 40 44 45 
37 40 45 55 
40 45 54 56 
40 55 

