76 491
4 5 6 10 11 30 39 73 74 75 
3 8 9 13 14 2 
2 7 8 13 
1 5 6 11 
1 6 10 11 
1 4 5 7 11 12 
2 3 6 12 13 
2 3 14 
2 14 9 
1 4 5 
1 4 5 6 12 
6 7 11 
3 7 
2 8 
16 17 19 20 21 22 23 24 25 35 36 46 47 48 49 50 51 52 53 54 55 56 57 58 
15 17 18 19 20 21 23 24 25 33 34 35 43 44 45 46 47 48 49 50 51 52 53 76 
15 16 19 20 21 24 25 35 36 46 47 48 49 50 51 52 53 54 55 56 57 
16 23 31 32 33 40 41 76 
15 16 17 20 23 34 35 43 44 45 46 
15 16 17 19 24 25 35 46 47 
16 17 36 54 55 56 57 58 
15 26 27 37 38 59 60 61 62 63 64 65 66 67 
15 16 18 19 32 33 34 40 41 42 43 
15 16 17 20 35 44 45 46 
15 16 47 48 49 50 51 52 
22 37 38 59 60 61 62 63 64 65 
22 28 29 67 68 69 
27 29 69 
27 28 39 69 70 71 
4 39 72 73 74 75 
18 32 40 76 
18 23 31 33 40 41 42 
16 18 23 32 40 41 42 
16 19 23 43 
15 16 17 19 20 24 45 46 
15 17 21 55 56 57 58 
22 26 38 59 60 61 62 
22 26 37 59 60 61 62 
29 30 70 71 72 73 74 75 
18 23 31 32 33 41 42 
18 23 32 33 40 42 
23 32 33 40 41 
16 19 23 
16 19 24 45 
16 19 24 35 44 46 
15 16 17 19 20 24 35 45 
15 16 17 20 25 48 49 
15 16 17 25 47 49 50 51 
15 16 17 25 47 48 50 51 
16 17 25 48 49 51 
15 16 17 25 48 49 50 52 
15 16 17 25 51 53 
15 16 17 52 
15 17 21 
15 17 21 36 56 57 
15 17 21 36 55 57 58 
15 21 36 56 58 
15 21 36 56 57 
22 26 37 38 60 61 
22 26 37 38 61 62 63 
22 26 37 38 59 60 62 63 
22 26 37 60 61 63 64 
22 26 60 61 62 64 65 
22 26 62 63 65 
22 63 64 66 
22 65 67 
66 68 
27 67 
27 28 29 
29 39 71 
29 39 70 72 
30 39 70 71 73 74 75 
30 72 74 75 
30 39 72 73 75 
30 39 73 74 
31 76 

