36 190
36 2 
22 1 
4 5 6 7 8 15 16 17 18 19 20 24 25 26 27 28 
3 7 9 10 11 12 13 14 21 29 30 31 32 4 33 34 35 
3 15 22 23 24 2 
3 7 8 18 19 20 27 28 
3 4 6 8 9 10 11 12 13 29 
3 6 7 19 20 
4 7 8 10 11 12 
4 7 9 11 12 13 29 
4 7 9 10 12 13 30 
4 7 9 10 11 13 29 30 
4 7 10 11 12 29 30 31 32 
4 21 33 34 
3 5 16 25 26 
3 15 17 25 26 
3 16 
3 6 19 20 27 
3 6 8 18 20 27 
3 6 8 18 19 27 
4 34 35 
5 23 2 
5 22 
3 5 15 
15 16 26 
3 15 16 25 
3 6 18 19 20 
3 6 8 
4 7 10 11 12 
4 11 12 13 31 32 
13 32 
4 13 30 31 
4 14 34 
4 14 21 33 
4 21 
1 36 

