60 428
46 50 53 54 2 18 19 
46 53 54 1 3 4 18 19 20 
46 53 54 1 2 4 5 18 19 20 
46 53 54 1 2 3 5 18 19 20 
46 53 54 55 3 4 20 21 
46 47 55 56 57 7 8 
47 55 56 57 6 8 
47 48 56 57 6 7 
51 58 59 60 10 25 26 27 28 
51 58 59 60 9 25 26 27 28 
51 59 60 12 28 
51 60 11 
49 51 52 14 
49 51 52 13 15 29 
49 52 14 29 30 31 
17 34 35 36 37 38 
49 16 34 35 36 37 38 
46 50 53 54 1 2 3 4 19 
46 53 54 1 2 3 4 18 20 
46 53 54 2 3 4 5 19 21 
46 53 54 55 5 20 
47 48 57 23 24 
47 48 24 
48 22 23 
58 59 9 10 26 
58 59 9 10 25 27 28 
58 59 60 9 10 26 28 
51 59 60 9 10 11 26 27 
49 52 14 15 30 
49 52 15 29 31 32 33 
49 52 15 29 30 32 33 
49 52 30 31 33 
49 30 31 32 34 
49 16 17 33 35 
49 16 17 34 36 37 38 
16 17 35 37 
16 17 35 38 
16 17 35 36 37 
50 1 40 41 42 43 44 45 
39 41 42 43 44 45 
39 40 45 
39 40 44 
40 42 44 
39 40 42 43 
39 40 41 
47 48 50 53 54 55 56 1 2 3 4 5 18 19 20 21 39 40 41 42 43 45 
46 48 55 56 57 6 7 8 22 23 
46 47 56 57 58 8 22 23 24 
51 52 13 14 15 16 17 29 30 31 32 33 34 35 
46 53 1 18 39 40 41 42 43 44 45 
49 52 59 60 9 10 11 12 13 14 28 
49 51 13 14 15 29 30 31 32 
46 50 54 1 2 3 4 5 18 19 20 21 
46 53 1 3 4 5 18 19 20 
46 47 56 57 5 6 7 21 
47 48 55 57 6 7 8 
47 48 55 56 6 7 8 22 
48 59 9 10 25 26 27 
51 58 60 9 10 11 25 26 27 28 
51 59 9 10 11 12 27 28 

