99 598
97 4 5 10 
97 98 99 7 8 16 17 18 19 34 35 36 37 
91 92 93 98 9 20 21 22 23 41 42 43 44 45 46 47 
1 24 69 
97 1 6 10 11 25 26 27 
97 5 11 12 13 14 29 30 
97 98 99 8 16 17 34 
99 2 7 17 18 19 34 35 36 
91 3 20 21 22 23 43 45 46 47 
97 1 5 
97 5 6 12 13 27 28 29 30 
97 6 11 13 14 28 29 30 
97 6 11 12 14 30 31 
97 12 13 30 31 
97 99 16 
2 7 15 
98 99 2 7 8 18 19 34 35 36 
98 99 2 8 17 19 34 35 36 
98 99 2 8 17 18 36 37 
3 9 21 40 41 42 
3 9 20 22 23 43 45 46 
91 92 3 9 21 23 44 46 47 
91 92 3 9 21 22 44 45 46 47 
4 24 
97 5 10 27 
97 5 27 
5 11 25 26 
6 11 12 29 30 
97 6 11 12 28 30 
97 6 11 12 13 14 28 29 
97 13 
97 15 33 
97 15 32 
99 2 7 8 17 18 35 
99 2 17 18 34 
98 99 2 8 17 18 19 
98 99 2 19 
98 39 
98 38 
20 41 
20 40 42 
3 41 43 
3 9 20 21 41 42 
3 9 21 22 23 45 
3 9 21 22 23 44 46 47 
3 9 21 22 23 45 47 
9 22 23 45 
50 51 54 55 56 72 73 74 75 76 
51 52 66 67 77 79 80 
48 54 55 56 62 73 74 75 76 
48 49 52 63 65 66 77 78 
49 51 65 66 67 77 79 80 
58 59 60 61 69 88 89 90 
48 50 55 70 71 72 73 
48 50 54 56 62 70 71 72 73 74 
48 50 55 62 74 75 76 
58 59 68 82 83 84 85 86 
53 57 59 68 85 86 87 
53 57 58 60 61 68 86 87 
53 58 59 61 68 86 87 88 
53 59 69 88 90 
48 50 56 74 75 
51 64 77 
51 63 77 
49 51 52 66 77 78 
49 51 52 65 77 78 
49 80 81 
57 58 59 60 85 86 87 
24 53 61 90 
54 55 71 72 
54 55 70 72 
48 54 55 70 71 73 
50 54 55 
48 50 55 56 62 73 
48 50 56 62 76 
50 56 75 
49 51 52 63 64 65 66 78 
51 65 66 77 
49 52 80 
49 52 67 79 
67 82 
57 81 83 84 
57 82 84 
57 82 83 
58 68 
57 58 59 60 68 87 
58 59 60 86 
60 61 89 90 
53 61 88 90 
53 61 69 88 89 
92 93 95 22 23 45 46 47 
91 93 94 95 96 23 
91 92 94 95 96 
93 95 96 
91 92 93 94 96 
92 93 94 95 
98 99 1 2 5 6 7 10 11 12 13 14 15 25 26 27 28 29 30 31 97 32 33 
97 99 2 3 7 8 17 18 19 36 37 38 39 98 
97 98 2 7 8 15 16 17 18 19 34 35 36 37 

