60 349
2 3 4 5 6 7 10 11 12 13 17 18 19 20 21 29 30 31 32 33 34 35 36 55 56 57 58 59 60 
1 5 10 11 12 17 18 19 2 29 30 31 32 33 34 56 57 58 59 60 
1 4 9 15 16 26 27 28 48 49 50 51 52 53 54 
1 3 9 15 16 25 26 27 46 47 4 48 49 50 
1 2 11 12 18 19 20 34 35 36 
1 7 8 13 23 40 41 
1 6 40 41 
6 14 42 
3 4 15 16 27 28 50 
1 2 29 30 31 57 
1 2 5 12 18 19 32 34 
1 2 5 11 18 19 20 34 35 36 
1 6 21 22 23 37 39 
8 24 42 43 
3 4 9 16 27 48 49 
3 4 9 15 27 28 50 
1 2 10 29 30 31 
1 2 5 11 12 19 34 35 
1 2 5 11 12 18 20 35 36 
1 5 12 19 36 
1 13 22 37 38 
13 21 38 39 
6 7 13 
14 42 43 
4 26 46 47 
4 25 
3 9 15 16 50 
3 9 16 50 51 
2 10 17 30 
1 2 10 17 29 31 
1 2 10 17 30 32 33 
1 2 11 31 
1 2 31 32 
1 2 5 11 12 18 19 35 
1 5 12 19 34 
1 5 12 19 20 
13 21 22 38 
13 21 22 37 
13 22 
7 41 
7 40 
8 14 24 43 
14 24 42 44 45 
45 46 47 
43 44 46 47 
4 25 44 45 47 
4 25 44 45 46 
3 4 15 49 
3 4 15 48 
4 9 16 27 28 
28 52 
3 51 53 
3 54 
3 53 
56 55 58 
2 57 58 59 60 
10 2 29 56 58 59 60 
55 56 57 59 
56 57 58 60 
2 56 57 59 

