43 261
13 25 26 2 
13 25 26 43 1 
7 10 11 12 13 21 22 23 24 25 3 37 38 39 40 41 42 
5 8 15 16 17 28 
4 6 8 9 15 16 17 28 29 30 31 32 
5 8 9 18 31 32 33 34 
3 10 11 18 19 20 35 36 
4 5 6 9 15 16 17 28 29 30 31 32 
5 6 8 17 30 32 
3 7 11 18 19 20 35 36 
3 7 10 19 20 36 
3 21 22 37 38 39 40 41 
3 14 24 25 26 27 43 13 
13 25 26 27 
4 5 8 16 17 28 29 
4 5 8 15 17 28 29 
4 5 8 9 15 16 28 29 30 
6 7 10 19 34 35 
7 10 11 18 20 35 
10 11 19 
3 37 38 
3 12 23 40 41 42 
3 22 42 
3 13 23 25 26 42 43 1 2 
3 13 14 24 26 27 43 1 2 
13 14 24 25 27 1 2 
13 14 25 
4 5 8 15 16 17 29 30 
5 8 15 16 17 28 
5 8 9 17 28 29 31 
5 6 8 9 30 32 
5 8 9 
6 34 
6 18 33 
7 10 18 19 
7 10 11 19 
3 12 21 
3 12 21 39 40 
3 12 38 40 
12 22 38 39 41 
3 22 40 
3 23 24 
13 24 25 1 2 

