92 620
2 3 5 6 7 8 11 12 13 14 15 18 19 20 29 30 31 32 33 34 35 36 37 39 40 62 63 90 91 92 
1 3 7 8 9 15 16 17 21 22 23 42 43 44 45 46 47 48 49 
1 2 7 8 9 15 16 17 21 22 23 42 43 44 45 46 47 
10 24 25 26 57 58 59 60 
1 6 11 12 18 29 30 31 32 33 34 35 
1 5 11 12 13 14 33 34 35 36 37 
1 2 3 8 13 14 15 16 19 20 38 39 40 41 
1 2 3 7 13 14 15 16 19 20 39 41 
2 3 17 49 50 
4 25 26 58 59 
1 6 12 18 29 30 32 33 34 
1 5 6 33 34 35 36 
1 6 8 14 19 20 37 38 39 
1 6 7 8 13 19 20 38 39 40 41 
1 2 7 8 16 21 22 
2 3 7 8 15 21 22 
2 3 9 47 48 49 
1 5 11 29 30 31 32 
1 7 8 13 14 20 38 39 40 41 
1 7 8 13 14 19 38 39 40 41 
2 3 15 16 22 23 42 43 
2 3 15 16 21 23 42 44 
2 3 21 22 42 43 44 45 46 
4 53 54 55 56 
4 10 57 58 59 
4 10 27 28 61 
26 28 60 61 
26 27 60 61 
1 5 11 18 30 31 32 
1 5 11 29 31 32 
1 5 11 18 29 30 32 
1 5 11 29 30 31 33 
1 6 11 12 32 34 35 
5 6 11 12 33 35 
1 5 6 12 33 34 36 
12 37 
6 13 36 
1 7 13 14 19 20 39 
1 7 8 14 19 20 38 40 41 
1 8 13 14 19 20 39 41 
7 8 14 20 39 40 
2 3 21 22 23 43 44 45 46 
2 3 21 22 23 42 44 45 46 
2 3 22 23 42 43 45 46 
2 3 23 42 43 44 46 
2 3 23 42 43 44 45 
2 3 17 48 49 
2 17 47 49 
2 9 17 47 48 
9 51 52 53 54 
52 53 54 
24 50 51 53 54 55 
24 50 51 52 54 55 
24 50 52 53 55 
24 52 53 54 
24 57 
4 25 56 58 
4 10 25 57 
4 10 25 
4 26 27 28 
26 27 28 
64 65 67 68 69 70 81 82 
5 6 11 12 18 29 30 31 32 33 62 65 66 71 72 73 74 75 88 89 90 91 92 
62 67 76 77 78 79 80 
62 63 66 71 72 83 84 85 86 87 
63 65 71 72 73 74 84 85 86 87 
64 80 
62 69 81 
62 81 
62 82 
63 65 66 72 73 84 85 86 87 
63 65 66 71 73 74 87 
63 66 71 72 74 86 
63 66 72 73 75 88 
74 88 89 
64 77 78 79 
64 76 78 79 
64 76 77 79 80 
64 76 77 78 80 
64 67 78 79 
62 68 69 
62 70 82 
65 84 
65 66 71 83 85 86 
65 66 71 84 86 87 
65 66 71 72 73 84 85 87 
65 66 72 73 85 86 
63 74 75 89 
63 74 75 88 
63 91 92 
63 90 92 
63 90 91 

