39 260
2 3 4 5 6 7 8 9 10 11 12 13 18 19 20 21 22 23 24 25 26 27 
1 3 4 5 6 7 12 13 27 28 29 30 31 32 33 34 35 
1 2 5 6 7 13 14 32 33 34 35 
1 2 5 9 12 21 22 23 24 25 26 
1 2 3 4 6 9 12 13 27 28 30 31 
1 2 3 5 7 13 28 29 30 31 32 33 34 
1 2 3 5 6 13 30 31 32 33 34 
1 10 11 18 19 20 
1 4 5 26 
1 8 11 19 
1 8 10 
2 4 5 9 25 26 27 
1 2 3 5 6 7 28 29 30 31 32 
3 15 16 36 
16 36 37 38 
14 15 17 38 39 
16 37 
1 8 10 11 19 
1 8 10 18 20 
1 8 18 
1 4 22 23 
1 4 21 23 24 
4 21 22 24 
1 4 23 
1 4 9 12 26 
1 4 9 12 
1 2 5 12 28 29 
2 5 6 13 27 29 30 
2 5 6 13 27 28 30 31 
2 5 6 7 13 28 29 31 
2 5 6 7 13 29 30 32 
2 3 6 13 31 33 34 
2 3 7 32 34 
2 3 7 32 33 
2 3 
14 15 16 36 37 38 
15 16 36 39 
15 16 36 37 39 
16 17 37 38 

