44 188
25 3 5 18 19 21 22 23 
44 4 10 12 
1 2 9 13 14 
44 2 8 4 
3 6 13 15 18 19 
1 5 14 15 
20 21 22 23 1 
44 2 9 
44 2 3 4 
44 3 
44 5 14 15 
3 11 
44 5 11 12 14 15 
44 3 11 
6 13 14 17 18 
14 18 
44 5 6 15 16 
1 5 15 16 
1 6 
7 22 23 
1 20 23 
1 20 
7 20 21 22 
25 26 27 28 29 31 24 32 33 34 37 38 39 40 41 43 44 1 
24 25 31 36 38 
24 25 30 31 35 36 37 38 
25 31 39 41 
29 24 32 33 
24 32 
25 26 36 35 
26 27 38 39 
24 28 33 42 
32 42 
32 33 43 
25 26 
25 36 30 
24 26 38 
26 25 31 37 
24 27 
27 39 41 
24 39 40 
29 32 33 
33 34 42 
1 2 3 4 5 6 8 9 10 11 13 14 16 17 

