51 304
45 2 3 
45 1 3 
45 48 1 2 
44 46 47 50 51 5 6 
44 47 4 
44 47 51 4 5 
8 10 11 14 15 17 23 32 33 44 
7 10 11 16 17 18 24 33 34 
12 13 20 21 22 27 28 29 30 39 40 41 42 43 
7 8 11 14 15 16 23 32 
7 8 10 17 33 34 
9 13 21 22 30 31 43 
9 12 21 22 30 31 43 
7 10 15 23 32 
7 10 14 16 23 32 
7 8 10 11 15 33 
7 8 11 18 24 34 
8 17 24 25 35 
20 25 26 36 37 38 
9 19 28 29 37 39 40 
9 12 13 22 30 43 
9 12 13 21 30 31 43 
14 15 32 
8 17 18 34 
18 19 26 35 36 37 25 
25 36 37 
9 19 20 28 29 38 39 40 
9 20 27 29 38 39 40 41 
9 20 27 28 39 40 41 42 
9 12 13 21 22 41 42 43 
12 13 
7 10 14 15 23 
7 8 11 16 
8 11 17 24 
18 25 
19 25 26 37 
19 20 25 26 36 38 
19 20 27 28 37 39 
9 20 27 28 29 38 40 
9 20 27 28 29 39 41 42 
28 29 30 40 42 
9 29 40 41 
9 12 13 21 30 
10 14 46 47 48 49 50 51 4 5 6 
44 46 47 48 49 50 1 2 3 
45 47 48 49 50 4 
44 45 46 51 4 5 6 
44 45 46 3 
45 46 48 50 
44 45 46 47 49 51 4 
44 50 4 5 6 

