263 2049
237 238 245 249 250 19 20 21 22 23 
237 238 245 250 23 24 25 26 
237 238 251 252 26 27 
237 238 240 251 252 253 
238 240 253 254 255 256 28 
238 240 242 254 255 256 7 
240 242 6 8 
240 242 7 9 29 
242 8 29 
242 257 258 30 
174 239 243 244 260 35 36 
237 241 
237 241 248 261 262 14 15 
237 241 248 262 13 15 
237 241 248 262 13 14 16 17 
237 248 263 15 17 
237 263 15 16 
238 245 249 263 
237 238 245 249 250 1 20 21 
237 238 245 249 250 1 19 21 
237 238 245 249 250 1 19 20 22 
237 238 245 249 250 1 21 23 
237 238 245 249 250 1 2 22 
237 238 2 25 26 
237 238 2 24 26 
237 238 2 3 25 
237 238 251 252 3 
238 240 253 254 5 
242 8 9 
242 257 258 10 
246 257 258 32 
246 258 31 
239 243 244 247 34 
239 243 244 
239 243 244 260 11 36 
239 243 260 35 
241 248 261 12 39 40 43 45 46 59 60 61 62 63 64 65 75 76 77 78 79 103 104 105 106 107 108 
37 39 42 43 45 54 55 56 57 58 71 72 73 96 97 98 99 
37 38 42 43 45 46 55 57 58 73 74 97 98 99 100 
241 248 261 12 37 46 59 60 61 62 63 64 65 78 79 108 
44 49 50 51 52 53 66 67 87 88 
38 39 43 54 55 57 69 70 71 72 96 97 
37 38 39 42 45 57 58 73 97 98 99 100 
41 48 49 50 66 80 81 82 83 84 85 
37 38 39 43 46 58 59 73 74 75 100 101 102 103 
37 39 40 45 59 60 74 75 76 77 101 102 103 104 105 106 
48 129 130 147 148 
44 47 48 80 130 148 
41 44 50 66 81 82 83 84 85 86 
41 44 49 51 52 66 86 87 
41 50 52 53 67 68 87 88 
41 50 51 53 67 68 87 88 
41 51 52 67 68 90 91 92 
38 42 55 56 69 70 92 94 95 
38 39 42 54 56 57 71 72 96 
42 54 55 57 71 72 96 
38 39 42 43 55 56 71 72 97 
38 39 45 73 74 99 100 
37 40 45 46 60 61 75 76 77 102 103 105 106 107 
37 40 46 59 61 62 75 76 77 78 104 105 106 107 
40 59 60 62 63 64 78 107 108 
40 61 63 64 78 108 
37 40 61 62 64 65 78 79 108 
37 40 61 62 63 65 78 79 108 
37 40 63 64 79 
41 44 49 50 81 82 83 84 86 
41 51 53 68 88 89 
51 52 53 67 89 90 91 
42 54 70 92 93 94 95 
42 54 69 94 95 
38 42 56 57 72 96 
38 42 55 56 57 71 
38 39 43 45 58 74 100 
39 45 46 58 73 100 101 
37 45 46 59 60 76 77 103 104 105 106 107 
37 46 59 60 75 77 103 104 105 106 
37 46 59 60 75 76 103 104 105 106 107 
37 40 60 62 63 64 108 
37 40 63 64 65 
44 48 
44 49 66 82 83 84 85 
44 49 66 81 83 84 85 
44 49 66 81 82 84 85 
44 49 66 81 82 83 85 
44 66 82 83 84 
41 49 50 66 
50 51 52 
41 51 52 67 
53 67 68 90 91 92 
53 68 89 
68 89 90 
53 54 69 89 93 94 95 
69 92 94 
54 69 70 92 93 95 
54 69 70 92 94 
38 42 55 71 
38 39 42 43 57 
39 99 
38 39 43 58 98 
39 43 45 58 74 
45 46 74 
45 46 59 75 101 103 104 
37 45 46 59 75 76 77 102 104 105 
37 46 59 60 75 76 77 102 103 105 
37 46 59 60 75 76 77 103 104 106 
37 46 59 60 75 76 77 105 107 
59 60 61 75 77 106 
37 40 61 62 64 78 
110 111 112 113 114 115 122 123 124 125 138 139 140 141 142 109 
41 44 47 48 49 50 66 80 81 82 83 109 112 116 126 127 128 129 130 143 145 146 147 148 
109 114 115 118 119 120 121 133 134 135 136 
44 47 48 109 110 116 126 127 128 129 130 145 146 147 
109 124 138 139 140 141 142 
111 120 121 122 135 136 137 
109 111 121 122 135 136 137 
110 112 126 127 128 143 144 145 
111 118 131 132 133 
111 117 132 133 
111 120 134 
111 114 119 121 134 
111 114 115 120 122 135 136 
109 111 114 115 121 135 136 137 
109 124 
109 113 123 138 139 
109 126 
110 112 116 125 127 143 144 145 
110 112 116 126 128 143 144 145 
110 112 116 126 127 143 144 145 
110 112 130 146 147 148 
110 112 147 148 
117 132 131 
117 118 131 
117 118 
111 120 
111 114 115 121 122 136 
111 114 115 121 122 135 
114 115 122 
109 113 124 139 
109 113 124 138 140 
109 113 139 141 
109 113 140 
109 113 
110 116 126 127 128 144 145 
116 126 127 128 143 
110 112 116 126 127 128 143 
112 129 
110 112 129 130 148 
110 112 129 130 147 
152 153 
151 153 236 
150 153 200 236 
149 152 
149 150 
158 159 162 163 164 175 176 177 178 179 180 181 206 207 208 209 210 211 
156 160 166 167 182 183 184 185 186 187 215 216 217 218 219 220 
155 166 167 168 169 186 187 188 189 190 191 192 217 218 219 220 221 222 223 224 225 
150 151 161 172 173 199 200 231 232 233 234 235 236 
154 159 162 174 175 176 177 178 179 201 202 203 204 205 260 
154 158 162 175 176 177 178 179 201 202 203 204 205 260 
155 164 165 182 183 213 214 215 
157 172 173 197 198 199 231 232 233 234 235 
154 159 175 176 177 178 201 202 203 204 205 260 
154 164 180 181 207 208 209 210 211 212 
154 160 163 165 181 212 213 214 
160 164 212 213 
155 156 184 185 186 187 216 217 218 219 
155 156 168 169 187 188 189 190 191 192 220 221 222 223 224 225 
156 169 187 188 189 190 191 192 221 222 223 224 225 
156 167 168 187 188 189 190 191 192 221 222 223 224 225 
193 194 226 227 
195 196 197 198 228 229 230 
157 197 198 230 231 232 233 
150 151 157 161 199 200 233 234 235 236 
158 175 201 11 35 36 
154 158 159 162 174 176 201 202 203 204 205 
154 159 162 175 201 202 203 204 205 
154 158 159 162 178 179 206 
158 159 162 177 179 180 206 
154 158 159 177 178 206 
154 163 178 206 207 208 209 
154 163 164 210 211 212 
155 160 183 184 215 
155 160 182 215 
155 166 182 185 186 216 
155 166 184 186 216 217 
155 156 166 184 185 216 217 218 219 
156 166 167 168 169 188 189 217 218 219 220 222 
156 167 168 169 187 189 191 221 222 223 224 
156 167 168 169 187 188 190 191 221 222 223 224 225 
156 167 168 188 189 191 192 223 224 225 
156 167 168 169 188 189 190 192 223 224 225 
156 167 168 169 170 190 191 193 225 226 
170 192 194 226 
170 193 226 227 
171 196 197 228 229 
171 195 197 198 229 230 
161 171 172 195 196 198 230 231 
161 171 172 196 197 230 231 
161 173 200 233 234 235 236 
150 151 157 173 235 236 
158 159 162 174 175 176 202 203 204 205 
158 159 162 175 176 201 203 204 205 
158 159 162 175 176 201 202 204 205 
158 159 162 175 176 201 202 203 205 
158 159 162 175 176 201 202 203 204 
154 177 178 179 180 207 208 
154 163 180 208 
154 163 180 206 207 
154 163 180 181 211 
154 163 181 209 211 
154 163 181 209 212 
163 164 165 181 211 
160 164 165 214 
160 164 165 
155 160 182 183 
155 166 184 185 186 217 
155 156 166 185 187 216 218 219 220 
155 166 186 187 217 219 220 
155 156 166 186 187 217 218 220 
155 167 187 217 218 219 221 
156 167 169 187 188 189 220 222 
156 167 168 169 187 188 189 221 
156 167 168 169 188 189 190 191 224 225 
156 167 168 169 188 189 190 191 223 225 
156 167 168 169 189 190 191 192 224 
170 192 193 194 
170 194 228 
171 195 227 
171 195 196 
171 196 197 231 
157 161 172 197 198 230 
157 161 172 233 
161 172 173 199 234 235 
157 161 173 199 233 235 
157 173 199 200 233 234 
157 173 199 200 
238 239 240 241 242 245 248 249 250 251 252 253 254 261 262 263 1 2 3 4 12 13 14 15 16 17 18 19 20 21 22 23 24 25 26 27 37 38 40 61 63 64 65 
237 239 240 241 242 245 248 249 250 251 252 253 254 255 256 263 1 2 3 4 5 6 18 19 20 21 22 23 24 25 26 27 28 37 40 
154 155 158 159 160 162 163 164 165 174 175 176 177 178 179 180 181 201 202 203 204 205 206 207 208 209 237 238 240 242 243 244 246 247 257 258 259 260 11 33 34 35 36 
237 238 239 242 251 252 253 254 255 256 3 4 6 7 8 28 
237 238 248 261 262 12 13 14 15 40 63 64 65 79 
237 238 239 240 243 246 254 255 256 257 258 6 7 8 9 10 29 30 
154 158 159 162 174 175 176 201 202 203 204 205 239 242 244 246 247 259 260 11 33 34 35 36 
239 243 246 247 259 260 11 33 34 35 
237 238 249 250 263 1 2 18 19 20 21 22 23 
239 242 243 244 247 257 258 259 31 32 
239 243 244 246 259 33 
237 238 241 261 262 13 14 15 16 
238 245 250 263 18 19 20 21 22 
237 238 245 1 2 19 20 22 23 
237 238 240 252 253 3 4 27 
237 238 240 251 253 3 4 27 
237 238 240 251 252 254 4 5 28 
237 238 240 242 253 255 256 5 6 28 
238 240 242 254 256 5 6 28 
238 240 242 254 255 5 6 
239 242 246 258 10 30 31 
239 242 246 257 10 30 31 32 
239 243 244 246 247 
162 174 175 201 202 239 243 244 11 35 36 
237 248 262 13 
237 241 248 261 13 14 15 
237 238 245 249 16 17 18 

