52 404
17 21 34 50 51 52 2 3 4 
17 50 51 52 1 3 4 
17 25 50 51 52 1 2 4 5 
17 25 51 52 1 2 3 5 
17 25 3 4 6 
19 25 5 
17 19 25 26 35 36 37 
19 26 27 37 38 39 
18 19 27 28 40 41 
43 11 12 
18 42 43 10 12 
18 43 10 11 13 
18 29 12 
20 29 30 44 45 
20 22 30 31 45 46 
20 47 
18 19 21 23 24 25 26 27 32 33 34 35 36 37 38 39 48 49 50 51 52 1 2 3 4 5 6 7 
17 19 20 22 26 27 28 29 30 40 41 42 43 44 9 10 11 12 13 18 
17 18 21 25 26 27 28 35 36 37 38 39 40 41 6 7 8 9 
18 22 29 30 31 44 45 46 47 14 15 16 
17 19 23 24 32 33 34 48 49 50 51 52 1 
18 20 29 30 31 45 46 47 15 16 
17 21 24 32 33 48 
17 21 23 32 33 48 
17 19 35 36 3 5 6 7 
17 18 19 27 35 36 37 38 39 7 8 
17 18 19 26 38 39 40 8 9 
18 19 27 40 41 9 
18 20 22 30 31 45 46 13 29 14 
18 20 22 29 31 44 45 46 14 15 
20 22 29 30 44 45 46 15 
17 23 24 33 
17 21 23 24 32 48 
17 21 49 50 51 52 1 
19 25 26 36 37 38 7 
17 19 25 26 35 37 38 39 7 
17 19 26 35 36 38 39 7 8 
17 19 26 27 35 36 37 39 8 
17 19 26 27 36 37 38 8 
18 27 28 41 9 
18 19 28 40 9 
18 43 10 11 
18 42 10 11 12 
20 22 30 31 45 46 14 
20 22 29 30 31 44 46 14 15 
20 22 29 30 31 44 45 15 
20 22 16 
17 21 23 24 33 49 
17 21 34 
17 21 34 51 52 1 2 3 
17 21 34 50 52 1 2 3 4 
17 21 34 50 51 1 2 3 4 

