257 1891
2 3 4 5 6 7 8 9 10 11 12 13 14 15 16 17 18 19 20 21 27 28 29 30 31 32 33 48 49 50 51 52 53 54 55 56 57 58 59 60 61 62 63 64 65 66 67 68 69 70 71 72 77 78 190 
1 3 4 8 14 15 16 17 24 25 26 37 38 39 40 41 42 43 
1 2 8 9 15 16 17 18 27 28 44 45 46 47 48 
1 2 8 14 23 24 35 36 37 38 39 89 
1 6 7 10 11 12 13 19 20 31 32 61 62 63 
1 7 10 11 12 13 20 32 63 
1 5 6 10 11 12 13 20 21 32 64 65 
1 2 3 4 14 15 16 24 25 26 38 39 40 41 42 43 
3 18 27 28 29 46 48 49 50 
1 5 6 7 11 19 31 32 59 60 61 62 63 
1 5 6 7 10 12 13 20 32 63 
1 5 6 7 11 13 20 21 32 64 
1 6 7 11 12 20 21 33 64 65 66 
1 2 4 8 15 24 25 26 39 40 41 42 
1 2 3 8 14 16 17 25 26 42 43 
1 2 8 15 17 43 44 
1 2 3 15 16 44 45 
1 9 27 28 29 48 49 50 51 
1 5 10 31 58 59 60 61 
1 5 6 7 11 12 13 21 33 64 65 66 
1 7 12 13 20 33 64 65 66 67 
23 34 35 36 105 129 
4 22 35 36 
2 4 8 14 25 39 40 41 42 
2 8 14 15 24 26 39 41 42 43 
2 8 14 15 16 24 25 40 41 43 
1 3 9 18 29 48 49 
1 3 18 27 29 48 49 
1 18 27 28 49 50 51 
1 52 53 54 55 56 
1 5 10 19 59 60 61 
1 5 6 7 10 11 12 63 
1 13 20 21 65 66 67 68 69 
35 129 
4 22 23 34 36 129 
22 23 35 
2 4 38 
2 4 8 37 
2 4 8 14 24 25 40 41 
2 8 14 24 25 26 39 41 42 
2 8 14 24 25 26 39 40 42 
2 8 14 15 24 25 26 40 41 
2 8 15 16 25 26 
3 16 17 45 
17 44 47 
3 9 45 47 
3 45 
1 3 9 18 27 28 
1 9 18 28 29 50 51 
1 9 18 29 49 51 
1 18 29 49 50 
1 30 53 54 55 56 
1 30 52 54 55 
1 30 52 53 55 56 
52 53 54 56 
1 30 52 54 55 
1 58 
1 19 57 
1 10 19 31 60 61 
10 19 59 61 
1 5 19 31 59 60 
1 5 10 
1 5 6 10 11 32 
1 7 12 13 20 65 
1 7 13 20 21 33 64 66 
1 13 20 21 33 65 68 
1 21 33 66 68 69 
1 33 66 67 69 
1 33 66 68 
71 72 73 74 76 77 78 79 83 84 92 93 94 95 96 97 98 99 114 115 116 118 119 120 121 132 
70 72 73 74 77 78 83 84 85 86 96 97 98 99 100 119 120 121 122 123 
2 4 70 71 74 77 78 84 85 86 87 88 89 99 100 101 102 103 104 124 125 126 127 128 
70 71 74 76 93 94 95 96 116 117 118 119 
70 71 72 73 95 97 117 118 119 120 
79 81 82 90 159 
70 73 79 80 91 92 109 110 111 112 113 
70 71 72 78 84 85 86 87 88 99 100 101 102 103 104 124 125 
70 71 72 77 84 85 86 87 88 101 102 103 104 124 125 126 127 128 
70 75 76 80 82 91 108 109 110 
70 76 79 91 109 110 111 112 
75 106 159 
75 79 106 107 108 109 
70 71 74 97 98 
70 71 72 77 78 85 86 99 100 101 102 123 124 
71 72 77 78 84 86 87 99 100 101 102 103 124 125 
71 72 77 78 84 85 87 100 101 102 103 124 125 
72 77 78 85 86 88 101 102 103 104 125 126 127 
72 77 78 87 104 126 127 128 
22 34 35 72 105 129 
75 81 
76 79 80 110 
70 73 76 113 114 115 
70 73 114 116 
70 73 93 95 116 
70 73 74 94 
70 71 73 74 117 118 
70 71 74 83 120 
70 71 121 
70 71 72 77 84 85 100 123 
71 72 77 84 85 86 99 101 102 124 
72 77 78 84 85 86 87 100 102 103 124 125 
72 77 84 85 86 87 100 101 103 124 125 
72 77 78 85 86 87 101 102 124 125 
72 77 78 87 88 126 127 
22 34 35 89 
75 81 82 107 
75 106 
79 82 
76 79 80 82 110 
76 79 80 91 109 
76 80 91 
80 113 
76 92 112 
70 92 93 115 116 
70 92 114 116 
70 73 93 94 114 115 
70 73 74 96 118 
73 74 96 117 119 
70 71 73 74 118 
71 74 83 97 
70 98 122 
71 121 123 
84 99 122 
72 77 78 84 85 86 100 101 102 103 125 
72 77 78 85 86 87 101 102 103 124 
72 78 87 104 127 128 
72 78 87 88 104 126 128 
72 78 88 126 127 
34 35 89 105 
131 134 135 138 139 140 146 147 148 161 162 163 164 165 166 167 
130 133 134 135 140 147 148 149 150 166 167 168 169 170 171 172 
75 79 81 82 90 106 145 158 159 183 184 185 186 187 188 189 
131 136 141 142 151 152 153 154 174 175 176 
130 131 147 148 162 163 164 165 166 
130 131 140 150 170 171 173 
133 137 141 142 154 155 156 177 178 179 180 
136 141 142 143 155 156 178 179 180 
130 139 146 160 255 257 
130 138 146 160 257 
130 131 135 149 168 169 170 
133 136 137 142 154 155 175 176 177 178 
133 136 137 141 154 155 156 177 178 179 
137 144 180 181 
143 181 
132 158 182 183 184 
130 138 139 161 
130 131 148 164 165 
130 131 134 164 
131 135 140 150 170 171 172 173 
131 135 149 171 172 173 
133 152 153 174 
133 151 153 174 
133 151 152 174 
133 136 141 142 155 175 176 177 
136 137 141 142 154 177 178 
136 137 142 178 179 
182 157 
132 145 182 183 
90 132 189 
138 139 146 
130 146 
130 134 163 
130 134 162 
130 134 147 148 165 
130 134 147 148 164 
130 131 134 167 168 
130 131 166 168 
131 140 166 167 169 
131 135 140 168 
131 135 140 149 171 172 
131 135 149 150 170 172 173 
149 150 170 171 173 
135 149 171 172 
133 151 152 
133 141 176 
133 141 154 175 
136 141 142 154 155 
136 137 141 155 156 179 
137 142 156 178 
136 137 143 181 
143 144 180 
145 157 158 
132 145 158 184 185 186 
132 145 183 185 186 
132 183 184 186 187 188 
132 183 184 185 187 188 
132 185 186 
132 185 186 187 189 
132 159 188 
1 70 71 130 131 132 133 134 135 136 137 138 139 140 141 146 147 148 149 150 151 160 161 162 163 164 165 166 167 168 169 170 171 191 192 193 194 196 197 198 200 201 202 203 204 205 206 218 219 220 221 222 223 224 225 226 227 228 229 230 231 232 246 247 248 249 250 251 252 253 254 255 256 257 
190 195 196 199 207 208 209 210 233 234 
190 193 194 197 202 218 219 220 221 222 244 245 246 
190 192 194 200 201 212 213 214 215 216 217 218 241 242 
190 192 193 200 201 212 213 214 215 216 217 218 241 242 243 
191 199 207 208 209 210 233 
190 191 195 210 211 234 235 236 237 
190 192 202 221 222 246 247 
190 204 205 206 225 226 227 229 230 232 252 253 254 
195 207 208 209 233 
190 193 194 201 212 213 214 238 239 240 
190 193 194 200 212 213 214 215 216 217 241 
190 192 197 203 223 247 248 249 
190 202 223 224 248 250 
190 198 205 225 226 227 228 252 
190 198 204 206 225 226 227 228 229 230 231 252 
190 198 205 226 227 228 229 230 231 232 253 
191 195 199 208 209 210 233 
191 195 199 209 233 
195 199 207 208 210 233 
191 195 196 207 209 234 
196 235 236 237 238 239 240 
193 194 200 201 213 214 215 
193 194 200 201 212 214 215 
193 194 200 201 212 213 215 216 241 
193 194 200 201 212 213 214 216 241 
194 201 215 217 241 
193 194 201 216 218 241 242 
190 192 193 194 217 242 243 244 
190 192 220 244 245 
190 192 219 245 
190 192 197 222 246 
190 192 197 221 246 
190 202 203 224 248 249 250 
190 203 223 250 251 
190 198 204 205 226 251 
190 198 204 205 206 225 227 228 229 252 
190 198 204 205 206 226 228 229 230 252 
190 198 204 205 206 226 227 229 230 231 232 252 
190 198 205 206 226 227 228 230 232 
190 198 205 206 227 228 229 231 232 
190 198 205 206 228 229 230 232 253 254 
190 198 206 228 229 230 231 253 
191 195 199 207 208 209 
196 210 
196 211 236 237 
196 235 237 
196 211 235 236 238 
200 211 237 239 240 
200 211 238 240 
200 211 238 239 
193 194 201 214 215 216 217 
193 194 217 218 243 244 
194 218 242 244 
218 219 242 243 245 
192 219 220 244 
190 192 197 221 222 
190 197 202 
190 202 203 223 249 
190 202 203 223 248 250 
190 203 223 224 
190 225 
190 198 204 205 226 228 229 
190 198 206 231 232 254 255 256 
190 198 231 253 255 256 257 
254 256 
190 253 254 255 257 
190 254 256 

