33 216
2 16 
1 3 4 8 9 10 16 17 18 19 
2 4 5 6 8 9 10 11 18 19 20 
2 3 5 6 8 9 10 11 19 20 21 22 23 
3 4 6 9 10 11 20 21 22 23 
3 4 5 11 12 13 21 22 23 24 25 
12 13 14 15 26 27 28 29 30 
2 3 4 5 9 10 11 18 19 20 
2 3 4 5 8 10 11 19 20 
2 3 4 5 9 11 19 20 
4 5 6 8 9 10 20 21 
6 7 13 14 21 23 24 25 26 27 
7 12 14 25 26 27 
7 12 13 24 25 26 
7 28 29 30 
1 2 17 
2 16 18 
2 8 17 
2 3 4 8 9 10 20 
3 4 5 8 9 10 11 19 
4 5 6 11 12 22 23 24 25 
4 5 21 23 
5 6 12 21 25 
12 13 14 21 23 25 26 
6 12 13 14 21 23 24 26 
7 12 13 14 24 27 
7 12 13 26 
7 15 29 
7 15 28 30 
7 15 29 31 32 33 
30 32 33 
30 31 33 
30 31 32 

