44 336
15 19 21 31 32 41 42 43 44 2 
15 19 21 42 43 44 1 
15 33 4 5 
15 22 33 3 5 
15 22 34 3 4 6 
15 22 33 34 5 7 
15 22 23 34 6 
15 23 9 
16 10 11 
16 9 11 
16 9 10 
16 24 
16 20 24 35 36 14 
16 20 24 35 36 13 
16 17 18 19 20 21 22 23 30 31 32 33 34 41 42 43 44 1 2 3 4 5 6 7 8 
15 20 24 25 35 36 37 9 10 11 12 13 14 
15 18 26 27 28 29 38 39 40 
15 17 19 21 26 27 28 29 30 31 32 39 41 
15 18 21 29 30 31 32 41 42 43 44 1 2 
15 16 24 25 35 36 37 12 13 14 
15 18 19 30 31 32 33 41 42 43 44 1 2 
15 23 33 4 5 6 7 
15 22 34 6 7 8 
16 20 35 36 12 13 14 
20 37 
17 18 27 28 29 38 39 40 
17 18 26 28 38 39 40 
17 18 26 27 29 30 39 40 
17 18 19 26 27 28 30 40 
15 18 19 21 28 29 31 40 
15 18 19 21 30 32 41 42 43 44 1 
15 18 19 21 31 41 42 43 44 1 
15 21 22 3 4 5 6 
15 22 23 5 6 7 
16 20 24 36 37 13 14 
16 20 24 35 37 14 
16 20 25 36 
17 26 27 
17 18 26 27 28 29 38 40 
17 18 26 27 28 29 30 39 
15 18 19 21 31 32 42 43 44 1 
15 19 21 31 32 41 43 44 1 2 
15 19 21 31 32 41 42 44 1 2 
15 19 21 31 32 41 42 43 1 2 

