27 190
2 3 4 9 10 15 16 17 18 19 20 21 22 23 24 25 26 
1 3 5 6 7 8 12 13 14 15 
1 2 4 6 7 8 9 12 13 14 15 16 17 
1 3 9 15 16 17 18 19 20 21 
2 6 
2 3 5 7 8 12 13 
2 3 6 8 12 13 14 
2 3 6 7 12 13 14 15 
1 3 4 17 18 19 20 21 
1 11 22 23 24 25 26 27 
10 27 
2 6 7 8 13 14 
2 3 6 7 8 12 14 
2 3 7 8 15 16 
1 2 3 4 8 16 
1 3 4 15 17 
1 3 4 9 16 18 19 20 
1 4 9 17 20 21 
1 4 9 17 20 21 
1 4 9 17 18 19 21 
1 4 9 18 19 20 
1 10 24 25 26 
1 10 22 24 25 26 
1 10 22 23 25 26 27 
1 10 22 23 24 26 27 
1 10 22 23 24 25 27 
10 11 25 

