96 687
2 9 10 11 12 13 14 15 16 17 18 31 32 33 34 35 36 37 38 39 52 54 
1 3 12 14 15 16 17 18 19 20 21 22 23 24 39 40 41 42 
2 4 5 24 25 26 27 28 43 44 
3 24 25 26 27 28 
6 27 28 29 30 45 46 
5 28 30 45 46 6 
8 7 73 95 
7 31 
1 10 31 32 33 34 
1 9 32 33 34 
1 34 35 36 
1 2 13 14 15 37 38 39 
12 14 15 37 38 39 
1 2 12 13 15 16 17 38 39 
1 2 12 13 14 16 17 38 39 
1 2 14 15 17 18 19 20 39 
1 2 14 15 16 18 19 20 39 
1 2 16 17 19 20 21 
16 17 18 20 21 
2 16 17 18 19 21 
18 19 20 22 23 40 41 
2 21 23 40 41 42 
2 21 40 41 42 
2 3 4 25 42 43 44 
3 4 24 26 44 
3 4 25 27 28 
3 4 5 26 28 29 
3 4 5 6 26 27 29 45 46 
5 6 27 28 30 46 
5 6 29 
1 8 9 
1 9 10 31 33 
1 9 10 32 34 
1 9 10 11 33 
1 11 36 37 
1 11 35 37 
1 12 35 36 38 
1 12 13 14 15 37 39 
1 2 12 13 14 15 16 17 38 
2 21 22 23 41 
2 21 22 23 40 42 43 
2 22 23 24 41 43 44 
3 24 41 44 
3 24 25 42 43 
5 6 27 46 
5 6 28 29 45 
48 49 50 51 55 56 58 59 60 61 62 63 65 66 67 68 69 78 79 80 81 82 
47 49 50 51 52 53 54 56 57 64 69 70 71 84 85 86 87 88 
47 48 50 51 56 69 70 71 82 83 84 85 86 87 
47 48 49 51 52 57 64 70 71 86 87 88 
47 48 49 50 52 53 57 64 71 88 89 
7 48 50 51 53 54 57 64 72 73 89 90 91 92 93 94 95 96 
48 51 52 54 57 64 72 73 90 91 92 93 94 95 
7 8 48 52 53 57 72 73 90 91 92 93 94 95 96 
47 58 59 60 65 78 79 
47 48 49 62 63 67 68 69 81 82 83 
48 50 51 52 53 54 64 88 89 90 91 
47 55 59 74 75 76 77 
47 55 58 60 65 74 75 76 77 
47 55 59 78 
47 66 80 
47 56 63 66 67 68 80 81 
47 62 66 67 68 81 
48 50 51 52 53 57 88 89 
47 55 59 60 
61 62 63 67 80 
47 56 62 63 66 68 80 
47 56 62 63 67 81 
47 48 49 56 82 83 84 85 
48 49 50 71 84 85 86 87 
48 49 50 51 87 
52 53 54 73 90 91 92 93 94 95 
52 53 54 72 93 94 95 96 
58 59 75 76 
58 59 74 76 
58 59 74 75 77 
58 59 76 
47 55 60 79 
47 55 78 
47 61 62 66 67 
47 56 62 63 68 
49 56 69 83 
49 56 69 82 
48 49 69 70 85 86 
48 49 69 70 84 86 87 
48 49 50 70 71 84 85 87 
48 49 50 70 71 85 86 
48 50 51 57 64 
48 51 52 57 64 
52 53 54 57 72 91 92 
52 53 57 72 90 92 
52 53 54 72 90 91 
52 53 54 72 73 94 95 
52 53 54 72 73 93 95 96 
52 53 54 72 73 93 94 96 
52 53 54 73 94 95 

