33 198
10 11 16 28 29 31 32 33 
10 12 17 3 4 
10 12 17 2 4 
10 12 17 2 3 
6 7 8 9 17 
5 8 6 
5 8 9 17 
5 7 9 
5 7 8 
5 6 7 11 12 13 14 16 17 25 26 27 28 29 30 31 32 33 1 2 3 4 
10 13 16 25 26 27 28 29 30 31 32 33 1 
5 6 7 8 9 10 17 2 3 4 
10 25 26 27 
10 15 22 23 24 
14 23 24 
10 11 28 29 30 32 33 1 
7 10 12 2 3 4 
19 20 21 
18 20 21 
18 19 
18 19 22 
21 23 24 
14 15 22 
14 15 22 23 
10 11 13 26 
10 11 13 25 
11 13 28 
10 11 16 27 29 30 31 32 33 1 
10 11 16 28 30 31 32 33 1 
10 11 16 28 29 31 32 33 1 
10 11 16 28 29 30 32 33 1 
11 16 28 29 30 31 33 1 
10 11 16 28 29 30 31 32 1 

