35 185
3 4 5 6 29 30 31 32 33 34 35 
14 15 16 17 18 19 20 
1 4 29 30 31 
1 3 5 6 32 33 34 35 
4 6 32 33 34 35 
1 4 5 32 33 34 35 
2 8 9 19 20 21 
7 9 10 21 
11 21 22 
8 9 11 12 13 21 23 24 
9 10 12 13 22 23 25 
10 11 13 22 23 24 25 
10 11 12 22 23 24 25 26 27 
2 15 16 
2 14 16 17 
2 15 17 
2 15 16 18 
2 17 
2 7 20 
2 7 8 19 21 
7 8 9 10 20 
9 10 11 12 13 23 24 25 
10 11 12 13 22 24 25 
10 11 12 13 22 23 25 26 
11 12 13 22 23 24 26 
12 13 24 25 27 
13 26 28 
3 27 29 
1 3 28 
1 31 
1 3 30 
1 4 5 6 33 34 
1 4 5 6 32 34 
1 5 6 32 33 
1 4 

