37 264
2 3 4 5 6 7 8 9 10 19 20 24 25 26 27 28 29 30 31 32 
1 4 9 10 11 12 13 20 21 22 33 34 35 36 
1 5 6 14 15 16 17 18 
1 2 11 12 13 20 21 22 33 34 35 36 
1 3 6 7 8 19 24 25 26 27 28 29 30 
1 3 5 7 8 17 18 19 24 25 26 27 28 29 
1 5 6 8 19 24 25 26 27 28 29 
1 6 7 9 27 28 29 30 
1 2 8 10 20 31 32 
1 2 9 20 31 32 
2 4 12 34 35 
2 4 11 13 22 37 
2 4 12 22 36 37 
3 15 23 
3 14 16 23 
15 17 18 24 
3 16 18 
3 6 16 17 19 24 25 
1 5 6 7 17 18 24 25 26 
1 2 4 9 10 31 32 33 
2 4 12 13 22 36 
2 4 12 13 21 36 
3 14 15 
1 3 5 6 7 17 18 19 25 26 
1 5 6 18 19 24 26 
5 6 7 19 24 25 
1 5 6 7 8 28 29 30 
1 5 6 7 8 27 29 30 
1 5 6 7 8 27 28 30 
1 5 8 27 28 29 
1 9 20 32 
1 9 10 31 33 
2 4 20 32 34 
4 11 33 35 
2 4 11 34 
2 4 12 22 
12 13 

