45 218
2 3 11 
1 10 32 31 
1 4 5 6 7 8 13 18 19 20 21 23 24 
3 6 8 13 23 24 
3 4 7 12 18 21 23 
3 4 13 20 21 22 23 24 
4 6 8 13 
4 14 15 16 25 
8 16 25 26 9 27 
1 11 
10 11 
1 3 5 6 19 20 21 22 23 
3 4 5 6 22 23 
4 8 9 17 25 
8 25 
8 15 17 25 26 9 
14 15 9 27 
3 12 19 21 
5 20 
5 6 12 19 22 23 
5 6 19 20 22 23 24 
3 5 6 12 13 19 20 21 23 24 
3 5 6 12 21 22 
3 4 5 6 7 22 23 
8 15 
9 16 27 
9 17 26 27 
29 31 38 39 40 
30 29 33 36 37 38 
28 29 33 36 37 38 39 
2 28 32 34 35 41 42 43 44 45 31 
2 31 34 35 43 
29 30 39 
41 42 43 35 
31 32 34 43 35 45 
30 29 
29 37 
29 37 40 
33 40 
28 33 
31 42 
31 34 41 
31 32 35 45 
31 32 34 35 
31 43 35 44 

