66 548
8 9 
64 66 13 
64 65 4 5 6 15 16 17 18 19 24 
64 65 3 5 6 7 15 16 17 18 19 24 21 23 
64 65 3 4 6 7 16 17 18 19 24 21 
64 65 3 4 5 7 19 24 21 23 
30 31 45 64 65 4 5 6 24 21 
1 9 10 11 
1 8 10 11 
8 9 11 12 
8 9 10 12 
66 10 11 13 
66 2 12 
64 65 66 
64 65 3 4 16 17 18 19 
64 65 3 4 5 15 17 19 24 
64 65 3 4 5 15 16 18 19 24 
64 65 3 4 5 15 16 17 19 
64 65 3 4 5 6 15 16 17 18 21 
22 26 25 27 28 29 30 31 32 33 34 35 36 37 38 39 40 41 42 45 46 47 48 49 50 51 52 53 54 55 56 57 58 59 64 65 66 4 6 7 23 
64 65 4 5 6 7 19 24 23 
20 25 27 28 29 35 36 37 38 39 50 51 52 53 54 
45 64 65 4 6 7 21 
64 65 3 4 5 6 7 16 17 18 19 21 
20 22 27 33 34 35 46 47 49 
20 43 44 60 61 62 63 
20 22 25 33 34 35 46 47 48 49 
20 22 35 37 50 51 
20 22 37 38 39 40 52 53 54 55 56 57 58 
20 31 32 45 7 23 
20 30 32 45 23 
20 30 31 45 
20 25 27 34 46 47 48 
20 22 25 27 33 35 47 48 49 
20 22 25 27 28 34 48 49 
20 22 28 29 37 38 50 51 52 53 
20 22 28 29 36 38 50 52 53 
20 22 29 36 37 39 40 52 53 54 55 56 57 58 
20 22 29 38 40 52 53 54 55 56 57 58 
20 29 38 39 41 42 54 55 56 57 58 59 
20 40 42 59 
40 41 59 
26 60 61 62 
26 63 
20 30 31 32 23 
20 25 27 33 47 
20 25 27 33 34 46 48 
20 27 33 34 35 47 49 
20 25 27 34 35 48 
20 22 28 36 37 51 52 
20 22 28 36 37 50 52 
20 22 29 36 37 38 39 50 51 53 54 
20 22 29 36 37 39 52 54 
20 22 29 38 39 40 52 53 55 56 57 58 
20 29 38 39 40 54 56 57 58 
20 29 38 39 40 54 55 57 58 
20 29 38 39 40 54 55 56 58 
20 29 38 39 40 54 55 56 57 
20 40 42 
26 43 
26 62 
26 43 61 
26 44 63 
22 25 27 30 31 32 33 34 45 46 47 65 66 2 3 4 5 6 7 14 15 16 17 18 19 24 21 23 
30 64 66 3 4 5 6 7 14 15 16 17 18 19 24 21 23 
64 65 2 12 13 14 

