44 337
22 23 37 38 39 2 3 
22 23 29 37 38 1 3 
22 24 29 39 1 2 4 
22 24 29 39 3 5 
24 29 4 
24 7 8 9 
24 6 9 
24 6 7 9 
24 6 7 8 
22 23 25 11 12 13 14 15 16 17 18 19 20 30 31 32 33 34 35 40 41 
23 25 36 37 38 10 12 13 19 20 21 40 41 42 43 44 
10 11 13 14 15 16 17 18 30 32 33 34 
10 11 12 15 16 17 18 30 31 32 33 34 35 
10 12 15 26 27 28 
10 12 13 14 16 17 30 31 32 
12 13 15 17 30 31 
10 12 13 15 16 30 31 32 33 
10 12 13 31 32 33 34 35 40 
11 20 40 41 
10 11 19 40 
36 10 11 41 42 43 44 
23 24 25 29 36 37 38 39 1 2 3 4 10 11 21 43 44 
22 24 25 29 36 37 38 39 1 2 11 21 41 42 43 44 
22 23 29 39 6 4 5 7 8 9 
22 23 36 37 38 21 41 42 43 44 
14 27 28 
26 28 
14 26 27 
22 23 24 39 1 2 3 4 5 
10 12 13 15 16 17 31 32 33 
10 12 13 15 16 17 18 30 32 33 34 
10 12 13 15 17 18 30 31 33 34 
10 12 13 17 18 30 31 32 34 
10 12 13 31 32 33 35 
10 12 13 18 34 40 
22 23 25 37 38 21 
22 23 25 36 38 1 2 
22 23 25 36 37 1 2 
22 23 24 1 3 4 
10 11 18 19 20 35 
10 11 19 21 42 43 44 
11 21 41 43 44 
11 21 41 42 44 
11 21 41 42 43 

