28 239
19 20 23 2 3 13 14 15 
19 20 23 1 3 14 15 
20 1 2 13 14 15 
16 24 
17 18 21 22 24 
16 17 18 22 25 26 7 8 9 
16 17 18 21 22 25 26 6 8 
16 17 18 21 22 25 26 6 7 9 
17 18 21 22 25 26 6 7 8 
16 19 23 27 28 11 12 
16 19 27 28 10 12 
16 19 23 28 10 11 
19 20 23 1 2 3 14 15 
19 20 1 2 3 13 15 
20 1 2 3 13 14 
17 18 19 20 21 22 23 24 25 26 27 28 1 4 5 6 7 8 9 10 11 12 
16 18 21 22 24 25 26 27 5 6 7 8 9 
17 21 22 24 25 26 27 5 6 7 8 9 
16 20 23 1 2 10 11 12 13 14 
16 19 23 1 2 3 13 14 15 
16 17 18 22 24 25 26 5 6 7 8 9 
17 18 21 25 26 5 6 7 8 9 
16 19 20 28 1 2 10 12 13 
16 17 18 4 5 
16 17 18 21 22 26 6 7 8 9 
16 17 18 22 25 27 8 9 
16 17 18 26 28 10 11 
16 19 23 27 10 11 12 

