234 1834
2 3 8 9 10 11 12 21 30 31 32 33 34 35 36 37 38 39 40 61 62 66 70 77 95 96 
1 3 4 5 6 7 13 14 15 16 22 23 24 41 42 43 44 45 46 47 
1 2 5 6 7 13 41 42 43 45 3 
228 2 17 18 19 20 27 28 29 50 51 52 53 54 55 56 57 58 59 
2 3 6 7 13 41 42 43 44 45 
2 3 5 7 13 43 44 45 
2 3 5 6 13 22 44 45 46 47 
1 9 10 21 30 31 32 33 77 96 
1 8 10 21 30 31 32 33 77 96 
1 8 9 11 12 21 30 31 32 33 34 35 36 37 38 
1 10 12 37 38 40 
1 10 11 38 39 40 
3 5 6 7 43 44 45 
2 15 16 22 23 24 48 
14 16 23 24 25 48 49 
2 14 15 23 24 25 26 48 49 
4 18 19 50 51 52 53 54 55 
4 17 19 50 51 52 53 54 55 
4 17 18 20 27 28 53 54 55 56 57 58 
228 4 19 27 28 29 56 57 58 59 
1 9 10 30 31 32 33 34 35 
2 7 14 46 47 
2 14 15 16 24 48 
2 14 15 16 23 48 49 
15 16 24 26 48 49 
16 25 48 49 
4 19 20 28 29 55 56 57 58 
4 19 20 27 29 56 57 58 
4 20 28 58 
1 8 9 10 21 31 33 34 35 
1 8 9 10 21 30 32 33 34 35 
1 8 9 10 21 30 31 33 34 35 36 
1 8 9 10 21 30 31 32 34 35 36 
1 10 21 30 31 32 33 35 36 
1 10 21 30 31 32 33 34 36 37 
1 10 32 33 34 35 37 
1 10 11 35 36 
1 10 11 12 39 40 
1 11 12 38 40 
1 11 12 38 39 
2 3 5 
2 3 5 41 
2 3 6 13 44 
2 3 5 6 7 13 43 45 
2 3 5 6 7 13 44 
7 22 47 
2 7 46 
14 15 16 23 24 25 26 49 
15 24 25 26 48 
4 17 18 51 52 53 
4 17 18 50 52 53 
4 17 18 50 51 53 54 
4 17 18 19 50 51 52 54 55 
4 17 18 19 52 53 55 
4 17 18 19 27 53 54 56 57 
4 19 20 27 28 55 57 58 
4 19 20 27 28 55 56 58 
4 19 20 27 28 56 57 
4 20 29 
63 64 65 68 69 73 74 75 82 83 84 85 87 88 89 90 91 102 103 104 105 106 107 108 109 110 132 
62 66 67 70 77 95 96 122 123 124 125 126 127 
8 9 10 21 30 31 32 33 34 61 66 67 70 77 95 96 123 124 125 126 127 128 129 
60 68 71 72 78 79 80 81 97 168 
60 65 68 73 74 83 84 85 86 87 88 102 103 104 105 106 
60 64 69 89 90 91 108 109 110 111 112 113 
61 62 67 69 76 94 122 
61 62 66 76 122 
60 63 64 72 73 74 81 82 83 98 99 100 101 
60 65 66 75 76 92 93 94 114 115 116 117 118 119 120 
8 9 10 21 30 61 62 95 96 127 128 129 
63 78 97 168 
63 68 79 80 81 97 98 
60 64 68 74 83 84 85 102 
60 64 68 73 83 84 85 102 103 
60 69 92 114 115 116 
66 67 69 92 93 94 117 118 119 120 121 
8 9 61 62 70 95 96 127 128 129 
63 71 79 97 168 
63 71 72 78 80 97 
63 72 79 81 97 
63 68 72 80 98 
60 68 73 100 101 
60 64 68 73 74 84 102 
60 64 73 74 83 85 102 
60 64 73 74 83 84 86 102 103 
60 64 85 87 103 104 105 
60 64 86 104 105 106 
60 64 89 106 107 
60 65 88 90 106 107 
60 65 89 107 108 
60 65 110 111 112 113 
69 75 76 93 117 118 
69 76 92 94 117 118 119 120 
66 69 76 93 118 119 120 121 
61 62 70 77 96 124 126 127 128 129 
61 62 70 77 95 
63 71 72 78 79 80 
72 81 99 100 
68 98 100 
68 82 98 99 101 
68 82 100 
64 73 74 83 84 85 103 
60 64 74 85 86 102 104 
60 64 86 87 103 105 
60 64 86 87 104 
60 64 87 88 89 107 
60 88 89 90 106 108 
60 65 89 90 107 
60 65 90 110 111 
60 65 91 109 111 112 113 
65 91 109 110 112 113 
65 91 110 111 113 
91 110 111 112 
69 75 115 116 
69 75 114 116 
69 75 92 114 115 
69 76 92 93 118 119 
69 76 92 93 94 117 119 120 
69 76 93 94 117 118 120 
69 76 93 94 118 119 121 
66 76 94 120 
61 66 67 
61 62 
61 62 95 125 126 127 
61 62 95 124 126 127 
61 62 95 124 125 127 128 
61 62 70 77 95 124 125 126 128 129 
70 77 95 126 127 129 
62 70 77 95 127 128 
131 133 134 135 138 139 140 141 147 148 149 150 151 152 154 170 171 172 173 174 175 176 177 178 179 180 
130 132 135 136 137 142 143 144 145 155 156 157 158 159 160 184 185 186 187 188 189 190 191 192 193 194 195 
63 64 68 71 72 78 79 80 81 97 131 137 146 160 162 163 164 165 166 167 168 196 198 199 200 201 202 203 
130 134 138 139 147 169 170 171 172 206 226 
130 133 138 139 147 148 149 169 170 171 172 173 174 
130 131 141 143 154 180 182 183 135 184 185 
131 142 143 144 145 155 156 157 158 159 188 189 190 191 192 193 194 
131 132 146 160 161 162 163 164 165 166 196 197 198 199 200 201 202 203 
130 133 134 147 169 170 226 
130 133 134 148 149 150 171 172 173 174 175 176 
130 141 151 152 153 177 
130 135 154 178 179 180 181 
131 135 136 143 155 184 185 186 187 
131 135 136 142 156 157 158 185 186 187 188 189 190 
131 136 145 158 159 190 191 192 193 194 
131 136 144 159 192 193 194 195 
132 137 163 164 165 166 167 201 202 203 
130 133 134 138 170 171 
130 134 139 149 150 174 175 176 
130 134 139 148 150 174 175 176 
130 139 148 149 151 152 153 175 176 177 
130 140 150 152 153 176 
130 140 150 151 153 177 
130 140 150 151 152 177 
130 131 135 141 180 181 182 183 
131 136 142 143 156 157 158 186 188 189 
131 136 143 155 157 158 187 188 189 190 
131 136 143 155 156 158 188 189 190 191 
131 136 143 144 155 156 157 188 189 190 191 192 
131 144 145 194 195 
131 132 137 161 162 196 
137 160 162 196 
132 137 160 161 196 197 198 199 200 
132 137 146 164 165 166 198 199 200 201 202 203 
132 137 146 163 165 166 167 201 202 203 
132 137 146 163 164 166 167 201 202 203 
132 137 146 163 164 165 167 202 203 
132 146 164 165 166 168 203 
78 132 
133 134 138 226 
130 133 134 138 147 171 172 
130 133 134 139 147 170 172 173 174 
130 133 134 139 170 171 173 174 
130 139 171 172 174 
130 134 139 148 149 172 173 
130 139 148 149 150 176 
139 148 149 150 175 
130 140 150 151 152 153 
130 140 179 180 181 
130 141 178 180 
130 135 141 154 178 179 181 182 
141 154 178 180 182 
135 154 180 181 
135 154 182 
135 142 185 
131 135 143 184 186 187 
131 142 143 155 185 187 188 
131 142 143 155 156 185 186 188 
131 136 143 156 157 158 186 187 189 
131 143 155 156 157 158 188 190 
131 136 143 144 156 157 189 191 192 193 
131 136 144 157 158 190 192 193 
131 136 144 145 158 190 191 193 
131 136 144 145 190 191 192 
131 136 144 145 159 195 
131 145 159 194 
132 137 160 161 162 197 198 199 200 
137 162 196 198 199 200 
132 137 162 163 197 199 200 
132 137 162 163 196 197 198 200 
132 137 162 163 196 198 199 
132 137 146 163 164 165 
132 137 146 163 164 165 166 167 203 
132 137 146 163 164 165 166 167 202 
205 207 208 209 215 216 217 218 219 220 221 222 
204 207 208 209 210 211 212 219 220 221 222 223 224 
212 213 225 226 
204 205 208 216 217 218 219 220 221 
204 205 207 209 210 211 219 221 222 223 
204 205 208 210 211 212 220 221 222 223 224 
205 208 209 211 212 213 221 222 223 224 
205 208 209 210 212 213 223 224 225 
205 206 209 210 211 213 224 225 
206 210 211 212 224 225 213 
215 216 
204 214 216 
204 207 214 215 217 218 
204 207 215 216 218 
204 207 216 217 219 
204 205 207 208 218 221 
204 205 207 208 209 219 221 222 
204 205 207 208 209 210 219 220 222 223 
204 205 208 209 210 220 221 223 
205 208 209 210 211 221 222 
205 209 210 211 212 213 225 
211 212 213 224 
169 206 
228 229 230 231 232 233 234 4 20 29 
227 229 230 231 20 59 
227 228 230 231 
227 228 229 231 
227 228 229 230 
227 233 
227 232 234 
227 232 233 234 

