31 209
3 4 5 6 7 8 9 10 11 15 16 23 24 25 26 
6 11 12 17 18 19 27 28 29 30 
1 4 7 8 9 13 14 15 22 23 
1 3 7 8 9 15 23 24 
1 3 4 7 8 9 10 11 15 16 23 24 25 26 
1 2 10 11 17 18 27 28 29 
1 3 4 5 8 9 14 15 23 
3 4 5 7 9 15 23 24 
1 3 5 7 8 15 16 23 24 25 26 
1 5 16 26 
1 2 5 6 10 16 27 
2 19 30 12 
3 14 20 21 22 31 
3 7 13 20 21 22 31 
1 3 4 5 7 8 9 23 24 
1 5 9 10 26 
2 6 18 27 28 29 
2 6 17 28 29 
2 12 30 
13 14 21 
13 14 20 
3 13 14 
1 3 4 5 7 8 9 15 24 
1 4 5 8 9 15 23 25 
1 5 9 24 26 
1 5 9 10 16 25 
2 6 11 17 
2 6 17 18 29 
2 6 17 18 28 
2 12 19 
13 14 20 21 31 

