48 366
25 26 28 32 33 34 35 2 3 4 5 
25 28 32 33 34 35 1 3 4 5 
25 28 33 34 35 1 4 5 
25 26 28 33 34 35 1 2 3 5 
25 26 28 33 34 35 1 2 3 4 
25 26 27 35 36 
26 27 36 37 38 8 
26 27 36 37 38 7 9 
27 38 39 8 10 11 
29 38 39 40 9 11 
29 39 40 9 10 
29 39 40 41 42 13 14 
29 41 42 43 12 14 15 
29 42 43 12 13 15 
29 42 43 14 
30 43 44 
30 44 45 18 19 20 
30 44 45 46 17 19 20 
30 44 45 46 17 18 20 21 
30 44 45 46 17 18 19 21 
45 46 47 48 19 20 22 
45 46 48 21 23 24 
47 48 22 24 
48 22 23 
26 27 28 31 32 34 35 1 2 3 4 5 6 
25 27 28 33 35 36 37 38 1 5 6 7 8 
26 28 36 37 38 39 6 7 8 9 
25 26 27 33 34 35 36 1 2 3 4 5 6 
39 40 41 42 43 10 11 12 13 14 15 
44 45 46 16 17 18 19 20 
25 32 
25 31 33 34 1 2 
25 26 28 32 34 35 1 2 3 4 5 
25 26 28 32 33 35 1 2 3 4 5 
25 26 28 33 34 2 3 4 5 6 
26 27 28 37 38 6 7 8 
26 27 36 38 7 8 
26 27 36 37 39 7 8 9 10 
27 29 38 40 41 9 10 11 12 
29 41 42 10 11 12 
29 39 40 42 12 13 
29 40 41 43 12 13 14 15 
29 42 13 14 15 16 
30 45 46 16 17 18 20 
30 44 46 47 48 17 18 19 20 21 22 
30 44 45 47 48 18 19 20 21 22 
45 46 48 21 22 24 
45 46 21 22 23 24 

