57 488
43 44 45 47 51 52 2 3 23 24 22 
43 44 45 47 51 52 53 1 3 23 24 22 
43 44 45 51 52 53 1 2 4 23 24 22 20 
43 45 48 52 53 3 5 22 20 
43 45 48 53 4 20 21 
27 43 45 48 21 
54 55 56 8 
54 55 56 7 
11 13 14 17 18 26 28 29 31 32 33 34 35 45 48 6 
9 13 14 17 18 25 26 27 28 29 30 45 48 6 
9 10 14 32 33 35 36 37 38 39 40 
43 46 49 50 57 
9 10 17 18 25 27 28 29 48 6 
9 10 11 26 30 31 32 33 34 
43 44 46 47 49 50 57 16 
43 47 50 15 19 
9 10 13 18 27 28 29 6 
9 10 13 17 25 28 29 
44 47 51 16 42 
43 45 52 53 3 4 5 
45 48 5 6 
43 45 52 53 1 2 3 4 23 24 
43 44 45 47 51 52 53 1 2 3 24 22 
43 44 45 51 52 53 1 2 3 23 22 
9 10 13 17 18 29 
9 10 14 31 
10 13 17 
9 13 17 18 29 
9 10 13 17 18 25 28 
9 10 14 26 31 32 33 
9 14 26 30 32 33 
9 11 14 30 31 33 34 
9 11 14 30 31 32 34 
9 11 32 33 35 
9 11 34 
11 37 38 
11 38 39 
11 36 37 39 40 
11 37 38 40 
11 38 39 
43 46 49 55 56 
43 44 47 51 19 
9 10 13 44 45 46 47 48 49 50 51 52 53 54 55 56 57 1 2 3 4 5 6 41 12 15 16 19 42 23 24 22 20 
43 45 46 47 49 50 51 52 53 57 1 2 3 15 16 19 42 23 24 
13 43 44 47 48 51 52 53 1 2 3 4 5 6 23 24 22 20 21 
43 44 47 50 55 56 57 41 12 15 
43 44 45 46 49 50 51 52 57 1 2 15 16 19 42 23 
13 17 18 27 28 29 43 45 4 5 6 21 
43 44 46 47 50 57 41 12 15 
43 44 46 47 49 57 12 15 16 
43 44 45 47 53 1 2 3 19 23 24 
43 44 45 47 51 53 1 2 3 4 23 24 22 20 
43 44 45 51 52 1 2 3 4 5 23 24 22 20 
43 55 56 7 8 
43 46 54 56 7 8 41 
43 46 54 55 7 8 41 
43 44 46 47 49 50 12 15 

