34 175
23 24 25 26 28 29 4 7 8 18 19 20 21 22 
3 9 10 2 
2 5 9 10 11 12 13 
1 7 14 16 17 
2 3 6 9 10 11 12 13 
5 14 
1 4 15 16 17 
1 18 19 20 21 22 
2 3 5 10 11 
2 5 9 11 
3 5 9 10 12 
3 5 11 13 
3 5 12 
4 6 
4 7 16 17 
4 7 15 17 
4 7 15 16 
1 8 19 20 21 
1 8 18 20 21 
1 8 18 19 21 
1 8 18 19 20 22 
1 8 21 
25 26 28 29 8 
26 27 28 30 31 32 33 34 
23 21 22 
23 24 27 28 29 30 31 32 33 
26 30 31 32 33 34 
23 24 26 29 30 
23 26 28 30 
24 26 27 28 29 
24 26 27 32 33 34 
24 26 27 31 33 
24 26 27 31 32 34 
27 31 33 

