58 386
34 36 39 40 47 2 
34 39 40 48 1 3 4 
34 36 39 40 48 1 2 4 
34 36 40 41 48 3 
34 36 41 42 48 49 6 
36 41 42 49 5 7 
34 41 42 49 50 51 6 
42 43 50 51 9 
43 52 8 
35 43 52 11 
35 10 12 
35 44 11 14 
35 44 12 14 16 17 
35 44 12 13 15 16 17 
35 44 16 17 
35 44 53 13 14 15 17 18 
35 44 13 14 15 16 18 
35 44 53 15 16 17 
53 54 20 21 
53 54 19 21 22 
54 19 20 22 
54 20 21 23 24 
54 55 22 24 25 26 
55 22 23 25 26 
55 56 23 24 26 
56 24 25 27 
55 56 25 26 28 
37 55 56 27 29 
37 45 28 30 
45 57 29 31 
37 45 57 58 30 32 
37 45 46 57 58 31 33 
37 38 45 46 57 58 32 
36 39 40 41 42 47 48 49 50 1 2 3 4 5 6 7 
43 44 52 53 10 11 12 13 14 15 16 17 18 
34 39 40 41 42 48 1 2 3 4 5 6 
38 45 55 57 58 28 29 30 31 32 33 
45 46 57 33 
34 36 40 47 48 1 2 3 
34 36 39 41 48 1 2 3 4 
34 36 40 42 48 49 50 51 4 5 6 7 
34 36 41 49 50 51 5 6 7 8 
35 50 51 52 8 9 10 
35 53 12 13 14 15 16 17 18 
37 38 46 57 58 29 30 31 32 33 
37 38 45 57 58 32 33 
34 39 1 
34 36 39 41 2 3 4 5 
34 36 41 42 50 51 5 6 7 
34 41 42 43 49 51 7 8 
41 42 43 49 50 7 8 
35 43 9 10 
35 44 54 16 18 20 21 
19 20 22 
37 56 23 24 25 26 27 28 
55 25 26 27 28 
37 38 45 46 58 30 31 32 33 
37 45 46 57 31 32 33 

