69 493
2 3 7 8 9 17 18 19 20 21 22 23 24 49 50 51 
1 3 4 7 8 9 10 11 23 24 25 26 27 28 55 56 57 58 59 60 61 62 63 
1 2 4 10 26 28 29 30 31 32 59 62 63 64 65 66 67 68 69 
2 3 10 11 28 29 30 31 32 63 64 65 66 67 68 69 
6 12 13 14 36 37 38 39 40 41 
5 14 15 41 42 43 
1 2 8 9 22 23 24 25 50 51 52 53 54 
1 2 7 9 23 24 25 50 51 52 53 54 
1 2 7 8 24 25 51 52 53 54 
2 3 4 11 26 27 58 59 60 61 62 63 
2 3 4 10 28 29 63 64 65 66 
5 13 33 34 35 36 37 
5 12 14 36 38 39 40 
5 6 13 15 39 41 42 43 
41 42 43 
6 43 44 
1 18 19 44 45 46 47 48 
1 17 19 20 47 48 
1 18 20 47 48 
1 18 19 47 48 
1 49 
1 7 22 23 
1 2 7 8 22 24 50 51 52 53 
1 2 7 8 9 23 25 50 51 52 53 54 
2 7 8 9 24 53 54 
2 10 27 55 56 57 58 59 
2 10 26 56 57 58 59 60 
2 3 4 11 29 30 63 64 65 66 
3 4 11 28 64 65 66 
3 4 66 67 
3 4 32 67 68 69 
3 4 31 69 
12 34 35 
12 33 35 36 
33 34 36 
5 12 13 34 35 37 
5 12 13 36 38 39 40 
5 13 37 39 40 
5 13 14 37 38 40 
5 13 37 38 39 
5 6 14 15 42 43 
5 6 14 15 41 43 
6 14 15 16 41 42 
6 16 45 46 
17 44 46 
17 44 45 47 
19 20 46 48 
17 18 19 20 47 
1 21 
1 7 8 23 24 51 52 53 
1 7 8 9 23 24 50 52 53 54 
7 8 9 23 24 50 51 53 54 
7 8 9 23 24 25 50 51 52 54 
7 8 9 24 25 51 52 53 
2 26 56 57 
2 26 27 55 57 
2 26 27 55 56 
2 10 26 27 59 60 
2 10 26 27 58 60 61 62 
2 10 27 58 59 61 62 
10 59 60 62 
2 3 10 59 60 61 
2 3 4 10 11 28 64 
3 4 11 28 29 63 65 
3 4 11 28 29 64 66 
3 4 11 28 29 30 65 
3 4 30 31 68 
3 4 30 31 67 69 
3 4 31 68 

