29 203
2 3 4 5 8 9 10 11 12 22 23 24 25 26 27 28 29 
1 3 4 10 11 12 13 23 24 25 26 27 28 29 
1 2 4 8 9 10 19 21 22 23 
1 2 3 9 10 11 12 23 24 25 26 
1 3 7 8 16 17 18 19 20 21 
7 14 17 18 
5 6 14 15 16 17 18 
1 3 5 9 21 22 
1 3 4 8 10 22 
1 2 3 4 9 23 24 
2 4 12 23 24 25 26 27 
1 2 4 11 25 26 27 28 29 
2 29 
6 7 14 
6 7 16 17 18 
5 6 7 15 18 
5 6 7 15 16 18 19 
5 6 7 15 16 17 19 
3 5 17 18 20 21 
5 19 21 
3 5 8 19 20 
1 3 8 9 
1 2 3 4 10 11 24 
1 2 4 11 23 25 
1 2 4 11 12 24 26 
1 2 4 11 12 25 27 28 
1 2 11 12 26 28 29 
1 2 12 26 27 29 
1 2 12 13 27 28 

