111 870
5 8 9 15 16 17 18 19 20 34 35 36 37 38 39 62 65 72 80 81 109 111 
3 4 6 7 11 12 24 25 26 27 28 29 52 53 54 55 56 57 
2 4 6 7 12 25 26 27 28 29 30 31 56 57 58 
2 3 12 13 28 29 30 31 57 58 
1 9 10 21 41 42 43 44 
2 3 11 22 23 24 25 49 50 51 52 53 
2 3 4 12 28 29 30 57 58 
1 15 16 17 34 35 37 
1 5 10 40 41 42 9 43 
5 9 41 42 43 
2 6 22 23 24 49 50 51 52 
2 3 4 7 13 30 31 59 
4 12 14 31 32 60 
13 32 33 60 61 
1 8 16 80 81 108 109 110 111 
1 8 15 34 81 109 111 
1 8 18 19 35 36 37 38 
1 17 19 20 39 40 
1 17 18 20 39 40 41 
1 18 39 40 41 42 
5 43 44 46 
6 11 23 46 47 48 49 
6 11 22 47 48 49 
2 6 11 25 50 51 52 53 
2 3 24 26 27 28 52 53 54 55 56 
2 3 25 27 28 52 54 55 56 
2 3 25 26 28 54 55 56 
2 3 4 7 25 26 27 55 56 57 
2 3 4 7 57 
3 4 7 12 31 58 
3 4 12 13 30 58 59 
13 14 33 61 
32 60 61 
1 8 16 35 36 37 
1 8 17 34 37 38 
1 8 17 34 35 37 
1 8 17 34 36 38 
1 17 18 35 37 
1 18 19 20 40 41 42 
9 18 19 20 39 41 42 
5 9 10 19 20 39 40 42 
5 9 10 20 39 40 41 
5 9 10 21 44 45 
21 43 45 
21 43 44 46 
21 22 45 47 48 
22 23 46 48 
22 23 46 47 
6 11 22 23 50 51 
6 11 24 49 51 
6 11 24 49 50 
6 11 24 25 26 53 54 
2 6 24 25 52 
2 25 26 27 52 55 
2 25 26 28 54 56 
2 3 25 26 27 28 54 
2 3 4 7 28 29 
3 4 7 12 30 31 
12 13 31 
13 14 32 33 61 
14 32 33 60 
1 63 64 65 66 68 69 70 71 76 77 78 79 93 94 95 96 97 98 99 100 101 102 103 
62 64 67 68 75 76 77 78 86 87 88 89 90 91 92 93 94 95 96 97 98 
62 63 68 69 75 76 77 78 89 90 91 92 93 94 95 96 97 
66 69 70 71 72 79 80 81 103 104 105 106 107 108 109 
62 65 69 70 71 72 79 80 101 102 103 104 105 106 
63 74 82 83 85 86 
62 63 64 69 70 76 77 93 94 95 96 97 98 99 100 
62 64 65 66 68 70 71 78 79 99 100 101 102 
62 65 66 68 69 71 79 99 100 102 
62 65 66 69 70 79 101 102 103 
15 65 66 80 81 105 106 107 108 109 110 111 
67 74 82 83 84 85 86 
73 75 84 86 
63 64 74 86 87 89 
62 63 64 68 77 78 92 93 94 95 96 97 
62 63 64 68 76 78 93 94 95 96 97 98 99 100 
62 63 64 68 69 76 77 93 94 95 96 97 98 99 100 
62 65 66 69 70 71 101 103 
15 65 66 72 81 106 107 109 110 111 
15 16 65 72 80 107 108 109 110 111 
73 83 
67 73 74 84 85 
67 73 83 85 
67 73 74 83 84 86 
67 73 74 75 85 87 
63 75 86 88 89 
63 75 87 89 
64 75 87 88 
63 64 91 92 
64 90 92 
63 64 76 90 91 
62 63 68 76 77 78 94 95 96 97 
62 63 64 68 76 77 78 93 95 97 98 
62 63 64 68 76 77 78 93 94 96 97 98 
62 63 64 68 76 77 78 93 94 95 97 98 
62 63 64 68 76 77 78 93 94 95 96 98 
62 63 64 68 77 78 94 95 96 97 99 100 
62 68 69 70 77 78 98 100 
68 69 70 77 78 98 99 
62 66 69 70 71 79 102 
62 66 69 70 101 
62 65 66 71 79 104 
65 103 105 
65 66 72 104 106 
66 72 80 105 107 
65 80 81 106 108 109 110 111 
65 72 80 81 107 109 110 111 
65 72 80 81 107 108 110 111 
80 81 107 108 109 111 
72 80 81 107 108 109 110 

