110 746
2 5 8 9 10 19 20 21 22 23 32 33 34 35 36 37 38 39 40 60 
1 8 18 19 20 21 22 32 33 34 35 
4 6 7 14 29 30 49 52 53 54 55 56 57 
3 7 14 15 16 31 56 57 58 59 
1 11 12 13 23 24 25 40 41 42 43 
7 11 14 27 28 29 30 47 48 49 50 51 52 53 54 55 
3 4 6 14 15 57 58 
1 2 21 35 
1 37 38 39 
1 5 11 12 13 23 24 25 40 41 42 43 
5 6 10 12 13 23 24 25 26 27 28 29 43 44 45 46 47 48 
5 10 11 13 25 26 27 28 43 44 45 46 47 48 
5 10 11 12 25 26 27 28 43 44 45 46 47 48 
3 4 6 7 56 
4 16 31 58 59 
4 15 31 59 
18 87 
2 17 19 32 
1 18 32 
1 8 33 34 
1 2 8 22 34 35 36 
1 2 21 35 36 
1 5 10 11 24 25 40 41 42 43 
5 10 11 23 25 42 43 
5 10 11 12 13 23 24 26 43 44 45 46 
11 12 13 25 27 28 29 44 45 46 47 48 
11 12 13 26 28 30 44 46 47 48 49 
6 11 12 13 26 27 29 30 47 48 49 50 
3 6 11 26 27 28 30 47 48 49 50 51 52 
3 6 27 28 29 47 48 49 50 51 52 
4 15 16 59 
1 2 18 19 
1 2 8 20 34 
1 2 8 20 21 35 
1 2 8 21 22 34 36 
1 21 22 35 
9 38 
1 9 37 
1 9 
1 5 10 23 41 42 
5 10 23 40 42 
5 10 23 24 40 41 
5 10 11 12 13 23 24 25 44 
11 12 13 25 26 27 43 45 46 47 
11 12 13 25 26 44 
11 12 13 26 27 44 45 47 
11 12 13 26 27 28 29 30 44 46 48 
6 11 12 13 26 27 28 29 30 47 49 
3 6 27 28 29 30 48 50 51 52 
6 28 29 30 49 51 52 
6 29 30 49 52 53 
3 6 29 30 49 50 51 53 
3 6 51 52 54 55 
3 6 53 55 
3 6 53 54 
3 4 14 57 
4 7 14 56 
4 7 59 
4 16 31 58 
1 2 61 62 63 68 69 70 77 79 80 81 82 83 84 85 86 87 104 105 106 107 108 60 
60 62 64 65 66 73 74 75 76 98 99 100 101 
60 61 66 74 75 76 99 100 101 
60 68 69 80 81 82 83 84 106 107 108 
61 65 71 72 73 92 93 94 95 96 97 
61 64 66 71 72 73 96 97 98 
61 62 65 73 74 98 99 100 101 
91 92 
60 63 69 80 81 82 104 105 106 
60 63 68 82 83 84 107 108 
60 85 86 87 109 110 
64 65 72 95 96 
64 65 71 96 
64 65 66 96 97 98 99 
61 62 66 99 100 
61 62 76 101 102 103 
61 62 75 102 103 
60 78 79 
77 79 
77 78 
60 63 68 81 104 105 
60 63 68 80 82 105 106 
60 63 68 69 81 83 84 106 
60 63 69 82 84 107 
60 63 69 82 83 107 108 
60 70 86 87 109 110 
60 70 85 109 110 
17 60 70 85 86 109 110 
89 88 
88 90 91 
89 91 
67 89 90 
64 67 93 94 95 
64 92 94 95 
64 92 93 95 
64 71 92 93 94 
65 71 72 73 97 
64 65 73 96 
61 65 66 73 99 
61 62 66 73 74 98 
61 62 66 74 99 
61 62 66 75 
75 76 103 
75 76 102 
60 68 80 105 
60 68 80 81 104 
60 63 68 81 82 
60 63 69 83 84 108 
63 69 84 107 
70 85 
110 70 85 86 87 

