64 367
13 14 20 21 22 23 39 40 41 42 43 44 1 
3 15 16 27 28 29 49 50 51 
2 4 15 16 17 30 52 
3 5 16 17 18 52 53 54 
4 6 18 
5 7 19 31 55 56 57 58 59 60 61 62 
6 19 31 32 60 61 62 63 64 
9 10 11 33 34 35 36 
8 10 11 33 34 35 36 
8 9 11 33 34 35 36 
8 9 12 13 20 36 37 38 
11 13 20 21 37 38 
1 11 12 20 21 22 39 40 41 42 
1 24 45 46 
2 3 16 17 30 
2 3 4 15 17 30 
3 4 15 16 18 53 
4 5 17 53 54 
6 7 32 60 61 62 63 64 
1 11 12 13 21 22 39 
1 12 20 22 39 40 41 
1 13 20 21 39 40 41 42 
1 41 42 43 44 
14 25 26 27 46 48 49 
24 26 27 47 48 49 
24 25 27 47 48 49 
2 24 25 26 28 49 50 
2 27 29 49 50 51 
28 50 51 
2 3 15 
6 7 57 58 59 60 61 
7 19 63 64 
8 10 34 35 
8 9 10 33 35 
8 9 10 33 34 
8 9 10 11 37 
11 12 36 38 
11 12 20 37 
1 13 20 21 22 40 41 42 
1 13 20 21 22 39 41 42 
1 13 21 22 23 39 40 42 
1 22 23 40 41 
23 44 
1 23 43 
14 24 46 47 
14 24 45 47 48 
24 25 26 45 46 48 
24 26 45 46 47 
2 24 25 26 27 28 50 
2 29 49 51 
2 28 29 50 
3 4 17 18 53 54 
4 17 18 52 54 
4 18 53 
6 56 57 
6 55 
6 31 55 58 59 
6 31 59 
31 57 
6 7 19 31 61 62 63 
6 7 19 31 60 62 
6 19 60 61 63 
7 19 32 60 62 
19 32 63 

