84 521
2 3 4 5 8 9 13 14 15 16 18 19 24 26 27 29 31 32 33 36 37 38 39 42 
1 3 4 5 6 7 8 9 13 14 15 17 18 19 27 28 29 30 33 34 35 36 37 39 40 
1 4 5 6 8 10 11 12 13 14 21 22 23 24 25 26 27 42 46 47 56 57 
1 2 12 14 24 26 
1 4 6 8 9 14 15 26 27 28 29 
1 2 3 4 7 9 13 14 15 27 28 29 30 32 
1 2 5 6 8 9 16 17 30 31 33 35 36 38 
2 3 5 9 14 15 27 28 29 30 32 33 
2 5 6 7 8 15 16 29 30 31 32 33 
11 21 23 
4 10 12 23 
3 4 10 
1 2 3 6 24 25 26 
1 3 6 8 15 27 28 
9 29 30 
1 2 7 18 30 
2 18 
2 7 16 17 19 36 37 39 40 
37 38 39 
22 23 
10 22 23 
3 10 20 21 23 
3 10 11 12 20 21 
1 3 
4 24 
3 5 13 
2 3 5 8 14 28 
2 6 15 
1 2 6 9 30 
1 2 7 9 16 29 32 
1 6 7 8 9 30 32 34 
1 6 7 8 9 30 33 34 
2 7 9 16 30 32 35 
1 16 32 33 
1 7 17 
2 18 19 37 38 39 40 
1 2 36 
37 39 
1 36 40 
18 37 38 
1 2 3 4 5 10 42 44 46 47 48 49 50 51 52 53 54 55 56 57 58 59 60 41 61 62 63 64 65 66 67 68 70 
41 44 45 47 52 54 55 56 62 63 65 66 
48 58 59 
41 42 45 51 52 53 62 63 
41 42 46 52 54 55 63 64 65 
47 55 64 65 
21 22 23 57 66 
41 43 
41 60 
41 61 
41 42 44 45 62 
41 44 45 46 51 53 54 63 64 
41 42 44 52 54 63 
41 42 45 46 52 55 63 65 66 
42 46 52 54 63 64 65 66 
10 21 22 42 46 47 66 
21 41 
41 59 
43 58 60 
49 41 
41 50 
41 44 
41 45 46 64 
41 42 45 52 54 55 63 65 
42 45 46 54 
54 55 
68 69 70 71 72 73 75 77 78 74 79 80 81 67 83 
43 48 67 70 73 74 76 77 79 80 82 83 84 
67 69 
67 68 77 79 80 83 84 
67 69 73 
71 74 78 
67 68 71 72 74 81 
68 74 81 
68 70 77 79 82 83 
67 68 75 77 80 
67 68 76 80 83 84 
67 71 
67 70 75 82 
67 68 83 
72 74 
67 75 79 
67 77 80 
70 76 

