55 165
20 47 26 
40 9 
46 50 49 
18 20 52 
17 53 19 
16 22 
9 10 15 17 
10 15 
2 7 15 16 
7 8 
22 11 
21 19 13 23 
21 12 14 
13 23 
7 8 9 17 
6 9 22 
7 15 17 
4 20 18 
5 53 12 
18 1 52 
22 13 12 
6 16 21 11 
12 14 23 
51 30 38 24 
26 27 
1 25 27 
25 26 
41 42 54 28 
43 39 45 
55 24 38 
33 35 31 
35 46 
31 35 46 
47 34 
31 32 33 
50 36 
46 50 
30 52 24 
39 29 41 42 
55 2 
39 28 54 
39 28 
48 29 45 53 
48 45 
43 44 48 29 53 
32 50 3 37 
1 34 
43 44 45 49 
48 3 
46 3 36 37 
52 55 24 38 
4 20 51 38 
43 5 45 19 53 
41 28 
40 51 30 

