47 183
46 1 
3 6 7 8 10 
2 10 11 14 
12 18 
13 29 
2 7 8 
2 6 10 
2 10 13 
13 29 
2 3 7 8 13 
3 14 
25 4 16 17 18 
8 10 5 9 
3 11 
31 32 33 16 17 18 19 36 
12 4 15 18 19 
12 15 19 26 
12 4 15 16 19 
15 16 17 18 
31 33 
23 24 25 45 
24 25 45 
21 24 27 28 29 39 37 45 44 
21 22 23 45 
12 21 22 
43 17 42 
22 23 39 45 44 
23 30 39 37 41 44 
5 9 39 37 
28 37 41 
20 33 47 15 
47 15 36 
20 31 15 
35 34 
34 37 35 
32 46 47 15 38 
23 28 29 30 35 41 44 
36 38 
23 27 28 29 45 44 
43 42 
28 30 37 44 
40 43 26 
40 26 42 
23 27 28 39 37 41 
21 22 23 24 27 39 
47 36 1 46 
32 46 36 47 

