35 245
20 21 29 2 15 16 18 
29 1 15 17 
21 29 
22 24 32 33 
20 22 4 6 
22 23 24 25 30 31 32 5 
20 23 30 32 34 6 8 
22 23 25 33 7 9 10 
24 11 
25 26 9 11 
26 27 9 10 
20 26 27 28 35 13 
27 12 
20 28 14 15 
21 28 29 2 14 16 17 18 
1 15 
29 1 2 16 19 
2 15 
21 1 2 
22 23 24 25 26 27 28 29 30 31 32 33 34 35 1 4 5 6 7 8 9 10 11 12 13 14 
20 27 28 29 1 2 3 14 15 16 18 19 21 
20 23 24 30 31 32 33 34 5 6 7 8 
22 24 25 26 31 32 33 34 35 6 7 9 10 11 
20 25 26 30 31 32 34 7 8 9 10 
20 22 23 24 26 30 31 32 33 34 6 7 8 10 
20 23 27 35 9 10 11 12 
20 21 26 11 12 13 
20 21 27 13 14 
20 2 3 15 16 17 18 19 
22 24 25 32 33 34 4 5 6 7 
22 23 24 30 32 5 7 
20 34 4 5 6 7 
20 23 30 32 34 6 8 
20 22 23 24 25 30 32 33 6 7 8 
12 13 

