382 2833
2 4 5 6 7 1 374 
1 5 6 7 
1 4 
1 3 4 8 
1 7 
1 2 
1 2 5 
4 379 
1 2 10 11 12 13 14 15 24 25 367 9 
9 10 11 12 13 14 
9 10 
9 13 
9 10 12 
9 10 
9 16 17 18 19 20 21 22 23 24 25 26 37 59 
15 20 22 23 
15 18 
17 19 
15 18 
15 16 21 
15 20 
15 16 
15 16 
9 15 16 17 18 19 20 21 25 26 27 28 29 30 31 33 34 35 36 37 39 59 24 
9 15 16 17 18 19 20 21 22 24 26 27 28 29 31 33 34 36 37 39 59 
25 29 
24 25 28 32 37 
24 25 27 30 32 37 
24 25 26 31 33 
24 28 
25 29 24 
27 28 
24 25 29 
24 25 35 
24 34 35 
24 25 
27 28 37 
9 15 24 25 37 39 40 41 42 43 44 45 46 49 59 65 294 335 348 373 38 
38 41 42 43 46 48 
38 44 
38 39 45 41 
38 42 48 
38 39 46 47 
38 40 
38 41 
38 39 43 46 
43 47 
39 42 
15 24 25 38 50 51 52 53 54 55 56 57 58 59 65 294 335 348 49 
49 51 55 
49 50 51 55 56 
49 53 57 58 
49 52 57 58 
49 54 
49 50 51 
49 51 
49 52 53 
49 52 53 
15 24 25 50 60 61 62 63 64 59 
59 61 64 
60 62 
62 59 61 
59 63 
59 60 
25 38 49 59 66 67 68 69 70 71 72 73 74 65 75 76 78 79 81 77 87 89 92 93 102 294 335 348 
65 71 72 66 
65 69 70 
65 67 69 
65 67 68 
65 67 70 
65 66 72 75 76 
65 66 71 75 76 
65 66 74 73 
65 73 
65 72 
65 71 75 
1 9 15 16 24 25 37 38 39 49 50 59 65 66 67 68 69 70 71 72 73 74 75 76 78 79 80 81 82 83 84 85 86 87 88 89 90 91 92 93 94 95 96 97 98 99 100 101 102 103 104 105 106 113 114 119 120 121 124 125 126 129 132 135 136 144 145 146 153 154 165 166 177 181 182 184 196 199 200 201 218 219 229 236 242 243 257 263 268 269 281 294 295 299 300 307 308 315 319 320 335 340 348 349 350 367 373 77 
77 79 
77 78 
77 78 
77 84 
77 85 86 
77 83 
77 81 
77 82 
77 82 
88 89 90 87 91 92 93 94 95 96 97 98 99 100 102 
87 91 
87 90 
87 89 
87 88 
88 93 94 95 92 96 97 98 99 100 
88 89 91 92 94 95 96 97 98 100 101 102 
93 95 97 98 99 100 101 
93 94 99 100 
92 93 
92 93 98 
92 93 94 97 101 
92 93 94 95 101 
92 93 94 95 
93 94 98 99 
92 93 103 104 105 107 108 109 110 102 111 112 113 
104 105 107 108 110 112 
104 102 103 105 
102 103 104 109 110 
102 103 
102 103 108 107 
102 103 107 111 
102 103 105 
103 105 
102 108 
102 105 
102 114 115 116 117 113 118 120 121 
113 115 116 117 118 114 120 121 
113 114 117 
113 114 118 
114 115 
113 116 
120 119 126 129 
114 119 121 120 126 
114 115 116 117 120 123 
121 123 
121 122 
113 119 120 125 126 127 128 129 124 132 133 134 135 136 153 165 
124 126 128 125 132 
119 120 124 125 129 130 131 126 
124 127 
124 125 128 
124 126 131 
126 129 
126 130 
125 127 133 134 132 
132 134 133 
132 133 134 
132 136 137 138 139 140 141 142 143 144 145 146 
132 135 138 139 140 142 143 144 145 
135 137 
135 136 139 138 
135 136 
135 136 
135 141 
135 136 143 
135 136 142 
135 136 145 146 147 148 149 144 151 166 
137 144 146 147 148 149 150 151 152 145 
144 145 147 150 152 
144 145 146 148 149 151 
144 147 
144 145 147 
145 
145 147 
146 149 
124 135 136 144 145 146 147 154 155 156 157 158 159 153 162 163 165 166 167 168 169 170 177 200 201 
153 155 156 158 154 160 161 
153 154 156 158 160 161 
153 154 155 
159 162 
153 155 
153 157 163 
154 155 161 
154 155 
153 157 
153 159 
1 2 3 4 9 10 11 15 16 17 18 19 20 21 24 25 26 27 28 29 37 38 39 40 41 42 43 46 49 50 51 52 53 54 59 63 60 61 62 65 66 67 68 69 70 71 72 73 74 77 78 79 80 81 82 87 88 89 90 91 92 93 94 95 96 97 98 99 100 101 102 103 104 105 106 107 108 109 110 113 114 115 116 117 118 119 120 121 122 123 124 125 126 127 128 129 130 131 132 133 134 135 136 137 138 139 140 141 142 143 144 145 146 147 148 149 150 151 152 153 154 155 156 157 158 159 160 161 162 163 165 166 167 168 169 170 164 171 172 173 174 175 176 177 178 179 180 181 182 183 184 185 186 187 188 189 190 191 192 193 194 195 196 197 198 199 200 201 202 203 204 205 206 207 208 209 210 211 212 213 214 215 216 217 218 219 220 221 222 223 224 225 226 227 228 229 230 231 232 233 234 235 236 237 238 239 240 242 243 244 245 246 247 248 249 250 251 252 253 254 255 256 257 258 259 260 261 262 263 264 265 268 269 270 271 272 273 274 275 276 281 282 283 284 285 294 295 296 299 300 301 302 307 308 309 310 311 315 316 317 319 320 321 322 323 324 325 327 335 336 340 341 342 343 348 349 350 351 352 353 354 355 367 368 369 373 374 375 376 377 
124 135 136 144 145 153 154 155 156 164 166 167 168 169 170 172 173 174 175 176 177 178 184 200 201 
144 154 164 165 167 168 169 170 172 173 174 175 176 
165 166 168 169 171 
165 166 167 169 172 174 
164 165 166 167 168 172 174 
164 165 166 176 
164 167 
164 165 166 168 169 
164 165 176 
164 165 166 168 169 172 
164 165 166 
165 166 170 173 
153 165 166 167 179 183 184 185 186 188 194 195 181 200 201 
177 179 180 184 185 186 
177 178 180 
177 178 179 
9 15 24 25 38 49 59 65 77 87 92 93 102 103 104 113 119 120 121 124 125 126 132 135 136 138 140 144 145 146 147 153 154 155 156 157 158 165 166 167 168 169 170 164 171 172 173 177 178 179 180 182 183 184 185 186 187 188 189 190 191 192 193 194 195 181 196 197 198 199 200 201 202 203 204 205 207 208 209 210 212 218 219 220 221 229 230 231 232 236 242 243 244 250 257 263 268 269 281 282 294 295 299 300 301 307 308 315 319 320 335 340 348 350 367 373 
153 165 166 167 177 178 181 183 184 185 186 187 188 189 190 191 182 192 193 196 197 200 201 218 219 236 242 263 294 335 
181 182 184 187 189 190 192 193 
178 181 182 183 185 186 188 191 194 
178 181 182 184 186 188 191 194 
178 181 182 184 185 194 
181 182 183 189 190 
181 182 184 185 191 
181 182 183 187 192 
182 183 187 
181 182 184 185 188 
181 183 
181 182 183 
181 184 185 186 
181 
197 198 212 219 
196 197 
196 198 
1 9 15 24 25 38 49 59 65 77 87 92 93 102 103 104 113 119 120 121 124 125 126 132 135 136 138 144 145 146 147 153 154 155 156 157 165 166 167 168 169 170 177 178 179 181 182 183 184 185 186 187 188 189 190 191 194 196 197 198 200 201 202 203 204 205 206 207 208 209 210 211 212 213 214 215 216 217 218 219 220 221 222 223 224 225 226 227 228 229 230 231 232 233 234 236 237 238 239 242 243 244 245 246 248 250 251 252 257 258 259 263 268 269 270 271 281 282 294 295 296 299 300 301 307 308 309 315 316 319 320 321 335 340 348 349 350 367 373 
153 165 177 196 197 198 199 201 202 203 204 205 206 207 208 209 210 211 212 215 216 217 218 219 220 229 230 236 243 257 263 
153 165 166 177 183 184 196 197 198 199 200 202 203 204 205 207 208 209 210 211 212 215 216 217 218 219 229 230 236 243 257 263 
199 200 201 203 204 207 208 202 213 214 
199 200 201 202 204 205 208 209 
199 201 202 203 207 208 213 214 
199 200 201 203 209 210 
199 200 
199 200 201 204 213 
200 201 202 203 204 
199 200 201 203 205 
200 201 205 211 
199 200 201 210 
199 200 201 
199 202 204 
199 202 204 
200 201 
199 200 
199 200 201 
202 219 220 221 222 223 218 225 226 229 230 231 
196 202 203 204 218 220 221 223 224 227 228 229 
219 221 222 
218 220 223 
218 220 225 
218 219 221 227 
219 228 
218 222 
218 220 
219 223 
219 224 
218 230 231 232 229 236 
229 231 232 233 234 235 230 
229 230 232 231 233 234 235 
229 230 231 233 234 235 
230 231 232 
230 231 232 
230 231 232 
200 201 218 219 229 230 231 232 237 238 239 236 240 241 245 246 250 257 263 
236 
236 239 240 
236 238 
236 238 241 
236 240 
153 165 182 200 201 218 219 229 230 236 237 238 243 244 245 246 247 248 249 250 251 252 253 255 257 259 263 268 269 294 295 335 340 348 
200 201 229 236 242 244 245 246 247 248 243 250 251 252 257 263 
242 243 250 
242 243 245 246 248 249 
242 243 245 
242 243 244 
242 245 
242 245 
244 251 252 253 254 255 256 
250 251 
250 255 
250 254 256 
250 253 
250 252 
250 253 254 
200 201 236 243 250 251 258 259 261 262 263 268 269 295 257 
257 260 262 258 
257 261 259 
257 258 260 
257 259 
257 258 
200 201 236 243 250 257 258 259 260 265 266 267 268 269 270 295 
263 265 266 
263 264 
263 264 265 
263 267 
257 263 269 270 271 272 273 274 275 276 277 278 279 280 282 295 268 
268 270 271 274 275 276 280 269 
268 269 271 278 
268 270 274 275 276 
268 272 
268 277 
268 269 271 275 276 
268 269 274 276 
268 269 271 274 275 
268 273 
268 270 279 
270 278 
268 269 
9 15 24 25 38 49 59 65 153 165 182 200 201 236 242 243 257 263 268 269 270 271 282 283 284 285 286 281 287 288 289 290 291 292 293 294 295 296 297 298 299 300 301 307 308 309 310 311 315 316 319 320 321 335 340 348 350 367 373 
281 284 285 286 283 289 
282 286 283 288 
281 282 290 291 292 293 
281 282 
281 282 283 287 
281 286 
281 283 
281 282 
281 291 
281 284 290 292 
281 284 291 293 
281 292 
9 15 25 38 49 65 153 165 182 200 201 236 242 243 257 263 268 269 270 271 282 283 284 285 286 281 287 288 289 290 291 292 293 295 296 297 298 294 299 300 301 307 308 309 310 311 315 316 319 320 321 335 340 348 350 367 373 
257 263 268 269 282 283 284 286 294 296 297 298 295 299 300 301 307 308 309 310 315 319 320 
294 295 297 
294 295 296 
294 295 
300 301 302 303 304 305 307 308 309 310 311 315 
299 301 302 304 305 306 307 308 309 310 315 
296 299 300 302 306 307 308 309 310 
299 300 301 
299 303 
299 300 
299 300 
300 301 
299 300 301 308 309 310 311 312 313 314 315 307 
299 300 301 303 307 309 310 311 313 314 315 
307 308 310 311 312 
308 309 311 313 314 
307 308 309 310 312 
307 309 311 
307 308 309 
307 308 310 
299 300 307 308 309 316 315 
315 317 318 316 
316 318 
316 317 
295 307 308 315 316 320 321 322 323 324 325 326 327 328 329 330 319 331 332 336 
295 299 307 308 315 316 317 319 321 322 323 324 325 326 327 328 329 330 331 332 333 334 336 350 
319 320 322 323 325 336 335 
319 320 321 325 336 
319 320 321 326 
319 320 327 328 329 330 332 333 334 
319 320 321 322 
319 323 
319 320 324 328 329 330 332 
320 324 329 330 332 
319 320 324 327 330 
319 320 324 327 329 333 
319 320 
319 320 324 327 328 
324 330 334 
320 324 333 
1 9 15 24 25 38 49 59 65 182 200 201 236 242 257 263 268 269 282 294 295 299 300 301 307 308 309 310 315 316 317 319 320 321 322 323 324 325 326 327 328 329 330 331 332 336 337 338 339 340 341 342 348 349 350 367 373 335 
335 339 
335 338 
335 337 
335 336 
1 9 15 25 242 294 295 307 308 315 316 319 320 321 335 341 342 343 340 344 345 346 347 348 349 350 351 352 353 354 355 357 358 359 360 366 367 373 375 
340 342 343 344 
340 341 345 346 347 342 
340 341 342 
340 341 
340 342 
340 342 
342 
1 9 15 24 25 38 49 59 65 201 242 263 268 294 295 299 307 308 315 316 319 321 322 335 340 341 342 343 344 345 346 349 350 351 352 353 354 355 356 357 358 359 360 361 348 362 363 364 365 366 367 368 373 374 
341 348 350 351 352 353 354 355 356 357 361 
341 342 343 348 349 351 352 353 354 355 357 358 359 360 362 363 364 365 366 
348 349 350 352 
348 349 350 351 355 356 361 
348 349 350 358 362 
348 349 350 353 358 359 362 
348 349 350 352 356 361 
349 352 355 361 
348 349 350 
348 350 353 354 362 
348 350 354 364 
348 350 
348 349 352 355 356 
348 350 353 354 358 
359 364 
348 350 359 363 
348 350 360 
348 350 
1 9 349 350 368 369 370 371 372 374 375 376 377 381 367 
367 369 370 371 372 375 377 
367 368 369 
367 368 
368 372 
367 368 371 
1 2 3 4 5 8 9 15 24 25 38 294 319 320 335 340 348 349 350 367 368 369 374 375 376 377 378 379 380 373 
373 375 376 378 380 
368 369 370 371 373 374 376 377 381 382 
373 374 375 378 380 
375 381 377 382 
373 374 376 
379 373 
373 376 378 
375 377 
375 377 

