2550 9789
5 6 
6 19 20 
1 15 19 20 
5 7 
1 4 6 
1 2 5 
4 7 
9 11 13 28 
8 9 11 
13 79 
8 9 175 177 
26 27 28 160 161 162 177 178 
8 10 26 27 28 
16 17 18 29 
3 17 20 29 
14 18 29 
14 15 21 
14 16 19 20 29 
2 3 18 20 
2 3 15 18 19 
17 30 31 33 
32 35 37 38 
25 23 
41 171 
23 41 159 
12 13 28 43 81 178 258 
12 13 43 81 178 
8 12 13 26 43 
14 15 16 18 
21 31 32 33 
21 30 
22 30 38 
21 30 
40 41 34 
22 37 38 39 96 103 
38 39 96 103 
22 35 39 96 
22 32 35 36 
35 36 37 96 103 
34 41 42 201 
24 25 34 40 
40 194 201 202 203 
26 27 28 81 103 178 
45 96 103 294 
44 218 219 
47 46 
46 123 47 
53 54 124 
50 51 49 
49 50 
49 52 53 
51 54 132 
48 51 54 124 131 132 133 
48 52 53 131 132 133 
56 61 62 63 64 
55 61 63 64 
62 346 
59 60 
58 63 
58 63 
55 56 63 64 
55 57 146 345 
55 56 59 60 61 64 
55 56 61 63 
67 77 80 
70 71 72 88 
65 80 88 602 
69 82 83 86 87 261 
68 82 
66 71 72 73 
66 70 88 262 602 604 
66 70 88 262 
70 87 260 262 
76 91 
92 75 
74 95 
65 80 95 
79 97 
10 78 
65 67 77 95 102 602 
26 27 43 103 258 294 
68 69 84 86 261 
68 258 275 276 
85 82 86 87 
85 87 89 277 
68 82 84 261 
68 73 82 84 85 260 261 
67 71 72 602 603 604 
85 277 602 603 604 
92 93 90 
91 74 93 
91 75 90 
90 91 
90 97 109 
76 77 80 101 606 
35 36 37 39 44 103 
78 94 105 97 
100 106 115 118 119 121 
106 115 118 99 
98 106 114 115 118 119 121 
95 112 613 
80 613 
35 36 39 43 44 81 96 
276 295 
97 105 
98 99 100 115 118 119 121 
127 107 
110 127 
94 109 
108 112 113 
113 127 
101 110 117 613 
110 111 114 117 
100 117 121 122 114 
98 99 100 106 118 119 121 
120 121 122 613 614 616 617 
112 113 114 120 121 122 613 614 616 617 
98 99 100 106 115 118 
98 100 106 115 121 122 307 
116 117 122 613 614 616 617 
98 100 106 114 115 116 117 119 
114 116 117 119 120 616 617 
47 133 
48 53 
126 128 134 
125 128 
107 108 111 127 
125 126 
132 133 138 
140 130 
53 54 133 
52 53 54 129 
53 54 123 129 131 
125 140 142 
136 141 142 143 
135 143 
145 324 327 626 744 
129 139 146 147 
138 140 146 147 
130 134 139 142 140 
135 143 152 153 
134 135 140 143 
135 136 141 142 144 
143 153 157 144 
137 327 328 336 144 145 
62 138 
138 139 148 
147 411 
415 416 419 
155 423 
153 155 156 423 
141 151 156 
141 144 151 156 
158 422 154 
150 151 423 
151 152 153 157 423 
144 156 335 157 
154 631 
159 171 179 
12 162 164 175 176 177 
12 162 164 176 177 
12 160 161 164 176 177 178 
163 159 
160 161 162 176 
167 168 170 181 182 188 189 
168 170 181 182 189 
165 181 182 167 
165 166 170 181 182 189 
183 192 
165 166 168 
24 159 173 179 
179 195 197 199 200 204 
171 179 199 200 
175 176 199 200 201 203 
11 160 174 177 201 
160 161 162 164 174 203 
11 12 160 161 162 175 178 
12 26 27 43 162 177 
159 171 172 173 
264 267 
165 166 167 168 
165 166 167 168 188 189 
169 192 163 183 
187 191 192 211 
187 193 207 
193 268 270 286 287 288 
184 185 211 214 215 
165 182 190 
165 166 168 182 
188 1214 
184 192 1204 191 
169 183 184 191 
185 186 187 215 
40 42 196 197 198 199 200 204 217 
172 197 198 199 200 204 217 
194 198 199 200 217 
172 194 195 204 
194 195 196 200 204 216 217 
172 173 174 194 195 196 204 
172 173 174 194 195 196 198 204 
40 42 174 175 202 203 
42 201 219 
42 174 176 201 
172 194 195 197 198 199 200 216 217 
211 212 213 214 
294 206 299 
185 212 214 
210 208 225 
210 208 225 
208 209 225 
184 187 205 213 
187 205 207 214 212 
205 211 214 
185 187 205 207 212 213 
187 193 304 
198 204 217 227 
194 195 196 198 204 216 
45 220 230 218 
45 202 
218 229 230 220 
224 232 233 235 237 
223 228 229 234 
222 228 234 
209 221 235 237 
208 209 237 241 
240 241 1238 
216 231 232 
222 223 230 234 
218 220 222 
218 220 228 
227 233 231 
221 227 235 237 238 
221 227 231 235 
222 223 228 
221 224 232 233 237 238 
240 243 
221 224 225 232 235 238 240 241 
232 235 237 238 
248 1263 1264 1265 
226 236 237 
225 237 
249 250 251 323 1270 1271 1348 
236 247 254 
252 253 325 
249 251 319 
1263 1264 1266 
243 254 255 
239 254 1265 1276 
242 245 250 323 1348 
242 249 1279 1348 
242 245 249 323 1348 251 
244 332 
244 253 
243 247 248 1276 
247 257 
492 256 
255 257 
26 81 83 275 
261 283 284 
73 87 262 263 279 
68 82 86 87 276 
71 72 73 260 279 
260 279 
180 266 267 270 271 288 
267 270 271 265 
264 269 270 271 288 
180 264 265 269 270 288 
186 271 287 288 
266 267 271 
186 264 265 266 267 268 287 288 
264 265 266 268 269 272 287 288 
271 273 
272 292 
1286 1882 
83 258 
83 104 261 295 
85 89 262 280 281 298 701 707 
280 281 296 297 298 
260 262 263 281 285 701 
277 278 298 701 707 708 
277 278 279 298 701 707 
289 299 
259 290 
259 290 
279 291 
186 289 
186 268 270 271 289 
186 264 266 267 268 270 271 286 289 
282 286 287 288 
283 284 291 
285 290 
273 293 
292 306 293 
44 81 206 
104 276 297 300 
278 307 
278 295 
277 278 280 281 303 707 712 
282 300 302 
295 299 302 
303 309 
299 300 309 
298 301 309 712 
215 305 1309 
304 1309 305 
293 1310 1323 
119 296 
315 712 718 719 
301 302 303 311 312 
316 320 
309 315 317 318 
309 315 317 318 
323 313 
317 321 322 
308 311 312 318 315 
310 320 
311 312 314 322 720 734 736 
311 312 315 734 
245 319 
310 316 321 320 
314 320 
314 317 
242 249 251 313 319 
137 744 324 318 
244 325 
734 736 749 326 750 
137 145 626 744 327 
145 335 336 
330 331 
329 335 
329 331 
252 337 
337 339 341 1365 
341 342 343 1376 1377 
157 328 330 
145 328 542 543 
332 333 339 551 
339 546 550 551 
333 337 338 341 551 
496 1278 1281 1365 1377 
333 334 339 343 1377 
334 1376 1377 
334 341 1377 
350 351 
346 347 409 
57 345 351 
345 409 410 427 428 347 351 
354 355 356 348 
357 359 360 
344 350 
344 346 
358 361 427 438 
355 356 
348 356 357 
348 353 
348 353 354 
349 354 360 
352 361 362 
349 363 
349 357 363 
352 358 362 
358 361 362 
359 360 370 
365 377 514 364 
364 368 371 377 514 515 365 
374 375 376 379 381 
374 375 376 379 
365 370 371 372 
371 372 373 
363 372 
365 368 369 382 383 
368 369 370 373 
369 372 444 455 
366 367 376 
366 367 379 381 
366 367 381 527 
364 365 514 527 528 530 534 
380 389 393 
366 367 375 381 
378 382 383 384 385 386 393 
366 375 376 379 
371 380 383 384 385 386 393 
371 380 382 385 386 393 
382 386 393 394 
380 382 383 393 
380 382 383 384 393 394 396 
390 392 472 387 
398 388 
378 391 399 
387 392 399 471 472 
389 399 400 403 
387 390 471 472 476 
378 380 382 383 385 386 396 
384 386 
399 400 403 
386 393 
401 404 405 406 407 408 
388 401 
389 390 391 395 400 402 403 
391 395 399 403 
397 398 402 408 407 
399 401 
391 395 399 400 
397 406 407 
397 407 408 
397 407 
397 404 405 406 407 
397 401 405 
345 347 
347 411 428 
148 410 412 
411 413 
412 414 
413 628 
149 419 420 429 
149 416 419 420 429 
421 422 629 904 905 906 914 
430 431 434 
415 416 
415 416 421 
417 420 433 905 
154 417 629 
150 151 155 156 
435 436 
427 428 438 441 
428 438 
347 352 425 438 427 
347 410 425 426 438 
415 416 
418 432 434 
418 434 
430 432 
421 437 
418 430 431 450 
424 449 541 555 
424 563 564 
433 917 1028 1044 
352 425 426 427 428 
441 439 
924 925 926 927 930 936 440 
425 439 442 
441 445 447 452 453 
446 443 
373 456 444 
442 447 448 453 
443 449 456 
442 445 453 
432 445 453 
449 446 
434 563 564 
460 924 925 926 936 938 
442 456 462 
442 445 447 448 454 
453 457 440 454 
373 456 
444 446 452 455 
454 465 932 941 943 
465 941 458 
461 474 459 
451 463 944 
459 471 473 474 475 476 477 478 
452 464 
460 944 463 
462 468 469 
457 458 941 
469 572 579 
469 481 483 
464 470 581 
464 466 467 483 
468 484 
390 392 461 473 474 476 
387 390 473 476 
461 471 472 475 476 477 478 
459 461 471 476 477 478 
461 473 478 488 475 
392 461 471 472 473 474 477 478 
461 473 474 476 486 
461 473 474 475 476 
481 488 
481 482 
467 479 480 482 483 489 
480 481 489 
467 469 480 481 
470 951 
485 488 
487 486 
486 485 487 
475 479 485 
481 482 
502 505 554 
492 505 
256 491 
497 512 
495 498 1568 
494 498 509 510 511 1568 
340 498 552 1281 1568 
493 551 552 1568 
494 495 496 510 511 1281 1568 
513 516 499 
504 505 517 
503 504 505 517 554 562 
490 500 504 505 517 554 
501 505 506 517 554 562 
500 501 502 506 517 518 
490 491 500 501 502 503 517 554 
503 504 507 517 
506 512 507 
520 521 522 523 524 508 
495 510 511 
495 498 509 512 1568 
495 498 509 1568 
493 507 
499 514 516 530 
364 365 377 513 516 518 530 
365 517 518 529 530 
499 513 514 518 529 530 
500 501 502 503 504 505 506 515 
504 514 515 516 529 
532 562 569 
508 522 524 
508 522 524 
508 520 521 524 525 
508 525 1575 1585 
508 520 521 522 525 
522 523 524 533 1585 
527 528 534 536 
376 377 526 534 
377 526 530 534 
515 516 518 529 
377 513 514 515 516 528 534 
532 569 570 
519 531 569 570 577 
525 533 
377 526 527 528 530 
536 537 
526 535 
535 538 
537 539 
538 540 
539 540 
435 547 548 
336 544 545 1027 
336 545 549 770 1027 
542 1027 1028 1044 
542 543 770 1027 1028 1044 
338 550 546 
541 548 556 557 
541 548 
543 556 557 
338 546 
337 338 339 497 552 
496 497 551 553 
552 559 
490 502 503 505 
435 555 
547 549 
547 549 
561 558 
553 1665 
561 560 558 
560 1666 
503 519 
436 450 565 566 
436 450 566 
563 567 574 575 576 
563 564 
565 575 576 578 567 
1677 1689 1690 2228 2237 
519 531 532 577 
531 532 571 579 
466 570 579 
466 580 581 572 
575 576 578 581 583 584 585 
565 576 583 1071 1083 
565 567 573 578 583 1071 1074 
565 567 573 574 578 583 1057 1071 1074 
532 569 577 
567 573 575 576 
466 570 571 
572 580 
468 572 573 
584 585 592 593 1083 
573 574 575 576 584 585 1071 1083 
573 582 583 585 592 
573 582 583 584 592 
587 589 586 
586 591 
590 591 1705 
586 1686 1705 
588 1705 
587 588 
582 585 594 597 
597 1099 
592 597 1099 1105 
597 1108 595 
1108 596 
592 593 594 595 1099 
599 598 
598 602 603 
607 609 610 611 643 
609 601 
67 71 80 88 89 599 604 
71 88 89 599 604 
71 88 89 602 603 
607 608 605 
95 613 614 
600 605 609 610 612 
605 612 608 
600 601 607 610 611 643 
600 609 
600 609 611 
607 608 621 622 
101 102 112 116 117 120 606 
116 117 120 606 617 614 
619 621 622 624 615 
116 117 120 122 719 
116 117 120 122 614 719 
620 624 710 
615 623 624 625 731 733 818 
618 624 710 
612 615 
612 615 623 
615 619 622 625 
615 618 619 620 731 733 
619 623 731 733 
327 626 744 
630 627 767 
414 900 416 628 
417 422 904 
627 631 632 
158 630 632 905 
630 631 633 909 911 
632 908 911 633 
767 768 913 
637 785 
638 647 648 636 
635 639 793 
636 640 650 651 
637 650 651 804 
638 647 650 805 807 
643 644 
644 642 
600 609 641 644 
641 642 643 
646 648 653 
645 648 
636 640 
636 645 646 653 
656 657 
638 640 804 805 807 
639 804 
656 657 658 804 
645 648 655 
655 660 662 664 666 
653 654 
649 652 658 
649 652 
652 656 819 820 
819 822 828 
654 662 663 
663 664 665 669 
654 660 664 665 666 
660 661 665 669 671 
654 662 666 669 
661 662 663 
654 662 664 
677 667 
679 680 828 
661 663 664 665 
672 677 687 
663 677 
670 677 684 685 
674 675 676 677 845 
673 676 677 680 687 846 
673 677 678 680 687 688 846 
673 674 
667 670 671 672 673 674 675 
675 680 688 846 861 
668 688 846 
668 674 675 678 846 861 
682 685 
681 685 
691 693 
672 681 685 687 
672 681 682 684 
694 696 697 858 860 874 875 
670 674 675 676 684 
675 678 679 
972 973 975 976 977 
692 693 694 
683 693 694 695 979 
690 694 979 
683 690 691 694 979 
686 690 691 692 693 696 697 874 875 
691 697 698 
686 694 860 875 
686 695 860 875 
695 699 
698 983 986 
1891 700 
262 277 279 280 281 707 
703 704 705 714 
702 705 714 717 
702 713 714 717 
702 703 705 
716 717 1891 
277 280 281 298 701 
280 711 
710 709 
618 620 709 
708 718 
298 303 308 720 
704 714 715 723 729 730 
702 703 704 713 717 714 
713 717 730 
706 730 825 1981 
703 704 706 714 715 730 
308 711 719 718 
616 617 718 
317 712 
725 727 729 737 738 739 
725 727 729 738 739 
713 730 741 
725 726 727 1908 
721 722 724 727 737 739 
724 743 1907 1908 
721 722 724 725 739 
743 1909 1919 
713 721 722 
713 715 716 717 723 1909 
619 624 625 733 818 829 
748 829 
619 624 625 731 818 
318 326 735 736 
734 737 738 739 742 750 
317 326 734 750 
721 725 735 739 742 751 
721 722 735 740 746 750 751 
721 722 725 727 735 737 742 
738 746 751 752 
723 753 741 
725 735 737 739 750 
726 728 1908 
137 324 327 626 744 
747 749 750 751 752 761 
738 740 750 751 
745 761 
732 829 830 847 865 
326 736 745 746 
735 736 738 742 745 746 749 750 
737 738 740 745 746 752 
740 745 751 761 762 
741 755 
764 765 864 865 
753 765 1931 
759 858 859 
768 858 859 
760 772 774 775 758 
756 773 859 864 865 877 
758 775 
745 747 752 763 
752 760 763 
761 762 776 
754 777 864 865 
754 755 783 
769 770 772 
634 767 1033 
634 757 
766 772 
543 545 766 772 1027 
772 1029 1035 
758 766 769 770 771 774 
759 777 773 877 
758 772 778 
758 760 
763 777 1037 
773 776 
774 780 
781 782 1039 1954 
778 1955 2222 
779 1039 1041 1955 
779 783 784 1038 1039 1040 1041 1043 1957 
765 782 895 1043 
782 895 1038 1043 
635 787 790 793 785 
788 789 790 
785 790 791 793 796 797 
786 789 
789 786 788 
785 786 787 793 796 
787 792 796 797 798 800 
791 796 798 800 792 
637 785 787 790 796 
808 809 
808 809 
787 790 791 792 793 798 800 801 
787 791 798 799 
791 792 796 797 800 813 
797 806 810 813 814 
791 792 796 798 801 
796 800 808 809 
803 1962 
802 817 803 
639 650 651 652 
640 650 807 
799 810 813 821 
640 650 805 810 
794 795 801 
794 795 801 
799 806 807 813 814 821 
813 814 815 821 
814 815 
798 799 806 811 821 
799 811 812 815 
811 812 814 817 
1981 816 
803 815 
619 731 733 
658 659 828 
658 832 
806 810 811 813 
659 828 
824 831 832 
823 832 824 
716 1993 
825 1993 1994 
841 2006 2008 2009 
659 668 819 822 828 
731 732 748 
748 844 847 
823 834 
820 824 
834 849 
831 833 
837 838 839 852 853 854 
838 839 
835 839 852 
835 836 852 853 854 2021 
835 836 837 1994 
855 857 2008 
827 2006 2008 
847 848 858 859 
845 847 848 
830 842 847 848 
673 843 
674 675 678 679 680 861 
748 830 842 843 844 859 862 
842 843 844 858 859 862 
833 850 853 863 865 
849 852 853 
866 869 
835 837 838 850 
835 838 849 850 854 863 
835 838 852 853 2021 2022 
840 857 870 871 873 
869 870 871 873 2021 2022 
840 855 870 871 873 2024 
686 756 757 842 848 
756 757 759 842 847 
686 696 697 875 
678 680 846 
847 848 865 
849 850 
754 759 764 
748 754 759 764 849 862 
851 869 880 885 887 
878 879 880 881 885 886 887 889 
891 892 893 894 868 
851 856 866 871 885 
855 856 857 872 873 2022 
856 857 869 873 2022 
870 898 872 
855 856 857 871 2024 870 873 
686 694 
686 694 696 697 
882 883 1127 
759 773 
867 880 881 882 886 887 1126 1129 
867 880 881 882 886 887 1126 1129 
866 867 878 879 882 886 887 889 890 
867 878 879 886 889 890 
876 878 879 880 886 1125 1126 1127 
876 1128 
876 890 1128 
866 867 869 887 889 898 
867 878 879 880 881 882 889 1129 
866 867 878 879 880 885 897 1129 
890 893 894 898 1130 888 
867 880 881 885 886 893 894 
880 881 884 888 891 892 893 
868 884 890 893 894 1130 
868 894 
868 888 889 890 891 1130 
868 888 889 890 891 892 
783 784 
897 1958 2050 2051 
887 896 
872 885 888 
2296 2297 
628 902 903 
902 903 904 
900 901 
900 901 
417 629 901 914 
417 421 631 915 
417 914 915 
908 911 912 918 1030 
633 910 911 912 1030 
632 912 
908 912 1029 1030 
632 633 907 908 909 1030 
907 908 909 910 1029 1030 
634 1033 
417 904 906 
905 906 916 
915 918 
1028 1044 
907 916 1030 1045 
920 921 935 1047 
919 935 1047 
919 935 1047 
985 1131 1132 
925 927 928 
440 451 926 927 930 936 937 938 
440 451 923 927 928 936 938 
440 451 924 929 930 936 938 
440 923 924 925 928 936 937 
923 925 927 937 939 
926 931 932 933 942 
440 924 926 931 932 933 936 
929 930 933 942 
457 929 930 942 943 
929 930 931 942 943 
935 1072 
919 920 921 934 1047 
440 451 924 925 926 927 930 938 
924 925 927 928 939 940 945 
451 924 925 926 936 939 940 945 948 
928 937 938 940 945 
937 938 945 948 
457 458 465 943 
929 931 932 933 
457 932 941 
460 463 
937 938 939 946 947 948 
945 947 
945 946 
938 940 
957 1096 1097 
951 956 957 1096 
484 950 954 955 956 
954 955 956 
955 961 965 
951 956 
951 952 953 956 965 
950 951 952 954 955 965 
949 950 1096 1097 
961 962 965 966 1097 1109 
966 959 
963 964 965 969 
958 963 965 
958 968 
960 961 965 968 969 970 971 
960 969 970 971 1109 
953 955 956 958 960 961 963 
958 959 967 1111 
966 1111 
962 963 
960 963 964 970 971 
963 964 969 1116 
963 964 969 1116 
689 975 977 
689 974 977 
973 976 977 982 
972 977 984 
689 974 981 982 984 
689 972 973 975 982 
980 992 993 
691 692 693 
978 982 
976 983 988 
974 976 977 980 
699 981 
975 976 
922 1131 
699 996 1122 
998 987 
981 990 991 994 
990 991 994 
988 989 994 1000 
988 989 
978 993 1002 1003 
978 1002 1003 
988 989 990 
1004 995 1136 
986 997 1122 1137 
996 995 1137 
987 999 998 
998 1001 1002 1003 
990 1000 
999 1007 1009 
992 993 999 1003 
992 993 999 1002 978 1003 
995 1008 1009 
1012 1160 
1009 1010 1014 1006 
1001 1008 1009 1013 1015 1017 
1004 1007 1013 
1001 1004 1006 1007 1010 1014 
1006 1009 1014 1015 1018 
1158 1159 1160 1011 1017 1166 
1005 1013 1160 
1005 1007 1008 1012 1147 1160 
1006 1009 1010 1015 1016 
1007 1010 1014 1017 1018 1020 
1014 1017 1018 1020 
1007 1015 1016 1020 
1010 1015 1016 
1021 1024 1025 1019 
1015 1016 1017 1021 
1019 1020 1023 1024 
1023 1026 
1021 1022 1024 
1019 1021 1023 
1019 1026 
1022 1025 
542 543 544 545 766 770 
437 544 545 917 1044 
771 910 912 1034 1035 1046 
907 908 910 911 912 918 1046 
1033 1036 1050 1052 1053 1138 
1036 1123 1124 1131 1132 1138 
767 913 1031 
1029 1046 1048 1050 
771 1029 
1031 1032 1051 1053 1124 1138 1139 
776 1039 
782 784 1040 1041 1042 1043 1955 2224 
779 781 782 1037 1041 
782 1038 1042 1955 2224 
781 782 1038 1039 1955 
1038 1040 1055 2224 
782 783 784 1038 1040 1958 2224 
437 545 917 1028 
918 1045 
1029 1030 1034 1048 
919 920 921 935 1132 
1034 1046 
1058 1060 1064 
1031 1034 1052 1053 1050 
1036 1051 1053 1138 1139 1140 1142 1143 1144 1150 
1031 1050 1060 
1031 1036 1050 1051 
1055 1056 2229 2230 2238 2239 2240 2241 
1042 1054 
1054 2229 2230 
576 1071 1074 
1049 1058 
1064 1072 1075 1076 
1049 1052 1075 1076 
1133 1150 
1064 1065 1066 1068 1069 
1065 1068 
1049 1059 1062 1066 1069 1075 
1062 1063 1068 1069 
1062 1064 1068 1069 
1070 1143 1144 
1062 1063 1065 1066 1069 2240 
1064 1065 1066 1068 
1067 1154 
574 575 1057 1083 
934 1059 1072 
1159 1164 
575 576 1057 1074 
1059 1060 1064 
1059 1060 1076 
1078 1080 1093 1094 1077 
1077 1079 1081 1082 1093 1094 
1078 1081 1082 
1077 1094 
1078 1079 1082 1095 
1078 1079 1081 1095 
574 582 583 1071 
1097 1100 1101 
1086 1087 
1085 1088 1090 
1085 1090 
1086 1090 1092 
1092 1103 1164 1167 1168 1171 1179 
1086 1087 1103 1164 1167 
1095 1170 1171 1177 1180 
1088 1089 
1077 1078 
1077 1078 1080 
1081 1082 1091 1177 
949 950 957 1084 1097 
949 957 958 1084 1096 1098 
1097 1102 1098 
593 594 597 1100 
1084 1099 1102 
1084 1102 
1098 1100 1101 1110 
1089 1090 1166 1167 1168 1179 
1105 1114 1104 
594 1104 
1180 2273 
1177 1180 2273 1106 1107 
595 596 
958 964 1110 
1102 1109 
966 967 1111 
1114 1115 1120 1121 
1120 1121 
1104 1112 1120 
1112 1120 1115 
970 971 1118 
1118 1119 
1116 1117 1119 
1117 1118 
1112 1113 1114 1115 
1112 1113 
876 986 996 1127 
1032 1125 1139 1140 
1032 1036 1138 1139 1140 
882 1123 1126 1127 1134 1135 
878 879 882 1125 1141 
876 882 1122 1125 
883 884 1128 
878 879 886 887 
888 891 893 
922 985 1032 1133 
922 1032 1047 
1061 1131 1138 1139 
1125 1136 
1125 1136 1141 1151 
995 1134 1135 
996 997 1148 
1031 1032 1051 1124 1133 1140 1150 
1036 1051 1123 1124 1133 1142 1150 
1051 1123 1124 1138 1142 1145 
1125 1126 1135 1151 
1051 1139 1140 1144 1145 1150 1153 
1051 1067 1150 
1051 1067 1142 1150 
1140 1142 1145 
2296 2308 
1013 1160 1161 1162 1163 
1137 1152 
1151 1153 1161 
1051 1061 1138 1139 1142 1143 1144 1153 
1135 1141 1149 1152 1161 
1148 1151 1128 1152 
1142 1149 1150 
1070 2243 2257 
1156 1157 2308 
1155 1165 2308 2319 2331 
1155 1165 1157 
1011 1160 1164 1167 1168 
1011 1073 1164 1166 1167 
1005 1011 1012 1013 1158 
1147 1149 1151 
1147 1158 1163 
1147 1162 1163 
1073 1089 1090 1158 1159 1167 1168 
1156 1157 2330 2331 
1103 1159 
1089 1090 1103 1158 1159 1164 1166 
1103 1158 1164 1169 1171 
1168 1172 1173 1174 
1091 1172 1177 
1089 1091 1168 1172 
1169 1170 1171 1174 
1169 1176 1181 
1169 1172 1175 1176 
1174 1184 1175 
1173 1174 1184 
1091 1095 1107 1170 1180 
1180 1186 
1088 1089 1103 
1091 1106 1107 1177 1178 1180 
1173 1188 1194 
1184 2356 
2356 2357 1183 
1175 1176 1182 
1188 1189 1190 
1178 1187 1188 1189 1190 1194 
1186 1189 1190 1191 1196 1201 
1181 1185 1186 1190 1194 
1185 1186 1187 1201 
1185 1186 1187 1188 1191 1193 1194 1201 
1187 1196 1198 1201 
1198 1199 1200 
1190 1201 1193 
1181 1186 1188 1190 
1197 1195 
1187 1191 1198 1201 1202 1203 
1195 1196 1202 1203 
1191 1192 1196 1199 1200 1202 
1192 1198 
1192 1198 1200 
1187 1189 1190 1191 1193 1196 1202 1203 
1196 1197 1198 1201 
1196 1197 1201 
191 1214 1215 
1221 1205 
1208 1209 1211 1213 
1208 1210 
1206 1207 1210 1212 
1206 1212 1213 1394 
1207 1208 1210 
1206 1213 1222 1223 1302 1303 
1208 1209 1394 1403 
1206 1209 1211 1302 1303 1394 
190 1204 
1204 1216 1217 1218 1219 1220 
1215 1220 1221 1230 
1219 1220 
1215 1220 1226 1227 1228 
1215 1217 1220 1224 1226 1227 1228 
1215 1216 1217 1218 1219 
1205 1230 
1211 1223 1222 
1211 1222 1302 
1219 1228 1224 
1229 1230 1241 1309 1225 
1218 1219 1231 
1218 1219 1231 
1218 1219 1224 1228 
1225 1242 
1216 1221 1225 1241 
1226 1227 1244 
1234 1235 1236 1237 
1235 1236 1237 
1232 1236 1237 1403 
1232 1233 1245 1247 1235 
1232 1233 1234 1237 
1232 1233 1234 1236 1318 
226 1238 
1253 1224 1239 
1242 1254 
1225 1229 1230 
1229 1240 1254 
1244 1245 
1243 1247 
1235 1243 1246 1247 
1245 1246 1258 
1235 1245 
1252 1268 
1253 1267 1268 1269 
1251 1270 
1250 1271 
1248 1249 1267 1268 
1239 1249 
1240 1242 
1256 1259 1275 
1255 1273 
1262 1274 1339 1340 1353 
1262 1274 1339 1340 
1255 1260 1275 
1259 1261 1275 1430 1432 1441 1442 1443 
1260 1432 
1258 1274 1340 1353 1358 
239 246 1265 1266 
239 246 1266 1268 
239 248 1263 1268 1276 
246 1263 1264 1268 
1249 1252 
1248 1249 1252 1264 1265 1266 
1249 1271 
242 1250 1271 1272 1270 
242 1251 1269 1270 
1269 1270 1277 1279 
1256 1273 
1257 1258 1262 1353 1354 
1255 1259 1260 1430 1441 1442 
248 254 1265 1276 
1272 1279 1365 
340 1281 1365 
250 1272 1277 1348 1365 
1282 1284 
340 496 498 1278 1568 
1280 1285 1368 1378 1380 
1569 1570 
1280 1284 
1282 1380 1572 1658 
274 1288 1293 1882 
1290 1293 1294 1298 1299 1300 1301 
1286 1293 1294 
1298 1301 
1287 1292 1294 1298 1299 1300 1301 1883 1893 1290 
1297 1303 1304 1475 1476 
1290 1883 
1286 1287 1288 1294 1295 
1287 1288 1290 1293 1298 1299 1301 1892 1893 1894 
1293 1311 1313 
1297 1319 
1291 1296 
1287 1289 1290 1294 1300 1301 
1287 1290 1294 1892 1893 1894 
1287 1290 1298 1308 1313 
1287 1289 1290 1294 1298 
1211 1213 1223 
1211 1213 1291 1394 1404 1474 1475 
1291 1306 1307 1476 1478 1483 
1307 1308 1320 1321 1483 1491 1492 1493 
1304 1308 1478 1483 
1304 1305 1308 1478 
1300 1305 1306 1307 1320 1321 
304 305 1225 1309 
306 1322 1323 
1295 1314 1311 
1325 1328 1312 
1295 1300 
1311 1901 1910 
1316 1319 1298 1315 
1315 1321 
1894 1317 
1237 1330 
1296 1315 1327 1332 
1305 1308 1316 1321 1492 1493 
1305 1308 1316 1317 1320 
1310 1324 1336 
306 1310 1324 
1322 1323 
1327 1328 1329 
1327 1328 1331 1340 1343 
1319 1325 1326 1329 1331 1332 
1312 1325 1326 1332 
1325 1327 1331 1332 
1318 1490 
1326 1327 1329 1332 1343 
1319 1327 1328 1329 1331 
1334 1507 
1333 1506 1507 1904 
1336 1337 1349 
1322 1335 
1335 1338 1349 
1337 1341 1357 
1257 1258 1354 1355 
1257 1258 1262 1326 
1352 1356 1357 
1352 1921 1342 
1326 1331 1359 
1347 1356 
1361 1518 1519 
1362 1520 1941 2099 
1344 1356 1362 1364 1520 2099 
242 249 250 251 1279 
1335 1337 
1341 1351 1352 1357 1921 
1350 1352 1357 
1341 1342 1350 1351 1357 
1257 1262 1274 1358 
1257 1274 1339 1355 1367 
1339 1354 1371 
1341 1344 1347 1357 1362 1364 
1338 1341 1350 1351 1352 1356 
1262 1353 1360 
1343 1518 1533 1534 
1358 1371 1360 
1345 1363 1519 1520 1535 1536 
1346 1347 1356 1364 1934 1941 
1361 1374 1535 1948 
1347 1356 1362 1372 1934 1941 1946 
333 340 1277 1278 1279 
1368 1369 1375 1376 1378 
1354 1369 
1282 1366 1378 
1366 1367 
1371 1379 
1355 1360 1370 
1364 1389 1934 1946 1948 
1385 1389 1946 1948 
1363 1535 
1366 1376 1377 1656 
334 342 1366 1375 
334 340 341 342 343 1375 
1282 1366 1368 1380 1656 
1370 1382 1383 1384 
1282 1285 1378 1658 
1384 1388 1660 
1379 1384 1660 
1379 1385 1660 1661 1662 
1379 1381 1382 1388 
1373 1383 1389 1662 
1547 1548 
1389 1551 1662 
1381 1384 1794 
1372 1373 1385 1387 1550 1948 
1391 1392 1393 
1393 1395 1396 1391 
1390 1393 
1390 1391 1392 
1209 1212 1213 1303 1404 
1391 1400 1408 
1391 1400 
1398 1402 
1397 1402 1398 1399 
1398 1400 1402 
1395 1396 1399 1408 1400 
1408 1480 1487 
1397 1399 
1212 1234 1407 
1303 1394 1409 1474 1481 
1406 1410 1413 
1405 1410 1413 
1403 1406 1411 1412 
1395 1396 1400 1401 1487 1408 
1404 1494 
1405 1406 1413 1420 
1407 1415 1421 1422 
1407 1412 1421 1422 
1405 1406 1410 1414 
1413 1415 1416 1414 
1411 1414 1416 
1415 1416 
1419 1420 1431 1433 1434 
1419 1420 1433 1434 
1417 1418 1433 1434 
1410 1417 1418 
1411 1412 1421 
1411 1412 1423 1426 1436 
1422 1426 1435 1436 1522 
1425 1427 1428 
1424 1428 1439 
1422 1423 
1424 1440 1427 
1424 1425 
1514 1429 
1259 1260 1275 1441 
1417 1433 
1260 1261 1441 1443 1444 
1417 1418 1419 1431 
1417 1418 1419 
1423 1437 
1422 1423 1439 1436 
1435 1444 1446 1523 1538 
1440 1449 1452 
1425 1436 1439 
1427 1438 1452 
1260 1275 1430 1432 1443 
1260 1275 
1260 1432 
1432 1437 1446 
1447 1449 
1437 1444 1446 
1445 1456 
1450 1451 1523 1537 1538 1448 
1438 1445 1449 
1448 1451 1538 
1448 1450 1538 
1438 1440 
1459 1460 
1455 1456 1457 1461 1465 1466 
1454 1461 
1445 1447 1454 
1454 1465 1466 1467 
1469 1458 
1453 1460 1469 
1453 1459 1473 
1454 1455 
1746 1455 1462 
1468 1546 1547 1746 
1468 1546 1547 
1454 1457 1466 1750 
1454 1457 1465 1750 
1457 1468 1471 
1463 1464 1467 1546 1795 1796 
1458 1459 
1755 1762 
1467 1758 1760 
1473 1762 
1460 1472 
1303 1404 1480 
1291 1303 1476 
1291 1304 1475 
1479 1483 1477 
1304 1306 1307 1483 
1477 1483 
1401 1474 
1404 1482 1485 1494 
1481 1484 1485 1491 1493 1495 
1304 1305 1306 1307 1477 1478 1479 
1482 1488 1495 1499 1500 1501 
1481 1482 1495 
1497 1498 2069 
1401 1408 
1484 1499 1500 1501 
2063 1489 
1330 1490 
1305 1482 1492 1493 
1305 1320 1491 1496 
1305 1320 1482 1491 
1409 1508 1481 
1482 1484 1485 
1492 1497 1498 
1486 1496 1509 2069 2070 1497 
1486 1496 2069 2070 
1484 1488 1501 1502 
1484 1488 1502 1505 
1484 1488 1499 1505 
1499 1500 1503 1505 1510 
1505 1510 1515 1503 
1510 1515 
1500 1501 1502 1503 1510 
1334 1904 2079 
1333 1334 1519 1520 
1521 1522 1508 
1497 2069 
1502 1503 1504 1505 1516 
1516 1517 1527 1531 
1517 1512 
1514 1515 
1429 1513 1514 
1503 1504 1513 
1510 1511 1527 1531 1532 1513 1516 
1511 1512 1517 
1345 1359 1533 1534 
1344 1345 1361 1507 1520 1536 
1346 1361 1507 1519 1525 1536 2099 
1508 1523 1524 
1423 1508 
1437 1448 1521 1537 1538 
1521 1528 1540 
1520 2099 1525 
1528 1529 1530 1541 
1511 1516 1529 1530 1531 1532 
1524 1526 1530 1541 1542 
1526 1527 1532 
1526 1527 1528 
1511 1516 1527 1529 
1516 1527 1529 
1359 1518 1534 
1359 1518 1533 1540 
1361 1374 1536 
1361 1519 1520 1535 
1448 1523 1537 
1437 1448 1450 1451 1523 
1542 1544 
1524 1534 
1526 1528 
1528 1539 1544 1542 
1550 1551 1558 
1539 1542 1553 1561 
1566 1567 
1463 1464 1468 1549 1552 1554 1796 
1386 1463 1464 1548 1549 1552 1796 
1386 1547 1794 
1546 1547 1552 1555 1794 1386 1549 
1389 1543 1551 
1387 1543 1550 1558 
1546 1547 1549 1554 1555 1795 
1544 1555 1561 
1546 1552 1795 1796 
1549 1552 1553 1557 
1556 1558 1559 1562 1564 1798 
1555 1562 1798 
1543 1551 1556 1559 
1543 1556 1558 1564 2137 
1565 1567 
1544 1553 1565 
1556 1557 1797 1798 1799 
1564 1797 1798 1563 
1556 1559 1562 1563 1797 1798 
1560 1561 1567 
1545 1801 
1545 1560 1565 1801 1802 
494 495 496 497 498 510 511 1281 
1283 1570 1571 
1283 1569 
1569 1571 1581 
1285 1658 
1574 1582 1570 1573 
1573 1582 
523 1576 1577 1586 
1575 1577 1578 
1575 1576 1578 
1576 1577 1578 
1593 1598 1579 
1594 1595 
1581 1594 1595 
1573 1574 1582 
1585 1586 1590 1601 
1586 1601 1584 
525 1583 
1575 1583 1584 
1588 1602 
1587 1663 1673 
1590 1592 
1583 1589 1592 1606 
1594 1609 
1589 1590 1606 1592 
1579 1607 
1580 1581 1591 
1580 1581 1595 
1597 1608 1609 1610 1611 1784 1785 
1596 1607 1608 1609 1610 1611 
1579 1600 1612 1701 1779 
1612 1701 1779 1821 
1598 1612 1613 1701 1702 1779 1821 
1583 1584 1603 1604 
1587 1602 
1601 1604 1605 1614 
1601 1603 1605 1614 
1603 1604 1614 1615 
1590 1592 1607 
1593 1597 1606 1609 1607 
1596 1597 1610 1611 1619 1620 1785 
1591 1596 1597 1607 1611 1785 
1596 1597 1608 1619 1620 1785 
1596 1597 1609 1779 
1598 1599 1600 1695 1701 1702 1779 
1600 1701 1702 1779 1847 1848 
1603 1604 1605 1615 
1605 1614 1623 1625 1626 
1621 1630 1632 
1630 1707 1708 1721 
1619 1620 1791 
1608 1610 1618 1620 1785 1791 
1608 1610 1618 1619 1791 
1616 1621 
1627 1628 
1615 1625 1626 1633 
1625 1626 1633 1639 
1615 1623 1624 1625 
1615 1623 1624 1633 1634 1641 
1622 1630 1631 1632 1642 1643 
1622 1637 1641 1642 1643 
1632 1645 1738 
1616 1617 1627 1632 
1627 1642 1644 
1616 1627 1629 1630 
1623 1624 1626 1634 1640 
1626 1633 1640 1641 
1640 1641 1650 1652 1653 
1734 1736 
1628 1642 1643 
1639 1640 1652 1653 
1624 1638 1641 1644 
1633 1634 1635 1638 1652 1653 
1626 1628 1634 1639 
1627 1628 1631 1637 
1628 1637 
1631 1639 
1629 1738 1739 1793 1645 
1648 1649 1650 1651 
1650 1651 
1646 1649 1650 1651 1648 
1646 1648 1651 
1635 1646 1647 1648 1651 
1646 1647 1649 1650 
1635 1638 1654 
1635 1638 1640 1654 
1652 1653 1655 
1654 1655 
1375 1378 1656 
1659 1660 1668 
1285 1380 1572 
1657 1661 1668 1669 
1381 1382 1383 1657 1661 
1383 1659 1660 1662 1668 
1383 1385 1387 1661 
1588 1667 1673 
1665 1667 1673 
553 559 1664 1667 
561 1674 1675 1677 
1663 1664 1665 
1657 1659 1661 
1659 1678 1681 1669 
1671 1680 1683 
1670 1683 
1683 1684 1824 1825 
1588 1663 1664 1673 
1666 1676 1677 1690 
1666 1677 1690 
1674 1687 1688 1690 1694 
568 1666 1677 1674 1675 2228 
1669 1681 
1679 1680 1695 1696 
1670 1679 1683 1684 1696 
1669 1678 1682 1698 1700 
1681 1698 1699 1700 
1670 1671 1672 1680 1684 
1680 1683 
1807 2248 2396 2397 
589 1687 1688 
1676 1686 1692 1694 1705 
1676 1686 1692 1693 1694 1705 
568 2237 2255 
568 1674 1675 
1692 1693 1694 1696 1697 1706 
1687 1688 1691 1694 1697 1706 
1688 1691 
1676 1687 1688 1691 1692 
1612 1679 1701 
1679 1680 1691 
1691 1692 1699 1706 
1681 1682 1699 1700 1704 1710 1711 1713 1714 
1682 1697 1698 1704 1713 1714 
1681 1682 1698 1711 
1598 1599 1600 1612 1613 1695 1779 
1600 1612 1613 1847 1848 
1715 1717 
1698 1699 1704 1713 
588 589 590 1686 1687 1688 
1691 1692 1697 
1617 1715 1721 1722 1723 
1617 1715 1721 1722 1723 
1723 1724 1725 1726 1728 
1698 1712 1713 1714 1729 
1698 1700 1712 1714 
1710 1711 1714 1729 2271 
1698 1699 1704 1710 2271 
1698 1699 1700 1710 1711 1712 2271 
1703 1708 1717 
1717 1847 1848 1716 
1703 1715 1718 1717 
1717 1730 1731 
1720 1721 1733 1735 
1719 1722 1723 1724 1726 1735 1737 
1617 1707 1708 1719 1723 1735 
1707 1708 1723 
1707 1708 1709 1721 1722 1725 1726 
1709 1720 1726 1727 1735 1737 
1709 1723 1727 1728 
1709 1720 1723 1724 1727 1735 1737 
1724 1725 1726 1742 1744 
1709 1710 1711 1725 1729 
1710 1712 
1718 1731 1741 1742 
1718 1730 1741 1742 
2274 2290 2439 
1719 1735 
1636 1736 
1719 1720 1721 1724 1726 1733 1736 1737 
1629 1636 1734 1735 1738 
1720 1724 1726 1735 1738 
1629 1645 1736 1737 1740 
1645 1740 1873 
1738 1739 1859 1873 
1730 1731 1744 1859 1874 
1727 1730 1731 1744 
1745 1875 
1727 1741 1742 1875 
1743 1875 1880 1881 
1462 1463 1582 1796 1746 
1752 1765 1766 1767 
1751 1752 1765 1766 
1764 1768 
1465 1466 
1748 1753 1754 1755 1756 1762 
1747 1748 1756 
1751 1754 1756 1761 1762 1770 1776 
1751 1753 1771 1776 
1470 1751 1762 
1752 1753 1754 1761 1762 
1759 1760 1763 1774 1777 
1471 1759 1795 
1757 1758 1763 1774 
1471 1757 1758 
1753 1756 1761 
1469 1470 1472 1751 1753 1755 1756 
1757 1759 
1749 1764 
1747 1748 1767 
1747 1748 
1747 1765 1770 
1749 1771 1772 1780 
1795 1796 1803 
1753 1767 
1754 1768 1772 1766 
1768 1771 1774 1777 
1775 1777 
1757 1759 1772 1775 
1773 1774 1775 
1753 1754 
1757 1763 1772 1773 
1780 1788 
1598 1599 1600 1611 1612 1613 1701 1821 1779 
1768 1778 1788 
1786 1787 1781 
1789 1790 
1788 1791 
1596 1610 1788 
1596 1608 1609 1610 1619 
1781 1786 
1781 1789 1790 1792 
1778 1780 1783 1784 1789 
1782 1787 1788 1790 1792 
1782 1787 1789 1792 
1618 1619 1620 1783 1791 
1787 1789 1790 
1645 1793 
1388 1548 1549 1794 
1468 1552 1554 1758 1760 1769 
1546 1547 1554 1746 1769 
1562 1563 1564 1799 
1556 1557 1562 1563 1564 
1562 1797 1800 1816 
1799 1802 1816 1800 1801 
1566 1567 
1567 1800 
1769 1804 1805 1823 1826 
1803 1823 1824 1825 
1803 1823 1824 1825 1826 
1809 1810 1811 
1685 2396 2397 
1817 1827 1828 
1806 1811 
1806 1817 1818 
1806 1809 
1813 1827 1828 
1812 1814 1816 1817 1820 1827 1828 
1813 1816 1817 1818 1819 1820 1827 1828 1829 1830 1831 
1817 1818 1819 1820 1829 1830 1831 
1799 1800 1813 1814 1820 
1808 1810 1813 1814 1815 1820 1827 1828 1829 
1814 1815 1820 1827 1828 1829 1830 
1814 1815 1831 
1813 1815 1816 1817 1818 1827 1828 1829 1831 
1599 1600 1779 1823 1826 1832 
1826 1832 
1803 1804 1805 1821 1826 
1672 1804 1805 
1672 1804 1805 
1803 1805 1821 1822 1823 
1808 1812 1813 1814 1817 1818 1820 1829 
1808 1812 1813 1814 1817 1818 1820 1829 
1814 1815 1817 1818 1820 1827 1828 1837 
1814 1815 1818 1831 1837 
1814 1815 1819 1820 1830 
1821 1822 1833 1835 
1832 1835 
1838 2415 2420 
1832 1833 1839 
1837 1839 
1829 1830 1836 1840 1841 
1834 2415 
1835 1836 
1837 1841 1846 1852 
1837 1840 
1843 1855 
1842 1845 1855 1856 1857 1843 
1845 1846 1856 
1843 1844 1846 1855 1856 
1840 1844 1845 
1613 1702 1716 
1613 1702 1716 
1850 1851 1849 
1849 1851 1857 1866 1867 1868 
1849 1850 1867 
1840 1856 1858 
1871 1872 2433 
1870 1871 1872 2433 1854 
1842 1843 1845 1857 
1843 1844 1845 1852 1858 
1843 1850 1855 1858 1866 1867 
1852 1856 1857 1866 1867 1869 1870 
1740 1741 1863 1874 
1863 1864 1877 
1865 2439 
1865 1876 
1859 1864 1877 
1860 1863 
1861 1862 
1850 1857 1858 1868 1869 
1850 1851 1857 1858 1869 
1850 1866 1868 
1866 1867 1870 
1854 1858 1869 1872 
1853 1854 2433 
1853 1854 1870 2433 
1739 1740 
1741 1859 1876 1877 1878 1879 
1743 1744 1745 1880 1881 
1862 1874 1878 1879 
1860 1863 1874 
1874 1876 1879 
1874 1876 1878 
1745 1875 1881 
1745 1875 1880 
274 1286 
1290 1292 1885 1886 1893 
1886 1887 1893 
1883 1886 1887 1893 
1883 1884 1885 1888 1890 
1884 1885 1888 
1886 1887 1890 
1897 1898 1965 1969 1889 
1886 1888 1896 
700 706 
1294 1299 1893 1894 
1290 1294 1299 1883 1884 1885 1892 
1294 1299 1317 1892 1901 
1896 1895 
1890 1895 
1889 1969 2062 
1889 2062 
1906 1907 1899 
1905 1906 1907 1908 
1314 1894 
1913 1916 1985 
1912 1913 1914 1915 1916 
1334 1506 2079 
1900 1906 1908 1911 1922 
1899 1900 1905 1908 1911 
726 1899 1900 
724 726 743 1900 1905 1906 1922 
728 730 
1314 1922 
1905 1908 1922 
1903 1914 1912 
1902 1903 1916 1983 1985 
1903 1912 1916 
1903 1916 1923 1925 1928 
1902 1903 1913 1914 1915 
2079 2081 
1921 1918 
728 1920 
1919 1920 
1342 1350 1910 1918 
1905 1908 1910 1911 
1915 1926 1927 1938 
1925 1928 1929 1936 
1915 1924 1928 
1923 1927 1938 
1923 1926 1937 1938 
1915 1924 1925 
1924 1930 1936 1943 2112 
1929 1942 
755 1931 
1933 1935 
1931 1932 1935 1937 
1362 1364 1372 1941 1946 
1932 1933 
1924 1929 1935 1937 
1927 1933 1936 1939 1940 2028 
1923 1926 1927 2012 
1937 1942 1943 2012 2028 
1936 1942 1943 1949 1952 2028 
1346 1362 1364 1934 1946 
1930 1939 1940 2012 
1929 1930 1939 1940 2012 
1947 1959 
1959 1945 
1364 1372 1373 1934 1941 1948 
1944 1949 
1363 1372 1373 1389 1946 
1940 1947 1951 1953 1961 
1960 1961 
1949 1960 1961 2111 2122 
1940 2173 
1949 1961 
779 1956 
780 781 1038 1040 1041 1956 1957 
1955 1959 
782 1954 1955 1959 
896 1043 2051 
1944 1945 1956 1957 
1950 1951 
1949 1950 1951 1953 
802 1970 
1965 1971 1972 
1967 1968 1973 1975 
1889 1963 1969 1971 
1968 1966 
1975 1967 
1964 1966 
1889 1897 1965 
1962 1974 
1963 1965 1976 
1963 1976 1977 
1964 1975 1974 
1970 1975 1974 
1964 1967 1973 1974 
1971 1972 1977 
1972 1976 1984 
1979 1987 1990 
1978 1987 1990 
1988 1989 1991 
716 816 1993 1995 
1993 1994 1995 
1913 1984 1985 
1977 1983 1986 1996 1998 
1913 1983 
1977 1984 1997 2002 
1978 1979 1989 1990 1991 
1980 2002 
1980 1987 1990 1991 
1978 1979 1987 1989 
1980 1987 1989 1997 2002 
2000 2003 1992 
825 826 1981 1982 1995 
826 839 1982 
1981 1982 1993 1996 
1984 1995 1998 
1986 1991 2002 
1984 1996 
2003 2013 
1992 2003 
2002 2011 2016 2001 
1986 1988 1991 1997 2001 
1992 1999 
2005 2010 2021 
2004 2007 2008 2010 
827 841 2008 2009 2023 2024 
2009 2023 2024 
827 840 841 2005 2006 
827 2006 2007 
2004 2005 
2001 2012 2016 
1938 1939 1942 1943 2011 2016 
1999 2017 2030 2033 
2017 2018 2030 
2020 2030 2032 
2001 2011 2012 
2013 2014 2018 2019 2033 
2013 2014 2017 2033 
2017 2019 
2015 2164 
838 854 856 2022 
854 856 870 871 2021 2035 
2006 2007 2024 
857 873 2006 2007 2023 
2027 2029 2041 
2031 2032 2037 
2025 2028 2029 2041 2043 2045 2046 
1937 1939 1940 2027 
2025 2027 
2013 2014 2015 2032 2033 
2026 2037 2044 
2015 2026 2030 
2013 2017 2018 2030 2049 
2036 2038 2039 2040 2052 2055 
2022 2038 
2034 2038 2039 2040 2044 2054 2055 2057 
2026 2039 2044 
2034 2035 2036 2040 
2034 2036 2037 2040 2044 2055 2057 
2034 2036 2039 2040 
2025 2027 2045 2046 
2045 2046 2048 2049 
2027 2041 2045 2046 2043 
2031 2036 2037 2039 2055 2057 2058 
2027 2041 2042 2043 2047 2048 2049 2190 
2027 2041 2042 2043 2048 2049 
2045 2048 2049 2173 2189 2190 
2042 2045 2046 2047 2209 
2033 2042 2045 2046 2047 
896 2053 2050 
896 1958 2053 
2034 2055 
2050 2051 
2036 2055 2057 
2034 2036 2039 2044 2052 2054 2057 
2296 2297 2300 2301 
2036 2039 2044 2054 2055 
2044 2059 2061 2307 2058 
2058 2061 
2206 2467 2060 
2059 2307 
1897 1898 2066 2147 
1489 2063 2073 2074 
2065 2076 2077 2078 
2064 2077 
2062 2068 2147 
2083 2084 2085 2088 
2066 2084 2085 2088 2147 
1486 1497 1498 1509 2070 2073 
1497 1498 2069 2073 
2072 2075 2086 2087 
2071 2075 2087 2088 2094 
2063 2069 
2078 2092 2074 
2071 2072 2078 2087 2093 2094 
2064 2077 2094 2098 2159 
2064 2065 2076 
2064 2074 2075 2093 2095 
1506 1904 1917 
2082 2083 2084 2085 2089 2100 
1917 2081 
2080 2085 
2067 2080 2084 2085 2089 
2067 2068 2080 2083 2088 2089 
2067 2068 2080 2082 2083 2089 
2071 2087 2090 2092 2101 
2071 2072 2075 2086 2092 2093 2094 
2067 2068 2072 2084 2094 
2080 2083 2084 2085 2089 
2086 2091 2101 2090 
2090 2101 2103 2105 
2074 2086 2087 2093 2095 2096 2103 
2075 2078 2087 2092 2094 2096 
2072 2075 2076 2087 2088 2093 2159 
2078 2092 2097 
2092 2093 2095 2108 2109 
2095 2109 
2076 2159 2161 
1346 1347 1520 1525 
2080 2102 2111 2112 2115 2118 
2086 2090 2091 2103 
2116 2118 2119 2102 
2091 2092 2101 2105 
2106 2107 
2091 2103 2106 2107 
2104 2105 2109 
2104 2105 2109 
2096 2120 
2096 2097 2106 2107 2120 
2112 2122 
1951 2100 2115 
1929 2100 2110 2112 
2115 2116 2118 2119 2131 2173 2177 
2116 2118 2119 2131 2173 2177 2178 
2100 2111 2113 2117 2118 
2102 2113 2114 2117 2118 2119 2131 
2115 2116 2118 2122 2131 
2100 2102 2113 2114 2115 2116 2117 2119 
2102 2113 2114 2116 2118 2178 
2120 2108 2121 
2120 2136 
1951 2110 2117 2138 
1951 2130 2131 
2125 2126 2132 2137 
2124 2132 2133 
2124 2128 2132 2133 
2129 2133 2134 2135 
2126 2133 2134 2138 
2127 2130 2131 2134 2129 
2123 2129 2131 
2113 2114 2116 2117 2123 2129 2130 
2124 2125 2126 2139 
2125 2126 2127 2128 2138 2139 
2127 2128 2129 2136 
2127 2136 
2121 2134 2135 2140 
1559 2124 2137 
2122 2128 
2132 2133 
2136 2140 
2391 2392 2393 2141 
2390 2391 2392 2393 
2144 2145 
2143 2145 
2143 2144 2149 2154 
2156 2146 
2062 2066 2068 2148 2147 
2147 2157 
2145 2150 
2149 2153 2157 2162 
2153 2154 2151 
2154 2162 
2150 2151 2157 2162 
2145 2151 2152 2155 2156 
2154 2163 2155 
2146 2154 
2148 2150 2153 
2166 2168 2158 
2076 2094 2098 2161 
2162 2170 2172 2160 
2098 2159 2161 
2150 2152 2153 2160 2172 
2155 2163 
2020 2175 2176 
2158 2167 2168 2176 
2158 2168 2175 2176 
2165 2167 
2158 2168 2165 
2170 2171 
2160 2169 2172 2182 2170 
2169 2182 2183 2187 
2160 2162 2170 
1952 2047 2113 2114 2189 2190 
2175 2191 
2164 2166 2174 
2164 2165 2166 
2113 2114 2179 
2114 2119 2179 
2177 2178 2182 2179 
2181 2185 2193 2198 
2180 2185 2194 2198 
2169 2170 2171 2179 2184 
2171 2187 2193 2198 
2182 2186 2187 
2180 2181 2188 2194 2198 2201 
2184 2203 
2171 2183 
2185 2188 
2047 2173 2190 2192 
2045 2047 2173 2189 
2174 2191 
2189 2196 
2180 2183 2198 
2181 2185 2198 2199 2201 
2196 2204 
2192 2195 2213 
2200 2201 2202 2205 2216 
2180 2181 2183 2185 2193 2198 2194 2201 
2194 2201 2202 2218 
2197 2202 2218 
2185 2194 2197 2198 2199 
2197 2199 2200 
2186 2203 
2195 2219 2220 2221 
2197 2220 2221 
2060 2466 2467 2206 
2209 2210 2211 
2209 2210 2211 
2048 2207 2208 2211 
2207 2210 
2207 2208 2209 
2214 2215 2471 2474 
2196 2215 2216 
2212 2216 2474 
2212 2213 2216 2474 
2197 2213 2214 2215 2217 2218 
2216 2476 
2199 2200 2216 2476 
2204 2220 2221 2219 
2204 2205 2219 2221 2220 
2204 2205 2219 2220 
780 2223 
1955 2222 2229 
1038 1040 1042 1043 
2227 2302 2225 
2235 2226 
2225 2234 
568 1677 2237 
1054 1056 2223 2230 2231 2241 
1054 1056 2229 2232 2241 
1056 2229 2232 2241 2242 
2230 2231 2233 2242 2244 
2232 2242 2245 2309 
2227 2236 2313 
2226 2252 2253 
2227 2234 2252 
568 1689 2228 2255 
1054 2241 2256 
1054 2241 2256 
1054 1068 2238 2241 
1054 2229 2230 2231 2238 2239 2240 
2232 2233 2244 2245 
1154 2257 
2232 2242 2257 2258 
2233 2242 2246 2322 2245 
2245 2322 
2261 2266 2322 
1685 2250 2262 2263 
2251 2253 2264 2416 
2248 2262 2263 
2262 2263 2264 2416 2417 
2235 2236 2254 
2235 2249 
2252 2419 
1689 2237 2269 2255 
2238 2239 
1154 2243 
2244 2258 
2260 2270 2271 
2259 2262 
2247 2261 2266 
2248 2250 2251 2260 
2248 2250 2251 2260 
2249 2251 2272 2425 
2419 2427 2428 
2247 2266 2325 
2268 2267 
2267 2273 2344 
2269 2270 2271 
2259 2269 
1712 1713 1714 2259 2269 2270 2274 
2264 2279 2425 
1106 1107 2268 2344 2355 
1732 2271 2276 
2286 2287 2288 
2274 2279 2286 
2280 2283 
2283 2284 2278 
2272 2276 2438 2279 
2277 2282 2283 2284 2293 
2293 2445 
2280 2293 2445 
2277 2278 2280 
2277 2278 2280 
2288 2294 2295 
2275 2276 2289 
2275 2288 2294 
2275 2285 2287 2294 2288 
2286 2289 
1732 2439 
2293 2451 2460 
2373 2292 
2280 2281 2282 2291 2451 
2285 2287 2288 2295 2294 
2285 2294 2295 
899 1146 2056 2300 
899 2056 2300 
2299 2300 2312 
2298 2301 2312 
2056 2296 2297 2298 
2056 2299 
2225 2302 
2305 2310 2314 2315 
2305 2306 2310 2314 
2303 2304 
2304 2314 2317 
2058 2061 2307 
1146 1155 1156 2319 
2233 2310 2311 2315 2320 2322 
2303 2304 2309 2315 2320 
2309 2315 2320 
2298 2299 
2234 2322 2326 
2303 2306 2317 2318 
2303 2309 2310 2311 2320 
2318 2325 2326 2327 2487 
2306 2314 2469 
2314 2316 2326 2327 
1156 2308 2331 
2309 2310 2311 2315 2321 
2320 2332 2333 2334 2336 
2245 2246 2247 2309 2313 2326 
2324 2328 
2323 2343 
2266 2316 2487 
2313 2316 2318 2322 
2316 2318 
2323 2329 2328 
2324 2328 2329 
1165 2335 2345 
1156 1165 2319 2330 2335 2338 
2321 2334 2336 2340 
2321 2335 2336 2340 2347 
2332 2336 
2330 2331 2333 2337 2338 2345 2349 
2321 2332 2333 2334 2340 
2335 2348 2349 2337 
2331 2335 2345 2346 2349 
2340 2342 2343 2339 2328 
2332 2333 2336 2339 2350 2351 
2352 2497 2499 
2339 2343 2351 2354 2342 
2324 2342 
2268 2273 
2330 2335 2338 
2338 2358 2346 
2333 2360 
2337 2349 
2335 2337 2338 2348 
2340 2351 
2340 2350 2353 2351 
2341 2353 2354 
2351 2352 2520 
2342 2352 
2273 2362 2355 
1182 1183 
1183 2356 2359 2360 
2346 2361 2358 
2357 2359 
2347 2357 
2358 2364 2369 
2355 2375 
2367 2375 
2361 2369 
2370 2372 2375 2376 
2370 2372 2375 
2363 2368 
2367 2377 
2361 2364 
2365 2366 2372 2373 
2374 2371 
2365 2370 2376 
2292 2370 
2371 2536 
2362 2363 2365 2366 
2365 2372 
2368 2377 
2536 2378 
2380 2383 2399 2400 
2379 2383 2400 2403 
2383 2385 2386 2387 2388 2400 
2386 2387 2388 2382 
2379 2380 2381 2400 
2140 2386 2387 2388 2384 
2381 2387 2388 2395 2402 
2381 2382 2384 2388 2402 
2381 2382 2384 2385 
2382 2384 2385 2386 2402 
2391 2392 
2142 2392 2393 
2389 2393 
2141 2142 2389 2390 2394 
2141 2142 2389 2390 2391 
2392 2403 2404 2405 
2385 2486 2395 
1685 1807 
1685 1807 
2466 2467 
2379 2407 
2379 2380 2381 2383 2405 2408 2409 
2404 2405 2408 2409 2412 2413 
2385 2386 2388 2410 2495 
2380 2394 
2394 2401 2409 2412 
2394 2400 2401 
2407 2409 
2399 2406 
2400 2401 2406 2407 
2400 2401 2404 2406 2413 
2402 2414 2422 2495 
2401 2413 2414 2422 
2401 2404 
2401 2409 2411 2414 2422 
2410 2413 2422 
1834 1838 2420 2424 
2249 2251 2420 2424 2425 2426 
2249 2251 2420 2425 2426 
2421 2431 
2254 2265 2427 2428 
1834 2415 2416 2417 2420 
2418 2431 
2410 2411 2413 2414 2423 
2422 2437 2503 
2415 2416 
2264 2272 2416 2417 
2416 2417 2418 2430 2426 
2265 2419 2429 2431 2432 
2265 2419 
2427 2431 2432 2447 
2426 2441 2446 
2418 2421 2427 2429 2432 2447 2431 
2427 2429 
1853 1854 1871 
2508 2514 2515 
2448 2435 
2437 2436 
2423 2436 
2279 2440 2441 
1732 1861 2290 
2438 2441 
2430 2438 2440 
2440 2443 2444 2446 2450 
2446 2447 2451 2454 
2442 2446 2450 2451 
2281 2282 
2430 2442 2443 2444 2447 
2429 2431 2432 2446 
2435 2457 
2457 2458 2544 2545 
2442 2444 2451 
2291 2293 2443 2444 2450 2454 
2453 2463 2464 2465 2452 
2452 2455 2464 
2443 2451 
2453 2456 
2455 2457 2458 
2448 2449 2456 2457 
2449 2456 2544 
2460 2463 2464 
2291 2459 
2462 2461 
2459 2461 2464 
2452 2459 2464 
2452 2453 2459 2462 2463 2465 
2452 2464 
2206 2398 2468 2471 
2060 2206 2398 2469 
2466 2471 2477 
2317 2467 
2479 2480 
2212 2466 2468 2474 
2473 2475 2476 2482 2483 2484 
2472 2476 2483 
2212 2214 2215 2471 
2217 2472 2476 
2217 2218 2472 2473 2475 
2468 2479 2480 
2480 2481 2488 
2470 2477 2480 
2470 2477 2478 2479 2482 
2478 2485 2481 
2472 2484 
2472 2473 
2472 2482 2491 
2481 2485 2493 
2395 2486 
2316 2325 
2478 2489 2500 2502 2488 
2488 2490 2497 2499 2500 2501 
2489 2493 2501 2502 2504 
2484 2491 
2493 2502 
2485 2490 2492 2502 
2495 2496 2504 
2402 2494 2495 
2494 2504 2505 
2341 2489 2498 2499 2500 2501 2512 
2341 2497 2499 2500 
2341 2489 2497 2498 2501 
2488 2489 2497 2498 2501 
2489 2490 2497 2499 2500 
2488 2490 2492 2493 
2423 2505 2506 2503 
2490 2494 2505 
2496 2503 
2503 2507 2516 
2506 2516 2518 
2434 2510 2511 2513 2514 2524 
2511 2512 2524 
2508 2512 2514 2524 
2508 2509 2513 2524 2511 
2497 2509 2510 
2508 2511 2515 2524 
2508 2510 2524 
2434 2503 2513 
2506 2507 2518 2519 2527 2528 2531 2534 2535 
2519 2530 2531 2532 2533 2535 
2507 2516 2533 
2516 2517 2527 2528 2529 2530 2531 2532 2533 2534 2535 
2353 2522 2523 
2523 2537 2539 2541 
2520 2525 2539 
2520 2521 2525 2539 2523 
2508 2509 2511 2513 2514 
2522 2523 2539 
2544 2545 
2516 2519 2529 2530 2531 2532 2533 2534 2535 
2516 2519 2529 2530 2531 2532 2533 2534 2535 
2519 2527 2528 2532 2533 2534 2535 
2517 2519 2527 2528 2532 2533 2534 2535 
2516 2517 2519 2527 2528 2534 2535 
2517 2519 2527 2528 2529 2530 2534 2535 
2517 2518 2519 2527 2528 2529 2530 2535 
2516 2519 2527 2528 2529 2530 2531 2532 
2516 2517 2519 2528 2529 2530 2531 2532 2533 
2374 2378 2546 
2521 2539 2540 2541 2542 
2546 2547 
2521 2522 2523 2525 2537 
2537 2546 2540 
2521 2537 2542 
2537 2541 2542 
2526 2548 2549 
2449 2458 2526 2549 
2449 2458 2526 2549 
2536 2538 2540 
2538 2548 
2543 2547 2549 2550 2548 
2543 2544 2545 2548 2550 2549 
2548 2549 

