2403 9373
2 4 6 7 
1 3 4 5 6 7 18 20 22 23 
2 5 7 22 23 
1 2 18 22 23 
2 3 22 23 
1 2 7 
1 2 3 6 
10 13 15 33 
10 13 
8 9 13 
12 15 27 29 30 
11 29 
8 9 10 214 
16 31 32 33 203 204 216 
8 11 16 31 32 33 
14 15 31 32 217 
19 20 21 26 35 
2 4 20 23 35 
17 21 26 35 
2 17 18 25 26 
17 19 22 23 26 35 
2 3 4 5 21 23 
2 3 4 5 18 21 22 
42 43 24 
20 37 38 
17 19 20 21 
11 29 30 43 
39 45 47 48 
11 12 27 30 
11 27 29 
14 15 16 33 53 216 
14 15 16 53 216 
8 14 15 31 53 
53 217 
17 19 21 
127 36 
25 38 39 56 
25 26 37 40 
28 37 48 
38 41 
40 43 45 47 48 
24 132 
24 27 41 45 46 47 49 
50 51 44 
28 41 43 47 48 49 
43 48 49 58 
28 41 43 45 49 
28 39 41 45 46 
43 45 46 47 
44 51 52 236 
44 50 
50 236 237 238 
31 32 33 34 216 
59 61 62 
57 65 67 
37 56 
55 65 66 67 69 
46 62 
54 61 71 247 248 
71 247 
54 248 
54 58 72 
64 77 63 
55 63 
55 57 64 67 
57 69 81 166 168 175 
55 57 
69 79 83 
57 66 68 79 83 
72 85 86 259 272 
59 60 72 85 
62 70 71 259 
74 75 76 77 91 
73 91 74 
73 78 79 
73 91 
63 73 74 75 79 
75 83 78 
68 69 75 83 
90 182 80 
66 166 175 
84 85 87 82 
69 78 79 
82 87 
70 71 82 87 
70 84 96 271 274 
82 84 85 
94 96 176 
90 100 
80 89 
73 74 76 
93 99 100 104 106 
92 104 106 
88 96 176 195 
175 176 182 184 185 
86 88 94 274 
100 369 
103 104 105 372 
92 93 104 106 
89 92 97 101 367 
100 367 374 375 376 
108 378 387 
98 372 378 387 
92 93 98 99 106 
98 106 379 380 
92 93 99 104 105 
109 289 290 
102 109 378 388 
107 108 
111 291 292 
110 291 292 
115 116 117 
114 121 122 125 126 297 
113 121 
112 116 117 118 
112 115 298 
112 115 298 
115 126 298 
120 128 
119 133 
113 114 123 125 126 297 
113 217 306 
121 125 126 
126 307 
113 121 123 297 
113 118 121 123 124 296 297 
36 129 130 132 
119 130 
127 129 
127 128 
146 147 
42 127 
120 138 139 
138 139 150 151 
137 141 155 158 161 
141 148 153 155 158 
135 141 154 155 158 159 161 
133 134 139 151 
133 138 139 
306 322 
135 136 137 155 158 159 161 
307 310 833 
131 146 147 165 167 
149 167 
147 834 837 838 
131 143 
131 143 145 147 
136 153 
144 151 152 
134 152 167 
134 138 149 157 
149 150 154 157 170 
136 148 
137 152 157 161 162 169 170 
135 136 137 141 158 159 161 
160 161 162 
151 152 154 160 161 162 
135 136 137 141 155 158 
135 137 141 155 161 162 332 
156 157 162 172 
135 137 141 154 155 156 157 159 
154 156 157 159 160 
335 836 869 
167 173 174 181 
143 164 167 
66 81 168 175 
143 144 150 164 165 
66 166 
154 171 
152 154 
169 172 
160 171 
164 181 
164 181 
66 81 95 166 182 185 
88 94 95 176 184 185 186 
188 353 357 
189 354 840 178 
180 191 
179 191 193 
173 174 181 
95 175 185 182 
193 196 
95 176 186 198 195 
95 175 176 182 186 
176 184 185 187 
186 195 199 200 187 
177 200 202 357 358 363 
178 357 359 
490 491 
179 191 180 
491 496 497 
180 183 
197 499 500 504 505 506 507 
94 184 187 
183 201 505 
194 500 505 506 507 508 
198 195 199 
187 198 362 199 
187 188 510 
196 510 514 515 
188 363 364 
14 204 205 214 215 
14 203 205 215 216 
203 204 215 
209 218 220 221 227 228 312 
209 218 220 221 228 312 
222 231 
206 207 
211 212 213 1284 
213 305 
210 229 234 1284 
210 211 305 1284 1285 
13 203 236 
203 204 205 238 
14 31 32 204 
16 34 122 
206 207 220 228 
220 221 
206 207 218 219 312 
206 207 218 219 225 227 228 
208 231 222 
226 230 231 242 
232 245 
221 227 228 229 232 
223 224 232 242 243 245 
206 221 225 229 311 317 
206 207 218 221 225 311 317 
212 225 227 233 234 235 
223 231 
208 222 223 230 
224 225 226 
229 235 320 
212 229 234 
229 233 
50 52 214 237 238 
52 236 248 
52 236 
242 243 245 
311 326 240 
252 311 326 
223 226 239 244 
226 239 245 243 
239 242 245 
224 226 239 243 244 
254 1384 246 
59 60 257 258 
59 61 237 
252 261 263 
251 256 257 260 
250 256 260 
241 249 261 263 
254 255 265 
253 255 1327 254 
253 267 
250 251 258 260 
247 250 
247 256 
70 72 272 
250 251 
249 252 263 355 
265 275 276 
249 252 261 265 
267 282 283 355 356 
253 262 263 
279 281 1341 1342 
253 255 264 265 279 281 
269 268 
268 270 273 
269 273 274 
86 273 274 
70 259 274 
269 270 271 
86 96 270 271 272 
262 278 286 
262 275 277 278 285 
276 280 282 283 288 
275 276 280 278 286 287 
266 267 281 282 
277 278 288 
266 267 279 282 
264 277 281 356 
264 277 356 
289 290 294 
276 285 
278 288 
278 361 
277 280 286 266 279 288 
107 284 294 
107 284 294 290 
110 111 612 
110 111 292 
294 295 620 
284 289 290 293 
293 614 
118 126 309 
113 121 125 126 306 
116 117 118 296 307 309 
301 304 316 
299 303 304 316 
299 303 304 309 316 301 
304 315 316 868 
300 301 
299 300 301 302 309 315 316 
211 213 
122 140 297 322 
124 142 298 310 325 
310 323 324 325 
296 298 301 304 313 
142 307 308 325 
227 228 240 241 326 
206 207 220 318 
309 319 
316 868 
302 304 868 
299 300 301 302 304 314 868 
227 228 311 
312 319 318 
313 318 
233 321 320 
320 331 
140 306 324 327 
308 332 
308 322 
307 308 310 329 
240 241 311 327 
322 326 
329 336 
325 328 336 
341 330 
321 1386 
159 323 
334 335 344 345 
333 345 869 
163 833 333 345 
328 329 338 339 
346 349 
336 340 344 347 
336 344 347 
338 347 352 
330 351 
347 350 351 
1386 1397 1398 1408 
333 338 339 
333 334 335 
337 349 
339 340 342 348 351 352 
347 352 
337 346 350 
342 349 
341 342 347 
340 347 348 352 
177 353 
178 840 
264 283 355 
264 282 283 
177 188 189 359 
362 363 
189 357 
360 361 
287 360 361 
199 358 360 
188 202 358 733 734 
202 514 515 738 857 872 
366 390 
365 373 390 391 392 
100 101 369 370 371 374 376 
370 391 
97 367 391 
367 368 371 396 398 399 
367 370 396 397 398 399 490 
98 103 373 377 
366 372 379 401 
101 367 376 385 386 
101 382 384 385 386 404 405 
101 367 374 384 385 404 405 
372 401 406 407 
102 103 108 387 
105 373 380 381 
105 379 384 
379 388 410 
375 384 385 386 389 404 
385 386 
375 376 380 382 386 404 405 
375 376 382 383 404 405 
374 375 382 383 384 
102 103 378 
108 381 410 
382 501 526 
365 366 392 
366 368 369 394 
366 415 
395 397 398 402 414 
402 414 
393 397 398 399 
370 371 398 399 490 
371 393 395 399 
370 371 393 395 
370 371 395 396 397 
413 415 419 
373 377 407 417 418 
393 394 414 420 
405 420 
375 376 382 384 385 
375 376 384 385 403 
377 423 425 427 
377 401 418 419 423 424 425 427 
410 425 426 427 
411 412 631 636 
381 388 408 
409 428 432 
409 526 
400 418 
393 394 402 420 
392 394 417 420 
421 433 434 416 
400 413 415 419 
400 401 407 413 419 423 
400 407 417 418 420 423 424 427 
402 403 414 415 419 420 
416 422 436 
421 435 436 442 443 445 535 
406 407 418 419 425 427 431 439 
407 419 426 427 431 437 439 
406 407 408 423 426 427 431 
408 424 425 430 431 
406 407 408 419 423 424 425 431 
411 535 538 539 540 546 
430 431 446 655 
426 429 437 440 655 656 
423 424 425 426 427 429 437 439 440 
411 526 545 546 
416 434 450 433 
416 433 449 450 551 434 
422 443 444 445 453 455 
421 422 442 443 444 445 453 
424 430 431 439 440 441 
440 441 
423 424 431 437 441 
430 431 437 438 446 456 457 
437 438 439 442 447 
422 435 436 438 441 443 447 
422 435 436 442 445 448 539 
435 448 453 455 
422 435 436 443 448 455 570 
440 457 678 679 
441 442 448 461 
443 444 445 447 
434 551 561 
433 434 465 
454 468 472 473 
451 468 473 
435 436 444 455 
451 456 457 458 459 460 472 
435 444 445 453 463 
440 454 457 458 459 460 472 
440 446 454 456 459 460 472 
454 456 460 462 472 475 
454 456 457 462 472 
454 456 457 458 462 472 475 478 
447 463 694 696 
458 459 460 474 475 
455 461 
571 584 697 
466 469 471 465 
465 469 471 564 576 577 
471 564 577 582 
451 452 470 473 479 468 
465 466 471 479 
468 479 480 482 
465 466 467 469 
451 454 456 457 458 459 460 473 478 
451 452 468 472 478 473 
462 475 476 478 482 
458 460 462 474 
474 479 480 482 
483 485 486 584 
460 472 473 474 
468 469 470 476 480 473 482 
470 476 479 481 482 483 
480 483 484 485 487 488 481 
470 474 476 479 480 
477 481 485 
481 486 489 484 
477 481 483 486 489 
477 484 485 584 
481 488 487 
481 487 604 606 607 
484 485 597 609 
190 371 396 492 
190 192 
490 494 
493 497 517 
492 494 
500 493 495 
192 498 502 503 518 
192 493 502 503 518 
496 502 517 518 519 
194 500 504 505 506 
194 197 495 499 505 506 
519 520 
192 496 497 498 
496 497 504 
194 499 503 506 522 
194 196 197 499 500 506 
194 197 499 500 504 505 508 
194 197 513 852 
197 506 523 
510 511 525 527 
200 201 509 
509 527 528 733 735 
514 515 516 529 906 909 910 915 1060 
507 515 516 523 529 906 909 915 
201 512 516 529 735 736 906 
201 364 512 513 529 906 909 910 
512 514 529 
493 498 518 531 
496 497 498 517 
498 501 521 524 
501 524 
519 541 542 521 
504 528 549 
508 513 544 914 
501 519 520 526 546 548 
509 731 749 
389 412 432 524 546 749 
509 511 760 761 
511 516 522 529 549 
512 513 514 515 516 528 915 
534 551 
517 531 
533 536 537 
532 537 533 
530 538 540 553 554 
422 428 538 539 540 554 
532 555 
532 533 557 
428 534 535 540 541 554 
428 443 535 545 546 
428 534 535 538 554 
521 538 554 
521 543 547 
542 549 559 560 
523 914 
432 539 
428 432 524 526 539 
542 778 
524 545 760 761 778 
522 528 543 
914 550 
434 449 530 
556 562 
534 565 
534 538 540 541 555 
536 554 558 
552 557 
537 556 557 
555 556 569 
543 560 569 
543 559 
449 564 577 561 
552 563 566 580 
562 566 578 580 929 930 
466 467 561 576 577 581 582 
553 567 565 
562 563 583 
565 573 
572 573 
558 559 
570 573 774 776 789 
464 573 586 588 
567 568 574 789 
567 568 570 571 588 
572 589 
589 792 
466 467 564 581 582 
466 467 561 564 581 582 
563 592 929 930 
929 934 
562 563 
564 576 577 
467 564 576 577 
583 566 
464 477 486 586 
586 587 588 
571 584 585 587 588 597 
585 586 597 
571 573 585 586 
574 575 
591 593 605 
590 593 605 
578 944 945 
590 591 595 605 
595 596 601 
593 594 
594 601 
489 586 587 
600 601 953 
601 610 611 819 952 953 
598 610 611 819 951 952 953 
594 596 598 599 610 611 819 952 
603 604 
602 607 
488 602 
590 591 593 605 
488 608 609 
488 603 608 609 
606 607 609 
489 606 607 608 
599 600 601 952 610 
599 600 601 819 952 
291 632 635 636 
614 617 635 
295 613 616 617 639 
618 619 638 639 
614 618 619 620 638 639 642 
613 614 
615 616 620 638 639 642 
615 616 638 639 642 
293 295 616 618 620 
622 627 644 651 
621 627 
625 628 1555 
1350 1554 1563 
623 628 648 649 650 1555 
628 1352 1353 1555 1556 
621 622 
623 625 626 649 650 1352 1555 1556 
637 653 654 657 
632 635 660 
409 633 634 635 636 660 
612 630 634 635 636 660 
631 635 636 640 660 
630 631 632 636 640 660 661 
612 613 630 631 632 633 660 
409 612 630 631 632 633 634 
629 654 
615 616 618 619 639 642 662 
614 615 616 618 619 638 642 
633 634 643 660 665 
645 742 753 
616 618 619 638 639 647 662 667 668 669 
640 645 651 664 665 671 
621 645 651 665 
641 643 644 652 664 665 671 672 673 753 
647 648 675 
642 646 667 669 675 
625 646 649 650 675 1563 
625 628 648 651 650 1555 
625 628 648 650 
621 643 644 649 
645 672 753 756 757 
629 655 657 659 681 
629 637 655 657 659 
429 430 653 654 657 658 659 661 681 
430 658 659 660 661 680 681 
629 653 654 655 659 661 681 
655 656 660 661 663 680 681 
653 654 655 656 657 661 680 681 
630 631 632 633 634 635 640 656 658 
634 655 656 657 658 659 680 
638 642 668 669 
664 665 686 
643 645 663 670 671 673 
640 643 644 645 663 671 673 
668 674 688 
642 647 675 
642 662 666 
642 647 662 675 
664 671 673 689 
643 645 664 665 670 673 
645 652 753 
645 664 665 670 671 689 
666 688 690 
646 647 648 667 669 
692 786 1577 
692 786 
446 693 
446 681 693 
656 657 658 659 661 684 685 698 
653 655 656 657 658 659 679 693 
683 686 695 
682 686 687 695 696 697 700 702 774 
680 703 
698 703 
682 683 687 695 698 
683 686 695 700 701 702 
666 674 690 688 
670 673 
674 688 704 707 690 
708 1596 1597 
676 677 786 1580 
678 679 681 693 
461 696 709 
682 683 686 687 697 699 700 702 
461 683 694 709 
464 695 774 
680 685 
695 701 702 804 
683 687 695 702 
687 699 804 701 
683 687 695 699 700 
684 685 703 
690 706 707 
707 1619 
704 707 710 1619 
690 704 705 706 
691 713 708 
694 696 
705 706 711 716 1619 1621 
710 716 1620 1621 1622 
713 719 1638 712 
708 712 719 
722 714 
717 725 727 728 
710 711 728 1638 
715 727 728 1638 1656 
719 726 
712 713 718 1639 719 
722 723 724 726 
723 724 
714 720 724 725 
720 721 
720 721 722 726 
715 722 727 
718 720 724 
715 717 725 729 1656 
715 716 717 1656 1657 
727 1658 
1639 1658 1659 
525 740 741 
740 741 
363 511 735 736 
363 738 743 744 
514 733 738 
514 733 734 737 738 744 
736 739 910 1060 
364 734 735 736 744 
737 910 1059 1060 1073 
731 732 742 740 751 
731 732 
641 740 752 
734 740 751 
734 736 738 
747 748 1679 
756 1678 1679 
745 748 
745 747 
525 526 
550 915 1060 1072 
740 743 
742 757 
641 645 652 672 757 
755 758 759 754 
754 771 
652 746 1678 1679 
652 752 753 758 759 1679 
754 757 1680 
754 757 
527 548 762 763 
527 548 763 
760 764 779 780 
760 761 
762 780 781 783 764 
767 769 787 
767 787 
765 766 
771 1092 1093 1094 1098 
765 786 787 
772 773 1695 1696 1709 1710 
755 768 773 
770 1696 772 
770 771 1696 1709 
570 683 697 
776 778 
570 775 778 788 789 
781 783 789 791 793 794 
547 548 775 776 
762 781 782 791 
762 764 777 782 783 785 
762 764 777 779 782 783 791 
779 780 781 784 785 790 791 795 
764 777 780 781 
782 795 
780 791 795 
676 677 692 769 
765 766 769 
776 804 
570 572 776 777 
782 792 793 794 795 796 806 807 
777 779 780 781 782 785 792 793 794 795 796 
575 790 791 796 807 809 1132 792 
777 790 791 794 806 
777 790 791 793 806 
782 784 785 790 791 
790 791 792 806 807 808 809 815 
798 797 
797 802 811 812 
801 802 1726 
797 1726 
799 1726 1727 
798 799 812 
817 1728 803 
699 701 788 
810 811 820 805 
790 793 794 796 808 811 815 821 
790 792 796 809 815 821 822 
796 806 809 811 815 821 822 
792 796 807 808 821 1114 1132 
805 820 
798 805 806 808 815 
798 802 815 817 818 824 
817 827 1141 1142 1155 
822 1142 1155 
796 806 807 808 811 812 821 822 
818 823 824 825 
803 812 813 1142 
812 816 824 1762 
599 600 601 611 819 
805 810 829 
806 807 808 809 815 822 821 
807 808 814 815 821 1155 
825 1743 1759 
812 816 818 
816 818 1761 
1744 1762 2126 
813 1155 
829 832 
820 828 832 
831 830 
830 1158 1159 
828 829 832 
142 833 
145 835 837 838 839 
839 835 
163 869 
145 834 839 
145 839 841 
834 835 837 838 841 
178 354 
838 839 841 
848 842 
848 856 
846 847 856 844 
849 860 
844 846 
844 856 858 847 
842 843 850 
845 851 859 860 
848 859 860 
849 902 903 
507 857 907 909 
854 855 
853 856 
853 856 
843 844 847 854 855 
364 852 872 906 909 
847 873 911 
849 850 860 
845 849 850 859 
862 861 
861 863 966 967 970 971 972 
862 864 978 
863 864 
866 867 865 
865 867 977 979 
865 866 975 977 979 
302 304 314 315 316 
163 334 335 836 
876 877 870 
879 871 
364 857 
858 1063 
877 1062 
1059 875 
870 877 
870 874 876 877 
1067 2010 
871 1071 
1066 1071 
883 884 
885 887 
881 884 888 890 
881 883 888 890 
882 887 892 894 
897 898 
882 885 894 
883 884 889 2014 
888 899 
883 884 888 2014 
892 1174 1177 
885 1177 891 892 896 
896 897 1176 
885 887 892 899 
896 899 1178 1180 
892 893 895 897 
886 893 896 898 1178 
886 893 897 1178 
889 894 895 
1178 1179 1180 1181 
912 901 
851 903 
851 902 913 968 
912 913 968 
920 973 
512 513 514 515 857 908 909 910 1060 
852 909 910 
906 910 1059 1060 
512 513 515 852 857 906 907 1060 
512 515 737 739 906 907 908 1059 1060 
858 1063 
901 904 912 
903 904 968 980 
523 544 550 
512 513 529 750 914 1060 1072 
917 918 925 1074 
916 925 1074 
916 921 923 925 1074 
921 922 923 926 
905 922 985 987 
918 919 923 925 926 927 928 1074 1076 
919 920 926 927 928 
918 919 921 925 928 1074 1076 
925 1085 1101 
916 917 918 923 924 926 1074 
919 921 922 923 925 928 1074 1076 1086 
921 922 
921 922 923 926 1014 1076 1086 
563 578 579 930 
563 578 929 
1023 1038 
935 938 1020 1021 1023 1038 
1128 1129 
579 934 
932 938 1031 
937 949 953 
936 953 
932 935 1031 1047 
949 950 953 954 1126 1147 
943 954 1129 940 
943 948 
948 1131 
940 941 1129 1131 
592 957 959 
592 946 959 960 
945 960 961 
962 1046 1047 1051 
941 942 
936 939 951 953 
939 961 
600 949 953 961 963 964 
599 600 601 610 611 963 964 1147 
598 599 600 936 937 939 949 951 
939 940 955 1150 
954 1130 1150 1151 
958 956 
944 956 958 959 960 
956 957 958 
944 945 957 
945 946 957 
946 950 951 
947 1051 
600 951 952 1158 
951 952 1158 
1151 965 
862 970 972 
862 969 972 967 
903 904 913 968 
967 971 972 976 
862 966 972 978 
862 969 975 976 978 
862 966 967 969 970 976 
905 974 985 986 987 
973 976 
867 971 977 981 
969 971 972 974 
866 867 975 
863 970 971 
866 867 990 1170 
913 980 
975 983 984 988 
983 984 988 
981 982 988 993 
981 982 
920 973 987 995 
973 995 
920 973 985 995 
982 983 
996 1000 1184 
979 991 1170 1185 
990 1000 1185 
1186 1187 1188 
983 1007 993 
1005 1006 
985 986 987 995 
989 1008 1009 
1001 1002 1011 
999 1001 1002 1003 1006 1011 1013 
998 1002 1003 1011 1013 
989 991 
997 998 1003 1011 1016 1017 
997 998 999 1003 1011 1017 
998 999 1001 1002 
1009 1010 1019 1004 
994 1007 
994 998 1011 
993 1005 1006 
996 1014 
996 1004 1010 1019 
1004 1009 1019 1020 1024 
997 998 999 1001 1002 1006 1012 1013 
1011 1025 1012 
999 1011 1017 
927 928 1008 1086 1197 1213 
1214 1015 
1001 1017 1215 
1001 1002 1013 1016 1215 1216 
1030 1037 
1004 1009 1010 1020 1021 
932 1010 1019 1023 1024 1038 
932 1019 1023 1024 1038 
1012 1025 1040 1042 
931 932 1020 1021 1038 
1010 1020 1021 
1012 1022 
1027 1031 
1026 1034 
1029 1033 1043 1044 
1028 1043 1044 1045 
1018 1037 
935 938 1026 1035 1046 1047 1050 
1035 1039 1046 1047 1050 1052 1053 
1036 1043 1048 
1027 1036 1043 1048 
1031 1032 
1033 1034 1043 1049 
1018 1030 1040 
931 932 1020 1021 1023 1039 
1032 1038 1041 1050 1052 1055 
1022 1037 1040 
1039 1041 1052 
1022 1224 1225 
1028 1029 1033 1034 1036 1048 1049 1056 
1028 1029 1048 
1029 1045 
947 1031 1032 1051 
938 947 1031 1032 1050 1051 
1033 1034 1043 1044 1049 1056 
1036 1043 1054 1056 
1031 1032 1039 1047 1052 1053 1055 
947 962 1047 1055 
1032 1039 1041 1050 1055 
1032 1050 1041 1053 
1049 1057 1058 
1050 1051 1052 
1043 1048 1049 1056 
1054 1058 
1054 1057 
739 908 910 1064 875 1073 
512 737 739 750 906 908 909 910 915 1073 
1063 1065 1078 1080 1081 
874 1065 1062 
873 911 1061 
1059 1073 1077 1078 
1061 1062 1079 1081 
880 1068 1069 1070 1071 2011 2066 
878 1069 1067 
1066 1070 1071 2011 2066 
1066 1067 2011 
1066 1068 1083 2066 
879 880 1066 1068 2066 1071 
750 550 1072 
739 1059 1060 1064 1077 
916 917 918 921 923 925 926 
1087 1173 1182 1183 
921 923 926 928 1087 
1064 1073 
1061 1064 1080 1081 1078 
1065 1081 1079 
1061 1078 1089 
1061 1065 1078 1079 
1083 1084 2072 2076 2077 2078 
1070 1082 
1082 2072 
924 1101 
926 928 1014 1102 1103 
1075 1076 
1092 1101 1104 1105 
1092 1080 1104 1105 
1105 1106 
1096 1097 
768 1092 1088 1094 1098 1104 
768 1098 
768 1092 1098 
1099 1100 
1091 1099 
1091 1195 1097 
768 1092 1093 1094 
1095 1096 1100 
1095 1099 2090 
924 1085 1088 
1086 1103 1102 
1086 1102 
1088 1089 1092 1107 
1088 1089 1090 1106 
1090 1105 1109 
1108 1123 1107 
1107 1109 1111 1112 1113 1123 1108 
1106 1108 1111 1112 1113 
1121 1125 
1108 1109 1112 1113 1124 
1108 1109 1111 1124 
1108 1109 1111 1124 2080 
792 809 1126 1132 1133 
1116 1117 1118 1120 1135 
1116 1120 1135 
1115 1118 1122 1135 1143 
1115 1117 1120 1122 
1122 1136 1140 
1115 1116 1118 1136 
1110 1124 1125 1146 
1117 1118 1119 
1107 1108 
1112 1113 
1110 1121 
939 1114 1128 1126 
1134 1148 
933 1126 1129 1134 1128 
933 940 943 
955 1150 
942 943 1152 
792 809 1114 1134 
1114 1134 1143 
1127 1128 1132 1133 1148 
1115 1116 1117 1118 1143 
1119 1120 1139 1140 
1139 1140 1234 1243 1251 1255 1262 
1140 1262 
1136 1137 1251 
1119 1137 1138 1226 
813 1143 
813 814 817 1155 
1133 1135 1141 
1146 1156 2112 2113 
1146 2112 2113 
1121 1144 1145 2113 
939 952 1148 1149 
1127 1134 1147 
1147 1161 
954 1150 955 1130 
955 965 1152 
1131 1151 
1162 1163 1251 1252 1253 
1162 1163 1252 1253 
813 814 1155 827 1142 
1144 1157 1165 1156 2113 
1156 1165 
831 963 964 1160 
831 1160 1161 
1158 1159 1161 
1149 1159 1160 
1153 1154 1250 1251 1252 1253 1269 
1153 1154 1252 1253 
1166 1164 
1156 1157 1167 1168 1169 2141 
1164 1168 1169 
1165 2141 
1165 1166 1169 2141 
1169 1165 1166 1168 
979 990 1175 
1173 1174 1175 1182 1183 1189 
1186 1188 
1075 1171 1174 1175 1182 1183 1189 
1177 891 1171 1173 1189 
1170 1171 1173 
893 1191 1176 
891 1177 
895 897 898 900 1179 1180 
900 1178 1181 1179 
900 1178 1180 
900 1179 1196 2151 
1075 1171 1173 1184 
1075 1171 1173 1184 1189 1200 
989 1182 1183 
990 991 1186 1198 
1172 1185 1188 1199 
992 1187 1172 1192 1199 
992 1187 1172 1186 1192 
1171 1173 1174 1183 1195 1200 
1191 1201 
1176 1190 1193 1194 
1187 1188 1194 1199 1202 
1191 1199 
1191 1192 1199 
1097 1189 
1181 2150 2161 
1014 1211 1212 1213 1214 
1185 1201 
1186 1187 1192 1193 1194 1202 
1183 1189 1201 1211 
1190 1198 1200 
1192 1199 1202 
1204 1218 1219 
1203 1209 1210 1218 
1206 1207 2161 
1205 1209 2161 2170 2176 
1205 1209 1221 
1210 1222 1208 
1204 1206 1207 1210 1219 1221 1222 
1204 1210 1208 1209 
1197 1200 1213 
1197 1214 
1014 1197 1211 1214 
1015 1197 1212 1213 
1016 1017 1216 1223 
1017 1215 1223 1224 1225 
1218 1228 1229 1238 
1203 1204 1217 1228 1229 1230 1238 
1203 1204 1209 1221 
2169 2175 2188 
1207 1209 1219 1222 
1208 1221 
1215 1216 1228 1232 
1042 1216 
1042 1216 1232 
1140 1233 1234 1235 
1233 1234 1235 
1217 1218 1223 1230 1231 1232 1238 1239 
1217 1218 1238 1239 
1218 1228 1238 1239 
1228 1239 
1223 1225 1228 
1226 1227 1235 
1137 1226 1227 1237 1243 
1226 1227 1233 1236 1237 
1235 1248 
1234 1235 1248 
1217 1218 1228 1229 1230 1239 
1229 1230 1231 1238 1242 
1249 1240 
1249 1240 2189 
1239 1244 1242 
1137 1234 1251 1255 1262 
1242 1260 
1248 2200 
1248 1263 
1263 2212 
1236 1237 1245 1246 
1240 1241 
1162 1252 1253 1254 1255 1256 1257 1268 1269 1276 
1137 1139 1153 1162 1243 1253 1254 1255 1257 1262 
1153 1154 1162 1163 1250 1255 1269 1276 
1153 1154 1162 1163 1250 1251 1255 1256 1261 1262 1276 1277 
1250 1251 1256 1257 1258 
1137 1243 1250 1251 1252 1253 1256 1257 1262 
1250 1253 1254 1255 1258 1268 1269 1271 1276 
1250 1251 1254 1255 
1254 1256 1260 
1271 1272 1273 
1244 1258 1263 
1253 1264 1275 1276 1277 
1137 1138 1243 1251 1253 1255 
1246 1247 1260 
1261 1277 2226 
1266 1267 1269 
1265 1266 
1265 1269 1270 
1250 1256 1270 1271 1276 1278 1279 1280 
1250 1252 1256 1265 1267 1276 
1265 1267 1268 1278 1279 1280 
1256 1259 1268 1272 1273 1278 1280 
1259 1271 1274 
1259 1271 1274 1281 
1272 1273 
1261 1277 
1250 1252 1253 1256 1261 1268 1269 1278 1279 1280 
1253 1261 1264 1275 
1268 1270 1271 1276 1280 
1268 1270 1276 
1268 1270 1271 1276 1278 1281 1283 
1273 1280 1283 
1283 2211 
1280 1281 1282 
210 212 213 1287 
213 1287 
1287 1301 
1284 1285 1286 1287 
1289 1291 
1288 1291 1293 
1293 1294 1449 
1288 1289 1291 
1294 1302 
1289 1290 1449 1450 
1290 1292 1449 
1296 1297 1298 1299 1300 
1295 1300 1301 1309 
1295 1299 1300 
1295 1300 1305 1306 1307 
1295 1297 1300 1305 1306 1307 
1295 1296 1297 1298 1299 
1286 1296 1309 
1292 1302 
1367 1452 1490 1303 
1308 1320 
1298 1299 1312 
1298 1299 1312 
1298 1299 
1304 1320 1321 
1296 1301 1304 
1384 1385 1388 
1388 1400 
1305 1306 1322 1312 
1315 1316 1317 1318 
1316 1317 1318 
1317 1318 1450 
1313 1314 1323 1324 
1313 1314 1315 1318 
1313 1314 1315 1317 
1321 1328 
1308 1309 
1308 1319 1328 
1324 1322 
1316 1323 
1316 1322 
1326 1341 
1325 1342 
254 1328 1331 
1319 1321 1327 1330 1331 
1331 1332 1334 1345 1346 1424 
1328 1332 1344 
1327 1328 1329 1344 
1329 1330 1335 1345 
1335 1336 1345 1333 
1329 1336 1338 1346 
1332 1333 1336 1345 
1333 1334 1335 1338 
1339 1457 1462 
1334 1336 1346 1402 1411 1428 
1336 1337 1428 1462 1463 
1342 1343 
266 1325 1342 1343 1341 
266 1326 1340 1341 
1340 1341 1343 
1330 1331 
1330 1332 1333 1335 
1329 1334 1338 1347 1424 
1346 1428 1527 
1355 1358 1359 
1358 1359 1438 
624 1554 
1354 1554 
626 628 1353 1555 1352 
626 1352 1556 
1351 1354 
1348 1356 1357 1358 1359 
1355 1357 1358 1359 1360 1557 
1355 1356 1359 1360 1557 
1348 1349 1355 1356 1360 
1348 1349 1355 1356 1357 
1356 1357 1358 1557 
1363 1369 
1366 1369 1370 1372 1373 1374 1375 
1361 1369 
1372 1375 
1372 1375 
1362 1368 1370 1372 1373 1374 1375 1376 1377 
1303 1378 1490 1367 
1366 1377 
1361 1362 1363 1370 1371 
1362 1363 1366 1369 1372 1373 1375 1376 
1387 1389 
1362 1364 1365 1366 1370 1374 1375 
1362 1366 1370 1376 1377 
1362 1366 1372 1382 1389 
1362 1364 1365 1366 1370 1372 
1366 1370 1373 1374 1383 
1366 1368 1373 1383 
1367 1380 1381 1490 1492 1494 
1381 1382 1395 1494 1498 
1378 1382 1492 1494 
1378 1379 1382 1492 1494 
1374 1379 1380 1381 1395 1396 
1376 1377 1392 
246 1310 
1310 1388 
331 343 1397 
1371 1390 
1310 1311 1385 1399 
1371 1374 1389 
1387 1393 
1395 1396 1391 
1383 1393 1394 1396 
1390 1392 
1392 1406 1988 
1379 1382 1391 1396 
1379 1382 1391 1392 1395 
343 1386 1398 1408 
343 1397 
1388 1400 1399 1401 
1311 1399 1401 1402 
1399 1400 1402 
1338 1400 1401 1411 1462 
1405 1508 
1403 1507 1508 1509 
1403 1507 1508 
1394 1988 2024 
1408 1409 1416 
1397 1407 
1407 1416 
1417 1421 1425 1426 
1338 1428 
1415 1425 1516 
1429 1515 
1414 1430 1517 1518 
1412 1414 1425 1430 1432 1517 1518 
1407 1409 
1410 1419 1420 1421 1422 1426 1427 
1420 1421 
1417 1421 1422 1426 
1417 1418 1422 1435 
1410 1417 1418 1419 1422 1426 1427 
1417 1419 1420 1421 1427 
1417 1435 1423 
1329 1346 1438 
1410 1412 1415 1426 1430 1432 
1410 1417 1419 1421 1425 
1417 1421 1422 
1338 1339 1347 1411 1515 1527 
1413 1431 1516 1517 1528 1529 
1414 1415 1425 1432 1433 
1429 1439 1528 
1415 1425 1430 1433 1432 
1430 1432 1530 
1436 1440 2010 1434 1435 
1420 1423 
1434 1440 
1438 1441 
1349 1424 1437 
1431 1528 
1436 1442 
1437 1444 1445 1446 
1440 1442 
1446 1670 
1441 1446 1670 
1441 1447 1668 1670 1671 1675 
1441 1443 1444 
1675 1447 
1542 1675 
1290 1293 1294 1451 
1293 1315 
1449 1453 
1303 1455 1493 
1451 1454 
1453 1456 1454 
1452 1493 1499 
1496 1499 
1462 1463 1457 
1460 1505 
1525 1459 
1458 1505 
1467 1468 1470 1461 
1337 1339 1402 1457 1515 1527 
1339 1457 
1465 1470 1472 1464 
1464 1466 1473 1474 1475 1478 
1465 1478 1520 1522 
1461 1468 
1461 1467 
1472 1481 
1461 1464 1472 1470 
1474 1519 1527 1531 
1464 1469 1470 1481 
1465 1475 1476 1478 
1465 1471 1519 1527 1531 
1473 1477 
1473 1477 
1475 1476 1480 
1465 1466 1473 1519 1520 1522 1524 
1480 1479 
1477 1479 1480 
1469 1472 
1484 1487 
1485 1486 1487 1784 
1482 1486 1487 
1483 1539 1784 
1483 1484 1487 
1482 1483 1484 1486 
1553 1799 
1801 1802 
1303 1367 1378 
1494 1491 
1378 1380 1381 1494 
1452 1455 1495 1496 1498 1499 
1378 1379 1380 1491 1492 1494 
1493 1497 1499 1500 1501 1502 
1455 1456 1493 
1495 1500 1501 1502 
1379 1493 
1455 1456 1493 1495 1496 
1495 1497 1502 1503 
1495 1497 1503 1506 
1495 1497 1506 
1500 1501 1504 1506 1510 
1503 1506 1510 1504 1505 
1458 1460 1510 
1501 1503 1504 1510 
1404 1405 1509 1507 
1403 1404 1516 1517 
1404 1507 1518 
1503 1504 1505 1506 1513 
1513 1514 1521 1526 
2032 1512 
1510 1511 1521 1525 
1511 1514 
1413 1428 1462 1527 
1413 1429 1508 1517 1529 
1414 1415 1429 1508 1516 1518 1529 
1414 1415 1517 1518 1530 
1471 1474 1478 1522 1531 
1466 1478 1522 1523 1524 
1511 1513 1523 1524 1526 
1466 1478 1519 1520 1524 
1521 1526 
1478 1520 1522 
1459 1513 1526 
1511 1513 1521 1523 1525 
1347 1428 1462 1471 1474 1515 1531 
1429 1431 1439 1529 
1429 1516 1517 1528 
1433 1518 2041 
1471 1474 1519 1527 
1533 1532 
1532 1537 
1540 1542 1546 1547 
1535 1549 2048 2049 
1537 1551 
1533 1536 
2053 1538 
1485 1898 
1534 1542 1544 
1545 1546 1900 
1448 1534 1540 1546 
1544 1900 
1540 1543 1900 1901 1902 
1541 1546 1547 1550 1552 
1534 1545 1547 
1534 1545 1546 1552 
1549 1902 2055 
1535 1549 2048 2055 
1545 1552 1903 1904 1905 
1536 1552 1904 1905 
1545 1547 1550 1551 1904 1905 
1488 1908 1909 
624 1350 1351 
623 625 626 627 628 649 650 1352 
626 628 1353 1556 
1356 1357 1360 1559 
1559 1569 
1557 1558 
1575 1559 1560 
1564 1565 1581 
1564 1581 
624 648 1561 1565 
1561 1562 1565 1581 
1561 1563 1564 1581 1565 
1568 1582 1584 
1568 1584 1590 
1566 1567 1571 1582 1584 1591 
1558 1571 
1574 1586 1587 1684 1700 
1568 1569 1586 1587 1684 
1574 1575 1595 1689 1705 1803 1804 1820 1912 1930 1931 
1575 1592 1594 1595 1705 1803 1804 1820 
1570 1572 1684 1689 1705 1804 
1560 1572 1573 1785 1803 1804 
1578 1579 1580 1596 
650 676 1596 
1576 1579 1580 
1576 1578 
692 1576 1578 
1561 1562 1564 1565 
1566 1568 1584 1585 
1589 1590 1602 
1566 1567 1568 1582 1600 
1582 1598 1600 
1570 1571 1684 1587 1700 
1570 1571 1604 1587 1700 
1589 1601 1602 1603 1828 1829 
1583 1588 1600 1601 1602 1603 
1567 1583 
1568 1593 1594 1604 
1573 1594 1595 1604 1607 1819 1820 1830 
1591 1594 1595 1604 1605 1607 1819 1820 1830 1832 
1573 1591 1592 1593 1604 
1572 1573 1592 1593 1607 1820 1830 
691 1576 1577 1597 
691 1596 1599 1609 
1585 1598 
1597 1609 
1584 1585 1589 1598 1602 
1588 1589 1603 1606 1614 1616 1829 
1602 1583 1588 1589 1600 1829 
1588 1589 1601 1606 1614 1616 1828 1829 
1591 1592 1593 1594 1604 1606 1607 1819 1832 
1593 1607 1819 1830 1832 
1601 1603 1604 1819 
1592 1593 1595 1604 1605 1819 1820 1830 1832 
1620 1622 
1597 1599 
1611 1613 
1610 1626 
1617 1632 1636 
1610 1614 1616 1635 1842 
1601 1603 1613 1616 1829 1842 
1617 1635 
1601 1603 1613 1614 1842 
1612 1615 
1843 1844 1845 1856 
705 706 710 1621 
711 1608 
710 711 1619 
711 1608 1620 1637 1638 
1624 1627 1641 1646 
1623 1628 1629 
1640 1768 
1611 1626 
1611 1623 1641 
1624 1630 1632 1634 1636 1648 1649 
1623 1624 1643 1646 1648 
1628 1634 1635 1644 1648 1651 
1636 1650 1652 
1612 1628 1636 1632 
1748 1751 1768 
1628 1630 1648 1651 
1615 1630 
1612 1628 1631 1632 
1622 1656 
712 716 717 1622 
719 730 1658 1659 
1625 1640 
1623 1627 1645 1646 1647 1641 
1645 1646 1647 1660 1664 1665 
1629 1648 1649 
1630 1646 1647 1651 
1641 1642 1647 1664 1665 
1623 1627 1629 1641 1642 1644 
1641 1642 1644 1645 1664 1665 1666 
1628 1629 1630 1634 1643 
1628 1643 
1631 1652 1768 
1630 1634 1644 
1631 1650 1890 
1655 1657 1660 1661 1662 
1660 1661 1662 
1653 1657 1660 1661 1662 1655 
717 727 728 1637 
728 1653 1655 1662 
729 730 1639 1663 
730 1639 1663 
1653 1654 1655 1662 
1653 1654 1655 1662 
1653 1654 1655 1657 1660 1661 
1658 1659 1663 
1642 1645 1647 1666 
1642 1645 1647 1666 
1647 1664 1665 
1669 1670 1681 
1445 1669 1670 1671 
1667 1668 1671 1681 1682 
1443 1444 1445 1667 1668 1671 
1445 1668 1669 1670 1675 1681 
1688 1690 2067 
1688 1690 
1898 1899 
1445 1447 1448 1671 
1688 1691 1901 
1691 1901 
746 756 
745 746 757 
758 1692 1693 
1667 1668 1669 1671 
1669 1685 1686 1697 1698 1701 1702 
1685 1697 1698 
1570 1571 1574 1586 1700 
1682 1686 
1682 1685 1689 1701 
1673 1690 1687 
1672 1673 1676 1690 1691 
1572 1574 1686 1705 1930 1931 
1672 1673 1687 1688 
1676 1677 1688 
1680 1694 1695 1710 
1680 1710 
1692 1707 1708 1710 1714 
770 1680 1692 1693 1695 
770 772 773 
1682 1683 1702 
1682 1683 1702 1713 1714 
1715 1716 
1570 1586 1587 1684 1705 
1682 1683 1686 
1682 1697 1698 1703 1718 1720 
1702 1718 1719 1720 1721 
1704 2073 
1572 1573 1574 1689 1700 
800 1707 1708 1726 
1694 1706 1712 1714 1726 1727 
1694 1706 1712 1713 1714 1726 1727 
770 773 
770 1692 1693 1694 
1712 1713 1714 1717 1729 
1707 1708 1711 1714 1717 1729 
1698 1711 
1694 1698 1707 1708 1711 1712 
1699 1721 2094 
1699 2088 
1711 1712 1719 1729 
1702 1703 1719 1720 1723 1733 1734 1736 1737 
1703 1717 1718 1723 1736 1737 
1702 1703 1718 1721 1734 1737 
1703 1715 1720 1724 2094 
1724 2086 2094 
1718 1719 1736 1723 
1721 1722 1739 2094 
2085 2086 2271 
799 800 801 1706 1707 1708 
801 1707 1708 1727 
803 1728 
1711 1712 1717 
1735 1738 1746 1747 1755 
1738 1746 1747 2111 
1748 1749 1750 1751 1753 
1718 1735 1736 1737 1753 1754 
1718 1720 1735 1737 1753 
1730 1734 1737 1754 1755 
1718 1719 1723 1733 
1718 1719 1720 1733 1734 1735 
1730 1731 2105 
1724 1755 2105 
1741 1844 1951 1740 
1740 1756 1757 1951 
1756 1951 
823 1759 1761 
826 1745 1746 1762 1764 2126 
1764 2111 2126 2127 
1730 1731 1744 1764 2111 
1730 1731 1745 2111 
1732 1750 1751 
1732 1751 1768 
1732 1748 1752 
1633 1732 1748 1749 1752 1768 
1749 1750 1751 1769 1775 1776 
1732 1733 1734 1750 1754 
1733 1735 1753 1755 
1730 1735 1739 1747 1754 
1741 1742 1757 1774 1775 
1741 1756 1774 1775 
1759 1760 1765 1779 
823 1743 1758 1765 1779 1780 1781 
1758 1765 1779 1781 
825 1743 1766 1767 
818 826 1744 1764 2126 
1766 1767 
1744 1745 1746 1762 1767 2114 2126 2127 
1758 1759 1760 1779 
1761 1763 1767 1781 
1761 1763 1764 1766 1770 
1625 1633 1650 1749 1751 
1752 1973 1769 
1767 1773 2127 2142 
1773 1777 1778 2116 
1777 1778 1782 1783 
1770 1777 1778 1782 2116 2130 
1756 1757 1960 1972 
1752 1756 1757 1776 
1752 1774 1775 1973 
1771 1772 1773 2116 2130 
1771 1772 1773 1963 
1758 1759 1760 1765 1780 1781 
1759 1779 
1759 1760 1766 1779 
1772 1773 1783 
1772 1782 
1483 1485 
1575 1789 1803 1804 1805 1912 1913 
1789 1803 
1806 1787 
1786 1790 1799 
1785 1786 
1788 1798 1799 1807 1808 1814 
1809 1791 
1794 1795 1796 1797 1800 1801 1802 1811 1817 
1795 1796 1797 
1792 1796 1797 1801 
1792 1793 1797 1811 
1792 1793 1794 
1792 1793 1794 1795 1811 1813 
1790 1801 1815 1816 
1488 1788 1790 
1792 1795 1802 1817 
1489 1792 1794 1798 1815 
1489 1792 1800 1817 
1572 1573 1575 1785 1805 1912 1913 
1572 1573 1574 1575 1785 1786 1912 1913 
1785 1803 1808 
1787 1809 1810 1821 
1790 1813 1814 1816 
1790 1805 1812 1813 1816 1808 
1791 1806 1810 1809 
1811 1817 
1792 1795 1797 1810 1812 
1808 1811 1813 
1797 1807 1808 1816 1813 
1790 1807 1816 1915 1919 1933 
1798 1801 1925 
1798 1807 1808 1813 1814 
1792 1800 1802 1810 1812 1817 
1821 1834 
1591 1592 1593 1604 1605 1606 1607 1832 1819 
1572 1573 1592 1593 1595 1607 1830 1832 1931 1938 
1806 1818 1834 
1938 1939 1943 
1833 1835 1836 
1825 1826 1837 1838 1839 
1824 1841 
1841 1826 
1834 1842 
1588 1603 
1588 1601 1602 1603 1614 
1592 1593 1595 1605 1607 1820 1832 1938 
1843 1845 1831 
1593 1604 1605 1607 1819 1820 1830 
1823 1835 1836 1848 1833 
1818 1821 1827 1828 1835 
1823 1833 1834 1836 1848 
1823 1833 1835 1848 
1824 1838 1839 
1824 1837 1840 1841 1853 
1824 1837 1841 
1838 1849 1850 1853 
1825 1826 1838 1839 
1613 1614 1616 1827 1842 
1618 1831 1845 1847 1856 1860 
1618 1740 1856 
1618 1831 1843 
1847 1858 
1843 1846 1858 1860 1964 
1835 1836 
1840 1851 1853 1854 1866 1867 1868 
1840 1853 1854 1866 1867 1868 
1849 1854 1866 1867 1868 
1861 1862 1865 1870 1871 
1838 1840 1849 1850 1866 
1840 1849 1850 1851 1855 1873 
1854 1956 1958 
1618 1843 1844 1860 1960 1961 
1863 1876 1877 
1846 1860 
1878 1879 1961 1964 
1843 1845 1847 1856 1858 1961 1964 
1852 1864 1865 1870 
1852 1864 1865 
1857 1865 1880 
1861 1862 1870 1872 
1852 1861 1862 1863 1870 
1849 1850 1851 1853 1867 1868 1871 1872 
1849 1850 1851 1866 
1849 1850 1851 1866 1869 1881 1883 
1868 1884 
1852 1861 1862 1864 1865 1871 
1852 1866 1870 
1864 1866 1886 1887 1888 
1854 1888 1873 
1875 1890 
1874 1890 
1857 1880 1883 
1857 1880 1883 
1859 1975 
1859 1975 1879 
1863 1876 1877 
1868 1883 
1892 1897 
1868 1876 1877 1881 
1869 1968 1980 
1887 1885 
1872 1888 1886 
1872 1885 1888 1891 1886 
1872 1886 1887 
1892 1896 1897 1980 
1652 1874 1875 
1887 1894 
1882 1889 1895 1896 1897 
1896 1897 1893 
1891 1894 
1892 1896 1897 
1889 1892 1893 1895 
1882 1889 1892 1893 1895 
1539 1674 
1674 1914 1918 
1541 1543 1544 1902 
1544 1676 1677 
1544 1548 1900 2055 
1550 1904 1905 1906 
1550 1551 1552 1903 1906 
1545 1550 1551 1552 1903 
1550 1903 1904 1907 1922 
1906 1909 1910 1922 1925 
1553 1910 1908 
1553 1907 
1907 1908 
1929 2248 
1572 1785 1803 1804 1930 1931 
1785 1803 1804 1930 1931 
1899 1916 1917 1918 
1814 1923 1932 1933 
1914 1918 
1914 1924 
1899 1914 1916 
1814 1920 1922 1923 1925 1927 1932 1933 
1919 1922 1923 1924 1925 1926 1927 1932 1933 1934 1935 1936 
1923 1924 1926 1927 1934 1936 
1906 1907 1919 1920 1925 1927 
1915 1917 1919 1920 1921 1927 1932 1933 1934 
1917 1920 1921 1927 1932 1934 1935 
1815 1907 1919 1920 1922 1927 1932 1933 
1920 1921 1936 
1919 1920 1921 1922 1923 1924 1925 1932 1933 1934 1936 
1929 1937 2257 
1911 1928 
1572 1689 1912 1913 
1572 1689 1820 1912 1913 
1915 1919 1920 1923 1924 1925 1927 1934 1944 
1814 1915 1919 1920 1923 1924 1925 1927 1934 1944 
1920 1921 1923 1924 1927 1932 1933 1941 1944 1945 
1920 1921 1924 1936 1941 
1920 1921 1926 1927 1935 
1928 2257 
1820 1822 1830 1939 
1822 1938 1943 
1941 1943 1945 
1934 1935 1940 1944 1945 1946 
1954 1942 
1822 1939 1940 1945 
1932 1933 1934 1941 
1934 1940 1941 1943 1946 1955 
1945 1950 1955 1946 
1949 1956 1957 1958 1947 
1949 1950 1957 
1947 1948 1950 1956 1957 
1946 1948 1949 
1740 1741 1742 1951 
1953 2279 2284 2295 1952 
1952 2284 2285 2295 
1942 2284 
1945 1946 1957 1959 
1855 1947 1949 1958 
1947 1948 1949 1955 1959 
1855 1947 1956 1959 1966 1967 
1955 1957 1958 1966 1967 1969 1970 1971 
1774 1856 1972 
1856 1859 1860 1964 1975 
1965 1974 
2119 2295 
1847 1860 
1962 1965 
1958 1959 1968 1969 
1958 1959 1969 1967 
1884 1966 1980 
1959 1966 1967 1970 1971 
1959 1969 1971 
1959 1969 1970 
1774 1960 1974 1975 1976 1977 
1973 1776 1982 1983 
1962 1972 1976 1977 
1878 1879 1961 1972 
1972 1974 1977 
1972 1974 1976 1984 
1981 1985 1986 1987 1978 
2313 1979 
1884 1889 1968 
1978 1981 
1973 1983 
1973 1982 
1977 1985 
1978 1984 1986 1985 
1978 1985 
1978 1987 
1394 1406 
1993 2024 2025 
1991 1992 2000 
1990 1992 2000 
1990 1991 1999 2000 
1989 1993 
1995 1998 2005 
1994 2004 2005 1995 
1997 2003 
1996 2003 
1994 1999 2002 
1992 1998 2001 2002 
1990 1991 1992 2003 
1999 2003 2004 2005 
1998 1999 2004 2007 2002 
1996 1997 2000 2001 
1995 2001 2002 
1994 1995 2001 2002 
2007 2006 
2002 2006 2008 2009 
2007 2008 2047 
2007 2009 
878 1434 2012 
1066 1068 1069 2012 
2010 2011 
2068 2159 
888 890 
2150 2151 2152 2155 2156 2157 
2020 2021 2022 
2019 2028 2029 
2022 2033 2018 
2022 2029 2034 2035 
2016 2021 2035 
2016 2020 2021 
2016 2018 2019 2034 
2025 2026 2027 2031 
1989 2024 
1989 2023 2027 
2023 2030 2031 
2023 2025 2031 
2017 2029 2033 2038 
2017 2019 2028 2033 2034 2035 
2026 2035 
2023 2026 2027 2039 
1512 2038 
2018 2028 2029 2034 2036 
2019 2022 2029 2033 2035 2036 
2019 2020 2029 2030 2034 
2033 2034 2036 
2039 2040 2045 
2028 2032 
2031 2037 2040 
2037 2039 2046 2040 
1530 2041 
2044 2045 2046 2052 
2045 2046 2052 
2008 2042 2045 
2037 2042 2043 2044 2046 
2037 2040 2042 2043 2045 
2008 2056 
1535 1549 2053 2048 
1535 2050 2053 
2049 2056 
2052 2051 
2042 2043 2051 
1538 2048 2049 2057 
2064 2054 
1548 1549 1902 
2047 2050 
2053 2064 
2059 2060 2241 2245 2253 
2058 2065 2253 
2058 2065 2253 
2063 2247 2248 
2247 2248 
2061 2063 
2054 2057 
2059 2060 
1066 1068 1070 1071 
1672 1704 1688 2073 
2013 2159 2068 2074 
2070 2071 2069 
2069 2235 
2069 2074 
1082 1084 
1704 2067 
2068 2071 2159 
2087 2168 2174 2261 2262 
1082 2078 2088 
1082 2078 2088 
1082 2072 2076 2077 
2081 2082 
1100 1113 2090 
2079 2090 2091 
2079 2083 2082 
2082 2084 
2083 2084 
1725 2271 
1722 1725 
2075 2261 2262 
1716 2076 2077 
2098 2103 
1100 1113 2080 2081 
2091 2103 
2093 2104 
2092 2102 2175 2191 
1715 1721 1722 1724 
2096 2272 2280 2281 
2095 2110 2272 
2107 2109 2110 2185 
2089 2111 
2100 2099 
2099 2101 2113 2100 
2100 2102 2104 2113 
2093 2101 2104 2175 
2089 2091 2098 
2092 2093 2101 2102 2106 2104 
1738 1739 2108 
2104 2118 
2097 2107 
2105 2119 2108 
2097 2185 
2096 2097 2125 2301 
1731 1744 1745 1746 1747 2098 2114 
1144 1145 
1144 1145 1146 2100 2101 
1745 1764 2111 2126 2127 
2130 2131 2132 
1771 1773 1777 2119 2130 
2120 2123 2124 2135 
2106 2123 2124 2135 
1963 2116 
2117 2122 2123 2124 2138 2300 
2138 2140 2299 2300 2301 
2120 2138 2299 2300 
2117 2118 2120 
2117 2120 2125 
2109 2110 2124 2301 
826 1745 1762 2114 
1745 1764 1770 2114 2142 
2132 2144 
2132 2143 2144 
1773 1777 2115 2116 
2115 2132 2143 2145 
2115 2128 2129 2131 2143 2145 
2222 2229 
2139 2146 2147 2221 
2117 2118 2139 2140 
2138 2307 2323 
2139 2140 2147 2149 
2120 2121 2122 2136 2307 
2134 2135 2137 2147 
2121 2135 2137 
1165 1167 1168 
1770 2127 
2129 2131 2132 2144 2145 
2128 2129 2143 2146 
2131 2132 2143 2148 
2134 2144 2147 
2134 2137 2139 2146 
2145 2323 2148 
2137 2324 
1181 1196 2015 2155 
1181 2015 2152 2155 2157 
2015 2150 2151 2155 2156 2157 
2154 2155 2164 
2153 2156 2164 
2015 2150 2151 2152 2153 
2015 2152 2154 2157 
2015 2151 2152 2156 
2160 2162 2165 2166 
2013 2068 2074 2160 2162 2165 
2158 2159 
1196 1206 2170 
2158 2159 2166 2171 
2166 2171 
2153 2154 
2158 2159 2167 2168 
2158 2162 2163 2171 
2165 2331 
2075 2165 2174 
1220 2175 2102 2169 
1206 2161 2173 2176 
2162 2163 2166 2172 
2171 2177 2178 2179 2181 
2170 2173 
2075 2168 2261 
1220 2093 2102 2169 
1206 2170 2180 2183 
2172 2179 2181 2184 
2172 2180 2181 2184 2188 2192 
2172 2177 2181 
2176 2178 2182 2183 2187 2188 2194 
2172 2177 2178 2179 2184 
2180 2193 2194 
2176 2180 2187 2189 2194 
2177 2178 2181 2191 2195 2196 
2097 2110 2197 2273 2356 
2196 2199 2186 
2180 2183 
1220 2178 2180 2192 
1241 2183 2202 2203 2204 2205 
2192 2195 2206 2207 
2093 2184 2192 2195 
2178 2188 2190 2191 2207 
2182 2194 
2180 2182 2183 2193 
2184 2190 2191 2196 
2184 2186 2195 2198 2196 
2185 2198 2199 
2196 2197 2370 
2186 2197 
1245 2200 2201 
2200 2207 2208 
2189 2210 2202 
2189 2205 2214 
2189 2205 2214 
2189 2203 2204 
2190 2201 2208 
2190 2192 2201 2209 
2201 2206 2209 2208 
2207 2208 2218 2220 
2202 2219 2210 2213 
1282 2226 2227 2211 
1247 2212 2226 
2210 2219 
2203 2204 2214 
2217 2219 2228 
2219 2228 
2215 2219 2228 
2209 2208 2230 
2210 2213 2215 2216 2217 2223 2224 
2209 2222 2225 2220 
2133 2229 2221 
2133 2220 
2219 2224 2223 
2219 2223 
2220 2388 
1264 2211 2212 2227 2208 
1282 2211 2226 2227 
2215 2216 2217 
2133 2221 2222 
2218 2231 2230 
2230 2234 
2388 2396 2232 
2234 2233 
2231 2233 2234 
2070 2330 2331 2339 
2237 2240 2236 2254 
2236 2240 2254 2258 
2240 2242 2243 2244 2254 
2243 2244 
2236 2237 2254 
2058 2243 2244 2245 2246 2253 
2238 2244 2245 2250 2251 2252 2256 
2238 2239 2241 2252 2256 
2238 2239 2241 2242 
2058 2241 2242 2250 2251 2252 2253 
2241 2253 
2061 2062 
1911 2061 2062 2249 
2248 2258 2259 2260 
2242 2245 2251 2252 2253 
2242 2245 2250 
2242 2243 2245 2250 2256 
2058 2059 2060 2241 2245 2246 2250 
2236 2237 2238 2240 2260 2264 
2259 2264 2265 2267 2268 2269 
2242 2243 2252 2266 
1928 1937 
2237 2249 
2249 2255 2265 2268 
2249 2254 2255 
2075 2087 2174 2273 2356 2357 
2075 2087 2273 
2266 2275 
2254 2255 2236 2264 
2254 2255 2259 2269 
2263 2270 2278 
2255 2269 2270 2278 
2255 2259 
2255 2267 2270 2278 
2266 2269 2278 
1725 2085 2108 2279 
2095 2096 2280 2281 
2185 2261 2262 2356 2357 
2277 2290 
2263 2359 
2283 2290 2364 
2274 2283 2290 
2266 2267 2269 2270 
1952 2271 2284 2285 
2095 2272 2282 2286 2300 
2095 2272 
2280 2286 2287 2288 2300 2303 
2276 2277 2290 2364 
1952 1953 1954 2279 
1953 2279 2295 2302 
2280 2282 2287 2303 2286 
2280 2282 2286 2303 
2282 2289 2290 2291 2303 
2288 2291 
2274 2276 2277 2283 2288 2364 
2288 2289 
2304 2292 
2294 2360 2361 2366 
2293 2365 2366 
1952 1953 1963 2285 
2297 2298 2302 2306 
2296 2302 2303 2307 2311 
2296 2302 2306 2307 
2121 2122 2301 
2120 2121 2122 2280 2282 
2110 2121 2125 2299 2363 
2285 2296 2297 2298 2303 
2282 2287 2288 2297 2302 
2292 2319 
2319 2320 2321 
2296 2298 2307 
2136 2138 2297 2298 2306 2311 
2312 2324 2328 
2310 2313 2314 2326 2327 2329 
2309 2315 
2297 2307 
2308 2328 
1979 2309 
2309 2314 2329 
2310 2316 2317 
2319 2320 
2315 2320 
2319 2318 
2304 2305 2316 2318 2321 2319 
2305 2316 2317 2321 2320 
2305 2319 2320 2321 
2323 2325 2326 2327 
2148 2322 
2149 2308 2328 
2322 2327 
2309 2322 2327 
2309 2310 2322 2325 2326 2329 
2308 2312 2324 
2309 2314 2327 
2235 2339 
2167 2235 
2341 2342 
2335 2336 2337 2338 2344 2345 2346 
2337 2348 2334 
2336 2344 2345 2346 
2333 2335 2338 2345 
2333 2334 2335 2338 
2333 2336 2337 
2235 2330 2341 2342 
2342 2343 2350 
2332 2339 2342 
2332 2339 2340 2341 2344 
2340 2347 2348 2349 
2333 2335 2346 
2333 2335 2336 
2333 2335 2344 2352 
2343 2349 2355 
2334 2343 
2343 2347 
2340 2357 2358 2350 
2355 2358 2359 
2346 2354 
2355 2358 
2352 2354 
2347 2351 2353 
2261 2273 
2261 2273 2350 
2350 2351 2353 2355 
2275 2351 2360 
2293 2359 2366 
2293 2362 2365 2366 
2361 2365 2366 2368 
2301 2364 2375 
2276 2283 2290 2363 2374 
2294 2361 2362 2368 2369 2379 2380 2383 2386 2387 
2293 2294 2361 2362 
2369 2382 2383 2384 2385 2387 
2362 2365 2385 
2365 2367 2379 2380 2381 2382 2383 2384 2385 2386 2387 
2198 2372 2373 
2373 2389 2390 2392 
2370 2374 2390 
2370 2371 2374 2390 2373 
2364 2372 2373 2378 2390 
2363 2390 
2378 2390 2393 
2393 2394 
2374 2376 2383 
2365 2369 2381 2382 2383 2384 2385 2386 2387 
2365 2369 2381 2382 2383 2384 2385 2386 2387 
2369 2379 2380 2385 2386 2387 
2367 2369 2379 2380 2384 2385 2386 2387 
2365 2367 2369 2378 2379 2380 2386 2387 
2367 2369 2379 2380 2381 2382 2386 2387 
2367 2368 2369 2379 2380 2381 2382 2387 
2365 2369 2379 2380 2381 2382 2383 2384 
2365 2367 2369 2379 2380 2381 2382 2383 2384 2385 
2225 2232 2395 2396 
2390 2391 2392 2393 
2371 2372 2373 2374 2375 2376 2389 
2389 2395 2396 2397 2398 
2371 2389 2393 2394 
2376 2377 2389 2392 
2377 2392 
2388 2391 2396 2395 
2232 2388 2391 2395 
2391 2400 
2391 2400 2401 
2401 2402 2403 2399 
2397 2398 
2398 2399 2403 
2399 2403 
2399 2402 2403 

