110 426
3 5 
9 10 34 2 
1 4 9 11 3 
3 4 
1 6 8 
5 8 
9 10 14 16 17 18 
5 6 9 16 
2 3 7 8 11 
2 7 11 
3 7 9 10 11 
13 14 15 21 12 
12 14 15 21 22 13 
7 12 13 16 17 20 21 22 
12 13 20 21 15 
7 8 14 17 18 21 
14 16 22 
7 16 
29 59 77 
14 15 21 22 24 25 31 32 
12 13 14 15 16 17 20 
13 14 17 20 25 
26 27 28 31 32 33 
20 31 33 
20 22 
23 27 26 
23 26 32 33 
23 29 30 33 79 81 
19 28 76 77 78 
28 79 81 
20 23 24 
20 23 27 33 
23 24 27 28 32 
2 36 
40 41 46 
34 38 39 
39 45 
36 45 
36 37 
35 43 46 52 
35 43 46 52 
47 87 
40 41 43 
48 54 56 57 
37 38 39 48 
40 41 52 55 56 58 
42 49 75 94 
44 45 51 60 61 
47 60 61 
90 95 
52 56 60 63 95 101 103 
40 41 46 50 51 56 
55 57 58 64 
44 57 
46 53 57 58 
44 46 51 52 58 
44 53 54 55 58 64 
46 53 55 56 57 
19 67 62 76 
48 49 51 101 103 
48 49 
67 62 
101 103 63 
53 57 66 
66 69 71 
64 65 
59 62 
71 72 73 
65 71 72 
68 72 73 70 
65 68 69 73 
68 69 70 73 
68 70 71 72 
75 74 
47 74 75 
19 29 59 
19 29 78 
77 79 
28 30 78 81 82 
82 83 
30 79 82 
79 80 81 82 
80 84 
83 85 
84 86 
85 86 
42 89 91 94 
90 91 
87 91 92 94 96 97 
50 88 
87 88 89 94 96 
89 93 96 97 98 100 
92 96 98 100 93 
47 87 89 91 96 
50 51 101 
89 91 92 93 94 98 100 
89 92 98 99 
92 93 96 97 100 107 
97 102 104 107 108 
92 93 96 98 
51 60 63 95 103 
99 104 107 
51 60 63 101 104 
99 102 107 108 110 
107 108 109 110 
108 109 
98 99 102 104 105 110 
99 104 105 106 
105 106 108 109 
102 104 105 107 

