35 185
2 3 4 5 6 7 8 9 10 12 13 19 20 21 22 23 24 25 26 27 28 29 30 
1 3 4 5 6 10 11 13 14 24 25 26 2 
2 4 5 6 7 8 9 12 19 20 21 25 26 28 29 31 32 
1 2 3 5 9 12 19 20 
1 2 3 4 6 21 
1 2 3 5 21 22 
1 3 8 17 18 7 
1 3 7 
1 3 4 12 
1 2 
2 14 15 16 
1 3 9 19 20 
1 2 23 
11 15 14 
11 14 16 
11 
7 18 
7 17 
1 3 4 9 12 20 
1 4 9 12 19 
1 5 
1 6 22 
1 13 
2 10 
26 27 28 29 30 31 32 33 34 35 
4 7 8 17 18 25 28 29 31 32 
25 27 
25 26 29 31 34 35 
25 28 31 32 35 
25 26 33 
25 26 28 29 32 35 
26 28 29 
25 28 30 
25 28 
25 28 29 31 

