60 325
9 2 3 4 15 17 16 
9 1 3 5 15 17 16 
4 15 16 
1 2 3 5 15 17 
1 2 3 4 15 17 16 
14 18 19 20 21 28 29 51 52 53 54 55 56 57 58 
9 22 23 24 30 31 32 33 
12 13 14 27 42 43 44 45 46 47 48 49 50 
7 22 23 9 30 31 1 2 
11 25 26 36 37 38 
10 37 38 39 
8 13 27 41 42 43 44 45 47 
8 12 27 42 43 44 45 46 47 
6 8 48 49 50 
2 3 4 5 17 16 
1 2 3 4 5 15 17 
1 2 4 5 16 
14 19 20 28 51 
6 18 20 21 51 52 53 
6 18 19 21 51 52 
6 19 29 52 53 54 55 56 57 58 
7 9 23 24 31 22 30 
7 24 30 
7 22 23 34 
10 34 35 36 
10 11 38 
8 13 40 41 43 44 45 
6 18 
21 52 54 55 56 57 
23 9 31 
7 22 30 
24 33 
24 25 32 34 
24 33 35 36 
25 34 
10 25 34 35 
11 26 38 
10 11 26 37 39 
11 38 40 
12 27 39 41 42 
12 27 39 40 42 
8 12 13 27 41 
8 12 13 42 44 45 46 
8 12 13 45 46 
8 12 27 43 44 46 
12 47 
13 46 48 49 
8 14 49 50 
8 14 47 48 50 
8 14 48 49 
6 19 20 
6 19 20 21 29 53 55 56 57 
6 19 21 29 52 54 55 56 
6 21 52 57 
6 21 52 56 57 
6 21 53 54 55 57 
21 29 52 53 54 55 56 
6 21 59 60 
58 60 
58 59 60 

