114 682
2 3 5 6 7 8 9 10 11 12 13 14 17 18 19 20 21 26 27 28 29 30 31 32 33 34 35 48 49 53 57 63 1 
1 4 5 8 9 10 17 26 27 28 29 30 31 
1 23 24 25 40 41 42 43 44 45 46 
1 2 5 9 10 26 27 28 29 30 31 32 
1 2 4 10 11 17 18 31 32 33 
3 16 23 24 41 42 44 45 
1 7 
1 9 
2 4 17 26 27 28 
1 2 4 5 11 18 32 33 34 
1 5 10 19 32 33 34 35 
1 13 12 22 36 
1 12 14 22 36 37 
1 13 15 22 23 37 38 
14 37 38 39 
3 6 23 24 25 40 41 42 43 
1 2 4 5 9 26 27 28 29 30 31 
1 5 10 11 19 34 35 
1 11 18 20 34 35 
1 21 
1 20 
12 13 36 37 
3 6 14 15 16 24 38 39 40 
3 6 16 25 40 41 42 
3 6 41 42 43 
1 2 4 9 17 28 
1 2 4 9 17 26 28 
1 2 4 9 17 26 27 29 
1 17 
2 4 17 29 31 
1 2 4 5 17 29 30 
4 5 10 11 33 
1 5 10 11 32 
1 5 10 11 18 19 
1 11 18 19 34 
12 13 22 37 
13 14 15 22 
14 15 23 39 
14 38 
16 23 41 
3 6 16 24 25 40 42 43 
3 6 16 24 25 43 
3 6 25 41 42 
3 6 45 
3 6 44 46 47 
3 45 47 
3 45 46 
49 50 51 52 53 54 55 56 57 59 60 61 62 72 73 74 75 87 88 89 90 91 92 93 94 95 
48 51 52 53 54 55 56 60 61 62 72 73 74 88 89 90 91 92 
48 58 64 65 66 77 78 79 100 50 
48 49 52 54 59 67 68 69 70 71 82 83 84 85 
48 49 54 55 60 72 86 87 88 
48 49 57 62 75 76 94 95 97 53 
49 51 52 59 60 84 85 86 87 88 
48 49 52 56 60 61 72 89 90 
48 49 55 61 62 73 89 90 91 92 
7 48 53 63 97 98 99 
50 65 66 67 79 80 81 
48 51 54 71 82 83 
48 49 52 54 55 61 72 88 
48 49 55 56 60 72 89 
49 53 56 73 74 91 92 
7 57 98 99 
50 77 78 
50 58 79 80 
50 58 65 79 80 81 
51 58 68 69 70 81 
51 67 69 70 81 
67 68 70 81 
67 69 
51 82 
49 52 60 61 
48 49 56 62 91 92 
48 62 73 91 92 
48 53 76 93 94 95 96 
48 53 75 93 94 95 96 
50 64 78 
50 64 77 
50 58 
58 65 79 81 
58 66 67 68 69 80 
71 83 84 
51 59 82 84 
51 54 82 83 
51 84 86 
52 54 85 
52 54 
48 49 52 54 60 87 
49 56 61 90 
48 49 55 56 61 89 
48 49 56 62 73 74 92 
48 49 56 62 74 91 
48 76 
48 53 75 76 93 95 96 
48 53 75 76 94 96 
53 75 76 94 95 
53 57 
57 63 
57 63 
50 101 102 104 105 106 108 109 110 111 
100 102 103 104 107 108 
100 101 103 107 
100 101 102 104 108 
100 103 
100 106 109 110 111 112 113 
100 105 110 111 112 113 
101 102 
100 101 102 
100 105 111 
106 109 
100 105 106 109 110 
105 114 
105 106 112 114 
112 113 

