74 544
2 3 20 21 22 48 49 50 51 52 
1 3 8 9 22 23 24 50 51 52 53 54 
1 2 8 9 22 23 24 52 53 54 
9 10 11 55 56 57 58 59 60 
65 67 69 72 15 16 27 28 29 31 
65 66 67 72 17 18 34 
66 68 70 71 74 40 41 42 43 44 45 46 47 
3 4 9 10 23 24 53 54 55 
2 3 4 8 10 11 24 53 54 55 56 57 
4 8 9 11 55 56 57 58 59 60 
4 9 10 56 57 58 59 60 
69 13 25 61 
69 12 14 15 25 26 61 
69 12 15 25 26 
69 5 13 
69 72 5 27 28 29 30 31 
65 66 67 72 73 6 32 
65 73 6 33 34 35 
66 70 71 74 36 37 38 39 40 
1 21 20 48 
68 1 20 48 49 
1 2 50 51 52 
2 3 9 24 53 
2 3 8 9 23 53 54 
13 14 26 
13 15 25 
65 69 5 29 30 31 
69 5 27 29 30 31 
65 69 72 16 27 28 30 31 
65 72 5 16 27 28 29 31 
65 69 72 5 16 27 28 29 30 
65 72 17 
65 66 67 73 6 18 
65 67 73 6 18 33 
65 67 73 18 
66 70 71 19 37 38 39 
66 70 36 38 
66 70 71 19 36 37 39 
66 70 74 19 36 38 40 
68 70 71 74 7 19 39 41 
68 70 71 74 7 42 43 44 
68 74 7 41 43 
68 74 7 41 42 45 46 
68 74 7 42 43 45 46 
68 74 41 42 43 44 46 
68 74 7 43 44 45 47 
68 74 7 46 
1 20 21 49 
1 20 
1 2 22 
1 2 50 
1 3 
2 3 9 23 24 54 
2 8 9 24 53 55 
4 8 9 10 54 56 
4 9 10 11 55 57 58 
4 9 10 59 
4 10 11 56 57 59 
4 10 11 57 58 
4 10 11 
13 64 63 61 
62 63 64 
61 62 64 
61 62 
66 67 68 69 70 71 73 5 6 16 17 18 27 29 30 31 33 34 35 
65 67 68 70 71 72 73 74 6 7 17 18 19 34 35 36 37 38 39 
65 66 69 70 71 72 73 5 6 17 32 33 34 35 
65 66 70 71 1 7 20 21 40 41 42 43 44 45 46 47 48 
65 72 5 12 13 14 15 16 25 26 28 29 30 31 61 
65 66 67 68 71 73 74 7 19 36 37 38 39 40 41 
65 66 67 68 70 74 7 19 36 38 39 40 41 
65 66 67 69 73 5 6 16 17 29 30 31 32 
65 66 67 70 72 6 17 18 33 34 
66 68 70 71 7 19 39 40 41 42 43 44 45 46 47 

