65 450
2 3 5 6 7 9 10 16 17 18 19 
1 3 5 6 7 9 16 17 18 
1 5 6 7 8 10 11 19 20 21 
65 15 31 33 34 
1 2 3 6 7 9 18 
1 2 3 5 7 9 19 
2 5 6 10 19 20 
3 11 21 22 23 24 
1 2 5 6 17 18 
1 3 7 20 
3 8 22 23 
24 25 26 
25 14 26 28 
13 27 
65 4 31 32 33 
1 2 17 
2 16 18 
1 5 17 
1 3 5 6 20 
1 7 10 
8 11 22 
8 11 21 24 
8 11 21 22 24 
8 12 22 23 24 
12 24 
12 25 13 27 
13 14 26 
65 13 14 27 
65 30 31 
65 29 
65 4 15 29 30 32 
65 4 15 31 33 
65 4 32 34 
65 4 15 33 
36 37 38 39 40 42 43 44 45 47 49 50 51 54 55 56 57 58 65 4 
37 38 39 41 42 43 49 50 51 56 57 58 
35 36 38 39 40 41 42 43 44 45 46 50 51 52 53 56 57 58 59 60 
35 36 37 39 40 42 43 44 45 46 50 51 52 53 58 59 60 
35 36 37 38 40 42 43 44 45 46 50 51 52 53 58 59 60 
35 38 39 45 46 52 53 60 61 62 63 64 
35 36 37 42 44 47 49 
35 36 37 38 39 41 43 44 50 51 56 57 58 
35 36 37 38 42 44 45 50 51 52 56 57 
35 36 37 38 39 41 42 43 50 51 56 57 58 
35 37 38 39 40 43 46 52 53 59 60 
38 39 45 52 53 60 61 
41 48 54 55 
41 47 55 
35 36 41 
35 36 38 39 42 43 44 51 56 57 58 
35 36 37 38 39 42 43 44 50 56 57 58 
37 38 39 40 43 45 46 59 60 
37 38 39 40 45 46 60 61 62 63 64 
35 47 
35 47 48 
35 36 37 42 43 44 50 51 57 
35 36 37 42 43 44 50 51 56 
35 36 38 42 43 44 50 51 
38 39 43 45 
37 38 39 40 45 46 52 53 
40 46 62 63 64 
40 53 61 63 64 
40 53 61 62 
40 53 61 63 
36 38 41 47 48 54 55 15 28 29 30 31 32 33 34 

