83 638
2 3 4 5 6 7 8 9 10 12 13 14 15 16 17 24 25 26 27 29 30 41 42 43 44 45 46 47 48 49 50 51 52 53 54 55 56 69 71 
1 3 5 7 8 12 13 22 23 40 69 70 71 73 76 78 81 82 83 
1 2 4 5 6 8 13 14 15 24 25 26 27 41 42 43 44 45 46 47 48 49 50 51 69 
3 6 9 10 11 15 16 17 28 29 30 31 32 54 55 56 57 58 
1 2 3 7 8 12 13 22 23 40 41 69 71 
1 4 8 13 14 15 24 25 26 27 43 44 45 46 47 48 49 50 
1 2 3 5 12 22 23 40 71 
1 2 3 5 6 13 14 24 25 41 42 43 44 45 46 
1 4 16 17 28 29 30 31 55 56 57 58 
1 18 32 33 34 35 60 61 
4 10 18 33 34 35 60 61 62 63 
1 5 7 22 23 
3 5 6 8 14 24 41 42 43 44 
1 6 8 13 24 42 43 44 45 46 
1 3 4 6 27 47 48 49 50 51 52 53 54 
4 9 28 30 55 56 57 
1 4 10 30 31 32 58 17 59 
10 11 33 34 36 62 63 
20 36 37 38 64 65 66 
19 21 38 39 66 67 68 
20 38 39 67 68 21 
2 5 7 12 
2 40 
1 3 6 8 13 14 25 26 44 45 46 
1 3 8 14 24 43 45 46 
1 3 6 24 25 46 
1 3 6 15 47 48 51 52 
1 9 16 29 55 56 
1 4 9 16 28 30 55 56 57 
1 4 9 16 17 29 31 56 57 
4 9 17 30 58 
4 10 17 58 59 
10 11 18 34 60 61 
10 11 18 62 
10 11 18 36 62 63 
18 19 35 37 62 63 64 65 
19 36 63 64 
19 20 21 39 66 67 68 
20 21 38 
2 5 7 23 
1 3 5 13 
1 8 13 14 44 
1 6 8 13 14 25 42 44 45 46 
1 3 6 8 13 14 24 42 43 45 
1 3 6 8 14 24 25 43 44 46 
1 6 8 14 24 25 26 44 45 
1 3 6 15 27 48 49 50 
1 3 6 15 27 47 49 50 
1 3 6 15 27 47 48 51 
1 3 6 15 47 48 49 51 
1 3 27 49 50 52 53 
1 15 51 53 
15 51 52 
1 4 15 
1 9 16 28 
1 4 9 16 28 29 30 55 57 
4 9 16 56 
4 9 31 32 17 
10 17 32 
10 11 33 59 61 
11 33 60 
11 18 36 63 
11 18 35 36 64 
19 36 37 63 65 
19 36 64 
19 20 38 67 
21 38 66 68 
20 21 38 67 
5 7 12 22 70 71 72 73 76 77 78 79 80 81 82 83 
69 71 72 73 74 75 76 78 79 80 
7 12 22 69 70 76 78 79 80 81 82 83 
69 70 73 74 72 
69 70 72 74 75 76 77 
70 72 73 75 
70 73 74 77 
69 70 71 73 78 80 81 
69 70 72 73 75 
69 70 71 76 79 81 
69 71 76 
69 70 71 76 81 
69 71 78 80 82 83 
69 71 81 83 
69 71 82 

