83 450
3 7 8 15 16 17 22 24 36 
5 9 10 11 18 19 20 21 31 32 33 
1 4 7 8 15 16 17 25 26 27 28 29 
3 8 9 10 18 28 29 30 
2 10 11 19 20 32 
13 14 
1 15 16 25 27 
1 3 4 7 17 25 26 27 28 29 
2 4 10 18 19 30 31 
2 4 5 9 18 19 20 
2 5 21 33 
6 13 14 
6 14 
1 6 12 13 22 23 24 
1 3 7 16 17 25 
1 3 7 17 25 
1 3 7 8 15 16 25 26 27 
4 19 30 31 
2 5 10 18 20 31 
5 19 31 32 
2 11 33 21 
1 13 14 23 24 
14 22 
1 14 22 
3 7 8 15 16 17 26 27 
3 7 25 27 
3 7 8 17 25 26 28 
3 4 8 27 29 
3 4 8 28 
4 9 18 30 
2 9 10 19 20 
2 5 
2 21 
35 39 43 44 53 54 67 68 69 34 
34 40 41 45 35 56 57 58 70 71 72 
1 6 12 13 14 37 38 61 62 80 82 83 
36 38 46 47 60 61 62 37 80 81 
36 37 47 61 62 80 81 
34 43 44 53 54 67 69 
35 41 45 58 72 73 74 75 
35 57 58 72 73 75 76 77 
43 48 49 50 51 63 64 
34 39 42 50 51 52 53 65 66 67 
34 54 
35 40 55 56 57 
47 59 60 78 79 
37 38 46 78 79 
42 63 64 
42 48 50 63 
43 51 
43 50 65 
51 53 65 67 
34 39 43 52 65 66 67 
34 39 44 
35 45 56 71 
35 45 55 71 
35 40 41 45 72 73 
35 40 41 72 73 74 75 76 
46 76 
37 47 78 79 
36 37 38 62 80 81 82 83 
37 38 61 80 81 82 83 
42 48 49 
42 49 63 
43 51 52 53 66 
43 51 52 53 65 
34 39 43 52 53 
34 39 44 69 
34 39 68 
34 35 70 
35 55 56 70 
35 41 57 58 73 
40 41 57 58 72 74 75 
40 41 58 73 75 76 77 
40 41 58 73 74 76 
41 58 59 74 75 77 
41 74 75 76 
47 79 
47 60 78 
36 38 81 
36 37 38 61 62 80 82 
36 61 62 81 83 
36 82 

