79 571
76 2 14 29 31 32 
76 77 78 1 16 17 31 32 33 34 35 36 
74 78 79 4 18 19 20 37 38 39 40 
74 75 79 3 5 20 21 22 41 42 45 46 
74 75 4 6 21 22 23 41 42 43 44 45 46 47 48 49 50 
74 5 7 8 9 22 49 50 
74 75 6 9 10 24 51 52 53 
6 7 9 10 24 51 52 53 
6 7 8 10 24 51 52 53 54 
7 8 9 24 51 52 53 54 
10 24 25 54 55 56 
11 26 27 55 56 57 58 
63 66 67 28 
1 29 30 
76 77 2 16 33 34 35 36 
76 77 78 2 15 17 36 
77 78 79 2 16 36 
78 3 4 19 20 38 40 
74 78 79 3 18 20 40 
74 79 3 18 19 40 41 
74 75 4 5 41 43 44 45 46 
74 75 4 5 6 21 23 44 45 46 47 48 49 
75 45 46 48 49 
7 8 10 11 51 54 
12 26 27 56 57 
25 27 56 57 58 
12 25 26 57 58 
13 58 28 
1 14 
76 14 31 
1 2 30 32 33 
76 1 2 31 33 
76 2 15 31 32 34 35 
76 77 2 15 33 35 
77 2 15 16 33 36 
76 77 78 2 15 16 17 35 
78 79 3 38 39 
78 79 3 18 37 39 
78 3 37 
74 3 18 19 20 
74 75 4 5 20 21 42 43 44 
74 4 5 21 41 43 44 45 46 
74 4 5 21 41 42 44 45 46 
74 75 4 5 21 41 42 43 45 46 
74 75 4 5 21 22 23 42 43 44 46 
74 75 4 5 21 22 23 42 43 44 45 47 
75 22 23 46 48 49 
74 5 22 23 47 49 
74 75 5 6 22 23 47 48 50 
74 75 5 6 48 49 
7 8 9 10 24 52 53 
7 8 9 10 24 
7 9 10 52 
9 10 11 24 53 
11 12 25 
11 12 25 55 
12 25 26 27 58 
12 26 27 28 
60 61 63 64 66 67 69 70 71 13 
59 61 62 68 71 72 73 
60 62 64 68 69 70 71 
60 61 64 65 72 73 
59 66 67 
59 60 61 62 69 70 71 
60 62 72 73 
59 63 67 
59 63 
59 60 61 64 69 70 71 
59 61 64 68 71 
59 61 64 68 69 71 
59 60 61 68 69 
60 62 65 73 
60 62 65 72 
75 78 79 3 4 5 6 7 18 19 20 21 22 23 40 41 42 44 45 46 47 48 49 50 
74 4 5 6 7 8 21 22 23 41 42 43 44 45 46 47 48 49 50 
77 78 1 2 14 15 16 30 31 32 33 34 35 36 
76 78 79 2 15 16 17 33 34 35 36 37 
74 76 79 3 17 18 19 36 37 38 39 
74 77 78 3 4 17 18 19 20 37 38 39 40 

