65 445
2 3 5 6 7 13 14 15 16 17 18 25 26 27 28 29 30 31 32 33 34 35 47 48 49 50 51 52 53 54 55 56 57 58 59 60 61 62 63 64 65 
1 6 7 17 18 32 34 35 62 63 64 65 
1 13 14 15 16 22 24 25 43 44 46 
5 8 9 10 36 
4 11 12 38 36 37 40 
1 2 7 17 29 30 31 32 51 52 53 54 55 56 57 58 59 60 61 
1 2 6 17 31 32 33 54 55 56 57 58 59 60 
4 19 
10 19 
4 9 36 
5 12 36 37 38 39 
13 38 20 21 37 40 41 42 
1 3 12 14 20 21 22 23 24 41 42 43 44 45 46 
1 3 22 23 24 43 44 45 46 
1 3 16 25 26 47 
1 3 15 25 26 47 
1 2 7 18 32 33 34 61 62 
2 17 35 
4 8 9 
5 13 21 39 40 41 42 
20 40 41 43 
3 13 14 23 24 43 44 46 
3 13 14 22 24 45 46 
3 13 14 22 23 44 46 
1 3 15 16 
1 15 16 27 47 
1 28 48 49 
1 27 48 49 
1 6 30 31 49 50 52 53 
1 6 29 31 51 52 53 54 
1 6 7 29 30 51 52 53 54 55 
1 2 7 17 33 34 60 61 62 
1 2 17 32 34 61 62 
1 2 17 33 62 
2 18 
5 10 11 
5 11 12 38 39 
5 11 12 38 37 
5 11 12 20 37 40 
5 21 
12 20 21 40 
12 13 20 21 43 
3 13 21 22 42 44 45 
3 13 14 23 24 43 45 46 
3 13 14 22 23 43 44 46 
3 14 22 24 44 45 
1 15 16 26 
1 28 
1 27 28 29 48 50 
1 27 28 29 30 49 
6 29 30 31 53 54 55 
1 6 30 31 51 54 
1 6 29 31 51 54 55 
1 6 7 30 31 52 53 55 
1 7 31 52 53 54 56 57 
1 6 7 55 57 58 59 60 
1 6 7 55 56 59 
1 6 7 56 57 
1 6 7 57 58 60 
7 32 56 57 58 59 61 
1 6 7 17 32 33 60 
2 17 32 33 34 
1 2 
1 2 65 
1 2 64 

