35 175
8 9 
29 30 31 3 15 16 
29 30 31 2 4 5 16 17 18 
30 31 3 17 
31 3 4 17 
34 35 7 
34 35 6 8 
32 1 7 
32 33 1 
29 11 12 10 
29 33 10 12 
29 11 10 
29 14 30 
29 13 
29 15 
31 2 3 
31 3 5 18 19 
31 3 5 19 
31 5 17 18 
21 22 23 20 24 25 27 31 
20 31 
23 24 25 26 27 28 
22 25 26 27 28 
20 22 26 27 28 
20 22 23 24 26 27 28 
20 22 23 24 25 27 28 
20 22 24 25 26 
20 22 23 24 25 26 27 
30 31 32 33 2 3 10 11 12 13 14 15 16 
29 31 3 13 30 15 16 
20 21 29 30 2 3 4 5 16 17 18 19 31 
29 33 1 8 9 
29 32 9 33 10 11 
35 6 7 8 
34 6 8 

