29 178
2 3 5 6 8 9 10 11 12 20 21 22 23 24 25 
1 3 5 6 10 11 12 13 24 25 26 27 
1 2 10 11 12 13 14 15 25 26 27 
7 4 
1 2 6 8 10 21 22 23 24 
2 5 9 10 23 24 
4 14 15 28 29 
1 5 6 9 17 18 19 20 21 22 23 
1 5 6 8 21 22 23 
1 2 3 5 6 11 12 24 25 
1 3 10 12 24 25 
1 2 3 11 24 25 
2 3 14 27 
3 7 13 15 28 29 
3 7 14 28 29 
17 18 
16 18 19 
8 16 17 19 20 21 
8 18 20 21 
1 8 9 18 19 21 22 
1 8 9 19 20 
1 5 8 9 20 21 23 
5 8 22 
1 2 5 6 11 12 
1 2 3 10 11 12 26 
2 12 13 25 27 
2 13 26 
14 15 29 
7 14 28 

