49 344
4 5 9 13 14 15 16 23 24 25 26 27 28 29 44 45 46 47 48 49 
3 10 12 30 31 32 33 
2 6 7 11 18 19 34 
1 5 9 13 14 15 16 23 24 25 27 28 44 45 46 47 
1 4 9 14 15 16 24 25 26 27 28 44 45 46 47 
2 3 8 11 12 18 19 33 34 35 
3 6 8 18 19 20 21 34 35 36 37 39 40 
6 7 13 18 19 20 21 22 35 37 38 39 40 41 
1 4 5 14 15 27 28 47 48 49 
2 17 30 31 32 
2 3 6 12 33 
6 11 33 
1 8 21 22 23 41 42 43 
1 4 5 9 15 16 24 25 26 27 28 45 46 47 
1 4 5 9 14 16 25 26 27 28 45 46 47 
1 4 5 9 14 26 27 28 46 47 
2 10 30 31 32 
6 8 19 34 36 37 
6 7 8 18 34 36 
7 8 21 22 37 38 39 40 
7 8 13 20 22 40 41 42 
13 20 42 
1 4 13 24 44 
1 4 5 14 23 25 44 45 
1 4 5 14 15 24 26 45 
1 4 14 15 16 25 45 46 
1 4 5 9 14 15 16 46 
1 5 9 14 15 16 47 
9 48 49 
10 17 
2 10 17 
17 31 
3 6 11 12 
3 6 18 19 35 
6 7 8 18 19 34 36 37 
7 8 18 19 35 37 38 
7 8 18 20 35 36 38 
7 8 20 36 37 
8 20 21 40 
7 8 20 21 39 
8 13 22 42 43 
22 43 
13 22 
5 23 24 
4 5 14 15 26 
1 4 5 14 15 16 26 27 
1 5 9 14 15 16 28 
1 9 29 49 
1 29 48 

