44 256
27 23 
25 28 32 3 
28 2 
25 28 36 5 6 7 8 9 
28 36 4 6 7 8 10 
25 28 36 4 5 8 9 10 
25 28 36 8 9 10 
28 36 37 4 5 6 7 9 10 11 
25 28 36 37 4 5 6 7 8 10 
25 37 5 6 7 8 12 
25 26 28 37 8 9 10 12 
25 26 10 11 
25 26 
26 33 38 
26 34 
39 40 41 42 17 18 
41 42 43 16 18 
41 42 43 16 17 19 20 
27 42 43 18 20 
27 42 43 18 19 
27 30 
30 44 23 
30 35 44 1 22 
31 24 
26 27 28 29 32 33 25 36 37 38 2 3 4 5 6 7 8 10 11 12 13 
25 27 28 29 33 34 38 11 13 14 15 
25 26 29 30 31 35 41 42 1 19 20 43 21 22 
25 26 36 37 2 3 4 5 6 7 8 9 11 
25 26 27 33 34 39 15 
27 35 44 21 22 23 
27 35 24 
25 
25 26 29 34 38 14 15 
26 29 15 
27 30 31 23 
25 28 4 5 6 7 8 9 
26 28 8 9 10 11 
25 33 
29 40 41 16 
41 16 
27 39 42 16 17 
27 41 16 17 18 19 
41 42 17 18 19 20 43 
27 30 22 

