40 294
34 35 38 2 15 
34 35 38 1 3 15 
34 35 38 1 2 15 16 
35 16 17 
31 32 19 20 21 22 
29 30 31 32 36 39 40 7 8 9 23 
29 30 31 32 39 6 9 23 
29 30 32 36 39 40 6 7 9 10 23 
29 30 36 39 40 6 7 8 10 23 
36 8 9 11 24 25 26 
29 30 36 40 10 12 25 26 27 
30 33 36 11 27 
33 37 28 
37 13 28 
34 35 38 1 2 3 
35 3 4 
4 18 19 
17 19 
31 5 17 20 
32 5 
31 32 5 20 22 
29 31 32 5 20 21 
29 30 32 36 39 40 6 7 8 9 
29 30 36 40 10 11 25 26 
36 10 11 24 26 
30 36 40 10 11 24 25 27 
30 36 11 12 26 
33 37 14 
30 31 32 36 39 40 5 6 7 8 9 10 11 20 22 23 24 
29 31 32 33 36 39 40 6 8 9 10 11 12 30 23 24 25 26 27 
29 30 32 36 39 5 6 7 17 18 19 20 21 22 
29 30 31 36 39 5 6 7 8 20 21 22 23 
36 12 30 13 
35 38 1 2 3 
31 34 38 1 2 3 4 15 16 17 
29 30 31 32 39 40 6 7 8 10 11 12 23 24 25 27 
33 13 14 28 37 
34 35 1 2 3 15 
29 30 31 32 36 40 6 7 8 23 
29 30 39 6 8 9 10 11 24 25 26 

