36 206
34 2 5 6 7 8 13 14 15 
21 34 1 5 7 8 9 13 14 15 16 17 
33 35 36 4 11 
33 36 3 12 
34 1 2 6 7 13 
1 2 5 7 8 9 14 15 16 17 
1 2 5 6 8 9 13 14 15 16 18 
1 2 6 9 13 14 15 17 18 
2 6 15 16 17 
35 10 
33 35 36 3 
33 4 
1 2 5 6 7 8 14 15 16 
1 2 5 6 7 8 13 15 16 17 
1 7 8 9 13 14 16 
2 6 7 8 13 14 15 17 
2 6 7 8 9 14 15 16 18 
22 2 7 8 9 17 
20 23 24 25 27 28 29 
19 26 30 31 32 
22 23 8 9 18 
21 22 9 18 
19 21 22 
19 25 27 28 29 
19 24 27 28 29 25 
20 32 
19 24 25 28 
19 24 25 
19 24 25 
31 32 
30 32 
20 26 31 
34 35 36 3 4 11 12 
33 36 1 2 4 5 6 12 13 
36 3 10 11 
33 35 3 11 

