70 404
51 54 2 
51 54 56 1 
51 54 56 57 63 4 
51 54 56 57 63 3 
51 54 56 57 63 
51 58 64 65 
51 53 
51 53 7 
51 53 66 67 10 11 
53 66 67 9 11 
53 66 67 10 
54 55 59 60 61 68 13 14 15 16 20 21 22 23 27 28 29 30 
12 17 19 
12 16 19 20 22 27 29 14 
12 14 16 20 22 23 27 28 29 30 
14 15 27 29 
13 18 19 24 
13 19 24 
13 14 17 24 25 26 
12 14 21 20 
12 14 15 20 
12 14 15 16 20 27 28 29 
15 30 
17 18 19 25 26 
17 18 19 26 
19 24 25 
16 21 22 28 29 
12 14 27 29 
12 14 22 27 28 
15 16 23 
32 34 35 36 37 45 53 66 67 9 10 11 31 
31 33 39 40 41 42 49 
32 42 44 50 
31 35 37 38 45 47 
34 37 38 45 46 48 
31 66 9 
31 34 35 38 45 46 47 48 
34 37 47 48 
40 41 49 
32 39 41 49 
32 40 49 
32 33 
33 50 
43 50 
35 37 
35 37 38 47 
34 37 38 46 48 
34 37 
32 39 41 
43 44 
31 32 33 34 52 53 54 55 57 59 60 61 62 63 64 65 66 67 68 69 70 1 2 3 4 5 51 6 7 8 9 12 13 14 15 16 23 
51 53 54 55 56 59 60 61 62 68 69 70 12 15 16 22 23 30 
31 32 34 35 36 51 52 54 56 58 65 53 66 67 7 8 9 10 11 12 
51 52 56 57 58 61 62 1 2 3 4 5 
51 52 59 60 61 
51 52 53 54 57 63 1 2 3 4 5 
54 56 58 63 3 
51 53 54 64 65 
51 52 55 60 68 
51 52 68 
51 52 54 55 62 68 69 70 
51 54 70 
51 54 56 3 5 
51 53 65 
51 53 58 64 6 
36 53 67 9 10 
36 51 9 10 11 
51 52 55 59 60 61 
51 52 70 
51 52 62 69 

