38 221
34 35 36 37 38 2 3 4 5 6 7 8 9 13 14 15 17 18 23 24 25 26 27 28 29 30 31 32 33 
1 3 4 10 11 20 22 
1 2 4 10 11 12 20 21 22 3 23 
1 2 3 10 12 13 22 23 
1 15 25 26 
1 7 8 16 17 18 30 31 
1 6 8 9 16 17 18 19 30 31 
1 6 7 9 16 17 18 19 30 31 
34 1 7 8 18 19 32 33 
2 3 4 11 21 
2 3 10 20 21 
3 4 22 
2 3 4 
1 5 24 25 
1 26 27 
6 7 17 30 
1 6 7 8 16 18 30 31 
1 6 7 8 9 17 19 31 
1 7 8 9 30 31 
10 11 21 
2 3 10 11 20 22 
2 3 4 10 11 12 21 
1 3 4 24 
1 14 23 
1 5 
1 5 25 
1 15 28 29 
27 29 
1 27 28 
1 6 7 8 16 17 18 19 31 
1 6 7 8 17 18 19 30 
1 9 33 
1 32 
35 36 37 32 33 
34 36 37 38 
34 35 37 
34 35 36 38 
35 37 

