109 813
3 4 5 7 8 12 17 31 32 33 56 62 
6 9 10 16 22 23 46 47 
1 4 5 7 8 17 33 34 35 36 39 40 41 
1 3 5 7 8 17 34 35 36 37 38 39 40 41 
1 3 4 7 8 13 17 18 34 35 36 37 38 39 40 41 5 
2 9 16 22 23 46 
1 3 4 8 17 33 34 35 
1 3 4 5 7 17 33 34 35 36 37 
2 6 13 14 15 16 19 20 21 22 43 44 45 
2 24 25 50 51 52 53 
12 26 27 28 29 30 72 73 83 109 
27 28 29 30 
9 14 18 19 21 42 43 
9 13 15 18 19 20 21 42 43 
9 14 19 21 44 
2 6 9 22 44 45 
1 3 4 5 7 8 34 35 36 37 
5 13 14 19 20 42 
13 14 15 20 21 42 
9 13 14 18 19 21 42 
9 13 14 15 19 20 
2 9 
2 24 46 47 48 49 
10 23 48 49 50 
51 52 53 
11 27 28 
11 12 28 29 
11 12 27 29 
11 12 28 30 
11 12 29 
1 32 
1 31 
1 3 8 
3 4 5 7 8 17 35 
3 4 5 8 17 34 36 37 
3 4 8 17 35 37 38 39 40 41 
4 5 8 35 36 38 39 40 41 
3 4 5 37 39 40 41 
3 4 5 36 37 38 40 41 
3 4 5 36 37 38 39 41 
3 4 5 36 37 38 40 
13 14 18 19 20 
9 13 15 21 44 
9 15 16 43 45 
9 16 
2 6 23 47 
2 23 46 49 
23 24 49 
23 47 48 
10 51 
25 50 52 53 
10 25 51 
10 25 52 
55 56 57 58 59 63 64 65 66 67 68 74 75 76 77 78 84 85 86 87 88 89 90 91 92 93 94 95 96 97 98 99 54 
1 3 11 12 26 27 28 29 30 54 56 57 58 59 60 61 62 67 68 69 70 71 72 73 78 79 80 81 82 83 102 103 104 105 107 108 109 
1 11 12 26 27 28 29 30 54 55 60 61 62 69 70 71 72 73 80 81 82 83 105 106 107 108 109 
54 55 58 65 66 67 77 98 99 
55 57 59 66 67 68 99 100 101 
54 55 58 60 67 68 70 79 102 
55 56 59 61 62 69 70 71 72 73 80 81 82 104 105 106 107 
55 56 60 62 69 70 71 72 80 81 82 104 105 106 107 
11 12 26 27 28 29 55 56 60 61 72 73 82 83 107 108 109 
54 84 85 87 
54 74 75 88 90 92 93 94 
54 57 64 75 76 77 94 95 96 97 98 
54 57 58 67 99 
54 55 57 58 59 66 68 78 101 
54 55 59 67 78 79 100 101 102 
55 56 59 60 61 70 71 80 81 103 104 105 
55 56 59 60 61 69 71 81 104 
55 56 60 61 69 70 80 81 104 105 
11 55 56 60 61 62 73 82 83 106 107 108 109 
11 55 56 60 62 72 82 83 107 108 109 
54 89 
54 64 65 76 94 95 96 97 
54 65 75 77 95 96 97 98 
54 57 65 76 98 
54 55 58 67 68 100 101 
59 68 
55 56 60 61 70 71 104 105 
55 56 60 61 69 70 80 104 105 106 
55 56 60 61 62 72 73 83 106 107 108 109 
55 56 62 72 73 82 107 108 109 
54 63 85 86 
63 84 
54 63 84 85 87 
54 63 86 
54 64 74 89 
54 64 74 88 90 91 92 
54 64 74 88 91 92 
54 64 88 89 90 92 
64 88 90 91 
54 64 
54 64 65 75 95 96 97 
54 65 75 94 96 97 
54 65 75 76 95 97 
54 65 75 76 94 95 96 
54 57 76 77 
54 57 
58 67 78 101 
58 67 68 78 100 
55 68 
55 59 69 79 
55 60 61 71 80 81 
55 56 60 61 69 80 81 106 
56 60 61 71 72 107 
55 56 61 62 72 73 83 106 108 
55 56 62 72 73 82 83 107 109 
55 56 62 72 82 83 108 

