83 537
77 79 2 6 7 19 37 38 39 40 41 42 43 
77 1 7 8 20 42 43 44 
4 9 48 49 50 
3 5 9 49 50 
78 3 4 9 10 
77 79 1 17 18 19 33 34 37 38 40 
77 79 1 2 8 20 43 44 
2 7 21 44 45 46 47 
3 4 5 49 
78 5 23 10 
78 24 51 52 53 54 
78 80 25 26 56 57 
77 81 82 83 14 15 31 32 
82 83 13 31 32 
77 13 14 32 
83 15 17 
77 79 16 33 34 35 36 37 
77 79 1 6 19 37 38 39 40 
77 79 1 6 18 37 38 39 40 41 
77 79 2 7 44 
8 45 46 47 48 
78 23 10 51 52 
78 10 51 52 
78 11 51 52 
78 80 12 26 56 57 58 
78 12 56 57 
81 28 74 75 76 
81 29 76 
82 28 30 
81 82 83 29 31 
81 82 83 13 14 30 32 
82 83 13 14 15 31 
77 79 16 17 35 36 37 
77 79 6 17 33 35 36 37 38 
79 33 34 36 38 
77 79 6 17 33 34 35 37 38 
77 79 1 17 18 19 34 35 36 38 
77 79 1 6 18 19 34 35 36 37 
77 1 6 18 19 40 41 
79 1 6 18 19 39 41 
77 79 39 40 42 
77 79 1 2 41 
77 2 7 
77 2 8 20 45 
8 21 44 46 47 
21 45 47 
8 21 45 46 
3 4 21 
3 9 50 
3 9 
78 11 22 23 24 52 
78 11 23 24 51 53 
78 11 24 51 52 54 
78 11 24 53 
78 80 25 
78 80 57 58 
80 12 25 26 58 
12 25 26 56 57 
81 82 83 28 29 60 62 63 64 68 69 70 74 75 76 
59 61 63 65 66 71 73 
59 60 62 64 68 69 73 
59 61 63 64 68 69 74 75 76 
59 60 61 62 68 69 73 
59 61 62 63 68 69 70 74 
60 67 71 72 
60 65 67 
60 66 72 
59 61 62 63 64 69 73 
61 63 64 68 
27 59 64 74 75 76 
60 65 71 
60 65 66 67 
60 61 63 68 
59 62 70 75 76 
27 59 70 74 76 
27 28 59 62 70 74 75 
79 82 83 2 6 7 8 13 15 16 17 18 19 20 33 34 35 36 37 38 39 40 41 42 43 44 59 
80 5 10 11 12 22 23 24 25 26 51 52 53 54 55 78 
77 1 2 6 17 18 19 20 33 34 35 36 37 38 39 40 41 42 43 
78 12 25 26 55 56 57 58 
83 13 27 28 31 70 76 
81 83 13 14 15 29 30 31 32 
77 81 82 13 14 15 16 30 31 32 

