35 200
5 6 15 16 17 21 22 23 25 
4 5 11 12 13 14 15 20 
6 7 8 9 10 18 28 29 30 31 32 33 34 35 
2 12 13 14 15 
1 2 15 
1 3 7 8 9 18 25 26 27 29 30 
3 6 8 10 18 26 27 28 29 30 
3 6 7 10 18 28 29 31 
3 6 7 8 10 18 30 31 32 
3 8 9 31 32 34 35 
2 13 19 20 
2 13 14 
4 11 14 
2 4 12 13 
2 4 5 
1 5 17 21 22 23 
1 16 21 22 24 
3 6 7 8 9 26 27 28 29 30 
11 19 
2 11 
1 16 17 22 23 
1 16 17 21 
1 21 24 
1 17 23 25 
1 24 
6 7 18 27 28 29 
6 7 18 26 28 29 
3 6 7 8 18 26 29 30 
3 6 7 8 18 26 27 28 30 
3 6 8 9 18 28 29 
32 33 
3 9 31 33 34 
3 10 31 32 34 35 
3 32 33 35 
3 33 34 

