59 396
48 49 51 59 10 21 22 
48 49 50 52 11 12 13 23 24 
48 49 50 52 2 12 13 24 25 26 
48 49 52 27 28 29 30 
48 53 54 55 6 16 17 31 32 33 34 
48 55 56 5 33 34 35 36 
43 44 45 48 57 18 41 
51 58 9 19 20 
51 58 8 19 20 
49 51 58 59 1 21 22 
48 49 2 12 24 
48 49 50 52 2 3 11 13 23 24 25 
48 49 50 52 2 3 12 24 25 26 
48 53 54 15 
48 53 54 31 
53 5 17 31 32 
48 53 54 5 16 31 
48 56 57 7 42 
51 58 8 9 20 
51 58 8 9 19 
49 58 1 10 22 
59 1 
49 50 11 24 
49 2 3 11 12 13 23 25 
49 52 2 3 13 24 
48 49 50 52 3 13 
48 49 52 4 28 
48 4 27 29 
48 4 30 
48 4 29 
48 53 54 5 15 16 17 32 
48 53 54 5 16 31 
48 55 5 34 35 
48 55 5 6 33 36 
55 34 
48 55 6 34 
48 56 39 
48 55 
48 55 56 37 38 
48 56 57 18 
57 18 42 
48 7 18 
44 45 46 7 
45 
44 45 46 
43 45 
46 47 
43 44 45 46 47 49 50 51 52 53 54 55 56 57 58 59 1 2 3 4 5 6 7 12 13 14 15 16 17 18 26 29 30 48 32 33 34 35 36 37 38 39 40 41 42 
48 50 51 52 58 59 1 3 4 10 11 12 13 21 23 24 26 27 
48 49 52 2 11 12 13 24 25 26 
49 58 1 8 9 10 19 20 
48 49 50 2 3 4 12 13 25 27 
48 54 5 14 16 17 31 32 
48 53 5 16 17 31 32 
48 56 57 5 6 33 34 36 37 38 39 
48 55 57 6 18 37 38 39 40 
43 44 48 55 7 18 40 41 42 
48 49 59 8 9 10 19 20 21 
48 49 51 58 1 10 22 

