34 195
2 3 4 20 33 
34 3 
1 2 4 
34 1 2 3 
6 8 10 11 12 13 21 22 23 24 
5 8 14 15 25 26 27 28 
34 2 3 4 9 16 17 18 19 20 30 31 32 33 
5 6 23 24 25 26 27 
7 15 16 17 18 28 29 30 
5 11 12 22 
5 10 21 22 23 
5 11 13 22 
5 12 21 22 23 
6 8 23 24 25 27 
6 9 16 29 
7 9 15 17 18 30 31 
9 16 18 30 31 
7 9 17 19 30 31 32 
7 18 30 31 32 
1 3 19 33 
5 10 12 22 
5 10 11 12 21 
5 8 13 14 25 26 
5 8 14 23 25 26 27 
6 8 23 24 26 27 
6 8 14 23 24 25 27 
6 8 14 24 25 26 
9 15 29 
15 28 
7 9 16 17 18 19 31 32 
7 16 18 19 30 32 
7 17 18 19 30 31 
2 3 7 19 20 
1 2 3 4 19 20 33 

