53 271
53 52 
53 
4 9 10 11 13 14 15 16 17 18 19 34 35 36 37 
3 5 6 8 11 12 20 21 38 39 40 41 42 43 
4 6 7 8 12 21 22 23 24 25 26 27 42 43 44 45 
53 1 2 4 5 7 27 28 47 48 49 50 51 52 6 
53 1 5 6 29 48 49 50 51 52 
5 12 21 22 42 43 
3 13 30 
3 11 17 18 19 37 10 
3 4 10 11 
4 8 20 42 
3 9 30 31 32 33 34 
3 16 35 
3 16 36 
3 14 15 35 36 
3 10 18 19 
3 17 
3 10 17 18 37 
4 12 21 38 39 40 41 
8 12 20 
4 5 8 23 24 42 43 
4 5 22 24 43 
5 23 25 43 
5 24 26 44 45 46 
5 25 27 44 45 46 
5 6 25 26 28 44 45 47 
6 26 27 46 47 
6 7 49 
9 13 
9 13 
9 13 31 33 34 
31 32 
3 13 33 
3 14 15 16 
3 15 16 35 
10 18 19 
4 20 40 
4 20 38 40 41 
4 20 38 39 41 
4 39 
4 5 8 12 22 
4 8 23 24 
25 26 27 45 46 
5 25 26 44 46 
25 26 28 44 
6 27 28 29 
6 7 29 49 
6 7 29 48 50 
6 7 49 51 52 
6 7 49 50 52 
7 50 
1 2 53 

