46 396
23 46 16 17 18 
21 25 39 
21 22 24 26 30 32 41 42 43 4 5 
21 22 24 26 30 31 32 41 42 43 3 5 
21 26 30 31 32 42 43 44 3 4 
21 22 24 26 27 32 33 34 44 7 9 
22 24 26 27 33 6 8 
22 26 27 34 6 7 9 
22 27 33 34 6 7 8 
35 11 
28 35 36 10 12 
28 29 35 36 37 45 11 13 
28 36 37 45 12 
29 36 37 13 
23 46 
23 46 17 18 19 
23 46 1 16 18 19 
23 46 1 16 17 
23 16 17 20 
38 19 
22 24 25 26 27 30 31 32 33 34 39 40 41 42 43 44 2 3 4 5 6 
21 24 25 26 27 28 30 31 32 33 34 35 41 42 43 44 3 4 5 6 7 8 9 
29 38 46 1 15 16 17 18 19 23 
21 22 25 26 27 30 31 32 33 34 40 42 43 44 3 4 5 6 
21 22 24 30 39 2 
21 22 24 27 30 31 32 33 34 41 42 43 44 3 5 6 7 8 
21 22 24 26 28 32 34 35 6 7 8 9 10 
22 23 27 29 35 36 37 45 11 12 13 14 
23 28 35 36 37 45 12 13 14 
21 22 24 26 31 32 40 41 42 43 44 3 
21 22 24 25 26 30 32 41 42 43 44 3 4 
21 22 24 26 27 30 31 33 42 43 44 3 4 5 6 
21 22 26 27 32 34 44 6 7 8 9 
21 24 26 27 32 33 44 6 7 8 9 
22 27 28 29 36 10 11 12 
28 29 35 37 45 11 12 13 14 
28 29 13 
23 20 38 
21 25 40 2 
21 24 25 39 
21 22 24 25 26 30 42 43 3 4 
21 22 24 26 30 31 32 41 43 3 4 5 
21 22 24 30 31 41 42 3 4 5 
22 24 26 30 31 32 34 5 6 
28 29 37 12 13 14 
23 1 15 16 18 

