27 180
2 4 10 24 25 
1 3 9 17 18 19 20 21 22 23 
1 2 8 9 17 18 19 20 21 22 23 
1 5 6 10 11 12 13 14 15 24 25 26 27 
4 6 7 10 11 12 13 14 15 27 
4 5 7 11 12 13 14 15 16 
5 15 16 7 
2 9 17 19 20 21 22 23 
2 3 8 19 20 21 22 23 
1 4 5 11 12 13 24 25 26 27 
5 6 10 12 14 15 
5 10 11 13 27 
4 6 10 11 12 14 27 
4 5 6 11 12 15 27 
4 5 6 7 11 14 
6 7 
2 3 18 19 
2 3 8 17 20 
2 3 8 9 17 18 20 21 
2 3 8 9 19 21 
2 3 8 9 18 19 22 23 
3 8 9 21 23 
2 3 8 9 21 22 
4 10 25 26 
1 4 10 24 26 
4 25 
4 5 10 12 13 14 

