96 673
2 3 4 5 6 7 10 11 12 13 14 15 22 23 24 25 26 27 28 29 30 33 37 
1 3 4 6 7 10 11 12 22 23 24 25 26 27 28 29 
1 2 4 6 10 11 12 21 22 23 24 25 26 
1 2 3 11 23 24 25 26 27 28 29 
7 14 15 16 
1 3 4 10 11 20 22 23 
1 2 5 13 14 
18 19 95 96 
18 19 96 
1 2 3 10 6 20 21 
1 2 3 4 6 22 23 24 25 
1 2 25 26 27 28 
1 7 14 
1 5 7 13 30 
1 5 16 31 
5 15 17 32 
15 16 31 32 
8 9 96 
8 9 96 
6 10 21 
3 6 20 
1 2 6 11 23 
1 3 4 6 11 22 24 
1 2 3 11 23 25 
1 2 3 4 11 12 24 26 
1 2 4 12 25 27 
2 3 4 12 28 
1 2 4 12 27 29 
1 2 29 
1 5 14 
15 17 
16 17 31 
8 36 37 42 47 87 88 89 90 91 92 93 94 95 
35 48 49 67 68 69 70 71 34 50 
34 38 51 52 53 55 56 57 58 59 72 73 76 77 
33 38 39 40 41 43 44 45 46 63 64 65 79 80 81 82 83 84 85 86 
10 8 9 18 19 33 42 47 95 96 
35 36 39 40 41 43 44 45 60 61 62 63 77 78 79 80 81 82 83 
36 38 40 41 43 44 60 61 62 63 78 79 81 82 83 
36 38 39 41 43 44 45 46 63 64 79 80 81 82 83 84 85 
38 39 40 43 45 46 63 65 84 85 86 
33 37 66 87 88 89 90 91 92 93 
36 38 39 40 41 44 60 61 62 63 78 79 80 81 82 83 84 
36 38 39 40 41 43 61 62 63 79 80 81 82 83 
36 40 41 46 63 64 84 85 86 
41 63 64 65 85 86 
33 89 90 91 92 93 
34 49 67 68 69 
34 68 69 70 
34 71 
35 53 54 72 73 74 75 
51 53 54 72 73 
35 51 52 54 55 73 74 75 76 
35 51 52 53 55 56 74 75 76 
35 53 54 57 58 59 75 76 
35 54 57 58 59 
35 55 56 58 59 77 
35 55 56 57 59 77 
35 55 56 57 58 77 
38 39 43 62 77 78 
38 39 44 60 78 79 
38 39 43 44 60 61 78 79 
38 39 40 41 43 44 45 46 64 83 84 85 
36 40 41 45 46 63 85 86 
36 41 46 87 
42 87 
34 67 
34 48 70 
34 48 49 70 
34 48 49 68 69 
50 70 
35 51 52 53 73 74 
35 51 52 53 54 72 75 76 
35 51 52 53 54 72 73 75 
35 53 54 55 73 74 
35 53 55 73 75 
35 57 59 60 
39 60 61 62 79 
36 38 39 40 43 44 62 78 80 81 82 
38 39 40 43 44 79 81 82 83 
36 38 39 40 44 79 80 82 83 
36 38 39 40 43 44 79 80 83 
36 38 39 40 43 63 80 81 84 
36 40 41 43 45 63 83 
40 41 45 46 63 64 86 
36 41 46 64 85 
33 66 88 
33 42 66 87 
33 42 47 90 91 92 
42 47 89 91 92 
33 42 47 89 90 92 93 
33 42 47 89 90 91 93 
33 47 91 92 94 
47 93 
37 96 
18 19 37 

