43 230
2 3 4 5 6 7 8 9 10 11 12 13 14 15 16 20 21 
1 8 14 21 
1 2 8 14 21 
5 6 7 11 12 13 16 17 18 
1 4 6 7 9 10 12 13 16 17 18 
4 5 7 10 11 12 13 17 
1 4 5 6 9 10 11 12 13 16 17 18 
3 14 15 
1 5 6 7 10 16 
1 4 5 6 7 9 11 12 16 
1 4 5 6 7 10 
1 4 5 6 10 11 13 16 17 18 
1 4 5 6 7 12 
2 3 
1 8 
1 4 5 6 7 10 11 12 
4 5 12 13 18 
4 5 6 7 12 13 17 
20 22 23 31 33 19 
22 23 24 25 34 35 36 20 
3 27 28 29 30 39 40 41 42 43 
34 35 
19 20 36 
20 24 
26 37 38 
25 37 
28 38 
21 27 29 39 40 41 
21 39 41 42 
21 27 28 39 40 41 42 43 
19 32 
31 33 
19 32 
22 23 
20 22 23 36 
20 23 24 35 
25 26 
25 26 27 38 
21 40 
27 28 29 39 41 42 
28 29 30 40 42 43 
21 30 40 41 43 
21 41 42 

