25 255
17 18 20 21 22 23 2 3 5 6 7 8 11 
17 18 20 21 22 23 24 1 3 9 10 11 
17 18 20 21 22 23 24 1 2 4 9 10 11 
17 19 20 23 3 10 11 12 
20 1 7 8 
1 5 7 8 
20 21 22 1 5 6 9 
17 20 21 22 23 1 2 5 6 7 
17 20 21 22 23 1 2 3 7 8 
17 18 20 21 22 23 24 1 2 3 4 11 
17 18 20 22 23 24 2 3 4 
17 18 19 23 4 
17 18 19 24 25 14 
17 19 25 13 15 
16 17 25 14 
25 15 
16 18 19 20 21 22 23 24 25 1 2 3 4 8 9 10 11 12 13 15 
19 20 21 22 23 24 25 1 2 3 4 8 9 10 11 12 13 
17 20 23 24 25 4 12 14 15 
17 18 19 21 22 23 24 1 2 3 4 5 6 7 8 9 10 11 
17 18 20 22 23 24 1 2 3 7 8 9 10 11 
17 18 20 21 23 24 1 2 3 7 8 9 10 11 
17 18 19 20 21 22 24 1 2 3 4 8 9 10 11 12 
17 18 19 20 21 22 23 25 2 3 4 10 11 12 13 
25 16 17 19 24 13 14 15 

