93 627
5 13 14 27 28 29 30 31 
6 10 11 12 18 19 20 21 38 39 40 41 42 
1 4 
3 27 28 29 
1 7 13 14 15 31 32 33 34 35 
50 56 65 72 73 2 21 22 23 24 25 26 46 
5 8 9 10 15 16 17 35 36 37 
7 9 15 16 17 36 37 
7 8 15 16 17 36 37 
2 7 9 17 36 37 38 39 40 41 
2 12 19 20 21 
2 6 11 20 22 23 43 45 
5 14 30 31 32 33 
1 13 31 32 33 34 
5 7 8 9 16 35 
7 8 9 15 17 37 
7 8 9 10 36 37 
2 11 19 20 41 42 
11 20 
11 12 18 19 
2 6 11 22 23 43 44 
6 12 23 24 25 26 44 
6 12 22 24 25 26 
6 22 23 25 26 46 
6 22 23 24 26 46 
72 73 22 23 24 25 46 
4 28 29 
1 3 4 27 
1 3 4 27 
1 13 
1 5 32 33 
1 5 13 14 31 33 
13 14 31 32 
14 33 
7 15 
7 8 9 10 17 
8 9 10 16 17 
2 10 40 41 
2 38 40 
2 10 38 39 41 
2 10 38 39 40 42 
2 18 
12 21 44 
11 12 21 22 43 45 
12 21 22 43 44 
73 6 24 26 
48 49 50 51 52 53 56 57 58 59 60 61 67 68 75 76 77 78 79 80 81 
47 49 51 52 53 59 60 61 67 68 79 80 81 82 83 
47 48 52 53 54 61 62 68 80 82 83 84 85 
47 48 51 52 56 57 58 59 60 65 66 74 75 76 77 6 
47 48 50 52 56 57 58 59 60 66 75 76 77 78 
47 48 49 50 51 53 57 58 59 60 61 67 76 77 78 79 
47 48 49 52 61 79 80 81 82 
49 55 62 64 69 70 86 87 88 89 90 91 92 
54 62 63 71 89 90 91 92 93 
47 50 51 57 58 65 66 74 75 76 
47 50 51 52 56 59 77 
47 50 51 52 56 57 59 60 66 75 76 78 
47 48 50 51 52 57 60 67 75 76 77 78 
48 50 51 52 58 59 77 78 
47 48 49 52 53 68 79 80 81 
49 54 55 63 69 70 85 86 87 88 
62 69 70 86 88 89 90 91 92 
54 55 91 92 93 
50 56 66 72 73 74 46 
50 51 56 57 58 65 74 75 
47 48 52 59 60 79 
47 48 49 53 61 82 
54 62 63 85 86 87 88 
54 62 63 88 90 92 
55 64 93 
65 73 74 46 
65 72 74 46 
50 56 65 66 73 
47 50 51 56 57 66 76 77 
47 50 51 52 56 57 58 77 
47 50 51 52 57 58 59 60 75 76 
51 52 58 59 60 77 
48 52 53 61 67 
47 48 49 53 61 79 
47 48 49 53 61 68 80 
48 49 53 68 83 
48 49 
49 85 
62 84 
62 63 69 88 
54 62 69 86 
54 62 63 69 70 86 87 
54 55 62 63 70 90 91 92 
54 55 63 70 91 
54 55 63 64 70 90 92 
54 55 63 64 70 90 91 
55 64 71 

