81 597
2 4 5 6 7 8 18 19 31 32 44 78 
3 4 5 6 7 2 
1 2 4 5 6 7 8 
1 2 3 5 
2 3 6 7 
1 2 
1 5 6 8 
1 2 3 7 
1 10 12 13 17 18 19 28 29 30 31 32 40 41 42 43 44 45 60 61 62 63 64 65 66 67 68 69 70 71 72 73 74 75 76 
9 11 12 14 15 16 21 22 23 24 25 26 33 34 46 47 48 49 50 51 79 
10 12 14 15 16 21 22 23 24 25 33 34 46 47 48 49 50 51 79 
9 10 11 16 23 24 25 26 27 34 35 36 37 52 53 54 55 56 
9 17 28 29 39 40 59 60 61 62 63 
10 11 15 20 33 46 80 
10 14 21 22 33 46 47 48 49 50 
10 11 12 24 25 26 34 52 
9 13 18 29 30 31 40 41 42 43 65 66 68 69 70 71 72 
17 19 31 32 44 45 73 74 75 76 78 
9 31 32 44 45 75 76 77 78 
14 80 81 
10 11 14 15 33 46 47 
10 11 15 21 33 46 47 48 49 
12 24 34 
10 11 12 16 23 25 34 52 
10 12 16 35 53 54 
10 12 16 27 35 52 53 54 55 
12 26 35 36 37 38 55 56 57 
9 13 39 58 28 59 
13 17 30 40 41 42 63 64 65 66 67 68 69 
9 17 29 41 68 69 70 71 
9 17 18 19 44 45 72 73 75 76 77 
9 19 
10 11 14 15 21 22 47 
10 11 16 23 24 
12 16 25 26 52 53 54 55 
12 27 37 38 56 57 
12 27 36 38 56 57 58 
27 36 37 57 
13 28 58 
9 13 17 29 41 64 66 67 68 
9 17 29 30 40 63 65 66 68 
9 17 29 30 43 69 70 71 
9 17 42 69 70 71 72 
18 19 31 45 76 77 78 
18 19 31 44 77 78 
11 15 21 22 47 
10 11 21 22 33 46 
10 11 15 49 50 
10 11 15 22 48 50 
10 11 15 51 
10 11 50 
12 16 24 25 26 35 53 54 
12 25 26 35 54 
12 25 26 35 52 53 
12 27 35 
12 27 36 37 38 57 
27 36 37 38 56 58 
28 38 39 
13 28 39 
9 13 
9 13 62 
9 40 61 63 
9 13 17 29 40 41 62 64 65 66 67 
9 29 40 41 63 65 66 67 
9 17 29 40 41 63 64 67 
9 17 29 40 41 63 64 65 67 68 
9 17 29 40 63 64 65 66 68 
9 17 29 30 41 65 66 67 
9 30 42 43 70 71 
9 17 30 42 43 69 71 72 
9 17 30 42 43 70 72 
9 17 31 42 43 70 71 73 74 
9 18 31 74 75 
9 18 31 72 73 75 76 
9 19 31 73 74 76 
9 18 19 31 74 75 77 
9 18 31 44 45 76 
18 19 44 45 
14 15 20 21 22 33 81 
79 81 
80 81 

