57 410
2 3 4 5 9 10 11 12 13 16 17 18 19 34 35 36 37 38 39 40 41 42 43 44 
1 3 6 7 2 14 20 21 22 23 24 25 26 45 46 47 48 49 50 51 52 53 
2 6 13 19 21 22 43 44 
1 5 9 10 11 16 31 32 33 34 
1 4 9 10 11 16 31 32 33 34 35 
2 3 7 14 20 22 23 24 25 26 45 46 47 48 49 
2 6 8 14 15 26 50 51 52 53 
7 15 27 28 29 30 54 55 56 
1 4 5 10 11 16 33 34 35 
1 5 9 11 16 17 34 35 36 
1 4 5 9 10 16 17 18 34 35 36 37 39 
1 11 13 17 36 37 38 39 40 41 
1 3 12 18 19 40 42 43 
6 7 26 50 51 52 53 14 
7 8 27 28 29 
1 4 5 9 10 11 17 34 35 37 38 
1 10 11 12 16 18 34 36 37 38 39 40 41 
11 12 13 17 40 41 
1 3 43 44 
2 3 6 21 
2 3 
2 3 6 23 24 25 45 46 
2 6 22 45 
2 6 22 23 25 45 46 
2 6 22 23 24 45 46 48 49 
2 6 7 14 49 50 52 53 
7 8 15 29 
8 15 27 30 
8 15 27 28 
8 28 29 54 55 56 
4 32 
4 5 31 
4 5 
1 4 5 10 11 16 17 35 37 
1 9 10 11 16 34 36 
1 10 11 12 16 17 34 35 38 39 
1 11 12 16 17 34 36 38 39 
1 11 12 16 17 36 37 39 
1 11 17 18 36 37 38 40 41 
1 12 13 17 18 39 41 
12 17 39 40 
1 19 43 
1 13 19 42 
1 3 19 
2 6 23 24 46 
2 6 22 23 24 45 47 
2 6 25 46 49 
2 25 
6 25 26 47 48 50 
2 7 26 49 51 52 53 
2 7 14 26 50 52 53 
2 7 14 26 50 51 53 
2 14 50 52 
8 55 56 57 
8 30 54 56 57 
8 30 57 56 
55 56 

