60 450
2 3 4 7 8 10 11 18 20 21 22 23 24 25 26 38 39 40 41 42 43 44 45 46 47 48 
1 5 6 9 12 13 14 15 16 32 33 34 35 36 54 55 56 
1 7 8 11 23 24 25 26 45 47 48 
1 3 11 25 26 27 28 48 49 50 
2 6 9 12 13 14 15 16 32 33 34 35 54 55 56 
2 5 9 13 14 15 16 33 34 35 36 54 55 56 57 
1 3 8 10 20 21 22 23 24 41 42 43 44 45 
1 3 4 23 24 25 45 46 47 
2 5 6 16 17 33 34 35 36 37 54 55 57 58 59 
7 18 19 20 21 40 41 
1 3 4 26 27 49 50 
2 5 14 30 32 53 
2 5 6 12 14 15 32 
2 5 6 12 13 15 32 
2 5 13 
2 6 9 17 33 35 36 37 55 57 58 59 
9 16 37 58 59 60 17 
1 10 38 39 
1 18 38 39 
7 10 40 41 42 
1 7 10 20 22 41 42 43 44 
1 7 8 21 23 41 42 43 44 
1 7 8 22 24 45 46 47 
1 3 7 8 23 45 46 47 
1 4 
1 3 4 11 27 49 
4 11 26 28 49 50 
4 11 49 50 28 
30 31 51 52 53 
12 29 31 51 52 53 
12 29 30 
2 5 12 13 14 
2 5 6 9 16 34 35 36 54 55 56 57 
2 5 6 9 16 33 35 36 55 56 57 58 
2 5 6 9 16 33 34 36 55 56 57 58 
2 6 9 16 34 35 56 57 58 
9 16 17 58 59 60 
1 18 39 
1 18 19 38 
10 20 
1 7 10 20 21 22 42 43 
1 7 20 21 22 41 43 44 
1 7 21 22 41 42 44 
1 7 21 22 42 43 
1 3 7 8 23 24 46 47 
1 8 23 24 45 47 
3 8 23 24 45 46 
3 4 
4 28 50 
4 11 27 28 49 
29 30 31 53 
29 30 31 51 
29 30 31 51 
2 5 6 9 15 
2 5 6 9 16 33 34 35 54 56 
2 5 16 33 34 35 36 55 
2 6 16 34 35 36 56 58 
16 17 34 35 36 37 57 59 
9 16 17 58 60 
37 17 

