62 453
42 46 62 2 3 25 26 27 
42 1 4 28 
42 1 2 4 5 28 
42 3 5 28 29 
42 3 4 28 
48 57 7 
48 57 6 8 
48 58 8 9 
59 8 10 
41 44 49 58 59 9 
41 43 44 49 
41 43 44 13 14 
41 12 14 
43 12 13 
41 43 45 50 16 
41 45 50 60 15 17 19 
41 45 50 60 18 
41 60 16 17 19 
41 45 46 50 51 52 53 60 61 16 18 20 
46 51 52 53 60 61 19 21 
46 51 52 53 60 61 20 22 23 24 
46 51 52 53 61 62 21 23 24 25 
46 51 52 53 61 62 21 22 25 
46 51 52 53 62 21 22 25 
46 51 52 62 1 23 24 26 27 
46 51 52 62 24 25 27 
46 51 52 62 1 25 26 
2 4 5 29 
3 4 28 
42 54 31 
42 47 30 
42 55 56 33 
42 55 56 32 34 
55 56 35 36 
55 56 34 36 37 
55 56 34 35 37 
36 38 39 
37 39 40 
38 40 
37 38 39 
42 43 44 45 49 50 51 52 53 58 59 60 61 10 11 12 13 14 15 16 17 18 19 
41 46 47 54 55 56 1 2 3 4 5 28 29 30 31 32 33 
41 44 45 49 50 11 12 13 14 15 
41 10 11 12 
41 43 46 50 51 52 53 60 61 15 16 18 19 20 
41 42 45 50 51 52 53 60 61 62 1 19 20 21 22 23 24 25 26 27 
42 54 55 56 31 32 
57 58 7 8 
41 44 59 10 11 
41 43 46 51 52 53 60 61 15 16 17 18 19 20 
41 42 45 46 50 52 53 60 61 62 1 19 20 21 23 24 25 26 27 
41 45 46 50 51 53 60 61 62 19 20 21 22 23 24 26 27 
41 45 46 50 51 52 60 61 62 19 20 21 22 23 24 25 26 27 
42 47 30 31 
47 56 32 33 34 35 36 
42 47 55 33 34 35 36 
48 6 7 8 
41 48 8 9 
41 49 58 9 10 
41 45 46 50 51 52 53 61 16 17 18 19 20 21 
41 45 46 50 51 52 53 60 62 19 20 21 22 23 
46 51 52 53 61 1 21 22 23 25 26 27 

