106 687
2 4 7 8 9 11 16 17 18 19 1 32 33 34 46 48 49 50 52 53 61 77 78 101 103 104 105 106 
1 3 4 5 6 13 14 21 22 23 24 26 27 28 40 41 42 43 
2 6 15 29 30 31 44 45 
1 2 5 9 10 11 20 21 23 24 25 37 38 39 40 41 
2 4 6 14 21 23 24 25 26 27 40 41 
2 3 5 13 14 26 27 28 42 43 
1 8 18 
1 7 18 19 34 35 
10 12 19 20 
1 4 11 12 36 
4 9 10 12 20 36 
4 9 10 37 38 
2 4 5 6 25 26 27 28 40 41 42 
2 6 13 25 26 28 42 
3 29 44 
1 17 16 32 33 
16 32 33 
1 8 34 
1 8 9 34 35 
4 9 10 11 36 
2 4 5 12 24 38 
2 4 5 23 24 39 40 
2 4 5 24 39 
2 4 5 21 22 23 25 39 40 
2 4 5 13 14 26 40 
2 5 13 14 25 27 28 42 
2 5 6 13 14 26 28 42 
2 13 14 26 42 43 
3 15 30 45 
3 29 31 45 
3 30 31 45 
1 16 17 33 
1 16 17 32 
1 18 19 35 
19 34 
4 9 10 11 12 20 38 
4 12 38 
12 21 
4 21 22 23 24 
4 22 23 24 25 41 
2 4 5 13 25 40 
2 6 13 26 27 28 43 
2 6 27 28 42 
3 15 
29 30 31 
47 48 49 50 51 52 59 60 72 73 74 75 76 92 93 94 95 96 97 98 
46 48 51 57 58 59 66 67 68 69 70 71 72 84 86 87 88 89 90 91 92 93 94 
46 47 49 51 52 60 73 75 96 97 98 
46 48 50 52 53 60 61 76 77 78 98 99 100 101 
16 1 46 49 52 53 61 77 78 101 102 104 105 106 
46 47 48 95 96 97 
46 48 50 53 61 77 101 
49 50 52 61 77 78 101 102 103 104 105 106 
55 62 64 79 80 81 82 
62 63 64 80 81 82 
54 55 62 63 64 81 82 83 
47 58 64 65 83 84 85 
47 66 86 87 
46 47 66 67 68 69 70 71 72 88 89 90 
46 48 49 73 74 75 
50 52 53 78 102 103 105 106 
54 55 56 63 64 81 82 83 
54 56 62 64 81 83 
54 55 56 57 62 63 65 83 
58 64 
47 58 59 67 68 69 86 90 
47 59 68 69 70 88 89 90 
59 66 67 69 70 88 89 90 
59 66 67 68 70 71 88 89 90 
47 59 68 69 71 72 90 
59 69 70 72 90 91 
46 47 59 70 71 91 
46 48 51 60 
46 48 60 75 
48 60 74 98 
46 48 49 98 99 100 
49 50 52 53 78 101 102 
50 52 53 61 77 101 102 103 
54 80 
54 79 80 
54 55 56 62 63 
54 55 56 62 63 64 83 
56 57 62 63 65 82 
47 58 85 86 87 
58 84 86 87 
58 66 84 85 
58 86 
47 59 66 67 68 69 89 
47 59 66 67 68 69 
47 59 66 67 68 69 70 71 
47 71 
46 47 93 94 
46 47 92 94 
46 92 93 
46 51 
46 48 97 
48 51 73 
46 48 75 76 99 100 
49 76 98 100 
49 98 99 
49 50 52 53 61 77 78 102 103 
50 77 78 101 
50 61 101 104 105 
50 53 61 103 105 
50 61 103 
1 50 61 

