118 821
2 3 4 5 6 7 11 12 13 14 15 16 18 19 20 21 22 23 24 25 27 30 52 79 
1 4 11 12 13 14 18 19 20 21 30 
1 2 8 9 10 3 
1 2 20 21 
1 6 15 16 25 
5 7 15 16 25 
1 5 15 
3 9 
3 10 17 
3 9 17 
2 13 18 
1 2 
2 11 12 19 
1 2 4 20 22 23 
5 6 7 16 25 
1 6 15 16 25 
9 3 
1 2 11 12 13 
2 13 
1 4 14 22 
1 4 14 22 
1 14 20 21 
1 4 14 
1 24 
1 5 6 16 
28 29 32 33 37 38 43 44 45 54 56 57 58 62 64 77 78 
26 29 30 32 34 35 36 40 47 48 50 
26 37 43 44 56 57 58 64 76 77 78 
27 32 33 34 35 36 39 47 49 50 
3 8 27 31 36 40 41 42 51 
3 8 30 41 42 31 
26 29 33 34 38 45 46 32 
26 27 29 32 34 39 
27 29 32 33 39 47 
29 34 
27 40 36 
64 77 
26 32 33 45 46 
29 32 33 34 35 47 
27 30 36 40 
30 31 42 51 
30 31 41 51 
26 37 78 
26 28 
26 32 
33 38 32 
27 29 35 39 48 
27 29 35 
27 50 
27 29 49 
30 41 42 31 
26 27 28 29 32 37 53 54 55 56 57 58 59 60 61 62 63 64 68 69 70 71 72 73 74 75 76 77 78 81 83 84 
26 27 28 29 32 37 43 52 54 55 56 57 61 62 63 64 70 73 74 75 76 77 78 
26 28 52 55 56 57 58 59 61 62 64 67 68 69 70 71 72 73 74 75 76 77 
53 54 56 62 67 68 69 70 71 72 73 
37 52 53 54 57 58 63 64 73 74 75 76 77 78 
37 43 52 53 54 56 62 63 64 76 77 78 
37 43 52 53 54 56 57 63 64 76 77 78 
54 60 59 65 
52 59 65 66 
55 67 68 70 71 72 
52 53 54 56 57 58 63 73 74 76 
52 53 54 56 57 58 62 76 
37 52 53 54 56 57 58 62 63 76 77 78 
60 66 
60 65 
52 54 55 61 69 
52 54 55 61 67 69 
52 55 67 68 
52 53 54 55 61 69 71 72 
52 54 72 
52 70 71 
52 53 55 62 74 75 
52 53 54 62 73 75 
52 56 62 74 
52 53 54 56 58 62 63 64 77 
53 54 56 57 58 64 76 
43 53 56 57 64 77 
1 52 53 54 80 81 82 83 84 85 86 87 88 90 91 92 93 94 97 99 100 101 103 104 105 106 107 108 110 
79 81 82 84 85 89 95 96 108 109 110 113 80 
52 79 80 82 83 84 85 86 87 88 89 90 91 92 94 97 98 99 100 101 102 103 104 105 108 
79 80 81 83 84 85 86 87 89 90 91 92 93 94 97 98 99 100 101 102 103 104 
79 81 84 85 86 87 88 91 92 94 103 104 105 106 107 
79 80 81 82 83 86 87 88 93 94 106 107 
79 80 83 86 97 99 
79 81 82 83 85 90 91 92 100 101 102 103 
79 81 82 83 84 86 88 91 92 93 94 104 
79 81 82 84 87 93 94 104 105 106 107 
80 81 82 89 
79 81 82 85 86 98 
79 82 83 86 87 92 100 101 102 103 
79 81 82 83 86 87 91 93 103 104 
81 82 84 87 88 92 104 
79 81 82 83 84 87 88 92 104 
80 
80 95 
79 81 82 85 90 98 
82 85 90 97 
79 85 90 
81 82 91 101 102 
79 81 82 86 91 100 102 
81 86 91 100 101 
79 81 82 86 91 92 
79 82 88 92 93 94 
79 81 83 84 88 106 107 
83 84 88 107 
79 105 106 
80 81 82 83 84 95 109 110 111 112 113 114 115 117 118 108 
108 110 111 112 113 114 115 116 117 118 
80 95 96 108 109 113 
108 112 114 
109 111 114 
95 109 108 
108 109 112 115 
108 109 114 
108 118 
108 118 
108 109 116 117 

