30 190
2 4 9 13 15 1 
1 3 4 9 10 13 14 15 16 17 
1 2 4 9 13 
1 2 3 10 15 16 17 
6 10 5 
5 7 8 11 18 19 
6 8 12 18 20 
6 7 11 12 19 21 22 23 25 26 27 28 
1 2 3 13 14 
2 4 5 10 
6 7 8 12 18 19 20 22 
7 8 11 18 19 20 22 
9 14 
1 3 
4 16 
2 4 15 
4 10 16 
6 7 8 11 12 19 20 
6 7 12 18 20 
7 8 11 12 18 19 
8 11 22 23 24 25 26 27 28 29 30 
11 12 21 23 25 26 27 28 29 30 
21 22 24 26 27 28 29 30 
21 22 23 26 27 28 29 30 
22 23 26 27 28 29 30 
21 22 23 24 25 27 28 29 30 
21 22 23 24 25 26 28 30 
22 24 26 27 29 
21 22 23 24 25 27 28 30 
21 22 23 24 25 26 27 29 

