34 186
16 22 27 
16 18 22 23 
23 2 
18 19 28 5 
18 19 
16 24 28 29 
17 16 
17 25 31 7 
17 25 26 32 10 11 
17 25 26 32 9 11 12 
17 26 9 10 12 20 
17 26 10 11 
17 20 33 
20 21 34 15 
20 14 
17 18 19 22 23 24 27 28 29 30 16 1 2 3 4 5 6 
16 19 20 21 25 26 31 32 33 7 8 9 10 12 13 
19 22 23 24 27 28 29 1 2 3 4 5 
16 17 18 24 28 29 30 4 5 6 
17 25 26 33 34 20 13 14 15 
17 20 15 
16 18 23 27 2 
18 3 
16 18 19 30 6 
17 20 26 31 32 8 9 10 
17 20 25 31 32 9 10 12 
16 18 22 
18 19 24 29 30 4 5 6 
16 18 19 28 30 6 
19 28 
17 25 26 32 9 
17 25 26 31 10 
17 13 
20 21 33 15 

