33 193
18 19 25 2 
19 1 3 
25 1 2 4 
18 19 25 26 1 3 5 6 
18 26 4 6 
19 25 26 4 5 
18 19 8 
18 9 
19 8 
18 19 12 
28 10 
18 28 10 11 
18 28 29 
18 13 
21 22 23 30 31 32 17 
22 24 31 32 33 15 17 
22 23 32 33 15 16 
19 20 25 26 27 28 29 1 3 4 5 6 7 8 9 11 12 13 14 
18 20 25 26 27 28 1 2 3 4 6 7 8 9 10 
18 21 20 
20 23 24 30 32 33 15 
23 24 30 31 32 33 15 17 
21 22 24 30 31 33 15 16 17 
21 22 23 30 31 32 33 15 16 17 
19 26 1 3 6 
18 19 25 3 4 5 6 
19 10 
19 29 11 12 13 
18 13 14 
21 22 23 31 15 
21 22 23 24 30 32 33 16 17 
21 22 23 24 30 31 33 15 17 
21 22 23 31 32 15 16 17 

