748 5527
2 3 4 5 6 7 8 11 12 13 14 22 23 24 25 26 1 39 41 42 68 77 78 
1 3 4 6 8 9 15 16 17 27 28 29 30 31 32 33 53 54 55 56 57 58 59 60 
1 2 6 9 15 16 17 29 31 32 33 54 55 56 57 58 59 60 61 62 63 3 
1 2 5 13 14 24 25 26 39 40 41 42 
1 2 4 6 8 25 26 41 42 44 45 46 47 48 49 50 51 52 
1 2 3 5 8 9 15 16 27 29 30 31 32 55 
1 11 12 22 35 36 37 77 78 102 
1 2 4 5 6 45 46 47 50 51 52 
2 3 6 15 16 33 60 61 62 63 64 
20 21 
1 7 12 22 35 37 78 
7 11 22 23 36 37 
1 4 14 23 38 
1 4 13 24 
2 3 6 16 54 56 58 
2 3 6 9 31 32 54 55 56 57 58 59 
2 3 9 18 64 66 17 
17 19 
18 20 34 19 17 
10 34 
10 21 
11 23 38 
12 13 
1 14 
1 5 41 
4 5 8 42 43 44 45 46 
2 6 53 
2 27 53 
3 6 30 
2 29 
3 6 16 32 
2 3 6 15 31 54 55 56 57 58 
2 3 9 60 
19 20 34 
7 11 12 36 37 
11 12 
7 11 12 35 
1 22 23 
1 24 40 
1 4 14 39 
1 4 
1 4 5 43 44 
5 42 45 
42 43 45 
5 43 
5 26 48 
8 46 48 
5 8 46 48 
8 48 
5 49 51 
5 49 50 
5 51 
2 28 27 
3 15 16 31 32 
2 6 32 56 57 58 
2 3 15 55 57 
2 3 15 16 32 55 56 
2 3 15 16 32 55 56 57 59 
2 3 16 
2 3 9 61 62 
9 33 60 62 
3 9 33 61 
3 9 
17 3 64 65 
17 64 66 
17 65 
68 79 85 87 103 104 105 106 139 152 170 171 138 67 
1 2 4 7 67 70 71 72 73 74 75 76 77 78 80 81 82 83 84 96 98 99 100 133 101 128 129 68 130 131 132 
68 70 71 89 111 112 113 114 115 69 
68 69 71 80 90 92 116 
68 69 70 72 73 80 81 90 91 92 93 94 95 116 117 118 119 121 
68 70 71 73 74 75 81 82 93 94 95 120 121 122 123 124 125 126 127 
68 71 72 74 75 76 81 82 126 127 
68 73 75 76 82 
72 73 74 76 83 96 75 128 
68 73 74 75 82 83 96 128 
7 68 84 98 99 133 101 102 134 135 136 
7 11 12 35 77 101 102 134 135 136 78 
87 107 108 109 110 
68 70 71 91 92 116 
68 71 73 94 95 121 122 124 125 126 
68 72 73 74 75 
68 76 96 75 97 129 130 
77 98 99 100 133 
67 86 105 
85 104 
67 107 108 109 
79 107 108 109 
69 111 112 
70 71 80 116 
80 117 
70 71 80 91 
71 72 94 117 119 120 
71 72 81 93 95 120 121 122 123 
71 72 81 94 121 123 124 125 
68 75 76 83 128 
68 83 129 130 131 132 98 
68 77 84 99 100 
77 84 98 100 
68 77 84 98 99 
77 78 133 134 135 136 
77 78 
67 85 103 
85 105 
67 85 86 104 106 
67 86 104 105 
79 87 
79 87 88 110 
79 87 88 108 110 
79 108 109 
89 112 
69 89 
69 114 
69 113 115 
69 114 
70 71 90 
71 91 92 118 
71 119 
71 93 118 
71 72 94 
81 94 95 122 123 124 
72 81 94 95 121 123 124 
72 81 94 95 121 122 124 
72 81 95 121 122 123 125 
72 123 
72 73 127 
73 126 
68 96 75 
68 83 
68 97 131 
68 97 130 132 98 
68 97 130 131 98 
77 133 
77 78 101 135 136 
77 78 101 134 136 
77 78 101 134 135 
67 68 138 139 140 141 143 144 148 149 150 151 152 157 158 162 163 164 165 166 167 178 179 180 181 182 183 184 185 186 187 189 190 191 192 193 220 224 225 226 227 228 229 230 231 232 233 234 235 236 237 238 258 259 137 
67 68 69 79 85 137 141 148 149 150 151 152 166 167 168 169 170 171 191 192 193 194 195 196 197 198 199 200 201 244 245 246 247 248 250 251 252 253 254 255 256 138 258 259 
67 137 138 148 149 150 151 152 162 163 164 165 166 167 168 182 183 185 186 187 188 189 190 191 192 193 194 195 230 233 139 234 235 236 237 238 239 240 241 242 243 244 245 246 258 
137 141 142 143 144 145 146 147 153 154 155 156 172 173 203 205 206 207 208 209 
137 138 140 142 143 144 146 147 153 154 155 156 157 173 174 175 207 208 209 210 211 
137 140 141 143 145 146 147 153 154 155 172 205 207 208 209 
137 140 141 142 144 156 157 158 173 174 175 211 212 213 214 
137 140 141 157 158 159 160 161 175 176 177 178 216 217 218 
140 142 146 147 153 172 145 202 297 298 
140 141 142 145 147 153 154 172 202 203 204 205 206 
140 142 145 146 153 154 172 205 206 
137 138 139 149 162 163 164 165 182 183 184 185 228 229 230 231 232 
137 138 139 148 150 186 187 188 189 234 235 236 
137 138 139 149 151 166 190 192 193 238 239 240 241 
138 139 150 152 166 167 193 194 195 196 246 151 247 
137 139 151 167 168 169 170 197 198 199 252 253 254 
140 141 142 145 146 147 172 203 204 205 
140 141 142 146 147 206 207 208 
140 141 142 143 174 210 
140 141 155 174 210 
141 143 144 158 159 160 175 176 212 213 214 215 
137 143 144 157 160 161 175 176 216 217 
144 157 158 160 161 176 177 216 217 
157 158 159 161 176 177 216 217 
144 158 159 160 176 177 217 
137 148 181 224 225 226 227 
137 139 148 164 165 182 183 184 229 230 231 232 
137 148 163 165 182 183 184 185 230 231 232 
137 139 163 230 231 232 
137 138 139 150 151 192 193 194 243 244 245 
137 138 139 151 152 168 169 195 196 197 198 248 250 252 
138 139 151 152 167 169 197 198 249 250 252 253 
138 152 167 168 197 250 251 253 
138 152 171 200 201 254 256 
170 200 201 255 256 138 
140 146 202 203 204 205 
140 141 143 156 210 211 
141 143 155 156 211 
141 143 144 157 158 212 213 214 215 
157 158 159 160 161 177 216 217 
144 158 161 176 217 
219 178 
180 221 222 179 
221 222 223 
162 181 
139 148 162 163 183 185 137 228 229 
137 139 148 163 164 182 184 185 228 229 
137 148 163 164 182 183 185 228 229 
137 139 148 163 164 182 183 184 230 
137 139 149 
139 149 186 
137 149 235 
137 139 188 235 
137 139 149 150 188 189 235 236 237 238 
137 139 238 239 
137 138 139 150 166 193 240 241 242 
137 138 139 151 166 192 194 242 243 244 
139 151 166 245 
138 139 167 196 247 248 
138 167 247 
138 152 169 198 251 252 
138 152 168 169 
152 254 
138 170 171 201 255 256 
138 171 255 
145 153 172 203 
146 202 204 
140 146 153 172 203 205 
140 146 147 153 172 204 
140 142 146 147 154 
140 141 142 154 208 
140 141 142 154 207 
140 141 154 
141 143 156 
141 143 156 173 174 210 
157 175 
157 175 212 
143 215 
157 175 214 
144 157 158 159 160 161 176 
158 159 160 177 
144 178 219 
178 218 
137 179 180 223 
179 180 220 
179 180 220 221 
180 222 
162 225 226 
224 227 
137 162 224 225 227 
137 162 224 225 226 
148 163 182 183 184 229 
137 148 163 182 183 
137 139 163 165 185 231 232 
137 163 164 230 232 
137 148 163 164 165 230 231 
137 139 165 
137 139 149 
139 149 188 189 190 236 237 
137 139 189 190 237 
137 236 238 
137 139 150 191 
191 239 
139 150 192 241 
139 150 192 242 
139 192 193 241 243 
242 244 
139 166 193 243 
139 166 
138 139 151 166 
138 151 195 
138 167 168 195 249 
167 250 
138 167 168 169 197 249 251 
167 197 250 252 
152 168 169 197 250 251 253 
138 152 167 168 169 197 252 
138 152 199 
138 170 171 256 
138 170 171 200 201 
67 68 137 138 139 140 141 142 143 144 145 146 147 148 153 154 155 156 157 158 159 160 161 162 172 173 174 175 176 202 203 204 205 206 207 208 209 210 258 259 260 261 262 264 265 266 273 274 275 276 277 278 290 292 293 294 295 296 297 298 314 315 316 317 318 319 320 321 322 323 324 325 326 327 328 414 
139 140 142 143 145 146 147 153 172 257 259 260 261 262 265 266 278 258 294 295 296 297 298 316 318 319 320 321 322 323 325 326 327 
140 141 142 145 146 147 257 258 265 294 295 296 297 298 319 320 321 322 323 324 325 326 
257 258 261 263 264 267 268 269 270 271 272 279 280 260 300 
257 258 260 262 264 270 271 272 273 280 281 282 283 284 301 302 303 304 
257 258 261 265 274 275 276 285 286 287 288 289 305 306 307 308 309 262 273 
260 268 299 279 
257 260 261 270 271 280 281 282 301 
257 258 259 262 274 276 277 278 291 292 293 265 
257 258 259 294 295 316 317 
260 263 299 267 
260 269 263 299 
260 263 268 279 
260 261 271 280 300 
260 261 264 270 272 280 281 301 302 303 
261 264 271 280 281 282 302 303 
257 261 262 
257 262 265 275 276 274 289 290 308 309 310 311 312 
257 262 274 276 289 308 309 310 
262 265 274 275 289 290 308 310 311 312 
257 265 278 290 291 
257 258 265 293 313 
263 269 
260 261 270 271 272 281 301 302 
261 271 272 280 302 303 
261 272 
261 282 284 
261 283 304 
262 305 
262 288 305 306 
262 286 305 306 
262 286 274 306 307 
262 274 276 309 310 
257 265 274 276 277 291 311 
265 290 
257 265 278 293 
257 278 313 
257 258 259 295 316 318 
257 258 259 266 294 
257 319 
258 259 298 326 
258 259 326 327 
263 299 
260 270 
261 271 272 280 281 302 
261 271 272 280 301 303 
261 264 271 272 281 
261 284 
262 285 286 287 306 
262 286 287 288 305 307 
262 286 287 288 306 
262 275 276 289 309 310 
262 274 308 310 
275 276 308 309 
274 275 290 
274 276 290 311 
265 293 
257 258 315 
257 266 314 
257 266 294 317 
257 266 316 
257 258 294 316 317 
257 259 296 
257 258 259 
257 258 259 320 322 
257 258 259 
257 259 
257 258 259 325 
257 258 259 324 
257 258 259 297 298 
257 258 297 
257 258 329 330 331 332 333 334 335 336 337 338 340 341 342 343 344 345 346 347 348 328 355 356 357 358 359 360 361 362 363 364 365 366 367 368 369 378 379 380 381 382 383 384 385 386 387 388 389 390 391 392 393 394 395 396 397 398 399 400 401 413 414 415 416 419 427 429 430 431 444 525 526 651 
328 330 331 332 333 334 335 336 340 341 342 343 344 355 357 358 359 360 361 363 364 365 383 384 385 386 387 388 389 390 391 392 393 394 395 396 397 414 415 416 431 
328 329 331 332 333 334 335 336 340 341 342 343 344 360 362 363 364 365 366 367 368 394 395 396 397 398 399 400 401 416 
328 329 330 332 335 336 340 341 358 359 360 361 383 384 385 386 387 388 389 
328 329 330 331 335 336 340 341 343 360 361 362 363 364 387 388 389 390 391 392 393 394 396 
328 329 330 334 345 346 369 402 403 
328 329 330 345 346 347 369 370 402 403 
328 329 330 331 332 336 340 341 342 360 361 387 388 389 390 391 392 394 395 
328 329 330 331 332 335 340 341 342 360 361 387 388 389 390 391 392 393 394 395 
328 338 349 350 
328 337 349 350 351 338 372 
351 352 353 374 375 376 377 409 411 412 
328 329 330 331 332 336 341 360 361 387 388 389 390 391 393 394 395 
328 329 330 331 332 335 336 340 393 394 395 
328 329 330 335 336 343 362 363 364 397 
328 329 330 332 342 344 365 366 367 398 399 400 
330 365 366 367 368 400 401 
328 333 334 
328 333 334 347 369 370 404 
328 334 346 348 370 404 405 347 
328 347 405 
337 338 350 371 
337 349 
338 339 352 372 373 374 406 407 
339 351 353 373 374 375 376 377 409 
339 352 354 376 377 410 412 
354 411 412 
357 379 381 
328 355 379 380 381 
329 355 356 358 378 379 381 382 
329 331 357 382 
328 329 331 335 386 
328 329 330 331 332 335 336 340 341 361 387 388 389 390 391 392 393 
328 329 331 332 335 336 340 360 387 388 389 390 391 393 
328 329 332 342 363 364 397 
328 329 330 332 342 362 364 397 
328 329 330 332 342 362 397 
328 329 330 343 344 366 367 399 400 401 
343 344 367 399 400 401 
328 330 343 344 366 368 400 401 367 
328 344 367 
328 333 334 370 
334 346 369 404 
337 350 371 
338 351 408 
339 351 374 375 409 
339 351 352 373 375 408 409 
339 374 409 
339 352 377 410 
353 376 410 
328 355 
328 356 357 378 381 
328 355 356 357 381 
356 357 380 
328 357 358 
328 329 331 384 
328 329 383 
328 329 331 359 386 
329 331 385 
328 329 331 332 335 336 340 360 361 388 389 391 392 
328 329 331 332 335 336 340 360 361 387 389 390 391 392 
328 329 331 332 335 336 340 360 361 387 388 390 391 392 
328 335 336 340 360 361 387 388 389 391 392 393 
328 329 332 335 336 340 360 361 387 388 389 390 393 
329 332 335 336 340 361 387 388 390 391 393 
328 329 332 335 336 340 341 360 361 390 391 392 
328 329 330 332 335 336 340 341 395 
328 329 330 335 336 394 
329 330 332 
330 342 362 364 
330 343 399 
328 330 343 365 366 398 
328 330 343 344 365 367 401 
328 330 343 344 365 366 400 
334 345 
333 334 345 402 
346 347 404 
347 348 
351 372 407 
351 372 406 408 
351 374 
373 374 375 
376 377 
339 412 
339 353 354 411 
417 418 421 422 432 433 434 435 436 445 446 447 448 449 450 451 474 475 476 477 478 479 480 481 482 483 485 486 526 529 563 564 565 413 
329 330 331 332 333 335 336 340 328 355 356 357 358 359 378 379 380 382 415 416 419 427 428 429 430 431 443 444 467 468 469 470 471 472 473 516 517 518 520 521 522 523 524 
414 416 419 420 424 427 428 429 430 431 440 441 442 443 444 460 461 462 463 464 465 466 467 468 503 504 505 506 507 508 509 510 511 512 
330 331 332 328 355 414 415 429 430 431 443 444 467 468 469 470 471 472 473 516 517 519 520 521 522 523 524 
413 418 432 433 434 435 436 445 446 447 448 450 474 475 476 477 478 479 480 481 483 484 
417 421 433 435 436 450 451 487 418 
414 420 423 424 425 426 437 438 439 455 456 457 458 494 495 496 497 498 
415 419 423 424 425 426 439 458 420 498 
413 418 422 
421 488 422 
419 424 426 437 438 457 458 494 495 497 420 
415 419 420 423 425 426 439 457 458 498 
419 420 424 457 458 
419 420 423 424 425 458 498 426 
414 415 428 440 441 442 459 461 462 463 502 503 504 
414 415 427 429 441 442 463 464 504 
414 415 416 428 430 464 465 466 467 505 508 509 510 511 512 
414 415 429 431 443 444 467 468 469 470 511 512 513 514 515 516 
414 415 416 430 444 472 473 517 519 520 521 522 523 524 
413 445 446 447 475 476 477 478 
413 417 418 435 436 446 447 448 449 480 481 482 483 484 485 
413 417 418 433 435 436 448 449 450 483 484 485 486 
417 418 434 450 483 484 485 486 
413 417 418 433 434 435 449 450 485 486 
419 423 438 452 453 454 455 489 490 492 
419 423 437 454 455 491 492 493 
419 420 424 457 494 497 
415 427 500 501 
415 427 428 442 460 463 504 
415 427 428 462 463 504 
414 415 416 429 430 465 466 508 509 510 511 
414 415 416 430 431 468 516 517 
474 476 
447 448 477 479 480 
413 417 432 433 446 478 479 480 
417 434 446 447 480 481 482 
413 433 435 436 450 483 484 485 
413 418 435 436 449 
413 421 487 
437 452 489 
437 452 489 
437 438 455 492 493 
419 437 438 491 492 493 
419 420 439 494 495 
419 420 423 424 425 458 497 
419 420 423 424 425 426 457 498 
427 440 499 500 501 
415 427 441 461 502 
415 427 460 502 503 
427 428 441 503 
415 428 441 442 464 
415 428 429 463 465 505 506 
415 443 464 466 505 506 507 508 509 
415 429 443 465 508 509 510 
414 416 430 468 512 513 515 
414 415 416 430 444 467 469 470 516 
414 416 444 468 470 471 516 
414 444 468 471 516 
430 469 470 
431 520 522 523 
414 416 431 472 521 522 523 
417 432 445 475 
432 445 476 
417 432 477 
432 446 476 478 
413 417 446 447 477 
413 417 446 478 480 
413 417 433 447 448 479 481 482 
417 433 
413 417 433 448 481 
413 417 433 434 435 449 484 485 486 
413 417 433 434 435 449 483 485 486 
413 433 434 435 436 449 483 484 486 
413 433 434 435 436 449 483 484 485 
418 487 
422 488 
437 452 453 490 
437 453 
437 438 454 492 
437 438 455 491 493 
438 454 455 492 
419 423 439 456 495 
419 423 439 494 496 
419 423 439 456 495 
423 439 
419 424 425 426 458 
500 501 
459 499 
440 459 499 500 
427 460 461 
415 427 441 461 462 
415 427 428 442 
415 429 464 506 507 
415 464 465 505 
415 505 506 
415 429 443 465 466 509 
415 429 443 465 508 510 
415 443 509 
415 429 430 512 
415 429 430 467 511 513 514 
415 430 467 512 514 
430 467 512 515 
430 467 513 514 
414 430 444 468 469 471 
414 519 
414 517 519 
414 416 431 517 518 520 
414 416 431 519 521 
414 416 431 472 473 520 522 
431 472 473 
414 416 431 472 473 
414 416 431 
413 414 415 417 418 421 432 526 527 528 529 532 533 534 535 537 538 539 540 551 553 554 555 556 557 558 559 560 561 562 563 564 565 584 586 587 588 589 590 591 592 593 594 595 596 597 598 599 637 638 639 640 641 642 643 644 645 646 647 648 649 651 653 
413 417 525 527 528 529 535 539 540 555 556 557 558 559 560 561 562 563 564 586 587 588 589 590 591 592 593 594 595 639 640 641 642 643 644 645 
525 526 531 532 533 534 537 538 527 544 545 546 547 548 549 550 551 569 570 571 572 573 574 575 576 577 578 579 605 606 607 608 609 610 611 612 613 615 616 
525 526 527 529 532 533 534 535 537 538 539 540 550 551 552 553 555 581 582 583 584 585 620 626 627 628 629 630 631 632 
525 526 528 539 540 555 556 557 558 559 560 586 587 588 589 638 639 641 
531 536 541 542 543 566 567 600 601 602 671 705 748 
527 530 536 541 542 543 566 567 568 600 601 602 603 604 663 
525 527 533 534 537 544 545 546 547 548 549 550 570 571 572 573 574 576 605 606 607 608 609 611 612 
525 527 528 534 547 548 549 573 574 575 576 605 606 607 608 609 610 611 612 
527 528 532 533 537 548 549 550 573 574 575 576 607 608 609 610 611 612 613 614 
525 526 528 529 539 555 556 584 585 586 587 634 635 636 637 
530 531 541 542 566 600 601 671 
525 527 528 532 534 538 550 551 552 577 578 579 580 581 582 619 620 621 622 623 624 625 626 
525 527 528 537 550 551 552 553 581 582 620 621 622 623 624 625 626 627 628 
526 528 529 540 554 555 584 632 
525 526 528 529 535 539 555 586 634 635 636 637 
530 531 536 600 601 
531 536 543 566 568 603 604 
530 542 566 567 603 
527 545 546 569 570 
527 532 544 547 569 570 
527 544 545 547 569 570 
527 532 533 544 545 569 570 571 572 605 
527 532 533 534 549 573 574 575 576 610 611 612 613 614 
527 532 533 534 548 575 576 609 610 611 613 614 615 
527 528 532 534 537 538 577 578 579 580 616 617 618 619 
525 528 537 552 553 581 582 620 623 624 626 627 
537 551 626 628 
525 528 538 551 552 554 583 629 630 
525 528 539 553 583 629 630 
525 526 529 535 539 540 585 634 635 636 
525 529 535 557 558 587 588 640 641 
525 526 529 556 558 641 
525 526 529 556 557 559 588 589 641 
525 526 529 588 590 642 
525 526 561 562 590 592 593 644 645 646 
525 526 562 592 593 644 645 646 
525 526 560 561 592 593 644 645 646 
525 526 564 594 595 597 649 
525 526 563 596 597 598 599 649 650 
525 599 
530 531 536 542 567 601 566 602 
531 602 
531 542 568 
527 544 545 546 547 570 
545 547 569 571 572 
527 532 545 546 547 570 572 
547 570 571 605 
527 533 534 548 574 606 607 
527 532 534 573 608 609 
527 532 534 548 549 576 609 611 612 614 
527 533 549 575 614 
527 537 550 579 616 617 618 619 
527 537 550 577 618 619 
537 550 577 578 
550 582 
528 537 538 551 580 582 620 621 622 623 
528 537 538 551 581 620 621 622 623 
528 554 630 631 
525 528 535 539 632 633 
528 535 555 584 632 633 
525 526 529 535 587 639 
525 526 529 535 556 586 638 
525 526 556 558 559 589 641 
525 526 558 559 588 
525 526 559 591 642 643 
525 526 560 590 643 644 
525 526 560 561 593 645 646 
525 526 560 561 562 592 594 646 647 
525 526 563 593 595 647 648 
525 526 563 594 596 595 
525 563 649 
525 563 564 650 
525 564 597 
525 564 565 599 
536 601 
530 531 536 541 566 600 
530 531 566 
531 542 604 
542 568 603 
527 532 533 547 572 606 
527 533 573 
532 573 
533 534 574 
527 532 533 534 548 574 575 610 611 
527 532 533 534 549 575 609 611 
527 532 534 548 549 610 
527 532 533 534 548 549 575 613 
527 534 548 549 612 614 
527 549 575 612 613 615 
549 576 614 
527 550 577 617 618 
550 577 616 618 
550 577 578 616 617 
550 577 578 579 
528 537 538 551 582 621 623 624 625 
537 538 581 582 620 622 623 
537 538 551 581 620 621 623 625 
538 551 581 582 620 621 622 624 625 
537 551 620 623 626 
537 538 551 620 622 623 626 
537 538 551 552 624 625 627 
528 551 552 626 
528 538 552 
528 554 583 630 
528 553 583 629 631 
528 583 629 630 
539 584 633 
539 584 585 
535 540 635 
535 540 555 
535 555 
525 535 
525 526 529 586 
525 526 586 587 638 
526 529 556 
525 526 529 556 557 558 588 
526 559 590 
590 591 
526 561 591 
526 561 562 592 593 646 
560 562 
593 594 646 648 
525 593 594 
525 564 
564 597 598 
413 525 526 527 528 530 531 532 533 534 536 537 542 543 544 545 546 547 548 566 567 568 569 600 601 602 603 604 652 653 654 655 656 657 658 659 660 661 662 663 665 666 667 668 669 670 671 682 683 696 697 698 699 700 701 702 703 704 705 733 735 737 738 739 740 741 742 743 744 745 746 747 748 
651 653 654 656 657 664 672 673 684 685 686 706 707 709 710 711 652 
652 654 655 656 657 658 659 660 661 662 663 664 665 666 667 668 669 670 675 676 677 678 680 681 682 689 690 691 692 693 694 695 679 653 722 723 724 725 726 728 729 730 
651 652 653 655 656 657 659 660 661 662 663 665 666 667 669 670 677 679 680 681 682 692 693 694 695 722 723 724 725 726 727 728 729 730 
530 531 536 651 653 654 658 659 660 661 662 663 668 669 670 671 683 696 697 698 699 700 701 702 703 733 734 735 736 737 738 739 740 741 742 
651 652 653 654 657 664 665 673 674 675 656 687 688 712 713 714 715 716 717 
651 652 653 654 656 664 665 674 675 676 677 687 688 689 715 716 717 718 
651 653 654 655 660 661 662 665 666 667 668 669 680 681 682 692 693 694 695 725 726 727 728 729 
651 653 654 658 660 661 662 666 667 668 669 670 680 681 682 693 694 695 
651 654 655 658 659 661 662 663 669 670 682 683 695 696 697 731 732 733 
651 653 654 655 658 659 660 662 663 668 669 670 682 683 696 697 731 732 733 734 735 
651 653 655 658 659 660 661 663 668 669 670 683 696 697 698 734 736 737 
530 531 536 651 653 654 655 660 661 662 671 683 698 699 700 701 702 703 704 741 742 743 744 745 
652 653 656 673 686 
651 653 654 656 657 658 675 676 677 678 689 690 691 718 719 720 721 
651 653 654 658 659 679 681 692 693 722 723 724 725 726 
651 653 654 658 659 666 680 681 692 693 725 726 727 728 
651 653 654 655 658 659 660 661 662 670 682 695 731 732 
651 653 654 655 658 659 660 661 662 670 682 696 731 733 
651 654 655 659 660 662 668 669 696 731 732 733 
536 651 655 663 703 704 705 742 743 744 745 746 747 
652 685 672 706 707 708 
652 656 657 664 674 712 713 
656 657 673 687 688 714 715 
653 656 657 665 676 718 
653 656 657 718 719 
654 689 690 691 721 
654 665 666 679 
653 654 666 678 
654 658 659 667 681 692 693 725 
653 654 658 667 692 728 729 
651 653 654 658 659 660 661 668 669 695 
651 655 661 662 663 670 696 698 735 736 737 738 
652 672 685 
672 684 685 706 
652 664 
656 657 674 688 714 715 
656 657 674 715 716 
653 657 665 677 690 691 
653 665 677 689 691 
653 665 689 690 
653 654 658 666 667 680 681 693 725 726 
653 654 658 659 667 680 681 692 727 728 729 
653 658 659 730 
653 658 659 660 668 682 
651 655 660 661 662 669 670 683 697 733 735 736 737 
651 655 660 662 683 735 736 
651 655 662 663 683 699 738 739 
655 663 698 700 740 
655 663 699 701 740 
651 655 663 700 
651 655 663 671 703 741 742 743 744 
651 655 663 671 702 704 745 746 747 
663 671 703 
651 671 704 748 
652 672 685 708 
652 672 685 706 708 
672 685 706 
709 710 
652 709 
686 711 
656 673 
656 673 
674 687 
656 657 688 
656 657 688 
657 716 
665 675 719 
665 676 718 720 721 
665 721 
677 719 720 
653 654 723 
654 722 724 
653 654 723 
653 654 666 667 680 692 726 
653 654 658 666 667 680 692 725 
653 654 667 681 693 728 
653 654 658 667 681 727 729 
653 654 658 667 727 728 
653 658 659 
661 668 669 670 732 
669 731 
651 660 661 669 670 696 
662 696 733 
651 655 661 662 683 696 697 737 
683 697 735 
651 655 662 683 735 738 
655 737 
651 698 739 
651 655 663 698 699 700 
651 655 663 671 702 742 
651 655 663 671 702 741 743 
651 663 671 742 
651 663 671 702 743 
651 663 671 703 704 746 747 
651 703 745 747 
651 671 704 746 
651 705 

