234 1729
2 3 4 5 6 7 8 9 10 14 15 16 17 18 19 20 21 22 23 24 25 26 36 37 38 39 40 41 42 43 44 45 46 47 59 60 61 62 63 64 65 66 67 68 69 70 71 72 73 74 75 94 102 112 
1 3 4 5 6 7 8 9 10 17 18 19 20 21 22 23 24 25 36 37 38 39 40 41 42 43 44 45 46 47 60 62 63 64 65 67 68 69 70 71 72 73 74 75 94 102 
1 2 4 5 6 7 9 10 20 21 22 23 24 25 26 27 40 42 43 44 45 46 47 48 49 50 51 67 69 70 71 72 73 74 75 76 77 78 79 80 81 3 
1 2 3 6 7 10 11 25 28 51 52 53 86 87 88 89 90 91 
1 2 3 6 9 18 19 20 36 37 38 39 60 61 62 63 64 65 
1 2 3 4 5 21 22 23 24 45 46 69 71 72 73 74 75 
1 3 4 11 25 27 28 52 86 87 88 89 
1 2 14 15 33 35 8 16 57 58 
1 3 5 18 19 20 36 39 60 61 62 63 64 
1 3 4 7 11 27 28 53 86 88 89 90 91 
4 7 10 53 54 90 91 92 
30 55 
12 29 
8 15 31 14 
1 8 14 16 32 
1 8 15 17 32 33 34 35 16 57 58 
2 16 32 33 
1 2 5 9 37 38 59 60 
1 2 5 9 20 38 39 63 64 
1 3 9 40 65 
1 2 3 6 22 23 45 69 70 71 72 73 74 
1 2 3 6 21 23 45 46 74 75 
1 2 3 6 21 22 45 46 74 
1 2 3 6 47 48 76 77 
1 3 4 7 51 25 81 
1 3 4 25 50 51 81 82 83 
3 4 7 10 28 86 87 
4 7 10 27 86 87 88 
12 13 30 
12 13 29 55 56 
14 56 31 
1 8 15 16 17 33 34 35 57 58 
8 16 32 34 57 58 
8 16 17 32 33 35 57 58 
8 16 17 32 33 34 
1 2 9 18 37 59 60 
1 2 5 36 59 60 
1 2 5 9 18 19 39 60 61 
1 2 5 19 38 60 61 
1 2 3 20 41 42 66 
1 2 40 42 43 66 
1 2 3 40 41 44 67 68 
1 2 3 41 42 44 67 68 
1 2 43 67 
1 2 6 21 22 23 46 74 
1 2 3 6 23 75 
2 3 48 49 78 79 80 
24 47 49 79 80 
3 47 48 80 
3 25 
3 4 25 81 82 83 84 85 
4 7 10 28 88 
10 11 92 93 
4 11 53 
12 13 29 
14 31 
16 34 58 
8 32 33 
1 18 37 
2 5 9 18 36 37 38 61 
1 5 9 38 39 60 
2 5 9 63 64 
1 5 9 19 62 64 
1 2 5 9 62 63 
1 2 5 20 
2 41 
1 2 3 42 43 44 68 
1 42 43 44 67 
1 2 3 70 71 
1 2 6 21 69 71 
1 2 3 6 21 69 70 
1 2 6 21 73 
1 2 3 72 
1 2 3 6 21 22 23 45 
1 2 3 6 22 23 45 
24 77 78 
24 77 78 
3 24 76 77 
3 24 47 48 
3 47 48 49 
3 25 26 51 83 
81 83 84 
26 51 81 82 84 
51 82 83 85 
51 84 
4 7 10 27 87 88 
27 28 86 
4 7 10 28 52 86 87 
7 10 
4 11 91 
4 11 90 
11 54 93 
53 54 92 
1 2 3 5 95 96 97 98 99 100 101 102 106 107 108 109 110 111 112 128 129 130 131 147 148 149 150 151 152 153 154 155 188 189 190 191 192 193 194 195 196 197 198 199 200 201 203 204 205 206 207 94 208 209 210 211 212 
94 96 97 98 101 103 104 105 113 114 115 116 117 132 133 134 136 137 159 160 161 162 163 164 165 166 167 168 169 216 217 219 
94 95 97 98 99 100 101 118 119 120 121 122 123 124 125 126 127 138 139 140 141 142 143 144 145 146 178 179 180 181 182 183 184 185 186 
94 95 96 98 99 100 101 122 123 124 125 126 127 140 141 142 143 144 145 180 181 182 183 184 185 186 
94 95 96 97 99 100 101 122 123 124 125 126 127 141 142 143 144 145 180 181 182 183 184 185 186 
94 96 97 100 101 126 145 146 186 187 99 
94 96 97 98 99 107 108 128 129 147 148 149 151 188 189 190 192 193 194 195 196 197 198 199 201 
94 95 96 97 98 99 105 118 119 120 121 122 124 125 126 127 138 139 140 141 142 143 176 177 178 179 180 181 
94 108 109 110 112 130 131 156 157 213 214 215 
95 104 105 114 115 133 134 135 159 160 161 162 163 165 217 
95 103 105 115 135 136 137 163 164 165 166 167 168 
95 96 101 103 104 115 116 117 118 119 169 170 171 172 
94 100 107 108 109 129 150 151 152 201 203 204 205 206 207 
94 100 106 108 129 151 152 205 206 207 
94 100 102 106 109 130 153 154 207 208 209 
102 106 108 110 130 153 154 208 209 210 211 
94 102 109 111 112 131 155 156 157 110 213 214 
94 102 110 112 155 156 157 158 213 214 
12 13 29 94 102 110 131 214 215 112 
95 103 114 132 134 159 
103 113 133 134 160 161 162 
95 103 104 105 117 136 137 168 170 
95 115 117 169 171 172 
105 115 116 170 171 172 
96 101 105 119 120 121 138 173 174 
96 101 105 118 121 138 173 174 
96 101 118 119 121 122 138 139 173 174 175 176 177 
96 101 118 119 120 122 139 175 176 177 
96 97 98 101 120 121 123 140 141 177 
96 97 98 101 122 124 125 140 141 142 178 179 180 
96 97 98 101 123 125 126 143 181 
96 97 98 126 127 143 181 182 
96 97 99 124 125 127 143 144 181 182 
96 97 98 101 125 126 143 144 181 182 
94 100 147 188 189 190 191 192 
94 100 106 107 148 149 150 151 200 201 202 203 
94 102 108 211 130 
102 110 112 157 158 215 
95 114 
95 103 113 114 134 159 161 162 
95 103 113 114 133 159 160 161 162 
95 103 104 136 137 165 166 167 
95 104 105 115 135 137 166 167 168 
95 104 135 166 167 
96 101 118 119 120 121 173 174 175 176 
96 101 120 121 122 140 177 178 
96 97 101 122 123 139 141 179 
96 97 98 101 122 123 142 178 179 180 
96 97 98 101 123 124 179 180 
96 97 101 126 127 144 181 182 
96 97 98 126 127 143 182 183 
97 98 186 
99 187 
94 100 128 188 189 190 191 
94 100 129 149 198 199 
129 148 200 
94 100 129 151 200 201 202 
94 100 107 129 150 152 203 204 205 206 
107 203 204 205 206 
94 109 154 208 108 209 210 
94 153 210 
94 102 110 111 156 213 
102 110 155 157 
102 110 111 131 158 214 
102 110 131 214 
95 103 113 114 134 160 161 162 
95 103 114 134 159 161 162 
95 103 114 133 159 162 
95 103 114 133 134 159 160 161 
95 103 104 164 
95 103 104 163 
95 103 104 135 
95 135 136 168 
104 135 136 137 166 
95 104 115 136 166 
105 115 116 170 
105 116 117 169 
105 115 116 
105 116 117 171 
120 138 
119 120 
101 120 
120 121 138 175 
120 121 122 139 
122 123 139 141 179 
101 122 140 141 142 178 
96 97 98 101 123 124 141 142 
96 97 98 124 125 126 127 143 
96 97 98 124 125 127 143 144 
96 97 
96 97 98 145 185 186 
96 97 98 145 184 186 
96 97 98 145 184 185 
99 146 
94 128 147 
94 100 128 
94 100 128 147 189 191 192 
94 100 128 147 
94 191 
94 194 
94 195 196 
194 196 
94 100 193 194 195 197 
94 100 
94 100 199 
149 198 
94 100 129 149 150 202 
94 100 106 150 200 202 
200 201 
94 106 129 150 151 152 
94 106 151 152 203 
106 151 
106 107 151 205 
94 106 108 
94 108 209 
94 108 109 153 208 
108 154 
94 109 130 154 212 
94 109 130 211 
102 111 155 
102 110 111 112 131 158 
102 131 
217 224 225 226 219 234 
103 113 114 133 216 219 
216 222 223 224 
113 216 217 219 
221 222 227 228 229 231 
220 222 227 228 229 231 
218 221 223 229 232 233 
222 232 233 
218 225 234 
216 224 226 234 
216 225 
220 221 228 
220 227 229 230 231 
220 222 228 231 
220 222 228 229 
221 222 229 230 
222 223 
223 232 
216 225 

