50 310
16 17 29 
4 17 18 19 30 
4 20 30 31 
5 6 7 8 9 15 16 17 18 19 20 21 27 28 29 30 31 50 1 2 3 
4 6 7 8 9 15 16 26 27 48 49 
4 8 9 15 16 27 28 47 48 49 50 
4 6 8 9 11 12 13 14 15 24 25 26 36 37 38 39 40 41 42 43 
4 5 7 9 10 13 14 26 38 40 42 43 44 
5 6 7 8 10 14 25 26 39 40 41 42 44 46 
7 8 9 11 12 13 14 23 24 32 33 34 35 36 37 
7 10 12 23 
7 10 11 13 22 24 12 32 
7 8 9 10 12 24 34 35 36 37 
7 8 10 13 25 38 39 40 
4 5 6 7 15 
4 5 17 29 50 1 
4 16 18 19 20 29 30 2 
4 17 19 20 29 30 1 2 
4 17 18 20 30 2 3 
17 18 19 30 31 2 3 
4 21 
11 12 
10 11 12 22 
7 13 32 35 36 
7 8 9 38 40 
7 8 9 44 45 46 
4 6 49 
4 16 29 
4 16 17 18 28 1 
4 17 18 19 20 31 2 3 
4 30 31 3 
10 12 33 34 35 
10 24 32 34 35 
10 24 32 33 36 
13 24 33 36 
7 10 13 34 35 
7 13 
7 8 9 13 14 39 
9 14 25 38 
7 8 9 14 25 41 
7 9 40 
7 8 9 43 
8 9 42 
8 9 26 45 46 
9 26 44 46 
9 44 45 
6 48 
5 6 47 
5 6 27 
4 16 

