33 186
23 12 
12 16 3 4 
12 24 2 4 
12 16 24 2 3 
12 17 
12 17 26 
12 27 
13 14 15 18 
13 14 
13 31 32 33 11 
33 10 
13 14 15 16 17 18 19 20 21 23 24 25 27 28 29 1 2 3 4 5 6 7 
12 14 20 21 22 30 31 32 33 8 9 10 
13 15 18 19 20 21 27 29 8 9 
12 13 14 18 19 20 21 22 30 32 8 
12 17 24 25 2 3 4 
12 25 26 5 6 
12 13 14 15 19 20 27 28 29 
12 13 14 15 18 20 28 29 
12 13 14 18 19 28 8 
12 13 22 30 32 33 10 
21 30 31 32 33 10 11 
12 1 
12 16 2 4 
12 17 
12 27 
12 14 26 28 7 
12 14 18 19 20 27 
12 14 18 19 20 28 
13 15 31 33 
15 21 
13 15 21 30 31 33 
13 21 22 31 32 10 11 

