105 592
33 38 53 54 80 81 82 
33 34 56 83 
33 56 
33 34 5 6 
34 39 4 6 7 
4 5 7 
39 4 5 6 
34 84 85 9 
84 85 8 10 
84 85 
40 90 
40 13 
90 13 
15 16 17 18 20 21 22 24 25 26 27 28 29 35 40 
14 16 17 18 19 20 22 23 24 25 26 
14 15 17 19 24 
14 15 21 28 29 17 
15 20 22 23 24 25 
14 15 16 18 20 25 26 
14 15 16 18 19 25 26 27 
14 21 
14 18 24 
14 15 18 22 
15 16 22 23 
14 16 18 19 20 26 
14 15 16 19 20 
14 16 17 28 29 
14 27 29 
14 27 28 
31 36 43 44 45 46 63 64 65 66 67 95 
30 45 46 65 67 68 31 94 95 96 97 
33 34 36 37 38 48 49 50 51 52 53 54 73 74 75 76 77 78 79 80 103 104 105 
32 34 38 52 53 54 55 56 80 81 82 83 1 2 3 4 
32 33 35 38 55 56 84 85 4 5 6 8 
14 34 40 57 87 88 89 35 
30 32 46 47 48 69 70 71 72 99 100 101 
32 38 49 50 51 73 74 75 76 77 78 102 103 104 
32 33 34 52 53 54 55 78 79 80 81 82 105 1 
33 34 56 84 3 4 5 7 
15 35 58 89 90 40 11 12 13 
42 43 59 60 61 62 91 
41 43 59 60 61 91 
30 41 42 44 60 62 63 93 
30 43 45 63 64 
30 31 44 
30 36 98 69 
36 70 71 72 100 
32 36 47 101 
37 50 51 73 74 
32 37 49 51 74 75 76 77 102 
32 37 49 50 73 74 75 76 77 104 
33 78 79 80 105 
32 33 38 54 55 80 81 82 1 
32 33 38 53 55 80 81 82 83 1 
33 38 53 54 81 82 83 
33 34 39 83 3 
35 87 88 
35 40 89 90 11 
41 42 
41 43 62 92 
41 42 43 60 62 92 93 
42 43 60 61 92 
30 64 
30 44 
30 66 94 95 96 
65 67 96 97 
30 31 65 66 68 97 
67 97 
36 46 98 
47 71 99 
70 99 100 
47 101 
37 49 50 51 74 
32 37 49 73 
32 37 50 51 76 102 103 104 
32 37 50 51 75 77 102 103 104 
32 37 50 75 76 102 104 
37 38 79 
32 38 52 
32 33 38 52 53 105 
33 53 54 55 80 82 1 
33 38 53 54 55 81 1 
33 34 54 55 56 2 
39 85 86 9 10 
34 84 86 9 10 
84 85 
35 57 88 
35 57 87 
35 40 58 
40 58 12 13 
42 59 
41 62 91 
43 60 61 62 
30 31 65 95 
30 31 94 
65 66 67 97 
66 67 68 96 
46 69 98 
36 47 70 71 100 
36 47 70 99 
36 47 48 72 
32 37 51 75 76 77 103 104 
32 37 51 75 76 77 102 104 
37 51 77 102 103 
32 38 52 80 

