100 513
2 4 7 13 14 30 31 32 33 34 35 36 53 54 55 56 57 58 59 60 
1 3 4 5 8 9 14 15 16 17 18 19 37 39 66 67 68 69 70 71 38 
5 6 10 11 20 21 22 40 41 3 84 85 86 87 88 
1 2 8 14 15 36 37 60 61 62 63 66 
3 9 10 19 21 78 79 20 80 
3 10 20 21 22 40 41 80 81 82 83 6 
25 26 27 28 29 7 51 52 
4 5 9 16 17 18 19 39 68 70 71 73 74 
2 5 8 17 18 19 9 74 75 76 77 78 
5 6 20 21 22 40 80 81 82 
3 12 23 43 44 45 90 91 92 93 94 
11 23 44 45 46 90 91 93 94 
1 7 30 31 32 33 54 55 56 57 
1 2 4 37 62 63 64 65 14 
4 38 66 67 
2 8 9 17 18 71 72 73 
2 8 16 18 19 72 73 74 75 
2 8 9 16 17 19 72 73 75 
2 5 8 9 16 17 18 74 19 76 77 
5 6 10 21 20 80 
5 6 20 80 81 
3 6 40 41 42 
11 12 24 47 48 49 95 96 97 98 
48 49 50 98 99 100 
7 26 27 25 51 
25 27 28 51 7 
7 25 26 52 
7 26 27 29 52 
7 28 30 52 
1 13 29 31 32 53 54 
1 13 30 32 33 53 54 55 
1 13 30 31 33 53 54 55 
13 32 55 
1 35 
1 34 58 
60 61 
2 15 
2 15 
2 8 68 69 
3 6 10 22 41 42 82 83 
3 6 22 40 
22 40 3 
11 12 
11 12 43 90 91 92 
11 46 93 
11 12 45 94 
23 48 94 95 96 
23 24 47 49 97 98 
23 24 48 97 98 99 
23 24 99 
7 27 
7 28 29 
1 13 31 32 54 
1 13 31 32 53 55 
1 13 31 32 33 54 
13 33 
1 13 56 
1 34 35 
1 59 
1 4 60 61 
4 36 60 
4 63 64 
4 14 64 
4 14 62 63 65 
4 63 64 14 
15 67 
2 15 66 
2 39 69 70 
2 70 
8 39 68 69 
8 16 
8 17 18 
8 16 17 
8 9 16 18 75 
18 19 74 
19 77 
9 19 76 
5 9 
5 79 
5 6 10 20 21 
6 10 
6 10 83 
40 82 
3 84 
3 86 
85 87 3 86 
86 88 89 
86 87 89 3 
3 88 
11 43 44 
12 44 93 
11 12 44 
44 45 91 92 
11 12 46 47 
23 47 96 
47 95 
48 49 
23 24 48 
24 49 50 100 
24 50 

