542 3966
2 5 6 7 8 9 13 14 15 16 23 24 25 26 27 28 29 51 52 53 54 55 56 57 85 86 92 
1 4 10 11 12 18 19 20 32 33 34 35 36 37 38 39 40 41 42 67 68 70 71 73 74 75 2 
2 4 10 11 12 18 19 20 21 22 33 34 35 36 37 39 40 41 42 43 44 70 72 73 74 75 76 77 78 79 
2 3 10 11 12 18 20 21 22 35 36 37 38 39 40 41 42 43 44 45 46 47 48 49 50 75 76 77 78 79 80 81 82 83 
1 7 8 9 16 17 27 28 29 56 57 58 59 60 
7 13 14 23 24 25 51 52 53 54 
5 8 15 25 26 27 55 
1 5 7 9 26 27 28 29 56 58 
1 5 8 16 28 29 57 58 59 60 
2 3 18 19 33 34 35 69 70 71 
2 3 4 12 20 21 22 40 41 42 43 44 75 76 77 79 80 
2 3 4 11 20 21 43 44 45 47 80 81 82 
1 14 51 
1 6 23 24 51 52 53 54 
1 6 7 14 24 25 54 
1 5 9 17 30 61 
5 16 30 61 
2 3 4 19 33 34 69 70 71 
2 3 10 18 33 34 
2 3 4 11 12 21 40 41 42 43 44 78 79 80 
2 3 4 11 12 20 43 44 80 
3 4 12 45 46 81 82 
6 13 14 51 
1 14 15 52 53 54 
1 6 7 
1 7 8 55 
5 56 
1 5 8 9 56 
1 5 8 58 59 60 
16 17 31 61 62 
30 62 63 64 65 66 
2 67 32 
2 19 34 68 
2 3 10 33 70 
3 36 38 39 73 74 
2 3 4 35 37 38 39 74 
2 3 4 35 36 38 39 
4 35 37 39 74 75 
2 3 4 35 36 37 38 40 74 75 
2 3 4 11 20 39 41 42 75 76 77 78 
2 3 4 11 20 40 42 76 77 78 79 
2 3 4 11 20 21 40 41 43 78 79 80 
3 4 12 20 21 42 44 80 
3 4 11 12 20 21 42 43 80 
4 12 22 47 48 83 
4 22 45 47 82 83 
12 22 45 46 48 49 83 
4 45 47 49 50 83 48 
4 47 48 50 
4 48 49 
1 6 14 23 
1 6 14 24 53 
1 6 14 24 52 
1 14 15 24 
1 7 26 
5 8 28 
1 5 9 28 
5 8 29 
5 29 58 
5 9 29 59 
17 30 
30 64 65 
31 62 64 65 66 
31 62 63 65 
31 62 63 66 
31 63 64 65 
2 32 
2 10 33 69 
2 18 33 68 
2 3 10 18 19 34 
3 18 72 
2 3 
2 3 
2 3 35 36 37 38 39 
2 3 4 11 38 39 40 41 76 
11 40 
11 41 
3 4 11 40 41 42 79 
4 11 20 41 
4 11 12 20 21 42 44 
4 12 22 
12 22 45 46 
4 46 48 
85 86 87 88 89 90 93 94 95 99 100 101 102 103 104 117 118 119 120 121 122 123 124 125 151 153 154 155 157 158 159 160 161 162 163 164 220 221 
1 84 86 87 89 90 91 92 95 96 97 98 105 106 107 108 109 110 126 127 128 129 130 131 172 173 174 175 176 85 177 178 179 181 182 183 
1 2 5 7 8 13 14 15 23 24 51 84 85 87 91 92 98 110 111 112 113 114 132 133 134 135 136 137 199 200 201 202 203 204 205 206 207 208 209 210 211 212 213 214 
86 90 91 95 96 97 105 106 107 108 128 130 172 173 174 175 176 177 
84 93 94 99 115 116 138 139 140 142 143 144 145 146 147 148 221 241 
84 85 90 94 100 101 102 103 118 119 120 121 122 123 124 156 157 158 160 161 162 163 
84 85 87 89 95 104 105 106 126 166 167 169 168 170 171 
85 86 97 108 109 110 131 184 185 187 
85 86 98 112 114 134 135 136 137 203 204 205 206 207 208 209 210 211 212 213 214 
84 88 94 99 117 142 145 146 147 148 149 150 151 
84 88 89 99 117 118 151 152 153 
85 87 90 104 105 165 95 166 167 169 
85 87 108 130 174 175 176 177 
85 87 108 109 179 180 
85 86 92 110 112 113 132 133 134 194 195 196 197 198 199 200 
84 88 117 149 150 151 
84 89 102 118 119 121 123 156 157 158 159 160 
84 89 100 102 120 121 122 159 161 162 
84 89 100 101 103 123 124 162 163 164 
84 89 102 104 124 125 164 
90 103 
87 90 106 127 170 171 126 
85 87 90 105 107 127 129 172 173 
85 87 106 128 129 172 
85 87 91 96 97 178 179 180 181 
91 97 131 183 184 185 186 187 
85 86 91 111 188 190 110 
86 110 188 189 190 
86 98 132 133 198 199 
86 98 114 134 135 203 205 206 207 208 
86 92 113 136 137 209 210 211 212 214 
88 116 138 139 140 
88 115 138 139 140 
84 94 151 
84 89 100 119 153 154 155 
89 100 155 
84 89 100 101 119 121 156 157 158 
84 120 122 156 157 158 
89 100 101 121 159 
84 89 101 102 159 162 
84 89 102 103 163 164 
84 103 104 
85 90 105 170 171 126 
85 105 
85 87 106 107 129 172 
85 87 106 107 172 173 
85 87 174 175 
85 109 184 185 187 
86 98 112 133 191 192 193 194 195 196 197 
86 132 194 195 196 197 198 
86 92 98 112 113 200 201 202 203 
86 92 113 114 136 207 208 209 210 212 
86 92 114 135 208 209 210 211 212 213 214 
86 114 136 212 213 214 
88 115 139 140 
88 115 116 138 140 
115 116 138 139 
142 143 145 
93 141 143 144 145 146 147 
88 142 144 146 147 
141 142 143 145 146 147 
88 93 141 142 144 146 147 
88 142 143 145 147 148 
88 93 142 145 148 
93 145 146 147 
93 150 
93 99 117 149 
93 94 117 
94 153 154 
84 94 118 154 
84 94 118 152 
84 89 118 119 
89 100 119 157 
84 89 120 121 156 158 
89 100 120 121 157 
84 89 100 101 122 123 161 
84 89 100 101 122 159 
84 89 100 101 122 159 160 
84 89 101 123 
84 89 124 
84 102 103 124 163 
95 104 
90 95 
90 95 166 168 
90 95 167 169 
90 95 168 
90 105 126 
126 170 
85 87 106 107 128 129 173 
85 87 106 107 128 
85 87 96 130 175 
87 96 130 174 176 85 
85 87 96 175 177 
85 96 
85 87 108 
85 97 181 
85 97 108 179 181 182 
85 97 179 180 182 
85 180 
85 91 109 
91 109 186 187 
131 184 186 187 
131 185 187 
91 109 131 184 185 186 
111 189 190 
110 111 188 
110 111 189 
192 193 
132 193 
191 192 
98 132 191 195 196 
98 132 133 194 196 197 
132 133 194 195 197 198 
98 132 133 196 198 
98 197 
86 112 
98 112 134 201 
86 134 200 202 
86 201 
86 113 204 205 
92 113 203 
92 113 203 204 206 
92 113 205 207 
113 135 206 
86 92 113 114 135 136 209 210 211 
86 114 136 208 210 211 
86 92 114 135 208 209 211 
86 92 114 135 136 208 210 
86 92 114 135 136 137 213 214 
86 92 114 137 212 214 
86 92 114 136 212 213 
1 84 85 86 87 88 89 90 91 93 94 95 99 100 216 217 218 220 221 222 223 224 225 226 227 228 229 231 232 233 234 235 236 237 238 239 240 241 244 245 246 247 248 249 250 251 252 253 254 255 256 257 258 259 260 261 262 263 264 265 266 267 268 286 287 288 289 290 291 292 293 294 295 296 297 298 299 300 301 302 303 305 306 307 308 309 310 311 312 313 314 315 316 317 318 319 321 322 331 332 333 335 336 337 340 349 350 351 352 
1 84 85 86 87 88 89 90 91 93 94 95 99 100 101 102 103 115 116 117 118 119 120 138 139 140 141 142 143 144 145 146 147 148 149 150 151 152 215 217 220 227 229 237 238 239 240 241 260 261 262 263 264 265 266 267 268 318 319 320 321 322 323 324 325 326 327 328 329 330 
215 216 218 219 222 223 230 231 242 243 269 270 271 272 273 332 333 336 349 350 351 352 370 371 408 473 475 
215 217 219 223 224 230 231 244 273 274 275 276 277 278 279 280 
215 217 218 223 224 230 231 244 276 277 279 280 
216 221 237 238 260 261 262 263 264 310 311 312 313 314 315 
88 93 115 116 138 139 140 215 216 220 240 241 266 267 268 322 323 324 325 326 327 328 329 330 
215 217 242 243 269 270 351 352 371 475 
215 218 219 224 225 244 281 282 283 284 285 
215 218 219 223 225 245 281 282 284 285 286 
215 223 224 245 247 248 249 286 287 288 289 
215 232 251 252 253 255 292 293 294 295 
216 229 233 234 256 297 299 300 
215 227 229 233 234 235 297 299 300 301 
215 216 227 228 233 234 235 236 302 304 
215 217 218 219 274 275 
215 217 218 219 230 273 275 
215 226 250 251 252 253 290 291 292 293 294 
215 227 228 229 234 297 298 300 
227 228 229 233 298 300 
215 228 229 257 302 303 
215 229 235 257 258 304 305 306 
215 216 259 309 
215 220 239 260 261 262 263 264 313 315 316 317 
215 216 238 261 262 263 313 314 315 317 
221 241 266 267 322 323 324 325 326 327 
215 216 221 240 268 327 328 329 330 
217 222 270 271 
217 242 270 271 
215 218 219 223 278 279 280 
215 224 225 246 248 287 288 
225 245 247 248 288 
225 245 246 248 288 
215 225 246 247 249 288 
225 248 288 
251 290 
215 226 232 250 252 290 292 293 
215 226 232 250 251 253 290 291 292 293 
215 226 232 252 254 292 293 294 295 
215 232 253 
256 296 
215 296 
215 229 235 236 304 
215 307 259 306 
215 237 258 308 309 
215 216 220 238 261 311 312 
215 216 220 238 239 260 262 313 
215 220 238 239 261 313 314 
215 216 220 238 239 264 315 316 317 318 
215 216 220 318 
215 216 319 320 321 
215 216 221 240 267 322 323 324 
216 240 322 323 
216 240 241 327 
222 269 
222 242 243 
217 222 242 
217 272 
217 218 230 231 274 275 
231 275 
218 230 231 
218 277 
218 219 
218 219 244 
218 219 244 280 
218 219 244 279 
223 224 
223 283 
223 224 282 284 
223 224 285 
223 224 
215 287 
225 245 286 
215 225 245 246 247 248 249 289 
215 225 248 288 
215 232 250 251 252 
215 232 250 251 252 290 
215 226 232 251 252 253 293 
215 232 251 252 253 292 294 
215 232 253 293 
226 254 
215 255 256 
215 227 228 233 
215 227 228 234 297 299 
227 298 
215 227 233 
228 234 
215 229 235 303 
235 302 
215 229 236 257 305 306 
215 236 306 
215 236 258 304 305 307 
307 306 
258 259 
215 237 259 
215 220 
215 220 260 312 
215 220 260 311 
215 220 239 262 314 
215 238 239 262 315 316 
215 220 238 239 314 317 
215 238 263 314 317 
215 239 263 315 316 
216 263 
265 320 321 
216 265 319 321 
215 216 265 319 320 
221 240 266 267 323 
216 221 240 266 267 324 
221 240 266 323 325 
240 324 
221 240 268 325 
216 221 240 241 268 
216 221 241 
216 241 328 330 
216 221 329 
332 333 334 335 338 339 342 344 353 354 372 373 374 375 376 377 378 379 380 410 411 412 413 414 415 416 417 418 419 420 476 480 483 484 490 509 512 513 
217 331 333 334 335 336 337 339 340 341 344 345 346 347 348 355 356 357 358 359 360 361 363 364 365 384 386 387 388 389 390 391 392 394 395 396 434 438 439 440 441 442 443 444 445 446 447 448 449 450 480 
217 331 332 335 336 337 340 341 346 347 348 363 364 365 366 392 393 394 395 396 397 399 400 401 402 450 451 452 453 454 455 456 457 458 459 
331 332 335 338 339 342 343 344 353 354 372 373 374 376 377 378 410 412 413 415 416 417 418 419 480 484 
331 332 333 334 336 338 339 340 343 344 345 346 353 354 355 356 357 358 359 379 380 381 382 383 384 385 424 425 426 427 428 429 430 432 433 480 
332 333 335 337 340 341 347 348 349 363 364 365 366 397 398 399 400 401 402 456 457 458 459 460 
332 333 336 340 348 349 365 366 398 399 400 401 402 403 459 460 
334 335 339 342 343 372 373 374 410 411 412 413 480 484 490 512 513 
331 332 334 335 338 342 343 353 372 373 375 376 412 413 414 415 416 417 418 480 513 
332 333 335 336 337 341 346 347 348 362 363 364 365 389 390 391 392 393 394 395 396 444 445 446 447 448 449 450 451 452 
332 333 336 337 340 347 348 363 364 365 396 397 398 453 455 456 457 458 
331 334 338 343 411 412 413 484 513 
331 334 335 338 339 342 353 373 374 375 376 377 414 415 416 417 418 
331 334 335 345 355 356 381 382 383 384 385 425 426 427 428 430 344 
332 335 344 346 355 356 357 358 359 384 385 432 433 434 435 436 437 
332 333 335 340 345 347 359 360 361 362 386 387 388 389 390 439 440 
332 333 336 340 341 346 362 363 364 389 390 392 393 394 395 444 445 446 447 448 
332 333 336 337 340 341 365 397 398 453 454 455 456 457 458 
333 336 337 350 367 368 369 405 461 463 464 465 466 
349 351 352 367 369 370 465 466 467 468 
222 350 352 370 371 406 408 409 468 469 470 471 472 
222 350 351 370 371 407 352 408 470 471 472 473 
331 334 335 339 343 354 377 379 380 381 419 420 421 422 423 
334 335 344 353 381 424 425 426 
332 335 344 345 383 384 428 429 430 431 
332 335 344 345 357 359 384 385 386 432 433 434 435 436 
332 335 345 356 358 359 384 434 435 
332 335 345 356 357 359 384 386 434 435 436 437 
332 335 345 346 356 357 358 360 386 434 435 436 437 438 439 
332 359 361 386 387 438 439 
332 346 360 387 388 440 
332 340 346 347 361 388 389 390 440 441 
332 333 336 340 341 347 364 391 392 393 394 395 444 445 446 447 448 
332 333 336 340 341 347 363 391 392 393 394 395 396 447 448 449 450 451 
332 333 336 337 340 348 397 398 399 400 
333 336 337 401 402 366 
349 350 368 369 405 461 462 463 464 
349 367 369 405 461 462 464 
350 367 464 
351 352 406 407 469 
351 352 408 409 471 472 473 475 
331 334 339 342 410 411 412 513 
331 334 338 339 343 374 375 414 415 417 
331 334 338 339 343 373 375 414 415 416 417 
331 334 339 343 373 374 376 415 416 417 
331 339 343 375 417 
331 343 353 378 418 419 
334 353 377 380 419 420 421 
331 335 353 378 380 420 421 422 423 
331 335 353 378 379 420 421 422 423 424 
344 353 354 425 
354 425 
335 344 355 426 427 428 
332 335 344 345 356 358 385 433 
335 344 345 356 432 433 
332 345 356 360 437 438 439 
332 346 360 361 438 439 
332 346 361 362 440 
332 340 346 347 362 388 390 441 442 443 
340 346 347 362 388 389 441 442 443 
333 340 347 363 364 392 393 394 395 444 445 446 447 
332 333 340 347 364 391 393 394 395 444 445 446 447 
332 333 347 364 391 394 395 444 445 446 447 
332 333 340 347 363 364 391 395 445 446 447 448 
332 333 340 347 363 364 391 392 393 394 446 447 448 
332 333 340 341 364 450 451 452 
333 336 337 341 348 365 
333 336 337 341 348 365 397 399 400 
333 336 337 365 397 398 400 
333 336 337 365 398 399 
337 366 402 459 
333 337 366 401 460 
337 404 
403 404 
349 368 369 462 463 
407 468 469 
352 370 406 469 
351 352 371 409 471 473 474 
351 352 371 408 471 472 473 
331 334 342 372 411 
338 342 372 410 
331 334 338 339 372 413 
331 339 412 
331 334 339 343 373 374 415 416 
331 334 339 343 373 374 414 416 
331 334 339 343 373 374 375 414 415 417 
334 339 343 373 374 375 376 416 
331 339 343 377 
331 334 353 377 378 
331 353 378 379 380 421 422 
353 378 379 422 423 
353 379 380 420 421 
353 379 380 421 
335 353 354 380 
335 354 381 382 426 
335 354 425 427 
335 383 
335 344 355 383 429 
335 344 383 428 
335 344 431 
335 355 
335 345 384 385 433 
335 356 384 385 432 
332 345 356 357 358 359 435 436 437 
345 356 358 359 434 436 437 
345 356 359 434 435 437 
345 358 359 386 435 
332 359 360 
332 359 360 386 
332 346 361 362 388 
332 362 389 390 443 
332 389 390 441 443 
389 390 442 
332 347 363 391 392 393 445 
332 340 391 392 394 446 
332 340 347 363 391 392 393 394 445 447 
332 340 347 363 364 391 392 394 446 448 
332 347 363 364 394 395 449 
340 363 364 395 
332 333 340 451 
333 340 364 396 450 452 
333 340 451 
341 348 
333 341 348 453 
333 341 348 454 456 
333 336 341 348 455 458 
333 348 456 458 
336 341 456 457 
333 336 337 
336 337 366 
349 367 368 405 462 463 
349 367 368 405 461 
349 367 405 461 462 
349 367 369 
349 350 466 467 
349 350 465 467 
350 466 
351 406 
351 370 406 407 468 
352 471 
351 352 408 470 
352 371 408 409 471 
352 371 408 409 474 
371 473 475 
475 474 
477 479 481 482 485 486 497 498 499 500 501 502 521 522 523 524 525 526 527 528 529 530 531 532 533 534 476 
476 478 481 482 485 491 492 493 494 515 516 477 
476 477 479 481 482 485 495 496 497 498 499 500 501 502 520 521 522 523 524 525 526 527 528 529 
476 478 482 486 502 529 530 531 533 534 
338 342 343 372 373 374 410 411 412 413 483 484 490 510 511 512 513 542 
476 477 482 485 492 493 494 515 516 517 
476 477 478 479 481 498 499 500 501 502 521 522 523 524 525 526 527 
480 484 488 489 505 506 507 508 538 539 483 
342 480 483 490 508 509 510 511 512 540 541 542 
476 477 478 481 492 493 494 516 
476 479 487 
486 488 489 503 504 535 537 
483 489 503 504 535 536 537 
483 487 488 505 
480 484 509 510 512 540 541 
477 514 
477 481 485 493 516 
481 485 492 516 
477 481 485 492 493 516 517 518 
478 481 494 496 517 518 519 
478 495 497 518 519 
478 519 520 497 
476 478 482 499 500 522 523 524 525 
478 482 498 500 523 524 525 526 
476 478 482 498 499 526 
476 478 479 482 500 502 526 527 528 
478 479 527 528 529 
488 535 536 
487 488 503 535 536 537 
483 489 506 
483 505 508 538 
483 508 
483 484 506 507 539 508 
480 484 490 510 511 540 541 542 
480 484 509 511 540 541 542 
480 490 509 510 512 542 
484 490 511 480 
372 410 411 
491 514 
477 481 
481 485 492 493 494 
481 495 496 518 
494 496 
496 497 
478 497 
478 482 522 
476 478 498 521 523 
478 498 499 522 
476 482 498 523 525 
476 498 499 524 
478 482 499 500 
476 478 479 482 528 
476 478 501 502 527 
476 479 502 
479 529 
476 479 532 533 
476 479 533 
476 531 
476 479 
488 503 504 536 537 
487 488 503 535 537 
487 488 504 
483 506 539 
483 506 507 538 
484 490 509 510 
484 490 509 510 511 540 542 
480 490 509 511 541 

