139 999
2 3 4 5 6 7 8 9 10 11 12 13 14 15 16 17 18 19 20 21 22 23 24 34 35 36 37 38 39 40 41 42 43 44 45 46 47 49 50 51 52 53 54 56 57 1 74 75 76 77 78 79 80 81 82 83 84 85 86 87 88 89 90 91 92 93 94 95 96 97 118 119 121 
1 3 4 5 6 7 9 10 11 12 14 15 16 17 18 19 20 21 32 33 34 35 36 37 38 39 40 41 69 70 71 72 73 74 75 118 119 120 121 123 131 2 
1 2 4 7 9 10 14 15 16 17 18 32 33 34 35 68 69 70 71 72 3 73 118 119 120 121 123 130 131 136 
1 2 3 5 6 7 8 13 23 24 25 26 27 29 30 58 59 60 61 62 98 99 100 101 102 103 104 105 106 107 108 109 
1 4 6 8 13 25 26 27 28 29 30 31 62 63 64 66 67 106 109 110 111 113 5 114 115 116 117 
1 2 3 4 5 7 12 21 22 23 49 50 51 52 53 54 55 56 57 88 89 90 91 92 93 94 95 96 97 
1 2 3 4 6 10 12 20 21 22 41 43 44 45 46 47 48 83 84 
1 4 5 30 31 63 64 65 66 67 114 115 116 117 
1 2 18 34 35 36 73 
1 2 3 11 19 20 37 38 39 40 41 75 76 77 78 79 80 81 82 
1 2 7 10 19 20 40 41 42 43 44 45 46 47 83 
1 2 6 7 22 12 48 49 84 85 86 
1 5 25 26 27 28 105 106 108 
1 2 3 15 16 17 32 33 
1 2 14 16 17 33 68 
1 2 14 15 32 33 68 69 
1 2 3 14 15 16 68 69 70 71 72 
1 2 3 9 34 35 36 74 
1 2 10 11 20 37 38 39 40 75 76 77 78 79 80 81 
1 2 7 10 19 38 39 40 41 42 78 79 80 81 82 
1 2 12 48 84 85 
1 6 49 50 87 88 89 90 
1 6 54 55 57 97 23 
1 4 25 58 59 98 99 100 101 102 103 104 
4 5 13 24 59 60 
4 5 13 27 105 106 107 108 
4 26 28 107 
4 5 13 27 109 
4 28 62 109 110 111 
4 5 8 31 65 66 114 115 
8 30 64 65 66 114 115 
3 14 15 16 33 
14 16 17 
2 3 9 18 
1 2 3 9 18 34 36 74 
1 18 35 
1 2 10 38 39 75 76 
1 2 10 19 20 39 76 77 78 79 81 82 
1 2 10 19 20 37 38 76 77 78 79 80 81 82 
1 2 10 11 19 20 82 
1 2 7 10 11 20 
1 7 41 
1 7 44 45 83 
1 7 11 45 46 47 
1 7 43 44 46 47 83 
1 7 11 43 44 45 47 83 
1 7 11 44 45 46 83 
1 21 
6 12 86 87 89 
1 22 90 91 92 93 94 
1 6 95 96 
6 53 54 
6 51 52 54 96 
1 23 51 52 53 55 56 57 96 
1 23 54 56 57 97 
6 23 54 55 57 
1 23 55 56 97 
4 24 59 101 102 103 104 
24 25 58 
25 59 61 
4 60 
4 5 110 111 112 113 
5 8 30 64 
5 8 30 31 65 114 
5 8 30 31 64 114 
5 8 30 31 67 116 117 
5 8 116 
15 33 69 
2 3 15 17 70 71 
2 3 17 69 71 
2 3 17 69 70 
3 17 
2 3 9 
1 9 18 36 
1 2 10 37 76 
1 10 19 37 75 77 78 
1 10 19 37 76 
19 38 39 76 77 79 80 81 82 
1 10 19 20 38 39 78 80 81 82 
1 10 19 20 38 39 81 82 
1 19 20 39 78 79 82 
1 10 19 20 39 40 78 79 81 
1 7 11 44 45 46 47 
1 7 12 21 48 
1 12 21 
1 49 
1 49 
1 6 22 49 89 
1 6 22 49 88 
1 22 91 93 
1 50 90 92 
1 6 50 91 93 94 
1 50 90 92 94 
50 92 93 95 
1 94 
1 51 52 53 54 
1 6 23 56 57 
24 100 
4 100 
98 99 
4 24 58 102 
4 58 101 
4 24 58 104 
4 24 58 
13 26 
4 26 27 
4 13 27 106 
4 5 13 26 
4 5 28 29 
5 62 
29 110 
5 62 113 
5 112 113 
8 30 31 64 65 
8 30 66 
5 66 67 
5 8 66 
9 14 15 17 32 33 68 121 130 131 136 137 138 139 118 
120 122 132 119 124 
119 121 122 123 125 
118 120 123 125 126 127 128 129 133 134 135 121 
119 132 
120 121 125 126 127 133 134 
119 122 
120 121 123 126 127 133 
121 127 133 134 
121 123 126 133 134 
121 123 129 135 
121 130 129 135 
118 121 128 129 
118 136 138 
119 122 124 
123 125 126 
121 126 127 
128 129 
118 131 137 138 139 
118 131 136 138 
118 131 136 139 
118 136 137 138 

