67 329
58 59 60 2 17 18 19 21 
59 60 1 19 20 21 
58 60 23 
56 58 5 6 25 26 
56 58 4 6 25 26 
56 58 4 5 26 
56 58 8 27 
56 7 9 27 28 
8 28 
56 11 29 30 
57 30 
56 57 61 13 32 
56 61 12 
56 57 61 62 63 15 
56 57 63 14 33 34 
57 35 38 
1 18 19 20 
2 17 
1 2 17 18 20 
59 1 2 17 18 19 
59 60 1 2 
58 59 60 
58 60 
58 24 
56 58 4 5 6 
56 58 4 5 
8 27 
8 9 10 
56 10 
10 11 29 
56 57 
57 12 56 
57 62 63 15 
57 63 15 33 
16 36 37 38 
57 35 37 38 
57 35 38 
57 16 35 37 
64 67 40 
66 67 39 41 
67 40 
43 45 48 49 50 64 65 42 
42 46 47 51 52 53 54 55 43 
42 45 49 
42 44 45 
43 51 52 46 
43 46 52 
45 49 
42 44 48 
42 50 
43 46 47 52 
43 46 47 51 
43 53 
43 53 55 
43 54 
42 57 58 59 60 61 62 63 64 4 5 6 7 8 9 10 11 12 13 14 15 25 26 27 28 29 30 31 56 32 33 
42 56 58 61 62 63 64 11 12 13 14 15 16 31 32 33 34 57 35 36 37 38 
56 59 60 1 2 3 4 5 7 22 23 24 25 26 58 
1 2 3 17 18 20 22 
56 58 1 2 3 21 22 23 
57 62 63 12 32 
56 14 15 33 
56 57 61 14 15 33 34 
56 57 65 66 67 39 64 
66 67 39 40 
64 65 39 40 41 
64 65 66 39 

