67 330
2 17 
1 4 5 6 7 2 
2 4 5 6 
2 6 7 
2 3 4 6 7 
3 4 7 
3 4 5 
9 20 21 22 26 28 29 30 31 32 33 44 45 46 47 48 49 8 
8 12 21 9 35 36 37 23 51 52 
14 15 16 17 25 38 39 40 41 57 59 60 61 62 63 64 
10 14 15 25 38 39 40 60 62 63 
9 13 12 
10 12 14 24 55 53 13 
10 11 13 15 16 55 14 56 57 58 59 
10 11 14 16 38 39 40 57 59 60 
10 11 14 39 61 
1 42 66 67 
19 20 18 
18 20 43 19 
8 18 19 26 27 
8 9 22 31 32 34 47 48 49 50 
8 21 31 33 34 50 
9 35 51 
24 53 54 
10 11 41 42 65 25 
8 19 20 27 29 28 
20 28 29 
8 26 27 29 28 44 
8 26 27 28 44 
8 44 45 46 
8 21 22 32 33 49 
8 21 22 31 33 47 48 49 
8 21 22 32 34 
22 33 50 34 
9 23 36 51 
9 35 37 51 52 
36 52 
10 11 14 15 56 57 59 
10 11 15 16 
10 11 15 16 41 60 61 62 
10 11 25 63 64 41 
17 25 65 
19 43 
8 28 
30 46 
30 45 
8 21 31 48 49 
8 21 31 47 49 
8 21 31 32 47 48 
21 22 34 
9 23 37 
9 36 37 
13 24 54 
13 24 53 
14 55 
38 14 
10 15 38 58 59 
14 15 38 57 59 
10 38 57 58 
10 15 61 
10 11 16 40 60 
10 11 63 64 
10 11 40 41 62 64 
10 41 62 
25 42 
17 66 
17 67 

