65 335
2 3 4 5 9 10 11 19 20 32 33 48 49 50 1 
1 3 4 5 11 12 18 19 21 22 32 33 34 51 52 54 
1 2 4 10 18 19 32 48 50 
1 2 3 5 11 20 21 22 32 33 34 35 51 52 53 54 
1 2 4 11 12 13 22 35 36 37 56 57 58 59 60 
15 23 24 25 26 40 41 
6 8 14 15 16 26 27 28 41 7 
7 9 10 17 27 29 30 8 
10 30 31 42 43 44 45 
3 8 9 30 31 46 47 
1 2 4 5 12 21 22 35 36 55 57 58 
2 4 5 11 22 35 36 56 57 58 
5 37 38 39 61 62 63 65 
6 7 23 24 26 41 
7 14 26 41 
7 8 17 27 28 29 
16 27 28 29 
1 2 19 49 
1 3 18 50 
1 2 4 32 
2 4 54 
2 4 5 11 12 21 35 54 55 
14 24 25 40 
6 14 23 25 40 
6 14 23 24 
6 7 15 
7 8 16 17 28 29 
7 16 17 27 
16 17 29 
8 31 42 43 44 45 
9 10 30 46 
1 2 4 20 51 
1 2 4 
2 4 21 52 
4 11 22 
5 11 12 59 60 
5 37 
13 37 61 62 
13 63 64 
23 24 25 
6 7 14 15 
9 30 43 44 45 
30 42 44 45 
30 42 
9 30 42 43 
10 46 47 
10 46 
1 48 
1 3 18 
3 18 
2 4 32 33 
2 34 53 
4 34 52 
2 4 22 
11 22 
5 11 12 57 58 
5 11 12 56 58 
5 11 56 57 
5 36 60 
5 36 59 
38 37 
13 38 39 
13 64 65 
13 39 63 65 
63 64 

