476 3187
2 3 4 5 6 7 8 9 10 11 12 13 14 15 16 17 18 19 20 21 22 23 24 25 26 27 28 29 30 31 32 33 34 35 36 37 38 39 40 41 42 43 44 45 46 47 48 49 50 52 53 54 55 56 57 58 59 60 62 63 65 66 67 68 69 97 98 103 105 142 144 170 196 251 352 373 424 425 466 467 
1 3 4 6 7 8 11 12 13 18 19 20 21 32 35 37 38 48 57 58 59 
1 2 4 5 10 17 28 29 30 3 
1 2 3 6 7 8 14 15 16 22 23 24 25 26 
1 9 10 30 3 
1 2 4 11 12 13 14 22 23 
1 2 8 12 13 22 23 
1 2 4 6 7 14 22 23 24 25 
1 3 5 10 29 
1 3 9 
1 2 6 12 13 21 
1 2 11 13 
1 2 6 7 11 12 
1 4 6 7 8 23 25 
1 4 16 26 
4 15 17 26 27 
1 3 4 16 26 27 
1 2 
1 2 18 20 59 
1 19 
1 2 11 12 13 
1 4 6 8 14 24 
1 7 8 14 22 24 
14 22 25 
14 24 
1 4 15 16 17 27 
16 17 26 
1 29 
1 9 28 
1 3 
2 3 4 6 7 8 11 32 33 34 35 36 37 38 39 40 41 42 43 45 46 47 48 50 51 52 53 54 55 56 57 58 59 
2 31 35 36 37 40 32 41 42 43 44 45 46 50 51 52 53 54 
34 33 39 
31 32 33 39 49 
6 11 19 20 31 32 36 37 38 35 47 48 55 58 59 
31 35 37 45 46 
32 35 38 47 55 56 
31 47 48 55 56 57 58 59 
31 49 
31 34 
31 32 42 43 50 
31 32 50 
31 42 
31 36 45 51 52 53 54 
32 36 44 46 52 53 54 
31 32 36 44 45 52 53 54 
31 35 38 
31 35 37 38 56 57 58 59 
39 40 
31 41 
31 32 44 45 52 
31 32 44 45 46 53 54 
31 32 44 45 51 52 54 
32 44 45 52 
31 38 56 57 
31 35 37 38 48 57 
31 35 38 48 55 56 58 
18 31 35 38 57 59 
18 19 20 31 35 38 48 58 
61 80 60 
60 61 80 
31 32 60 63 64 65 66 67 68 69 70 71 72 73 74 75 76 77 78 79 80 82 83 84 85 86 87 88 89 90 91 97 98 99 100 101 102 103 104 105 106 107 108 109 110 119 120 121 122 123 133 137 138 139 140 141 142 144 145 146 170 196 
62 64 67 68 69 70 71 74 81 82 84 85 97 98 102 103 104 105 108 109 110 119 123 141 
62 63 66 70 81 82 83 84 85 103 104 105 
63 64 66 67 68 75 105 
62 63 65 67 68 69 71 75 
65 66 68 69 71 75 76 86 87 88 
62 63 65 66 67 69 71 76 86 87 88 89 
62 63 66 67 68 71 72 76 89 90 
62 63 64 74 81 
62 63 67 68 76 77 86 88 89 90 
62 69 73 78 91 
62 72 78 91 
62 63 64 70 81 82 84 
62 63 65 66 67 
62 67 68 69 71 77 89 90 
69 71 89 
62 69 91 
62 80 79 92 93 94 
61 62 79 92 93 95 96 
62 63 70 74 82 83 
62 63 64 74 81 83 
62 63 64 81 82 
63 64 74 85 
62 63 64 84 
66 67 71 
62 67 68 86 88 
62 67 68 71 87 
62 69 71 76 90 
62 69 71 76 77 89 
72 73 78 
79 80 93 
79 80 94 95 96 
79 80 93 95 96 
79 80 93 94 
79 80 93 95 
64 98 99 100 101 102 103 104 105 106 107 108 109 110 117 118 120 121 122 126 128 129 130 131 132 133 134 135 
97 100 101 102 103 104 105 106 107 108 109 119 120 121 122 128 129 130 132 133 134 
97 100 101 111 112 113 114 115 124 125 151 152 160 161 
98 99 101 106 111 112 113 114 115 116 124 125 161 162 
97 98 99 100 102 106 112 113 114 116 117 125 
97 98 100 103 106 107 108 118 119 126 127 128 129 
64 70 97 98 102 105 108 109 110 119 122 123 135 136 137 139 140 141 
64 70 103 105 109 123 139 140 141 
64 65 70 74 81 98 103 104 109 110 
97 98 101 102 107 117 118 126 127 
97 102 106 118 126 127 128 
98 119 120 121 122 130 131 132 133 134 
97 98 103 104 105 110 122 123 137 138 139 140 141 
104 105 109 123 140 141 
99 100 112 124 161 162 
99 100 101 113 124 125 162 
99 100 101 112 115 124 
100 101 115 125 
99 100 101 113 114 116 125 
100 101 114 
100 101 106 126 
97 102 106 107 126 127 
97 102 103 108 120 130 131 132 133 134 
97 98 108 119 130 131 132 
97 98 103 108 119 120 122 133 134 135 136 137 
97 98 109 121 134 135 136 
103 104 109 110 138 139 140 141 
112 113 125 
100 101 113 114 115 124 
106 117 118 
102 107 
102 106 
97 98 102 
97 98 108 119 120 131 132 
97 98 108 119 120 130 132 
97 98 108 119 130 
98 119 120 121 134 135 
98 119 122 133 135 136 
122 133 134 
134 135 
103 109 121 136 138 
109 123 
104 109 138 
103 104 109 123 
103 104 109 
63 97 98 99 100 101 102 103 104 105 106 107 108 111 112 113 114 115 116 117 124 125 143 144 145 146 147 148 149 150 151 152 153 154 155 156 157 158 159 160 161 162 163 164 165 166 167 168 142 169 170 171 175 196 202 
142 144 145 153 183 184 192 193 194 195 143 
142 143 145 146 147 148 149 150 153 154 157 158 159 163 164 165 166 167 168 
142 144 146 147 148 149 150 156 157 158 159 165 166 167 
99 142 144 145 149 150 151 152 159 160 167 168 146 
144 148 149 150 155 156 157 158 159 163 164 165 
142 144 145 147 149 154 155 156 157 158 163 164 165 166 
142 144 145 146 147 150 159 167 168 
142 144 146 147 149 159 167 
142 146 152 160 162 169 
142 146 151 160 161 162 169 
142 144 153 154 
148 153 155 
142 144 145 147 148 154 156 157 158 163 164 165 166 
144 145 147 148 155 157 158 163 164 165 166 
142 144 145 147 155 156 158 163 164 165 166 
142 144 145 147 148 155 156 157 164 165 166 
144 146 147 149 150 167 168 
142 146 151 152 161 162 169 
111 142 151 152 160 162 
111 112 151 152 160 161 
142 144 148 155 156 157 164 
147 148 155 156 157 158 163 165 166 
145 147 148 155 156 157 158 164 166 
142 144 145 147 155 157 158 164 
144 145 146 149 150 168 
142 146 150 159 
142 151 160 
63 142 143 144 145 146 147 148 171 172 173 174 175 176 177 178 179 180 181 182 183 184 186 187 188 189 190 191 192 193 196 197 198 202 170 
170 174 171 189 
170 176 185 
172 170 186 
171 178 170 
170 179 180 181 191 192 193 
170 172 185 
170 172 173 186 
174 190 
170 175 182 
170 175 179 182 191 
175 179 180 182 
170 175 179 180 181 191 
170 175 184 192 193 194 195 
175 183 193 194 195 
172 176 
170 173 177 
170 188 
170 187 
170 171 
170 174 178 
175 181 
170 175 183 191 
170 175 183 184 194 195 
183 184 193 
183 184 193 194 
142 143 170 171 172 173 176 177 197 198 199 200 201 202 203 204 205 207 210 196 
198 197 196 199 200 
172 173 176 177 185 186 196 197 
197 201 
196 199 
197 199 200 
197 203 204 205 207 210 211 216 217 222 225 226 227 228 229 230 
202 204 205 208 209 212 219 
202 203 205 206 210 212 213 214 220 204 221 
202 203 204 207 210 211 215 216 217 218 223 224 225 227 228 229 230 
203 208 209 219 
202 205 218 
203 219 
203 206 
202 204 211 216 222 224 225 226 
202 205 210 215 217 223 224 225 226 
203 204 213 
204 220 
204 221 214 
202 205 210 211 223 
210 211 217 
202 205 211 216 229 
202 205 207 
203 206 208 
204 212 
214 204 
202 205 211 215 224 225 
211 215 222 224 225 
205 211 215 222 223 225 
202 205 210 211 222 226 
202 205 210 211 216 225 
205 207 217 228 230 
205 217 229 230 
202 217 227 228 230 
202 205 227 228 
232 233 234 235 236 238 239 240 241 242 231 254 263 265 278 
231 234 235 236 237 243 244 245 247 248 249 250 
232 235 238 239 241 242 246 
231 232 233 235 236 237 243 244 246 247 248 249 
231 232 233 234 236 237 243 244 246 247 248 249 
231 232 233 234 235 237 243 244 245 247 248 249 
234 235 236 243 244 245 250 
233 239 240 231 
233 241 242 
231 238 
239 242 
239 241 
234 235 236 237 244 249 
232 234 235 236 237 243 245 249 250 
232 237 
233 234 
232 234 235 236 248 
232 234 235 247 
232 234 235 236 243 244 
232 237 244 245 
231 232 233 234 235 236 237 238 239 240 241 252 253 254 255 256 257 258 259 260 261 262 263 264 265 266 267 268 269 251 270 271 272 273 274 275 276 277 278 279 280 281 282 284 285 286 287 293 302 303 331 333 352 
251 253 255 259 266 267 252 280 281 282 287 
251 252 254 255 269 
253 260 261 262 263 272 273 274 275 276 277 
252 253 
238 240 251 263 265 278 
252 258 266 
257 266 267 
251 252 266 
251 254 261 273 
251 254 260 272 273 261 274 275 
251 254 274 275 276 277 
254 264 
251 256 265 278 
251 256 264 278 
251 252 257 258 259 267 
251 252 259 
251 253 
253 268 
251 271 
251 270 
251 254 260 261 273 
251 260 272 
251 261 262 275 
251 254 261 262 274 275 
254 277 
251 262 276 
251 256 264 
280 283 288 294 295 307 308 327 328 329 330 302 
281 282 284 285 289 290 291 296 297 298 303 
282 284 285 286 287 291 292 293 298 299 300 301 
280 281 284 285 286 287 291 292 293 299 300 301 282 
279 288 289 294 295 
281 282 285 286 291 298 299 
280 281 284 286 291 298 
281 282 284 285 291 292 299 301 
282 293 
280 283 
280 288 290 296 297 
280 289 296 297 
280 281 282 284 286 292 299 
281 282 285 286 291 299 
281 282 287 
279 283 
279 294 
280 290 297 
280 289 296 
280 281 284 285 
282 284 286 291 292 300 
281 282 
281 282 286 300 
279 280 281 282 283 284 288 289 294 295 303 304 305 306 307 308 315 316 318 324 325 326 327 328 329 330 333 302 
279 280 302 307 308 315 316 303 318 323 324 325 326 327 
302 305 309 311 312 319 320 321 343 
302 304 306 309 310 311 312 313 321 322 
302 305 313 314 306 
302 303 308 317 318 326 327 328 
302 303 326 327 328 
304 305 311 319 320 343 
304 305 309 311 319 320 321 343 
304 309 310 312 320 321 
304 305 313 
305 306 314 322 
306 313 
303 316 
303 315 
302 303 307 318 323 324 325 326 
302 303 307 317 324 325 
304 309 310 320 
304 310 319 
304 305 311 
305 322 
302 303 317 324 325 
317 318 323 325 
302 303 317 323 324 
302 308 317 
302 303 307 329 
302 307 308 327 329 330 
302 328 330 
302 329 
302 304 332 333 334 335 336 337 338 339 340 341 344 345 352 353 354 331 
331 333 335 336 339 340 341 346 
304 305 306 309 310 311 312 313 319 320 321 331 335 336 338 343 
331 332 339 344 
331 332 336 337 338 340 341 342 345 346 348 
331 333 335 337 338 340 341 342 347 
331 332 334 335 336 340 341 345 346 347 
331 333 336 342 348 349 350 351 
331 344 
331 332 335 336 345 346 
331 332 335 336 337 347 
335 336 338 349 350 351 
309 310 333 343 
331 334 339 
331 332 335 337 346 
332 337 340 345 
335 341 
335 336 338 342 349 350 
336 338 342 
342 348 351 
338 342 350 
302 331 332 333 353 354 355 356 357 358 359 360 361 362 363 364 366 367 368 369 370 371 372 374 376 377 390 425 
352 354 355 356 357 358 359 360 361 362 363 366 367 368 369 377 381 
353 356 357 358 359 360 364 366 368 369 370 371 
353 361 377 
352 353 354 357 358 359 360 362 363 364 369 370 
352 354 356 358 360 363 364 365 370 371 
352 353 354 356 357 360 363 364 370 371 
352 353 354 362 368 369 
352 353 358 364 370 371 
352 353 
353 354 356 359 369 
352 353 354 357 358 360 364 370 371 
352 356 357 358 360 363 
357 358 
352 353 354 
354 353 
353 354 359 367 
352 354 356 
352 354 356 357 358 363 
352 354 357 360 363 364 
357 365 
1 31 62 142 170 196 231 232 251 252 253 279 280 281 282 302 303 304 305 331 332 333 334 335 336 337 338 352 353 354 355 356 357 358 359 360 361 362 363 364 365 366 367 368 369 370 371 372 374 375 376 377 378 379 380 381 382 383 384 385 386 387 388 389 390 391 392 393 394 395 396 397 398 399 400 401 402 403 408 409 410 411 412 413 414 415 416 417 418 422 420 421 424 425 426 428 429 430 431 434 443 444 445 466 467 373 
373 375 379 380 388 374 392 
373 374 378 379 380 387 392 
355 373 377 381 383 384 385 389 
373 376 382 383 384 
373 386 387 
373 374 380 
373 379 388 
373 376 382 383 385 389 
373 377 381 383 384 
373 377 384 
377 381 382 383 385 
373 376 377 381 382 383 384 
373 378 
373 375 378 
374 379 380 
373 376 381 
374 375 378 386 391 392 394 395 401 402 409 410 411 412 413 414 
390 393 394 395 396 397 398 399 400 404 405 406 407 391 
375 378 386 401 410 413 414 
391 396 403 
390 391 395 398 399 400 408 
391 394 400 408 409 
391 403 404 
391 396 404 405 406 407 
391 394 399 
391 394 
391 394 408 
392 410 411 412 413 
390 392 401 412 413 414 
393 396 
391 397 405 
391 397 406 
391 397 
391 397 406 
394 400 
390 395 
390 392 401 
392 410 
390 392 401 402 
392 412 414 
390 402 412 413 
416 422 431 415 
415 417 418 420 421 
415 416 419 422 
416 420 
417 422 423 
416 418 420 
416 418 420 
417 422 419 423 
419 422 
352 415 416 425 426 427 428 429 430 431 432 433 434 435 436 437 438 439 440 441 443 444 445 446 448 449 450 451 454 455 456 457 459 462 463 465 466 467 468 
352 415 416 417 424 427 428 429 430 431 432 433 434 435 439 440 441 442 443 444 445 449 450 451 466 467 
415 424 425 428 429 431 433 434 435 439 440 441 442 445 
424 425 432 436 437 438 445 449 450 451 458 459 465 
424 425 426 429 433 435 439 441 442 
424 425 426 428 430 431 433 434 
425 434 
424 430 434 
424 427 
424 425 426 428 429 435 441 
424 425 426 429 430 431 
424 433 
424 427 437 465 
424 427 436 438 465 
424 432 437 438 
424 425 428 
424 425 428 
425 426 433 
425 428 433 
444 446 453 460 461 467 468 
447 448 456 461 454 462 
427 432 436 438 449 451 458 465 
443 452 
443 454 455 
444 449 456 457 462 463 464 
445 448 451 459 
445 449 451 458 459 465 
445 449 450 459 465 
443 446 
452 460 
444 447 455 454 
447 454 
444 448 457 462 
448 463 
445 449 450 451 459 
445 451 458 
443 453 
444 447 
444 448 456 
448 464 
448 463 
437 445 451 
443 467 468 469 470 471 472 473 474 475 
443 446 466 468 473 474 475 476 
443 466 467 471 
466 470 469 
466 469 
466 468 474 
466 472 
468 471 474 
467 471 475 
467 471 473 474 
467 476 

