114 782
102 109 
102 3 4 
102 110 4 
102 2 3 5 
104 106 110 4 
102 104 106 110 111 
102 111 6 8 
102 104 106 7 
103 104 
105 113 11 12 
112 10 12 13 
103 112 113 10 11 13 14 
103 112 11 12 
103 108 112 113 12 13 15 
103 113 114 14 16 
108 114 
18 19 20 21 22 23 27 28 29 30 31 32 36 39 40 41 42 59 60 17 
17 19 20 21 22 28 29 30 34 35 36 37 38 39 40 18 
17 18 20 21 22 26 27 28 29 30 32 33 34 37 38 
17 18 19 21 27 28 29 30 33 34 36 37 38 
18 19 20 22 27 28 29 30 32 33 34 35 36 37 38 39 
17 18 19 21 41 
17 24 25 26 
25 26 
23 24 26 
19 23 24 25 27 
17 19 20 21 26 28 32 33 
17 18 19 20 21 27 29 32 33 34 35 
17 18 20 21 28 30 35 36 
17 18 19 20 21 36 37 38 40 
17 31 42 
17 19 20 21 27 28 33 
19 20 21 27 28 
18 19 20 21 28 29 35 
19 20 21 28 29 30 34 36 
17 18 19 20 21 29 30 35 37 38 39 40 
18 19 21 30 36 38 39 40 
18 19 20 21 30 36 39 40 
17 18 21 36 37 38 40 
17 18 21 30 37 39 41 
17 40 
17 31 
44 43 49 
43 
46 47 50 51 52 45 54 55 56 
45 47 61 62 73 
45 46 62 
45 49 50 51 
43 44 48 53 57 58 
45 48 54 55 
45 50 55 56 
50 51 54 55 56 
49 53 
45 50 52 
45 50 51 52 56 
51 55 
49 53 58 
49 57 
17 43 45 46 47 48 49 50 51 52 54 55 60 61 62 63 64 65 66 67 68 69 70 71 72 73 74 75 102 103 59 
45 46 47 48 59 61 62 64 65 66 67 68 69 70 71 72 73 
46 59 60 62 63 64 65 66 68 69 70 71 
46 47 59 60 61 64 65 67 70 71 72 73 
59 60 61 62 64 65 66 68 69 70 71 
59 60 61 62 63 65 68 69 70 
59 60 61 62 64 70 
59 60 61 63 
59 60 62 72 
59 60 61 63 69 
59 60 63 64 68 
59 60 62 63 64 65 
60 61 62 
62 67 
60 62 
75 76 77 78 79 80 81 82 85 86 87 88 89 90 101 103 
74 76 77 78 79 80 81 82 83 84 85 86 87 88 89 95 96 97 98 100 
74 75 79 80 83 85 87 91 92 94 95 
74 75 76 78 79 80 84 85 87 88 95 96 97 98 
77 80 81 82 89 78 101 
74 75 76 80 83 84 85 87 93 94 95 96 
74 75 76 78 81 85 86 88 97 98 99 100 
74 75 77 80 86 88 98 99 100 
74 75 78 89 90 101 
75 77 79 84 91 92 93 94 
76 77 79 83 92 93 
74 75 76 77 80 81 86 87 97 
74 75 77 81 85 88 97 98 99 
75 76 77 80 85 95 96 
74 75 80 81 86 98 99 100 
74 75 78 82 90 
78 82 89 
76 92 
83 84 91 93 
76 83 92 94 
76 79 84 
75 76 77 79 87 
75 77 95 
75 77 80 85 86 
75 80 81 88 
75 80 81 86 88 100 
75 80 81 88 
74 78 
59 74 103 104 105 106 107 108 109 110 111 1 2 4 5 6 7 8 9 102 
74 75 102 104 105 106 108 110 111 112 113 114 9 10 11 12 13 15 103 
102 103 105 106 107 110 111 5 6 7 8 9 
102 103 104 106 107 112 10 
103 104 105 107 110 111 5 7 9 
102 103 104 105 9 
102 103 112 113 114 108 14 15 16 
102 1 
102 103 106 111 2 3 4 6 
102 103 104 106 6 7 8 
103 108 113 10 12 13 14 
103 108 12 13 14 15 
103 108 

