347 1879
2 3 4 5 6 7 11 12 13 14 27 1 
1 4 5 6 7 
1 3 
1 2 5 8 9 4 
1 2 4 8 9 
1 2 
1 2 
4 5 
4 5 
11 23 10 
10 12 13 14 15 16 17 18 19 20 21 22 
11 13 17 18 20 21 22 
11 12 14 17 19 
11 13 14 
11 16 
11 15 
11 12 13 19 
11 12 20 
11 13 17 
11 12 18 
11 12 
11 12 
1 2 3 10 11 12 13 14 24 27 28 31 40 41 62 139 331 23 
23 25 26 24 
24 26 
24 25 
1 11 28 29 30 40 41 62 27 
23 27 28 
27 30 
27 29 
1 23 27 32 33 34 35 36 37 38 39 40 41 42 44 45 48 50 51 62 66 126 139 156 157 31 
31 33 
31 32 34 36 
31 33 
31 37 
31 33 
31 35 
31 39 
31 38 
27 32 41 42 43 44 45 46 47 48 49 50 51 52 53 54 55 56 57 58 59 60 61 62 64 66 
27 32 33 31 40 42 44 45 47 48 49 50 51 52 53 54 55 59 60 61 62 66 41 
40 41 45 48 49 50 52 53 54 58 
40 43 64 
40 41 47 44 
40 41 42 48 49 53 
40 46 
40 41 44 
40 41 42 45 49 52 57 
40 41 42 45 48 57 
40 41 42 51 55 60 
40 41 50 
40 41 42 48 56 
40 41 42 45 
40 41 42 
40 41 50 
40 52 
40 48 49 
40 42 
40 41 
40 41 50 
40 41 
27 40 41 42 43 44 45 46 47 48 63 64 65 66 126 157 62 
62 63 
62 65 
62 64 
40 41 62 67 68 69 70 71 72 78 81 126 66 
66 71 
66 72 73 75 68 
66 70 
66 69 76 77 
66 67 78 71 
66 68 73 74 
68 72 75 79 
72 74 
68 73 79 
70 77 
70 76 
66 71 
73 75 
81 82 85 88 80 90 91 94 96 103 104 
80 82 83 84 86 87 89 94 81 
80 81 83 84 86 87 89 
81 82 84 86 87 89 
81 82 83 84 
80 88 90 91 
81 82 83 86 
81 82 83 
80 85 
81 82 83 
80 85 
80 85 
1 23 27 31 40 41 42 62 66 67 68 80 81 82 83 84 85 86 87 88 89 93 94 95 96 97 98 99 100 101 102 103 104 105 106 107 108 109 110 111 112 113 114 115 116 117 118 119 120 121 122 123 124 125 126 127 128 129 130 131 132 133 134 135 139 140 141 155 156 157 158 159 160 186 198 199 209 210 211 217 225 226 227 243 244 268 269 295 331 92 
1 23 27 31 40 41 62 66 67 80 81 82 83 84 85 86 87 88 92 94 95 96 97 98 99 100 101 102 103 104 105 106 107 108 109 110 111 112 113 114 115 116 117 118 119 120 121 122 123 124 125 126 127 128 129 130 131 132 134 139 155 156 157 158 159 186 198 209 217 225 226 269 295 331 
92 93 95 96 99 100 101 122 123 
92 93 94 118 119 
92 93 94 102 125 
92 93 
92 93 113 
92 93 94 
92 93 94 120 
92 93 94 
92 93 96 
92 93 
92 93 
92 93 
92 93 
92 93 
92 93 
92 93 
92 93 
92 93 
92 93 
92 93 98 
92 93 
92 93 
92 93 
92 93 
92 93 95 
92 93 95 
92 93 100 
92 93 
92 93 94 
92 93 94 
92 93 
92 93 96 
62 66 80 81 94 127 128 129 130 131 132 133 135 136 137 138 156 157 126 
126 128 130 127 134 
126 127 134 
126 132 135 137 
126 127 
126 133 
126 129 135 136 137 
126 131 
127 128 
126 129 132 136 
126 132 135 
126 129 132 
126 138 
23 31 40 41 62 66 80 81 126 127 140 141 142 143 144 145 146 147 150 151 152 153 154 156 157 158 159 160 161 165 186 198 209 226 139 
139 148 149 140 159 
139 146 152 153 
139 147 
139 144 150 
139 143 150 
139 145 
139 141 153 154 
139 142 
140 149 
140 148 
139 143 144 
139 151 
139 141 
139 141 146 154 
139 146 153 
23 27 31 40 41 62 66 80 81 93 94 126 127 128 139 140 141 142 156 157 158 159 160 161 162 163 164 165 166 167 168 169 170 171 172 173 174 175 176 177 178 179 180 181 182 184 186 187 188 189 191 198 199 200 209 210 211 217 225 226 227 244 269 295 155 
126 140 141 155 157 158 159 160 161 162 163 164 165 171 172 173 176 177 178 179 180 181 186 198 
62 126 140 141 139 148 149 155 156 158 159 160 161 162 163 164 165 171 173 182 183 186 198 209 
155 156 157 159 160 161 162 166 167 168 169 170 174 
140 155 156 157 158 165 173 
155 156 157 158 161 162 175 
155 156 157 158 160 163 176 
155 156 157 158 160 175 
155 156 157 161 
155 156 157 
155 156 157 159 
155 158 
155 158 168 
155 158 167 
155 158 
155 158 174 
155 156 157 172 
155 156 171 178 
155 156 157 159 183 
155 158 170 
155 160 162 
155 156 161 
155 156 
155 156 172 
155 156 
155 156 
155 156 
155 157 
157 173 
185 191 
184 185 
156 157 184 187 188 189 190 191 192 193 194 195 198 199 200 203 209 217 186 
186 192 199 200 187 
186 189 195 
186 188 190 194 196 197 
186 189 194 197 
186 193 191 
186 187 
186 191 193 
186 189 190 
186 188 
189 196 
189 190 
156 157 186 187 199 200 201 202 204 209 210 211 217 226 198 
187 198 200 203 205 207 199 
187 198 199 203 207 200 
198 202 201 
198 201 
199 200 
198 204 
199 206 208 
205 208 
199 200 
205 206 
157 186 198 199 210 211 212 213 214 215 216 217 218 219 225 226 227 209 
209 211 212 213 214 215 216 217 
209 210 211 
209 210 
209 210 214 
209 210 213 
209 210 215 
209 210 
210 211 218 219 220 221 222 223 224 217 
217 218 
217 223 
217 222 
217 224 
217 220 
217 219 
217 221 
209 217 226 227 228 229 230 233 234 238 239 244 
198 209 217 225 227 228 229 230 231 234 235 236 244 226 
225 226 228 231 232 236 237 240 241 242 227 
225 226 227 229 233 238 239 
225 226 228 238 
225 226 235 
226 227 
227 232 
225 228 
225 226 
226 230 
226 227 236 
227 240 237 
225 228 229 
225 228 
227 237 
227 242 
227 241 
1 23 27 31 40 41 62 66 80 81 92 93 94 126 127 139 140 155 156 157 158 159 184 186 187 188 189 191 198 199 200 209 210 211 217 218 219 225 226 227 228 229 230 231 232 233 234 235 236 238 244 245 246 247 248 249 250 251 252 253 254 255 256 257 258 259 260 261 262 263 264 265 266 267 268 269 295 296 331 243 
225 226 243 245 246 247 248 249 253 254 255 258 259 260 261 
243 244 246 248 262 
243 244 245 262 263 
243 244 253 254 258 
243 244 245 
243 244 256 264 
243 251 257 
243 250 
243 266 267 
243 244 247 
243 244 247 
243 244 260 
243 249 265 
243 250 
243 244 247 
243 244 
243 244 255 
243 244 
243 245 246 
243 246 
243 249 
243 256 
243 252 
243 252 
1 23 27 31 40 41 62 66 92 93 126 139 155 156 157 186 198 209 210 217 225 226 227 243 244 269 270 271 272 273 274 275 276 277 278 279 280 281 282 283 284 285 286 287 288 289 290 291 292 293 294 295 296 331 268 
1 23 27 31 40 41 62 66 93 126 139 155 156 157 186 198 209 217 225 226 227 244 268 270 271 272 273 274 275 276 277 278 279 280 281 282 283 286 287 288 289 290 291 292 293 294 295 331 
268 269 271 277 287 288 
268 269 270 274 277 
268 269 280 292 
268 269 285 
268 269 271 
268 269 284 
268 269 
268 269 270 271 
268 269 
268 269 
268 269 272 292 
268 269 
268 269 
268 269 
268 275 
268 273 
268 269 
268 269 270 
268 269 270 
268 269 
268 269 
268 269 
268 269 272 280 
268 269 
268 269 
1 23 27 31 40 41 62 66 93 126 139 155 156 157 186 226 269 296 297 298 299 300 301 302 303 304 305 306 307 308 309 310 311 312 313 314 315 316 317 318 319 320 323 324 326 331 332 333 334 335 338 339 295 
295 297 299 300 301 302 303 305 306 307 310 311 312 315 317 
295 296 298 304 317 
295 297 
295 296 300 301 312 
295 296 299 302 303 308 
295 296 299 
295 296 300 303 308 313 
295 296 300 302 
295 297 
295 296 309 
295 296 311 
295 296 
295 300 302 313 
295 305 
295 296 
295 296 306 
295 296 299 
295 302 308 
315 321 322 325 327 314 
314 316 317 318 319 323 315 
315 317 318 319 320 323 328 
297 298 315 316 318 319 320 324 326 329 330 
315 316 317 319 320 328 
315 316 317 318 319 
316 317 318 329 
314 322 
314 321 
315 316 
317 326 330 
314 327 
317 324 330 
314 325 
316 318 
317 320 
317 324 326 
296 314 315 316 317 332 333 334 335 336 337 338 339 341 342 343 344 345 346 347 331 
331 333 334 
331 332 334 343 
331 332 333 343 
331 342 335 
331 340 
331 340 
331 341 347 
331 339 
336 337 
331 338 
331 335 342 
331 333 334 
331 345 346 
331 344 346 
331 344 345 
331 338 

