72 276
69 2 
69 1 3 
69 2 
69 5 7 
69 4 
69 70 
69 4 
59 71 72 68 9 8 
8 10 11 12 13 14 16 17 
9 12 14 15 10 
9 17 
9 10 16 
9 13 
9 10 15 14 
10 14 
9 12 
11 17 
19 20 21 22 23 24 25 26 27 28 29 35 18 
18 21 22 24 19 
18 25 
18 19 22 24 
18 19 21 
18 26 27 
18 19 21 
18 20 
18 23 
18 23 
18 29 30 31 32 33 34 35 28 
28 29 
28 33 30 
28 31 
28 34 
28 30 
28 32 
18 28 36 37 38 39 40 41 42 43 44 69 35 
35 40 42 43 44 
35 37 
35 38 
35 41 
35 36 40 
35 39 
35 36 
35 36 44 
35 36 43 
18 28 35 46 47 48 49 50 51 52 53 54 58 59 60 61 62 65 68 69 8 9 45 
45 47 49 53 54 46 
45 46 49 47 
45 52 
45 46 47 51 55 49 
45 58 
45 49 56 57 
45 48 
45 46 53 
45 46 
49 55 
51 57 
51 56 
45 50 
46 48 60 61 62 63 64 65 66 67 8 59 
59 61 62 63 64 66 67 
59 60 
59 60 63 
59 60 62 
59 60 
59 65 
59 60 
59 60 
59 69 71 72 8 9 68 
35 46 59 60 68 70 1 2 3 4 5 6 7 8 9 69 
69 6 
68 72 
68 71 

