71 388
2 4 5 6 13 14 27 36 37 38 
1 4 5 6 7 9 10 11 15 16 17 18 19 20 21 26 
25 1 2 4 5 6 7 10 11 12 17 19 20 21 22 23 26 
1 2 3 5 7 10 11 12 21 22 23 24 25 
1 3 4 6 15 
2 3 5 9 
2 3 4 11 12 22 23 24 
1 13 14 
1 2 
3 21 
3 4 7 10 
4 7 25 
1 8 14 
1 8 13 
2 5 16 
2 5 15 
2 3 18 
2 17 19 20 
3 18 20 
3 18 19 
3 4 
4 7 23 
3 4 7 22 24 
3 7 23 
4 12 
1 2 3 4 5 6 8 9 13 14 27 28 30 34 35 36 37 38 26 48 49 50 51 52 53 54 55 56 
26 28 29 30 31 32 33 34 41 42 43 44 45 46 47 
26 27 29 31 32 33 39 40 41 42 
27 28 32 41 42 43 
26 27 29 33 43 44 45 46 
27 28 29 39 40 
27 28 29 33 41 42 
27 28 29 30 32 42 43 
26 27 30 45 46 47 
26 48 
26 37 38 53 54 36 
36 53 54 55 
26 36 
28 31 40 39 
28 31 
29 32 33 42 
27 29 32 33 41 43 
27 29 30 32 33 42 
27 30 34 47 
30 34 44 46 47 
27 30 45 
30 45 46 
35 26 
26 50 51 
26 49 52 
26 49 50 52 
26 36 49 51 53 54 55 
26 36 52 54 55 
26 36 37 52 53 55 
36 37 53 54 
26 57 58 59 60 61 62 63 64 65 66 67 69 70 
56 58 59 60 61 62 67 68 57 
56 60 
56 57 62 63 69 70 71 
56 58 66 
57 66 
56 57 63 64 65 69 71 
59 62 65 69 71 
56 59 62 63 65 69 70 71 
56 59 62 63 64 
56 60 61 
56 68 
57 67 
56 59 63 64 70 
56 59 62 63 64 69 71 
62 64 65 70 

