72 428
2 3 13 22 
1 3 2 13 22 
1 2 4 5 7 11 
3 5 6 7 11 
3 4 6 7 8 9 10 12 15 
3 4 5 7 8 9 11 12 14 
3 5 6 8 11 14 
3 5 6 7 9 10 12 14 15 16 
5 6 8 10 12 15 
5 8 9 15 16 10 
3 4 5 6 7 
5 6 7 8 9 14 15 
1 2 
5 12 
5 9 16 
5 10 15 
18 19 20 21 22 23 24 26 27 28 29 30 32 33 34 35 43 44 45 46 47 48 62 65 
17 23 28 29 30 31 32 33 43 44 45 46 47 
17 18 20 22 23 24 35 36 37 49 50 51 52 53 54 55 
17 19 21 22 24 36 37 38 49 51 52 53 54 56 
17 19 20 22 24 36 37 38 52 54 55 56 
2 17 19 20 21 37 38 39 55 57 58 59 60 61 
17 18 19 20 24 29 32 33 34 35 46 47 48 
17 19 20 23 36 49 50 51 52 
26 41 42 70 
17 27 28 42 
17 28 
17 18 27 43 
18 23 31 32 33 45 46 
17 32 
17 18 29 30 32 46 
17 18 23 29 30 31 33 45 46 
17 18 23 29 32 34 46 47 48 
17 19 23 33 35 48 
17 20 23 34 49 50 
19 20 24 51 52 53 54 
19 20 21 22 55 56 
20 21 22 37 39 55 57 58 59 60 
38 57 58 59 60 61 
25 41 
25 40 42 
25 26 40 41 
17 28 44 
17 18 43 
17 18 29 31 32 
17 23 29 30 31 32 33 45 
18 23 33 34 48 
17 23 33 34 47 
20 24 35 50 51 
24 51 
19 20 50 52 
19 21 24 36 51 53 54 
19 20 21 36 52 54 
19 20 21 36 52 53 
19 37 38 56 
20 37 
39 58 60 
22 38 39 59 60 
38 57 58 60 
22 38 57 58 59 61 
22 39 59 
64 65 66 67 68 69 62 
62 64 71 72 63 
62 63 67 68 
25 40 62 66 70 
65 70 
62 64 68 69 
62 64 67 69 
62 68 
25 40 65 66 
63 71 72 
63 71 

