56 283
9 2 3 4 15 17 16 
9 1 3 5 15 17 16 
4 15 16 
1 2 3 5 15 17 
1 2 3 4 15 17 16 
14 18 19 20 21 28 29 47 48 49 50 51 52 53 54 
9 22 23 24 30 31 
12 13 14 27 39 40 41 42 43 44 45 46 
7 22 23 9 30 31 1 2 
11 25 26 33 34 35 
10 34 
8 13 27 38 39 40 41 42 43 
8 12 27 39 40 41 42 43 
6 8 44 45 46 
2 3 4 5 17 16 
1 2 3 4 15 17 
1 2 4 5 16 
14 19 20 28 47 
6 18 20 21 47 48 49 
6 18 19 47 48 
6 19 29 48 49 50 51 52 53 54 
7 9 23 24 31 22 30 
7 24 30 
7 22 23 32 
10 32 
11 35 
8 13 37 40 41 42 
6 18 
21 48 50 51 52 53 
23 9 31 
22 30 
24 33 25 32 
10 25 32 
11 35 
10 11 26 34 36 
11 35 37 
12 27 36 38 39 
12 27 36 37 39 
12 13 
8 12 39 41 42 
12 13 42 
8 12 27 40 41 
13 44 45 
8 14 45 46 
8 14 43 44 46 
8 14 44 45 
19 20 
20 21 29 49 51 52 53 
6 19 21 29 48 50 51 52 
21 53 
6 21 52 53 
6 21 49 51 
21 29 48 49 50 51 52 
6 21 55 56 
54 56 
54 55 56 

