79 470
2 4 5 17 18 19 20 39 41 
1 3 5 9 10 41 42 43 44 45 
1 2 5 6 10 11 12 13 14 23 24 47 48 49 50 51 
1 15 16 17 18 19 20 36 37 38 39 40 77 78 79 
1 2 3 9 10 11 12 13 14 21 22 43 44 46 47 48 
3 7 24 52 54 55 56 
6 8 25 26 27 56 57 58 
7 26 27 28 29 31 32 59 61 62 63 64 
1 2 5 21 9 42 45 
2 3 5 11 21 45 46 47 
3 5 10 12 13 46 11 47 48 
3 5 11 13 14 22 48 49 
3 5 12 14 22 47 48 
3 5 12 13 49 
16 37 38 
4 17 18 38 
1 4 15 16 18 19 38 40 
1 4 20 38 39 
1 4 18 20 38 39 
1 18 19 
2 5 9 10 42 43 44 45 46 
3 5 12 13 14 23 48 49 
3 22 24 
3 6 23 50 51 52 
6 7 56 
7 8 27 28 56 57 58 59 60 
7 8 26 28 29 30 31 59 60 61 62 
8 26 27 29 30 31 59 60 61 62 
8 27 28 30 31 59 60 61 62 
8 28 29 31 59 61 62 
27 29 30 62 
8 33 34 64 65 66 
32 34 64 65 66 
32 33 66 68 
34 65 66 67 68 69 
4 77 78 79 
4 36 77 79 
4 15 16 17 18 19 
1 4 17 18 19 20 38 
4 17 18 20 39 
1 41 
21 9 43 44 
5 9 21 42 44 45 
2 21 42 43 
2 10 21 43 46 
10 11 21 
3 5 10 12 13 48 
3 5 11 12 14 22 47 49 
3 12 13 14 22 48 
3 23 24 51 52 
3 24 50 52 
6 24 50 53 
6 52 54 55 
6 53 
6 25 53 
6 7 25 26 57 58 
26 58 
7 26 56 
8 26 27 30 60 61 
8 26 27 28 29 59 61 
8 27 28 30 31 59 62 
8 27 29 31 61 63 
29 62 
8 32 33 
33 34 35 66 67 
33 34 65 68 
35 65 66 68 69 
34 35 66 69 
35 67 68 
71 72 
70 73 74 
70 73 75 76 
71 72 74 75 76 77 78 79 
71 72 73 75 76 77 
72 73 74 77 78 
72 73 74 75 77 79 
36 37 73 74 75 76 79 
73 75 76 77 79 
36 73 76 

