104 602
2 3 5 6 7 8 9 10 11 12 13 16 17 18 23 24 25 26 27 28 29 30 31 32 44 45 49 53 59 1 
1 4 5 8 9 16 23 24 25 26 27 28 
1 21 22 36 37 38 40 41 42 
1 2 5 8 9 23 24 25 26 27 28 29 
1 2 4 9 10 16 17 28 29 30 
3 15 20 21 37 38 40 41 
1 7 
2 16 23 24 25 
1 2 5 10 17 29 30 31 
1 5 9 18 29 30 31 32 
1 12 11 19 33 
1 11 13 19 33 34 
1 12 19 20 34 
13 34 35 
3 6 20 21 22 36 37 38 39 
1 2 4 5 23 24 25 27 
1 5 9 10 31 32 
1 10 17 31 32 
11 33 34 
3 6 13 14 15 21 35 36 
3 6 15 36 37 38 
3 37 38 39 
1 2 4 8 16 25 
1 4 8 16 23 25 
1 2 4 8 16 23 24 26 
1 16 
2 4 16 26 28 
2 4 5 16 26 27 
4 5 9 10 30 
1 5 9 10 29 
1 5 9 10 17 18 
1 10 17 18 31 
11 12 19 34 
12 13 14 19 
13 14 20 
15 20 
3 15 21 22 36 39 
6 15 21 22 39 
3 22 37 38 
3 6 
3 6 40 42 43 
3 41 43 
3 42 
45 46 47 48 49 50 51 52 53 55 56 57 58 68 69 70 71 81 82 83 84 85 86 72 87 88 
44 47 48 49 50 51 52 56 57 68 69 70 82 83 84 85 86 
44 54 60 61 62 73 91 46 
44 45 48 50 55 63 64 65 66 67 76 77 78 79 
44 50 51 56 68 80 81 82 
44 45 53 58 71 72 87 88 90 49 
45 47 48 55 56 78 79 80 81 82 
44 45 48 52 56 57 68 83 
45 51 57 58 69 83 84 85 86 
7 44 49 59 90 53 
46 61 62 63 54 74 
44 47 50 76 77 
44 45 48 50 51 57 68 82 
44 45 51 52 56 68 83 
45 49 52 69 70 85 86 
7 53 59 
46 73 
46 54 
46 54 61 74 75 
47 54 64 65 66 75 
47 63 65 66 75 
64 66 75 
63 65 
47 76 
45 48 56 57 
44 45 52 58 85 86 
44 58 69 85 86 
44 49 72 87 88 89 
44 49 71 87 88 89 
46 60 
54 61 75 
54 62 63 64 65 74 
67 78 
47 55 76 78 
47 50 76 77 
47 78 80 
48 50 79 
48 50 
44 45 48 50 56 81 
52 57 84 
44 45 51 52 57 83 
44 45 52 69 70 86 
44 45 52 58 70 85 
44 49 71 72 88 89 
44 49 71 72 89 
49 71 72 87 88 
49 53 
46 92 93 96 97 98 99 100 101 
93 94 95 92 98 
91 92 94 
91 92 93 95 98 
91 94 
91 97 99 100 101 102 103 
91 96 100 101 102 103 
91 92 93 
91 101 
97 99 
96 97 99 100 
96 104 
96 97 102 104 
102 103 

