71 503
2 3 19 20 21 47 48 49 50 
1 3 8 9 21 22 23 49 50 51 52 
1 2 8 9 21 22 23 3 51 52 
9 10 11 53 54 55 56 57 58 
62 64 66 69 5 15 26 27 28 30 
62 63 64 69 16 17 33 
63 65 67 68 71 39 40 41 42 43 44 45 46 
3 4 10 22 23 51 52 53 
2 3 4 8 10 11 23 51 52 53 54 55 
4 8 9 11 53 54 55 56 57 58 
4 9 54 55 56 57 
66 13 24 59 
66 12 14 5 24 25 59 
12 5 25 
66 69 5 26 27 28 29 30 
62 63 64 69 70 6 31 
62 70 6 32 33 34 
63 67 68 71 35 36 37 38 39 
1 20 19 
65 1 19 47 48 
1 2 49 50 3 
2 3 9 23 
2 3 8 9 22 51 52 
13 14 
13 5 24 
62 66 5 28 29 30 
66 5 26 28 29 30 
62 66 69 15 26 27 29 30 
62 69 5 15 26 28 30 
62 66 69 5 15 26 27 28 29 
62 16 
64 70 17 
62 64 70 6 17 32 
62 64 70 17 
63 68 18 36 37 38 
63 67 35 37 
68 18 36 38 
67 71 18 35 37 39 
65 67 68 71 7 18 38 40 
65 67 68 71 7 41 42 43 
65 71 7 40 42 
65 71 7 41 44 45 
65 71 7 41 42 44 45 
65 71 40 41 42 43 45 
65 71 7 42 43 44 46 
65 45 
19 20 48 
1 19 
1 2 21 
1 2 49 
2 3 9 22 23 52 
2 9 23 51 53 
4 8 9 10 52 54 
4 9 11 53 55 56 
4 9 10 57 
4 10 11 54 55 57 
4 10 11 55 56 
4 10 
13 61 59 
60 61 59 
59 60 
63 64 65 66 67 68 70 5 6 15 16 26 28 29 30 32 34 
62 64 65 67 68 69 70 71 6 7 16 17 18 33 34 35 36 37 38 
62 63 66 67 68 69 70 5 6 16 31 32 33 
62 63 67 68 1 7 19 20 39 40 41 42 43 44 45 46 47 
62 69 5 12 13 14 15 24 25 27 28 29 30 59 
62 63 64 65 68 70 71 18 35 36 37 38 39 40 
62 63 64 65 67 71 7 18 35 37 38 39 40 
62 63 64 66 70 5 6 15 16 28 29 30 31 
62 63 64 67 69 6 16 17 32 33 
63 65 67 68 7 18 38 39 40 41 42 43 44 45 46 

