37 305
37 2 3 5 6 
37 1 3 4 5 
37 1 2 4 
37 1 2 3 
37 1 4 6 
37 1 5 
8 9 10 11 12 14 15 16 17 19 21 22 23 26 27 28 29 30 37 
9 10 11 13 14 15 22 23 28 29 30 
7 8 11 12 13 14 15 16 17 18 22 24 25 28 29 30 31 32 
7 8 9 11 12 14 15 16 17 18 22 23 24 25 30 31 32 
7 8 9 10 12 14 15 16 17 18 22 23 24 30 31 32 
7 10 11 17 18 24 25 32 33 34 35 36 
7 8 9 14 16 19 21 
7 8 9 10 11 13 15 16 22 23 28 29 30 
7 8 9 10 14 16 17 22 23 24 28 29 
7 8 9 10 11 13 14 15 22 23 28 30 
7 9 10 11 12 15 18 24 25 31 32 
10 11 17 24 25 32 33 
13 20 26 27 
13 19 27 
7 8 13 
7 8 10 11 14 15 16 23 29 30 
7 8 9 10 11 14 15 16 22 28 29 30 
9 10 11 12 15 17 18 31 32 
9 10 11 12 17 18 32 33 34 35 36 
7 19 
7 19 20 
7 8 9 14 15 16 22 23 29 
7 8 9 14 15 16 22 28 
7 8 10 14 15 16 22 23 
10 11 15 17 
9 10 11 12 17 18 24 25 
12 18 34 35 36 
12 25 33 35 36 
12 25 33 34 
12 25 33 35 
8 10 13 19 20 26 27 2 3 4 5 6 37 

