81 591
2 3 4 5 6 7 8 9 10 12 13 14 15 16 17 23 24 25 26 28 29 40 41 42 43 44 45 46 47 48 49 50 51 52 53 54 55 67 69 
1 3 5 7 8 12 13 22 2 39 67 68 69 71 74 76 79 80 81 
1 2 4 5 6 8 13 14 15 23 24 25 40 41 42 43 44 45 46 47 48 49 50 67 
3 6 9 10 11 15 16 17 27 28 29 30 31 53 54 55 56 57 
1 2 3 7 12 13 22 39 40 67 
1 4 8 13 14 15 23 24 25 26 42 43 44 45 46 47 48 49 
1 2 5 12 22 39 69 
1 2 3 5 6 13 14 23 24 40 41 42 43 44 45 
1 4 16 17 27 28 29 30 54 55 56 57 
1 18 31 32 34 58 59 
4 10 18 32 33 34 58 59 60 61 
1 5 7 22 2 
3 5 6 8 14 23 40 41 42 43 
1 6 8 13 23 41 42 43 44 45 
1 3 4 6 26 46 47 48 49 50 51 52 53 
4 9 27 29 54 55 56 
1 4 10 29 30 31 57 
10 11 33 60 61 
20 35 36 37 62 63 64 
19 21 37 38 65 66 
20 37 38 65 66 21 
2 5 7 12 
1 3 6 8 13 14 24 25 43 44 45 
1 8 14 42 44 45 
1 3 6 23 24 45 
1 3 6 15 46 47 50 51 
1 9 28 54 55 
1 4 16 27 29 54 55 56 
1 4 9 16 17 28 30 55 
4 9 17 29 
4 10 17 57 
10 11 18 33 58 59 
10 11 18 
10 18 35 60 
18 19 34 36 60 61 62 63 
19 35 61 62 
19 20 21 38 64 65 66 
20 21 37 
2 5 7 
1 3 5 13 
1 8 13 14 43 
1 6 8 13 14 24 41 44 45 
1 3 6 8 13 14 23 41 42 44 
1 3 6 8 14 23 24 42 43 45 
1 6 8 14 23 24 25 43 44 
1 3 6 15 26 47 48 49 
1 3 6 15 26 46 49 
1 3 6 15 26 46 47 50 
1 3 6 15 46 47 48 50 
1 3 26 48 49 51 52 
1 15 50 
15 50 51 
1 4 
1 9 16 27 
1 4 9 16 27 28 29 54 56 
4 9 16 55 
4 9 30 31 
10 11 32 59 
11 32 58 
11 18 35 61 
18 34 35 62 
35 36 61 63 
19 35 62 
19 20 37 65 
21 37 64 66 
20 21 37 65 
5 7 12 22 68 69 70 71 74 75 76 77 78 79 80 81 
67 69 70 71 72 73 74 76 77 78 
7 12 22 67 68 74 76 77 78 79 80 81 
67 68 71 72 70 
67 70 72 73 75 
68 70 71 73 
68 71 72 75 
67 68 69 71 79 
67 68 70 71 73 
67 68 69 74 77 79 
67 69 74 
67 69 74 
67 69 76 78 
69 79 
67 80 

