41 217
3 7 8 14 16 21 22 31 
5 9 10 11 17 18 19 20 29 30 
1 4 7 8 14 15 16 23 24 25 26 27 
3 8 9 10 17 26 27 28 
2 10 11 18 19 30 
12 13 
1 14 15 23 25 
1 3 4 7 16 24 25 26 27 
2 10 17 18 28 29 
2 4 5 9 17 18 19 
2 5 20 
6 13 
1 6 12 21 13 22 
1 3 7 15 16 
1 3 7 16 23 
1 3 7 8 14 15 24 25 
4 18 28 29 
2 5 10 17 29 
18 29 30 
2 11 20 
1 12 13 
1 13 21 
3 7 8 14 15 16 24 25 
3 23 25 
3 7 8 16 23 24 26 
3 4 8 25 27 
3 4 8 26 
4 9 
9 10 18 19 
2 5 
1 6 12 13 32 33 37 38 31 41 
31 33 34 35 36 37 38 32 40 
31 32 35 37 38 40 
35 36 39 34 
32 33 34 
32 39 
31 32 33 38 40 41 
32 33 37 31 40 41 
35 36 
31 32 33 37 38 41 
31 37 38 40 41 

