37 211
36 37 6 7 8 9 11 12 
9 10 12 
13 15 25 26 34 35 24 4 
13 15 26 24 3 5 
13 15 4 
36 1 7 8 11 
37 1 6 8 9 12 
36 37 1 6 7 9 12 
1 2 6 7 10 12 
2 12 
1 6 
1 2 10 
37 1 2 6 7 11 14 15 16 17 19 21 27 23 28 25 26 30 31 13 32 33 34 35 22 24 4 5 
13 16 14 18 20 21 30 31 
17 28 25 26 32 33 34 35 22 24 3 4 
13 14 18 19 21 29 30 31 
13 15 27 23 28 32 
14 16 
14 16 18 21 29 30 
16 19 21 29 30 
13 16 19 20 29 30 
13 15 3 
13 28 32 
13 15 25 34 3 4 
26 24 3 4 5 
15 3 5 
13 17 23 
17 23 32 
16 19 20 21 30 
13 16 19 20 21 29 31 
14 16 21 30 
15 17 23 28 33 
13 15 17 28 32 
15 28 33 24 3 
13 34 22 24 3 
37 1 6 7 8 25 
6 7 11 

