61 455
58 2 13 27 28 29 
58 59 60 1 15 16 28 29 30 31 32 33 
56 60 61 17 18 19 34 35 36 37 
56 57 61 3 19 20 21 38 39 42 43 
56 57 4 6 20 21 22 38 39 40 41 42 43 44 45 46 47 
56 5 7 8 9 21 46 47 
56 57 9 10 23 48 49 50 
6 7 9 10 48 49 50 
6 7 8 10 23 48 49 50 51 
7 8 9 23 48 49 50 51 
10 23 24 51 52 53 
11 25 26 52 53 54 55 
1 27 
58 59 2 15 30 31 32 33 
58 59 2 14 16 33 
59 60 61 2 15 33 
60 3 4 18 19 35 37 
56 60 61 3 17 37 
56 17 18 37 38 
56 57 4 5 38 40 41 42 43 
56 57 4 5 6 20 22 41 42 43 44 45 46 
57 42 43 45 46 
7 8 10 11 48 51 
12 25 26 53 54 
24 26 53 55 
24 25 54 55 
1 13 
1 2 29 30 
58 1 2 28 30 
58 2 14 29 32 
58 59 2 14 30 32 
59 2 14 15 30 33 
58 59 60 2 14 15 16 32 
60 61 3 35 36 
60 61 17 34 36 
60 3 34 
3 17 18 19 
56 57 4 5 19 20 40 41 
56 4 5 20 38 40 41 42 43 
56 4 5 20 38 39 41 42 43 
56 57 4 5 20 38 39 40 42 43 
56 57 4 5 20 21 22 39 40 41 43 
56 4 20 21 22 39 40 41 42 44 
21 22 43 45 
56 5 21 22 44 46 
56 57 5 6 21 22 44 45 47 
56 57 5 6 45 46 
7 8 9 10 23 49 50 
7 8 9 10 23 
7 9 10 49 
9 10 11 23 50 
11 12 24 
11 12 24 52 
12 24 25 26 55 
12 25 26 
57 60 61 3 4 5 6 7 17 18 19 20 21 22 37 39 41 42 43 44 45 46 47 
56 4 5 6 7 8 20 21 22 38 39 40 41 42 43 44 45 46 47 
59 60 1 2 13 14 15 28 29 30 31 32 33 
58 60 61 2 14 15 16 30 31 32 33 34 
56 58 3 16 17 18 33 34 35 36 
56 59 60 3 4 16 18 19 34 35 36 37 

