53 337
2 4 5 6 7 8 9 10 14 15 16 17 18 1 27 28 29 30 31 32 33 34 35 36 37 38 39 40 41 42 43 44 
1 4 6 7 9 10 12 13 14 25 26 27 30 31 32 33 34 35 36 
1 8 11 19 45 46 47 48 49 50 51 
1 2 5 10 4 27 28 29 30 31 32 33 34 
1 2 4 6 7 10 14 35 36 37 38 39 40 
1 7 15 36 37 38 39 40 41 
1 2 5 6 15 37 38 39 40 41 
1 3 11 19 53 
12 13 20 21 22 23 24 25 26 
1 2 4 5 14 28 29 30 31 32 34 35 
3 8 51 52 53 
2 9 13 22 23 24 
2 9 22 23 25 
1 2 6 10 35 36 37 
1 7 41 
17 18 42 43 
1 18 44 
16 17 43 44 
3 8 51 52 53 
9 21 
9 20 
9 12 13 23 24 25 
9 12 13 22 24 25 
9 12 13 23 
2 9 12 13 22 23 24 
2 4 9 25 
1 2 28 29 30 
1 2 4 10 27 29 30 
1 2 10 27 28 30 31 
1 2 10 27 28 29 31 32 
1 2 4 10 28 29 30 32 34 
2 4 10 30 31 33 
2 4 10 31 32 34 
4 10 31 32 33 
1 2 5 10 14 
1 2 5 6 14 37 
1 5 7 14 39 40 
5 7 37 40 
1 5 38 40 
1 5 7 37 38 39 
1 6 15 
1 16 
1 16 17 18 
1 17 43 
3 46 
45 47 48 49 
3 46 48 49 50 
46 47 49 50 
47 48 50 
3 47 48 49 
3 11 19 52 53 
8 11 19 51 53 
8 11 52 

