75 545
2 3 5 6 8 9 10 11 14 15 16 24 25 26 28 29 30 31 32 33 34 56 57 58 60 62 69 70 74 75 
1 3 4 6 7 10 11 12 13 15 17 18 20 37 38 39 40 41 42 43 44 45 56 
1 2 6 12 13 3 17 18 19 37 38 40 41 42 43 44 
2 22 23 54 55 
1 8 9 27 28 29 30 31 32 
2 3 10 11 12 13 16 17 18 36 
2 20 21 50 51 52 53 
1 5 9 14 24 26 27 28 
1 5 8 28 30 31 32 
2 6 11 15 16 33 34 35 36 
1 2 6 10 15 16 33 34 35 36 
2 3 13 17 18 19 37 38 39 40 41 
2 3 6 12 17 18 19 37 38 39 40 41 
1 24 25 26 27 74 75 
1 2 10 11 16 33 34 35 36 
1 6 10 11 15 33 34 35 36 
2 3 6 12 13 19 37 
2 3 6 12 13 17 19 37 38 
2 12 17 18 37 38 39 40 41 
2 7 45 46 47 48 50 51 
7 51 52 53 
23 54 55 
22 55 
1 8 14 26 27 75 
1 8 24 26 27 
1 8 14 24 25 27 
1 5 8 24 25 26 28 
5 8 27 29 30 
1 5 8 9 28 30 
1 5 8 9 28 29 31 
1 5 9 30 
1 5 9 31 
1 10 11 15 16 34 
1 15 33 35 36 
10 11 15 34 
6 10 11 16 35 
2 3 12 13 17 18 19 38 39 40 41 
2 3 12 13 19 37 39 40 41 
2 3 12 19 37 38 41 
2 13 19 37 39 41 
2 12 13 19 37 38 39 
3 43 
2 3 42 44 
2 3 42 43 
2 20 46 47 48 49 
20 48 49 
45 46 48 49 50 
45 46 49 50 
20 47 50 
7 20 47 48 49 51 
7 20 21 50 52 
7 51 
7 21 
4 22 
4 22 
57 58 59 60 61 62 63 64 65 66 67 68 69 70 71 72 73 56 74 
56 58 59 60 61 63 64 65 66 67 68 69 71 72 73 
5 8 14 24 25 26 27 56 57 60 69 74 75 
57 61 62 64 65 66 67 68 71 
56 57 58 62 63 69 70 72 73 
57 63 64 66 67 68 71 
56 57 59 60 61 63 65 66 67 72 
56 57 59 60 62 68 72 73 
56 57 59 61 65 66 
57 59 64 66 67 71 
56 57 62 64 65 67 68 71 
56 57 59 61 62 63 65 66 68 71 
56 57 59 61 62 66 67 72 
56 57 58 70 72 73 
56 58 60 69 74 
57 59 61 64 65 66 67 
56 57 63 68 73 
56 57 60 63 69 
56 58 70 
56 74 

