30 182
28 2 5 6 7 8 12 13 14 
19 28 1 5 7 8 9 12 13 14 15 16 
27 29 4 10 
27 30 3 
28 1 2 6 7 12 
2 5 7 8 13 14 15 16 
1 2 5 6 8 9 12 13 14 15 17 
1 2 6 9 12 13 14 16 17 
2 6 14 15 16 
27 29 30 3 
27 4 
1 2 5 6 7 8 13 14 15 
1 2 5 6 7 8 12 14 15 16 
1 7 8 9 12 13 15 
2 6 7 8 12 13 14 16 
2 6 7 8 9 13 14 15 17 
20 2 7 8 9 16 
21 22 23 24 25 26 
20 21 8 9 17 
19 20 9 17 
18 19 20 
23 24 25 26 
18 22 24 25 26 
18 22 23 25 
18 22 23 
18 22 23 
28 29 30 3 4 10 11 
27 30 1 2 4 5 6 11 12 
30 3 10 
27 29 3 10 

