36 203
33 34 35 36 2 3 4 5 6 7 8 9 13 14 15 17 18 23 24 25 26 27 28 29 30 31 32 
1 3 4 10 11 20 
1 2 4 10 11 12 20 21 22 3 23 
1 2 3 10 12 13 22 23 
1 15 25 26 
1 7 8 16 17 18 29 30 
1 6 8 9 16 17 18 19 29 30 
1 6 7 9 16 17 18 29 30 
33 1 7 8 18 19 31 32 
2 3 4 11 21 
2 3 10 20 21 
3 22 
2 3 4 
1 5 24 25 
1 26 27 
7 17 29 
1 7 8 16 18 29 30 
1 6 7 8 9 17 30 
1 7 8 29 30 
10 11 21 
2 3 10 11 20 22 
2 3 4 10 11 12 21 
1 3 24 
1 14 23 
1 5 
1 5 25 
1 15 28 
1 27 
1 6 7 8 16 17 18 19 30 
1 6 7 8 17 18 19 29 
1 9 32 
1 31 
34 35 36 31 
33 35 36 
33 34 36 
33 34 35 36 

