57 386
52 54 3 5 13 25 27 28 29 30 31 36 
16 17 39 43 51 38 40 
52 5 6 14 31 36 32 
52 54 1 11 12 13 22 23 25 27 29 
52 54 1 3 6 14 36 32 
3 5 15 32 33 34 35 
52 56 57 8 9 20 21 
56 57 7 20 21 
52 7 8 21 
57 9 11 
52 54 10 22 23 26 24 25 
52 54 1 4 13 25 27 28 29 
52 54 1 4 12 25 27 28 29 30 
52 54 3 5 
6 33 34 35 
55 17 38 40 2 
55 18 2 
56 17 19 
55 56 57 18 20 
55 56 57 7 8 19 21 
56 57 7 8 9 20 
52 54 11 26 24 25 
52 54 4 11 22 26 24 25 27 
52 54 4 11 23 26 25 27 
52 54 1 11 12 13 23 26 24 27 
54 22 24 
52 54 1 4 12 13 23 26 24 25 
52 1 4 12 13 29 30 
54 4 12 13 28 30 
52 54 29 31 
52 54 1 3 30 
52 3 6 14 33 
15 32 34 
15 33 35 
6 15 33 34 
52 3 5 
41 42 44 49 
39 43 51 40 2 
55 56 57 17 18 41 43 44 45 49 50 51 38 40 2 
16 39 51 38 2 
39 42 44 46 47 53 37 
39 41 43 45 49 50 37 
39 42 44 45 49 50 38 40 2 
39 41 42 43 49 50 37 
39 42 43 44 49 50 51 38 
41 48 53 46 47 
41 46 48 
41 47 
39 42 43 44 45 50 37 
44 45 49 
16 39 45 38 40 2 
54 56 57 3 4 5 6 7 9 10 11 12 13 14 22 26 24 25 27 28 29 30 31 36 32 
41 46 53 
52 1 3 4 11 12 13 14 22 23 26 24 25 27 28 29 30 31 36 
57 16 17 20 51 2 
55 57 7 8 9 18 19 20 21 
52 55 56 7 8 9 10 19 20 21 

