103 747
3 4 5 7 8 12 30 31 32 53 59 
9 10 16 2 22 44 45 
1 4 5 7 8 32 33 34 35 38 39 40 
1 3 5 7 8 17 33 34 35 36 37 38 39 40 
1 3 4 7 8 13 17 18 33 34 36 37 39 40 
2 9 16 22 44 
1 3 4 8 17 32 33 34 
1 3 4 5 7 32 33 34 35 36 
6 13 14 15 16 19 20 2 42 43 
23 24 48 49 50 
12 25 26 27 28 29 69 70 79 103 
26 27 28 29 
9 14 18 19 21 41 42 
9 13 15 18 19 20 21 41 42 
9 14 19 21 43 
2 6 9 43 
1 3 4 5 7 8 33 34 35 36 
5 13 14 19 20 
13 14 15 20 21 41 
9 13 14 18 19 21 
9 13 14 15 19 20 
2 23 44 45 46 
10 46 47 48 
48 49 
11 26 27 
11 12 27 28 
11 12 26 
11 12 27 29 
11 12 28 
1 31 
1 30 
1 3 8 
3 4 5 7 8 17 34 
3 4 5 8 17 33 35 36 
3 4 8 17 34 36 37 38 39 40 
4 5 8 34 35 37 38 39 40 
3 4 5 36 38 39 40 
4 5 35 36 37 39 
3 4 5 35 36 37 38 40 
3 4 5 35 36 39 
13 14 18 19 20 
9 13 15 21 43 
9 15 16 42 
2 6 22 45 
2 44 47 
22 23 47 
45 46 
24 48 49 50 
10 48 
10 24 49 
52 53 54 55 56 60 61 62 63 64 65 71 72 73 74 75 80 81 82 83 84 85 86 87 88 89 90 91 92 93 94 51 
1 3 11 12 25 26 27 28 29 51 53 54 55 56 57 58 64 65 66 67 68 69 70 75 76 77 78 79 97 98 99 101 102 103 
1 11 12 25 26 27 28 29 51 52 57 58 59 66 67 68 69 70 76 77 78 79 99 100 101 102 103 
51 52 55 62 63 64 74 94 54 
52 54 56 63 64 65 95 96 
51 52 55 57 64 65 67 
52 53 56 58 59 66 67 68 69 70 76 77 78 98 99 100 101 
52 53 57 59 66 67 68 69 76 77 78 98 99 100 101 
11 12 25 26 27 28 52 53 57 58 69 78 79 101 102 103 
51 80 81 83 
51 71 72 84 86 88 89 90 
51 54 61 72 73 74 90 91 92 93 94 
51 54 55 64 
51 52 54 55 56 65 75 96 
51 52 56 64 75 65 95 96 
52 53 56 57 58 67 68 76 77 97 98 99 
52 53 57 58 66 68 98 
52 53 57 58 66 67 76 77 98 
11 52 53 57 58 59 70 78 79 100 101 102 103 
52 53 57 59 69 78 79 101 102 103 
51 85 
51 61 62 73 90 91 92 93 
51 62 72 74 92 93 94 
51 54 62 73 94 
51 52 55 64 65 95 96 
52 53 57 58 67 68 98 99 
52 53 57 58 66 67 76 98 99 100 
52 53 57 58 59 69 70 79 100 101 102 103 
52 53 59 69 70 78 101 102 103 
51 60 81 82 
60 80 
51 60 80 81 83 
51 60 82 
51 61 71 85 
51 61 71 84 86 87 88 
51 84 87 
84 85 86 88 
61 84 86 87 
51 61 
51 61 62 72 91 92 93 
51 62 72 90 92 93 
51 62 72 73 91 93 
62 72 73 90 91 92 
51 54 73 74 
55 75 96 
64 75 95 
52 66 65 
52 57 58 68 76 77 
52 53 57 58 66 76 77 100 
53 57 58 68 69 101 
52 53 58 59 69 70 79 100 102 
52 53 59 69 70 78 79 101 103 
52 53 59 69 78 79 102 

