33 179
5 6 15 16 17 21 22 23 
4 5 11 12 13 14 15 20 
6 7 9 10 18 27 28 29 30 31 32 33 
2 12 13 14 15 
1 2 15 
1 3 7 8 9 18 25 26 28 
3 6 8 10 18 25 27 28 29 
3 7 10 18 27 28 31 
3 10 18 29 31 30 
3 8 9 31 30 32 33 
2 13 19 20 
2 13 14 
4 11 14 
2 4 12 
2 4 5 
1 5 17 21 22 23 
1 16 21 22 24 
3 6 7 8 9 25 26 27 28 29 
11 19 
2 11 
1 16 17 22 23 
1 16 17 
1 21 24 
1 17 23 
6 7 18 26 27 28 
6 7 18 25 27 28 
3 6 7 8 18 25 28 29 
3 6 8 18 25 26 27 29 
3 6 8 9 18 27 28 
3 9 31 32 
3 10 31 30 32 33 
3 30 
3 31 32 

