53 354
42 43 45 53 10 21 22 
42 43 44 46 11 12 13 23 24 
42 43 44 46 2 12 13 24 25 
43 46 27 28 29 30 
42 47 48 49 6 16 17 31 32 33 
42 49 50 5 33 34 35 36 
7 42 51 18 40 
45 52 9 19 20 
45 8 19 20 
43 45 53 1 21 22 
42 43 2 12 24 
42 43 44 46 2 3 11 13 23 24 25 
42 43 44 2 3 12 24 25 26 
42 47 48 15 
42 47 48 31 
47 5 17 32 
42 47 48 5 16 31 
42 50 51 7 41 
45 52 8 9 20 
45 52 8 9 19 
43 52 1 10 22 
53 1 
43 44 11 24 
43 2 3 11 12 13 23 25 
43 46 2 3 13 24 
42 43 44 46 3 13 
42 43 46 4 28 
42 4 27 29 
42 4 30 
42 4 29 
42 47 48 5 15 16 17 32 
42 47 48 16 
42 49 5 34 
42 49 5 6 33 
49 34 
42 49 6 
42 50 38 
42 49 50 37 
42 50 51 18 
51 18 41 
42 7 18 
43 44 45 46 47 48 49 50 51 52 53 1 2 3 4 5 6 7 12 13 14 15 16 17 18 26 29 30 42 32 33 34 35 36 37 38 39 40 
42 44 45 46 52 53 1 3 4 10 11 12 13 21 23 24 26 27 
42 43 46 2 11 12 13 24 25 26 
43 52 1 8 9 10 19 20 
42 43 44 2 3 4 13 25 27 
42 48 5 14 16 31 32 
42 47 5 16 17 31 32 
42 50 51 5 6 33 34 36 37 49 38 
42 49 51 6 18 37 38 39 
42 49 7 18 39 40 41 
42 43 53 8 9 10 19 20 21 
42 43 45 52 1 22 

