47 240
2 7 8 9 11 12 13 14 15 16 17 30 31 32 
1 3 4 6 9 10 18 19 33 34 35 36 37 38 
2 4 5 6 10 19 21 22 23 24 25 37 38 39 40 
2 3 5 25 26 42 43 44 45 46 47 4 
3 4 27 43 45 46 47 
3 10 19 20 37 38 
1 11 
1 9 15 16 17 8 
1 2 8 9 
2 6 18 37 
1 7 28 29 30 11 
1 31 
1 14 32 
1 12 13 31 32 
1 8 16 17 
1 15 
1 8 15 16 17 
2 10 19 33 34 35 36 
6 10 18 
2 3 6 21 22 37 38 
2 3 20 22 38 
3 21 23 38 
3 22 24 39 40 41 
3 23 25 39 40 41 
3 4 23 24 26 39 40 42 
4 25 41 
4 5 44 
7 11 
28 7 11 29 30 
1 11 29 
1 12 13 14 
1 13 14 31 
2 18 35 
2 18 33 35 36 
2 18 33 34 36 
2 34 
2 3 6 10 20 
2 6 21 22 
23 25 40 41 
3 23 24 39 41 
23 24 26 39 
4 25 26 27 
4 5 27 44 
5 27 43 45 
4 5 46 47 
4 5 44 45 
5 45 

