45 382
22 45 16 17 18 
20 24 38 
20 21 23 25 29 31 40 41 42 4 5 
20 21 23 25 29 30 31 40 41 42 3 5 
20 25 29 30 31 41 42 43 3 4 
20 21 23 25 26 31 32 33 43 7 9 
21 23 25 26 32 6 8 
21 25 26 33 6 9 
21 32 33 6 7 8 
34 11 
34 35 10 12 
27 28 34 35 36 44 11 13 
27 35 36 44 12 
28 35 36 13 
22 45 
22 45 17 18 19 
22 45 1 18 19 
22 45 1 16 17 
22 16 17 37 
21 23 24 25 26 29 30 31 32 33 38 39 40 41 42 43 2 3 4 5 6 
20 23 24 25 26 27 29 30 31 32 33 34 40 41 42 43 3 4 5 6 7 9 
28 37 45 1 15 16 17 18 19 
20 21 24 26 29 30 31 32 33 39 41 42 43 3 4 5 6 
20 21 23 29 38 2 
20 21 23 26 29 30 31 32 33 40 41 42 43 3 5 6 7 8 
20 21 23 25 27 31 33 34 6 7 8 9 10 
21 22 28 34 35 36 44 11 12 13 14 
22 27 34 35 36 44 12 13 14 
20 21 23 25 30 31 39 40 41 42 43 3 
20 21 23 24 25 29 31 40 41 42 43 3 4 
20 21 23 25 26 29 30 32 41 42 43 3 4 5 6 
20 21 25 26 31 33 43 6 7 8 9 
20 23 25 26 31 32 43 6 7 8 9 
21 26 27 28 35 10 11 
27 28 34 36 44 11 12 13 14 
27 28 13 
22 37 
20 24 39 
20 23 38 
20 21 23 24 25 29 41 42 3 4 
20 21 23 25 29 30 31 40 42 3 4 5 
20 21 23 29 30 40 41 3 4 5 
21 23 25 29 30 31 33 5 6 
27 28 36 12 13 14 
22 1 15 16 18 

