92 625
2 3 4 5 6 7 10 11 12 13 14 15 22 23 24 25 26 27 28 29 30 33 37 
1 3 4 6 7 10 11 12 22 23 24 25 26 27 28 29 
1 2 4 10 11 12 21 23 24 25 26 
1 2 3 11 23 24 25 26 27 28 29 
7 16 
1 3 4 10 11 20 22 23 
1 2 5 13 14 
18 19 91 92 
18 19 92 
1 2 3 10 6 20 21 
1 2 3 4 6 22 23 24 25 
1 2 25 26 27 28 
1 7 14 
1 5 7 13 30 
1 5 16 31 
15 17 32 
16 31 32 
8 92 
8 9 92 
6 10 
3 6 20 
1 2 6 11 
1 3 4 6 11 22 24 
1 2 11 23 25 
2 3 4 12 24 26 
1 2 4 12 25 27 
3 4 12 28 
1 2 4 12 27 29 
1 2 29 
1 5 14 
15 17 
16 17 
8 36 37 42 83 84 85 86 87 88 89 90 91 
35 48 49 65 66 67 34 
34 38 50 51 52 54 55 56 57 58 68 69 72 73 
33 38 39 40 41 43 44 45 46 62 63 64 75 76 77 78 79 80 81 82 
10 8 9 18 19 33 42 47 91 92 
35 36 39 40 41 43 44 45 59 60 61 62 73 74 75 76 77 78 
36 38 40 41 43 44 59 60 61 62 74 75 77 78 79 
36 38 39 41 43 44 45 46 62 63 75 76 77 78 79 80 81 
38 39 40 43 45 46 62 64 80 81 82 
33 37 83 84 85 86 87 88 89 
36 38 39 40 41 44 59 60 61 62 74 75 76 77 78 79 80 
36 38 39 40 41 43 60 61 62 75 76 77 78 79 
36 40 41 46 62 63 80 81 82 
62 63 64 81 82 
33 85 86 87 88 89 
34 49 65 67 
34 66 67 
35 52 53 68 69 70 71 
50 52 53 68 69 
35 50 51 53 54 69 70 71 72 
35 50 51 52 54 55 70 71 72 
35 52 53 56 57 58 71 72 
35 53 56 57 58 
35 54 55 57 58 73 
35 54 56 58 73 
35 54 56 57 73 
38 39 61 73 74 
38 39 44 74 75 
38 39 43 44 59 60 74 75 
38 39 40 41 44 45 46 63 79 80 81 
36 40 41 46 62 81 82 
36 41 46 83 
34 65 
34 48 49 67 
34 48 49 67 66 
35 50 51 52 69 70 
35 50 51 52 53 68 71 72 
35 51 52 53 68 69 71 
35 52 53 54 69 70 
35 52 54 69 71 
35 56 58 59 
39 59 60 61 75 
36 38 39 40 43 44 61 74 76 
38 39 40 44 75 77 78 79 
36 38 39 40 44 75 76 78 79 
36 38 39 40 43 44 76 79 
36 38 39 40 43 62 76 77 80 
36 40 41 43 62 79 
40 41 45 46 62 63 82 
36 41 46 63 81 
33 83 84 
33 42 83 
33 42 47 86 87 88 
85 87 88 
33 42 47 85 86 88 89 
33 42 47 85 86 87 89 
33 47 88 90 
47 89 
37 92 
18 19 37 

