44 285
39 41 
35 37 38 42 
38 4 
44 3 
35 36 37 38 39 41 42 43 44 1 3 4 6 7 8 9 10 11 12 13 14 15 16 17 18 22 23 24 25 26 27 28 29 30 31 32 33 34 
35 36 37 38 39 41 42 43 1 5 7 9 10 11 12 15 16 18 22 23 24 25 26 27 28 29 30 31 32 34 
5 6 8 10 13 14 19 20 21 7 
5 6 7 9 11 15 22 23 25 
35 36 39 40 41 1 5 6 8 12 17 18 30 31 33 34 
5 6 7 13 14 15 20 
5 8 
6 9 30 31 32 33 34 
5 10 14 19 21 
5 7 13 20 21 
6 8 10 
5 6 8 24 25 28 
5 29 
39 40 1 5 6 9 32 33 34 
7 13 20 
7 10 13 14 19 21 
7 10 14 20 
5 8 11 
5 6 8 22 
5 6 16 25 26 
5 6 16 24 26 27 
6 16 25 27 28 
5 6 16 24 25 26 28 
5 6 17 26 27 29 
5 17 28 
5 6 9 31 
6 9 12 18 30 32 34 
6 9 12 18 31 34 
5 6 9 12 18 31 34 
5 6 9 32 
36 38 39 40 42 43 
35 39 40 41 42 1 
35 36 38 42 2 
35 37 44 2 3 
36 40 41 1 18 
35 36 39 41 1 18 
35 39 40 
37 2 
35 37 38 44 3 
43 3 4 

