24 247
17 19 20 21 22 2 3 5 6 7 8 11 
16 17 20 21 22 23 1 3 9 10 11 
16 17 19 20 21 22 23 1 2 4 9 10 11 
16 18 19 22 3 10 11 12 
1 7 8 
1 5 7 8 
19 20 21 1 5 6 9 
16 19 20 21 22 1 2 5 6 7 
16 19 20 21 22 1 2 3 7 8 
16 17 19 20 21 22 23 1 2 3 4 11 
16 17 19 21 22 23 2 3 4 
16 17 18 22 4 
16 17 18 23 24 14 
16 18 24 15 
15 16 24 14 
17 18 19 20 21 22 23 24 1 2 3 4 8 9 10 11 12 13 15 
18 19 20 21 22 23 24 1 2 3 4 8 9 10 11 12 13 
16 19 22 23 24 4 12 14 15 
16 17 18 20 21 22 23 1 2 3 4 5 6 7 8 9 10 11 
16 17 19 21 22 23 1 2 3 7 8 9 10 11 
16 17 19 20 22 23 1 2 3 7 8 9 10 11 
16 17 18 19 20 21 23 1 2 3 4 8 9 10 11 12 
16 17 18 19 20 21 22 24 2 3 4 10 11 12 13 
24 16 18 23 13 14 15 

