96 585
3 5 6 7 8 11 1 12 13 22 69 71 96 
9 10 18 19 21 29 30 31 32 33 35 
1 5 6 7 11 12 13 22 
9 14 15 16 27 29 30 
3 6 11 1 22 69 70 71 95 96 
1 3 5 7 11 12 13 22 
1 3 8 12 13 23 24 25 26 
1 3 7 13 14 23 24 25 26 
2 4 10 17 18 19 29 30 31 32 
2 9 18 32 33 
1 3 5 6 70 95 
3 6 7 1 13 22 23 
1 3 6 7 8 12 23 24 
4 8 
4 16 
17 27 29 
2 4 9 28 29 30 
2 9 10 19 31 33 
2 9 10 18 32 33 
10 21 34 36 37 38 
2 20 34 36 37 38 
1 3 5 6 12 
1 3 7 8 12 13 24 
8 13 
7 8 13 23 26 
7 8 25 
14 15 28 
15 16 17 27 29 
2 4 9 16 17 28 30 
2 4 9 17 29 31 
2 9 17 18 32 
2 9 10 18 19 33 
2 10 19 32 
2 10 20 21 33 35 37 
2 20 21 34 36 37 38 
20 21 35 
20 36 
21 36 37 
40 41 42 43 45 46 47 48 49 50 51 54 55 56 57 58 59 60 61 77 78 79 80 81 82 83 85 
1 3 5 6 7 8 11 12 13 22 39 43 44 52 53 67 68 69 70 71 94 95 96 
39 42 43 48 49 50 51 61 62 63 64 85 86 87 88 89 90 
39 48 49 50 60 79 80 81 82 83 84 85 
39 40 41 52 61 62 63 64 65 90 43 91 92 93 
52 53 66 67 68 94 
39 54 72 73 74 
39 47 54 55 56 57 58 59 76 78 
39 46 56 58 59 78 
41 42 49 60 79 80 81 83 84 
39 41 48 50 60 83 84 85 
39 41 42 49 51 85 86 
41 86 50 51 
40 44 
40 66 67 68 94 
39 46 55 56 75 76 
39 45 46 54 56 76 
39 46 47 54 55 57 76 77 
46 47 56 58 59 77 
39 46 47 59 78 
39 46 47 57 58 
39 42 48 49 82 84 
39 41 43 51 62 63 64 86 87 88 
41 43 61 63 87 88 89 90 
41 43 61 62 64 87 88 89 
41 43 61 62 87 88 89 90 
92 93 
53 67 68 94 
44 53 68 
40 44 53 66 67 94 
40 70 71 96 
11 40 69 71 95 
11 40 70 95 96 
45 73 
45 72 74 75 
72 73 75 
54 55 72 73 74 
39 55 56 77 
46 56 57 76 
39 47 
39 42 80 
39 42 
39 42 48 60 82 83 
42 48 81 
39 42 48 49 82 84 
39 42 48 49 60 83 
42 49 50 
50 51 87 
41 61 62 63 64 86 88 
61 62 63 64 87 89 
41 61 62 63 64 87 88 
41 43 63 64 
43 92 93 
43 91 93 
65 92 
40 53 66 67 
40 69 70 
69 95 

