47 343
19 23 27 37 2 3 4 5 6 7 8 13 14 17 18 35 28 29 30 31 32 34 1 
1 4 10 11 15 21 20 22 25 2 
1 7 8 9 14 18 28 29 30 31 32 33 34 
1 2 5 10 11 12 13 15 21 20 22 25 36 
1 2 4 11 12 13 16 26 
3 7 8 14 18 35 28 29 30 31 32 34 
1 3 8 9 14 18 35 28 29 30 31 32 33 34 
1 3 6 7 9 28 29 31 32 33 34 
1 3 6 8 28 29 30 31 32 33 34 
2 5 11 12 13 36 
2 4 5 10 12 13 16 26 
4 5 10 11 13 16 
1 4 10 11 12 17 26 
1 3 6 7 17 26 
2 20 
5 11 12 13 26 
1 13 14 16 26 35 
1 6 7 8 14 35 29 
23 24 27 37 39 40 41 42 43 44 45 46 47 3 19 
4 15 21 22 
2 4 20 
2 4 25 
19 24 41 44 45 46 47 
19 23 43 45 47 
2 4 10 20 22 36 
5 11 12 13 14 16 17 
19 37 38 40 41 1 
1 3 6 7 8 9 18 29 
1 3 6 7 8 9 18 28 31 
1 3 6 7 8 9 28 29 31 32 
1 3 6 7 8 28 29 32 33 34 
1 3 6 8 9 30 33 
1 3 6 7 8 31 32 34 
1 6 7 8 9 31 32 33 
7 14 
2 4 25 
38 39 40 41 
39 40 42 
19 37 38 40 41 42 43 
19 37 38 39 41 42 
23 37 39 40 43 44 
19 23 37 38 39 40 41 43 44 
19 23 24 39 40 41 42 
19 42 43 
19 24 47 
19 23 45 47 
23 45 

