66 420
43 48 2 3 
42 43 48 49 3 
42 43 48 49 50 1 2 
39 5 
39 44 4 
39 46 51 52 53 54 55 7 8 9 10 
39 53 54 55 6 8 9 
39 53 54 55 6 7 9 10 
39 40 53 54 55 56 6 7 8 10 12 
39 40 55 56 6 9 12 13 
14 61 21 25 26 27 28 30 31 32 33 34 35 36 40 41 60 
39 40 55 56 9 10 13 15 16 
56 12 16 
11 21 25 26 30 31 32 33 34 60 
40 56 12 13 
40 56 12 13 15 17 
40 57 16 
40 57 58 59 
40 41 57 59 22 23 
40 41 19 22 23 
11 14 30 31 32 60 
40 41 19 20 24 
40 41 19 20 22 24 
41 22 23 
14 34 35 
11 14 25 27 28 34 
25 26 28 34 36 
11 27 34 35 36 
61 62 29 36 37 
11 14 21 31 32 60 
11 14 21 30 
21 31 
11 14 25 
11 14 25 26 27 28 35 36 
25 26 27 28 36 
11 26 27 29 34 35 37 
61 29 36 
39 42 43 45 47 63 64 65 66 38 
38 41 42 43 44 46 51 52 53 55 56 4 5 6 7 8 9 10 12 
11 39 41 55 56 57 58 59 9 10 12 13 15 17 18 19 20 22 23 
21 39 40 57 58 59 60 18 19 20 22 23 24 
38 39 43 44 45 47 48 49 50 64 65 66 1 2 3 
38 39 42 44 43 48 49 50 1 3 
39 43 49 50 3 4 5 
38 42 47 63 64 65 
52 54 6 
38 42 45 64 65 
42 43 49 1 2 3 
42 43 44 1 2 3 
42 43 44 49 
39 46 52 53 6 
39 46 51 53 54 6 
46 51 52 54 55 6 7 8 9 
39 46 51 52 53 55 7 8 9 
39 40 54 56 8 9 10 12 
39 40 9 10 12 13 16 
40 41 58 59 17 18 19 
40 41 57 59 18 
40 41 58 18 
30 41 
11 62 29 37 
61 62 
45 63 
42 45 65 66 
38 42 45 47 64 66 
38 43 

