90 597
5 13 14 27 28 29 30 
6 10 11 12 18 19 20 21 37 38 39 40 2 
1 4 
3 27 28 29 
1 7 13 14 15 30 31 32 33 34 
48 54 63 70 71 2 21 22 23 24 25 26 44 
5 8 9 15 16 17 34 35 36 
7 9 15 16 17 35 36 
7 8 15 16 17 35 36 
2 7 9 17 35 36 37 38 39 40 
2 12 19 20 21 
2 6 11 20 22 23 41 43 
5 14 13 30 31 32 
1 30 31 32 33 
5 8 9 16 34 
7 8 9 15 17 36 
7 8 10 35 36 
2 11 19 20 40 
11 20 
11 12 18 19 
2 6 11 22 23 41 42 
6 12 23 24 25 26 
6 12 22 24 25 26 
6 22 23 25 26 44 
6 22 23 24 26 44 
70 71 23 24 25 44 
4 28 29 
1 3 4 27 
1 3 4 27 
1 5 31 32 
1 5 13 14 32 
13 14 30 31 
14 32 
7 15 
7 8 9 10 17 
8 9 10 16 17 
2 39 
2 37 39 
2 10 37 38 40 
2 10 37 38 
12 21 42 
11 12 21 22 41 43 
12 21 22 41 42 
71 6 24 
46 47 48 49 50 51 54 55 56 57 58 59 65 66 73 74 75 76 77 78 79 
45 47 49 50 51 57 58 59 65 66 77 78 79 80 81 
45 46 50 51 52 59 60 66 78 80 81 82 83 
45 46 49 50 54 55 56 57 58 63 64 72 73 74 75 6 
45 46 48 50 54 55 56 57 64 73 74 75 76 
45 46 47 48 49 51 56 57 58 59 65 74 75 76 77 
45 46 47 50 59 77 78 79 80 
47 53 60 62 67 68 84 85 86 87 88 89 90 
52 60 61 69 87 88 89 90 
45 48 49 55 56 63 64 72 73 74 
45 48 49 50 54 57 75 
45 48 49 50 54 55 57 58 64 73 74 76 
45 46 48 49 50 55 58 65 73 74 75 76 
46 48 50 56 57 75 76 
45 46 47 50 51 66 77 78 79 
47 52 53 61 67 68 83 84 85 86 
60 67 68 84 86 87 88 89 90 
52 53 89 69 
48 54 64 70 71 72 44 
48 49 54 55 56 63 72 73 
45 46 50 57 58 77 
45 46 47 51 59 
52 60 61 83 84 85 86 
52 60 61 86 88 90 
53 62 69 
63 71 72 44 
63 70 72 44 
48 54 63 64 71 
45 48 49 54 55 64 74 75 
45 48 49 50 55 75 
45 48 49 50 55 56 57 58 73 74 
49 50 56 57 58 75 
46 50 51 59 65 
45 46 47 51 59 77 
45 46 47 51 59 66 78 
46 47 51 66 81 
46 47 
47 83 
60 82 
61 67 86 
52 60 67 84 
52 60 61 67 68 84 85 
52 53 60 61 68 88 89 90 
52 53 61 68 89 
52 53 61 62 68 88 90 
52 53 61 62 68 88 89 

