34 182
22 29 32 33 34 2 
22 29 30 34 1 
22 23 24 26 30 4 
22 23 24 26 3 5 
22 23 24 26 27 4 
22 23 
22 23 8 
7 8 
10 11 12 15 16 18 19 20 21 22 13 
11 12 14 17 
9 10 13 15 16 18 19 20 
9 10 14 17 
9 16 19 20 21 
10 12 17 
9 11 18 
13 19 20 21 
10 12 14 
9 11 15 
9 13 20 
9 16 19 
9 13 16 
9 23 25 27 28 29 30 31 32 33 34 1 3 5 6 7 
22 24 26 27 29 30 3 4 5 6 8 
23 25 26 27 29 30 3 4 5 
22 23 29 31 32 33 34 1 2 
22 23 24 27 3 4 5 
24 5 
22 28 
22 23 24 25 30 34 1 2 
22 23 24 25 2 3 
22 25 28 32 33 
22 28 31 33 34 1 
22 25 32 34 1 
25 33 2 

