74 517
24 48 50 51 72 73 74 2 
24 48 49 50 51 74 1 
24 25 52 4 
25 3 
6 14 18 36 53 9 8 10 11 13 
5 12 14 15 18 33 36 53 11 13 
6 12 15 16 19 20 21 22 23 7 
25 33 36 53 9 
36 8 11 
25 33 9 8 11 
25 33 53 9 10 13 
6 7 14 15 16 17 19 20 21 22 23 
18 25 36 11 
5 6 15 
7 12 14 16 17 19 20 21 22 
12 15 17 19 20 21 22 
7 12 15 16 20 21 22 23 
5 6 
7 12 15 20 21 22 
7 12 15 16 17 19 21 22 
7 12 15 16 17 19 20 22 
7 12 16 17 19 20 21 23 
7 12 17 21 22 
5 6 25 27 28 30 31 32 33 36 45 46 47 48 50 51 52 67 68 69 70 71 72 73 74 1 2 3 
5 6 7 12 14 18 24 28 32 33 36 50 51 52 53 3 4 9 8 10 11 13 
30 34 35 38 40 56 57 58 59 60 61 62 
24 28 30 31 44 45 64 67 
24 25 27 31 32 45 46 47 67 68 69 70 71 
26 34 35 38 39 40 41 56 58 59 60 61 
24 27 31 41 42 43 44 64 65 
24 27 28 30 45 65 66 
24 25 46 47 48 49 71 72 73 74 
18 24 25 36 53 9 10 11 13 
26 37 38 54 55 56 
26 29 39 40 41 57 58 59 60 
24 25 33 53 9 8 11 13 
34 38 54 
26 34 37 55 56 
26 29 35 40 57 
26 29 39 57 
26 29 30 35 42 58 59 60 61 63 
30 41 43 44 63 64 
27 30 42 44 64 
27 30 42 43 64 
24 31 66 67 68 69 70 
24 28 32 47 46 
24 28 46 48 71 72 
32 47 49 50 71 72 73 
24 32 48 50 51 72 73 74 1 2 
24 25 48 49 51 74 1 2 
24 25 49 50 2 
24 25 4 
25 33 36 9 8 10 11 
34 37 38 55 
34 37 38 56 
26 29 34 38 54 55 
26 29 35 39 40 58 59 60 
35 41 57 60 61 
26 29 35 41 57 58 60 61 
26 29 35 41 57 58 61 62 
26 29 35 41 58 59 60 62 
26 41 61 63 
41 62 
27 30 42 43 44 
27 31 
27 31 45 67 
24 27 28 45 66 68 69 
24 45 67 69 70 
28 45 67 68 
24 28 68 
24 28 32 47 48 72 
24 47 48 71 73 74 1 
47 48 49 72 74 1 
32 48 49 50 72 73 1 2 

