54 379
2 3 4 5 9 10 11 12 13 16 17 18 19 31 33 34 35 36 37 38 39 40 41 
1 3 6 7 20 21 22 23 24 25 26 42 43 44 45 46 47 48 49 50 
2 6 13 19 21 22 41 
1 5 9 10 11 4 31 
1 4 9 10 11 16 5 31 32 
2 3 7 14 20 22 23 25 26 42 43 44 45 46 
2 6 8 14 15 26 47 48 49 50 
7 15 27 28 29 30 51 52 53 
1 4 5 10 11 16 31 32 
1 5 9 11 16 17 31 32 
1 4 5 9 10 16 17 18 31 32 33 34 36 
1 11 13 17 33 34 35 36 37 38 
1 3 12 18 19 37 39 
6 7 26 47 48 49 50 14 
7 8 27 28 29 
1 4 5 9 10 11 17 31 32 34 35 
1 10 11 12 16 18 31 33 34 35 36 37 38 
11 12 13 17 37 38 
1 3 40 41 
2 3 6 21 
2 3 
2 3 6 23 24 25 42 43 
2 6 22 42 
2 6 22 23 25 42 43 
2 6 22 23 24 42 43 45 46 
2 6 7 14 46 47 49 50 
7 8 15 29 
8 15 
8 27 28 
8 28 29 51 52 53 
1 4 5 10 11 16 17 32 34 
1 9 10 11 16 31 33 
1 10 11 12 16 17 31 32 35 36 
1 11 12 16 17 31 33 35 36 
1 11 12 16 17 33 34 36 
1 11 17 33 34 37 38 
1 12 13 17 18 36 38 
12 17 37 
19 40 
1 13 19 39 
1 3 19 
6 23 24 43 
2 6 22 23 42 44 
2 6 25 43 46 
2 25 
6 25 26 44 45 47 
2 7 26 46 49 50 
2 7 14 26 47 49 50 
2 7 14 26 47 48 50 
2 14 49 
8 52 53 54 
8 30 51 53 54 
8 30 54 53 
52 53 

