59 425
2 3 4 7 8 10 11 18 20 21 22 23 24 25 26 37 38 39 40 41 42 43 44 45 46 47 
1 5 6 9 12 13 14 15 16 31 32 33 34 35 53 55 
1 7 8 11 23 24 25 44 46 47 
1 3 11 25 26 27 28 47 49 
2 6 9 12 13 14 15 16 31 32 33 34 53 54 55 
2 5 9 13 14 15 16 32 33 34 35 53 54 55 56 
1 3 8 10 20 21 22 23 24 40 41 42 43 44 
1 3 4 23 24 25 44 45 46 
2 5 6 16 17 32 33 34 35 36 53 54 56 57 58 
18 19 20 21 39 40 
1 3 4 26 27 48 49 
2 5 14 30 31 52 
2 5 12 14 15 31 
2 5 6 12 15 31 
2 5 13 
2 6 9 17 32 34 35 36 54 56 57 58 
9 16 36 57 58 59 17 
1 10 37 38 
1 18 37 38 
7 10 39 40 41 
1 7 10 20 22 40 41 42 43 
1 7 21 23 40 41 42 43 
1 7 8 22 24 44 45 46 
1 3 7 23 44 45 
1 4 
1 3 4 11 27 48 
4 11 26 28 48 
4 11 49 28 
30 50 51 52 
12 29 50 51 52 
2 5 12 13 14 
2 5 6 9 16 33 34 35 53 54 55 
2 5 6 9 16 32 34 35 54 55 56 57 
2 5 6 9 16 32 33 35 54 55 56 57 
2 6 9 16 33 34 55 56 57 
9 16 17 57 58 59 
1 18 38 
1 18 19 37 
10 20 
1 7 10 20 21 22 41 42 
1 7 20 21 22 40 42 43 
1 7 21 22 40 41 43 
1 21 22 41 42 
1 3 7 8 23 24 45 46 
1 8 23 24 44 46 
3 8 23 44 45 
3 4 
4 28 49 
4 11 27 28 48 
29 30 52 
29 30 
29 30 50 
2 5 6 9 
2 5 6 9 16 32 33 34 53 55 
2 5 16 32 33 34 35 54 
2 6 16 33 34 35 55 57 
16 17 33 35 36 56 58 
9 16 17 57 59 
36 17 

