42 267
22 27 32 33 34 35 2 3 
21 22 27 33 34 35 1 3 4 
21 23 27 34 35 1 2 4 
21 22 27 33 34 2 
21 22 
21 22 23 24 30 
24 30 31 6 8 
20 24 28 30 31 
20 24 28 30 10 11 
20 28 36 9 11 
20 28 36 9 10 
20 13 
37 38 12 
29 37 12 13 
39 17 
39 15 17 
20 15 16 
20 41 
25 19 
21 22 23 24 25 26 27 28 29 30 31 36 37 38 39 40 41 42 8 9 10 11 12 13 14 15 16 18 20 
22 23 24 27 30 32 33 34 35 1 2 3 4 5 6 
20 23 24 27 30 33 34 35 1 2 3 4 5 6 
20 21 22 24 27 30 31 33 34 35 4 6 
21 22 23 27 28 30 31 36 5 6 7 8 9 
20 26 19 
20 25 19 
20 21 22 23 33 34 35 1 2 4 5 
20 24 30 31 36 8 10 11 
20 37 38 14 29 15 
20 21 22 23 24 28 31 36 6 7 8 9 
20 23 24 28 36 7 8 9 
21 1 
21 22 23 34 35 1 2 3 4 
21 22 23 27 35 1 2 3 
22 27 33 1 2 3 4 
20 24 30 9 10 11 
29 38 12 14 
37 13 14 
20 16 17 
20 42 
40 18 
40 41 

