102 640
2 4 7 8 9 11 16 17 18 19 32 33 34 45 47 48 49 51 52 60 76 77 97 99 100 101 102 
1 3 4 5 6 13 14 21 22 23 24 26 27 28 39 40 41 42 
2 6 29 30 31 43 44 
1 2 5 10 11 20 21 23 24 25 37 38 39 40 
2 4 6 14 21 23 24 25 26 27 39 40 
2 3 5 13 14 26 27 28 41 42 
1 8 
1 7 18 19 34 35 
10 12 19 20 
1 4 11 12 36 
4 9 10 12 
4 9 10 37 
2 4 5 6 26 27 28 39 40 41 
2 6 13 25 26 28 
3 29 43 
1 17 16 32 33 
16 32 33 
1 8 34 
1 8 9 34 35 
4 9 10 11 36 
2 4 5 12 24 
2 4 5 23 24 38 39 
2 4 5 24 38 
2 4 5 21 22 23 38 39 
2 4 5 13 14 26 39 
2 5 13 14 25 27 28 41 
2 5 6 13 14 26 28 41 
2 13 14 26 41 42 
3 15 30 44 
3 29 31 44 
3 30 44 
1 16 17 33 
1 16 17 32 
1 18 19 35 
19 34 
4 9 10 11 12 20 
4 12 
4 21 22 23 24 
4 22 23 24 25 40 
2 4 5 13 39 
2 6 13 26 27 28 42 
2 27 28 41 
3 15 
29 30 31 
46 47 48 49 50 51 58 59 71 72 73 74 75 88 89 90 91 92 93 94 
45 47 50 56 57 58 65 66 67 68 69 70 71 83 84 85 86 87 46 88 89 90 
45 46 50 51 59 72 74 92 93 94 
45 47 49 51 52 59 60 75 76 77 94 95 96 97 
16 45 48 51 52 60 76 77 97 98 101 102 
45 46 47 91 92 93 
45 47 49 52 60 76 97 
48 49 51 60 76 77 97 99 100 101 102 
54 63 78 79 80 81 
61 62 63 79 80 81 
53 54 61 62 63 80 81 82 
46 57 63 64 82 83 84 
46 65 84 
45 46 65 66 67 68 69 70 71 85 86 87 
45 47 48 72 73 74 
49 51 52 77 98 99 101 102 
53 54 55 62 63 80 82 
53 55 61 63 80 
54 55 56 61 62 64 82 
57 63 
46 57 58 66 67 68 84 87 
46 67 68 69 85 86 87 
58 65 66 68 69 85 86 87 
58 65 66 67 69 70 85 86 87 
46 58 67 68 70 71 87 
58 68 69 71 87 46 
45 46 58 69 70 
45 47 50 59 
45 47 59 74 
47 59 73 94 
45 47 48 94 95 96 
48 49 51 52 77 97 98 
49 51 52 60 76 97 98 99 
53 79 
53 78 79 
53 54 55 61 62 
53 54 55 61 62 63 82 
55 56 61 62 64 81 
57 84 
57 83 
46 58 65 66 67 68 86 
46 58 65 66 67 68 
46 58 65 66 67 68 69 70 
45 46 89 90 
45 46 88 90 
88 89 
45 50 
45 47 93 
47 50 72 
45 47 74 75 95 96 
48 75 94 96 
48 94 95 
48 49 51 52 60 76 77 98 99 
49 76 77 97 
49 60 97 100 101 
49 52 60 99 101 
49 99 
49 60 

