85 543
2 3 4 6 7 8 9 10 11 13 14 15 21 22 23 24 25 26 27 31 32 33 1 34 37 
1 3 4 8 9 10 15 23 24 25 26 33 34 35 36 37 
2 4 7 8 14 21 22 31 32 33 
1 2 8 9 14 21 23 31 32 33 
6 12 16 17 18 85 
1 5 7 12 13 18 19 29 
1 6 12 13 20 29 
1 2 3 4 14 21 22 31 32 
1 2 4 10 15 23 24 25 26 34 35 36 
1 11 15 24 25 26 27 28 38 39 
1 10 15 27 39 
6 7 19 18 29 
1 6 7 20 30 
1 3 4 8 22 31 
1 2 9 10 11 24 25 26 27 28 37 38 39 
5 17 18 84 
5 84 85 
5 6 12 16 17 19 18 
12 18 
13 30 
1 3 4 14 22 31 32 
1 3 8 14 21 31 32 
1 9 33 
1 2 15 25 26 34 35 
1 2 9 10 15 24 26 34 35 36 37 
1 2 9 10 15 24 25 34 35 36 37 
1 10 11 15 37 38 39 
10 11 15 27 38 39 
6 19 
7 13 20 
1 14 21 22 
3 8 21 22 
1 2 3 4 23 
1 2 9 24 25 26 35 36 
1 24 26 34 36 
2 9 24 25 34 35 
1 2 10 15 24 25 26 27 
10 15 
10 15 38 
42 44 45 46 47 48 51 75 76 77 78 79 80 81 40 
43 50 52 54 55 65 66 67 41 68 
40 46 47 48 51 53 63 75 76 77 78 79 80 81 
40 41 44 45 46 47 50 56 57 58 59 60 69 70 71 
40 43 45 46 47 57 58 59 60 69 70 71 
40 43 44 47 50 57 58 59 60 61 70 71 
40 42 43 44 45 47 51 60 61 62 71 72 73 
40 43 44 45 46 51 60 61 62 71 47 72 73 74 
16 17 40 42 82 83 84 85 
41 52 55 64 65 66 
41 43 44 56 57 69 
42 46 47 53 75 76 77 78 
49 54 64 
40 42 51 63 80 81 
41 49 52 65 66 
41 49 54 65 66 67 
43 50 
43 50 58 59 69 70 
44 45 50 57 
43 44 45 57 58 70 
43 44 45 46 61 71 
45 46 47 60 
46 47 72 74 
40 42 53 79 80 
49 52 
41 49 54 55 66 
41 49 54 55 65 67 
41 55 66 
41 68 
43 44 56 57 70 
43 45 50 57 58 59 69 
43 44 45 46 47 60 
47 62 73 74 
47 62 72 74 
72 73 
40 42 51 76 
40 42 51 75 77 
40 51 76 78 
42 51 
40 42 53 63 
40 42 53 79 
40 42 53 
48 83 
48 82 
48 85 
48 84 

