343 2348
2 3 4 5 6 9 22 23 24 29 325 337 338 339 1 
1 2 
1 3 
1 5 6 
1 4 6 
1 4 5 
1 2 3 8 9 10 11 12 14 13 16 18 22 23 24 25 29 43 60 82 295 312 325 326 337 338 7 
7 12 
7 10 
7 9 
7 11 
7 8 
1 2 3 7 8 9 11 12 14 15 16 17 18 19 20 21 22 23 24 25 26 27 28 29 30 34 39 41 42 43 60 70 71 82 101 111 131 139 140 163 196 197 235 262 283 295 312 325 326 337 338 13 
13 16 
13 19 
13 14 
13 20 
13 21 
13 15 
13 17 
13 18 
1 23 24 25 26 22 29 30 60 337 
13 22 24 25 26 27 28 
13 22 23 25 26 27 28 
22 23 24 26 
22 23 24 25 
23 24 
23 24 
1 22 23 24 25 30 31 32 33 60 337 29 
29 32 
29 33 
29 30 
29 31 
35 36 34 40 
34 36 37 38 40 
34 35 37 38 
35 36 38 
35 36 37 
1 7 13 22 23 24 29 34 35 36 37 39 40 41 42 43 44 45 46 47 48 49 50 53 54 56 57 58 59 60 61 62 63 66 70 71 72 73 82 101 111 131 139 140 163 196 197 235 262 295 312 325 337 
35 39 
1 7 13 22 23 24 29 34 35 36 39 40 42 43 44 45 46 47 48 49 50 51 52 53 54 55 56 57 58 59 60 61 62 63 64 65 66 67 68 69 70 71 72 73 74 82 83 101 111 131 139 140 163 196 197 235 236 262 283 295 312 325 337 
41 43 44 45 47 52 53 62 66 70 71 
39 41 42 44 48 49 50 54 57 58 59 70 71 
41 42 43 48 49 54 55 56 
41 42 
41 51 
41 42 
41 43 44 54 55 
41 43 44 56 
41 43 
41 46 
41 42 
41 42 
41 43 44 48 55 
41 44 48 54 
41 44 49 
41 43 
41 43 
41 43 
22 29 42 43 44 45 46 47 48 51 52 60 61 62 63 64 65 66 67 68 69 70 71 72 73 82 
60 65 67 
60 66 68 69 
60 64 
60 63 
60 61 
60 62 68 69 
60 61 
60 62 66 
60 62 66 
42 43 60 61 71 72 73 74 75 76 77 78 79 80 81 
42 43 60 70 72 73 78 79 80 81 
60 70 71 73 74 75 76 77 78 79 
70 71 72 77 78 
70 72 
70 72 76 
70 72 75 
70 72 73 
70 71 72 73 
70 71 72 80 
70 71 79 
70 71 
43 60 70 71 72 83 84 85 86 87 88 89 90 91 92 82 
82 84 
82 83 89 90 
82 86 
82 85 
82 88 
82 87 
82 84 
82 84 
82 92 
82 91 
1 7 13 22 23 29 39 41 42 43 60 70 71 82 94 95 96 97 98 99 100 101 102 111 130 131 139 140 150 163 185 196 197 226 235 236 262 282 283 295 312 325 337 93 
93 95 98 
93 94 99 
93 97 100 
93 96 
93 94 
93 95 
93 96 
102 103 104 105 106 107 108 109 110 111 112 113 114 115 116 121 122 123 124 129 130 131 140 163 295 101 
101 103 104 105 106 108 110 130 102 
101 102 104 105 
101 102 103 105 
101 102 103 104 
101 102 108 
101 109 
101 102 106 
101 107 
101 102 
101 102 103 104 112 113 114 115 116 117 118 119 120 121 122 123 124 125 126 127 128 130 131 132 140 142 163 295 111 
111 113 114 115 120 121 112 
111 112 114 119 120 125 126 
111 112 113 121 
111 112 122 
111 123 124 129 
111 118 
111 117 
111 113 
111 112 113 126 
111 112 114 
111 115 
111 116 129 
111 116 
111 113 
111 113 120 
111 128 
111 127 
116 123 
102 112 113 114 117 118 111 130 
101 102 111 130 132 133 131 134 135 140 141 142 143 144 145 147 148 149 151 163 185 295 
131 133 134 138 132 
131 132 135 
131 132 138 
131 133 136 137 
135 137 
135 136 
132 134 
1 7 13 29 39 41 60 82 101 102 103 104 106 111 112 113 114 115 116 130 131 132 133 134 135 136 137 138 140 141 142 143 144 145 146 147 139 148 149 151 152 153 150 159 161 163 164 165 166 167 168 174 177 185 186 188 196 197 198 199 200 202 220 221 226 227 235 236 237 262 263 264 275 283 295 312 337 
102 130 132 133 131 134 135 139 141 142 143 144 145 147 148 149 151 163 185 
139 140 143 146 151 
139 140 144 145 147 148 149 
139 140 141 
139 140 142 145 149 
139 140 142 144 149 
139 141 
139 140 142 
139 140 142 
139 140 142 144 145 
1 7 13 22 23 29 39 41 43 60 70 82 93 101 102 103 104 106 111 112 113 114 115 116 130 131 132 133 134 135 138 139 140 141 142 143 144 145 146 147 148 149 151 152 153 154 155 156 157 158 159 160 161 162 163 164 165 166 167 168 169 170 171 172 173 174 175 176 177 178 180 181 182 183 184 185 186 187 188 189 190 191 192 193 196 197 198 199 200 201 202 207 208 220 221 222 223 226 227 228 229 230 235 236 237 238 239 240 241 245 255 256 262 263 264 265 266 275 282 283 295 312 325 337 150 
141 150 159 160 161 162 
150 157 158 
150 154 155 156 
150 153 155 156 
150 153 154 156 
150 153 154 155 
150 152 
150 152 
150 151 160 
150 151 159 
150 151 
150 151 
130 140 141 142 151 152 153 154 155 150 156 157 164 165 166 167 168 170 171 172 173 174 175 176 163 177 180 181 182 183 184 185 188 198 199 220 226 236 
163 165 169 178 179 164 
163 164 166 170 
163 165 170 171 
163 168 172 173 167 
163 167 174 
164 178 179 
163 165 166 
163 166 
163 167 173 180 
163 167 172 180 
163 168 175 
163 174 176 
163 175 
163 183 184 
164 169 
164 169 
163 172 173 
163 182 
163 181 
163 177 184 
163 177 183 
186 187 188 189 190 185 191 192 193 195 198 199 
185 187 189 190 186 194 
185 186 190 195 
185 188 
185 186 194 
185 186 187 195 
185 192 193 
185 191 193 
185 191 192 
186 189 
185 187 190 
1 7 13 22 29 39 41 60 70 82 101 102 103 111 112 130 131 132 139 140 141 142 143 144 151 152 153 163 164 165 166 167 168 169 170 171 172 173 174 175 176 177 180 185 186 187 188 189 190 191 192 193 194 195 197 198 199 200 201 202 203 204 205 206 207 208 209 210 211 212 213 214 215 216 217 218 219 220 221 222 223 225 226 227 228 229 230 231 235 236 237 238 239 240 241 242 245 255 256 262 263 264 265 266 275 283 295 312 325 337 
1 7 13 29 39 41 60 82 101 102 111 130 131 132 139 140 141 142 143 144 151 152 163 164 165 166 167 168 169 170 171 172 173 174 175 185 186 187 188 189 190 191 192 193 194 195 196 198 199 200 201 202 203 204 205 206 207 208 209 211 212 213 214 215 216 217 218 219 220 221 222 223 225 226 227 228 229 230 231 235 236 237 238 239 240 241 262 263 264 265 266 275 283 295 312 325 337 
185 196 197 199 200 201 205 206 211 212 213 220 
196 197 198 201 202 207 208 209 219 
196 197 198 
196 197 198 199 207 217 218 
196 197 199 219 
196 197 204 
196 197 203 210 
196 197 198 
196 197 198 
196 197 199 201 208 
196 197 199 207 209 
196 197 199 208 
196 204 
196 197 198 
196 197 198 
196 197 198 
196 197 
196 197 
196 197 
196 197 201 
196 197 201 
196 197 199 202 
198 221 222 223 225 220 
220 222 224 
220 221 224 222 
220 225 223 
221 222 
220 223 
163 220 227 228 229 230 231 232 233 236 237 
226 228 232 233 
226 227 229 
226 228 229 
226 231 234 
226 230 231 
226 227 
226 227 
230 234 
1 7 13 39 41 60 101 111 130 131 139 140 163 185 196 197 198 199 220 221 226 227 228 229 230 231 236 237 238 239 240 241 242 243 244 245 246 247 248 249 250 251 252 253 254 255 256 257 258 259 260 261 262 263 264 265 266 267 275 276 279 280 283 295 312 337 235 
163 226 227 235 237 238 239 240 241 242 243 244 245 246 247 248 250 255 256 258 263 264 265 266 275 
235 236 238 239 240 241 242 243 244 251 
235 236 237 239 240 242 251 
235 236 237 238 240 242 251 
235 236 237 238 239 242 243 
235 236 237 244 245 246 247 248 
235 236 237 238 239 240 243 
235 236 237 240 242 
235 236 237 241 
235 236 241 246 247 248 249 252 
235 236 241 245 248 249 252 253 254 
235 236 241 245 
235 236 241 245 246 249 252 
235 245 246 248 252 
235 236 
235 237 238 239 
235 245 246 248 249 
235 246 
235 246 
256 257 255 261 265 266 
255 257 258 261 265 266 
255 256 261 
256 259 260 258 
258 260 259 
258 259 260 
255 256 257 
1 7 13 39 41 60 101 111 130 131 139 140 163 185 196 197 198 199 220 226 227 235 236 237 238 239 240 241 242 243 244 245 246 255 256 257 258 259 260 261 263 264 265 266 267 268 269 270 271 272 273 274 275 276 277 278 279 280 283 295 312 325 337 
255 262 264 265 266 267 268 269 270 271 275 279 280 
255 256 257 262 263 265 266 267 272 273 275 
255 256 262 263 264 266 267 273 
255 256 262 263 264 265 267 273 274 
262 263 264 265 266 273 
262 263 269 
262 263 268 
262 263 
262 263 
262 264 
262 264 265 266 267 
262 266 
263 264 265 266 276 277 278 279 280 275 
275 277 278 281 276 
275 276 278 281 
275 276 277 281 
275 280 
275 279 
276 277 278 
1 7 13 22 23 24 29 39 41 42 43 60 70 71 82 93 101 102 111 130 131 139 140 142 150 151 163 185 196 197 198 199 220 221 226 227 235 236 237 238 239 240 241 242 245 255 256 257 258 262 263 264 265 266 267 275 276 277 278 279 280 283 284 285 286 287 288 289 290 291 292 293 294 295 296 297 298 299 300 301 302 303 304 305 306 307 308 309 310 311 312 313 314 315 316 317 318 319 320 321 323 324 325 326 337 338 282 
282 284 285 286 288 289 290 291 293 294 
282 283 285 289 290 293 
282 283 284 294 
282 283 
282 292 
282 283 
282 283 284 290 
282 283 284 289 
282 283 
282 287 
282 283 284 
282 283 285 
1 7 101 111 131 140 163 236 263 275 283 284 285 286 287 288 289 290 291 282 292 296 297 298 299 300 295 301 302 303 304 305 307 308 309 310 311 312 314 315 316 317 318 319 324 325 337 
295 298 306 296 
295 300 
295 296 306 
295 299 
295 297 
295 302 309 
295 301 303 
295 302 304 
295 303 310 
295 311 
296 298 
295 308 
295 307 
295 301 
295 304 
295 305 
1 7 283 295 296 297 299 313 314 315 316 317 318 319 320 321 322 312 323 324 325 337 
312 324 
312 321 
312 317 
312 318 323 
312 315 322 
312 316 323 
312 320 319 
312 319 
312 314 
312 317 
312 316 318 
313 324 
1 326 327 328 329 330 331 332 333 334 335 336 337 325 
325 327 328 333 334 335 336 
325 326 336 
325 326 330 
325 331 332 
325 328 
325 329 332 
325 329 331 
325 326 
325 326 
325 326 
325 326 327 
1 22 23 29 325 326 338 339 340 341 342 343 337 
337 341 343 
337 339 
337 340 
337 338 342 
337 341 
337 338 

