38 209
2 3 4 5 6 7 8 9 10 11 13 1 14 20 21 22 23 24 25 28 29 30 31 32 33 34 
1 3 4 5 6 7 11 12 14 15 24 25 26 28 29 2 
1 2 4 5 6 8 9 10 13 20 21 22 28 29 31 32 34 35 
1 2 3 5 10 13 20 21 
1 2 3 4 6 22 
1 2 3 5 22 23 
2 26 
1 3 9 18 19 8 
1 3 8 
1 3 4 13 21 
1 2 
2 15 16 17 27 
1 3 4 10 20 21 
1 2 24 
2 12 16 15 
12 15 17 27 
12 27 
8 19 
8 18 
1 3 4 10 13 21 
1 4 10 13 20 
1 5 
1 6 23 
1 14 
1 2 11 
2 7 
12 17 
29 30 31 32 33 34 35 36 37 38 28 
4 8 9 18 19 28 31 32 33 34 35 
28 30 
28 29 32 34 35 37 38 
28 31 34 35 38 
28 29 36 
28 29 31 32 35 38 
29 31 32 34 
28 31 33 
28 31 
28 31 32 34 

