36 352
2 4 7 8 9 10 11 12 18 20 21 23 24 25 26 27 
1 4 7 8 9 10 11 12 13 14 18 19 20 21 26 27 28 29 
15 16 17 34 35 36 
1 2 7 8 9 11 12 13 18 19 20 21 24 25 26 27 28 
2 3 6 13 14 15 16 22 29 30 31 32 33 34 
3 5 15 16 17 22 33 34 35 36 
1 2 4 8 9 11 18 19 20 21 23 24 25 26 27 
1 2 4 7 9 10 11 18 19 20 21 24 25 26 27 
1 2 7 8 11 18 20 21 24 25 26 27 28 
1 2 4 7 8 9 11 12 13 18 19 20 21 27 28 
1 2 4 7 8 9 12 13 20 21 27 28 
1 2 4 10 11 13 20 21 27 28 
2 4 5 10 11 12 14 15 22 29 30 
5 13 15 22 29 30 31 
3 6 13 16 22 31 32 33 34 
3 5 6 14 15 17 22 31 32 33 34 
3 5 6 15 22 32 33 34 35 
1 4 7 8 9 10 19 20 21 23 24 25 26 
2 8 9 10 18 20 21 24 25 26 27 
1 4 7 8 9 10 11 12 19 21 27 28 
1 2 4 7 8 9 10 11 18 19 20 26 27 
5 13 14 16 17 31 32 
7 18 24 
1 4 7 8 18 19 23 25 26 
1 4 8 9 18 24 
1 2 4 7 8 9 18 20 21 24 25 
1 2 4 7 8 9 10 11 12 19 20 21 28 
4 9 10 11 12 20 27 
13 14 30 
5 13 14 22 29 
5 13 15 22 30 32 
5 15 17 22 31 33 
6 15 16 32 34 
5 6 16 17 33 35 
3 6 17 34 36 
3 6 35 

