32 172
32 6 7 17 18 
32 4 5 8 9 19 20 21 22 23 
9 10 11 12 14 15 26 27 28 29 
32 5 8 19 20 22 23 
32 2 4 21 22 23 
32 1 7 18 
32 1 6 
32 2 4 5 20 22 23 
2 3 10 24 25 
3 9 11 25 
3 10 13 14 
3 11 13 14 15 27 
3 11 12 26 27 
3 11 12 13 15 27 28 
3 12 13 14 16 26 27 31 
15 31 
1 
1 17 
32 2 4 20 
32 4 8 19 
32 2 4 5 8 22 
32 4 5 8 21 23 
32 4 5 8 21 22 
9 10 25 
9 10 24 
12 13 15 27 28 29 30 
3 12 13 14 15 26 28 29 30 
3 14 15 26 27 29 
3 26 28 
15 16 26 27 29 31 
15 16 30 
1 2 4 6 8 19 20 21 22 23 

