30 240
2 3 4 5 6 7 8 11 12 13 14 15 20 21 22 23 24 25 26 27 28 29 
1 4 5 8 9 12 13 14 15 19 20 22 23 24 25 26 27 28 29 
1 2 4 7 10 11 12 17 18 20 21 22 23 
1 2 3 5 8 9 13 14 15 24 25 26 27 28 
1 2 4 9 14 15 16 28 29 30 
3 7 10 17 6 
1 6 10 11 12 17 18 
1 4 5 9 13 14 15 16 27 28 29 30 
1 2 4 5 15 16 29 
3 6 7 
1 3 6 7 12 17 18 19 
1 2 3 7 11 19 20 22 
1 2 5 8 14 25 26 27 
1 2 4 5 8 13 25 26 
1 2 4 5 8 9 29 30 
5 8 9 15 29 30 
3 6 10 18 
3 6 7 10 11 17 
1 2 3 11 12 20 21 22 
1 2 3 12 21 22 
1 2 3 12 19 20 23 
1 2 19 20 21 
2 3 21 22 24 
1 2 4 22 23 
1 2 4 13 14 27 28 
13 14 25 27 28 
1 2 4 5 8 14 26 28 
1 4 8 25 26 27 
2 8 16 30 
5 8 9 15 16 29 

