95 644
2 3 4 5 6 7 10 11 12 13 33 34 
1 8 9 10 11 12 13 33 34 53 
1 2 6 10 11 12 13 
1 7 14 15 
8 53 
7 13 
1 14 
2 9 
2 5 
1 2 
2 3 10 13 
1 2 13 
2 6 11 12 
4 15 14 
15 14 
17 18 19 20 21 22 23 25 26 27 28 29 30 31 38 39 40 41 42 43 44 68 69 70 71 72 73 74 76 
16 19 20 21 22 25 26 27 29 30 39 40 41 42 68 69 70 71 72 73 74 75 
1 2 3 4 5 6 8 9 10 11 12 13 16 23 28 32 33 34 48 50 51 52 53 91 92 93 94 95 
16 17 24 25 35 36 37 54 55 56 57 58 59 19 
16 17 25 26 27 29 38 39 40 65 66 67 68 69 70 71 
16 17 27 30 42 72 74 75 
17 21 23 28 31 43 44 45 46 77 78 79 
16 17 18 28 31 43 44 45 46 47 76 77 78 80 81 
16 19 25 36 37 58 59 60 61 62 63 64 
16 17 19 26 29 37 38 39 40 63 64 65 66 67 
16 17 20 25 29 38 40 67 68 
16 21 30 41 70 27 
16 18 22 46 48 49 80 81 82 83 84 
17 20 25 26 38 39 40 65 66 67 68 69 
16 17 21 27 72 
22 43 44 45 76 78 79 80 
18 33 34 51 52 91 92 93 94 
2 5 8 9 18 32 34 52 53 94 95 
2 8 18 32 33 52 53 94 95 
19 55 
19 24 56 57 58 
19 24 25 59 60 61 62 63 64 
16 20 25 26 29 39 40 65 66 67 
16 17 20 25 29 40 65 66 67 
16 17 20 25 26 29 38 39 67 
17 21 27 30 72 
16 17 21 73 74 75 
22 23 44 76 
16 22 31 43 45 76 77 78 
22 23 44 46 77 78 79 80 
22 23 28 31 45 47 78 79 80 
23 80 81 82 
18 28 49 86 87 89 90 
28 50 84 85 86 88 90 
18 49 84 85 86 87 88 89 90 
18 32 91 92 93 
5 18 32 33 34 53 94 95 
5 8 18 33 34 52 95 
19 35 55 
19 35 55 54 
19 36 57 
36 56 58 
19 57 
19 24 37 60 61 
37 59 62 
24 37 60 63 64 
24 25 60 61 63 64 
25 37 61 62 64 
24 25 37 61 62 
20 25 29 38 66 67 
20 26 39 67 
38 66 
16 26 
29 68 
16 17 20 27 71 
16 17 20 
16 17 21 30 41 
16 17 21 41 42 72 74 75 
16 17 21 42 73 75 
17 21 42 73 74 
16 22 23 31 43 44 
31 43 45 78 
22 23 31 44 45 46 77 79 
22 23 31 46 78 80 81 
23 31 45 46 79 
23 28 47 82 83 
23 28 47 81 83 
28 82 
28 49 50 85 86 87 88 
48 49 50 84 86 87 88 
48 49 84 85 87 88 89 90 
48 49 50 84 85 88 89 90 
48 49 84 85 86 87 89 90 
49 50 84 88 90 
48 50 86 87 88 89 
18 32 51 92 
18 51 91 93 
18 32 51 92 
32 52 
18 33 34 52 53 

