89 598
2 3 4 8 9 39 54 87 88 89 
1 4 5 6 8 9 10 11 12 13 
1 4 8 87 
1 2 3 8 9 10 11 
2 7 11 12 13 14 
2 5 7 13 14 
5 6 
1 2 3 4 9 10 
1 2 4 10 
1 2 4 8 9 11 
2 4 5 10 
5 6 11 13 
2 5 6 11 
5 6 
22 27 28 30 31 32 33 41 43 44 61 62 63 64 65 66 15 
1 18 19 20 21 25 36 37 38 39 49 50 51 52 53 80 81 82 83 84 85 86 
1 2 3 4 5 6 8 9 10 11 12 16 18 19 20 21 37 38 39 51 52 53 54 83 84 85 86 87 88 89 
16 17 20 24 25 34 35 36 37 48 49 50 77 78 79 80 18 
16 17 18 21 37 38 50 51 81 82 
16 17 18 19 21 37 38 50 51 81 82 
1 16 17 19 20 38 39 51 54 84 85 86 87 
15 23 30 31 32 33 45 46 47 67 68 69 
22 24 25 34 47 72 73 76 
18 23 25 34 35 47 72 73 74 75 76 
16 18 24 34 35 36 75 76 77 78 79 
27 40 55 57 
15 26 40 57 58 59 60 61 
15 29 41 
15 28 30 42 43 44 62 
15 22 29 42 43 44 62 63 64 65 66 
15 22 32 33 45 46 67 
15 22 31 45 68 
15 32 45 46 67 69 
18 23 24 35 36 48 74 75 76 77 78 
24 25 34 48 76 77 78 
16 35 77 78 
16 17 19 20 38 50 51 81 82 
16 17 19 21 37 51 81 
3 4 8 16 17 21 52 53 86 87 88 89 
27 55 56 57 59 
15 28 61 
15 29 30 44 62 
15 29 30 42 44 62 63 64 65 
15 29 30 42 43 62 63 64 65 66 
22 31 32 33 46 67 69 
22 32 33 45 47 68 69 
22 23 24 46 69 70 71 
18 25 34 35 36 77 78 79 
16 36 79 
16 18 19 20 37 81 
17 19 20 21 37 38 82 
16 17 21 39 53 83 84 86 
16 17 21 52 54 86 
3 17 21 39 53 87 88 89 
26 40 55 
26 27 58 
26 27 
40 56 59 60 
27 40 57 58 60 
27 57 58 59 61 
41 61 15 
15 30 42 43 44 63 64 65 66 
43 44 62 64 66 
15 30 44 62 63 
15 30 43 44 62 63 64 66 
15 30 44 62 63 
31 33 
22 31 32 33 46 
22 33 45 46 47 68 70 
23 71 
47 70 72 
23 24 47 71 
24 74 75 
23 24 34 73 75 
23 24 25 34 73 74 76 
23 24 25 34 35 74 75 
25 34 36 78 
18 34 35 36 77 79 
18 48 49 78 
16 18 19 
16 20 37 38 50 82 
16 19 20 37 38 51 81 
16 17 21 52 
16 17 21 52 83 85 
17 21 52 83 84 
16 17 21 39 53 
21 88 89 
17 87 
17 39 54 87 88 

