105 793
2 3 4 5 6 7 8 9 12 13 18 19 20 21 22 23 24 35 36 37 38 39 40 41 42 43 71 72 73 74 75 76 77 78 79 80 81 82 83 1 
1 3 5 6 7 8 12 16 17 18 19 20 30 31 32 33 34 60 61 62 63 64 65 
1 5 6 7 8 12 18 19 20 32 33 34 35 63 64 65 67 68 69 71 
1 9 10 11 14 27 28 51 52 53 54 93 94 95 96 97 98 99 100 101 
1 2 3 6 12 16 17 30 31 32 58 59 60 61 62 
1 2 3 5 12 17 18 30 31 32 33 34 60 61 62 63 
1 2 3 8 12 20 21 35 36 37 68 69 70 71 72 73 
1 2 3 7 12 20 21 35 37 38 39 71 72 73 74 75 
1 10 11 25 26 27 50 51 52 9 93 94 95 96 97 98 99 
4 11 14 27 50 52 93 94 95 96 97 98 99 
4 9 14 15 28 53 54 101 102 103 104 105 
1 2 3 5 6 7 8 18 19 20 32 33 34 35 63 64 65 66 67 68 69 
1 23 24 41 42 43 13 44 45 46 83 
4 9 10 11 15 28 53 54 55 102 103 104 
4 11 14 28 53 54 100 101 102 103 104 105 
2 5 56 57 
2 5 30 31 60 61 62 
1 3 6 12 20 32 63 64 65 
1 2 7 12 18 20 33 34 64 66 
1 2 3 7 8 12 18 19 66 67 68 69 
7 8 36 71 72 74 
1 40 77 78 79 81 
1 24 41 43 83 
1 13 23 41 42 43 83 
9 49 91 92 
9 49 50 
9 10 50 93 94 95 96 98 
4 11 14 15 53 54 55 100 101 102 103 104 105 
16 56 57 
2 5 6 17 31 60 
2 5 17 30 60 
2 3 5 6 12 18 33 34 63 64 
3 6 18 19 32 34 64 
3 6 12 18 19 33 63 64 
1 3 7 8 12 19 20 66 67 68 70 71 
1 7 8 21 38 73 74 75 
7 8 36 38 39 74 76 
1 8 36 37 39 75 76 
1 38 75 76 39 
22 77 79 80 81 
1 13 23 24 43 81 
13 23 24 43 83 
1 24 41 
13 45 46 47 48 85 86 87 
46 84 
44 85 86 87 
44 45 46 48 85 86 87 88 89 
44 47 87 89 90 
25 26 90 92 
4 9 10 26 27 93 
4 9 10 27 50 93 94 
4 9 10 95 96 97 99 
4 11 14 15 28 103 
4 11 14 15 28 101 102 104 105 
11 14 28 54 105 
16 29 
29 58 56 57 
5 16 57 59 
16 58 
2 5 6 17 30 31 62 
5 6 17 60 
2 5 6 60 61 
2 3 12 32 33 34 64 
2 3 12 18 32 33 34 63 
3 12 18 19 64 
3 7 12 19 20 35 68 
3 7 20 35 66 69 
3 7 12 20 35 66 67 70 
3 7 12 20 35 67 68 70 
3 20 35 68 69 
1 3 8 
8 21 36 73 74 
7 8 36 72 
1 7 8 21 36 37 72 
8 36 37 38 39 76 
37 38 39 75 
1 40 78 80 
1 22 77 
22 40 77 78 80 
1 22 40 79 81 
1 40 80 82 
1 41 
1 13 23 43 
13 44 45 46 85 86 
44 45 46 86 87 
44 45 46 47 84 85 87 
44 45 46 47 48 85 86 88 89 
47 48 90 
87 88 90 
48 89 
25 26 92 
26 91 
9 10 27 50 51 94 
4 9 10 27 51 93 95 96 
9 10 27 52 94 96 97 
4 10 27 52 94 95 98 
10 27 95 96 
10 27 95 96 97 99 
4 9 
4 11 14 15 28 53 101 102 103 104 
4 11 14 15 28 53 54 100 102 103 104 
11 14 15 54 100 101 104 
14 28 53 54 100 101 104 
11 14 15 28 54 55 101 102 103 
14 15 28 55 

