91 603
2 4 5 6 7 16 17 25 26 27 28 29 55 58 60 61 62 63 64 65 66 67 68 69 70 
1 7 9 18 19 32 34 35 36 37 73 75 76 77 78 79 80 81 2 
4 5 6 12 13 14 15 21 22 23 24 48 49 50 51 52 53 54 
1 3 5 6 13 14 15 16 22 23 24 52 53 54 
1 3 4 6 13 14 15 16 22 23 24 
1 3 4 13 14 16 24 54 
1 2 8 28 29 30 31 67 68 69 70 71 
1 7 28 29 30 31 68 69 70 
2 32 33 34 72 73 74 75 76 
11 20 41 42 43 44 45 86 87 88 
10 42 43 45 46 47 88 89 
3 21 22 
3 4 5 6 14 15 48 49 50 51 52 
3 4 5 6 13 15 22 23 24 49 51 52 53 54 
3 4 5 13 14 53 54 
4 5 6 25 26 55 56 57 58 
26 60 61 62 63 64 
2 19 36 37 38 39 79 80 81 
2 20 39 40 82 83 
10 19 39 40 41 83 84 85 
3 12 
3 4 5 12 13 14 23 48 49 50 51 52 
3 5 13 14 22 49 50 51 52 53 
3 4 5 6 14 15 53 54 
1 16 17 26 56 57 58 59 60 61 
1 16 17 25 56 57 58 60 61 
63 64 65 
1 7 8 29 68 70 71 
8 28 30 70 71 
8 31 72 
7 30 
2 9 31 34 
2 9 32 34 35 74 75 
2 32 33 35 75 
2 9 33 34 73 74 75 76 
2 18 36 77 78 79 80 
2 18 19 38 80 81 
18 37 39 82 83 
18 19 40 82 83 84 
10 19 20 39 83 84 
10 11 20 43 85 86 87 
10 11 20 85 86 87 
10 41 42 44 86 87 88 
10 11 43 45 46 88 
10 11 44 46 88 89 
45 89 90 91 
11 46 90 91 47 
3 13 22 49 50 
3 13 14 48 49 50 51 52 
13 14 23 49 51 52 
3 4 14 22 23 49 50 52 
3 4 5 13 14 22 49 50 51 53 
3 4 5 6 13 14 15 23 52 54 
3 4 14 24 53 
1 16 25 26 56 57 58 59 
25 55 57 58 59 60 
16 25 26 55 56 58 59 60 
1 16 25 26 55 56 57 59 60 
25 55 56 57 58 60 
1 26 58 59 61 
17 25 26 60 62 
1 26 61 
1 17 64 65 
1 27 63 65 66 
1 63 64 66 
1 27 63 65 
1 7 27 68 
1 7 8 67 69 
1 7 8 28 68 
1 8 29 71 
7 8 28 29 70 
9 31 
2 33 34 35 74 
2 9 33 35 73 75 
2 9 33 34 35 73 74 
2 9 35 
36 78 
2 36 
18 36 
18 36 37 79 81 
37 80 82 
19 37 38 39 
20 38 
10 20 39 40 
10 40 41 42 87 
10 41 42 43 85 87 
10 42 85 86 
10 11 43 44 45 
11 45 46 47 90 91 
11 46 89 91 
46 90 

