42 252
2 3 4 6 8 9 10 25 26 27 28 29 
1 3 4 5 7 10 11 12 13 14 29 30 31 32 33 
1 2 6 10 27 28 
1 2 5 7 10 13 14 31 33 
2 4 14 15 16 17 34 36 37 38 39 
1 3 8 9 21 22 23 24 25 26 
2 4 10 12 13 14 32 33 
1 6 9 19 20 21 22 24 25 
1 3 6 8 25 26 27 
1 3 4 7 11 
2 4 10 29 30 31 
2 4 13 14 32 33 34 
2 4 12 14 33 34 
2 4 7 12 13 32 33 34 
14 17 36 37 38 
5 15 17 34 35 36 37 38 
5 15 16 34 35 36 37 38 
5 38 39 41 42 
8 20 
19 21 22 
6 8 19 23 24 
6 19 20 21 23 24 
6 21 22 
6 21 22 23 
1 6 8 9 26 
6 25 27 
1 3 6 9 25 28 
1 27 
1 2 10 11 30 31 
2 10 
2 10 11 30 
2 7 14 33 
4 7 12 13 32 
2 5 12 13 14 15 16 17 35 
15 16 17 34 38 
5 15 17 37 
5 15 16 17 35 36 
5 15 17 18 35 36 
5 18 40 41 42 
5 18 39 41 42 
18 40 42 
18 39 40 41 

