33 175
2 3 5 6 7 14 15 16 17 29 30 1 
1 4 5 7 11 12 13 14 22 23 24 25 26 28 
1 6 8 17 18 30 31 32 33 
2 10 19 20 21 22 23 24 
2 7 12 13 14 15 27 28 1 
1 3 17 
1 5 11 12 13 14 26 27 28 
3 33 
10 19 21 
4 9 19 20 21 22 
2 5 7 12 26 
5 7 11 13 14 27 28 
5 14 27 28 
1 2 5 7 12 13 27 28 
5 1 29 
1 15 29 
1 3 6 30 31 32 
8 31 32 33 
4 9 19 
4 9 10 21 22 
4 9 10 20 22 
2 4 10 21 23 24 
2 4 22 24 
2 24 25 
2 24 
2 7 11 
5 12 13 14 28 
2 5 12 13 14 
1 16 
1 3 6 17 18 31 32 
18 30 32 
3 17 18 30 31 
3 8 

