70 448
2 5 6 7 8 9 10 12 21 22 23 24 25 45 47 49 50 52 
1 3 5 7 9 10 12 21 22 23 24 45 47 48 49 50 51 52 
1 2 5 9 10 12 21 23 24 45 46 47 48 49 50 51 
5 16 17 18 35 36 66 67 68 69 70 4 
1 2 3 4 11 13 26 27 28 29 31 5 54 55 56 
1 8 37 38 
1 6 8 9 19 20 39 40 41 42 
1 2 6 7 9 19 20 40 8 41 43 
1 2 3 7 8 20 21 22 41 42 43 44 
1 2 3 12 24 48 49 50 51 53 
5 13 29 30 31 32 55 56 11 
1 2 10 24 46 47 48 49 50 
5 11 14 29 30 31 32 56 
13 15 17 33 57 58 59 60 61 62 63 
14 32 33 57 58 59 60 62 
4 14 15 18 33 34 63 64 65 
4 14 16 18 34 35 64 65 
4 16 17 34 35 36 66 67 69 
6 39 40 8 
7 9 41 
1 2 3 9 22 43 44 
1 9 21 43 44 
1 12 
1 10 12 46 48 49 
1 2 3 10 51 52 53 
5 27 26 
5 26 27 54 
5 54 28 
5 28 31 
11 29 31 
5 11 29 30 56 
11 13 14 15 33 57 59 60 62 
15 16 32 57 58 59 60 61 62 63 
16 65 
4 17 36 66 67 68 69 
4 18 35 68 69 
6 37 38 
6 37 
6 7 19 
7 8 19 
8 9 20 42 43 44 
7 8 9 20 41 
8 9 22 41 42 44 
9 21 22 43 
1 2 3 23 
2 3 12 23 47 
1 2 3 12 24 46 48 49 
2 10 24 49 
2 3 10 12 24 47 48 
1 3 12 51 
1 2 3 25 50 52 
1 2 25 51 53 
1 25 52 
27 28 
5 11 28 30 56 
5 11 30 
14 32 33 61 
14 15 32 33 60 61 62 
14 15 32 33 58 60 62 
14 15 32 33 57 58 59 61 62 
14 15 32 33 57 59 60 62 63 
15 32 33 58 59 60 61 
15 17 33 34 64 65 
17 34 
16 17 63 
35 68 69 
4 18 35 36 
4 18 35 36 66 67 
4 18 35 66 67 68 
4 70 

