51 268
6 29 51 
18 30 31 3 4 
11 18 30 31 32 2 4 5 
11 18 30 31 32 2 3 
11 18 30 31 32 3 
10 11 17 18 28 29 49 50 51 1 
12 13 14 19 20 33 34 35 
7 12 19 21 22 36 37 38 
15 16 9 41 42 43 45 46 
6 15 16 17 25 26 27 28 47 10 
6 18 31 32 3 4 5 
7 8 13 14 19 20 33 35 
8 12 19 20 33 35 
7 8 12 20 21 35 36 37 
9 10 16 25 26 42 43 44 45 46 47 48 
9 15 25 26 27 46 48 
6 10 49 
6 30 2 3 4 
7 8 12 13 20 33 34 
7 8 12 13 19 35 
8 36 37 
8 23 38 39 
22 39 40 
9 40 41 23 24 39 
10 15 27 47 
10 15 16 25 47 48 
10 16 25 26 47 48 
6 10 17 50 
6 51 1 
11 18 31 32 2 3 4 5 
11 18 30 2 4 5 
11 18 30 3 4 5 
12 34 
7 12 13 19 33 
7 8 14 20 
8 14 38 
8 36 38 
8 14 21 22 36 
22 23 
23 24 39 
9 24 
9 15 44 45 
9 15 
9 45 46 
9 15 42 43 44 46 
9 15 43 44 45 
15 16 25 26 27 48 
15 25 26 27 
6 28 50 
6 28 
6 29 1 

