183 1264
2 3 5 6 7 11 25 26 27 28 29 30 66 67 68 108 109 110 111 112 113 114 115 116 117 118 119 120 121 122 
1 3 5 6 7 11 25 26 27 28 29 30 65 66 68 109 110 111 112 113 114 115 116 117 118 119 120 121 122 123 
136 138 1 2 6 7 11 12 13 31 32 33 34 35 68 69 70 71 72 73 74 75 127 129 130 131 132 133 
10 16 17 18 44 45 46 47 48 49 50 85 86 87 88 89 90 91 92 93 94 
1 2 22 25 60 61 62 63 64 101 102 103 104 105 106 107 
1 2 3 11 27 28 30 66 67 68 117 118 119 120 122 123 124 125 
1 2 3 11 12 13 31 32 33 34 35 69 70 71 72 73 74 128 129 130 131 132 
14 15 39 40 41 42 43 78 
8 16 42 43 79 80 81 82 
4 17 18 45 46 47 48 86 87 88 89 90 91 
1 2 7 32 68 69 70 71 127 128 
3 7 13 31 32 33 34 35 72 73 74 75 131 132 133 
144 3 7 12 34 35 72 74 75 133 134 135 
8 15 36 37 38 39 40 76 
8 14 37 38 39 40 77 78 
4 9 17 44 83 84 85 
4 10 44 83 84 
4 10 45 46 47 48 49 89 90 92 93 
20 21 50 51 52 53 54 19 
19 21 53 54 55 96 97 
19 20 55 56 96 97 98 99 
5 23 56 57 58 59 100 101 
5 22 24 60 101 
5 23 60 61 62 63 101 102 103 104 105 
1 2 5 26 63 106 107 108 
1 2 25 65 108 109 111 
1 28 66 114 
1 6 27 29 66 67 113 115 116 117 
1 2 28 30 67 115 118 
1 2 6 28 29 67 117 118 119 120 121 
3 7 11 12 33 69 70 71 128 129 130 
3 7 11 12 33 34 72 129 130 131 132 
3 7 12 31 32 34 73 129 130 131 132 
3 7 12 13 32 33 35 73 74 75 131 132 133 
144 3 7 12 13 34 74 133 134 135 
14 36 37 76 
14 15 36 38 39 76 
14 15 37 76 
14 37 38 40 41 77 78 
8 14 15 39 42 77 78 
40 42 77 78 
8 9 40 43 
79 80 82 
16 17 83 84 
4 10 18 86 87 89 
4 10 18 47 49 90 91 92 93 
10 46 48 49 91 92 93 94 
10 47 49 91 93 94 
4 18 46 47 91 92 93 95 
19 51 52 94 95 
53 95 
19 20 50 
19 20 51 52 54 
19 21 52 53 96 
20 56 57 58 97 98 99 
21 22 55 57 58 59 97 98 99 
55 56 58 59 
22 55 56 57 59 99 
22 58 99 100 
5 22 24 61 62 101 103 
5 24 63 103 104 105 
5 24 60 61 63 103 104 105 
5 24 25 61 62 64 105 106 
5 25 107 
1 2 26 27 109 110 111 112 
1 2 6 29 113 114 115 
1 2 28 29 30 66 115 116 117 
1 2 3 6 11 124 125 126 
3 7 11 31 70 127 128 
3 7 11 31 69 71 127 128 
3 7 31 69 70 127 
12 13 32 34 73 131 132 
3 7 12 32 33 34 72 74 131 
3 7 12 13 34 72 73 75 
3 12 13 34 35 74 134 135 
14 36 37 38 
8 14 39 78 
8 39 40 
9 43 80 81 
9 79 81 82 
9 79 80 82 
43 79 81 
17 44 
16 17 44 85 
4 16 44 84 
10 88 
10 45 86 89 
4 45 87 
4 10 18 45 86 88 
10 18 91 
4 10 18 47 48 90 92 
46 49 91 
4 18 46 47 48 49 91 92 94 
46 48 49 92 93 
50 51 
20 21 54 55 97 
55 56 96 98 
21 55 
21 56 57 58 97 98 
59 100 
5 22 23 60 102 
23 24 60 101 
5 24 60 61 62 102 
5 24 60 61 103 
5 24 63 64 
5 25 61 63 105 
5 25 63 64 
25 26 109 
2 26 65 108 111 
2 26 65 109 111 112 
2 65 109 112 
1 2 110 111 
1 2 27 28 115 
2 27 28 113 
1 2 27 66 113 114 
1 6 28 29 67 117 
1 2 6 28 29 30 67 116 118 
1 2 6 29 30 116 117 
1 2 30 120 121 122 123 
6 30 119 121 122 123 
1 6 30 119 122 
1 2 6 119 121 123 
1 2 6 119 120 122 124 125 
123 125 
6 123 126 
68 124 125 
3 11 70 71 
3 7 31 69 70 71 
3 31 32 33 130 
3 7 32 33 72 131 
3 7 12 32 34 72 73 132 
3 7 12 32 33 34 72 73 131 
3 12 13 34 35 74 75 
13 75 135 
13 35 75 134 
138 139 142 145 146 149 150 152 166 167 168 169 170 171 172 173 
140 141 143 147 148 156 157 159 161 178 179 180 181 
136 144 145 162 163 164 165 12 13 
136 137 140 142 147 153 154 155 174 175 176 177 139 
137 139 141 143 147 148 154 155 156 157 158 175 176 177 178 179 
137 140 143 159 160 161 180 181 182 183 
136 149 150 151 152 153 171 172 173 
137 140 141 147 148 157 158 159 160 161 180 
138 145 162 35 134 135 
136 144 163 165 
136 142 149 151 166 167 169 170 
137 139 140 143 154 155 156 175 176 177 178 
137 140 141 143 157 158 159 160 179 180 
136 142 146 150 151 167 168 169 170 171 
136 142 146 149 151 168 169 171 172 
136 146 149 150 169 170 171 172 
136 142 173 
142 152 174 
137 140 147 155 156 175 177 178 
147 156 175 176 177 178 
140 154 178 
137 140 143 156 
137 140 148 157 179 180 
141 160 161 180 
137 141 143 148 
137 141 143 148 159 160 181 
144 145 163 
138 144 145 162 
138 162 163 165 
145 164 
136 146 167 
146 149 166 168 169 
146 149 167 170 
136 149 150 151 167 168 170 
136 146 149 150 151 168 169 
136 142 146 149 150 151 172 
136 142 150 151 171 173 
136 142 152 171 172 
139 153 
139 140 147 154 155 176 177 
139 140 154 155 177 
139 140 147 154 155 176 
140 147 154 155 156 
140 143 148 157 158 180 
137 141 143 148 157 158 159 
137 141 161 183 
141 183 
141 182 

