58 322
7 8 9 19 20 21 22 36 37 38 40 41 42 43 44 
3 10 25 26 47 
2 4 10 11 12 27 48 49 50 51 3 
3 10 11 12 28 29 30 50 51 52 53 54 
14 33 34 57 
34 6 57 
1 8 16 19 36 37 
1 7 19 20 36 37 38 39 40 
23 41 42 43 44 
2 3 4 11 12 48 49 
3 4 10 12 27 48 
3 4 10 11 49 51 
5 14 31 32 56 
5 13 
7 16 17 35 
15 18 35 
7 15 18 19 
7 15 16 17 19 35 
1 7 8 17 18 20 36 38 39 
8 19 21 36 37 38 39 40 
1 8 20 38 39 
1 9 23 24 42 43 44 45 
9 24 25 
23 25 
2 23 45 46 47 
2 47 
3 4 12 28 29 30 50 51 52 53 54 
4 27 30 52 53 54 
27 30 31 52 53 54 55 
27 28 29 31 32 52 53 54 55 
13 28 29 30 32 52 53 54 55 56 
13 30 31 56 
33 34 57 
6 33 58 
16 17 
1 7 8 19 21 38 39 40 
1 7 19 20 36 38 40 
1 8 19 20 21 36 37 39 
1 8 19 21 36 38 40 
1 8 20 21 36 37 38 39 
1 9 
9 43 
9 22 44 
1 9 22 42 43 
22 23 24 25 
2 47 
26 46 
10 11 49 
3 11 12 48 
3 4 11 27 51 
4 12 27 50 
27 28 30 31 53 
4 27 28 29 30 52 54 55 
4 27 28 29 30 31 52 53 55 
29 30 32 52 53 54 56 
13 32 
5 6 33 34 58 
6 57 

