51 333
3 4 5 6 11 12 13 14 15 16 17 28 29 30 31 
8 9 20 21 22 40 41 42 2 
6 7 8 14 15 17 18 19 32 33 35 36 37 38 
1 5 11 12 28 
1 11 12 14 29 30 31 
1 3 5 14 15 16 17 31 32 
3 8 19 34 35 36 37 38 39 
2 3 7 20 39 
2 10 23 24 43 44 45 46 47 48 49 9 
9 25 26 47 48 49 50 51 
1 4 5 12 13 27 28 29 
1 4 5 11 13 29 30 31 
1 4 5 11 12 29 30 31 
1 3 5 15 16 31 
1 3 6 14 16 17 
1 3 6 14 15 17 18 32 33 
1 3 6 15 16 18 32 33 
3 7 16 17 19 32 33 34 35 36 37 38 
3 7 8 18 35 36 37 38 
8 21 39 
2 40 
2 20 21 40 
9 24 43 44 45 46 47 48 
9 10 23 25 44 45 46 47 48 49 
9 10 23 24 46 47 48 
10 51 
11 28 
11 27 
1 4 5 11 12 13 28 
4 5 13 31 
1 4 5 6 12 13 30 
3 6 16 17 18 34 
16 32 
3 7 18 19 32 35 37 38 
3 7 18 19 37 38 
3 7 18 19 34 35 37 38 
3 7 19 34 35 36 38 
7 18 19 34 35 36 
8 20 21 
2 22 41 42 
2 40 42 
2 40 41 
9 23 44 
9 23 24 43 45 46 47 48 
9 23 44 48 
9 23 25 44 45 47 48 49 
9 10 24 25 44 45 48 49 
9 10 24 25 45 46 47 49 
9 10 23 24 25 46 47 48 
10 26 51 
10 26 50 

