341 2356
3 4 12 13 14 29 30 31 32 33 34 53 54 55 56 57 58 59 60 61 62 63 64 65 101 102 104 105 106 107 108 109 110 
5 6 7 16 17 18 19 38 39 40 41 42 73 74 76 77 
1 10 11 12 27 28 29 30 31 51 52 54 55 56 57 92 93 94 95 96 97 99 100 102 
1 13 14 15 33 34 63 64 65 107 108 109 110 111 112 113 
2 6 7 16 17 37 38 39 40 41 70 71 72 73 74 143 
2 5 16 17 18 38 39 40 41 42 74 75 
5 38 7 70 71 72 
9 22 23 24 86 87 88 
8 22 23 24 46 86 87 88 89 
3 11 26 27 28 48 49 50 51 91 
3 10 28 50 51 91 
1 3 29 30 31 52 53 54 55 57 93 94 95 96 97 98 99 100 101 
1 4 32 60 61 105 106 
1 4 15 35 36 66 68 114 
4 35 36 66 114 115 
5 6 38 39 41 73 74 
2 5 6 18 40 42 75 76 
2 6 17 19 42 75 76 77 78 
2 18 20 43 44 79 80 81 
19 21 43 44 81 82 83 
20 44 45 83 85 21 
9 23 24 45 22 
8 9 22 24 86 88 
9 23 86 87 88 22 24 
26 46 47 90 
10 47 48 49 26 90 
3 10 11 28 50 51 91 
11 27 29 51 91 92 
1 3 12 30 52 53 93 94 95 96 
1 3 12 29 52 53 54 93 94 95 96 97 98 99 
54 101 102 
1 13 58 59 60 61 103 104 105 
1 4 34 63 65 108 109 111 112 
4 64 65 110 111 
14 15 36 115 
14 15 35 66 67 68 69 115 116 
5 71 72 168 
2 5 7 16 39 70 71 72 73 74 
5 6 16 38 40 73 74 
2 5 6 16 17 74 
5 6 16 17 75 
6 17 18 75 76 77 78 
20 21 82 83 84 
19 21 81 82 
21 84 
8 9 25 88 89 
25 26 
10 25 26 49 50 
10 48 50 
10 11 48 
3 10 11 27 28 
30 92 94 95 96 
1 3 12 29 30 52 54 96 97 98 99 100 
3 12 30 31 53 56 97 99 100 101 
1 3 12 31 54 56 57 98 100 101 102 
3 31 54 55 57 101 102 
1 3 12 55 56 101 102 
1 31 32 59 102 103 
58 103 104 
1 13 32 61 105 
13 32 60 62 105 
1 4 13 60 61 63 107 
1 4 33 106 107 108 109 
33 34 63 107 108 109 110 
1 4 33 34 112 
14 15 35 36 67 114 
14 15 36 66 115 
35 36 69 116 
36 68 116 
7 37 38 71 72 
5 37 38 
5 7 37 70 71 73 
16 38 39 72 74 
5 6 38 39 40 73 
2 6 17 18 41 42 
2 6 18 42 77 78 79 
2 18 42 76 78 79 
18 42 76 77 79 80 
18 19 76 77 80 
19 78 81 
19 81 82 
20 43 44 
20 21 44 45 
21 43 45 83 85 
21 45 83 84 
8 22 23 24 
9 23 86 
24 89 
9 88 
26 47 
10 28 51 
3 29 52 94 
3 12 29 30 52 92 95 96 
3 12 29 30 52 92 93 95 96 
29 30 52 93 94 96 
3 12 29 30 52 94 95 97 
3 12 53 54 96 98 
12 30 53 54 55 97 100 
12 30 53 98 100 
3 12 53 54 55 56 98 99 101 
1 3 12 31 54 55 57 100 
3 55 56 57 58 
1 58 59 104 
1 13 59 103 
1 13 32 60 
1 13 63 107 
1 4 62 64 106 109 
1 4 33 63 107 109 
1 4 33 63 64 107 108 
1 4 33 34 64 111 
4 33 
4 33 34 65 113 
4 65 
15 66 
15 36 66 67 68 
36 68 69 
1 2 5 6 7 16 37 118 119 122 123 124 125 130 140 141 142 143 158 159 160 161 162 163 164 165 166 167 168 196 197 198 199 200 201 202 203 204 205 206 207 208 209 210 211 212 213 214 215 218 117 
125 142 159 160 161 163 164 165 196 197 198 199 200 201 202 203 117 204 205 206 208 
117 120 121 122 126 127 132 133 134 135 145 146 147 119 170 171 172 173 174 175 176 177 
119 121 126 132 133 134 145 146 170 171 172 173 
119 120 126 132 133 135 145 146 170 171 172 173 174 175 176 177 
117 119 123 127 128 129 136 137 138 147 148 149 150 151 152 180 182 183 184 186 187 188 189 190 
117 122 124 125 129 138 139 153 155 156 157 192 193 194 195 
117 123 125 139 140 156 157 194 195 124 
117 123 139 140 157 158 125 
119 120 121 134 146 147 174 175 176 178 
122 128 129 136 137 138 148 149 150 151 152 180 182 183 184 185 186 187 188 
122 127 136 138 148 150 151 152 183 184 185 186 187 188 189 
122 123 127 128 138 153 187 188 189 190 191 
117 167 214 215 
169 267 
119 121 133 145 171 172 
119 120 171 173 
121 126 135 146 174 176 177 
121 126 134 146 147 176 177 178 
122 127 137 147 148 149 150 151 152 179 180 181 182 184 185 186 
122 127 128 136 147 148 149 151 152 180 181 182 183 184 185 186 
122 123 127 128 129 153 187 188 189 190 191 
124 140 157 
117 124 125 157 
117 118 158 159 
117 118 159 160 196 197 198 199 
37 7 117 168 
131 267 309 
120 121 132 133 170 171 172 173 
119 120 121 126 134 135 174 175 176 177 
122 126 127 135 136 148 149 150 178 179 180 181 
127 128 136 137 147 149 150 181 182 183 184 
122 127 136 147 148 150 180 182 183 184 
128 136 137 148 149 180 181 182 183 184 
122 127 136 137 152 184 185 186 
122 127 136 137 184 185 187 
138 154 155 156 194 
123 153 155 156 191 193 
153 154 191 193 
123 124 154 155 194 195 
124 125 139 157 
117 125 141 158 
117 118 141 142 196 197 198 199 
117 118 142 199 200 201 
117 118 204 205 
117 118 161 204 205 206 207 
117 118 162 164 204 205 206 207 
117 118 162 163 165 205 207 208 
117 164 166 208 210 211 
117 165 209 210 211 212 213 
117 130 214 215 
37 7 143 
131 144 169 
119 121 133 145 
119 120 121 132 133 172 173 
119 120 121 133 145 171 173 
119 120 133 171 
126 175 
119 121 126 134 174 176 177 
119 121 126 134 135 146 175 177 
119 121 126 134 135 175 
119 126 135 147 179 
136 180 
122 127 137 147 148 150 179 181 182 183 
136 137 147 148 150 179 182 183 
122 136 137 147 148 149 150 180 181 183 184 
122 127 128 136 137 148 150 180 181 182 184 
122 127 128 136 137 150 151 182 185 
122 127 128 136 137 151 152 
122 127 128 136 137 151 152 184 185 
122 127 128 129 151 152 188 189 
122 127 128 129 187 189 
122 128 138 190 
129 138 189 
123 129 138 153 155 192 193 
123 153 154 155 191 
153 154 155 191 192 
123 124 153 155 156 195 
123 124 156 
117 118 142 159 197 198 
117 118 142 159 196 198 200 
117 118 142 159 197 199 200 
117 118 142 159 160 197 198 200 201 
117 142 160 197 199 201 
118 160 200 
117 203 
117 202 
117 118 161 162 163 
117 118 161 162 163 164 204 206 207 
117 118 163 164 205 207 
117 118 162 163 164 206 208 
117 164 165 207 
165 210 211 
117 166 209 211 
117 165 209 210 
117 166 
117 212 
117 167 215 
117 167 214 
117 118 119 120 121 131 217 218 219 220 221 222 223 224 226 227 228 229 230 231 232 242 243 244 245 246 247 248 260 262 263 264 265 266 267 285 286 287 288 289 290 291 292 294 295 296 297 298 299 300 301 302 303 304 305 306 310 216 
216 219 220 222 223 225 226 235 236 237 238 239 240 241 250 251 252 253 254 256 274 275 276 277 278 279 280 281 310 
216 221 224 230 248 263 264 265 297 299 300 301 302 303 304 305 
216 217 220 222 223 226 236 237 238 239 240 241 254 255 256 257 274 275 276 277 278 279 280 281 282 
216 217 219 223 226 227 240 241 257 258 259 282 283 284 
216 218 242 243 244 245 246 247 287 288 290 291 292 293 294 295 
216 217 219 223 226 236 237 238 253 255 274 275 276 
216 217 219 220 222 226 239 240 241 255 257 277 278 279 281 282 
216 218 248 263 265 303 304 305 306 307 308 
217 233 234 235 249 250 251 252 268 269 270 271 272 319 
216 217 220 222 223 240 241 255 256 277 281 
220 258 259 
216 229 260 261 262 285 286 
216 228 286 
216 218 231 232 296 230 297 298 
218 230 232 299 
216 218 230 299 300 
225 234 235 249 268 269 319 
225 233 235 249 250 268 269 270 319 
217 225 233 234 249 250 251 252 268 269 270 271 272 273 
217 222 237 274 
217 219 222 236 238 253 274 275 
217 222 237 254 255 274 275 276 
219 222 223 226 238 254 255 275 277 278 
217 219 223 226 241 256 279 280 281 
217 220 223 226 240 257 282 
216 221 243 287 288 289 290 
216 287 288 289 
216 221 245 246 247 291 292 293 294 295 
216 221 244 246 247 292 293 294 
216 221 244 245 247 292 293 294 295 
216 221 245 246 293 294 295 
216 218 224 266 267 307 308 309 
225 233 234 235 250 268 269 270 319 
217 225 234 235 249 251 268 269 271 
217 225 235 250 272 273 
217 225 235 250 251 271 272 273 
217 222 236 237 274 
219 237 238 239 276 
217 219 222 223 226 238 239 254 276 277 278 
219 240 279 280 
219 220 223 241 282 283 
220 259 284 258 
227 258 
216 261 
228 260 
216 228 229 285 
216 218 224 264 300 301 302 305 
218 224 263 302 303 305 
216 224 266 308 
216 224 308 
144 216 248 309 
233 234 235 250 269 270 
225 233 234 235 249 250 268 270 
225 234 235 249 250 268 271 
225 235 250 251 270 272 273 
225 235 250 251 271 
251 272 
217 222 236 237 238 253 
217 219 222 237 238 239 254 276 
219 222 239 254 255 277 
219 223 239 255 278 
217 219 223 226 239 255 277 
217 219 223 226 240 256 280 281 
217 219 223 226 240 256 
217 219 223 226 240 256 279 280 
241 257 
220 241 257 
220 258 
229 262 286 
216 228 229 285 286 
216 221 242 289 
216 221 242 243 287 289 
221 242 287 288 
216 242 
216 221 
244 246 293 
216 221 244 245 246 247 291 294 
216 221 244 245 246 247 291 
216 245 246 294 
216 230 
216 230 298 
216 230 
216 218 232 
218 301 
216 218 
216 263 264 305 
216 218 224 264 304 305 
216 218 224 264 305 303 
216 224 264 305 306 
216 264 305 
224 248 265 266 308 309 
224 248 265 307 309 
267 307 309 
311 313 314 316 317 318 321 322 328 329 330 331 332 
310 312 313 314 328 
310 313 320 325 326 327 312 
310 311 312 320 327 313 
310 315 321 328 329 
314 316 317 321 330 
310 315 321 331 
310 315 322 331 332 
310 322 323 333 334 335 
233 249 324 336 337 338 339 340 341 319 
312 313 327 
310 314 315 316 329 330 
317 331 332 
318 324 333 334 323 
323 336 337 338 340 
312 326 327 
312 325 327 
312 313 325 
314 329 
310 314 330 
314 315 321 
310 316 317 322 
310 317 322 331 
323 334 335 
318 323 333 335 
318 323 333 
319 323 337 341 
319 324 338 339 340 
319 324 337 339 340 341 
319 324 336 337 338 340 341 
319 324 336 338 339 341 
319 336 338 339 340 

