211 1747
2 3 5 6 7 8 9 14 15 16 17 18 19 31 32 33 34 35 37 38 39 40 41 59 60 61 62 63 64 65 66 67 68 69 70 71 72 73 74 105 106 107 108 109 110 111 112 113 114 115 116 117 118 119 120 121 122 123 124 125 126 127 
1 3 4 5 12 13 14 21 22 24 25 26 27 28 29 51 52 53 86 87 88 89 90 91 92 93 94 132 133 134 
1 2 6 7 8 9 14 15 16 17 18 19 32 33 34 35 36 37 38 39 40 59 61 62 63 64 65 66 67 68 69 70 71 72 73 107 108 109 110 111 112 113 114 115 116 117 118 119 120 121 
2 10 11 20 42 44 76 77 143 
1 2 24 25 26 27 28 53 92 93 94 95 96 
1 3 7 16 33 34 35 36 59 62 63 64 65 66 67 68 107 108 109 110 111 112 113 
1 3 8 16 17 34 35 36 37 66 67 68 69 115 116 
1 3 7 17 18 37 38 39 69 70 71 72 73 119 121 122 
1 3 8 18 39 40 73 74 75 122 124 125 126 127 128 129 130 131 
11 42 43 76 77 
10 20 42 43 44 76 77 78 
2 48 50 51 82 83 84 
22 23 86 87 
1 2 3 15 28 31 32 54 55 56 57 58 103 104 
3 14 32 33 58 59 104 
1 3 6 7 17 34 35 36 66 67 68 114 115 
1 7 8 16 37 38 70 71 116 117 118 119 120 
1 3 8 9 19 39 40 41 73 74 75 122 125 126 127 128 129 130 
1 3 9 41 74 75 130 131 19 
4 11 77 
2 13 22 23 51 86 87 
2 21 23 86 87 
13 86 87 
2 25 26 52 90 91 
2 52 
2 24 25 27 92 93 
2 5 26 53 93 94 95 96 
2 5 14 30 31 53 54 97 98 99 100 101 102 
2 14 28 30 31 54 55 56 98 99 100 101 102 103 
14 29 31 54 55 56 97 98 101 102 103 
14 15 28 29 30 54 55 56 57 58 103 104 
1 3 14 15 33 59 104 105 
1 3 6 15 32 59 60 61 62 63 105 106 107 108 109 
1 3 6 7 16 35 36 66 67 68 113 
1 3 6 7 16 34 36 66 67 68 114 
1 3 6 7 16 34 67 68 
1 3 7 8 17 38 69 70 71 116 118 119 120 
1 3 8 17 37 69 70 71 72 120 121 
1 3 8 40 72 73 122 123 124 125 127 128 
1 3 9 18 39 73 122 124 125 127 128 129 
1 9 18 19 74 75 131 
4 10 11 20 43 76 77 
4 10 11 20 44 76 77 78 
11 43 45 46 76 77 78 
43 46 78 79 
44 45 79 80 81 
12 48 49 
12 47 49 50 
12 50 82 
12 47 49 51 83 
2 12 21 84 85 
2 5 24 25 89 90 91 
2 5 27 28 94 95 96 
14 29 30 31 55 56 57 58 100 101 102 103 
14 30 31 54 56 57 
14 29 31 54 57 58 
14 30 31 54 55 103 
14 15 31 54 56 57 103 104 
1 3 6 15 33 60 61 62 105 106 107 
1 32 33 59 61 62 105 106 
3 59 62 106 107 
1 3 33 59 60 106 107 
1 3 6 33 64 65 107 108 109 110 
3 65 109 
3 6 63 64 111 
1 6 7 16 35 67 68 111 113 
3 6 7 34 36 66 68 
3 6 16 34 36 66 67 
3 7 8 17 37 38 70 116 117 118 119 120 
1 3 8 17 37 38 69 71 119 120 121 
1 3 8 17 37 38 69 70 120 121 
1 3 8 38 39 73 122 123 124 
1 8 9 18 40 72 122 124 125 126 
1 9 18 19 129 130 131 
18 19 41 74 131 
4 10 11 20 42 43 44 77 78 
4 10 11 20 42 43 44 76 78 
11 43 44 77 
45 46 80 81 
45 79 81 
46 80 
47 48 49 
12 50 51 84 
12 51 85 
12 51 83 
13 21 22 23 
21 23 86 
2 90 
2 52 88 
2 52 88 91 
24 52 90 
5 24 25 26 52 
2 5 26 27 53 94 
2 5 27 53 95 
5 27 53 94 96 
5 27 53 95 
28 29 30 98 99 100 101 
28 30 97 99 100 101 
28 29 30 97 98 100 101 102 
28 29 54 97 98 99 101 102 
28 29 30 54 97 98 99 100 102 
28 29 30 54 99 100 101 
14 30 31 54 55 56 57 58 
15 31 58 
1 32 59 60 61 62 
33 60 61 62 105 
1 3 6 33 59 61 62 63 108 109 
1 3 6 33 109 
1 3 6 33 63 64 65 107 108 
1 3 6 63 64 65 111 112 
6 65 66 110 112 
1 3 6 65 110 111 113 
1 3 6 34 66 111 112 
1 3 7 16 36 
3 7 16 36 116 
7 17 69 117 119 
1 3 17 37 69 116 118 119 
1 3 17 37 69 116 119 
1 3 8 69 70 116 117 118 120 
1 3 8 17 37 70 71 119 
1 3 8 17 38 70 71 
8 9 18 39 40 72 73 123 124 125 126 
1 73 122 124 125 
1 9 39 40 72 73 122 123 125 126 
1 9 18 39 40 73 122 123 124 126 
1 9 18 40 73 122 123 124 125 127 
1 9 18 40 
18 39 40 127 129 
9 18 74 128 130 
9 18 19 
9 74 75 
4 133 134 135 136 137 140 141 142 143 153 154 155 156 157 158 159 160 169 171 172 173 174 175 176 177 197 198 199 200 201 202 203 204 205 206 
4 132 134 137 141 142 143 153 154 155 156 157 158 159 160 174 175 176 177 200 202 203 204 205 206 207 
4 10 11 20 42 132 137 142 143 156 157 158 159 160 206 207 208 209 210 211 
136 148 149 150 151 164 166 185 187 188 189 190 135 191 
132 140 151 167 193 194 
132 133 134 141 142 153 154 155 156 172 173 174 175 176 177 199 200 201 202 203 
144 145 146 147 163 180 181 182 138 183 
138 144 145 162 163 181 182 
132 136 152 167 168 170 171 195 196 197 
132 133 134 137 142 153 154 155 156 157 174 175 176 177 200 201 202 203 204 
132 133 134 137 141 155 156 157 158 159 176 177 203 204 
10 11 132 133 158 159 160 207 208 209 210 211 
138 139 145 146 161 162 178 179 180 181 
138 139 146 161 163 178 179 180 181 182 
139 144 145 161 162 163 178 179 180 181 182 
135 138 148 149 150 164 165 183 185 186 187 
135 147 149 164 184 185 186 187 
135 147 148 150 164 184 185 186 187 
147 149 151 164 165 185 186 187 189 190 
135 136 150 151 191 
132 169 195 197 
132 133 137 172 173 174 175 199 200 
132 133 137 141 153 155 172 173 175 199 200 201 
132 133 137 141 142 153 156 174 175 176 177 200 202 203 
132 133 134 137 141 142 155 157 158 159 176 177 203 204 205 
133 134 141 142 156 158 159 205 
132 134 142 143 156 160 207 
132 133 134 142 143 156 157 205 206 
132 133 143 158 159 207 208 209 210 211 
138 144 146 178 180 
138 139 144 145 146 163 180 181 182 
138 139 145 146 162 182 
147 148 149 150 165 185 186 
135 147 149 150 164 185 186 187 188 189 190 
135 136 151 191 192 193 
136 140 169 170 192 193 194 195 
136 140 167 170 195 196 
132 195 197 
168 169 196 197 
132 140 152 198 171 
132 137 153 154 171 173 198 199 
132 137 153 172 174 199 200 
133 137 141 153 154 155 173 175 200 201 202 
132 133 137 141 153 154 155 174 200 201 202 
132 137 141 142 155 156 177 202 
132 133 137 141 155 156 176 203 
144 146 180 
144 145 161 178 180 
146 161 162 178 181 
138 139 144 146 180 182 
138 139 145 162 181 
138 184 
147 148 149 183 
135 148 149 150 165 187 
147 165 185 
135 148 149 150 164 165 186 188 
135 165 185 
135 150 165 188 190 
135 150 165 188 189 
135 136 151 166 
166 167 193 
136 166 167 
136 192 193 
140 152 167 168 169 170 196 
140 152 168 169 170 195 
140 152 196 
132 171 
132 137 153 154 172 173 
132 133 137 141 153 154 155 173 174 175 202 
132 137 153 155 174 175 200 202 
132 133 137 141 155 174 175 176 200 201 
132 133 137 142 156 177 
132 133 141 142 156 203 
132 133 156 158 159 204 
133 158 
133 134 143 158 159 208 209 210 
134 143 160 207 209 210 
143 160 208 210 
134 160 207 209 211 
134 143 

