41 279
19 24 30 2 
19 24 30 1 
19 30 
19 24 25 30 
19 20 23 25 31 32 6 7 
19 20 23 25 31 32 5 
20 21 23 32 33 5 6 8 10 11 12 
20 21 23 32 7 9 10 
20 21 23 32 33 7 8 10 11 12 
20 21 32 7 8 9 12 
21 23 33 34 7 9 10 12 
20 21 23 33 34 7 9 10 11 13 
20 23 33 34 11 12 
20 21 26 34 35 15 
20 35 14 
20 21 36 17 18 
36 16 18 
26 36 16 17 
20 21 22 23 24 25 30 31 32 33 1 3 4 5 6 
21 23 25 31 32 33 34 35 36 5 6 7 8 9 10 11 12 13 14 15 16 
19 20 23 25 26 32 33 34 35 36 7 8 9 10 11 12 14 15 16 
19 29 40 41 22 
19 20 21 25 31 32 33 34 5 6 7 8 9 10 11 13 
25 30 3 4 
20 21 23 24 30 32 4 5 6 
20 21 35 14 15 16 17 18 
28 29 37 38 27 
27 39 
22 27 28 39 
24 25 1 2 4 
19 20 24 25 32 5 
19 20 21 23 31 33 5 6 7 8 9 10 
19 20 21 23 32 8 9 10 11 12 13 
20 21 23 33 35 12 13 14 
20 26 36 14 15 
21 26 35 16 18 
27 38 
27 37 
27 28 
22 41 
40 22 

