47 330
2 3 4 5 8 12 13 14 15 16 23 26 27 28 29 
1 4 5 6 8 9 10 14 15 16 17 18 29 30 31 33 34 35 36 37 38 
1 7 12 13 23 24 25 26 27 28 
1 2 3 7 12 13 14 28 
1 2 6 9 10 16 17 18 33 34 35 36 37 38 
2 5 9 10 11 18 37 38 39 41 
1 4 12 13 23 24 25 26 27 28 
1 2 4 14 15 16 29 30 
2 5 6 10 17 18 34 36 37 38 
2 5 6 9 17 18 34 35 36 37 38 
6 19 39 40 42 43 
1 3 4 7 13 26 27 28 
1 3 4 7 28 
2 8 15 29 
1 2 8 14 16 29 31 
1 2 5 8 15 17 29 30 31 32 33 
2 5 9 10 16 30 32 33 
2 5 6 9 10 17 34 35 36 37 
11 20 43 44 45 47 21 
21 44 46 47 
20 21 
22 23 
1 3 7 22 24 25 26 
3 7 23 26 
3 7 23 24 
1 3 7 12 23 24 25 27 
1 3 7 26 
3 4 7 12 13 27 
1 2 14 15 16 30 31 32 
2 15 29 31 32 
2 15 30 32 33 
2 15 16 17 30 31 33 
2 5 16 17 30 31 32 34 
9 10 17 18 33 35 36 37 
2 5 10 17 18 34 36 37 
2 9 10 17 18 34 35 37 
2 6 9 10 18 36 
2 5 6 9 10 
6 11 40 42 
11 39 41 
6 11 40 42 
39 43 
11 19 42 44 
11 19 43 46 
19 20 44 46 47 21 
19 20 44 45 47 
19 20 44 45 46 21 

