48 272
28 29 35 36 2 3 
28 29 1 
36 37 1 2 4 
29 3 
29 37 6 
20 5 
20 6 
16 22 
22 40 11 12 
16 31 40 9 11 12 
16 40 41 9 10 12 
41 42 9 10 11 
16 41 42 14 15 
16 13 15 
43 14 15 
21 22 31 39 41 42 8 9 10 11 12 13 14 
18 19 23 24 25 26 27 28 32 33 34 45 46 
17 19 24 25 27 33 34 
17 18 28 34 47 48 
21 30 37 38 4 5 6 7 
16 20 22 38 39 8 
30 31 38 39 8 
17 24 25 26 27 32 33 44 45 46 
17 23 25 26 32 33 44 45 46 
18 24 26 27 32 33 44 45 46 
17 24 25 32 33 45 46 
17 24 25 26 32 33 45 
17 19 35 36 47 48 1 2 
20 28 36 37 3 4 5 
20 21 22 38 6 7 
16 21 22 40 41 10 11 12 
17 24 25 27 33 45 
17 18 23 24 25 26 27 44 45 46 
17 18 19 
19 28 47 48 36 1 
28 29 35 36 1 2 
20 4 
20 30 
16 22 38 8 
16 31 9 12 13 
31 40 42 12 13 
16 31 40 41 12 13 
15 43 
23 32 45 
17 23 24 25 26 27 32 44 46 
17 23 25 27 32 33 45 
19 28 35 48 36 
19 28 35 47 36 

