159 1343
2 3 4 5 6 7 8 10 14 15 21 22 23 32 33 34 35 36 37 38 39 61 62 63 64 65 66 67 68 69 70 71 96 97 1 
1 4 5 8 9 11 12 13 17 18 19 20 26 27 28 29 30 50 52 53 54 55 88 89 90 91 92 94 95 
1 4 6 10 14 21 31 32 34 35 36 3 56 57 58 59 60 61 62 63 64 97 
1 2 3 5 7 8 9 10 11 15 16 22 23 24 38 39 40 41 71 72 74 75 76 77 4 
2 4 7 8 9 11 12 16 17 18 24 26 27 42 43 44 45 46 48 49 78 80 81 82 83 84 85 
1 3 10 14 31 32 33 34 35 56 57 58 59 60 6 62 
5 8 22 23 38 39 40 41 71 72 73 74 75 76 77 
1 2 5 7 9 11 12 16 17 18 25 43 44 45 46 78 79 
2 4 5 8 11 12 17 18 25 26 27 46 48 49 81 82 84 85 86 87 
1 4 6 14 21 34 36 37 63 64 66 67 68 
2 4 5 8 9 17 18 24 25 42 45 46 47 80 81 
2 5 8 11 17 18 26 27 46 47 48 49 81 83 84 85 86 87 
19 20 30 53 54 55 92 93 94 
1 6 10 21 34 35 36 61 63 64 
1 4 7 22 23 40 71 73 74 75 76 
4 5 8 11 42 43 44 78 79 
2 5 8 9 11 12 18 25 42 43 44 45 46 80 81 
2 5 8 17 25 45 47 81 82 83 
13 20 55 93 94 
2 19 30 54 55 94 
1 3 10 14 37 65 66 67 68 
1 4 7 38 69 70 
1 4 7 15 39 73 74 75 76 
4 5 8 16 79 
8 9 11 12 17 18 44 45 46 80 
2 9 12 48 84 85 86 87 
5 9 12 28 50 51 88 89 
2 29 50 51 88 89 90 
2 51 52 89 
2 13 19 54 
3 6 56 57 58 59 
1 6 60 
1 3 6 34 
1 3 6 14 33 61 62 63 
1 3 10 14 34 62 63 64 
1 3 10 14 21 35 64 65 
1 10 65 67 68 
1 4 7 22 69 70 
1 4 73 
4 7 15 23 41 74 75 76 77 
4 7 40 77 
5 8 11 16 43 
5 8 11 16 42 44 
5 8 11 16 17 42 43 45 
8 11 17 18 25 43 44 
5 8 9 11 18 25 47 48 80 81 82 83 
5 9 11 17 18 48 80 81 82 
5 9 12 26 46 47 49 84 85 
5 9 12 26 48 83 84 85 
2 27 28 29 51 50 88 89 90 
2 27 28 29 50 89 
28 29 90 91 
2 13 52 91 
2 13 19 20 30 93 94 
2 13 19 20 30 
3 6 31 57 58 
3 6 31 56 58 
3 6 31 56 
3 6 31 32 33 
3 6 33 59 
1 3 14 34 35 62 63 
1 3 6 14 34 35 61 
1 6 10 14 34 35 61 62 
1 3 10 14 35 36 
1 10 21 36 37 66 
10 37 65 67 
1 10 21 37 66 
1 10 21 67 
1 70 
1 22 38 69 
1 7 22 72 
4 7 71 
7 15 23 39 
7 15 23 40 73 75 
4 15 23 40 74 
7 15 40 74 75 
4 7 40 41 
5 8 16 24 79 
8 16 
5 8 11 18 25 46 47 
5 11 12 17 18 25 46 80 82 
5 9 12 18 46 47 81 83 
5 46 47 48 82 
5 9 12 48 49 85 
5 9 12 26 48 49 84 
5 9 12 26 87 
9 12 
2 27 28 50 51 89 
2 27 29 50 51 88 
28 29 50 52 
2 53 
2 13 53 93 
2 19 54 92 94 
2 13 20 54 93 
2 95 
1 3 6 97 98 99 100 101 102 103 104 109 110 111 112 120 121 122 123 124 125 126 128 129 130 131 132 133 146 147 148 149 150 151 152 153 155 156 157 158 159 
98 99 100 110 111 112 125 126 127 128 129 130 131 132 133 149 150 151 152 153 154 155 156 157 159 
96 97 99 100 103 104 110 111 125 126 127 148 149 151 152 153 154 
96 97 100 104 110 111 125 126 127 149 152 154 
96 98 104 110 111 126 127 128 130 132 152 153 154 155 156 157 158 
102 105 106 107 108 113 114 115 116 117 134 135 136 137 
96 101 103 107 108 109 118 119 120 121 138 139 140 141 142 144 145 
96 98 102 109 121 122 123 124 146 147 
96 97 98 99 100 110 111 126 127 128 129 152 153 154 155 156 157 
113 114 115 116 117 135 137 
105 107 113 114 115 116 135 136 
101 102 105 106 108 117 118 138 
101 105 107 116 117 118 138 
96 103 120 121 122 123 124 146 
97 98 99 100 104 111 127 128 152 153 154 155 
97 99 104 110 126 127 128 154 155 
96 97 100 128 129 130 131 133 158 
101 105 106 114 115 134 136 
101 105 113 134 135 136 
101 105 106 114 134 135 136 
101 106 107 108 117 137 
101 102 107 108 116 
102 107 108 119 138 139 140 141 142 143 145 
138 141 143 144 145 
96 102 109 121 122 123 124 146 
96 102 103 109 122 123 146 
96 103 109 121 123 124 146 
96 121 122 124 146 
96 103 109 120 121 122 123 146 147 
96 97 98 99 148 
96 97 98 99 104 110 149 150 151 152 153 154 
96 97 98 99 100 110 111 128 129 154 155 156 
96 97 100 104 110 111 112 127 129 130 155 156 157 158 
96 97 100 104 112 127 128 130 131 132 155 156 158 
96 97 100 112 128 129 131 132 133 157 158 
97 100 112 128 129 132 133 158 
96 97 100 112 130 131 133 158 
96 97 112 130 131 132 
114 115 135 136 
101 105 106 113 114 115 134 136 
101 105 106 113 114 115 135 
101 105 106 116 
107 108 117 119 139 141 142 
102 119 138 140 141 
138 141 143 144 145 
102 118 119 138 139 140 143 144 145 
102 118 119 138 140 141 143 144 
102 118 139 140 141 142 144 145 
102 118 119 140 141 142 143 
102 118 119 140 142 143 144 
96 103 109 120 121 122 123 124 
96 124 
96 98 125 
96 97 98 99 126 150 151 152 153 
96 97 98 99 126 149 151 152 
97 98 99 126 149 152 153 
99 104 110 126 149 150 151 153 
96 97 98 100 110 126 151 152 
97 98 99 100 104 110 111 126 127 
96 97 100 110 111 127 128 129 156 157 
96 97 127 129 155 157 
97 100 104 128 129 130 155 156 158 
96 97 128 129 130 131 132 157 
97 133 

