83 588
41 46 2 1 
41 46 1 3 
37 2 
36 37 
37 47 
36 37 47 5 
36 47 63 
49 50 51 64 9 10 
50 51 64 65 8 10 
48 49 50 51 52 8 9 
38 42 54 66 12 13 
67 11 13 
38 42 55 66 67 11 12 14 
38 42 56 66 67 68 11 12 13 
34 43 58 59 70 71 
39 58 70 71 
34 35 39 60 72 74 18 19 
39 60 74 19 
34 39 60 74 18 
35 60 18 19 21 
35 44 60 75 76 20 
35 44 61 75 76 77 23 24 
35 44 61 75 76 77 22 24 
35 44 61 75 76 77 23 
35 44 
35 62 78 80 27 
35 45 62 79 80 26 28 29 30 
81 27 29 30 
45 81 27 28 30 31 
45 62 81 27 28 29 31 
45 62 81 28 29 30 32 
40 82 31 
40 45 
35 38 39 42 43 44 56 57 58 59 60 68 69 70 71 72 73 74 15 16 17 18 19 
34 39 40 44 45 60 61 62 74 75 76 77 78 79 80 18 19 20 21 22 23 24 25 26 27 
37 41 47 48 49 63 4 5 6 7 
36 41 46 47 63 3 4 6 
34 42 43 52 53 55 56 57 66 67 68 69 11 13 14 
34 35 58 59 60 71 72 73 74 16 17 18 
35 45 81 83 32 33 40 
36 37 3 
34 38 43 51 52 53 54 55 56 57 67 68 11 12 13 14 
38 42 56 57 58 68 69 70 15 
34 35 60 61 75 76 77 78 21 22 23 24 
35 62 81 82 83 27 28 30 31 33 40 
36 37 41 1 
36 48 5 7 
36 47 49 50 51 52 64 65 8 9 10 
36 48 50 51 52 65 8 9 10 
48 49 51 52 53 65 8 10 
42 48 49 50 52 54 64 8 9 10 
38 42 48 49 50 51 53 54 55 65 66 10 
38 50 51 52 55 64 65 66 
38 51 52 53 55 64 67 11 
38 42 52 53 66 11 12 
34 38 42 43 57 68 69 14 
42 68 69 
34 39 43 59 70 71 15 16 
34 39 58 71 15 16 
34 35 39 44 74 75 17 18 20 
35 75 76 77 78 79 80 22 23 24 25 
35 45 78 79 80 81 26 27 28 29 30 31 
37 5 6 7 
49 50 51 52 53 54 65 8 9 
49 50 51 52 53 54 64 9 10 
38 42 52 54 67 11 12 13 14 
38 42 54 55 66 11 12 13 14 
34 38 42 57 
34 38 43 56 
34 43 58 59 71 15 16 
39 58 70 15 16 
34 73 17 
39 72 
34 35 17 18 19 20 
35 44 60 61 76 77 22 24 
35 44 77 22 23 24 
35 44 75 22 23 
35 44 61 62 79 80 25 
35 61 62 78 80 26 27 
35 61 62 78 79 26 27 
40 45 82 28 29 32 
40 45 81 83 32 33 
40 45 82 33 

