60 433
46 2 25 
33 34 46 1 25 
33 47 48 26 
28 5 
28 30 4 
29 30 39 
28 40 53 54 8 
29 35 53 7 
28 29 35 40 54 55 10 
28 29 35 36 54 55 9 
29 35 36 40 41 42 55 12 
28 35 40 42 11 
28 29 36 42 14 
28 36 42 57 13 15 16 
28 42 56 57 14 16 
28 57 14 15 
37 43 44 58 18 19 
37 43 44 58 19 20 
37 43 58 17 20 
37 43 44 58 18 19 
37 38 44 58 59 22 24 
37 38 44 58 59 23 24 
44 59 60 
37 38 59 60 21 22 23 
45 46 2 
33 34 46 47 48 3 
33 47 
29 30 31 32 35 36 37 39 40 41 42 43 50 51 52 53 54 55 56 4 5 6 7 8 9 10 11 12 13 14 15 
28 30 31 32 35 36 39 40 41 42 50 51 52 53 54 55 56 4 6 7 8 9 10 11 12 13 
28 29 32 35 39 51 52 53 4 6 
28 29 32 50 47 
28 29 30 31 50 
34 45 46 47 48 1 2 3 25 26 
33 45 46 47 48 2 3 26 
28 29 30 36 39 40 41 42 54 7 8 9 10 11 
28 29 40 41 55 56 10 11 12 14 
28 38 43 44 58 59 60 17 18 20 21 22 23 24 
37 44 58 59 21 22 23 24 60 
28 29 35 4 5 6 
28 35 36 41 53 54 55 7 8 9 10 11 12 
28 36 42 55 12 13 
28 35 36 41 56 11 12 13 15 
28 37 44 58 43 17 18 20 
37 38 43 58 60 17 18 19 21 22 23 
33 34 46 1 2 25 
33 34 45 47 48 1 3 26 
49 34 48 3 
49 33 34 46 47 26 27 
31 27 
28 29 31 32 52 
28 29 30 32 50 52 
30 32 51 
28 29 30 35 39 40 54 55 7 8 9 
28 29 40 53 55 7 8 9 10 
28 40 41 53 54 9 10 11 
28 29 57 14 16 
28 56 14 15 16 57 
43 44 59 17 18 19 20 21 22 
37 44 58 21 23 24 
37 38 59 21 22 23 60 

