32 181
18 24 25 3 
18 21 22 25 3 
18 21 24 25 1 2 
18 19 21 26 5 6 7 
18 19 26 4 6 
21 26 5 7 
18 19 4 5 8 9 
19 26 7 9 
18 23 26 7 8 10 
19 9 
19 23 
28 13 14 
27 28 12 14 15 
20 27 15 
20 13 14 
30 31 32 17 16 
30 31 32 
19 22 23 24 25 26 1 2 3 4 5 6 7 9 
18 20 21 23 27 4 5 6 7 8 9 10 11 
23 27 29 30 12 14 15 
18 19 22 24 25 26 1 2 3 4 5 6 
21 25 1 2 3 
18 19 20 26 9 10 11 
18 21 25 1 2 3 
21 1 2 3 
18 19 21 23 4 5 6 7 8 9 
19 20 23 28 11 12 13 14 
20 12 13 14 15 
28 16 
20 29 32 16 31 17 
30 32 16 31 17 
30 31 16 17 

