185 1490
146 184 185 
3 5 6 7 8 9 10 11 19 20 21 22 23 24 25 26 27 36 37 38 39 40 41 42 43 44 45 46 47 48 49 50 51 52 2 75 76 77 78 79 80 81 82 83 84 85 86 88 89 90 91 92 93 94 95 96 97 98 99 100 101 102 103 104 
2 15 16 31 32 33 34 66 116 117 119 120 121 122 123 124 125 126 3 
141 142 148 151 152 153 161 162 163 164 16 17 18 35 69 70 71 73 74 133 134 135 
2 10 27 28 51 52 53 54 55 57 58 59 60 105 106 
2 7 19 36 37 75 77 78 79 
2 6 8 19 36 37 38 78 79 80 81 82 83 84 
2 7 20 21 22 38 39 83 84 85 86 87 88 89 90 91 
2 22 23 25 26 40 41 42 93 94 
2 5 49 50 51 52 104 10 
2 12 13 14 15 29 30 61 62 63 11 110 111 112 113 
11 13 14 15 29 62 63 110 111 112 113 
11 12 14 15 29 30 31 62 63 110 111 112 113 114 
11 12 13 15 30 31 32 62 63 64 111 112 113 114 
3 11 12 13 14 30 32 62 63 64 65 113 114 115 
3 4 17 18 34 35 67 68 69 129 130 131 132 
4 16 18 35 67 68 69 70 71 132 133 
141 4 16 17 70 72 73 133 134 135 
2 6 7 36 76 77 78 79 80 81 
2 7 8 21 83 84 85 86 87 88 89 90 
2 20 22 39 85 86 87 88 90 91 92 
2 8 9 21 39 40 91 
2 9 22 24 25 40 41 42 
2 23 25 41 42 94 
2 9 23 24 26 41 42 93 94 95 
2 9 24 25 42 43 96 97 
5 28 55 56 57 58 59 60 105 106 
5 27 55 56 57 59 61 106 
12 13 14 30 62 11 110 111 112 
11 12 13 14 29 63 112 113 114 
3 14 15 32 65 115 
3 13 14 15 31 64 65 116 
3 116 118 119 120 121 122 123 
3 16 66 125 127 128 
4 16 17 68 69 
2 6 7 19 37 38 79 80 81 82 83 
2 6 38 81 
2 7 8 36 37 82 83 84 
2 21 22 40 90 91 92 
2 9 22 23 39 
2 9 23 24 25 42 
2 23 26 93 94 
2 26 44 46 97 98 99 
2 43 46 97 98 99 
2 43 44 46 47 48 98 99 
2 43 45 47 48 99 
2 48 100 101 
2 45 46 100 103 
2 10 50 104 
10 49 51 104 
2 5 50 52 
2 5 51 54 55 105 
5 52 54 55 
5 52 55 105 
27 52 53 54 56 57 105 
5 27 28 55 58 59 106 
5 27 55 56 58 59 106 
5 27 28 55 56 57 59 60 
5 27 28 57 58 60 106 
27 58 59 61 106 107 108 
28 108 109 11 
11 13 14 29 30 63 110 111 112 113 
11 12 14 15 30 31 62 113 114 
31 32 65 115 116 
15 31 115 
3 34 125 126 127 128 
16 35 68 129 130 131 132 
16 17 67 131 132 
4 16 17 35 68 70 
16 17 35 69 71 72 133 134 
4 17 18 70 72 74 133 134 135 
70 73 74 134 135 
4 18 72 133 134 135 
4 18 71 72 73 134 135 
2 6 76 
2 6 19 75 77 
2 6 19 
2 6 7 19 79 80 81 
2 7 19 36 80 
2 19 36 78 79 81 
2 6 7 19 36 37 78 79 80 
2 7 37 38 83 
2 7 8 36 38 82 84 
2 7 20 82 83 
2 20 21 87 88 
2 8 20 21 85 88 89 
2 8 21 86 88 
2 8 21 85 86 87 
2 8 20 21 86 87 88 90 91 
2 8 20 21 39 89 
2 22 39 89 90 
2 21 39 90 91 
2 9 24 42 94 
2 9 24 
25 26 96 97 
2 95 97 
2 26 43 44 95 97 98 
2 43 44 45 99 
2 44 46 98 
2 46 47 103 
2 48 100 
2 47 48 101 
48 100 101 102 
2 10 49 50 
27 52 53 54 
5 27 28 56 57 58 60 
28 59 60 61 108 109 
61 107 109 
61 107 108 
11 13 29 62 
11 12 13 14 29 30 110 112 
13 14 30 62 111 113 
11 12 13 15 30 62 63 112 114 
14 30 63 113 
15 31 32 64 65 
32 117 118 119 
33 116 119 
3 33 
3 33 116 117 120 121 
3 119 121 123 
3 33 120 122 123 
121 123 
3 33 122 
3 125 124 
3 34 124 126 
3 34 128 
66 128 
66 127 
16 67 130 132 
16 67 129 131 132 
67 68 129 130 132 
16 17 67 68 130 131 
4 18 70 71 72 73 134 
4 70 72 73 74 133 
4 18 71 74 134 
137 138 139 141 142 143 148 149 150 151 152 153 154 155 161 162 163 165 166 167 168 4 18 72 73 74 
136 138 139 140 143 144 146 147 148 149 150 154 155 156 157 158 159 168 169 170 172 173 174 175 176 177 178 179 180 181 182 4 
136 137 139 140 143 144 145 146 149 150 155 156 157 158 159 160 172 173 174 175 176 177 178 179 180 182 183 184 4 
136 137 138 140 143 144 145 146 150 157 158 160 177 178 179 180 181 182 183 
137 138 139 143 144 145 146 157 159 160 177 178 179 180 181 182 183 
142 162 18 
141 147 151 152 161 163 
136 137 138 139 140 144 145 149 150 155 156 157 158 172 173 174 175 176 177 178 179 
137 138 139 140 143 145 149 150 155 157 158 173 175 176 177 178 179 180 181 
137 138 139 140 143 144 146 157 158 159 160 177 178 179 180 181 182 183 
137 138 139 140 145 160 184 185 1 
136 137 142 148 151 152 153 154 164 165 167 
136 137 152 153 154 164 165 166 167 
136 137 138 143 155 156 168 169 171 172 173 174 
136 138 139 143 144 149 155 156 157 168 171 172 174 175 176 
136 141 142 147 162 163 
136 142 147 148 151 153 163 164 165 
136 147 165 166 167 
136 137 147 148 153 164 167 
136 137 138 143 144 149 150 168 169 170 171 172 173 174 175 
137 138 143 144 149 150 171 173 175 176 
137 138 139 140 143 144 145 150 175 176 177 
137 138 139 140 143 144 145 159 177 178 180 181 182 
137 138 140 158 182 183 
140 145 146 182 183 184 
136 141 142 162 
136 141 142 151 161 163 
136 151 152 
147 151 152 153 154 165 166 
136 147 152 153 164 166 167 
136 148 153 154 164 165 167 
136 147 153 154 165 
136 149 150 155 169 170 171 172 
137 149 155 168 170 171 172 
149 155 168 169 171 
137 149 150 155 156 168 169 170 172 
137 138 143 149 150 155 156 168 169 170 171 174 
137 143 144 149 150 155 156 172 174 175 
137 138 143 150 155 156 172 173 175 
137 138 143 144 149 150 155 156 157 172 173 174 176 
137 138 143 144 150 155 156 157 173 174 175 
137 138 139 140 143 144 145 157 158 178 180 181 
137 138 139 140 143 144 145 158 177 179 180 181 
137 138 139 140 143 144 145 158 177 180 181 
137 138 139 140 145 158 177 178 179 181 
137 138 139 140 145 158 177 178 179 
137 139 140 145 158 160 183 
138 139 140 145 159 160 182 
138 146 160 185 1 
146 184 1 

