192 1458
3 5 7 8 11 12 24 36 37 38 1 70 71 72 73 74 75 76 77 78 79 80 81 128 129 130 
10 18 19 20 21 31 32 33 34 35 61 62 63 64 66 110 113 115 117 118 120 121 123 124 125 126 127 
1 5 6 8 12 14 15 16 24 25 37 38 39 40 41 42 43 44 45 46 47 48 49 83 84 85 86 87 88 89 90 91 92 93 
2 9 10 17 18 19 29 30 31 58 60 61 62 105 106 107 108 109 110 111 112 113 114 115 116 
1 3 7 8 11 12 23 24 36 37 38 39 78 79 80 81 82 83 
3 9 16 26 27 28 50 52 53 54 55 94 
1 5 8 11 23 70 71 72 73 74 75 76 77 78 129 
1 3 11 23 24 36 77 78 79 80 
4 6 17 28 29 53 54 55 56 95 96 97 98 99 
2 4 18 19 20 31 32 33 34 62 63 116 118 119 120 121 122 
5 7 8 23 70 71 73 74 75 76 77 
1 3 5 13 14 25 37 38 39 40 42 82 83 85 
12 14 15 25 42 43 44 84 86 87 
3 12 13 15 25 41 42 43 44 84 85 86 87 88 89 
3 13 14 16 25 44 45 46 47 49 87 88 89 90 91 92 93 
3 6 15 26 27 47 48 49 50 
4 9 28 29 56 57 98 99 100 102 103 104 
4 10 19 31 60 61 62 110 112 113 114 115 116 117 
4 18 20 32 33 34 62 63 64 118 119 120 121 122 
2 10 19 21 32 33 34 35 63 64 65 123 124 125 126 127 
2 20 22 35 66 67 
2 21 66 67 22 
1 5 7 8 11 36 75 77 79 
5 8 36 37 80 1 81 82 
12 13 14 15 42 43 84 85 86 87 88 
6 27 50 
6 16 50 51 27 
6 9 17 29 96 97 98 
4 9 17 57 101 
2 4 31 58 59 60 107 108 109 110 111 
2 4 18 30 110 111 112 114 
2 10 19 20 33 34 63 64 65 120 121 
2 19 20 32 34 63 64 65 122 123 
2 10 19 32 33 63 64 65 122 123 
2 20 21 66 123 125 126 127 
1 23 78 79 
1 3 5 12 24 38 39 82 83 
1 3 5 12 39 82 83 
3 5 12 37 83 
3 39 84 
12 13 14 25 40 84 
12 13 14 25 41 43 44 84 85 
3 13 14 25 42 44 86 
3 13 14 15 25 42 43 87 88 89 
3 15 46 47 48 88 89 90 91 92 
15 16 45 47 48 49 90 91 92 93 
3 15 45 46 48 49 90 91 92 93 
3 15 16 45 46 47 49 90 91 92 93 
3 15 46 48 
16 51 
6 27 50 52 
6 51 53 94 
9 52 54 55 95 
6 9 55 94 95 
9 53 54 95 
9 17 57 100 101 102 
17 29 56 100 101 102 103 104 
4 30 59 105 106 107 108 
4 30 58 60 107 108 109 
4 18 30 59 109 
2 4 18 31 110 112 113 115 
2 4 10 18 19 116 117 119 
2 10 19 20 32 33 34 120 121 122 
2 19 20 32 33 34 65 123 124 125 
2 20 32 33 64 123 124 125 
2 20 21 66 22 
21 22 
69 192 
68 1 192 
1 7 11 71 73 74 
1 7 11 70 74 
1 7 11 70 71 73 74 
70 71 72 
1 7 11 70 71 72 73 75 
1 23 74 76 
1 11 23 75 77 
1 7 8 11 23 75 76 
1 5 8 36 79 
1 23 36 
1 8 24 81 
5 24 80 1 
5 12 24 37 83 
3 5 38 39 82 
3 12 13 14 25 40 41 42 85 86 
3 12 14 25 41 42 84 86 
3 13 14 25 42 43 84 85 
3 13 14 42 43 44 88 89 
3 14 15 25 44 45 89 
3 14 15 44 45 87 88 
3 15 46 47 48 91 92 93 
3 15 45 46 48 90 92 93 
3 15 45 46 48 90 91 93 
3 45 46 47 48 49 90 91 92 
6 52 53 54 95 
6 53 54 94 
9 28 98 99 
9 28 96 98 99 
17 28 96 97 99 
9 17 28 97 
17 29 56 57 101 102 104 
17 29 56 57 100 102 103 
17 56 57 100 101 103 104 
17 57 100 101 102 104 
17 57 100 101 103 
4 58 
4 58 105 107 
30 58 59 106 
30 58 
30 59 60 
2 4 18 30 31 61 111 112 113 114 
4 61 112 114 
4 30 31 61 110 113 114 
2 4 18 31 61 110 111 112 
4 18 31 61 110 112 113 
18 31 61 
2 4 10 18 62 117 
2 10 62 116 
10 19 62 119 
19 62 118 
2 10 63 122 
2 10 19 32 63 120 122 
2 19 32 34 120 121 
2 20 33 34 35 65 124 125 126 
2 20 64 65 123 125 126 
2 20 35 64 65 123 124 126 127 
20 35 123 124 127 
2 20 35 125 
129 130 134 135 137 143 144 145 146 160 161 180 181 184 185 186 
7 68 69 128 130 135 137 145 146 162 163 186 187 188 189 190 191 192 
7 68 69 1 128 129 161 162 163 164 187 188 190 191 192 
132 138 139 140 150 152 154 169 170 171 172 173 
131 133 140 141 153 156 170 171 172 174 175 
132 141 142 157 158 176 177 
128 135 136 143 144 145 160 180 181 
129 134 136 144 145 181 182 183 184 185 
128 129 134 135 137 145 146 161 181 182 184 185 186 
128 129 135 136 145 146 161 162 163 186 188 189 190 191 
131 139 147 149 165 166 167 
131 140 148 149 150 151 
131 132 139 150 151 152 153 154 169 170 171 
132 133 142 175 176 
133 141 157 158 177 
134 144 159 160 179 180 
128 134 135 143 160 180 
129 134 135 136 137 146 161 181 182 183 184 185 186 
128 129 130 137 145 161 186 188 189 190 
138 148 149 166 168 
138 139 147 149 165 166 167 168 
138 139 147 166 167 168 
140 151 
131 139 140 150 152 169 170 171 
131 151 153 169 170 
131 132 140 152 155 169 170 172 173 174 
132 140 153 155 170 171 172 173 
132 153 154 174 
132 133 141 157 175 
133 141 142 156 
177 178 158 159 
143 158 177 178 179 
128 134 144 
128 129 136 137 145 146 186 187 188 189 190 
68 129 130 137 163 192 
68 129 130 162 164 191 192 
68 69 129 130 162 163 191 192 
138 147 166 
138 147 148 165 167 168 
138 147 149 165 168 
138 139 147 149 
131 140 151 152 153 170 171 172 
131 132 140 151 152 153 154 169 172 
131 140 151 152 153 154 169 170 172 173 
131 132 153 154 170 173 174 
131 132 140 153 154 170 171 172 174 
132 153 154 172 
156 176 
133 141 156 157 175 
133 158 159 177 178 
177 179 
143 159 178 
128 134 143 160 
128 135 182 
135 145 181 
128 135 136 145 182 184 185 
128 135 136 145 183 185 
128 135 136 145 183 184 186 
128 129 136 145 146 185 
129 130 137 146 161 186 188 189 
137 161 187 189 190 
129 130 137 146 161 187 188 
129 130 137 146 161 162 188 189 191 
164 190 192 
68 69 129 130 163 164 191 

