87 520
85 2 3 
1 3 
85 
85 86 87 5 
86 4 
7 10 24 25 26 27 28 29 45 46 48 49 50 51 85 86 87 
6 8 10 14 24 25 26 27 28 29 30 31 32 49 50 51 53 54 55 56 86 
7 11 15 16 17 18 19 20 35 36 61 62 63 64 65 
22 23 42 43 44 83 84 
6 7 27 28 29 49 50 52 53 
15 16 17 18 19 20 35 36 61 62 63 64 65 
21 37 38 39 67 68 70 71 72 74 75 
9 22 23 42 43 44 83 84 
6 7 30 32 54 55 56 
8 11 16 34 57 58 59 60 
8 11 61 62 63 64 
8 11 18 19 20 35 36 62 64 65 
17 19 20 35 36 64 65 
8 11 17 18 20 35 36 65 66 
8 11 17 18 21 35 36 65 66 
12 19 20 36 37 67 68 69 
13 23 41 42 43 79 82 
9 13 22 41 42 43 81 82 83 
6 7 45 46 47 48 
6 7 26 
7 27 
6 7 10 26 49 
6 7 10 29 49 52 
7 10 28 52 
7 14 31 32 55 56 
14 30 32 
7 14 30 31 
34 57 58 59 
15 33 58 59 60 
8 11 19 20 65 
8 11 17 18 19 20 35 65 66 
38 39 67 69 70 71 72 73 74 
12 37 39 40 71 72 74 75 76 77 78 
12 38 40 72 73 74 75 76 77 78 
22 38 39 41 75 78 79 
22 23 40 79 80 81 82 
22 23 43 83 
9 22 23 42 83 84 
13 84 
6 24 46 47 48 86 
6 24 45 47 48 
24 45 48 
6 24 47 
6 7 10 27 28 49 50 51 
7 10 49 
6 7 10 50 
7 10 28 
7 28 52 
7 14 30 55 56 
7 14 56 
7 54 
33 34 60 
15 33 34 57 59 60 
15 33 34 57 
34 57 58 
8 11 16 62 63 64 
8 11 16 17 61 64 
8 11 16 17 61 62 64 
8 11 16 18 63 
8 17 18 19 20 35 36 
19 20 21 36 
12 21 37 68 69 
12 21 37 67 70 
21 37 67 70 
12 67 68 69 71 72 73 74 
37 72 73 74 
12 37 38 39 70 71 74 75 
38 39 71 72 74 
37 39 71 73 75 
12 40 72 73 74 76 77 78 
38 39 75 77 78 
38 39 40 75 76 
38 39 75 76 77 79 
22 40 41 80 81 82 
41 79 81 82 
22 23 41 79 80 82 
22 23 41 79 80 81 
13 42 43 
13 43 44 
85 1 2 3 4 
24 45 87 4 5 86 
4 5 86 

