337 2403
4 5 6 7 8 9 10 15 16 17 18 26 27 28 29 30 31 32 44 45 46 47 48 49 50 51 52 53 55 
5 6 13 19 20 21 22 23 35 36 37 38 39 64 65 66 67 68 69 70 71 
4 14 106 107 108 143 204 205 
1 3 25 14 42 4 107 
1 6 7 8 9 11 16 17 18 32 51 52 53 54 55 56 57 58 59 
2 5 8 10 11 19 34 60 61 62 63 
1 5 8 9 10 16 17 18 31 32 48 49 50 51 52 53 54 56 
1 7 10 11 17 19 33 58 59 
1 5 7 16 29 30 32 46 47 48 49 50 
1 5 6 7 8 11 58 59 
5 6 8 10 19 33 59 
2 13 22 40 71 72 
2 12 22 23 40 41 72 74 75 
3 4 25 14 
1 27 43 44 45 
1 5 7 9 29 30 32 46 48 49 
1 5 7 8 51 52 53 54 55 56 57 
1 5 7 17 54 55 56 57 
2 8 11 34 60 61 62 
2 21 35 36 37 64 66 67 
20 37 65 66 68 69 70 
12 13 23 24 71 72 
2 12 13 22 24 40 41 72 
12 13 40 41 72 
4 14 
1 15 43 
1 15 26 28 44 45 
1 15 27 44 45 
1 30 46 
9 16 29 47 
1 7 9 16 30 32 48 49 
1 7 16 31 48 49 50 51 
5 10 57 58 59 
6 19 60 61 62 63 
36 37 66 
2 20 35 37 65 66 
2 20 21 35 36 65 66 67 
2 21 39 68 
2 21 38 68 69 70 71 
12 13 23 24 41 72 73 
13 23 24 40 72 73 74 75 
4 42 
15 26 27 44 
1 15 26 27 28 43 45 
1 27 28 44 
1 9 29 30 47 
1 9 29 30 46 
1 7 9 16 31 32 49 50 
1 7 9 16 31 32 48 50 
1 7 9 32 48 49 51 
1 5 7 17 32 50 53 
1 7 17 51 54 
1 5 7 17 18 52 54 55 
5 17 52 53 55 
1 5 7 18 53 54 56 57 
5 7 17 18 55 57 
17 18 55 
5 8 33 59 
5 8 10 11 33 58 
6 61 63 
6 19 34 60 62 
6 19 34 60 61 63 
19 34 62 
2 20 
2 20 21 36 37 66 
2 20 21 35 36 37 65 67 
2 21 37 65 66 68 
2 21 38 39 67 69 
2 21 38 39 68 70 
21 39 71 
12 39 70 
13 23 40 41 
13 40 41 
73 75 
41 73 74 
77 78 79 80 81 82 83 85 86 87 92 93 94 95 96 97 116 118 119 120 121 122 123 124 125 126 127 128 129 130 159 160 161 162 163 164 165 166 167 168 169 170 171 172 173 174 207 
3 4 76 102 103 104 105 106 108 137 138 139 140 141 142 143 198 199 200 201 202 203 204 
92 113 114 115 116 152 153 154 155 156 157 158 
76 82 83 87 96 97 98 99 100 126 127 128 130 131 132 173 174 175 176 177 178 179 
81 85 93 80 118 119 120 121 122 159 160 
76 80 82 94 95 124 125 162 163 164 165 167 
76 79 81 83 94 95 96 97 125 126 167 168 169 170 171 172 
76 79 82 96 97 98 126 128 129 130 131 173 174 175 
89 91 110 111 112 
76 80 159 116 
76 81 82 94 95 96 125 126 167 169 170 
76 79 98 99 100 101 134 179 180 181 182 183 184 185 186 187 188 
89 90 110 144 145 146 245 268 
84 90 109 110 146 245 268 
84 89 109 110 145 
84 110 111 113 147 149 
76 116 117 157 158 
76 80 118 119 120 121 122 123 159 160 161 
81 86 95 125 164 
76 82 86 94 125 168 
76 79 82 83 86 97 126 127 128 169 170 171 172 173 
76 83 96 126 127 128 129 173 174 175 
76 79 83 99 100 130 131 132 176 177 178 
79 87 100 131 132 176 177 178 179 180 181 182 
79 87 99 101 133 179 180 181 182 183 184 185 186 187 
87 100 133 134 183 184 185 186 187 188 189 
77 103 135 136 137 138 194 195 
77 102 104 137 138 194 195 196 
77 102 103 138 196 
139 141 197 
77 105 107 108 139 140 141 142 143 197 198 199 200 201 202 203 
25 77 106 108 142 143 202 203 204 205 
106 203 204 205 
88 90 144 268 337 
84 89 90 91 111 146 110 
84 91 110 112 147 
84 91 113 147 148 149 
78 112 114 148 149 151 152 
113 148 149 151 
92 155 156 
85 92 
116 85 117 
80 119 159 
76 80 93 120 121 122 159 160 
76 80 93 121 122 
80 119 120 122 160 
76 80 93 120 121 123 124 160 161 162 
76 93 120 121 122 124 161 162 163 
76 81 122 123 161 162 
81 82 95 167 168 
76 79 82 83 86 96 97 127 128 169 170 171 172 173 
76 79 83 96 97 126 128 173 175 
76 79 83 96 97 126 127 173 175 
76 83 97 130 174 175 
76 98 129 131 176 177 
98 99 130 132 176 177 
79 99 131 176 177 178 179 
87 100 134 183 184 185 186 187 188 
101 133 187 188 189 190 
102 136 190 191 194 
102 193 194 
77 103 104 138 194 195 196 
102 103 104 195 196 
77 105 106 140 197 
77 105 106 141 197 198 199 200 
77 105 106 139 140 142 198 199 200 201 202 
77 106 107 108 141 143 198 199 200 201 203 
77 106 107 108 203 204 205 
89 109 145 337 
88 89 90 109 146 
88 89 110 
84 91 112 114 148 150 
91 112 113 114 147 149 150 
113 148 150 
113 114 147 148 149 151 
114 150 
78 113 
78 114 152 154 
78 153 155 
78 115 
78 115 155 
92 158 
78 92 
76 80 159 93 
119 120 121 
76 93 122 123 162 163 
76 81 122 123 
76 81 123 161 162 
76 94 165 166 
81 166 
76 81 94 164 165 
76 82 95 125 168 
82 86 95 125 167 
76 82 86 96 126 172 
76 86 96 126 169 172 
76 82 169 170 172 
76 82 126 169 170 171 
79 96 126 127 174 175 
76 79 83 97 128 173 175 
79 83 97 128 
79 98 99 
79 98 99 130 131 132 176 
98 179 
79 87 98 99 132 178 180 181 182 
87 98 99 100 179 181 182 
87 99 100 179 180 182 
87 99 100 179 180 181 
100 101 133 184 185 
87 100 101 133 183 185 186 
87 100 101 183 184 186 187 
87 100 101 133 183 184 187 188 
87 100 133 134 185 186 188 189 
87 133 134 186 
101 134 187 
134 135 192 193 
135 190 193 
135 136 190 191 193 
135 136 190 191 192 
102 103 135 136 137 195 
102 137 194 
77 102 137 138 
77 105 139 140 141 
77 106 140 141 142 197 199 200 201 202 
77 106 140 141 198 200 201 202 203 
77 106 140 142 198 199 201 202 
77 106 107 141 142 200 202 203 
77 106 107 141 142 198 200 
77 106 107 143 199 200 201 202 
77 107 108 205 
108 204 
207 208 209 211 212 216 217 229 230 231 232 233 234 235 236 237 238 250 251 252 253 254 255 256 280 281 282 283 284 285 286 287 288 289 290 291 292 293 294 295 296 
78 84 88 89 90 91 109 110 144 145 146 206 214 219 220 221 222 223 224 242 243 244 245 266 267 268 329 330 331 332 333 334 335 336 337 
206 209 211 212 217 236 237 238 239 254 255 256 257 258 288 291 292 293 294 295 296 297 298 299 300 301 302 
206 213 239 240 259 306 308 309 
215 216 225 226 246 269 270 271 272 
206 208 212 230 231 232 233 234 235 236 237 253 254 282 283 284 285 286 287 288 
206 208 211 236 237 238 254 255 256 288 290 291 292 294 295 296 297 298 
209 218 240 260 261 262 307 308 309 310 311 312 
207 224 243 244 245 266 267 331 332 334 335 336 
210 225 226 246 247 248 269 270 271 272 
206 210 228 249 273 274 276 
206 208 212 238 255 256 257 293 295 296 297 298 299 300 301 303 
209 213 259 307 308 
207 221 222 223 241 264 317 319 320 321 
207 219 221 223 241 242 319 321 322 323 324 
207 219 220 222 223 224 242 265 320 321 322 323 324 325 326 
207 219 220 223 224 242 265 322 323 324 325 326 327 328 
207 219 220 221 222 224 242 265 322 323 324 325 326 327 329 
207 214 221 222 242 243 326 327 329 330 331 332 
210 215 226 246 247 248 269 271 272 
210 215 247 248 271 272 
216 228 249 273 274 275 276 
227 249 274 275 276 
230 250 251 277 279 
206 211 231 251 252 253 280 281 
206 211 232 233 253 281 282 
206 211 231 233 235 253 282 283 284 
206 211 231 232 234 235 236 283 284 285 286 287 
206 232 233 235 236 283 284 285 286 287 
206 211 232 233 236 283 284 285 286 287 
206 211 212 233 234 235 237 254 285 286 287 288 290 291 
206 208 211 236 238 254 255 288 289 290 291 292 293 
206 208 212 217 237 256 293 294 295 296 297 298 
208 209 218 258 305 306 
209 213 259 261 263 310 311 312 313 314 315 
219 220 264 317 318 
207 219 220 221 222 223 224 322 323 324 325 326 327 328 
214 224 244 330 331 332 333 
214 243 245 266 267 334 335 336 
88 89 109 144 145 207 214 244 267 268 336 337 
210 215 225 269 
210 225 226 248 271 
210 215 225 226 247 272 
216 227 228 273 274 275 276 
206 229 279 
206 230 252 278 279 
230 251 279 280 
206 230 231 232 280 281 
206 208 211 212 236 237 255 287 289 292 
206 208 212 217 237 238 254 292 294 295 296 
206 208 217 238 257 295 297 298 299 300 
217 256 299 300 302 
208 239 303 306 
209 218 240 260 310 
209 213 259 
213 240 262 263 310 311 312 314 315 
213 240 261 263 310 311 312 314 315 
261 262 313 315 
219 241 316 317 318 
220 221 222 223 242 322 323 325 
207 243 244 267 333 334 335 
207 244 245 266 268 335 336 337 
109 144 145 207 245 
215 225 246 270 
215 225 246 269 
210 215 225 226 247 248 272 
210 215 225 226 271 
227 228 274 
227 228 249 273 275 
216 227 228 249 274 
216 227 228 249 
250 278 
250 251 277 
229 250 252 278 
230 252 
206 230 231 253 280 
206 211 231 232 283 
206 211 231 233 235 284 
211 232 233 234 235 283 285 286 
206 211 233 234 235 236 284 286 287 
211 233 234 236 284 285 287 
206 211 233 235 254 285 286 
208 211 237 254 287 289 291 292 
206 211 212 236 237 254 288 290 291 292 
206 208 212 236 237 254 288 289 291 292 
206 208 212 236 237 254 288 289 292 
206 208 212 237 255 289 290 
206 208 212 217 237 255 294 295 
206 208 238 255 293 295 
206 208 212 217 238 255 256 293 294 296 297 
206 208 212 238 255 295 297 298 
208 212 217 256 295 296 298 
212 238 256 295 296 297 
256 257 300 
217 256 299 
208 217 257 302 303 304 
208 301 303 
217 258 302 304 
258 301 302 303 305 
258 304 
239 305 306 
209 218 308 
209 213 218 307 
307 308 
213 259 261 262 311 312 
240 261 262 310 
240 261 262 
261 262 263 312 314 315 
240 261 262 263 313 315 
313 314 
264 318 
219 241 316 
219 241 316 317 
241 320 
219 221 319 321 
219 221 320 
221 222 242 265 323 324 325 
221 222 242 324 
220 221 222 223 265 322 323 325 326 
221 222 223 242 265 322 324 
221 222 223 224 242 265 324 328 
222 223 224 242 329 
222 223 224 326 327 329 
207 223 224 327 328 
207 214 224 331 332 
207 214 224 243 330 332 
207 214 330 331 
214 266 
207 244 335 
207 214 244 267 334 336 
207 214 244 245 267 335 
144 207 245 267 268 

