196 1559
189 191 194 
187 189 191 194 
187 192 195 4 
192 196 3 
187 188 190 196 7 8 
187 188 190 192 5 7 8 
187 188 190 193 5 6 8 
187 188 193 5 6 7 
10 11 12 13 16 24 25 26 27 28 29 46 47 48 49 50 51 52 53 9 
9 12 21 22 10 40 41 42 43 44 45 89 106 
9 10 12 13 15 24 41 42 43 44 45 46 
9 10 11 13 15 24 41 42 43 44 45 46 
9 11 15 24 25 26 27 28 29 48 49 50 51 52 
17 18 32 33 58 14 
9 11 12 13 26 27 47 49 50 
9 30 53 54 55 
14 30 31 
14 17 33 57 58 
20 34 35 36 37 38 39 60 61 63 64 65 66 
39 61 65 66 
10 22 40 
10 
10 11 12 43 44 
9 12 13 15 25 46 47 48 
9 15 24 48 
9 13 15 27 28 29 49 50 51 52 
9 13 15 26 28 29 50 51 52 
9 13 26 29 51 52 53 
9 13 26 27 28 51 52 53 
16 17 31 54 55 56 
16 17 30 54 55 56 
14 18 33 59 
18 32 57 58 
32 35 36 37 38 59 60 
19 34 36 37 38 60 
34 35 37 38 60 61 
19 34 35 36 38 60 61 62 
19 34 35 37 39 61 62 
20 37 38 61 62 64 
21 10 
10 42 
10 23 41 
10 12 
10 12 23 43 
10 11 
12 24 
9 15 25 48 
9 13 15 24 25 47 
9 13 15 26 27 50 
9 26 27 
13 26 27 28 29 52 
9 13 26 27 28 29 51 
16 9 
16 30 55 56 
16 30 54 
16 17 30 54 
14 33 58 
14 33 
32 33 34 35 60 
19 34 36 37 38 
19 20 35 36 37 38 39 62 63 
19 37 38 
19 20 39 62 65 66 
19 66 
19 20 63 64 66 
19 63 
9 10 11 12 68 69 70 71 72 73 74 75 76 77 78 79 80 81 82 83 84 85 86 87 88 89 92 93 94 95 96 97 98 99 100 101 102 103 104 105 111 112 113 114 115 116 117 120 121 122 123 124 125 126 127 138 140 141 142 143 144 145 146 147 148 149 150 151 152 153 154 155 156 157 158 159 160 161 162 163 164 165 166 167 168 169 170 171 172 173 174 175 176 177 178 179 180 187 188 
67 70 71 72 73 77 78 79 80 81 92 93 94 95 107 109 110 111 112 114 131 132 133 134 135 136 137 138 139 140 187 
67 74 75 76 84 85 87 100 101 102 103 104 126 127 128 129 178 179 181 182 
67 68 71 72 78 79 92 93 94 109 110 131 132 133 134 135 136 137 
67 68 72 93 94 95 111 134 135 136 137 138 
67 68 70 71 80 81 95 96 111 112 113 114 115 138 139 140 141 142 143 144 145 
67 68 72 80 81 96 97 116 117 118 119 120 146 147 148 149 150 151 152 
67 69 75 98 99 100 101 102 103 123 125 168 171 172 173 174 176 177 
67 69 74 84 99 100 101 102 103 123 124 125 126 174 175 176 177 178 179 
67 69 75 84 85 86 103 104 105 127 128 180 181 182 183 184 
67 68 78 79 91 92 107 108 130 
67 68 77 79 92 93 107 108 110 130 131 
67 70 77 78 92 107 108 109 110 130 131 132 
72 73 81 96 114 115 116 117 140 141 142 143 144 145 146 147 
67 68 72 73 80 96 97 114 115 116 117 146 147 148 
67 73 97 118 119 120 121 150 151 153 154 155 156 157 158 
67 98 122 159 160 162 163 164 
67 69 74 75 76 100 101 102 103 104 125 126 177 178 180 181 
69 76 86 105 127 128 129 184 185 
67 76 85 87 105 128 129 184 185 86 
69 86 88 87 
67 87 89 88 
67 88 106 186 
91 193 
77 90 91 
68 70 77 78 79 93 107 108 109 130 131 132 
67 68 70 71 78 79 92 110 131 132 133 134 135 
67 68 71 93 134 135 136 137 
67 68 70 71 72 111 112 113 138 139 
67 80 81 116 117 146 147 148 
67 81 82 117 118 119 148 149 150 152 153 
67 74 83 99 122 166 167 
67 74 75 98 123 167 168 169 170 171 172 173 
67 69 75 84 101 102 123 124 174 175 176 177 
67 69 74 75 84 100 102 103 124 125 126 174 175 176 177 178 
67 69 74 75 84 100 101 103 124 125 126 175 176 178 
67 69 74 75 76 84 102 104 125 126 177 178 179 180 
67 69 76 84 103 180 181 182 183 
69 85 86 128 129 185 
21 89 186 
77 79 92 108 109 130 
77 78 79 92 107 109 130 
68 70 78 79 92 93 107 108 110 131 132 
68 70 78 79 92 93 109 132 133 
67 68 71 72 95 112 113 139 
67 68 72 95 111 138 139 
67 68 72 111 112 140 
67 68 115 141 142 143 144 145 
67 72 80 81 114 141 142 143 144 145 
67 73 80 81 96 146 147 
73 80 81 96 97 148 149 
67 73 82 97 119 120 149 150 151 152 
82 97 120 121 151 152 154 155 
67 73 82 97 119 151 152 153 154 
67 82 119 120 154 155 156 157 158 
67 83 164 
67 75 99 100 124 173 174 
67 74 75 100 101 102 123 174 175 176 
67 69 74 75 84 102 103 126 175 176 177 178 
67 69 75 84 101 102 103 125 177 178 179 
67 69 76 85 104 128 181 182 183 
76 85 86 105 127 129 184 185 
69 85 105 128 184 185 
79 92 
68 70 78 79 109 110 132 
68 70 78 79 93 109 110 131 
70 92 110 
70 71 93 94 135 136 137 
68 70 71 93 94 134 136 
68 70 71 94 134 135 137 
68 94 134 135 
67 68 71 72 95 112 139 
68 72 95 111 138 
67 68 72 80 113 141 142 
67 72 80 114 115 142 143 144 145 
67 72 140 141 143 144 145 
67 72 114 115 141 142 144 145 
67 72 80 114 115 141 142 143 145 
67 80 114 115 141 142 143 144 
67 73 80 81 96 147 
67 73 80 81 117 
67 73 81 96 117 149 
67 82 97 117 118 148 150 
67 73 82 97 118 149 151 
67 73 82 97 118 119 120 150 152 
67 73 82 118 120 151 153 154 155 
67 82 97 119 151 154 155 
67 82 119 120 121 152 153 
67 82 119 121 152 153 154 156 
67 121 154 155 157 158 
67 82 156 
67 82 121 156 157 
67 83 160 
83 159 161 162 
67 160 162 163 164 
67 83 160 161 163 164 
67 83 
67 83 122 161 162 163 165 
67 83 98 122 
67 167 
67 98 99 166 168 169 171 
67 74 99 167 169 172 
67 99 167 170 171 172 
67 167 168 169 171 172 
99 167 168 169 172 
74 99 168 169 170 171 
67 74 99 
67 74 75 100 101 123 124 175 176 
67 74 75 100 101 102 124 125 174 
67 74 75 100 101 102 124 125 174 175 
67 74 75 84 100 101 102 103 125 126 178 
67 69 75 101 103 125 126 177 179 
69 84 126 178 
67 103 104 
69 84 104 127 180 182 183 
76 127 183 
69 76 104 181 182 
76 85 105 128 129 
85 86 105 129 184 
89 106 
77 90 91 188 189 190 191 192 193 194 195 196 2 3 4 5 6 7 8 
77 90 91 187 189 190 192 193 196 5 6 7 8 
187 188 191 192 194 1 3 
90 187 188 192 193 196 6 8 
187 189 194 195 2 
187 188 190 194 195 3 4 5 6 
90 187 188 190 7 8 
187 189 195 1 2 
187 189 191 192 194 2 3 4 
187 188 190 192 4 5 6 

