47 281
46 47 2 3 
1 3 
12 47 1 
16 24 5 
16 24 25 4 6 
24 25 32 5 
17 25 27 33 34 
16 27 33 34 7 9 
17 27 33 34 35 7 8 
17 26 11 
17 35 26 
13 15 16 22 23 24 29 31 32 44 45 46 47 1 2 3 4 12 
12 18 19 20 21 22 23 30 31 39 40 41 42 43 44 
26 14 
12 13 18 19 20 21 29 30 39 40 41 42 43 
12 17 24 25 27 32 33 34 4 5 6 7 8 
27 26 33 34 7 11 
13 28 37 38 36 
13 15 21 29 39 40 41 42 
13 15 29 39 40 41 42 43 
15 20 30 
12 13 23 29 31 44 45 
12 13 22 44 31 45 
12 16 25 32 4 5 6 
12 16 24 32 33 5 6 7 
14 17 35 10 11 26 
16 17 25 32 33 6 7 8 9 
18 36 
12 13 15 19 20 21 22 31 44 
15 21 29 44 
13 23 29 44 
12 16 24 25 5 
16 25 27 34 35 7 8 9 
16 27 7 8 9 
17 26 33 34 9 10 11 
28 36 
18 28 36 38 
18 37 
13 15 19 20 40 41 42 43 
13 20 39 41 43 
13 15 19 20 39 40 42 
13 15 19 20 39 40 41 43 
13 15 19 20 21 39 40 42 
12 13 22 23 29 31 
22 23 31 
12 1 2 
46 2 

