68 383
8 9 10 12 22 24 26 27 28 29 30 31 52 54 55 56 57 58 59 60 61 62 64 65 66 67 
1 3 4 5 8 9 16 2 17 18 19 20 21 22 48 49 50 51 
2 4 6 7 14 15 16 37 38 39 40 41 42 43 44 45 46 47 
2 3 6 14 39 43 44 45 46 
2 17 18 48 
3 4 13 14 15 32 33 34 35 37 38 39 
3 4 41 42 43 44 45 46 
19 20 51 
1 2 22 23 24 25 52 53 55 56 
1 26 58 59 60 61 62 63 64 
1 12 27 29 30 67 68 
29 30 31 68 
6 32 33 34 36 
3 4 15 37 38 39 40 
3 4 6 14 37 38 39 
2 3 16 47 
2 5 
2 5 48 49 
2 8 20 
2 19 21 
2 8 20 22 23 
2 9 21 23 52 53 
9 21 22 52 53 
1 25 55 56 
1 9 54 55 57 
1 10 61 62 63 64 65 
65 66 
1 11 27 29 66 67 68 
12 28 66 68 
11 12 31 
1 12 31 
6 13 34 35 36 
6 13 34 35 
6 13 
6 32 33 36 
6 13 33 34 
3 6 15 36 38 39 
3 14 15 39 
3 4 6 14 15 38 40 
3 4 14 15 39 
3 4 40 42 43 44 
3 4 7 41 43 45 
3 4 7 41 42 44 45 46 
3 4 41 43 45 
3 7 41 42 44 
3 4 7 43 45 
3 16 
2 5 18 49 
2 5 18 48 
2 51 
8 50 
1 9 22 23 54 
9 22 23 52 
9 24 25 56 
9 24 25 54 56 
1 9 24 25 54 57 
1 24 25 56 58 59 60 
10 59 
1 10 57 58 60 61 
57 59 
1 59 60 63 
1 10 26 61 63 64 
1 10 61 62 64 
26 61 62 63 
1 26 27 
11 29 67 
1 11 28 29 66 68 
1 11 12 28 29 66 67 

