39 299
26 28 2 
22 27 28 3 4 5 
22 27 28 2 4 5 
22 23 28 29 2 5 
22 23 27 28 29 3 4 
22 23 7 
22 23 29 6 
19 20 21 25 30 31 32 33 9 10 11 12 
20 21 24 25 30 32 33 8 11 12 13 
19 21 25 33 34 8 12 13 
21 25 33 34 8 10 14 
20 21 25 32 33 34 8 9 10 13 14 15 
25 33 34 9 10 11 14 
21 25 33 34 12 13 15 
21 25 33 34 35 12 13 14 
21 34 35 17 
34 35 16 
37 36 
20 21 22 23 24 25 30 31 32 33 9 10 
19 21 24 25 30 31 32 33 34 8 9 10 11 12 
19 20 24 25 30 31 32 33 34 35 36 8 9 10 11 12 13 14 15 16 
19 23 27 28 29 2 3 5 6 7 
19 22 28 29 4 5 7 
19 20 21 25 30 32 33 24 
19 20 21 24 30 32 33 34 35 8 10 11 13 14 15 
27 1 
26 1 2 3 4 
22 27 29 1 2 3 4 5 
22 28 4 6 
19 21 25 31 33 24 8 9 
19 20 21 24 30 32 8 
19 20 21 24 25 30 31 33 8 10 11 12 
19 20 21 24 25 30 32 34 9 10 11 12 13 14 15 
20 21 25 33 35 36 10 11 13 14 15 16 17 
21 25 34 36 15 16 17 18 
21 35 16 17 18 
38 39 18 
39 37 38 18 
37 38 39 

