85 688
21 42 65 2 
32 65 1 
21 33 66 4 
21 67 3 5 
21 33 66 67 6 68 
21 68 4 5 
43 69 
26 34 44 69 70 9 
26 27 34 69 70 8 10 
26 27 44 69 70 71 8 
45 11 
23 36 14 
17 23 28 36 47 
17 23 28 36 12 
16 18 12 13 14 
15 13 
16 18 13 14 
15 16 17 
20 21 24 25 29 30 31 38 40 41 50 53 54 55 56 57 78 79 80 81 82 83 84 
19 25 30 31 39 40 41 42 56 57 58 59 60 61 62 81 82 83 84 85 
19 20 26 27 31 32 33 40 41 42 43 59 60 61 62 63 64 65 66 68 1 2 3 4 5 6 
23 26 27 28 34 35 36 44 45 46 72 22 11 
15 16 17 18 22 28 36 45 46 47 72 12 13 14 
19 20 25 29 30 37 38 48 49 50 51 52 53 54 55 74 75 76 77 78 
19 20 29 30 31 53 54 55 56 57 58 80 81 82 83 84 
21 22 27 33 34 35 44 69 70 71 7 8 9 10 
22 26 34 35 43 44 70 71 7 8 9 10 
15 16 17 22 23 36 47 72 12 14 
19 20 24 25 30 39 53 55 56 57 58 78 79 80 81 82 83 
20 24 29 39 55 56 58 81 82 83 
19 20 21 25 32 39 40 41 42 59 60 61 62 64 85 
20 31 33 63 64 65 66 1 2 3 
21 26 43 65 66 67 68 3 5 6 
22 26 27 35 43 44 69 70 71 8 9 10 34 
22 27 34 44 11 
16 17 18 22 23 28 47 12 13 14 
24 48 50 73 74 76 
19 24 37 50 51 52 77 
19 20 25 29 31 40 41 84 
20 21 31 39 41 59 60 61 62 85 
19 20 21 31 39 40 42 59 61 62 63 85 
20 21 31 32 41 59 60 61 62 63 64 65 1 2 
21 26 33 34 68 69 7 
22 26 27 34 35 69 70 71 8 9 
22 46 
22 23 45 47 72 
23 28 46 12 13 
24 49 73 75 
24 37 48 73 74 
19 37 38 51 52 53 
24 38 50 52 53 54 77 
24 38 50 53 77 78 
24 50 51 52 55 80 
24 25 29 55 77 78 79 80 
19 24 25 29 30 53 54 56 78 79 80 
19 20 25 29 55 57 79 80 81 
19 20 29 56 58 81 82 
19 30 57 81 82 83 
19 20 21 31 40 41 42 60 61 62 63 85 
20 21 31 40 41 42 59 61 62 63 85 
20 21 31 40 41 42 59 60 62 63 64 85 
20 21 31 40 41 59 60 61 63 64 85 
21 31 32 41 42 59 60 61 64 85 
21 31 32 42 61 63 
21 32 33 42 1 2 
21 32 33 67 4 5 6 68 
33 66 3 4 5 6 
21 26 43 6 68 
26 34 43 44 70 71 7 8 9 10 
26 34 44 69 9 10 
26 27 34 69 70 10 
22 23 28 46 
37 48 
24 37 48 49 73 75 76 
24 37 48 49 74 76 
24 37 48 49 74 75 
38 51 52 53 54 
19 24 29 52 54 55 77 80 
53 54 55 56 78 80 
19 25 29 53 54 55 56 78 79 
19 20 25 29 30 56 57 58 82 
19 25 29 30 57 58 81 83 
20 25 29 30 58 82 
20 39 
20 31 41 59 60 62 

