112 787
5 10 11 12 13 14 15 16 17 19 27 28 29 47 50 51 52 53 54 55 91 92 93 94 95 96 97 
3 4 8 22 23 35 36 38 39 40 41 73 74 75 76 
2 8 9 23 24 37 38 39 40 43 74 75 76 77 78 79 80 81 82 
2 3 9 10 24 25 26 43 44 45 82 83 84 
17 19 29 56 96 97 98 99 100 101 102 
20 34 62 63 64 65 66 67 68 70 
3 8 21 22 23 35 36 37 72 73 74 
2 22 23 36 37 38 73 74 
3 4 10 24 25 26 42 43 44 45 46 81 82 83 84 85 
1 4 9 11 12 13 26 45 46 47 85 86 87 
1 10 12 13 14 47 48 50 51 87 88 89 
1 10 11 13 14 47 48 49 50 51 87 88 89 
1 10 12 47 48 49 50 51 88 89 
1 11 13 47 48 49 50 51 88 89 90 91 92 
1 16 27 52 53 54 93 94 
1 15 27 28 53 54 94 95 
1 5 18 19 56 96 97 98 99 100 
1 5 17 97 98 99 
1 5 17 18 29 56 57 58 100 101 102 103 104 105 
6 21 35 63 65 66 67 68 69 70 71 
22 71 72 
2 7 8 21 35 36 72 73 
2 3 8 36 38 39 40 74 
3 4 9 25 26 42 43 44 45 82 83 84 
4 24 26 42 45 46 83 84 85 
9 10 24 25 44 45 46 85 
1 15 52 53 54 94 95 
15 16 27 54 55 95 
1 5 17 18 19 99 100 101 102 103 
31 57 58 59 60 106 107 108 109 110 
30 32 59 60 61 110 112 
31 33 61 111 112 
60 61 
6 20 63 64 65 66 67 68 69 70 
2 20 21 22 71 72 
22 73 
2 3 7 8 36 74 75 
3 8 23 37 39 41 76 
2 3 23 40 41 76 77 78 79 
2 3 23 38 39 41 76 78 
2 3 38 39 40 77 78 79 80 
3 4 9 24 25 43 81 82 83 84 
3 4 9 24 25 44 82 83 84 
4 9 26 43 46 83 84 85 
4 10 25 26 44 85 
25 26 44 85 
1 10 11 12 13 14 48 49 50 87 88 
11 12 13 47 49 50 88 
11 12 13 14 47 48 50 51 
1 11 12 14 47 49 51 88 89 
1 11 12 13 14 49 50 88 89 90 
15 27 53 93 
1 15 16 27 52 94 
1 15 16 27 95 
1 28 
5 19 100 101 102 103 104 
19 30 56 58 104 
19 105 106 108 109 
30 31 58 106 108 109 
31 61 110 112 
31 32 33 60 111 112 
6 62 64 65 
6 34 62 64 66 67 68 
6 34 63 65 66 67 
20 63 66 68 
6 20 63 64 65 67 68 
6 20 34 63 64 65 66 68 
6 20 34 63 64 65 66 67 
6 20 70 71 
20 34 71 
20 21 35 69 70 
7 21 22 35 
7 8 36 
2 3 7 23 37 38 75 76 
2 23 37 38 39 40 74 76 
23 38 40 74 75 
3 40 41 78 79 80 
3 39 40 77 79 80 
3 39 40 41 77 78 80 
4 41 77 78 79 81 
3 4 9 24 
3 4 9 24 43 81 
4 9 24 44 84 
9 24 25 42 43 44 
9 10 25 26 45 46 85 
10 86 
10 11 47 
11 12 13 14 47 48 49 50 51 89 
12 13 50 51 88 
1 14 91 
1 90 92 
1 14 91 93 
1 15 52 
15 16 27 52 53 
1 54 
5 17 
17 96 98 
5 17 18 97 99 
5 17 18 29 
5 17 18 29 56 
19 56 
5 19 29 56 101 103 104 
5 19 56 101 102 104 
19 57 101 102 103 105 
19 57 58 104 
30 57 58 108 
30 58 59 108 109 
30 58 59 106 107 109 
30 58 59 106 107 108 
30 31 61 
31 60 61 110 112 
32 60 61 110 

