46 282
2 14 24 25 
3 8 12 13 14 18 19 20 21 23 24 25 41 42 43 44 46 1 
2 5 6 7 8 11 12 17 18 
5 6 9 10 15 16 27 29 30 32 34 
15 16 35 36 
3 4 7 10 15 16 35 36 37 38 39 
3 4 6 10 11 16 17 35 37 38 39 
2 3 12 13 18 19 20 21 22 23 42 43 44 45 
4 27 29 
3 4 5 6 7 11 17 35 38 
3 10 12 40 
2 3 8 11 18 
2 21 23 42 44 45 46 14 
2 24 25 14 1 
4 5 6 7 31 32 33 34 
4 6 32 33 
3 7 39 40 
2 3 8 19 21 41 
2 3 8 18 20 22 42 
8 18 19 22 42 
2 8 13 18 19 20 22 41 42 43 
2 8 19 20 21 23 41 42 43 45 
13 22 
2 14 26 1 
2 14 24 1 
25 24 26 
4 9 29 
4 27 30 
4 9 27 28 30 31 
9 27 28 29 31 
4 15 29 30 32 
5 15 16 31 33 
5 15 16 32 34 
4 15 16 33 
5 6 7 10 36 38 
5 7 10 35 37 
5 6 10 35 36 38 
5 6 7 10 35 36 37 
10 17 
3 11 12 17 
2 8 20 21 22 42 
2 8 13 19 20 21 22 41 43 
2 13 22 42 
2 8 13 22 45 46 
2 8 22 23 44 46 
2 45 

