37 195
18 1 
25 1 3 
18 25 26 2 4 5 
25 26 3 6 
18 20 26 3 4 6 
18 25 26 5 
18 20 21 27 28 
21 29 
29 30 31 10 
22 9 
19 12 
19 23 32 33 11 
19 32 33 34 35 
23 34 35 
19 24 34 35 36 37 16 17 
24 35 37 15 17 
24 35 15 
20 25 27 1 2 3 4 5 6 7 
22 23 24 31 32 33 34 35 36 11 12 13 14 15 
18 21 26 27 5 7 
18 20 27 28 29 7 8 
19 29 31 10 
32 34 35 11 12 13 14 
19 34 35 36 37 15 16 17 
18 20 26 2 3 4 5 6 
18 20 3 4 5 
20 21 28 29 7 8 
21 27 29 8 
21 22 27 28 8 9 
22 29 31 9 10 
19 22 30 10 
19 23 34 
23 34 35 12 13 14 
19 23 24 32 33 14 
23 24 33 34 13 14 15 16 17 
19 24 37 15 
24 36 16 17 

