106 680
2 3 4 6 7 8 9 10 11 13 14 27 45 63 
1 3 4 6 7 13 
1 2 6 7 14 
1 2 5 10 12 63 105 
1 2 4 11 12 63 
2 3 7 8 14 
1 3 9 14 
1 6 
1 3 7 14 15 
4 5 11 
1 4 5 10 12 
1 4 5 10 11 13 
2 4 12 
1 3 7 9 
9 16 
15 16 
18 19 21 22 23 24 26 31 32 34 35 36 38 39 57 58 59 60 61 62 77 17 78 79 80 81 82 83 84 85 86 87 88 
1 2 3 4 5 6 7 8 9 10 11 12 13 14 17 26 27 39 40 41 42 43 44 45 63 95 96 18 98 99 100 101 102 103 104 105 106 
17 20 29 30 19 48 49 50 51 52 53 68 69 70 71 72 73 74 
28 29 47 66 67 
17 31 32 54 55 56 76 77 
21 31 32 56 77 
17 24 25 34 35 57 60 81 82 83 
17 23 25 35 36 59 60 61 
17 23 24 37 59 60 61 84 
17 40 41 90 91 92 93 94 
4 18 42 44 45 63 100 101 102 105 106 
20 46 28 64 66 
19 20 30 47 48 49 67 68 69 70 71 72 
19 29 48 49 50 51 69 70 71 72 73 74 
21 22 32 55 77 
17 21 22 31 33 77 78 
78 79 80 
33 35 36 57 58 79 80 81 82 
23 24 34 36 57 58 81 82 83 
17 23 34 35 57 58 81 82 83 
17 38 62 84 85 86 88 89 
17 37 84 85 86 87 88 89 
17 18 26 40 41 90 93 94 95 96 
18 39 41 93 94 95 
18 26 40 94 95 96 
18 27 43 44 97 99 100 101 102 
18 97 98 99 100 101 102 103 
18 42 43 45 63 100 101 102 104 105 
4 5 10 27 44 104 105 106 
28 64 65 
19 67 
29 49 69 70 71 
19 29 30 48 68 69 70 71 72 
51 74 
19 30 52 
53 75 
52 53 75 
21 31 55 56 76 
31 54 
21 31 54 55 
23 33 34 35 36 58 79 80 81 82 
17 23 34 35 36 57 80 81 82 
17 23 24 25 60 61 
17 24 25 59 61 
17 24 25 59 60 
17 25 37 38 84 87 
4 5 18 27 44 45 104 105 
28 46 65 64 
28 64 
20 66 
20 29 19 47 67 
19 29 30 48 49 69 70 71 72 
19 30 48 49 68 70 71 
30 48 49 68 69 71 72 
19 48 49 68 69 70 72 73 
19 29 30 48 49 68 70 71 73 
19 50 71 74 
50 73 
19 53 
22 31 54 55 56 
17 31 32 
32 17 
17 33 34 57 80 
17 33 34 57 58 79 
23 35 57 58 82 
17 23 35 36 57 58 81 
17 23 24 36 
17 25 37 38 62 85 86 
17 37 38 62 84 86 
17 38 84 85 87 
17 37 38 62 85 86 88 
17 37 38 87 
37 87 88 
26 39 91 92 
90 92 
91 93 94 
26 39 40 91 92 94 
26 40 41 93 95 
18 40 96 
26 39 40 41 
18 42 98 99 
18 42 43 97 99 100 101 
18 42 43 97 100 
18 27 43 98 99 101 102 103 
18 27 42 43 44 98 100 102 103 
18 27 42 43 44 100 101 103 
18 27 44 100 102 
18 44 45 63 105 
18 44 45 63 104 
27 45 63 105 

