100 669
2 8 9 17 30 31 57 58 77 
1 3 10 18 19 20 21 22 31 32 34 35 36 
2 4 10 20 22 23 24 25 38 39 41 
3 5 24 25 39 40 41 42 43 
4 12 5 41 26 42 43 
7 13 14 15 16 27 28 29 45 46 47 48 50 51 
6 15 16 28 29 50 51 52 
1 17 30 
1 8 30 
2 3 20 21 22 23 24 37 38 39 
3 21 22 23 24 25 38 39 
4 5 13 
6 12 5 14 27 45 46 47 48 49 
6 7 13 15 27 28 44 47 50 
6 14 16 29 50 51 52 53 
6 29 52 
1 9 
2 19 20 21 33 34 35 36 37 
2 10 18 20 21 22 34 35 36 
2 3 10 18 19 21 22 37 
2 3 10 11 20 22 36 37 
2 3 11 19 20 37 38 
3 11 24 25 39 
3 4 10 11 23 25 41 
3 4 40 41 
4 5 12 43 
6 5 13 44 45 46 47 48 49 
6 7 14 15 29 50 51 
6 15 28 51 52 53 
1 9 
1 32 
2 31 32 
32 34 
18 19 33 35 36 
2 18 19 20 36 37 
2 18 19 35 
2 10 18 19 21 22 35 36 
10 11 
3 4 11 23 24 25 40 41 
4 24 39 41 
24 39 40 
4 41 
4 5 26 
6 13 14 27 47 48 49 
6 13 44 47 48 49 
6 13 14 27 45 47 48 49 
6 13 14 27 44 45 46 48 49 
6 13 14 27 44 45 46 49 
6 13 14 44 45 47 48 
6 7 15 28 51 
6 7 15 28 29 50 
15 16 29 
7 16 52 
1 56 57 58 60 61 62 63 64 65 66 67 68 69 70 71 72 73 74 75 76 81 82 83 84 85 86 87 88 89 90 91 92 93 94 95 96 97 98 
1 54 56 57 58 60 61 68 69 70 71 73 74 75 76 87 88 89 90 91 92 93 94 95 96 97 98 
54 55 59 60 62 63 64 65 66 67 78 79 81 82 83 84 
8 54 55 58 61 72 76 77 98 99 100 
8 17 30 54 55 58 
54 62 79 80 
54 55 56 84 85 86 87 
54 57 71 72 73 74 91 93 94 95 97 
54 56 64 78 79 80 81 
54 64 80 
54 56 62 81 
54 64 82 
54 56 65 82 84 
54 60 66 84 85 
54 55 60 87 88 
54 55 68 88 
54 55 89 90 91 92 93 94 95 
54 55 61 72 73 74 91 92 93 95 97 
55 57 61 71 74 96 98 
54 55 61 71 74 96 97 98 
54 55 57 61 71 72 73 98 
54 55 57 76 98 100 
54 57 75 
58 
56 59 79 80 
56 59 62 78 80 
56 59 62 63 79 
54 56 63 83 
54 56 65 66 
54 56 65 66 81 82 
56 66 67 85 
67 84 
54 60 84 87 
54 55 60 68 84 86 
55 68 69 
54 55 70 89 90 91 
54 55 70 89 91 92 93 94 95 
54 61 70 71 89 90 92 93 94 
54 55 70 71 90 91 93 94 95 
54 61 70 71 90 91 94 95 
54 55 61 71 91 92 93 95 
54 55 70 71 90 91 92 93 94 
54 55 61 71 72 74 97 
55 61 71 72 73 74 98 
54 55 57 72 73 74 75 
57 75 
57 99 

