45 346
21 29 36 2 
21 29 36 1 3 
21 30 36 37 38 2 4 
21 30 36 37 38 3 5 
37 4 
38 39 7 
22 30 6 
19 22 32 
23 10 12 
19 23 40 9 11 12 13 
19 23 9 10 12 13 
19 23 33 40 9 10 11 
19 20 23 33 40 10 11 12 
19 20 24 33 42 43 
19 20 24 25 26 34 35 42 43 44 16 
24 25 44 15 
25 26 28 
27 28 45 
20 21 22 23 24 25 26 27 28 30 31 32 33 34 35 39 40 41 42 43 44 8 9 10 11 12 13 14 15 19 
19 23 24 25 26 27 33 34 35 40 42 43 44 12 13 14 15 
29 36 37 38 21 1 2 3 4 
19 30 31 39 7 8 
19 20 24 33 34 40 41 42 9 10 11 12 13 14 
19 20 23 25 26 27 28 34 35 41 42 44 45 14 15 16 
19 20 24 26 27 28 34 35 44 45 15 16 
19 20 25 27 15 16 17 
19 20 24 25 26 35 44 45 17 18 
19 25 26 27 35 45 17 18 
36 1 21 
19 21 22 36 37 38 39 3 4 5 6 7 
22 32 39 
19 22 31 8 32 
19 20 23 34 40 41 42 12 14 
23 24 25 33 35 41 42 43 44 14 15 
19 20 25 26 27 28 34 44 15 
21 30 37 1 2 3 4 
21 3 5 
21 30 36 3 4 5 6 
19 30 31 6 7 
19 20 9 10 11 12 13 
19 20 23 24 34 14 
19 20 23 24 33 34 41 43 44 14 15 
20 24 34 41 42 44 14 15 
19 20 24 25 26 27 34 35 42 43 15 16 
24 25 26 27 28 17 18 

