36 199
19 20 
19 20 1 3 4 
19 20 1 2 
20 28 2 
19 28 30 6 
19 23 28 30 5 
23 26 31 
19 33 9 
24 8 
24 34 11 
34 10 
34 12 21 13 
25 21 14 15 
12 21 
25 13 14 
21 27 35 17 18 
16 18 
27 35 36 16 17 
20 21 22 23 24 26 28 29 30 31 32 33 1 2 3 4 5 7 8 
19 22 23 28 1 2 3 4 
19 22 24 25 27 34 36 12 21 13 14 15 16 
19 21 23 24 26 31 32 33 7 8 9 
19 20 22 24 26 28 29 30 31 32 6 7 
19 21 22 26 34 8 9 10 11 12 
21 35 36 13 15 
19 32 33 7 9 
21 25 35 36 16 17 18 
23 29 30 6 
19 23 28 30 5 6 
19 28 29 5 6 
22 23 26 7 
19 22 26 31 33 8 
19 22 26 31 32 8 
21 24 10 11 12 
21 25 36 16 17 18 
21 25 27 35 17 18 

