37 250
17 24 37 
14 17 23 37 
24 25 26 27 4 
24 25 26 28 3 5 6 7 8 
14 26 27 28 3 4 6 7 8 
14 25 28 29 5 7 8 
14 26 27 28 29 4 5 8 9 
14 25 26 27 28 29 4 5 6 7 9 
28 7 8 10 11 
9 11 
9 10 11 12 
30 10 11 13 
30 11 12 
17 24 25 26 27 28 29 1 3 4 5 6 7 
16 18 19 21 31 
15 17 20 21 22 23 31 32 33 34 35 36 
14 16 21 22 23 33 34 35 36 37 1 2 
15 19 20 
15 18 
15 16 18 19 21 31 32 
16 17 20 22 32 33 34 
17 21 33 34 35 36 37 
16 17 33 34 35 37 2 
14 25 26 27 1 3 4 
14 24 26 28 3 4 5 6 7 8 
14 25 27 28 29 3 4 5 7 8 
14 24 25 26 28 29 4 6 7 8 
14 25 26 27 29 4 5 6 8 9 
14 25 27 28 5 6 7 8 9 10 11 
11 12 13 
15 21 
15 16 20 21 31 
16 17 21 22 23 35 36 
16 17 22 23 33 36 37 
16 17 22 33 34 37 
17 22 23 33 34 
17 22 23 34 36 1 2 

