74 452
2 6 7 11 15 16 28 29 30 31 32 33 34 35 36 37 38 58 59 60 61 62 
1 12 17 18 39 40 41 3 65 66 67 69 70 71 72 73 
2 12 17 18 42 72 73 
5 8 9 10 13 14 19 20 46 47 48 
4 9 10 11 21 22 23 24 25 49 50 
1 7 11 28 29 30 31 32 33 34 55 56 57 58 59 
1 2 6 35 38 60 61 62 
4 19 43 44 45 46 8 
4 5 10 13 14 19 20 47 48 
4 9 14 21 48 50 
1 5 6 15 22 24 25 26 27 51 52 53 54 
2 3 17 41 67 68 69 70 71 72 
4 9 10 14 20 47 48 
4 9 10 13 20 48 
1 6 11 25 26 27 51 53 54 
1 6 28 29 30 31 32 33 34 55 56 57 58 59 
2 3 12 41 17 67 68 69 
2 3 42 
4 8 9 43 44 45 46 
4 9 14 47 48 
10 49 50 
5 11 23 25 51 
5 22 24 25 51 
5 22 23 25 26 51 
15 22 23 24 26 51 52 
11 25 27 51 52 
11 15 26 28 53 54 55 
1 6 16 27 29 31 54 55 56 57 58 
1 6 16 28 31 55 56 57 58 
1 6 29 32 57 
1 6 16 28 29 30 32 57 58 59 
1 6 30 31 33 34 58 59 
1 6 16 34 59 
1 6 33 
1 37 61 
1 7 35 37 38 
1 35 36 38 61 62 
1 7 35 36 62 
2 40 63 64 65 66 
2 39 41 63 64 65 
2 17 39 65 
18 74 
8 19 44 45 46 
8 19 43 46 
8 43 44 46 
4 8 43 44 45 
4 9 10 13 14 20 48 
4 9 10 13 14 20 47 
5 10 50 49 
10 21 
11 23 24 25 26 52 
15 26 
11 27 54 
11 28 
6 27 28 54 
16 29 57 
6 16 30 56 
6 16 28 29 30 31 32 57 59 
6 16 30 32 33 58 
1 7 
1 7 35 36 37 38 62 
1 7 36 37 38 61 
40 64 
39 63 
2 39 64 
2 39 41 
2 12 17 68 69 
2 12 67 69 
2 12 67 68 70 71 
2 12 72 
12 69 70 72 
2 3 
2 3 
3 18 42 74 

