109 787
44 68 70 109 2 4 
68 69 70 71 109 3 4 5 
44 68 69 70 71 109 1 2 4 5 
44 69 70 71 1 2 3 5 
29 44 69 70 71 2 3 6 
29 44 45 71 5 7 
29 44 45 5 6 8 
29 35 45 46 47 6 
29 35 36 48 73 74 10 11 
29 35 36 48 73 74 9 11 
29 35 48 73 74 9 10 
29 36 48 49 75 13 14 
29 49 12 14 
48 49 75 12 13 15 
75 14 16 
49 15 
50 18 
33 76 17 19 20 21 
33 50 76 77 18 20 21 
33 50 76 77 19 21 
76 77 18 19 20 
76 77 78 23 24 
37 77 78 79 22 24 25 
37 77 78 79 22 23 25 
33 37 78 79 80 81 23 24 
37 51 82 
83 28 
83 27 
30 31 33 34 35 36 37 42 43 44 45 46 47 48 49 50 59 60 61 62 63 64 65 66 67 68 69 70 71 72 73 74 75 97 98 101 102 103 104 105 106 108 109 1 2 3 4 5 6 7 8 9 10 11 12 13 
29 31 34 42 43 58 59 61 62 63 93 57 94 95 96 97 98 99 100 101 102 
29 30 32 34 38 39 53 54 55 84 85 86 87 88 
31 38 53 54 84 85 86 
37 50 51 76 77 78 79 80 81 18 20 21 22 23 24 25 
29 30 31 39 41 55 57 88 89 90 91 92 
29 45 46 48 72 73 74 9 10 11 
29 35 46 47 72 73 74 9 10 11 
29 33 51 78 79 80 81 82 23 24 25 26 
32 54 55 
31 34 40 55 56 57 89 91 92 
39 55 56 57 
34 39 40 56 92 
29 30 58 59 57 94 95 
29 30 65 66 67 68 103 104 106 
29 69 70 71 109 1 2 3 4 5 6 7 
35 44 46 71 72 6 8 
29 35 45 72 8 
29 72 8 
29 35 36 49 73 74 75 9 10 11 13 14 
29 36 48 75 12 13 14 15 16 
29 33 76 77 50 17 18 19 20 21 
33 37 52 82 26 51 
51 83 27 
31 32 
31 38 85 87 
31 34 39 40 56 88 90 91 
34 39 40 41 89 90 91 92 
30 34 39 40 41 92 93 
30 94 95 
29 30 42 58 60 94 95 96 
29 30 59 62 96 97 98 99 
30 60 62 97 
29 30 60 61 63 97 99 100 
29 30 62 64 98 99 100 101 102 
30 63 100 101 
29 43 104 105 106 108 
29 43 65 103 104 106 107 108 
29 43 65 68 104 105 106 107 108 
29 43 44 67 69 70 109 1 2 3 
29 44 68 70 71 109 1 3 4 5 
29 44 68 69 71 109 1 2 3 4 5 
29 44 45 69 70 2 3 4 5 7 
29 35 36 45 46 47 
29 35 36 74 9 10 11 
29 35 36 48 73 9 10 11 
29 36 48 49 12 13 14 15 
50 77 20 21 22 
50 78 19 22 23 24 
37 76 77 79 22 23 24 25 
33 78 80 81 23 24 25 
37 79 81 82 25 
33 37 80 25 
33 51 80 81 26 
52 27 28 
31 85 86 87 
31 32 54 84 86 87 
31 32 85 87 
31 32 54 84 85 86 
31 34 39 89 
34 39 55 56 88 91 
34 55 56 88 89 91 
34 39 55 56 89 90 
34 39 40 56 57 
30 57 
30 42 58 59 
42 58 59 94 
30 60 61 
29 30 60 62 
29 30 60 61 62 63 64 97 99 100 101 
60 61 62 63 64 97 98 
30 62 63 64 101 
29 30 63 64 98 102 
29 63 101 
29 43 65 66 104 105 106 107 
29 65 66 67 105 107 108 
29 43 65 67 103 104 106 107 108 
29 43 65 66 67 103 104 105 107 108 
29 43 65 66 103 104 105 106 108 
29 43 65 66 104 105 106 107 
29 44 68 69 70 2 

