286 2232
3 8 9 10 11 15 16 17 18 19 21 35 36 37 38 39 1 40 41 42 43 44 67 69 70 71 72 73 74 75 76 123 124 
267 268 271 272 4 5 6 7 14 27 29 30 31 32 33 34 59 60 61 62 63 64 65 102 103 104 105 106 107 108 109 110 111 112 113 114 115 116 
1 4 5 12 13 22 23 48 49 50 51 84 85 86 87 88 89 3 
2 3 5 13 24 25 26 53 54 55 56 57 93 94 95 96 97 98 99 100 
2 3 4 6 13 24 25 26 54 55 56 57 93 95 96 97 98 99 100 
2 4 5 25 26 27 28 57 58 98 100 6 101 
2 14 33 34 61 62 63 64 65 105 106 107 108 109 110 111 112 113 114 
1 66 
1 15 16 17 39 70 71 
11 18 40 41 42 43 72 73 74 
1 18 19 20 21 41 42 43 74 75 76 77 78 
1 20 21 22 44 45 46 47 82 83 84 
3 4 5 24 52 53 54 55 56 92 94 95 96 
2 34 61 62 64 65 110 111 112 113 114 115 116 
1 9 16 17 35 36 37 38 68 69 70 
1 9 15 17 71 
1 9 15 16 39 70 71 
1 10 11 19 41 42 43 18 74 75 76 77 
1 11 12 18 20 21 44 45 76 77 78 79 80 83 
1 11 12 21 44 45 77 78 79 80 81 82 83 
1 11 12 19 20 44 45 77 78 79 80 81 82 83 
12 23 47 48 84 
3 22 48 
4 5 25 54 55 56 57 97 
4 5 26 98 100 
4 5 6 25 58 100 
2 28 58 6 101 
101 28 
2 30 31 59 102 103 104 
2 29 31 59 103 104 
2 29 30 59 102 103 104 
7 60 61 105 106 107 108 
2 7 14 61 62 63 64 108 109 110 111 112 113 
267 271 272 276 277 7 14 115 116 
15 36 37 38 67 68 35 
1 15 35 37 38 67 68 69 
1 35 36 38 67 68 
1 15 35 36 37 67 68 69 
1 9 17 71 
1 41 72 73 18 
1 10 11 18 40 73 
1 10 11 43 74 76 
1 11 18 42 75 76 77 
1 12 19 20 21 45 46 78 79 80 81 82 83 
12 19 20 21 44 47 83 
12 44 45 47 83 
22 45 46 
3 22 84 
3 50 51 86 87 88 89 90 
49 89 
49 52 90 
53 91 52 92 
4 5 13 52 54 55 92 93 94 95 
4 5 13 24 53 55 93 94 95 96 
4 5 13 53 54 56 93 95 96 97 
5 13 24 54 55 95 96 97 
4 6 99 
26 27 6 
2 29 30 102 103 104 
2 7 32 105 106 107 
2 14 32 33 108 109 110 111 
2 7 14 33 61 63 108 109 110 111 112 
2 7 14 33 62 64 65 111 112 113 114 115 
14 63 65 112 114 
2 7 14 63 64 113 114 115 
8 66 
1 15 35 36 37 38 68 69 
15 35 36 37 38 
1 35 36 37 38 67 68 
9 17 
1 9 16 17 39 
1 10 41 
1 10 41 72 
1 10 42 43 
1 11 18 43 74 76 
1 11 18 19 42 43 75 77 
11 18 19 20 21 76 79 
11 19 20 21 44 77 79 80 
19 20 21 44 77 80 81 
19 20 21 44 78 79 81 82 
19 20 21 78 80 82 
12 19 20 21 44 45 81 83 
19 20 21 44 46 82 
3 12 22 23 48 
3 87 
3 49 85 87 88 
3 49 85 86 88 
3 49 86 89 
50 51 88 90 
49 50 51 89 
13 52 92 
13 52 53 91 
4 5 13 53 54 55 94 95 
4 13 53 54 93 95 
5 13 24 53 54 55 56 93 94 96 
24 54 55 56 95 97 
5 24 56 96 
5 57 99 100 
4 5 57 100 
4 5 6 25 26 98 
27 28 
2 29 30 31 59 104 
2 29 30 31 102 104 
29 30 31 59 103 
7 32 60 107 
7 32 60 105 107 
2 7 32 60 105 106 
2 7 32 33 61 62 109 
2 7 33 61 62 
2 7 14 33 62 108 109 111 112 
2 7 14 33 61 62 63 110 112 
2 7 14 62 63 64 110 111 
2 7 14 33 63 64 65 112 114 
2 14 63 64 113 115 
2 14 34 63 65 114 116 
14 65 115 
118 119 129 130 143 145 146 147 172 173 174 175 176 177 178 179 181 227 228 229 230 231 232 233 234 235 236 237 238 
117 136 137 138 139 140 141 142 143 165 166 167 168 169 170 171 172 213 214 215 216 217 218 220 221 223 224 225 
117 129 130 147 176 177 178 179 180 181 234 236 237 238 239 240 241 242 
121 122 132 133 153 154 155 194 196 197 
120 122 125 132 133 134 154 155 156 157 194 195 196 197 198 199 200 
120 121 125 126 133 134 135 155 156 157 158 159 199 200 201 202 203 204 205 206 207 
124 151 152 185 186 187 188 189 190 191 192 256 257 258 259 260 261 262 263 264 265 
8 131 189 190 191 192 193 265 266 124 
121 122 126 134 135 157 158 159 199 200 201 202 203 204 206 
122 125 135 158 159 160 161 203 204 205 206 207 209 
128 162 163 211 212 127 
127 136 
117 119 130 147 148 179 180 181 236 237 238 239 240 241 242 243 
117 119 129 147 148 149 182 242 244 
123 124 151 185 186 187 188 189 190 191 257 258 259 260 261 262 264 265 
120 121 154 155 156 194 196 197 
120 121 122 125 132 134 155 157 194 195 197 199 200 
121 122 125 126 135 159 200 201 202 203 
122 125 126 134 158 202 203 204 205 206 207 208 
118 128 137 138 164 165 166 
118 136 138 139 164 165 213 
118 136 137 139 140 164 166 213 214 216 
118 137 138 140 165 166 213 214 
138 141 167 168 214 215 216 217 218 219 220 
140 142 167 168 169 219 220 221 222 224 
118 141 169 221 222 223 224 
117 118 169 170 171 172 173 225 226 
117 143 145 172 174 227 228 229 
117 143 144 173 174 227 228 229 
117 119 144 145 173 174 176 227 228 229 230 231 232 233 
117 119 129 130 180 181 238 240 242 
129 130 149 182 244 245 246 247 
130 148 150 183 244 245 246 247 248 
123 149 151 183 184 248 249 250 251 252 253 254 255 
123 131 150 183 184 185 186 250 251 252 253 255 256 257 258 259 
123 131 185 186 187 188 258 259 
120 154 
120 121 132 153 
120 121 122 133 194 196 197 198 199 
121 122 132 133 155 157 198 199 
121 122 125 133 155 156 198 199 200 
122 126 135 159 202 203 204 205 206 
122 125 126 134 135 158 202 203 204 205 206 207 208 
209 210 
126 160 209 
210 211 212 
127 162 210 211 
136 137 165 
118 136 137 138 139 164 166 213 214 
137 138 139 164 165 213 214 215 
118 140 142 168 216 217 218 220 
118 140 141 142 216 217 218 219 220 
118 141 142 143 171 172 221 222 223 224 225 226 
118 143 169 171 172 224 225 226 
172 226 
118 169 170 226 
117 143 145 146 174 227 228 229 230 
117 144 145 146 173 175 227 228 229 230 231 232 233 
117 119 146 174 176 228 229 230 231 232 233 
119 146 177 178 232 233 
117 119 178 232 233 
117 119 176 179 
117 129 180 181 234 235 236 237 
117 119 129 147 179 181 234 236 237 239 240 
117 119 129 147 179 180 236 237 238 239 240 241 
130 149 243 244 245 246 247 
149 150 151 184 248 249 250 251 252 253 254 
150 151 183 249 250 251 252 253 254 
123 131 151 152 186 255 256 257 258 
131 151 152 185 187 256 257 258 259 
123 131 152 185 186 188 257 258 259 260 
123 131 152 187 189 190 191 260 261 262 263 264 
123 124 131 152 188 192 261 262 263 264 265 
123 124 131 188 189 191 192 260 261 262 263 264 265 
123 131 188 189 192 261 262 263 265 
123 124 131 189 190 265 266 
124 266 
121 132 133 155 195 196 197 
120 121 132 133 194 196 197 
120 121 132 155 194 195 197 
120 121 132 155 194 195 196 198 
121 132 133 155 156 157 197 199 
121 122 133 155 156 157 198 200 
121 122 125 133 134 157 199 201 
122 200 
122 125 134 135 158 159 204 
125 134 135 158 159 202 204 205 206 
122 125 126 135 158 159 202 203 205 206 
122 125 126 135 158 159 203 204 206 207 
122 125 126 135 158 159 203 204 205 207 
122 126 135 205 206 208 
126 135 159 206 207 
126 161 210 
160 161 162 163 
127 163 212 
127 162 211 
118 137 138 139 165 166 214 215 
118 138 139 165 166 213 215 
118 139 140 166 213 214 
138 140 167 168 217 218 219 
118 140 216 218 219 220 
118 140 167 168 216 217 219 220 
118 140 141 167 168 217 220 
118 140 141 167 168 216 217 219 
118 141 142 223 
118 141 142 169 221 223 224 
118 141 142 169 222 224 
118 141 142 169 170 222 225 
118 143 169 170 171 224 
169 170 171 172 
117 144 145 146 174 228 230 
117 144 145 146 173 174 175 227 229 230 231 
144 145 173 174 175 227 228 230 231 
117 144 146 173 174 175 227 228 229 231 
117 146 175 229 
117 146 174 175 177 231 233 
117 146 175 176 177 231 232 
117 119 178 180 236 
117 119 178 179 236 237 
117 119 129 179 181 234 237 
119 129 179 180 181 235 236 238 
117 129 147 180 181 239 241 
119 129 147 180 181 238 240 241 
119 147 181 238 239 241 
119 129 147 180 181 238 239 240 
119 129 130 243 
129 130 148 242 
130 149 182 245 246 
244 247 248 
148 149 244 247 248 
148 182 244 246 248 
149 150 183 246 249 
150 183 248 250 
150 151 183 184 249 251 253 254 255 
150 151 183 184 250 252 253 255 
150 151 251 253 254 255 256 
150 151 183 184 251 252 254 255 
150 151 183 184 250 251 252 253 255 256 
151 185 250 251 252 253 254 256 
123 151 185 186 251 252 253 254 255 257 
123 131 151 152 185 186 187 256 258 259 
131 151 152 186 187 257 259 
123 131 151 152 185 186 187 257 258 
123 131 152 187 188 189 190 261 262 263 264 
131 152 188 189 190 191 260 263 264 
123 131 189 190 191 260 261 263 264 265 
131 188 189 190 191 260 261 264 265 
123 188 189 190 191 261 262 263 265 
124 190 191 192 262 263 264 
124 192 193 
268 271 272 276 277 278 279 280 34 
269 270 273 278 279 280 281 282 
268 270 273 280 281 282 283 
268 269 273 280 281 
272 279 
271 276 278 
268 270 274 275 281 282 283 284 285 286 
273 275 283 284 285 
273 274 284 286 275 
267 272 277 
267 271 272 278 
268 271 272 277 280 
267 268 272 278 280 
267 268 269 270 278 
268 270 283 
269 270 273 
270 273 284 
274 283 285 
284 286 
273 274 275 284 285 

