176 1283
170 171 2 3 7 8 15 16 17 18 20 21 
1 3 21 8 
1 8 20 21 2 3 19 
172 174 10 11 12 13 
174 4 10 12 13 
170 13 
170 171 173 1 15 16 17 18 19 
1 2 3 19 20 8 
172 174 4 5 10 11 
174 4 9 11 12 
172 174 4 5 9 12 
172 4 5 10 11 13 
4 5 6 12 13 
170 171 173 175 176 
170 171 173 1 7 16 17 18 
171 1 7 15 17 18 
171 1 7 15 18 
171 15 16 17 19 
1 2 8 18 
1 3 8 19 21 
2 8 20 
23 25 30 31 32 33 34 44 45 46 47 67 68 69 70 71 72 73 117 118 119 120 121 
22 25 26 32 33 34 35 46 47 48 49 50 73 74 75 76 78 120 121 122 123 124 125 
26 27 28 29 54 55 56 57 58 83 84 85 86 133 134 135 136 137 138 139 140 141 
22 23 26 33 34 35 36 48 49 50 73 74 75 76 77 78 79 124 125 
23 24 27 35 36 37 50 51 52 53 54 79 80 81 82 126 127 128 129 130 131 132 
26 28 37 54 55 82 83 84 133 135 
24 27 84 85 133 135 136 138 139 
24 56 58 59 60 87 88 89 90 91 92 93 144 145 146 147 148 149 
22 31 41 43 44 64 65 66 108 109 110 111 112 113 
30 41 42 43 44 65 66 111 112 113 114 
22 33 46 47 71 72 117 118 119 
22 25 32 34 46 47 73 74 119 120 121 122 
22 23 25 49 73 74 75 76 123 124 125 
23 25 26 36 37 51 52 77 78 80 81 79 126 128 129 
23 25 26 35 37 50 51 52 53 77 79 80 81 126 127 128 129 
24 26 27 35 36 51 54 55 80 81 82 83 129 130 131 132 
39 60 61 94 95 96 152 153 154 
38 62 96 97 98 100 155 156 158 159 160 161 
172 174 62 63 100 101 102 103 163 164 165 166 167 169 
30 42 43 64 104 105 106 107 108 110 
31 41 43 64 65 66 105 106 107 108 109 110 
30 31 41 42 64 65 66 108 110 111 112 113 
30 65 66 67 113 114 115 
22 68 69 70 71 72 116 117 
22 23 32 33 47 117 118 119 120 
22 23 46 119 120 121 
25 34 49 74 75 76 123 124 125 
23 25 48 74 75 76 124 125 
23 26 36 77 79 
26 35 36 37 52 53 79 80 81 127 128 129 130 131 
26 35 37 51 53 80 81 82 129 130 131 
26 35 36 37 51 52 80 81 82 129 130 131 132 
24 26 27 37 82 83 132 
24 27 37 82 83 84 133 134 
24 57 58 86 87 140 141 142 143 144 
24 56 58 86 87 141 142 143 144 
24 29 56 57 86 87 142 144 
29 88 59 89 144 145 
29 38 61 90 93 147 148 149 150 151 152 
38 60 92 93 150 151 152 153 
39 40 63 99 100 101 157 159 160 161 162 
40 62 100 101 102 163 164 165 
41 42 43 104 105 108 109 110 
30 31 42 44 66 110 111 112 113 
30 31 42 44 111 112 113 
22 44 68 69 114 115 116 
22 44 45 67 69 70 116 
22 45 67 70 116 
22 45 67 68 116 
22 32 72 
22 32 45 117 118 
22 23 33 48 74 75 122 123 124 
23 25 33 34 48 49 73 75 123 124 
23 34 49 73 74 
25 34 48 49 124 
23 25 36 78 
25 50 77 79 
25 26 35 36 50 51 79 126 127 128 
26 35 36 51 52 53 79 126 127 128 129 130 
35 36 51 52 53 80 129 130 131 
26 27 37 52 53 55 83 132 
27 54 82 84 133 
24 27 83 134 135 
24 139 140 
24 56 57 58 87 140 142 143 
56 57 58 86 142 143 144 
29 59 87 89 144 
88 145 
29 60 91 92 93 146 147 148 149 150 
29 60 90 92 93 145 146 147 148 150 
29 60 61 90 91 93 146 147 148 150 
29 60 61 90 91 146 147 148 149 150 
38 96 
38 94 
38 94 97 98 154 155 156 
96 98 99 155 156 158 
39 96 97 99 156 157 158 159 160 
62 98 100 158 159 160 161 
39 40 62 159 161 162 163 
40 62 63 102 164 166 
40 101 103 164 165 166 167 168 
40 102 166 167 168 169 
41 64 106 107 
41 42 64 104 106 107 108 
41 42 64 105 
41 42 64 105 106 108 109 
30 41 42 43 64 105 106 107 109 110 
30 41 42 43 64 107 108 110 
30 42 43 64 65 108 111 
30 31 42 43 65 66 
30 31 44 65 66 113 
30 31 43 44 65 66 
31 44 115 
67 114 
22 45 67 68 70 
32 45 71 72 118 
22 46 117 
22 33 46 120 
22 33 46 47 119 121 
22 23 33 46 47 120 121 122 
23 33 73 122 
34 48 73 74 75 
23 25 34 48 49 73 74 75 76 123 
23 34 48 76 
26 35 36 50 79 80 127 
26 35 36 51 79 80 128 
26 35 36 51 79 80 81 127 129 
26 35 36 37 51 53 80 81 128 130 131 
37 51 53 81 131 
37 51 52 
26 37 54 82 
24 27 28 83 84 134 
27 55 84 133 135 
24 27 133 134 
27 137 138 
24 28 136 138 
28 138 137 
28 85 
24 56 141 
56 57 
56 57 58 86 87 141 
57 87 144 
56 58 59 87 88 143 
29 59 89 90 91 146 
29 90 91 92 93 145 147 148 149 
29 60 90 91 93 146 149 150 
29 60 90 91 92 146 147 149 150 
29 60 90 91 92 93 146 147 148 150 
60 91 92 93 147 148 149 151 152 
60 61 
38 60 61 151 
60 61 
94 96 
39 96 97 
97 155 
39 62 97 98 99 158 160 
39 97 98 99 157 159 160 
39 99 100 157 158 161 
39 62 98 99 157 158 159 161 
39 99 100 159 160 162 
100 161 163 
40 62 63 100 101 162 
40 101 165 166 
63 102 166 
40 101 103 164 165 167 168 169 
40 102 103 166 168 
40 102 166 167 
40 166 167 
171 176 1 7 15 170 6 
170 175 176 1 7 14 15 16 17 
174 4 5 9 10 11 12 40 168 169 
170 175 176 7 14 15 
172 5 9 10 11 103 168 169 
170 171 173 
171 175 7 14 

