39 216
38 12 25 26 27 28 29 
38 3 4 11 12 13 14 30 32 33 
38 2 4 5 13 14 15 30 31 32 33 35 
38 2 3 13 14 15 32 33 35 
6 3 4 15 35 36 
37 16 39 
39 8 17 18 19 20 21 
39 7 17 18 19 20 
22 23 34 9 
1 28 
34 38 1 2 12 28 30 
34 38 1 2 11 28 29 30 
38 2 3 4 30 31 32 33 
38 2 5 15 36 
3 5 14 35 36 
37 6 7 16 17 5 
39 7 8 19 20 
8 17 20 21 
7 8 18 20 21 
7 8 17 18 19 21 
7 8 17 18 20 
9 23 
9 22 24 
22 9 24 
34 1 27 
1 25 
34 10 
38 11 12 29 
38 1 28 
38 3 11 12 13 31 
2 3 13 30 
2 3 4 13 31 33 
38 3 4 32 
38 1 2 9 10 12 34 25 26 27 28 
3 5 14 15 
5 14 15 35 
16 39 6 5 
34 1 2 3 4 10 12 13 14 28 29 30 31 32 33 
37 16 6 7 8 17 

