26 220
21 2 
21 1 10 2 
21 22 23 24 25 26 4 5 6 7 15 16 
21 23 24 26 3 6 7 15 16 
21 22 23 24 26 3 4 6 7 15 16 
21 22 23 24 25 26 3 5 7 15 16 
21 22 23 24 25 26 3 4 6 15 16 
9 18 19 
26 8 17 18 19 
21 1 2 
21 23 10 2 
21 22 23 25 13 14 
21 22 23 24 25 12 14 
21 22 23 24 25 12 13 
21 22 24 25 3 4 6 7 
21 23 24 25 3 5 6 7 
26 8 18 19 20 
26 8 9 19 20 
26 17 18 20 
26 8 17 18 19 
22 23 24 25 26 1 2 3 4 5 6 7 10 11 13 14 15 16 
23 24 25 26 3 4 6 7 12 13 14 15 16 
21 22 24 25 26 3 4 5 6 11 12 13 14 15 16 
21 22 23 25 26 4 5 6 7 12 13 14 15 16 
21 22 24 26 3 5 6 7 12 13 14 15 16 
21 22 23 24 25 3 4 5 6 7 8 9 16 17 18 19 20 

