183 1418
2 3 4 5 10 11 15 25 26 42 44 45 46 47 48 49 50 51 52 53 70 
1 4 10 11 15 24 25 26 43 44 45 46 47 48 49 50 51 53 
1 13 14 21 22 36 37 38 40 41 
1 2 10 11 26 47 48 49 51 52 53 
1 6 7 8 12 16 17 18 19 20 28 29 30 31 32 33 34 57 58 59 60 61 62 
5 7 8 12 16 17 18 19 20 30 31 32 33 34 35 59 60 61 62 63 64 65 66 67 
5 6 8 12 18 19 20 30 32 33 34 35 59 60 61 62 63 64 65 66 67 
5 6 19 20 33 34 63 64 65 66 67 35 
3 13 9 36 82 70 
1 2 4 11 26 47 49 50 51 52 53 
1 2 10 26 48 49 50 51 52 53 
6 7 16 17 18 19 28 29 30 31 55 56 
3 9 14 22 23 36 37 38 39 
3 13 21 22 23 36 37 38 40 41 
1 24 25 42 44 
5 6 12 17 18 19 28 29 30 31 56 57 58 
5 6 12 16 18 19 30 31 57 
5 6 7 12 17 20 30 31 32 58 59 60 
5 6 7 8 12 16 17 18 20 30 31 32 34 59 60 61 62 63 64 
5 6 7 8 18 19 30 32 33 34 59 60 61 62 63 64 65 
14 22 9 36 37 
3 9 14 21 23 36 37 38 
3 13 14 36 38 40 
1 2 15 42 43 
1 2 24 42 43 44 45 
1 10 11 51 52 
27 28 54 55 
5 16 28 29 54 55 56 
5 16 27 28 54 55 
5 6 7 12 16 17 18 19 31 32 58 59 60 
5 6 12 16 18 19 30 32 58 59 60 
5 6 7 18 19 20 30 31 33 34 59 60 61 62 63 
5 6 7 8 19 20 32 34 61 62 63 64 65 
5 7 19 20 32 33 61 63 64 65 
6 7 8 65 66 67 
3 13 14 21 22 23 37 38 39 
3 13 14 21 22 23 36 38 
3 14 22 23 36 37 39 
3 23 36 38 
14 23 41 
14 40 
15 24 25 
1 2 15 24 25 45 
1 15 25 43 45 46 
1 2 25 43 46 47 
1 2 44 45 47 
1 2 4 10 46 
2 4 49 50 
1 4 10 11 48 50 
1 2 4 10 48 49 51 
1 2 4 10 11 26 50 52 
2 4 10 11 26 51 
1 4 10 11 26 52 
27 28 29 55 
12 28 29 54 
12 16 28 29 55 
12 17 
5 12 16 17 18 30 31 
5 6 7 18 19 20 30 31 32 60 61 
5 6 7 19 20 31 32 59 61 
5 6 7 19 20 32 33 34 59 60 62 63 64 
5 6 7 19 33 34 60 61 63 64 
7 8 20 32 33 34 61 62 64 
6 7 8 19 20 33 34 61 62 63 65 
6 7 20 33 34 35 64 66 67 
6 7 8 35 65 67 
7 8 35 65 66 
1 69 70 71 72 73 75 76 77 78 83 84 85 86 87 100 101 102 103 104 105 107 108 109 110 111 112 138 140 141 142 143 144 145 146 147 148 149 150 151 152 153 154 155 
68 73 75 76 77 84 85 86 107 108 109 110 111 112 150 151 152 153 154 155 156 157 158 160 
3 9 68 71 72 74 82 97 98 132 70 133 134 135 136 137 180 182 183 
68 70 72 74 79 80 92 93 94 95 96 121 122 123 124 125 126 171 172 174 175 
68 70 71 74 79 80 97 98 126 127 128 129 130 131 132 133 134 135 177 178 179 
68 69 75 76 86 107 108 109 110 111 149 150 151 152 153 
70 71 72 79 80 93 94 95 96 123 125 174 175 176 177 
68 69 73 76 84 85 103 104 105 106 107 148 149 
68 69 73 75 84 85 103 104 105 106 107 108 148 149 150 
68 69 88 113 161 162 163 164 165 166 
68 87 88 89 90 91 116 117 167 168 
71 74 80 93 94 95 96 123 124 125 174 175 
71 72 74 79 95 96 125 126 174 176 
70 72 98 133 134 135 136 137 180 182 183 
70 81 183 
68 84 100 101 102 144 145 
68 69 75 83 103 104 105 106 107 148 
68 69 76 86 104 106 107 108 150 
68 69 73 85 108 109 110 111 152 
68 77 88 114 164 165 166 
77 87 114 115 165 166 
78 90 91 115 117 118 167 168 
78 117 119 168 169 
78 89 90 116 117 118 119 120 170 
91 119 120 122 172 
71 74 94 96 123 124 172 173 
74 79 93 95 96 123 124 
79 80 96 123 
74 79 93 94 95 124 
70 72 128 129 130 132 178 179 
70 81 134 135 136 137 180 181 
68 100 138 139 140 141 142 143 
68 83 99 101 138 139 140 142 143 144 145 146 
68 83 100 102 143 144 145 146 147 
68 83 101 147 102 
68 75 76 84 104 105 106 107 148 
68 75 76 84 85 103 106 107 148 
68 76 103 104 107 
68 75 76 85 103 105 107 148 149 
69 73 75 76 84 85 103 104 105 106 148 149 
68 73 76 85 86 109 110 150 151 
68 69 73 86 108 110 151 152 
68 69 73 108 109 152 
73 86 153 154 
69 156 158 159 160 
161 163 
77 87 88 115 165 166 
87 89 114 
78 89 90 91 117 118 119 168 
78 89 90 116 118 119 120 169 
90 91 116 117 119 120 
90 91 92 116 117 118 169 170 
91 92 117 118 119 121 169 170 
71 92 120 122 171 172 173 
71 92 121 171 173 
79 93 94 95 124 
71 74 79 93 95 96 123 
71 74 79 80 126 174 175 
71 72 74 80 125 127 128 176 177 
72 74 126 128 129 130 176 177 
72 97 126 127 129 178 
72 127 130 131 132 178 
97 127 128 131 132 179 
97 128 130 132 178 179 
70 72 97 129 130 131 178 179 
70 72 81 98 135 180 
70 72 81 98 133 135 180 
70 134 136 180 
70 72 81 98 134 135 180 
70 98 
99 100 139 141 
68 100 138 141 142 143 
141 142 
68 99 100 139 140 142 143 
68 99 101 139 140 144 145 
140 141 142 
68 83 100 101 142 143 145 146 
68 100 144 
68 83 101 144 145 147 
68 83 102 146 
75 76 84 103 105 106 
68 73 75 76 85 106 107 150 
69 73 85 
69 73 85 86 110 
68 69 73 86 109 110 111 153 
69 154 
69 111 
68 69 
69 112 157 158 159 
69 112 156 159 
69 112 156 157 159 
69 112 156 157 158 160 
158 159 
77 113 
77 163 
161 162 
77 88 114 165 166 
77 164 166 
77 87 88 165 
89 115 
78 89 116 
90 116 117 119 120 170 
91 92 119 120 169 
71 92 122 172 173 
92 93 94 121 122 171 173 
93 121 122 172 
74 79 125 175 
71 79 174 
127 177 
126 127 
72 97 128 129 130 132 179 
72 97 132 178 
70 81 98 133 135 136 181 
70 81 180 
81 137 
81 82 

