88 512
3 6 7 13 14 15 25 27 28 29 30 31 32 33 34 35 57 58 59 60 61 62 63 
8 20 48 49 75 76 77 78 
1 5 12 25 53 54 56 
9 10 11 51 52 80 81 83 84 85 
3 53 5 
7 14 15 34 36 63 64 
1 6 14 15 36 37 38 39 64 65 66 
19 47 73 74 75 
4 10 11 20 21 51 79 80 81 
4 9 11 22 23 51 52 82 83 84 
9 10 22 51 81 82 83 84 85 
5 53 54 55 
1 31 32 59 60 
1 7 15 34 62 63 64 
1 6 7 35 36 64 
17 18 19 41 42 43 45 70 
18 19 42 43 44 45 46 70 71 72 
16 17 19 42 43 44 45 46 70 71 72 
16 17 18 45 46 47 70 72 73 
2 9 21 49 20 50 78 
20 50 79 80 
10 11 23 24 52 86 88 22 
10 22 24 86 23 87 
86 23 87 88 
3 26 27 56 
28 29 
1 25 26 28 30 58 
1 25 26 27 29 30 57 58 
1 26 27 28 30 57 58 
1 27 28 31 57 58 59 
13 30 32 33 58 59 60 61 
13 31 33 59 60 61 
13 31 32 60 61 
1 6 35 62 63 
1 6 15 34 62 63 
6 7 15 65 
7 36 38 40 65 66 67 
37 39 40 65 66 68 
7 40 67 68 69 
37 38 39 67 68 69 
16 40 42 44 69 
16 17 18 43 44 45 
17 18 41 42 46 
18 41 42 43 45 
16 17 18 19 42 43 44 46 
16 17 19 44 45 71 72 
73 74 
2 76 
20 77 
20 21 79 
4 9 10 11 81 82 84 85 
10 11 22 
3 5 12 
3 12 56 
3 12 54 56 
3 25 54 55 
1 27 28 29 30 58 
1 27 28 29 31 57 59 60 
1 13 29 30 31 32 57 58 60 
1 13 31 32 33 58 59 61 
13 31 32 33 60 
1 6 14 35 63 
1 6 14 34 35 62 
6 14 15 36 
7 36 37 66 
37 38 
37 38 40 68 69 
37 39 40 41 67 
39 67 68 
16 17 18 19 46 71 72 
18 19 70 72 
18 19 70 71 73 
8 19 47 71 72 
8 47 73 
2 8 47 75 
2 48 
2 49 76 
2 20 49 
20 21 50 
4 9 
4 10 11 51 82 83 84 85 
4 10 11 51 81 83 84 
4 10 11 51 81 82 84 
10 11 51 81 82 83 85 
4 10 11 51 81 82 83 84 
23 24 87 
24 86 23 88 
22 23 24 87 

