88 574
85 2 
85 1 2 
78 20 
78 79 5 6 21 22 23 
78 79 6 7 21 22 23 
78 79 4 5 7 21 22 24 
78 79 5 8 24 25 
79 9 24 25 
8 10 26 27 
9 11 12 26 27 
86 10 12 28 
86 10 11 28 
80 30 
80 81 82 15 16 31 32 33 
81 14 16 32 33 
81 82 83 14 15 17 32 33 
81 82 83 18 33 34 
82 84 34 36 
84 88 
85 3 
4 5 6 22 23 
78 79 4 5 6 21 
78 79 4 5 21 
78 79 6 8 24 25 
79 8 24 
8 9 27 
10 26 
80 86 11 12 29 
86 28 
80 86 87 13 
80 14 
81 82 15 16 33 
81 15 16 
83 84 17 18 35 36 
84 18 34 36 
84 18 35 
39 41 42 44 45 50 51 52 55 62 63 64 65 66 67 69 70 
37 41 42 48 49 50 51 52 60 61 62 
42 43 44 45 46 53 54 55 67 68 69 70 71 72 73 74 
85 1 2 20 46 47 56 57 58 59 76 77 
37 38 48 49 50 60 61 62 
38 43 44 50 51 52 53 54 55 63 64 65 66 67 68 
37 39 42 44 51 52 53 54 55 64 65 66 67 68 69 
37 39 42 43 45 53 54 55 67 68 69 70 71 
37 39 43 44 53 55 67 68 69 70 71 
40 47 56 58 59 75 76 77 
85 1 2 40 46 56 57 58 76 77 
38 41 49 50 60 
41 60 
37 38 41 42 48 51 60 61 62 63 
37 38 43 50 52 61 63 64 65 66 
38 42 43 51 53 63 64 65 66 
37 39 42 44 45 52 54 55 65 66 67 68 
37 39 42 43 45 53 55 67 68 69 70 
37 39 42 43 44 45 54 67 68 69 70 
40 46 47 59 76 77 
40 46 56 58 
2 40 46 47 56 57 59 77 
2 40 46 47 56 58 77 
41 48 49 50 
38 41 50 51 
37 38 41 51 61 63 
37 38 42 50 52 62 64 65 
37 42 43 51 52 63 65 
42 43 52 66 
37 42 43 51 52 53 54 65 67 
37 39 42 43 44 45 53 54 55 66 68 69 
37 39 42 43 44 45 53 54 69 70 
37 39 43 44 45 53 54 55 67 68 70 
37 39 44 45 54 55 68 
44 72 73 74 
73 74 75 
39 71 72 74 
39 71 73 75 
46 72 
40 46 47 56 75 
40 46 47 56 57 58 59 
79 5 6 7 22 23 24 78 3 
78 4 6 7 8 9 21 22 23 24 25 
81 82 86 87 13 14 28 29 30 31 
82 87 31 32 
80 14 15 16 17 32 33 34 
82 84 16 17 18 19 34 35 36 
82 83 88 
1 20 47 56 57 58 59 
80 87 11 28 29 30 
80 81 86 30 31 
83 84 19 

