88 592
3 6 7 22 51 88 
3 9 
1 2 7 8 
2 5 8 10 
2 4 9 10 
7 88 
1 6 7 88 
3 4 9 10 
2 4 5 10 
2 4 5 8 9 
1 12 16 17 18 19 20 21 22 27 28 29 31 32 43 44 45 46 47 48 49 50 51 74 77 78 80 81 82 83 84 85 86 
11 13 14 15 23 24 25 34 36 37 38 40 41 42 54 55 56 57 58 59 60 61 62 63 64 
12 14 15 24 25 36 37 39 40 41 54 55 56 57 58 59 60 61 62 
12 13 23 34 35 36 38 52 53 54 55 56 
12 13 24 25 41 42 64 65 66 67 68 15 
11 15 17 18 20 21 26 27 70 
11 16 18 20 21 26 27 28 44 45 71 72 73 
11 16 17 19 20 21 27 28 29 31 43 44 45 46 74 76 77 
11 18 30 31 32 48 49 50 79 80 81 82 83 84 85 
11 16 17 18 21 26 27 43 69 70 71 
11 16 18 20 27 28 29 43 44 45 71 72 73 74 
1 11 19 50 84 86 87 88 
12 14 33 34 35 53 
12 13 15 39 40 41 62 63 64 
12 15 42 64 65 66 67 68 
16 17 20 26 
11 16 17 18 20 21 28 43 44 45 71 72 73 74 
11 18 21 29 43 44 45 75 
11 18 21 27 28 31 45 46 74 75 76 
11 18 19 29 31 46 76 77 78 
11 18 19 29 46 78 
11 19 47 48 49 79 81 82 
14 33 
12 14 23 35 52 53 
14 23 34 52 
12 13 14 55 
12 13 14 36 54 55 
12 13 36 
13 40 63 
12 13 24 39 62 63 
12 13 15 24 39 40 62 63 64 
12 15 25 64 65 66 67 
11 17 18 20 21 27 28 44 71 73 
11 18 21 27 28 45 72 73 
11 17 21 27 28 29 44 74 
11 18 29 30 31 76 77 78 
11 48 79 80 81 82 83 
11 19 32 47 82 83 
11 19 32 48 81 82 83 84 
11 22 86 
22 87 88 
14 34 35 
14 23 35 52 
12 14 36 38 55 
12 13 36 37 54 
13 14 57 58 
13 56 59 
12 13 59 
12 13 57 58 
12 13 59 
12 13 59 60 
24 39 40 63 
12 13 24 39 40 41 
15 25 41 42 65 66 67 
15 25 42 64 66 67 
25 42 64 65 67 
15 25 42 66 
25 15 
16 20 26 70 
16 20 26 69 
17 21 27 43 72 73 
17 21 27 43 44 71 73 
17 21 43 44 71 72 
11 21 27 28 29 75 
11 18 28 29 30 45 46 74 76 
11 18 46 75 
11 18 31 46 78 
11 30 31 77 
19 32 80 
11 19 47 79 81 
11 19 32 47 48 49 79 82 83 
11 19 32 47 48 81 83 
11 19 32 47 49 81 82 
11 19 48 49 85 
50 86 
11 87 
22 51 
6 51 

