79 568
2 3 8 9 15 78 79 
1 3 2 
1 2 
5 6 7 8 9 10 11 12 13 14 15 20 21 23 24 25 36 37 38 39 40 41 42 43 44 45 64 65 66 67 68 69 71 72 73 
4 7 10 11 17 18 19 20 21 29 30 31 32 34 35 36 37 38 55 56 57 58 59 60 61 62 63 64 
1 4 8 9 14 46 47 75 15 76 77 78 79 
4 5 16 17 7 27 28 51 52 53 
1 2 4 6 14 15 47 76 77 78 79 
1 2 3 4 6 8 15 46 47 77 78 79 
4 5 17 18 19 20 21 31 32 33 34 35 36 58 59 60 61 62 63 
4 5 10 21 22 36 37 38 39 64 65 66 
4 13 25 44 69 70 71 72 
4 43 44 69 70 71 72 
4 6 8 15 45 75 
4 6 8 9 14 15 76 77 
7 26 49 50 
5 7 10 19 28 29 30 31 52 53 54 55 56 57 
5 10 17 19 20 30 31 32 33 34 55 56 57 
5 10 17 18 20 30 31 32 33 34 35 54 55 57 58 
5 18 19 21 30 31 32 33 34 60 61 62 
4 5 10 11 20 36 61 62 63 
4 11 23 39 41 42 66 67 68 
24 
4 23 43 
4 12 13 71 72 73 74 
16 48 49 50 26 
7 28 51 
7 17 29 51 
5 17 28 52 55 
5 10 17 18 19 20 31 32 33 34 35 56 
5 10 17 20 30 32 33 35 56 57 
5 10 18 19 20 30 31 33 34 35 57 58 59 
5 10 18 19 20 30 31 32 34 35 58 59 60 
5 10 18 19 30 31 32 33 35 59 60 
5 10 18 19 20 30 31 32 33 58 59 60 
4 5 10 11 21 37 62 64 
11 36 38 64 65 
5 11 37 64 65 
4 22 40 42 66 67 
4 22 41 66 67 
22 39 66 68 
4 22 39 40 66 67 
12 13 44 69 
4 12 13 43 69 70 
14 45 
6 8 9 47 77 78 
77 78 
16 26 49 
26 48 50 
16 26 48 49 
27 28 
7 17 28 29 53 
7 29 54 55 
17 18 19 29 53 55 56 
17 18 29 53 54 56 
5 18 19 31 54 55 57 
5 17 18 30 31 32 56 
5 10 19 20 32 33 35 59 61 
10 20 32 34 35 58 60 61 
20 32 34 35 58 59 61 
5 20 21 58 59 62 
5 10 20 21 61 63 
5 10 21 62 
4 5 11 36 38 
4 11 38 64 
4 22 39 40 41 42 67 
4 22 39 40 41 42 66 
4 22 23 42 
4 12 13 43 44 
4 44 
4 12 13 25 72 
12 13 25 
4 25 74 
25 45 
6 15 76 
8 15 75 
8 9 15 47 78 
6 8 9 47 77 
6 9 

