26 205
26 2 3 4 11 12 14 15 22 
26 3 4 5 6 7 12 13 14 15 16 21 22 23 
26 1 2 4 5 9 11 12 13 14 17 18 19 20 21 
26 1 2 3 5 6 11 12 13 15 
26 1 2 3 4 6 11 12 13 14 15 
26 1 2 4 5 7 12 14 15 16 22 23 
2 6 16 23 24 25 
26 9 17 8 
26 3 8 10 11 17 18 20 
26 8 9 11 17 18 
26 1 3 4 5 9 10 17 18 19 
1 2 4 5 6 13 14 15 21 
26 3 4 12 15 
1 3 4 5 6 12 15 21 
26 1 2 4 5 6 12 14 21 
6 7 23 24 25 
26 3 8 9 11 19 
26 3 9 10 11 19 20 
9 10 17 20 
26 3 9 11 17 19 
26 1 2 3 4 5 12 13 14 15 
1 7 
2 6 7 16 24 
23 25 
7 16 24 
1 2 3 4 5 6 8 9 10 11 12 13 14 15 17 18 19 20 21 

