45 224
2 4 5 6 11 20 21 22 36 37 38 39 42 
5 12 13 14 22 38 40 42 43 
8 7 
1 5 9 11 19 20 21 32 33 34 35 
2 4 6 21 37 38 
1 2 5 12 22 36 38 39 40 41 42 43 
3 23 7 
3 8 24 25 26 27 45 
10 11 16 17 18 19 29 30 
9 11 29 30 31 
4 9 10 19 20 32 33 34 35 
2 6 13 15 22 
2 12 14 15 
2 12 44 
12 13 14 23 44 
9 17 28 16 
9 17 18 
9 17 19 30 
4 9 10 11 18 29 30 32 
1 4 11 21 35 
1 4 5 36 
1 12 41 42 43 
7 14 15 
8 25 26 27 45 
26 27 45 
24 45 
8 24 45 
28 16 
10 18 19 30 
10 18 
9 11 19 32 
4 11 19 31 33 34 
4 34 
11 32 33 
4 11 
5 6 38 
1 36 
1 2 5 6 36 37 39 
1 6 38 40 41 42 
1 2 6 39 41 42 
1 6 22 39 40 42 43 
2 6 22 39 40 41 43 
2 6 22 41 
14 7 23 
24 25 26 

