45 231
2 3 4 5 6 7 8 9 11 12 13 14 15 16 17 18 19 27 28 29 30 
1 4 19 20 21 22 33 34 35 36 37 38 
1 7 8 9 15 16 17 18 29 
1 8 9 19 20 31 32 33 
1 11 12 13 14 
1 12 13 14 
1 3 6 13 14 16 17 
1 4 9 17 18 29 
3 8 18 19 30 31 32 
24 25 26 10 43 44 45 
1 5 6 12 
1 6 11 13 14 
1 5 6 7 11 14 15 
1 6 7 11 12 13 
1 3 6 7 13 14 16 
3 7 15 
1 3 7 16 27 
1 3 4 8 9 28 29 
1 2 4 9 20 30 31 32 
2 4 19 33 
2 35 
23 36 
22 24 40 42 
23 25 41 42 43 44 45 
10 24 42 43 44 45 
10 44 45 
1 7 16 17 
1 3 8 17 18 29 
1 8 18 28 
1 4 9 31 
4 9 
19 31 
4 20 
33 35 
2 34 21 33 35 
22 38 39 
2 22 39 
22 39 
22 37 38 
22 23 41 42 
23 24 
23 25 40 41 
10 24 44 45 
24 25 26 43 45 
10 24 25 44 

