56 338
2 6 10 11 19 35 36 37 38 39 40 41 
1 5 6 10 11 13 14 19 20 39 40 41 42 43 44 
4 8 17 18 33 34 52 53 54 
8 18 33 52 53 55 56 
2 6 9 10 19 20 37 38 39 41 
1 2 5 9 10 11 20 37 38 39 41 
14 15 16 22 23 24 26 27 28 46 47 
3 4 17 32 33 51 52 
1 5 10 35 36 37 38 
2 6 9 37 38 39 40 
1 2 5 6 12 19 20 21 42 
5 11 13 19 20 21 42 43 
2 11 14 21 42 43 44 45 
2 7 13 15 22 44 45 46 
7 16 22 24 25 26 27 28 46 
7 15 23 24 26 27 28 29 30 31 47 48 49 
3 4 8 32 33 17 
3 4 33 34 53 54 55 
2 6 11 12 21 39 42 
2 5 6 12 21 41 42 
2 11 12 19 20 43 
14 15 44 45 46 
7 26 27 28 
7 15 23 25 26 27 28 
7 26 
7 15 16 23 24 25 27 28 47 
7 23 25 26 28 47 
7 15 16 23 24 25 26 47 
16 30 31 47 48 49 50 
16 29 31 49 50 
29 30 51 
8 50 
4 8 17 34 53 
3 4 18 33 52 53 
9 36 1 
1 9 
1 6 9 10 
1 10 39 
1 2 5 10 19 38 40 41 
1 2 5 39 
1 2 5 6 11 19 20 39 
11 12 13 21 
2 11 13 21 42 
14 22 45 
14 44 
7 22 
7 16 26 27 28 29 48 
29 30 
16 31 47 48 
30 31 32 
8 32 50 
3 8 33 34 
4 18 33 34 
3 56 
4 18 54 56 
4 18 54 55 

