178 1274
3 4 8 9 10 21 22 39 40 67 68 69 70 
5 11 23 41 75 89 91 92 126 127 128 129 175 176 178 
8 17 18 19 20 32 33 34 62 63 64 65 
1 8 10 21 22 35 36 37 38 39 9 66 67 
2 23 41 91 92 128 129 
7 13 14 16 29 31 54 55 56 
6 14 15 16 29 30 56 58 59 
1 3 4 9 17 20 21 35 65 
1 4 8 10 22 35 36 37 38 39 9 66 
1 4 9 21 36 37 38 
2 24 25 26 27 42 43 44 45 
13 28 47 48 49 50 51 52 
6 28 29 53 
6 7 15 16 29 30 31 53 55 56 57 58 
6 7 16 31 56 57 58 
6 7 14 15 31 32 57 59 60 61 
3 18 19 20 34 65 
8 17 19 20 34 65 
3 8 17 18 20 33 34 65 
8 17 65 
1 4 8 9 35 36 37 38 39 66 
1 9 67 
2 5 24 23 
11 23 42 43 
11 42 43 
11 27 44 45 46 
26 44 
13 49 50 51 52 28 
6 7 13 14 30 53 55 
6 7 14 29 53 54 55 
6 14 15 16 56 57 58 
3 16 33 59 60 61 62 63 64 
3 17 18 19 32 34 62 63 64 
3 8 18 19 
4 8 9 20 21 36 38 39 
4 9 10 21 35 37 38 39 66 
4 10 35 38 39 66 
4 9 10 21 36 37 66 
1 4 9 10 21 35 36 37 38 66 
1 68 
2 23 
25 43 
11 24 42 
11 26 27 45 46 
26 27 
12 26 27 44 45 47 48 
27 46 48 
12 47 49 50 51 
12 51 52 
12 48 51 52 
28 48 49 50 52 
12 28 49 50 51 
6 13 14 29 30 54 55 
29 53 
29 30 
6 7 14 15 16 31 57 58 
7 14 15 16 31 56 58 
7 14 15 16 31 57 
7 32 
16 32 
16 32 59 
63 64 
62 64 
3 32 33 62 63 
3 8 17 18 20 
4 21 35 36 37 38 39 
1 4 22 
1 40 
1 68 70 69 
1 69 
72 73 74 76 77 79 80 81 82 96 97 98 99 100 101 102 103 104 105 106 107 108 109 110 111 112 113 114 137 138 139 140 141 142 145 146 147 148 149 150 
2 71 73 75 78 82 83 84 85 86 87 88 89 112 114 115 116 117 118 119 120 121 122 123 124 125 153 154 155 156 157 158 159 160 161 162 163 164 165 166 167 168 169 170 171 172 
71 77 80 81 97 98 99 100 101 104 105 106 107 108 109 137 138 139 141 142 143 144 145 
71 76 79 93 94 95 130 74 131 134 135 
72 87 88 89 90 91 92 124 125 126 127 128 173 174 175 176 
71 74 79 94 95 133 134 135 136 
71 73 98 99 100 101 102 103 137 138 139 140 
72 86 119 120 122 123 164 165 166 
71 74 76 95 96 136 79 
71 73 81 103 104 105 106 108 141 142 143 144 
71 73 105 106 107 109 142 144 145 
71 72 83 84 115 116 154 155 156 
72 82 84 85 115 116 117 118 156 158 159 
72 82 83 85 115 116 117 118 156 157 158 159 160 
72 83 84 116 117 118 156 157 158 160 161 
72 75 78 87 123 124 165 166 168 169 170 171 172 
72 86 88 123 124 166 167 168 169 170 171 172 
72 75 86 87 124 125 169 170 171 172 
72 75 90 91 92 125 126 127 173 174 175 176 
75 91 92 126 174 175 177 
89 90 92 126 127 128 129 173 174 175 176 177 178 
75 89 90 126 127 128 129 176 178 
74 130 
74 76 132 133 134 135 
79 
71 79 97 136 
73 98 137 
71 73 77 97 99 100 
71 73 77 100 101 102 137 138 
71 73 77 98 99 101 102 139 
71 73 77 100 102 139 
71 73 77 99 100 101 103 139 140 
71 73 77 80 102 104 105 139 140 141 
80 105 140 141 142 
73 80 81 103 104 141 143 144 
71 73 80 105 107 108 109 142 144 145 
73 80 81 108 143 144 145 
80 81 106 107 109 143 144 145 
71 80 106 107 108 143 144 145 
111 146 
71 147 
71 72 113 148 149 150 152 
71 72 112 147 148 149 151 152 
72 82 115 153 154 155 
72 82 83 84 85 114 116 117 155 156 157 158 
72 82 84 85 115 117 156 157 158 159 
72 83 84 85 116 118 156 157 158 159 160 
72 83 84 85 117 159 160 161 162 
72 78 120 121 122 163 164 
72 78 119 121 122 163 164 165 
72 78 119 120 122 164 
72 78 119 120 121 163 164 165 
78 86 87 122 165 166 167 168 169 170 
72 75 86 87 88 125 124 
72 75 88 89 124 
75 89 90 91 173 174 175 176 
90 91 92 126 173 174 175 
75 91 92 129 177 178 
91 178 
93 131 
93 74 
74 76 94 133 135 
74 76 94 132 134 135 
74 76 94 132 133 135 
74 94 132 133 134 
76 79 95 
71 73 97 99 
71 73 77 99 100 101 102 139 
71 77 101 102 103 140 
73 102 103 104 139 
73 103 104 142 
71 80 81 104 105 106 143 144 
71 73 81 105 106 107 108 109 142 144 
71 73 80 105 107 108 109 143 145 
71 73 80 81 106 107 108 109 144 
110 111 
112 113 148 149 
71 112 147 149 151 
71 112 113 147 148 150 151 
71 113 148 152 
113 148 149 150 
112 150 151 153 
72 82 114 152 154 
72 82 114 153 
72 82 83 114 115 
72 82 83 84 85 115 116 117 157 158 159 
72 83 84 85 117 156 159 
83 84 85 115 117 156 
72 83 84 85 116 117 118 156 157 158 
72 85 117 118 161 162 
72 85 118 
72 160 161 
72 78 119 120 121 122 164 
72 119 120 121 122 
72 78 120 121 122 123 166 
78 86 87 123 165 167 168 169 
86 87 123 166 168 169 170 171 
86 87 123 166 169 170 171 172 
72 87 88 123 166 167 170 171 
72 86 87 88 167 168 169 171 172 
72 86 87 88 167 168 169 170 172 
72 86 87 88 167 169 170 171 
90 126 127 174 
75 91 127 
75 90 91 92 126 127 176 177 
75 89 90 91 92 127 128 175 177 
90 92 128 129 175 176 
91 92 177 

