258 2177
140 155 178 206 207 2 
155 178 205 206 
4 
3 4 138 139 
6 7 8 9 10 11 12 13 14 15 16 17 18 19 20 21 22 23 24 25 26 27 28 29 30 33 34 35 36 37 39 40 57 58 59 60 61 62 63 64 65 66 67 68 69 70 71 72 73 108 109 110 111 112 113 114 115 116 117 118 119 120 121 122 123 124 125 126 5 127 128 129 130 131 140 
5 7 8 10 11 13 14 15 16 22 23 31 32 41 42 43 44 45 46 47 48 49 50 51 52 53 80 81 82 83 84 85 86 87 88 89 90 91 92 93 94 95 96 97 98 140 145 154 178 202 203 204 205 206 207 255 256 257 258 1 
5 6 14 15 16 22 31 41 42 44 45 80 81 82 83 84 85 86 87 88 7 89 145 155 
5 6 7 13 14 15 16 22 31 32 41 42 43 44 45 85 86 88 90 
5 6 10 11 23 24 25 33 55 56 58 103 104 105 106 107 
6 9 11 24 25 33 57 58 59 
5 6 9 25 26 27 28 33 34 59 60 61 62 63 109 110 111 112 113 
3 4 5 21 29 30 40 71 72 73 74 75 76 77 78 79 134 135 136 137 139 
6 7 14 41 80 81 83 84 86 87 88 
5 6 7 8 13 15 16 22 32 43 44 45 46 47 48 49 51 89 90 91 93 94 95 96 97 
5 6 7 8 14 16 22 32 43 44 45 46 47 48 49 50 51 52 91 92 93 94 96 97 
5 6 7 8 14 15 22 32 45 47 48 49 50 51 52 91 92 93 95 97 
5 11 18 19 26 27 35 36 62 63 64 113 115 116 117 
5 19 20 28 35 36 37 64 65 66 116 118 119 120 
5 17 18 20 28 35 36 37 38 64 65 66 67 119 120 121 122 123 124 125 
5 19 37 38 65 67 20 68 121 122 123 124 126 
5 12 29 30 40 71 73 74 75 76 77 78 132 133 134 
5 6 7 8 14 15 16 32 47 48 49 50 51 53 95 96 97 98 
5 6 10 55 56 57 102 103 104 105 106 107 
5 9 10 11 25 58 59 33 108 
9 10 11 24 33 59 108 109 
5 17 27 34 60 62 63 111 112 
5 11 17 26 28 35 62 111 112 113 114 115 
5 17 19 27 35 64 114 115 117 
5 12 21 30 40 71 72 73 74 75 76 133 134 
5 12 21 29 40 73 74 75 76 78 79 134 135 136 137 
6 7 8 13 80 81 82 83 84 178 
8 14 15 16 22 45 46 47 48 49 50 51 52 91 93 94 95 96 97 
5 9 10 11 24 25 59 33 108 
5 11 26 61 111 
5 17 18 19 27 28 36 64 115 116 117 118 119 
5 17 19 35 64 116 117 118 119 
5 18 19 20 38 65 66 121 122 124 125 
5 19 20 37 67 126 
5 69 128 129 130 131 
5 12 21 30 73 74 77 78 134 135 
6 7 8 13 31 80 81 83 84 85 
7 8 43 87 88 
7 8 14 15 42 44 45 89 
6 7 8 14 15 16 43 45 89 90 91 
6 7 8 14 15 32 43 44 89 90 91 92 93 
6 14 15 16 22 32 47 48 94 95 96 97 
6 14 15 16 22 32 46 48 49 50 95 96 97 
6 14 15 16 22 32 46 47 49 50 52 97 98 
6 14 15 16 22 32 47 48 50 52 97 98 
6 14 15 22 47 48 49 51 52 98 
14 15 16 22 48 50 52 98 
6 14 15 16 22 32 48 50 98 
6 22 54 55 99 100 
99 100 101 
23 53 101 56 102 103 
9 55 101 102 103 
5 9 10 23 106 107 
9 10 
5 10 11 24 25 61 108 109 110 
5 11 34 61 109 
5 11 34 60 109 110 
5 11 17 26 27 34 63 111 112 
5 11 17 26 27 62 111 112 113 
5 17 18 19 28 36 65 118 119 120 
5 18 19 20 37 66 119 120 121 
5 18 19 20 37 64 65 121 
5 19 20 37 38 122 123 124 125 126 
5 20 38 69 70 127 128 129 
5 68 70 127 129 
5 39 68 69 128 129 130 
5 21 29 72 133 
5 12 29 73 132 133 
5 12 29 30 40 72 74 75 76 133 134 
21 29 30 40 73 75 76 134 
21 29 30 40 73 74 
21 29 30 40 73 74 75 77 78 134 
12 21 30 75 134 
12 21 30 40 76 135 
4 12 135 136 137 138 139 
6 7 13 31 41 82 83 
6 7 13 31 41 80 82 83 
7 13 31 41 80 81 83 
7 13 31 41 80 81 82 84 85 
6 7 13 31 41 83 85 86 
6 7 13 41 84 86 
6 7 8 13 41 83 84 
6 7 88 
6 13 42 87 
6 7 14 43 90 
6 8 14 43 44 45 89 
6 14 15 32 44 93 94 
6 14 15 16 91 93 94 
6 15 16 32 45 91 92 94 95 
6 14 15 16 45 46 91 92 95 
6 14 15 16 22 46 47 93 94 96 
6 14 15 16 22 32 46 95 97 
6 14 15 22 32 47 48 49 
6 16 48 49 50 51 52 
53 54 100 
99 101 
53 54 55 56 99 100 102 
23 55 56 103 
9 23 55 56 102 
9 23 
23 57 104 107 
57 105 107 
57 106 
5 10 24 25 33 
5 11 25 59 60 61 110 
5 11 25 60 61 109 
5 11 26 27 34 62 63 112 
5 11 26 27 62 63 111 
5 11 17 27 114 
5 28 113 
5 28 35 
5 17 35 36 117 
5 18 35 36 116 118 
5 35 64 117 119 120 
5 18 35 36 64 65 118 
5 18 19 64 65 66 119 
18 19 20 37 65 66 
5 19 20 37 67 123 124 125 
5 19 20 125 
67 122 123 125 
5 19 20 37 67 123 124 
5 20 38 67 
5 68 69 
39 68 69 70 
5 39 68 70 130 
39 70 
5 39 130 
29 72 
12 21 29 71 72 73 
12 21 29 30 40 73 74 75 77 
12 30 79 136 137 
12 30 135 138 139 
12 30 79 135 136 138 139 
4 30 79 136 137 139 
136 137 138 
7 9 13 14 15 16 31 41 145 152 153 154 155 176 178 197 198 199 200 201 203 204 205 206 207 247 248 249 250 140 251 253 254 255 256 257 258 1 2 
142 143 144 146 156 157 158 159 160 161 162 164 179 180 210 211 213 
143 144 156 157 158 159 208 142 
141 142 144 146 156 157 158 159 160 162 179 180 210 211 212 213 
141 142 143 146 156 157 158 159 160 161 162 163 164 179 180 181 211 213 214 
140 202 203 204 205 206 254 145 256 257 258 
141 143 144 147 148 149 162 163 164 165 166 167 180 181 182 214 215 216 218 219 220 
146 148 149 165 166 167 182 218 219 220 221 222 
146 149 165 167 168 182 183 220 221 222 223 224 
146 147 148 165 166 168 169 182 183 220 221 222 224 225 
168 169 170 171 183 184 185 226 227 228 229 
172 173 174 188 189 190 232 234 
140 153 176 177 192 193 194 196 237 238 239 240 241 242 243 244 
140 152 176 177 196 197 242 243 244 245 
140 145 155 202 203 204 253 255 256 
140 145 154 178 203 204 205 206 256 257 258 1 
141 142 143 144 157 158 159 160 208 209 
142 143 144 156 158 159 160 209 
141 142 143 144 156 157 159 160 209 
141 142 143 156 157 158 160 161 209 
141 142 143 144 156 157 158 159 161 209 
143 144 159 160 162 179 180 210 211 212 213 
141 143 144 146 161 163 164 179 180 181 213 214 215 216 217 
141 144 146 162 164 165 181 214 215 
141 144 146 162 165 180 214 215 217 
146 147 148 149 163 164 166 182 217 218 219 220 
146 147 148 149 165 167 182 218 219 220 222 
146 147 148 166 182 183 220 221 222 223 224 
148 149 150 167 169 183 184 185 223 224 225 
149 150 168 183 184 185 225 226 227 
150 171 172 186 187 226 227 228 229 230 
170 172 186 187 229 230 231 
170 173 187 188 230 231 232 233 
151 172 188 234 
151 175 189 190 191 235 236 
191 192 236 237 
140 152 177 192 193 194 195 196 237 238 241 242 
152 153 176 192 193 194 195 196 237 238 239 240 241 242 
140 145 155 205 206 1 2 
141 144 161 162 212 213 
141 143 144 161 162 163 164 179 181 213 214 215 
144 146 162 163 164 180 214 215 216 
146 147 149 166 167 218 219 220 222 
148 149 150 168 184 223 224 225 
150 168 169 183 185 226 227 
150 168 169 170 184 186 226 227 
150 170 171 185 226 228 229 
170 171 172 186 188 230 231 232 
151 172 173 187 231 232 233 
151 174 190 191 234 235 
151 189 191 234 
174 175 189 190 235 236 
152 176 177 193 194 237 238 239 
176 177 192 194 195 237 238 239 240 241 
176 177 192 193 195 237 238 239 240 
152 153 176 177 193 194 196 242 
152 153 176 195 242 244 
198 245 197 246 
140 197 246 
200 201 247 248 
140 199 201 247 249 
140 200 250 
140 145 154 252 253 254 255 
140 204 255 256 257 
140 145 154 155 203 255 256 257 258 
140 145 155 178 207 1 2 
140 145 155 178 205 207 1 
140 155 178 205 206 1 2 
142 208 
156 157 158 159 160 208 
143 144 161 179 211 
141 143 161 179 210 
141 143 144 161 179 211 213 
141 143 144 161 162 179 180 212 
144 163 164 181 
146 162 164 181 214 216 
146 162 163 164 181 215 217 
146 162 163 164 165 216 
146 147 182 219 
146 166 218 
146 147 148 149 165 166 167 182 221 222 
147 148 149 166 167 182 220 
147 149 166 167 182 221 
148 167 168 183 224 225 
148 149 167 168 183 223 225 
149 168 183 224 
150 169 184 185 186 228 
150 169 170 184 185 226 
185 186 226 229 
150 170 171 186 228 
170 171 231 232 
172 187 188 233 
151 172 187 231 
151 172 187 188 231 232 
173 189 190 
174 189 190 
174 175 191 
152 175 176 177 192 193 194 238 239 240 
176 177 193 194 239 
152 176 192 193 194 238 240 
152 176 177 194 195 237 238 239 241 
152 153 176 177 193 194 195 239 240 
152 153 176 177 195 243 244 
152 153 242 244 245 
153 242 245 
153 197 243 244 
198 197 
198 199 200 249 
199 247 249 
199 200 
140 
140 252 
140 154 202 251 253 254 
140 154 252 
140 154 202 253 
203 204 145 
140 145 154 155 203 204 258 
140 155 203 204 256 258 
140 145 155 203 204 256 257 

