49 321
2 3 4 6 7 8 12 14 15 16 17 27 28 29 30 31 32 
1 5 9 15 16 17 18 30 32 33 35 
6 12 25 
1 3 6 7 12 25 26 
2 9 10 18 19 21 22 24 36 37 38 39 40 41 42 43 44 
1 3 4 7 8 12 25 26 27 
1 3 4 6 8 12 13 25 26 
1 4 7 13 15 27 28 
2 5 19 33 34 35 36 37 38 
5 11 45 46 47 48 
10 49 
1 3 4 6 7 25 26 
1 6 14 15 28 29 
1 8 13 27 28 29 30 
2 8 13 14 17 27 28 30 32 
1 2 15 17 28 29 30 31 32 
2 15 16 30 32 
2 5 19 36 38 
5 9 20 38 39 40 
5 19 21 22 24 39 40 42 44 
5 20 22 24 39 40 41 42 43 44 
5 20 21 23 24 40 41 42 43 44 
5 20 21 22 24 41 42 
5 20 21 22 23 43 44 
3 4 6 7 12 
1 6 7 12 
6 13 14 15 28 
1 8 13 14 15 16 29 30 31 
1 13 14 15 16 28 30 
1 2 14 15 28 29 31 32 
2 15 16 28 30 32 
1 2 15 16 17 31 
2 34 35 
9 33 
2 33 34 
5 9 18 19 37 38 
18 38 
5 18 19 37 
19 20 21 22 38 40 41 42 43 
19 20 21 22 39 42 43 
5 21 23 39 42 43 
20 21 22 23 39 40 41 43 44 
5 20 21 22 23 39 40 41 
5 21 22 24 43 
10 48 
10 45 47 
45 48 
10 45 46 47 
11 49 

