56 418
2 7 13 14 17 18 19 20 32 33 34 36 37 38 39 
1 3 4 5 7 8 14 15 19 20 21 22 23 40 41 42 43 44 
2 4 5 6 8 9 10 11 12 16 24 26 27 28 29 30 47 48 49 50 51 52 53 54 55 
2 3 5 8 9 10 11 15 16 24 25 26 27 45 46 47 48 
2 3 4 8 9 10 11 15 16 24 25 26 27 45 46 47 48 
3 11 12 28 29 30 31 53 54 55 56 
1 2 14 19 20 21 22 40 41 42 
2 3 5 9 10 15 24 25 44 45 46 
2 3 4 5 8 10 15 24 25 26 45 46 
3 4 5 8 9 16 24 25 26 27 47 48 49 
3 4 5 6 12 16 27 28 29 50 51 53 54 
3 6 11 29 30 31 54 55 56 
1 18 34 35 36 37 
1 2 7 19 20 21 40 41 
2 4 5 8 9 24 44 45 
3 4 5 10 11 27 28 47 48 49 50 51 
1 32 33 
1 13 34 35 
1 2 7 20 21 38 39 40 
1 2 7 14 19 21 40 
2 7 19 20 40 41 
2 7 23 42 43 
2 22 
3 4 5 8 9 10 15 25 26 45 46 
4 5 8 9 10 24 26 45 46 
3 4 5 10 24 25 47 
3 4 5 10 11 16 47 49 50 
3 6 11 50 51 52 53 
3 6 11 12 30 54 55 
3 6 12 29 54 55 
6 12 56 
17 33 
17 32 
1 13 18 35 
1 13 18 34 
1 13 37 
1 13 36 
1 19 39 
1 19 38 
2 7 14 19 20 21 41 
2 7 14 21 40 
2 7 22 43 
2 22 42 
2 8 15 
4 5 8 9 15 24 25 46 
4 5 8 9 24 25 45 
3 5 10 16 26 27 48 
3 4 5 10 16 47 49 
3 10 16 27 48 50 
3 11 27 28 49 51 52 
3 11 16 50 52 
3 11 50 51 53 
3 6 11 28 52 
3 6 11 12 29 30 55 
3 6 12 29 30 54 
6 12 31 

