104 823
2 3 4 6 7 8 9 12 13 14 20 21 22 34 35 37 38 39 40 41 42 61 62 63 64 65 66 67 68 69 70 71 
1 3 6 7 8 9 15 21 22 23 24 25 26 40 41 42 43 44 45 46 47 48 72 73 74 75 76 77 78 79 
98 99 100 101 102 103 104 1 2 10 16 17 28 29 30 55 91 92 93 94 95 96 97 
1 5 18 19 31 32 33 56 57 
4 11 18 19 31 32 33 56 57 
1 7 8 14 20 21 39 40 41 69 70 71 
1 2 6 8 9 21 22 40 41 42 72 73 74 75 
1 2 6 7 9 21 22 41 42 43 72 73 74 75 
1 2 7 8 22 23 24 42 43 44 72 73 74 75 76 77 
98 3 16 17 28 29 30 91 92 93 94 95 
4 5 19 
1 13 14 20 35 36 61 62 63 64 65 
1 12 14 20 35 36 37 63 64 65 
1 6 12 13 20 36 37 38 39 65 66 67 68 
25 26 27 46 47 48 49 50 78 79 
3 17 28 52 53 54 81 82 83 84 85 86 87 88 89 90 91 
3 10 16 28 29 30 92 93 94 95 96 
4 31 32 33 56 57 
4 5 11 
12 13 14 36 37 38 65 66 67 68 
1 2 6 7 8 40 41 69 70 71 
2 7 8 9 23 24 42 43 44 72 73 74 75 76 77 
2 9 22 43 44 45 76 77 
2 9 22 23 43 44 45 
2 15 26 46 47 48 49 78 
2 15 25 27 47 48 49 50 
15 26 49 50 51 80 
3 10 16 17 54 87 88 89 90 91 92 
3 10 17 92 93 94 95 96 
3 10 17 55 97 
4 5 18 33 56 57 
4 5 18 31 33 56 57 
4 5 18 31 32 56 57 
1 58 59 60 
1 12 13 61 62 63 
1 12 13 14 20 37 64 65 
1 13 14 20 36 38 39 65 66 67 68 
1 14 20 37 39 65 66 67 68 
1 6 14 20 37 38 66 67 68 
2 6 7 21 41 70 71 
1 2 6 7 8 21 40 71 
1 2 7 8 9 22 72 73 74 75 
2 8 9 22 23 24 44 76 77 
2 9 22 23 24 43 45 77 
2 23 44 
2 15 25 47 78 79 
2 15 25 26 46 48 78 79 
2 15 25 26 47 49 79 
15 25 26 27 47 48 50 
15 26 27 49 
27 80 
16 53 80 81 82 83 84 
16 52 54 81 82 83 84 85 
16 28 53 81 83 84 85 86 87 88 89 
100 101 30 97 
4 5 18 31 32 33 57 
4 5 18 31 32 33 56 
34 59 
34 58 60 
34 59 
1 12 35 61 62 
1 12 13 35 63 
1 12 13 62 
1 12 13 36 65 
1 12 13 14 20 36 37 38 64 
1 14 20 37 38 39 67 68 
1 14 20 37 38 39 66 68 
1 20 37 38 39 66 67 
1 6 21 70 
1 6 21 40 69 
1 6 21 40 41 
2 7 8 9 22 42 73 74 75 
2 7 8 22 42 72 74 75 
2 7 8 9 22 42 72 73 75 76 
2 7 8 9 22 42 72 74 76 
2 9 22 23 43 74 75 
2 9 23 24 43 44 
2 15 25 46 47 79 
2 15 25 46 47 48 78 
27 51 52 
16 52 53 54 82 83 84 85 
16 52 53 81 83 84 
16 52 53 54 81 82 84 85 
16 52 53 54 81 82 83 85 86 
16 53 54 81 83 84 86 87 
16 53 84 85 87 88 
16 28 54 85 88 89 
16 28 54 85 86 87 89 90 
16 28 54 87 90 
16 89 91 
3 10 16 28 90 92 
3 10 17 28 29 91 93 
3 10 17 92 94 
3 10 17 29 95 
3 10 17 29 94 96 
3 10 17 29 95 
3 30 
99 100 101 102 103 104 10 30 55 97 
98 100 101 102 103 30 
98 99 101 102 
98 99 100 102 103 104 
98 99 100 101 103 104 
98 99 101 102 104 
98 99 101 102 103 

