32 232
15 21 22 32 2 
14 16 21 22 1 
14 16 18 23 24 4 5 
14 16 17 18 24 3 5 
14 16 17 18 24 3 4 6 
14 17 18 24 5 7 8 9 10 11 
17 18 24 6 8 9 10 11 
14 17 7 9 10 11 
14 17 6 7 8 10 11 
14 17 6 7 9 11 
14 17 25 6 7 8 9 10 
14 17 25 26 13 
26 12 
15 16 17 18 21 22 23 24 25 26 32 2 3 4 5 6 7 8 9 10 11 12 
14 16 18 20 21 22 28 29 30 31 32 1 2 
14 15 17 18 21 22 23 24 32 1 2 3 4 5 
14 15 16 18 24 25 26 3 4 5 6 7 8 9 10 11 12 
14 15 16 17 21 23 24 3 4 5 6 7 
15 27 28 29 
19 28 29 30 
14 15 16 18 22 23 32 1 2 
14 15 16 21 32 1 2 
14 16 18 21 3 
14 16 17 18 3 4 5 6 7 
14 17 26 11 12 
14 17 25 12 13 
19 27 
15 19 20 29 
15 19 20 28 
20 31 
15 30 31 
14 15 16 21 22 1 2 

