30 170
23 30 
19 20 
17 19 20 4 5 
17 19 20 3 5 
17 19 20 3 4 
14 17 24 25 
14 25 26 8 9 10 
14 26 7 9 10 
14 26 7 8 10 
14 7 8 9 11 
14 10 11 
15 18 21 
15 16 22 29 
15 16 17 18 19 21 24 25 26 6 7 8 9 10 11 
30 14 16 18 21 22 27 28 29 12 13 
23 30 1 14 15 21 22 27 28 29 13 
14 19 20 24 3 4 5 6 
14 16 21 22 27 28 12 13 
14 17 20 2 3 4 5 
17 19 2 3 4 5 
14 15 16 18 22 27 12 
15 16 18 21 27 28 29 13 
1 23 
14 17 25 6 
24 26 6 7 
14 25 7 8 9 
15 16 18 21 22 28 
15 16 18 22 27 29 13 
15 16 22 28 13 
1 29 

