51 336
2 3 
34 1 3 
34 1 
28 39 40 5 
28 39 4 
28 35 39 40 7 
28 35 
23 35 9 
23 41 8 
23 25 29 30 11 12 13 
23 25 30 10 12 13 
23 25 30 10 11 13 
23 25 30 10 11 12 
26 31 36 43 44 45 
24 26 27 32 47 48 49 
24 27 32 37 50 17 
24 32 37 50 
24 37 50 19 20 
37 50 18 20 
24 37 50 51 18 19 
24 38 
33 22 
24 25 26 27 28 29 30 31 35 36 41 42 43 44 8 10 11 12 13 
23 25 26 27 32 33 37 38 46 47 48 49 50 51 15 17 18 19 20 21 
23 24 26 27 29 30 31 36 41 42 43 44 45 10 11 12 13 14 
23 24 25 31 32 36 37 43 44 45 46 47 48 49 14 15 
23 24 25 26 31 32 37 46 47 48 49 15 16 
23 34 35 39 40 4 5 6 7 
23 25 30 42 10 
23 25 29 31 36 41 42 10 11 12 13 
23 25 26 27 30 36 43 45 14 
24 26 27 48 49 50 15 16 17 
24 38 22 
28 1 2 3 
23 28 6 7 8 
23 25 26 30 31 43 44 45 
24 26 27 32 50 51 16 17 18 19 20 
24 33 51 21 
28 40 4 5 6 
28 39 5 6 
23 25 29 30 42 9 
23 25 29 30 41 
23 25 26 31 44 45 14 
23 25 26 31 36 43 45 14 
25 26 31 36 43 44 14 
24 26 27 47 
24 26 27 46 48 15 
24 26 27 32 47 49 15 
24 26 27 32 48 15 
24 32 37 16 17 18 19 20 
24 37 38 20 21 

