266 1874
4 12 15 16 17 30 31 32 33 34 59 60 61 62 63 64 65 66 67 68 69 102 103 104 105 106 107 108 109 110 111 112 113 
13 14 18 35 36 37 38 2 71 72 73 74 133 148 149 
4 10 11 26 27 28 29 48 50 51 52 53 54 
1 3 11 27 29 53 54 55 56 57 58 97 98 99 
6 7 8 20 21 41 77 78 79 80 81 82 83 
5 7 8 21 22 41 83 84 86 87 
5 6 8 21 22 23 84 86 87 88 89 90 
5 6 7 9 21 22 23 24 25 42 84 85 86 87 88 89 90 
8 10 25 43 44 45 46 92 
3 9 11 26 47 48 49 93 94 95 96 
3 4 10 26 27 50 51 52 53 54 
1 15 30 31 60 61 62 63 100 101 102 
2 18 36 37 38 71 72 73 74 
2 19 39 40 
1 30 31 60 61 62 63 102 103 
1 17 32 33 34 68 69 70 114 115 
16 34 68 69 70 114 115 
2 13 35 36 37 38 71 149 
14 39 19 
5 39 40 76 77 
5 6 7 8 82 83 84 
6 7 8 23 24 25 42 88 89 90 91 
7 8 22 24 25 42 91 
8 22 23 25 42 91 
8 9 22 23 24 42 43 91 92 
3 11 48 49 50 51 52 96 
3 4 11 51 52 53 54 
3 4 29 53 54 55 56 97 
3 4 28 55 56 97 
1 12 15 60 101 
1 12 15 61 62 63 64 102 103 104 105 
1 16 33 65 66 67 112 113 
1 16 32 66 112 113 
1 16 17 68 69 70 114 115 
2 18 36 
2 13 18 35 37 71 
2 13 18 36 71 
2 13 18 71 72 
14 19 20 40 76 
14 20 39 76 
5 6 21 80 81 82 
8 22 23 24 25 91 
9 25 91 92 
9 43 45 46 
9 44 46 45 
9 44 45 
10 93 94 
3 26 49 50 95 96 
10 26 48 50 95 96 
3 10 11 26 48 49 
3 11 26 27 52 
3 11 26 27 51 
3 11 27 28 54 
3 4 11 27 28 
4 28 29 56 57 97 98 
4 28 29 55 97 98 
4 55 58 98 99 
4 57 98 99 
1 12 30 100 101 
12 15 30 
1 12 15 31 60 62 63 102 
1 12 15 61 63 102 
1 12 15 31 61 62 102 103 
1 31 65 104 105 107 108 109 110 111 
1 32 64 66 106 107 108 109 110 111 
1 32 33 65 67 112 113 
1 32 33 66 112 113 
1 16 17 34 69 114 115 
1 16 17 34 68 114 115 
17 34 114 115 
2 13 18 36 37 38 
2 13 38 73 
2 13 72 74 75 
2 13 73 75 
2 13 73 74 
20 39 40 
5 20 78 79 
5 77 79 80 
5 77 80 
5 41 78 79 
5 41 82 
5 21 41 81 83 
5 6 21 41 82 
6 7 21 85 86 
6 7 8 84 86 87 
6 7 8 84 85 87 
6 7 8 85 86 88 
7 8 22 87 89 90 
7 8 22 88 90 
7 8 88 89 
22 23 24 25 42 43 92 
9 25 43 91 
10 94 
10 47 93 
10 48 49 96 
10 26 50 95 
4 28 29 55 
4 55 56 57 58 99 
4 57 58 98 
12 30 101 
12 30 59 
1 12 15 31 61 62 63 103 
1 15 31 62 63 102 104 
1 31 64 103 105 
1 31 64 104 106 
1 31 64 65 105 107 108 109 
1 64 65 108 109 110 
1 64 65 106 107 109 110 111 
1 64 65 106 107 108 110 111 
1 64 65 107 108 109 111 
1 64 65 107 108 109 110 
32 33 66 67 113 
1 33 66 67 112 
16 17 34 68 69 70 115 
16 17 34 68 69 70 114 
117 118 119 120 121 122 123 124 125 126 127 128 129 130 134 135 136 137 138 150 151 152 153 154 155 156 157 158 159 160 161 162 163 164 165 166 167 168 169 170 171 192 193 194 195 196 197 198 199 200 201 202 203 204 205 206 207 208 245 246 250 252 
2 13 18 35 116 119 120 121 131 132 133 142 144 145 146 147 148 149 180 181 182 183 184 185 186 187 188 189 190 232 233 234 235 236 237 238 239 240 241 242 243 244 245 
116 127 134 135 136 155 156 157 158 159 160 161 162 163 164 197 198 199 200 201 202 
116 117 123 128 129 130 171 172 173 209 210 211 212 213 214 215 216 217 
116 117 121 131 141 142 143 144 175 176 177 178 179 223 224 225 226 227 228 
116 117 120 131 132 142 143 144 180 181 228 229 230 231 232 
116 125 126 151 152 153 192 193 
116 119 128 129 130 138 139 140 172 173 174 216 217 218 219 
116 125 150 191 246 250 252 264 265 266 
116 124 150 151 191 
116 122 152 153 154 192 
116 118 135 158 159 160 161 162 199 200 201 
116 119 123 138 171 172 173 210 211 212 213 214 215 216 
116 119 123 128 138 172 173 212 213 214 215 216 217 
116 119 123 138 139 140 141 174 218 219 220 221 222 
117 120 121 142 143 176 177 178 224 225 226 227 
117 121 144 180 181 230 232 233 
35 117 148 149 188 189 190 242 243 244 
116 118 154 155 156 157 196 197 198 
116 118 127 159 160 161 162 200 201 
118 137 164 165 167 168 203 204 205 206 207 
116 136 166 167 168 169 170 206 207 
116 119 123 128 129 130 172 173 215 216 217 218 
123 130 140 141 174 218 219 220 221 222 
123 130 139 141 174 219 220 221 
120 130 139 140 174 175 221 222 223 
117 120 131 143 144 176 178 179 227 
120 121 131 142 144 178 179 228 
117 121 132 142 143 179 228 229 
117 146 183 236 237 238 239 
117 145 183 239 
117 184 185 186 240 241 
117 133 149 186 187 189 190 242 243 
18 35 2 117 133 148 244 
116 124 125 191 265 
116 122 125 
116 122 126 153 192 
116 122 126 152 192 
116 126 134 155 193 194 195 
118 154 195 196 197 
116 118 134 155 157 197 198 
116 118 134 158 197 199 
116 118 127 134 156 157 159 197 198 199 
116 118 127 135 160 200 201 
116 127 135 159 161 162 200 201 
116 118 127 135 160 162 201 
118 127 135 160 161 
116 164 202 203 204 
116 118 136 163 165 202 203 204 205 
116 136 164 166 167 203 204 205 206 207 
116 136 137 165 167 168 206 207 
116 136 137 165 166 168 206 207 
116 136 137 166 167 169 206 207 
116 137 168 170 208 
116 137 169 208 
116 119 128 209 210 211 
119 123 128 129 138 173 213 214 215 216 217 
119 123 129 138 172 214 215 216 217 
123 130 139 140 141 218 219 221 222 
120 141 
131 142 177 178 224 225 226 227 
120 131 176 224 225 226 
120 131 142 143 176 227 
120 121 142 143 144 228 229 
117 121 132 181 182 231 232 233 234 
117 121 132 180 182 232 233 234 235 
117 180 181 232 233 234 235 
117 145 146 236 237 238 239 
117 147 185 240 241 
117 147 184 186 187 241 
117 147 148 185 187 188 189 
117 148 185 188 
117 133 148 186 187 189 190 242 
117 133 148 186 188 190 242 
133 148 188 189 242 
124 125 150 
116 122 126 152 153 
116 122 126 154 
116 154 195 
116 154 194 
116 134 155 
116 118 134 155 156 157 158 
116 118 134 156 157 158 199 
116 118 127 157 158 159 198 
116 118 127 135 159 160 201 
116 118 127 135 159 160 161 200 
116 118 163 164 203 204 
116 136 163 164 165 202 204 205 
116 136 163 164 165 202 203 205 
136 164 165 203 204 
116 136 137 165 166 167 168 207 
116 136 137 165 166 167 168 206 
116 169 170 
119 171 210 
128 171 211 
119 128 171 210 
119 128 129 
119 128 129 172 212 214 
119 129 172 173 213 
119 123 128 129 138 172 173 216 217 
119 123 129 138 172 173 215 217 
119 123 129 138 172 173 215 216 
123 130 138 139 174 219 
123 130 139 140 174 218 220 
130 139 140 174 219 
130 139 140 141 174 222 
130 139 140 141 174 221 
120 141 175 
120 131 176 177 225 
120 131 176 177 224 
120 131 176 177 227 
120 131 142 176 178 226 
120 121 143 144 179 229 
121 144 179 228 
121 132 231 
121 132 180 230 
117 121 132 180 181 182 233 234 
117 132 180 181 182 232 234 
117 180 181 182 232 233 235 
117 181 182 234 
145 183 237 
117 145 183 236 
117 145 183 239 
117 145 146 183 238 
117 147 184 
117 147 184 185 
117 133 148 188 189 190 
117 133 148 190 
117 133 149 243 
118 122 124 125 126 134 150 151 152 153 154 191 192 246 247 248 249 250 251 252 257 258 259 260 261 262 263 264 265 266 
124 245 250 251 252 261 262 265 266 
245 248 249 255 256 
245 247 249 256 257 258 
245 248 256 257 258 
246 252 264 265 
245 246 261 
246 250 264 265 266 
254 255 
253 255 
247 253 254 
247 248 249 
245 248 258 259 
245 249 257 259 260 
245 258 260 
245 258 259 
245 246 251 262 263 
245 246 263 
245 246 261 
245 246 250 252 265 266 
245 246 252 264 266 
245 246 250 252 

