56 462
39 46 17 
35 39 47 48 49 3 4 18 
35 47 48 49 50 2 4 5 18 
35 47 48 49 50 2 3 18 19 
35 37 47 48 49 3 4 18 19 20 
37 40 51 22 23 24 
35 37 40 41 42 51 52 8 25 
35 37 41 42 52 53 7 9 10 25 26 
35 37 41 42 53 8 10 26 
35 41 42 53 54 8 9 26 
35 36 54 55 27 28 29 30 31 
36 43 44 32 
36 45 56 14 15 
36 38 45 56 13 15 34 
36 45 13 14 34 
39 46 1 17 
39 46 1 
35 48 49 50 2 3 4 5 19 
35 47 48 49 50 4 5 18 
35 37 40 49 50 5 21 
35 37 40 50 20 
35 37 40 51 6 23 24 
35 37 40 51 6 22 24 
35 37 40 41 51 52 22 23 
35 37 41 42 52 7 8 
35 41 42 53 8 9 10 
54 11 28 29 30 
54 11 27 29 30 31 
11 27 28 30 31 
11 27 28 29 31 
11 28 29 
36 44 12 
36 38 
36 14 15 
36 37 38 39 40 41 42 43 47 48 49 50 51 52 53 54 2 3 4 5 6 7 8 9 10 11 18 19 20 21 22 23 24 25 26 
35 37 38 42 43 44 45 54 55 56 11 12 13 14 15 32 33 34 
35 36 40 41 42 47 48 49 50 51 52 53 5 6 7 8 9 20 21 22 23 24 25 
35 36 43 44 45 55 56 12 13 14 32 33 
35 46 1 2 16 17 
35 37 41 50 51 52 6 7 20 21 22 23 24 
35 37 40 42 51 52 53 7 8 9 10 24 25 26 
35 36 37 41 52 53 54 7 8 9 10 25 26 
35 36 38 44 55 12 
36 38 43 55 12 32 
36 38 56 13 14 15 
39 1 16 17 
35 37 48 49 50 2 3 4 5 18 19 
35 37 47 49 50 2 4 18 19 
35 37 47 50 2 3 4 5 18 19 20 
35 37 40 47 48 49 3 4 5 18 19 20 21 
35 37 40 41 52 6 7 22 23 24 
35 37 40 41 42 51 53 7 8 24 25 
35 37 42 52 54 8 9 10 26 
35 36 42 53 10 11 27 28 
36 38 43 11 
36 38 45 13 14 

