60 338
47 52 53 
47 53 54 3 4 
54 2 4 22 23 
54 2 22 23 
22 23 24 25 26 27 
48 49 55 7 29 30 
48 49 56 6 30 31 32 
48 51 9 10 38 39 
48 51 57 8 10 39 40 41 
48 51 57 8 9 39 40 41 
51 42 43 44 45 46 
58 59 
58 59 60 
47 50 60 
47 50 16 17 
47 50 15 
47 50 15 18 19 20 
47 17 19 20 
47 18 20 
47 17 18 19 
47 52 53 54 2 
3 4 5 23 
3 4 5 22 
25 26 27 
5 24 27 
55 5 24 25 27 28 
55 5 24 25 26 28 
55 26 27 
49 55 6 
48 49 56 6 7 
48 49 56 7 32 33 34 
48 49 56 7 33 34 
48 49 56 31 32 34 
48 49 56 31 32 33 
48 36 37 38 
48 35 37 38 
48 35 36 38 
48 8 36 37 
51 57 8 9 10 40 41 
51 57 9 39 41 
51 57 9 10 39 40 
11 43 44 45 46 
51 42 44 45 46 
51 11 42 43 45 46 
51 11 42 43 44 46 
51 11 42 44 45 
50 52 53 54 1 2 14 15 16 17 18 19 20 21 
49 51 56 57 6 7 8 9 10 30 31 32 33 34 35 36 37 38 39 
48 55 56 6 29 30 31 32 33 34 
47 60 15 16 17 
48 57 8 9 10 11 39 40 41 42 43 44 45 46 
47 53 54 1 21 
47 52 54 2 21 
47 52 53 2 3 4 21 
49 6 26 27 28 29 
48 49 7 30 31 32 33 34 35 
48 51 8 9 10 39 40 41 42 
59 12 13 
58 60 12 13 
50 59 13 14 

