190 1391
2 4 5 8 9 10 11 12 21 22 23 24 25 26 27 43 44 45 46 47 48 49 50 73 74 75 77 81 90 91 103 130 132 133 134 187 188 189 190 
1 4 9 10 11 25 26 27 49 50 
7 18 36 37 38 39 40 58 59 60 61 62 63 64 65 66 
1 2 5 12 13 14 15 28 29 30 31 51 52 
1 4 12 13 14 15 28 29 30 31 51 52 
16 31 32 33 34 53 
3 18 19 37 38 39 40 41 60 61 62 63 64 65 66 67 68 69 
1 21 43 44 133 134 190 
1 2 24 25 48 49 
1 2 11 26 27 50 
1 2 10 26 27 50 
1 4 5 13 51 52 
4 5 28 29 51 52 
4 5 15 28 29 30 31 
4 5 14 28 29 30 31 32 
6 35 53 54 
35 36 54 55 56 57 
3 7 19 40 41 65 66 67 68 69 
7 18 20 41 42 68 69 70 71 72 
19 41 42 69 71 72 
1 8 43 44 190 
1 23 44 45 
1 24 45 46 
1 9 23 45 46 47 48 
1 2 9 49 
1 2 10 11 27 50 
1 2 10 11 26 50 
4 5 13 14 15 29 30 51 52 
4 5 13 14 15 28 30 
4 5 14 15 28 29 31 32 
4 5 6 14 15 30 32 33 34 53 
6 15 30 31 33 34 
6 31 32 34 53 
6 31 32 33 53 
16 17 54 55 56 57 
3 17 36 
3 7 38 39 58 59 60 61 62 63 
3 7 37 39 58 59 60 61 62 63 64 
3 7 37 38 40 59 60 61 62 63 64 65 
3 7 18 39 62 63 64 65 66 67 
7 18 19 20 42 68 69 70 
20 41 70 71 72 
1 8 21 190 
1 8 21 22 
1 22 23 24 
1 23 24 45 47 
1 24 46 48 
9 24 47 
1 2 9 25 
1 2 10 11 26 27 
4 5 13 28 52 
4 5 13 28 51 
6 16 31 32 33 34 
16 17 35 55 56 57 
17 35 54 56 57 
17 35 54 55 57 
17 35 54 55 56 
3 37 38 59 60 
37 38 39 58 60 
3 7 37 38 39 58 59 61 62 63 64 
3 7 37 38 39 60 62 63 64 
3 7 37 38 39 40 60 61 63 64 65 
3 7 37 38 39 40 60 61 62 64 65 
3 7 38 39 40 60 61 62 63 65 66 
3 7 18 39 40 62 63 64 66 
3 7 18 40 64 65 67 
7 18 40 66 68 
7 18 19 41 67 69 
7 18 19 20 41 68 70 
19 20 41 42 69 
19 42 72 
19 20 42 71 
1 74 75 76 77 78 79 80 81 85 86 87 88 89 99 100 101 102 118 119 120 121 122 123 124 125 126 127 128 129 167 169 170 171 172 173 174 175 176 
73 75 76 78 79 84 85 97 98 112 113 114 115 116 117 156 157 158 159 160 161 162 74 163 
73 74 77 79 80 81 85 86 87 88 89 99 100 101 102 121 122 123 124 125 126 127 128 170 171 172 173 174 
73 74 83 96 97 98 110 111 112 113 114 143 144 145 146 147 148 149 150 151 152 153 
73 75 81 88 89 102 127 128 129 175 176 177 178 179 180 181 
73 74 116 117 161 162 163 
74 75 80 85 86 87 99 118 119 120 121 166 167 168 169 
73 75 85 86 87 99 100 101 121 122 
73 75 77 89 103 130 81 
83 92 93 94 95 104 105 106 138 139 140 141 
76 82 94 96 105 106 107 108 109 142 143 
74 76 97 98 112 113 114 115 153 154 155 156 157 158 159 160 
74 75 79 80 86 87 99 118 119 120 121 166 167 168 169 
73 75 79 80 85 87 99 100 101 121 122 
73 75 79 85 86 99 100 101 121 122 
73 75 77 89 102 128 129 175 176 177 178 179 180 
73 75 77 81 88 128 129 175 176 177 178 179 180 181 
91 103 130 132 133 134 184 185 186 187 188 189 
8 21 43 44 90 133 134 189 190 
82 93 104 135 136 137 138 
82 92 104 137 138 139 
82 83 95 105 106 139 140 141 
82 83 94 105 106 107 109 141 142 
76 83 144 145 146 147 
74 76 84 98 112 113 114 153 154 155 156 
74 76 84 97 112 113 114 155 156 157 158 159 
73 79 80 85 86 87 100 120 121 122 169 
73 80 87 99 101 
73 75 80 86 87 100 123 124 125 170 171 
73 75 77 88 127 
81 90 130 131 182 183 184 
82 92 93 135 136 137 
82 83 94 95 106 107 108 109 141 
82 83 94 95 105 107 108 109 141 
83 95 105 106 108 109 142 
83 95 105 106 107 109 142 
83 95 105 106 107 108 142 
76 111 148 149 150 
110 150 151 152 
74 76 84 97 98 113 114 153 154 155 
74 76 84 97 98 112 114 153 154 155 
74 76 84 97 98 112 113 153 154 155 
74 84 
74 78 161 
74 78 116 161 162 
73 79 85 119 164 165 166 
73 79 85 118 120 166 167 168 169 
73 79 85 99 119 168 169 
73 75 79 80 85 86 87 99 122 
73 75 80 86 87 99 100 121 
73 75 101 124 125 170 171 
73 75 101 123 125 170 171 
73 75 101 123 124 170 171 
73 75 172 173 174 
73 75 77 102 174 
73 75 77 88 89 175 176 177 178 179 
73 77 88 89 180 181 
81 90 103 131 182 183 
103 130 182 183 
90 184 186 187 188 
90 91 134 189 190 
43 90 91 133 189 190 
92 104 136 
92 104 135 
92 93 104 
82 93 139 
82 93 94 138 140 
82 94 139 
94 95 105 106 
83 95 107 108 
76 83 96 144 145 
76 96 143 146 147 
76 96 143 144 146 147 
76 96 144 147 
76 96 144 145 146 
76 110 149 150 
76 110 150 
76 110 111 148 149 151 
76 111 150 152 
76 111 151 
76 84 97 112 113 114 154 
84 97 112 113 114 153 155 
84 97 98 112 113 114 154 156 
74 84 97 98 114 155 157 
74 98 156 158 159 
74 84 98 157 159 
74 84 98 157 158 
84 115 
74 78 116 117 162 
78 117 161 
74 78 
118 165 
118 164 
79 85 118 119 167 
73 79 85 119 166 168 
79 85 119 120 166 167 
73 79 85 99 119 120 
73 75 101 123 124 125 171 
73 75 101 123 124 125 170 
73 75 173 
75 172 
73 75 126 127 
73 77 88 89 128 176 177 178 
73 77 88 89 128 175 177 178 179 
77 88 89 128 176 178 179 
77 88 89 128 175 176 177 179 
77 88 89 128 176 177 178 180 
77 88 179 181 
77 89 129 180 
103 130 131 183 
103 130 131 182 184 
90 103 132 183 185 186 
90 184 186 
90 132 184 185 187 
132 186 
90 132 
90 91 133 134 
43 91 133 134 

