69 445
26 27 28 
61 1 3 4 28 29 30 
61 2 4 29 30 31 
56 61 62 2 3 5 6 29 30 31 
56 61 62 4 6 7 31 
56 61 62 4 7 8 32 
56 62 5 6 8 9 32 
56 63 6 7 9 32 33 
56 63 8 32 33 
51 63 11 12 13 33 34 35 
51 56 63 10 12 13 33 35 
51 63 64 10 11 13 34 35 
51 63 64 10 11 12 34 35 
51 57 58 15 16 37 38 39 
51 58 14 16 37 38 39 
51 58 14 37 38 40 
58 40 41 42 43 44 
43 44 45 46 
52 68 69 20 45 47 
52 68 69 19 47 
52 59 22 24 25 53 54 55 
52 59 21 23 54 55 
22 55 60 
52 59 21 25 53 
52 59 21 24 53 
1 27 
1 26 28 
1 2 27 
61 2 3 4 30 31 
61 62 2 3 29 31 
61 62 3 4 5 29 30 
56 6 7 8 9 33 
56 63 8 9 10 11 32 
51 63 10 11 12 13 35 
63 10 11 12 13 34 
51 57 64 65 66 
51 57 58 14 15 16 38 39 
51 58 14 15 16 37 
51 58 14 15 16 37 38 
58 16 17 41 42 
58 17 42 
58 17 40 41 
58 17 18 44 
17 18 
19 46 
18 45 
52 68 19 20 45 
52 59 69 49 50 
52 68 69 48 
52 59 68 69 48 49 
56 57 58 63 64 65 66 67 10 12 13 14 15 16 34 36 37 38 39 
59 68 69 19 20 21 22 47 48 49 50 24 25 53 54 
52 59 21 24 25 54 
52 59 21 22 53 
59 21 22 23 
51 61 62 63 4 5 6 7 8 9 10 11 33 
51 64 65 66 14 36 37 
51 14 15 16 17 37 38 39 40 41 43 
52 68 69 21 22 48 50 24 25 53 54 55 
23 60 
56 62 2 3 4 5 6 29 30 31 
56 61 4 5 6 7 30 31 
51 56 64 8 9 10 11 12 13 33 34 35 
51 57 63 65 66 67 12 13 
51 57 64 66 67 36 
51 57 64 65 67 36 
51 57 64 65 66 
52 59 69 19 20 47 49 50 
52 59 68 19 48 49 50 

