104 742
99 104 2 14 15 
99 104 1 14 15 16 17 
99 4 14 15 16 17 18 
99 3 
99 101 102 6 7 19 20 21 
99 101 102 5 7 20 21 
99 101 102 5 6 8 20 21 22 
99 101 7 10 21 22 23 24 
99 101 102 8 10 21 22 23 
99 101 102 103 8 9 22 23 24 
99 100 103 
100 26 27 
47 66 67 27 28 29 30 31 32 
99 104 1 2 15 16 17 
99 1 2 3 14 16 18 
99 2 3 14 15 17 18 
2 3 14 15 16 18 
99 15 16 17 
99 5 20 
99 101 5 6 7 19 
99 101 5 6 7 8 9 23 
99 101 102 7 8 9 10 21 23 
99 101 102 8 9 10 21 22 
99 101 102 103 8 10 25 
99 102 103 24 
12 27 
12 13 28 29 30 31 
13 27 29 30 31 32 
13 27 28 30 31 32 
13 27 28 29 31 32 
13 27 28 29 30 32 
66 13 28 29 30 31 
34 35 36 37 38 39 41 42 43 44 45 46 53 54 55 56 57 58 59 60 61 62 63 78 79 80 81 82 83 84 85 86 87 88 89 90 91 99 100 
33 36 38 39 45 54 55 56 57 58 59 60 61 62 63 85 86 87 88 89 90 91 
33 36 37 41 42 49 50 51 52 53 72 73 74 75 76 77 78 
33 34 35 42 43 53 78 79 80 81 82 
33 35 40 41 48 49 50 51 69 70 71 72 
34 39 45 46 60 62 63 64 92 93 94 95 
33 34 38 46 64 65 95 96 97 98 
37 48 49 68 69 70 
33 35 37 42 50 51 52 72 73 74 
33 35 36 41 52 73 74 75 76 77 
33 36 44 53 81 82 
36 43 82 
33 34 38 58 59 60 61 62 63 90 91 92 
33 38 39 64 95 96 
66 67 13 28 29 30 31 32 
37 40 66 67 68 
35 37 40 69 70 71 
35 37 41 51 72 
35 37 41 50 52 72 73 
35 41 42 51 72 73 74 
33 35 36 78 80 81 
33 34 55 56 85 86 87 88 
33 34 54 56 85 86 88 
33 34 54 55 88 
33 34 58 59 
33 34 45 57 59 60 89 
33 34 45 57 58 60 61 89 90 
33 34 38 45 59 61 62 63 90 91 
33 34 45 59 60 62 63 90 91 
33 34 38 45 60 61 63 91 92 
33 34 38 45 60 61 62 90 91 92 
38 39 46 93 94 95 
39 96 97 98 
47 48 67 32 
47 48 66 68 
48 66 67 
37 40 49 70 
37 40 49 69 
37 49 
37 41 50 52 
35 41 51 52 
41 42 52 75 76 77 
35 42 74 76 
35 42 74 75 77 
35 42 74 75 76 
33 35 36 53 79 80 
33 36 53 78 
33 36 53 78 81 
43 53 80 
33 36 43 44 
33 84 85 86 
33 83 85 86 87 
33 34 54 55 83 84 86 87 
33 34 54 55 83 85 87 
33 34 54 55 84 85 86 88 
33 34 54 55 56 87 
33 34 57 58 59 
33 34 45 59 60 61 62 63 91 
33 34 45 60 61 62 63 90 
45 62 63 
38 64 94 95 
38 64 93 95 
38 39 46 64 93 94 
39 46 65 97 98 
96 98 
39 96 97 98 
101 102 103 104 1 2 3 4 5 6 7 8 9 10 11 14 15 16 17 18 19 20 21 22 23 24 25 
99 101 102 103 11 12 26 100 
99 100 102 103 5 6 7 8 10 20 21 22 23 24 
99 100 101 103 5 6 7 8 9 10 21 22 23 24 25 
99 100 101 102 10 11 24 25 
99 1 2 14 

