33 245
21 27 33 2 8 9 10 
27 33 8 9 10 
19 20 23 29 4 
18 19 20 23 24 29 30 3 5 6 
18 20 24 29 30 31 4 6 
18 20 24 29 30 31 4 5 
18 21 24 26 29 31 
18 21 25 26 32 33 1 2 9 10 
18 21 26 32 33 1 2 8 10 
27 33 1 2 8 9 
27 12 13 
11 13 14 15 16 
11 12 14 15 16 
12 13 15 16 
22 12 13 14 16 
22 12 13 14 
22 28 
19 20 21 23 24 25 26 29 30 31 32 33 4 5 6 7 8 9 
18 20 23 29 4 
18 19 21 23 24 29 30 31 3 4 6 
18 20 24 25 26 29 30 31 32 33 1 7 9 
28 15 17 
18 19 20 29 3 4 
18 20 21 25 26 29 30 32 4 5 6 7 
18 21 24 26 32 33 7 8 
18 21 24 25 31 32 33 7 8 9 
1 2 10 11 
22 28 17 
18 19 20 21 23 24 30 31 3 4 5 6 7 
18 20 21 23 24 29 31 4 5 6 
18 20 21 24 25 30 5 6 7 
18 21 24 25 26 33 8 9 
18 21 25 26 32 1 2 8 9 10 

