84 605
2 3 5 6 7 8 9 12 13 14 15 18 19 20 21 22 23 34 35 36 37 38 39 40 61 62 63 64 65 66 67 
1 3 6 7 8 13 14 18 19 36 37 63 64 65 
1 2 8 13 14 18 19 36 37 38 65 66 
9 11 17 26 27 28 29 46 47 48 49 50 51 81 82 83 
1 6 7 12 32 33 34 54 55 56 57 58 59 60 61 
1 2 5 7 12 18 35 61 62 63 
1 2 5 6 8 12 18 34 35 62 63 
1 2 3 6 7 12 13 18 36 62 63 64 
1 4 16 26 45 46 74 75 76 77 78 79 80 
4 11 17 29 30 49 50 51 52 53 82 83 84 
4 10 17 30 51 52 53 84 
1 5 6 7 8 34 35 59 60 61 
1 3 14 18 36 
1 2 3 13 18 19 36 65 
1 20 21 22 23 40 41 68 69 70 
9 24 25 42 43 44 73 
4 11 29 50 51 52 53 83 84 
1 2 3 6 7 8 13 14 36 64 
1 2 3 14 37 65 66 
1 15 21 22 23 40 67 69 
1 15 20 22 23 41 68 69 70 
1 15 20 21 23 41 68 69 70 
1 15 20 21 22 41 68 69 70 
16 25 42 43 44 71 72 73 
16 24 42 43 44 71 72 
4 9 27 28 46 47 48 78 79 80 81 
4 26 28 46 47 48 81 
4 26 47 48 49 81 
4 10 17 49 50 51 82 83 
10 11 52 53 84 
5 54 55 56 31 
5 31 33 54 55 56 57 58 
5 32 55 56 57 58 
1 5 6 7 12 35 60 61 
1 6 7 12 34 61 
1 2 3 8 13 14 18 
1 2 3 19 65 66 
1 3 39 67 
1 38 40 67 
1 20 39 
15 21 23 70 
16 24 43 44 71 72 73 
16 24 25 42 44 71 72 73 
16 24 25 42 43 71 72 73 
9 74 75 
4 9 26 27 77 78 79 80 
4 27 28 81 
4 26 27 28 47 81 
4 10 28 29 50 82 
4 10 17 29 49 82 83 
4 10 11 17 29 83 
10 11 17 30 53 84 
10 11 17 30 84 
5 31 32 55 56 
31 32 33 54 56 57 58 
5 31 32 33 54 55 57 58 
5 32 33 55 56 58 
5 33 55 56 57 
5 12 60 
5 12 34 59 
1 5 6 12 34 
1 7 8 
1 2 6 7 8 
1 2 18 
1 2 3 14 19 37 
1 3 19 37 
1 38 39 40 
15 20 21 22 
15 20 21 22 23 41 68 70 
15 21 22 23 41 69 
16 24 25 42 43 44 72 73 
24 25 42 43 44 71 73 
16 24 25 42 43 44 71 72 
9 45 
45 76 
9 45 
9 46 78 79 80 
9 26 46 77 79 80 
9 26 46 77 80 
9 26 46 77 78 79 
4 26 27 47 48 49 
4 10 29 49 50 83 
4 10 17 29 50 51 82 
10 11 17 30 52 53 

