35 228
32 6 25 26 27 28 29 30 
33 34 35 9 10 16 17 18 19 20 21 
33 34 11 12 13 14 23 
34 5 14 4 24 
32 4 25 
32 1 25 26 27 28 29 
32 15 31 
33 35 2 9 16 
33 35 2 8 10 16 17 18 19 
33 35 2 9 16 17 18 19 20 
33 34 3 13 22 23 
33 34 3 11 13 22 23 
33 34 3 11 12 23 
34 3 24 
32 7 31 
33 35 2 8 9 10 17 18 
33 35 2 9 10 16 18 
33 35 2 9 10 16 17 19 
33 35 2 9 10 17 18 20 
33 2 10 19 21 
33 34 2 20 
33 34 11 12 23 
33 34 3 11 12 13 22 
4 14 
32 1 5 6 
32 1 6 27 28 
32 1 6 26 28 
32 6 26 27 29 
32 1 6 28 30 
32 1 28 29 
7 15 
1 5 6 7 15 25 26 27 28 29 30 
34 35 2 3 8 9 10 11 12 13 16 17 18 19 20 21 22 23 
33 35 2 3 4 11 12 13 14 21 22 23 
33 34 2 8 9 10 16 17 18 19 20 

