55 320
55 2 5 10 21 23 39 40 41 
55 1 5 10 21 22 23 39 40 41 42 43 44 45 
12 13 14 15 16 25 27 28 29 30 31 
55 7 18 33 
55 1 2 10 21 22 23 40 41 42 43 
55 11 24 47 48 49 50 51 
4 8 17 18 32 33 
4 7 17 18 32 
55 19 20 35 36 37 38 
55 1 5 39 40 
6 24 50 51 52 53 54 
3 13 25 26 27 
3 12 15 25 26 27 28 29 30 
3 13 15 26 27 28 29 30 
3 13 14 29 30 31 
3 17 32 
7 8 16 32 
4 7 8 33 
9 34 35 36 38 
55 9 
55 1 5 22 23 39 40 41 
1 2 5 21 23 41 42 
55 1 2 5 21 22 41 42 
6 11 49 50 51 
3 12 13 26 27 
3 12 13 14 25 27 28 
13 14 25 26 28 29 
13 14 26 27 29 
3 13 14 15 27 28 30 31 
3 14 15 29 31 
3 15 29 30 
7 8 16 17 
4 7 18 
19 35 36 37 
9 19 34 36 37 38 
9 19 34 35 37 38 
9 19 34 35 36 38 
9 19 35 36 37 
55 1 2 5 10 21 40 
2 5 10 21 39 
55 1 2 5 21 22 23 42 
2 5 22 23 41 43 
55 2 5 42 44 45 
55 2 43 45 
2 43 44 
47 48 46 
46 48 
6 46 47 49 
6 24 47 48 
6 11 24 51 
6 11 24 50 
11 53 
11 52 54 
11 52 53 
1 2 4 5 6 9 10 20 21 22 23 39 40 41 42 43 44 

