40 244
40 2 3 9 10 17 18 19 20 28 30 31 32 33 34 35 
40 1 7 8 9 17 18 27 28 
1 10 20 36 37 38 39 
40 11 12 13 21 
40 6 14 22 23 24 
40 5 14 15 22 23 24 
40 2 8 15 16 25 26 27 
40 2 7 17 18 28 
1 2 17 18 19 28 29 30 31 32 
1 3 20 36 37 
4 12 13 21 
4 11 13 21 
40 4 11 12 21 
40 5 6 15 22 23 24 
40 6 7 14 16 23 24 25 
40 7 15 25 26 27 
1 2 8 9 18 28 
1 2 8 9 17 28 29 
1 9 29 30 31 32 33 34 
1 3 10 36 
4 11 12 13 
40 5 6 14 23 
40 5 6 14 15 22 24 
40 5 6 14 15 23 
40 7 15 16 26 
40 7 16 25 
40 2 7 16 26 
1 2 8 9 17 18 
1 9 18 19 30 31 
1 9 19 29 32 
1 9 19 29 30 32 34 
9 19 30 31 33 
1 19 31 34 
1 19 31 33 35 
1 34 
3 10 20 
3 10 38 39 
3 37 39 
3 37 38 
1 2 4 5 6 7 8 13 14 15 16 22 23 24 25 26 27 

