61 399
59 60 4 5 11 12 25 26 52 53 54 55 
59 61 9 18 19 20 33 34 35 
59 61 10 22 23 45 46 47 
59 60 1 11 12 50 51 52 
60 1 6 25 26 54 55 56 57 
60 8 13 14 27 
60 6 8 13 14 15 16 27 28 29 30 
6 7 13 14 15 16 27 28 29 30 
59 61 2 35 36 37 38 39 40 
59 61 3 22 23 46 47 
60 1 4 24 49 51 
60 1 4 52 
60 6 7 8 14 15 27 
6 7 8 13 15 16 27 
7 8 13 14 16 27 28 29 30 
7 8 14 15 28 29 58 
18 32 
2 17 31 32 
59 2 20 33 34 
59 2 19 33 34 
59 61 41 42 43 44 
59 61 3 45 46 
59 3 10 24 47 48 
11 23 47 48 49 
60 1 5 26 54 55 56 57 
60 1 5 25 55 56 57 
6 7 8 15 
7 8 15 16 29 30 58 
7 8 15 16 28 30 58 
7 8 15 16 28 29 58 
18 32 
17 18 31 
19 20 
59 2 9 19 20 
59 2 9 36 
59 9 35 
59 61 9 38 39 40 
59 9 37 39 40 41 
59 61 9 37 41 
59 61 9 37 38 39 41 42 
59 61 21 38 39 40 42 43 
59 61 21 40 41 43 
59 61 21 41 42 44 
59 61 21 43 
59 61 3 22 46 
59 61 3 10 22 45 
59 3 10 23 24 48 
23 24 47 
11 24 48 50 
4 11 49 51 
4 11 50 
60 4 12 
60 1 54 
60 1 5 25 53 
60 1 5 25 26 56 
60 5 25 26 55 57 
60 5 25 26 56 
16 28 29 30 
60 61 1 2 3 4 9 10 19 20 21 22 23 34 35 36 37 38 39 40 41 42 43 44 45 46 47 
59 1 4 5 6 7 11 12 13 25 26 52 53 54 55 56 57 
59 2 3 9 10 21 22 35 37 38 39 40 41 42 43 44 45 46 

