61 339
2 3 4 6 7 8 9 17 18 19 20 21 22 23 35 38 39 40 41 42 43 44 45 46 47 48 49 50 51 52 53 54 
1 5 13 14 15 16 29 30 31 32 34 
1 4 7 8 9 10 21 22 23 54 55 
1 3 11 12 24 25 26 27 57 58 59 60 61 
2 28 
1 18 19 20 39 40 41 43 
1 3 8 21 22 23 52 53 
1 3 7 21 22 54 
1 3 10 9 55 
3 9 55 56 
4 24 25 26 27 58 59 60 
4 11 27 59 60 61 
2 28 29 30 
15 33 16 
14 16 
2 14 15 
1 35 36 
1 6 19 39 40 41 
1 6 18 39 40 41 
1 6 43 45 46 
1 3 7 22 23 52 53 
1 3 7 8 21 23 54 
1 3 7 8 21 22 54 
4 11 25 26 55 56 57 58 
4 11 24 26 58 59 
4 24 25 27 58 59 
4 11 12 26 58 59 60 
5 13 
2 13 
13 29 
2 32 
2 31 33 34 
2 14 32 34 
2 14 32 33 
1 17 36 37 
17 35 37 38 
17 35 36 38 
1 36 37 
1 6 18 19 40 41 
1 6 18 39 41 
1 6 18 19 39 40 42 
1 6 41 
1 6 20 44 46 
1 20 43 45 
1 20 43 44 46 
1 20 43 44 45 47 
46 48 49 
1 47 49 50 51 
1 47 48 50 51 52 
1 49 51 52 
1 48 49 52 
1 7 21 49 50 51 53 
1 7 21 52 
1 3 22 23 
3 9 10 24 56 57 
10 24 55 57 
24 56 
4 11 24 25 26 27 59 
4 11 12 25 26 27 58 
4 11 12 27 
4 12 

