85 729
2 3 4 5 6 7 9 10 11 15 16 17 18 25 26 27 45 46 47 48 1 
1 3 4 5 8 11 12 13 14 18 19 20 21 22 23 32 33 34 35 36 37 38 54 55 56 57 58 59 60 61 62 63 64 65 66 67 68 
1 2 4 5 8 13 14 21 22 23 34 35 36 37 38 39 58 59 60 61 62 63 64 65 66 67 68 69 70 
1 2 3 5 8 13 14 21 22 23 24 35 36 37 38 39 60 61 62 63 64 65 66 67 68 69 70 71 
1 2 3 4 7 10 11 12 18 19 20 28 29 30 31 49 50 51 52 53 
1 15 6 45 46 
1 5 9 10 25 26 27 47 48 
2 3 4 14 23 24 40 41 42 43 44 74 75 76 77 78 79 80 81 82 83 
1 7 25 26 47 
1 5 11 18 28 29 49 
1 2 5 10 12 19 20 28 29 30 31 49 50 51 52 53 
2 5 11 18 19 20 30 31 32 33 50 51 52 53 54 
2 3 4 14 21 22 23 64 65 66 67 68 69 70 
2 3 4 8 13 23 24 39 40 71 72 73 74 
1 6 16 45 46 
1 15 17 
1 16 
1 2 5 10 11 12 19 28 29 30 31 49 50 51 52 
2 5 11 12 18 20 30 31 50 51 52 53 
2 5 11 12 19 30 31 32 33 52 53 54 
2 4 13 22 37 38 61 62 63 64 65 66 
2 3 4 13 21 37 38 62 63 64 65 66 67 
2 3 4 8 13 14 24 39 40 71 73 74 
4 8 14 23 39 40 71 72 73 74 
1 7 9 25 
1 9 47 
1 7 47 48 
5 10 11 18 29 49 
5 11 18 28 49 
5 11 12 18 19 20 31 50 51 52 53 
5 11 12 18 19 20 30 50 51 52 53 
2 12 20 33 54 55 
2 12 20 32 54 55 
2 3 57 59 
2 3 4 36 58 59 60 
2 3 4 35 60 
2 3 4 22 38 61 62 63 
2 3 4 21 22 37 61 62 63 64 65 
3 4 13 14 23 24 71 72 73 
14 23 24 72 73 74 75 
8 42 77 78 80 81 82 
8 41 43 44 78 79 80 81 82 83 
8 42 44 80 81 82 83 84 
8 42 43 82 83 84 85 
1 6 15 46 
1 15 45 
1 7 9 26 27 48 
1 7 27 47 
5 10 11 18 28 29 
5 11 19 30 31 51 
5 11 12 18 19 30 31 50 52 53 
11 12 18 19 20 30 31 51 53 
5 11 12 19 20 30 31 51 
2 12 20 32 33 
2 32 33 56 
2 55 57 
2 34 55 56 
2 34 35 59 
2 3 34 35 58 60 
2 3 4 35 36 59 
2 3 4 21 37 38 
2 4 21 22 37 38 64 65 66 
2 3 4 21 22 37 38 62 64 65 
2 3 4 13 21 22 38 62 63 65 66 
2 3 4 13 21 22 38 62 63 64 66 
3 4 13 21 22 62 64 65 67 
2 3 4 13 22 66 68 69 70 
2 3 4 13 67 69 70 
3 4 13 67 68 70 
3 4 13 67 68 69 
4 14 23 24 39 72 
14 23 24 39 40 71 73 74 
14 23 39 40 72 74 
8 14 23 24 40 72 73 
8 40 76 
75 77 
8 75 76 
8 42 79 80 
8 41 42 78 80 81 82 
8 41 42 43 78 81 82 
8 42 43 79 80 82 83 
8 41 42 43 44 79 80 81 83 
8 42 43 44 81 82 84 
43 44 83 85 
44 84 

