55 323
21 22 52 53 54 55 2 
22 55 1 
4 5 7 8 9 14 15 16 17 18 25 26 27 28 29 30 31 32 
3 5 8 9 14 15 17 18 28 29 30 31 32 33 
3 4 9 19 34 35 36 
10 11 42 43 44 45 46 47 48 49 50 51 
3 8 12 13 23 24 7 25 
3 4 7 25 26 27 28 
3 4 5 16 17 18 30 31 32 33 
6 20 39 40 42 43 
6 46 47 48 49 50 
7 13 23 
7 23 
3 4 15 28 29 
3 4 14 16 17 18 29 30 31 
3 4 9 15 17 18 29 31 
3 4 9 15 16 18 30 31 32 33 
3 4 9 15 16 17 30 31 32 33 
5 34 35 36 37 38 
10 36 38 39 40 41 
51 52 53 54 1 
55 1 2 
7 12 13 24 
7 23 
3 7 8 26 27 28 
3 8 25 27 28 
8 25 26 28 
3 8 14 25 26 27 
4 14 15 16 
3 4 9 15 16 17 18 31 32 
3 4 9 15 16 17 18 30 32 
3 4 9 16 17 18 30 31 33 
4 9 17 18 32 
5 19 35 
5 19 34 
5 19 20 37 38 
36 38 
36 37 
20 40 41 
10 20 39 41 
10 20 39 40 
6 10 43 
6 10 
6 11 45 46 47 
6 11 44 46 47 
6 11 45 48 
6 11 44 45 46 48 49 
6 11 46 47 49 50 
6 11 47 48 50 
6 11 48 49 51 
6 21 50 52 
21 51 53 54 55 1 
21 52 54 55 1 
21 52 53 55 1 
21 22 52 53 54 1 2 

