286 2208
249 2 3 4 5 6 7 8 9 10 11 12 13 15 16 17 18 19 20 21 33 34 35 36 37 38 39 40 41 42 43 44 45 46 47 48 49 50 51 52 53 54 66 67 68 69 70 71 72 73 74 75 76 77 78 79 80 81 82 83 84 85 86 87 88 89 90 91 93 138 139 140 145 152 153 159 160 161 162 163 172 192 194 195 248 
1 4 14 30 31 32 62 63 64 65 127 128 129 130 131 132 133 134 135 136 137 
1 7 8 9 15 17 43 44 45 46 47 48 49 82 83 84 85 86 
1 2 28 30 61 62 114 116 117 118 119 120 121 122 123 124 125 126 
1 11 12 13 21 101 102 103 104 105 106 107 108 
1 37 38 39 71 72 
1 3 8 15 17 43 44 45 79 80 81 82 83 84 85 
1 3 7 46 47 48 49 83 84 85 86 87 
1 3 47 48 49 50 51 52 87 88 89 90 
1 11 18 19 20 54 93 94 95 96 97 98 99 
1 5 10 12 20 21 54 99 100 101 
1 5 11 20 21 101 102 
1 5 13 106 107 108 
2 31 32 134 135 136 137 
1 3 7 16 17 43 77 78 79 80 
1 15 17 43 77 78 79 
1 3 7 15 16 43 79 80 81 
1 9 10 19 51 52 53 89 90 92 93 
1 10 18 53 93 94 95 96 
1 10 11 12 54 99 100 
1 5 11 12 101 102 103 104 
23 24 25 55 109 110 
22 24 109 110 
22 23 25 56 57 58 110 111 
22 24 26 27 56 57 58 110 111 112 
25 27 56 57 58 59 112 113 
25 26 56 57 58 59 112 113 
4 29 61 114 115 116 117 118 119 
4 28 118 119 120 121 122 123 
2 4 62 63 64 124 125 126 127 129 
2 14 32 65 130 131 132 133 134 135 
2 14 31 130 131 132 133 135 136 
1 66 248 
1 35 36 67 68 
1 34 36 67 68 
1 34 35 67 68 69 
1 6 38 70 71 
6 37 71 
1 6 40 41 72 73 
1 39 41 42 73 74 75 76 
1 39 40 42 73 74 75 76 
1 40 41 73 74 75 76 
1 3 15 16 17 79 80 81 
1 3 7 45 82 83 
1 3 7 44 82 83 
1 3 8 47 48 86 
1 3 8 9 46 49 86 87 
1 3 8 9 47 49 86 87 
1 3 8 9 46 47 48 86 87 
1 9 87 88 
1 9 18 52 88 89 90 91 92 
1 9 18 53 89 90 91 92 
1 18 19 52 90 91 92 93 
1 10 20 96 97 98 99 100 
13 22 109 
25 26 27 57 58 110 111 112 
24 25 26 27 56 58 110 111 112 
24 25 26 27 56 57 111 112 
26 27 113 
114 59 60 
4 28 114 115 117 
2 4 30 63 124 125 126 127 128 
2 62 64 128 129 
2 30 63 127 128 129 
2 31 130 
1 33 248 
1 34 35 36 68 
1 34 35 36 67 69 
1 36 68 70 
1 37 69 71 
1 37 38 70 
1 6 39 
1 39 40 41 42 74 75 76 
1 40 41 42 73 75 76 
1 40 41 42 73 74 76 
1 40 41 42 73 74 75 
1 15 16 78 
1 15 16 77 
1 7 15 16 17 43 80 81 
1 7 15 17 43 79 81 
1 7 17 43 79 80 
1 3 7 44 45 83 
1 3 7 8 44 45 82 84 85 
1 3 7 8 83 85 
1 3 7 8 83 84 
1 3 8 47 48 49 87 
1 8 47 48 49 50 86 
1 9 50 51 89 
1 9 18 51 52 88 90 91 
1 9 18 52 53 89 91 92 
1 18 51 52 53 89 90 92 
51 52 53 90 91 
1 10 18 19 53 94 
10 19 93 95 96 
19 96 
10 19 54 94 95 97 
10 54 96 99 
10 54 97 99 
10 11 20 54 97 98 100 
11 20 54 
5 11 12 21 
5 12 21 103 104 
5 21 102 104 
21 102 103 105 
5 104 106 
5 13 105 107 108 
5 13 106 108 
5 13 107 
22 23 13 55 
22 23 24 25 56 57 111 
24 25 56 57 58 
25 26 56 57 58 113 
26 27 112 
4 28 60 61 115 116 
4 28 61 114 116 
4 28 61 114 115 117 
4 28 61 116 
4 28 29 119 120 
4 28 29 118 120 
4 29 118 119 121 122 123 
29 122 123 124 
4 29 120 124 
4 29 120 121 124 
4 30 62 121 122 123 125 126 
4 30 124 126 
4 30 62 124 125 
2 30 62 63 64 128 129 
2 30 62 63 64 127 129 
2 30 63 64 128 
2 31 32 65 131 
2 31 32 130 132 133 
2 31 32 131 133 134 135 
2 31 32 131 132 135 
2 14 31 32 132 133 135 137 
2 14 31 32 132 133 134 136 137 
14 32 134 135 137 
2 14 134 135 136 
3 6 33 34 35 36 66 139 140 141 142 143 144 145 147 149 150 151 152 153 156 157 158 159 160 161 162 163 165 166 167 168 169 170 171 172 187 188 189 190 191 192 193 194 195 226 227 228 229 230 232 233 234 235 236 237 238 239 240 241 242 243 244 245 246 247 248 
138 141 142 143 144 146 147 148 149 154 155 156 178 179 180 181 182 183 184 204 205 206 207 208 209 210 211 212 
138 152 153 159 160 161 167 168 169 170 171 190 191 231 232 233 234 235 
138 139 142 143 144 146 148 154 173 174 175 176 196 197 198 199 200 201 202 
138 139 141 143 144 146 147 148 154 155 176 177 178 179 180 181 202 203 204 205 
139 141 142 144 146 147 148 154 155 156 178 179 180 181 182 183 184 204 205 206 207 208 209 
138 139 141 142 143 146 147 148 155 156 178 179 180 181 182 183 184 204 205 206 207 208 209 
138 140 153 161 162 163 172 192 193 194 195 240 241 242 243 244 245 246 247 
139 141 142 143 144 147 148 154 155 176 177 178 179 180 181 202 203 
138 139 142 143 146 155 156 182 183 206 207 208 209 210 
139 141 142 143 144 146 154 155 176 177 178 179 180 203 
138 139 150 156 164 185 186 213 214 215 216 217 218 
138 149 151 157 165 219 220 
138 150 157 158 165 166 187 219 220 221 
138 140 159 167 168 169 189 227 228 229 230 231 
138 140 160 161 170 171 235 236 237 238 
139 141 142 143 146 148 176 201 202 203 
139 142 143 144 146 147 148 179 180 181 204 205 
138 139 143 144 147 149 212 156 
138 149 150 151 158 165 219 220 
138 150 151 157 165 166 187 219 220 221 
138 140 152 160 168 169 190 191 231 232 233 
138 153 159 170 191 234 
138 140 145 153 162 172 192 193 194 240 241 242 243 
138 145 161 192 193 194 242 243 244 245 246 247 
33 66 138 145 195 248 
149 185 186 213 214 215 216 217 
138 150 151 157 158 166 187 188 220 221 222 223 224 225 
138 151 158 165 187 188 221 222 223 224 225 
138 140 152 189 226 227 228 229 230 
138 140 152 159 169 190 231 
138 140 152 159 168 190 232 233 
138 140 153 160 234 235 
138 140 153 236 237 238 
138 145 161 192 239 240 241 
141 174 196 
141 173 196 197 198 
141 199 200 
141 142 146 148 154 201 202 
142 146 148 178 
139 143 144 146 148 155 177 179 180 181 204 
139 142 143 144 146 148 178 180 181 204 
139 142 143 144 146 148 155 178 179 181 204 
139 142 143 144 146 155 178 179 180 205 
139 143 144 147 183 206 207 208 
139 143 144 147 182 206 207 208 209 
139 144 147 210 211 
149 164 186 213 214 215 
149 164 185 213 214 215 
138 151 158 165 166 188 221 222 223 224 225 
138 165 166 187 222 223 224 225 
138 152 167 223 224 225 226 227 228 
138 152 159 168 169 231 
138 140 159 160 
138 161 162 172 193 240 241 242 
138 145 161 162 172 192 241 242 
138 161 162 243 244 245 246 
138 145 163 248 
141 173 174 197 
141 174 196 198 
141 174 197 
141 175 199 
141 201 
141 154 176 200 
141 142 146 154 
142 146 148 154 
139 142 143 155 178 179 180 181 205 
139 142 143 144 155 181 204 
139 143 144 182 183 207 208 
139 143 144 147 182 183 208 
139 143 144 147 182 183 206 207 
139 144 147 183 
139 147 184 211 
139 184 210 212 
139 156 211 
149 185 186 214 215 
149 164 185 186 213 215 
149 164 185 186 213 214 
149 164 217 
149 164 216 218 
149 217 
150 151 157 158 
150 151 157 158 165 221 
151 158 165 166 187 220 
165 166 187 188 223 224 225 
165 166 187 188 189 222 224 225 
165 166 187 188 189 222 223 225 
165 166 187 188 189 222 223 224 226 
138 167 189 225 227 228 
138 152 167 189 226 228 
138 152 167 189 226 227 
138 152 167 230 
138 167 229 
138 140 152 159 168 190 
138 140 159 169 233 
138 159 169 232 
138 140 153 160 170 235 
138 140 170 234 
153 171 237 
138 236 
138 153 171 239 
138 172 
138 145 161 172 192 241 
138 161 172 193 240 242 
138 145 161 162 192 193 241 
138 145 161 162 194 244 245 246 
145 162 194 243 245 246 
138 145 162 194 243 244 246 
138 145 162 243 244 
138 145 162 
66 138 163 195 
250 251 252 253 254 255 256 257 258 259 260 261 262 263 264 269 270 271 272 273 274 275 276 277 278 2 14 
249 251 252 253 255 256 261 262 263 271 272 273 
249 252 255 256 260 270 
249 250 251 255 256 261 270 
249 250 254 256 257 261 262 263 264 271 272 273 274 275 276 277 
249 253 257 258 263 264 277 278 279 280 
249 250 251 252 256 260 270 
249 250 251 252 253 255 261 262 271 272 273 
249 253 254 263 264 277 278 279 280 
249 254 280 281 283 284 285 286 
249 260 269 
249 251 255 259 269 270 
249 250 252 253 256 262 263 271 272 273 274 
249 250 253 256 261 271 272 
249 250 253 254 257 261 264 272 273 274 275 276 277 
249 253 254 257 263 274 275 276 277 
266 267 268 286 
265 267 268 
265 266 268 
265 266 267 
249 259 260 270 
249 251 252 255 260 269 
249 250 256 261 262 272 273 
249 250 253 256 261 262 263 271 273 274 275 276 
249 250 253 256 261 262 263 271 272 274 275 276 
249 253 263 264 272 273 275 276 
249 253 263 264 272 273 274 276 277 
249 253 263 264 272 273 274 275 277 
249 253 254 257 263 264 275 276 
249 254 257 279 280 
254 257 278 280 
254 257 258 278 279 281 
258 280 282 283 284 285 
258 281 283 284 285 286 
258 281 282 284 285 
258 281 282 283 285 286 
281 282 283 284 286 
258 265 282 284 285 

