164 1423
159 161 163 2 
159 161 163 1 
159 160 161 164 4 
159 160 162 164 3 
49 50 92 157 158 
7 8 9 10 11 12 13 14 15 16 17 18 19 20 21 22 23 24 33 34 35 36 37 38 39 40 41 42 43 44 64 65 66 67 68 69 70 71 72 73 74 75 76 77 78 79 80 81 82 83 84 113 114 115 116 117 118 119 120 121 122 123 124 125 126 127 128 129 130 131 132 133 
6 8 9 12 16 27 28 29 30 31 32 51 52 53 54 55 56 57 58 59 93 94 95 96 97 98 99 100 101 102 103 104 159 160 162 
6 7 9 12 28 29 30 31 32 55 56 57 58 59 99 100 101 102 103 104 
6 7 8 12 16 31 32 33 34 35 59 60 61 62 63 106 107 108 109 110 111 
6 14 15 24 40 41 42 43 44 45 79 80 81 82 83 84 85 86 87 88 132 134 135 136 137 138 139 
6 15 24 25 46 47 48 91 149 150 151 152 153 
6 7 8 9 30 31 32 55 56 57 58 60 102 103 104 105 
6 17 18 19 20 21 38 68 69 70 71 72 73 117 118 119 120 121 
6 10 22 23 39 40 74 75 76 77 78 128 129 130 131 
6 10 11 24 25 45 46 47 89 90 144 145 146 147 148 149 150 
6 7 9 33 34 35 61 62 63 108 109 110 111 112 
6 13 18 36 37 64 65 66 67 68 114 115 116 117 
6 13 17 68 69 70 117 118 
6 13 20 21 22 38 69 70 71 72 73 119 122 
6 13 19 21 22 38 70 71 72 73 122 
6 13 19 20 22 38 39 73 74 122 123 124 
6 14 19 20 21 23 38 39 73 74 122 123 124 125 126 127 128 
6 14 22 39 40 74 76 77 128 129 130 131 
6 10 11 15 25 45 46 89 90 140 142 143 144 145 146 147 148 
11 15 24 45 46 89 90 144 145 146 147 148 149 
5 49 50 92 154 155 156 157 158 
7 51 52 53 54 93 95 162 
7 8 29 96 97 98 
7 8 28 30 99 100 101 
7 8 29 55 99 100 101 102 
7 8 9 12 32 56 57 60 103 104 105 
8 9 12 31 59 60 105 
6 9 16 34 35 61 62 63 108 109 110 
6 9 16 33 35 110 111 112 
6 9 16 33 34 110 112 
6 17 37 64 65 66 67 113 114 115 
6 17 36 64 65 66 113 114 115 
6 13 19 20 21 22 39 73 122 123 
6 14 21 22 23 38 74 124 125 126 127 128 
6 10 14 23 41 42 75 76 77 78 79 80 81 82 132 133 
6 10 40 79 80 81 82 83 84 85 132 133 134 
6 10 40 41 43 80 81 82 83 84 85 134 135 
6 10 42 44 83 84 85 86 134 135 136 
6 10 43 86 87 88 137 138 
10 15 24 25 46 89 90 140 141 142 143 144 145 146 
11 15 24 25 89 90 144 145 146 147 148 149 
11 15 151 152 
11 91 153 154 
5 26 50 92 156 158 
5 26 49 92 157 158 
7 27 52 53 54 51 93 94 
7 27 51 53 54 93 94 
7 27 51 52 54 93 94 
7 27 51 52 53 93 94 
7 8 12 30 56 57 102 103 
7 8 12 31 55 57 58 103 104 
7 8 12 31 55 56 58 103 104 
7 8 12 31 56 57 103 104 
7 8 9 12 31 32 60 105 
9 12 31 32 59 105 
9 16 33 62 63 106 107 108 
9 16 33 61 63 106 107 108 
9 16 33 61 62 108 109 
6 36 37 65 66 67 113 114 115 
6 17 36 37 64 66 67 114 115 
6 36 37 64 65 67 114 115 
6 17 36 37 64 66 114 115 
6 13 17 18 117 
6 13 18 19 70 71 72 118 119 120 121 
6 13 18 19 20 69 71 72 118 120 121 
6 13 19 20 69 70 72 118 119 120 121 
6 13 19 20 69 70 71 119 120 121 
6 13 19 20 21 22 122 123 
6 14 21 22 23 39 124 125 126 127 128 
6 14 23 40 76 77 78 129 130 131 
6 14 23 40 75 77 78 130 131 
6 14 23 40 75 76 78 
6 14 40 75 76 77 79 132 
6 10 40 41 78 81 82 132 133 
6 10 40 41 42 79 81 82 132 133 
6 40 41 42 79 80 82 132 133 
6 10 40 41 42 79 80 81 132 133 
6 10 41 42 43 84 85 134 135 
6 10 41 42 43 83 85 134 135 
10 42 43 83 84 134 135 
10 43 44 135 136 137 
10 44 88 137 138 139 140 141 
44 87 138 139 140 141 
15 24 25 45 46 90 143 144 145 
15 24 25 45 46 89 143 144 145 146 
11 154 
26 49 50 156 157 
7 27 52 53 54 94 
7 27 51 52 53 54 93 
7 27 96 97 
7 28 95 97 98 
7 28 95 96 98 
7 28 96 97 
7 8 29 30 100 101 
7 8 29 30 99 101 
7 8 29 30 99 100 
7 8 12 30 55 
7 8 12 31 55 56 57 58 
7 8 12 31 56 57 58 103 
12 31 32 59 60 
9 61 62 107 108 
9 61 62 106 108 
9 16 33 61 62 63 106 107 
9 16 33 63 110 
9 16 33 34 35 109 111 112 
9 16 34 35 110 112 
16 34 110 111 
6 37 114 
6 17 36 37 64 65 66 67 113 
6 17 36 37 64 66 67 116 
6 17 115 
6 13 17 18 68 
6 13 18 69 70 71 119 
6 13 70 71 72 118 120 121 
6 13 69 70 71 72 119 121 
6 13 69 70 71 120 
6 19 20 21 22 38 73 123 
6 21 22 38 73 122 
6 22 39 74 125 126 127 
22 39 74 124 126 127 128 
6 22 39 74 125 127 128 
6 22 39 74 124 125 126 128 
6 14 22 23 39 74 125 126 127 
6 23 75 130 131 
6 14 23 75 76 129 131 
6 14 23 75 76 129 130 
10 40 41 78 79 80 81 82 133 
6 40 41 79 80 81 82 132 
10 41 42 43 83 84 85 135 
10 42 43 83 84 85 86 134 
43 86 
87 138 
10 44 87 88 137 139 140 
10 87 88 138 140 141 
24 45 87 88 138 139 141 142 143 
45 87 88 139 140 142 143 
24 45 140 141 143 
24 45 90 140 141 142 
15 24 25 45 46 89 90 145 146 147 
15 24 25 45 46 89 90 144 146 147 148 
15 24 25 45 46 90 144 145 147 148 
15 24 25 46 144 145 146 148 
15 24 25 46 145 147 149 
11 15 25 46 148 150 
11 15 149 151 
11 47 150 152 
47 151 
11 48 
26 48 91 155 
26 156 
26 49 92 155 
26 49 50 92 158 
26 49 157 
160 161 162 163 1 2 3 4 
159 161 162 164 3 4 
159 162 163 164 1 2 3 
27 51 160 161 164 3 4 
159 161 1 2 
159 160 161 162 3 4 

