85 570
2 3 4 7 8 9 10 11 12 13 16 29 30 31 32 55 56 57 58 59 60 61 62 63 64 65 66 67 68 69 
1 3 9 10 11 12 13 17 32 33 34 35 36 37 68 69 70 71 72 73 74 75 76 77 78 
1 2 17 18 19 37 38 39 40 41 42 78 79 80 81 82 83 84 85 
7 24 25 26 52 
6 14 15 20 21 43 44 45 46 
5 15 20 21 43 44 45 46 
1 4 7 26 27 
1 16 55 56 57 58 59 
1 2 10 30 31 60 61 62 63 64 65 66 67 
1 2 9 31 61 62 63 64 65 66 67 
1 2 12 13 32 33 68 70 72 73 74 75 
1 2 11 13 17 32 33 34 35 72 73 74 75 76 
1 2 11 17 33 34 35 74 75 76 
5 6 15 43 
6 14 20 43 44 
1 8 27 28 29 53 54 
2 3 12 13 34 35 36 37 77 78 
3 38 39 40 81 83 
3 41 42 84 85 
5 6 15 21 43 44 45 46 
5 6 20 45 46 47 
47 48 50 
22 48 49 50 
4 25 51 52 
4 24 52 
4 7 27 53 
7 16 26 28 53 54 
16 27 29 53 54 
1 8 16 28 55 
1 9 60 61 62 
1 9 10 63 64 65 66 67 
1 2 11 68 70 71 72 73 
2 11 12 13 34 74 75 76 
2 12 13 33 35 75 76 
2 12 13 17 34 36 77 
2 17 35 77 78 
2 3 17 78 79 80 81 
3 18 39 40 81 82 83 
3 18 38 40 41 83 
3 18 38 39 41 42 83 
3 19 39 40 42 83 84 
3 19 40 41 83 84 85 
5 6 14 15 44 45 
5 6 15 20 43 
5 6 20 21 43 46 
5 6 20 21 45 
21 22 48 
22 23 49 
22 23 48 50 
23 49 51 
23 24 49 50 
24 25 
16 26 27 28 54 
16 27 28 53 
1 8 
1 8 55 57 58 59 
1 56 58 59 
1 8 56 57 59 
8 56 58 
9 30 
1 9 10 30 62 63 64 65 
1 9 10 61 63 64 65 
1 9 10 31 61 62 64 65 66 67 
1 9 10 31 61 62 63 65 66 67 
1 9 10 31 61 62 63 64 66 67 
1 9 10 31 63 64 65 67 
1 9 10 63 64 65 66 
1 2 11 32 69 70 
1 2 68 70 
2 11 32 68 69 71 
2 11 32 70 72 73 
11 12 32 71 73 74 
2 11 12 32 71 72 74 
2 11 12 13 33 72 73 
2 11 13 33 34 76 
2 12 13 33 34 
2 17 36 78 
17 36 37 77 79 80 
3 78 80 
3 37 78 79 81 
3 18 37 80 82 
3 18 38 81 
3 18 38 39 40 41 42 
3 19 41 42 85 
3 19 42 84 

