96 602
4 7 10 11 12 25 26 27 28 29 30 52 53 54 55 56 57 58 59 
5 14 71 73 74 75 76 2 
6 15 16 35 36 37 38 39 77 78 79 80 81 
10 11 24 25 26 27 52 53 54 55 56 
2 32 68 69 70 71 72 
3 14 33 34 35 36 6 77 
1 12 13 29 30 31 59 60 61 
15 16 17 40 41 42 43 44 45 87 88 90 91 92 93 
18 19 20 21 46 47 48 49 
1 4 11 24 25 26 52 
1 4 10 25 26 27 54 55 
1 7 13 29 30 59 60 
7 12 29 30 31 60 61 62 
2 6 33 14 
3 8 16 39 40 80 81 82 83 84 85 86 87 
8 15 80 81 82 83 84 85 86 87 
8 40 41 42 43 89 90 91 
9 19 20 21 46 47 48 49 
9 18 20 21 46 47 48 
9 18 19 21 47 48 49 
9 18 19 20 22 49 50 
21 23 50 51 
22 24 50 51 
4 10 23 25 52 
1 4 10 11 24 26 52 
1 4 10 11 25 53 
1 4 11 53 54 55 56 
1 57 58 
1 7 12 13 30 59 
7 12 13 29 59 
7 13 60 61 62 63 65 66 
5 69 70 
6 
3 6 35 36 77 
3 6 36 77 
3 6 34 78 
3 38 39 78 79 
3 37 39 79 
3 15 37 38 79 80 
8 15 16 17 41 86 87 88 89 
17 40 87 89 90 
17 43 44 90 91 92 93 94 95 
8 17 42 44 45 91 92 93 94 95 
8 42 43 45 91 92 94 95 96 
8 42 43 44 92 93 95 96 
9 18 19 20 47 48 49 
9 18 19 20 46 48 49 
9 18 19 20 46 47 49 
9 19 20 21 46 47 48 
21 23 51 
22 23 50 
4 10 24 25 
1 4 11 26 27 54 
1 4 11 27 53 55 56 
1 4 11 27 54 56 
1 4 27 54 55 
28 58 
1 28 57 
1 7 12 29 30 
7 12 13 31 61 
7 13 31 60 
13 31 63 64 65 66 
31 62 64 65 66 
31 62 63 65 66 67 
31 62 63 66 67 
31 62 63 64 65 67 68 
65 66 68 
5 66 67 69 70 
5 32 68 70 
5 32 68 69 
2 5 72 73 
2 5 71 73 74 
2 71 72 74 75 
2 72 73 75 76 
2 73 74 76 
2 74 75 
6 34 35 
3 36 37 
3 37 38 39 
3 15 16 39 82 83 84 
16 80 82 83 84 
15 16 80 81 83 84 85 
15 16 80 81 82 84 85 
15 16 80 81 82 83 85 
15 16 82 83 84 86 
15 16 40 85 87 
8 15 16 40 41 86 88 
8 40 87 89 
8 17 40 41 88 90 
8 17 41 42 89 
8 17 42 43 44 45 92 93 94 95 
8 42 43 44 45 91 93 94 95 
8 42 43 44 45 91 92 94 95 
42 43 44 45 91 92 95 
42 43 44 45 91 92 93 94 
44 95 

