90 586
2 3 7 8 9 18 19 31 32 33 34 35 36 37 61 62 63 64 65 66 67 68 69 1 
1 4 9 10 20 21 22 23 41 42 43 44 76 77 78 79 80 81 82 
1 8 19 34 35 36 37 65 66 67 68 69 
2 5 21 22 23 24 25 44 45 46 83 84 85 
4 11 24 25 46 83 84 85 5 
12 13 14 28 51 52 53 
1 17 18 30 31 57 58 59 60 61 
1 3 19 34 35 36 66 67 68 
1 2 10 20 39 40 41 42 43 75 76 
2 9 20 40 41 42 43 75 76 
5 27 47 48 49 86 88 
13 14 51 
6 12 14 28 51 52 53 
6 12 13 15 28 51 52 53 54 
14 16 28 29 54 55 56 
15 17 28 29 54 55 56 57 
7 15 16 18 29 30 57 58 
1 7 17 29 30 31 58 59 
1 8 34 35 65 66 67 68 
9 10 39 40 41 42 75 76 
2 4 22 23 44 80 81 82 
2 4 21 23 44 81 82 
2 4 21 22 44 45 81 82 
4 5 25 45 46 83 84 85 
4 5 24 46 83 84 85 
11 27 47 48 86 87 88 
11 26 47 48 49 87 88 
6 13 14 15 16 54 55 56 
7 15 16 17 18 
7 17 18 31 58 59 60 
1 7 18 30 60 62 
1 33 64 
1 32 63 64 
1 3 19 35 36 67 68 
1 3 8 19 34 36 68 
1 3 8 34 35 
1 3 38 69 70 71 72 
37 69 70 71 72 73 
9 10 20 40 72 73 74 75 
9 10 20 39 74 75 
2 9 10 20 75 76 
2 9 10 20 41 43 75 76 
2 9 10 42 76 77 78 79 
2 4 21 22 23 81 82 
4 23 24 83 
4 5 24 25 84 85 
11 26 27 48 49 87 88 
11 26 47 49 88 
11 26 27 47 48 50 88 
49 89 90 
6 12 13 14 52 53 
6 13 14 51 53 
6 13 14 51 52 
14 15 16 28 55 56 
15 16 28 54 56 
15 16 28 54 55 
7 16 17 29 
7 17 18 59 
7 18 30 58 60 
7 18 30 31 59 
7 31 62 
1 31 61 
32 33 64 
1 32 33 63 
1 3 8 19 66 67 
1 3 8 19 65 67 
1 3 8 19 34 65 66 68 
1 3 8 19 34 35 67 
1 3 38 70 
37 38 69 72 73 
37 38 70 72 73 
37 38 39 70 71 73 74 
38 39 70 71 72 
39 40 72 73 
9 10 20 39 40 41 42 
2 9 10 20 41 42 43 77 
2 43 76 78 79 
2 43 77 79 80 
2 43 77 78 80 
2 21 78 
2 22 23 44 
2 4 21 22 23 44 
4 5 24 25 45 84 
4 5 24 25 46 83 85 
4 5 24 25 46 
11 26 
11 26 27 47 48 
11 26 27 47 48 49 
50 90 
50 89 

