69 480
2 3 4 5 6 10 11 13 14 19 20 21 22 41 42 43 44 45 46 47 48 49 50 51 52 
1 3 7 12 13 14 15 16 21 22 23 24 25 26 27 58 59 60 61 
1 2 7 8 12 15 16 24 25 26 27 62 63 64 65 
1 5 6 9 10 11 17 18 37 38 39 40 41 
1 4 6 10 11 19 41 42 43 44 45 46 
1 4 5 10 11 19 42 43 44 45 46 
2 3 8 12 28 63 64 65 66 
7 12 28 29 66 67 68 69 
1 4 17 18 35 36 37 38 39 40 
1 4 5 6 11 18 
1 4 5 6 10 19 41 42 
2 3 7 8 63 64 65 66 
1 2 21 22 50 51 52 53 54 55 56 57 58 
1 2 13 21 22 52 53 54 55 56 57 58 
3 23 24 60 61 
2 3 24 25 26 27 62 
4 9 18 35 36 37 38 39 
4 9 10 17 38 40 
1 5 6 11 42 43 44 45 46 
1 47 48 49 
1 13 14 22 50 51 52 53 54 55 56 57 58 
2 13 14 21 52 53 54 55 56 57 58 
2 15 60 
2 3 15 16 25 26 27 61 
2 3 16 24 26 27 
2 3 16 24 25 27 62 
2 3 16 25 26 62 
7 29 67 68 
8 67 68 69 
31 30 
30 32 34 
31 33 34 
31 32 34 35 
31 32 35 
9 17 33 34 36 
9 17 35 
4 9 38 39 
4 9 17 18 37 39 40 
4 9 17 18 37 38 40 
4 9 18 38 39 
1 4 5 10 11 
1 5 6 11 19 43 44 
1 6 19 42 44 45 46 
1 5 6 19 42 43 45 46 
1 5 6 19 43 44 46 
1 5 6 19 43 44 45 
1 20 48 
1 20 47 49 
1 20 
1 13 21 52 
1 13 21 50 52 
1 13 14 21 22 50 51 53 
13 14 21 22 52 55 56 57 
13 14 21 22 53 56 57 58 
13 14 22 53 54 56 57 58 
13 14 21 22 53 54 57 58 
13 14 21 22 53 54 55 56 58 
2 13 14 21 22 53 54 55 56 57 59 
2 14 58 
2 15 23 
2 15 24 
3 16 26 27 63 
3 7 12 62 64 
3 7 12 63 65 
3 7 12 64 
7 8 
8 28 29 68 69 
8 28 29 67 69 
8 28 29 67 68 

