62 394
10 19 35 36 60 62 2 
10 19 35 36 61 62 1 
10 11 19 4 
10 11 19 37 3 
11 37 
7 8 9 10 15 16 17 18 22 23 24 25 26 27 28 29 45 46 47 48 49 50 51 
6 8 9 14 15 16 17 21 22 23 24 25 26 45 46 47 48 49 
6 7 14 21 22 23 44 45 46 
6 7 15 16 17 26 27 28 49 51 
6 11 19 33 34 35 36 37 60 61 62 1 2 3 4 
12 13 38 39 40 10 19 37 3 4 5 
13 39 40 41 5 
12 20 38 39 40 41 
6 7 8 21 42 43 44 
6 7 9 16 17 18 27 28 50 51 
6 7 9 15 17 27 49 50 
6 7 9 15 16 27 49 50 
6 28 29 30 52 53 
10 11 35 36 61 62 1 2 3 4 
13 41 20 
7 8 14 21 45 
7 8 23 24 25 46 47 48 
6 7 8 22 24 25 47 48 
6 7 22 23 26 47 48 
6 7 22 23 24 26 47 48 
6 7 9 24 49 
6 9 15 16 17 28 50 51 
6 9 15 18 27 50 51 
6 15 18 30 52 53 
18 29 52 53 54 
30 32 54 55 
31 55 56 57 58 
10 34 57 58 59 60 
10 33 57 58 
10 19 36 60 61 62 1 2 
10 19 62 1 2 
10 11 4 5 
13 39 
12 13 38 40 
12 13 39 41 
12 20 40 
14 43 
14 42 
8 14 
6 7 8 21 46 
7 8 21 22 45 
6 7 22 23 24 25 48 
6 7 22 23 24 25 47 
6 7 9 16 17 26 
6 9 15 16 17 27 28 51 
6 9 15 27 28 50 
18 30 53 
18 29 30 52 
30 31 
31 32 57 
32 55 57 58 
32 33 34 55 56 58 59 
32 33 34 57 59 
33 34 57 58 
10 33 34 35 61 62 1 
10 19 35 36 60 62 1 2 
10 19 35 36 60 61 2 

