62 529
18 40 41 61 62 2 
7 18 42 1 3 
7 18 42 2 4 
7 42 3 21 
8 22 23 24 25 29 30 49 47 48 7 10 11 19 17 18 32 33 26 27 28 40 41 42 43 44 45 46 21 6 31 15 9 14 12 13 
5 7 32 33 31 
5 10 11 16 17 18 33 42 43 2 3 4 21 6 31 15 9 
22 23 24 25 49 47 48 27 28 
5 7 16 26 
8 22 23 49 5 7 11 16 17 26 27 28 43 44 45 46 14 12 13 
8 22 23 49 5 7 10 17 27 28 43 44 45 46 12 13 
5 10 11 17 27 44 45 13 
5 10 11 17 27 44 12 
5 26 43 
5 7 16 31 
5 7 10 17 26 43 15 9 
5 7 10 11 16 26 27 28 43 44 45 46 12 13 
5 7 40 41 42 61 62 2 3 
5 60 34 35 36 37 38 39 56 57 58 59 
19 60 34 35 36 37 38 50 51 52 53 54 55 56 57 
5 7 32 33 42 4 
8 23 24 49 47 48 
22 24 25 49 47 48 
8 22 23 25 29 47 48 
8 23 24 29 47 
5 7 10 16 17 43 9 14 
8 22 49 5 10 11 17 28 44 45 46 12 13 
8 22 49 5 10 11 17 27 46 
24 25 30 
24 25 29 
5 7 6 15 
7 33 21 6 
5 7 32 21 6 
60 20 36 37 38 50 51 52 54 55 56 
19 60 20 34 36 37 38 50 51 52 53 54 55 56 
19 60 20 34 35 38 50 51 52 53 54 55 56 57 
19 60 20 34 35 36 38 53 54 55 56 57 
19 60 20 34 35 36 37 54 55 56 57 
58 59 
5 18 41 61 62 1 
5 18 40 61 62 1 
5 7 18 32 2 3 4 21 
5 7 10 11 16 17 26 44 14 
5 10 11 17 27 43 14 12 13 
5 10 11 17 27 28 46 12 
5 10 11 17 27 28 45 
8 22 23 24 25 48 
8 22 23 24 47 
8 22 23 
60 20 34 35 36 51 52 53 54 55 
60 20 34 35 36 50 52 53 54 55 
60 20 34 35 36 50 51 53 54 56 
60 20 34 35 36 37 50 51 52 54 55 56 
60 20 34 35 36 37 38 50 51 52 53 55 56 
60 20 34 35 37 38 50 51 52 53 54 56 
19 60 20 34 36 38 52 53 54 55 
19 60 20 36 37 58 
19 39 57 59 
19 39 
19 20 34 35 36 37 38 50 51 52 53 54 55 56 57 
40 41 62 1 
18 40 41 61 1 

