103 758
15 61 102 103 2 
15 18 40 61 1 3 4 
15 18 40 61 2 4 
15 18 40 62 2 3 
6 7 8 9 10 11 12 62 
7 6 9 62 
5 6 8 9 10 11 12 
5 7 9 10 11 12 
6 7 8 10 11 
5 7 8 9 11 12 
5 7 8 9 10 12 
5 7 10 11 
14 19 20 21 29 30 31 49 50 51 52 72 73 74 75 76 77 78 79 80 81 82 83 
13 16 20 21 31 32 33 34 35 36 37 53 54 55 56 84 85 86 87 88 89 90 91 
5 6 16 18 23 24 40 61 62 101 102 103 1 2 3 4 
14 15 17 22 23 24 38 39 57 58 59 60 92 93 94 95 96 97 98 
16 22 23 24 38 39 58 59 60 93 94 95 96 97 98 
15 24 40 61 62 101 102 103 1 2 3 4 
13 25 26 27 28 45 46 47 48 66 67 68 69 70 
13 14 21 31 32 33 77 78 79 81 82 83 84 
13 14 20 31 32 33 34 53 84 85 86 87 
16 17 23 24 59 60 93 94 95 96 97 98 
15 16 17 22 24 39 97 98 99 100 
15 16 17 18 22 23 99 100 101 
19 26 41 42 43 44 45 65 
19 25 27 45 46 47 66 67 68 69 
19 26 28 47 48 68 70 71 
19 27 47 48 70 71 
13 30 50 51 52 74 75 76 
13 29 50 51 52 75 76 
13 14 20 21 32 33 53 83 84 85 
14 20 21 31 33 34 53 84 85 86 87 
14 20 21 31 32 34 53 84 85 86 
14 21 32 33 35 36 53 54 55 87 88 89 90 
14 34 36 53 54 55 87 88 89 90 
14 34 35 37 54 55 56 89 90 91 
14 36 38 56 57 91 37 
16 17 37 57 58 92 
16 17 22 23 58 59 93 94 95 96 
5 6 15 18 62 2 3 4 
25 42 43 44 63 64 
41 43 44 65 
25 41 42 44 65 
41 42 43 65 
25 26 66 
19 26 66 67 
19 26 27 28 48 69 70 
19 27 28 47 70 71 
13 29 30 50 74 75 76 
13 29 30 49 51 52 75 76 77 
13 29 30 50 52 76 77 
29 30 50 51 76 77 
14 21 31 32 33 34 35 84 85 86 87 
14 34 35 36 55 87 88 89 90 
14 34 35 36 54 89 90 
14 36 37 55 90 91 
16 37 38 58 
16 17 22 38 39 57 59 92 93 
16 17 22 39 58 93 94 95 96 
16 17 22 23 24 97 99 100 
15 18 102 103 1 2 3 
6 15 18 40 4 
41 64 
41 63 
25 42 43 44 
19 26 45 46 67 68 
19 26 46 66 68 
19 26 27 66 67 69 
19 26 27 47 68 
19 27 28 47 48 71 
27 28 48 70 
13 73 74 
13 72 74 
13 29 49 72 73 
13 29 30 49 50 76 
13 29 30 49 50 51 52 75 
13 50 51 52 78 79 
13 20 77 79 80 
13 20 77 78 80 
13 20 78 79 81 82 
13 20 80 82 83 
13 20 80 81 83 
13 20 31 82 
14 20 21 31 32 33 53 86 
14 21 31 32 33 53 84 86 
14 21 31 32 33 53 84 
14 21 32 33 34 35 53 54 88 
14 34 35 54 87 89 
14 34 35 36 54 55 88 90 
14 34 35 36 55 56 89 
14 37 56 
16 38 57 58 
16 17 22 39 58 59 94 95 96 
16 17 22 39 59 93 95 96 
17 22 39 59 93 94 96 
16 17 22 39 59 93 94 95 
16 17 22 23 60 98 
16 17 22 23 97 
23 24 60 100 
23 24 60 99 
15 18 24 
15 18 61 103 1 
15 18 61 102 1 

