32 184
2 3 5 6 7 10 11 12 13 18 19 20 21 22 23 24 25 26 
1 13 14 22 23 24 25 27 28 29 30 
1 4 5 6 7 11 16 17 
3 8 9 15 16 17 
1 3 6 7 10 11 12 18 
1 3 7 10 11 12 18 
1 3 6 10 11 12 18 19 20 
4 9 15 16 
8 15 
1 3 5 6 7 11 12 
1 3 5 6 7 10 12 18 
1 5 6 7 10 11 19 20 
1 2 21 22 23 24 25 
2 27 28 29 30 
8 9 
3 4 8 9 17 
3 4 16 
1 5 6 7 11 12 19 
1 12 18 20 
1 12 18 19 21 
13 20 22 
1 2 21 23 24 25 
1 2 13 22 24 
1 2 13 22 23 25 
1 2 13 22 23 24 26 
1 2 25 27 
2 14 26 28 
2 27 
2 14 30 31 
2 14 29 31 
29 30 32 
32 31 

