32 242
11 12 2 6 
11 12 23 1 6 
25 26 29 30 13 14 15 23 24 7 
25 26 27 29 30 31 5 15 16 17 18 
26 27 29 30 31 4 15 16 17 18 
11 12 23 24 1 2 
13 14 12 23 
27 28 31 9 19 20 
27 28 32 8 19 20 21 
32 21 22 
12 23 1 2 6 
11 23 24 1 2 6 7 
25 26 29 3 14 15 7 
25 26 29 3 13 15 7 
25 26 29 30 3 4 5 13 14 16 17 
25 26 29 30 4 5 15 17 
26 29 30 31 4 5 15 16 18 
27 30 31 4 5 17 
27 28 31 8 9 20 
27 28 32 9 19 
32 9 10 22 
32 10 21 
3 11 12 24 2 6 7 
13 14 12 23 6 7 
26 30 3 4 13 14 15 16 12 23 24 7 
25 29 30 3 4 5 13 14 15 16 17 12 23 24 7 
28 30 31 32 4 5 8 18 19 20 
27 32 8 9 19 20 
25 26 30 3 4 5 13 14 15 16 17 23 24 7 
25 26 27 29 31 3 4 5 15 16 17 18 
27 28 30 4 5 8 17 18 19 
27 28 9 10 20 21 22 

