70 513
48 2 4 5 10 20 21 47 50 
48 1 4 5 10 50 
48 51 16 17 18 19 20 43 44 
48 1 2 5 10 
48 1 2 4 10 50 
48 49 53 7 8 23 24 52 54 12 
48 49 53 6 8 23 24 25 26 27 52 54 12 55 
48 49 53 6 7 23 24 25 26 27 54 12 55 
60 33 34 64 65 66 
48 1 2 4 5 22 50 36 35 11 
48 10 22 36 35 
48 49 53 6 7 8 23 24 52 54 
70 14 15 37 38 
51 70 13 15 37 38 39 
51 13 14 37 38 39 
51 3 17 18 42 43 
51 3 16 18 43 
51 3 16 17 43 
48 3 44 
48 3 1 21 45 46 47 
48 1 20 45 46 
48 10 50 36 35 11 
48 49 53 6 7 8 52 54 12 
48 49 53 6 7 8 25 27 54 12 55 
48 49 53 7 8 24 26 27 55 
48 49 53 7 8 24 25 27 28 29 55 56 
48 49 53 7 8 24 25 26 28 29 30 55 56 
48 49 53 26 27 29 30 31 56 57 
48 49 53 26 27 28 30 31 56 57 
48 49 53 26 27 28 29 31 56 
48 49 53 28 29 30 57 58 
49 58 59 61 62 
60 9 63 64 65 
69 60 9 
48 10 22 36 11 
48 10 22 50 35 11 
70 13 14 15 38 
70 13 14 15 37 
51 70 14 15 40 
51 41 
40 42 
51 16 41 
51 3 16 17 
3 19 
48 20 21 46 
48 1 20 21 45 47 
1 20 46 
49 51 3 53 60 1 2 4 5 10 6 7 8 19 20 21 22 23 24 25 26 27 29 30 31 45 46 47 50 36 35 11 52 54 12 55 56 
48 53 60 6 7 8 23 24 25 26 27 28 29 30 31 32 52 54 12 55 56 57 58 59 
48 1 2 4 5 10 22 36 
48 3 70 14 15 17 18 39 40 41 42 43 
48 49 6 7 23 54 12 
48 49 6 7 8 23 24 25 26 27 28 29 30 54 12 55 56 57 
48 49 53 6 7 8 23 24 52 12 
48 49 53 7 8 24 25 26 27 
48 49 53 26 27 28 29 30 57 
49 53 28 29 31 56 
49 31 32 59 
49 32 58 61 
48 49 9 33 34 62 63 67 68 64 65 66 
32 59 62 
60 32 61 63 67 
60 33 62 67 68 
60 9 65 
60 9 33 64 
60 9 34 
60 33 63 68 
60 33 67 
34 69 
51 13 14 15 37 38 39 

