54 470
39 41 42 47 48 54 2 15 
39 40 41 47 48 54 1 15 16 17 18 
39 40 49 50 19 20 21 22 23 24 25 26 
39 40 43 50 28 29 30 31 
43 44 51 31 
43 44 51 5 7 32 33 
44 51 6 8 32 33 34 35 
44 45 7 9 10 34 35 36 
45 8 10 11 35 36 37 
45 9 11 36 37 
45 9 10 37 38 
42 46 52 
39 41 46 52 53 54 14 
39 41 46 52 53 54 13 
39 41 42 47 48 54 1 2 16 
39 40 47 48 2 15 17 18 
39 40 47 48 2 16 18 
39 47 48 2 16 17 19 20 
39 40 48 49 3 18 20 21 22 
39 40 48 49 3 18 19 21 22 
39 40 49 3 19 20 23 24 
39 40 49 3 19 20 21 23 
39 40 49 50 3 21 22 24 25 26 
40 49 50 3 21 22 23 25 26 
39 49 50 3 23 24 26 27 28 
39 40 3 23 24 25 27 28 
39 40 50 25 26 28 29 
39 40 50 4 25 26 27 29 
39 40 50 4 27 28 
40 50 4 29 
43 4 5 
43 44 51 6 7 33 34 
43 44 51 6 7 32 34 
44 8 32 33 35 
44 45 7 8 9 34 
45 8 9 10 37 
45 9 10 36 
45 11 
40 41 42 43 46 47 48 49 50 52 53 54 1 2 3 4 13 14 15 16 17 18 19 20 21 22 23 24 25 26 27 28 29 
39 41 43 47 48 49 50 2 3 4 16 17 18 19 20 21 22 23 24 25 26 27 28 29 30 
39 40 42 46 47 48 52 53 54 1 2 12 13 14 15 
39 41 46 47 52 53 54 1 12 13 14 15 
39 40 44 51 4 5 6 7 31 32 33 
43 45 51 5 6 7 8 32 33 34 35 
44 9 10 11 35 36 37 38 
39 41 42 53 12 13 14 
39 40 41 42 48 54 2 15 16 17 18 
39 40 41 47 49 1 2 15 16 17 18 19 20 
39 40 48 50 3 19 20 21 22 23 24 25 
39 40 49 3 4 23 24 25 26 27 28 29 30 
43 44 5 6 7 32 33 
39 41 42 46 53 54 12 13 14 
39 41 42 46 52 54 13 14 
39 41 42 47 53 1 13 14 15 

