70 528
59 60 65 26 53 
59 60 3 4 28 
59 60 2 4 5 28 29 
59 60 2 3 5 28 29 
60 3 4 5 
66 7 
57 66 6 
57 9 30 
57 8 30 
49 57 11 12 31 32 33 34 35 36 
49 57 10 12 31 32 33 34 35 36 
49 57 10 11 31 32 33 36 
49 50 58 61 14 37 38 39 
49 50 58 61 13 15 38 39 
50 58 61 62 67 68 40 
46 62 17 18 19 42 
46 16 18 19 42 
46 16 17 19 42 
46 16 17 18 42 
46 63 21 22 23 44 
46 63 20 22 23 44 
46 63 20 21 23 44 
47 63 69 20 21 22 24 44 45 51 
47 63 64 69 70 23 25 48 51 52 
47 63 64 69 70 24 51 52 
59 65 1 53 
47 56 
59 60 65 2 3 4 29 
59 60 2 3 4 28 
57 8 9 
49 57 10 11 12 32 33 34 
49 57 10 11 12 31 33 34 
49 57 10 11 12 32 34 
10 11 12 31 32 33 35 36 
49 10 11 12 36 37 
49 10 11 12 34 35 37 
49 13 36 38 
49 50 58 61 13 14 37 39 
49 50 58 61 13 14 38 
49 50 61 15 
50 62 67 68 
46 16 17 18 19 
46 43 
63 69 20 21 22 23 48 51 
63 64 69 23 44 
47 49 50 58 61 62 63 64 67 68 69 16 17 18 19 20 21 22 42 43 46 
59 60 65 46 63 64 69 70 23 24 25 27 52 54 55 56 47 53 
63 64 69 24 44 45 51 
46 50 57 58 61 62 67 10 11 12 13 14 15 31 32 33 34 35 36 37 38 39 40 
46 49 58 61 62 67 68 13 14 15 38 39 40 41 
63 64 69 23 24 25 44 45 48 
47 63 64 69 70 24 25 54 
26 47 
47 64 70 52 55 
47 64 70 54 56 
47 27 55 
49 66 7 8 9 10 11 12 57 30 31 32 33 
46 49 50 61 62 67 68 13 14 15 38 39 40 
60 65 1 2 3 4 26 28 29 53 
59 65 1 2 3 4 5 28 29 
46 49 50 58 62 67 68 13 14 15 38 39 40 
46 49 58 67 68 15 16 41 
46 47 64 69 70 20 21 22 23 24 25 44 45 48 51 52 
46 47 63 69 70 24 25 45 48 51 52 54 55 
59 60 1 2 26 28 53 
57 6 7 
46 49 50 58 61 62 68 40 41 
46 50 58 61 62 67 15 41 
46 47 63 64 70 23 24 25 44 45 48 51 52 
47 63 64 69 24 25 52 54 

