137 986
2 3 4 5 13 14 19 20 21 22 36 37 38 1 39 67 68 
1 5 6 7 8 9 10 11 15 16 23 24 25 26 27 28 29 30 44 45 46 47 48 49 
1 13 14 19 20 21 22 36 37 38 67 68 
3 13 14 19 20 21 22 36 37 38 1 68 
1 2 6 8 23 24 25 40 41 42 43 44 45 
2 5 8 9 10 15 25 26 27 28 29 30 47 48 49 50 
2 9 10 11 12 16 17 18 31 32 33 34 35 51 52 53 54 
2 5 6 9 10 15 24 25 26 27 28 44 45 46 47 
2 6 7 8 10 15 16 28 29 30 48 49 50 
2 6 7 8 9 15 16 29 30 48 49 50 
2 7 12 17 18 31 32 33 34 35 51 52 53 54 
7 11 18 35 52 53 54 55 56 
1 3 4 14 19 20 21 22 36 37 38 
3 4 13 22 36 38 
2 6 8 9 10 16 28 29 30 48 49 50 
2 6 7 9 10 15 17 29 30 31 32 49 50 51 
7 11 16 31 32 33 34 51 
7 11 12 35 52 53 54 55 56 
1 3 4 13 20 21 36 
1 3 4 13 19 21 36 
1 3 4 13 19 20 22 36 
1 3 4 13 14 21 36 37 38 
2 5 40 42 43 
2 5 8 25 26 44 45 46 
2 5 6 8 24 26 27 46 47 
2 6 8 24 25 27 46 47 
2 6 8 25 26 28 47 
2 6 8 9 15 27 47 
2 6 9 10 15 16 30 48 49 50 
2 6 9 10 15 16 29 48 49 50 
7 11 16 17 32 33 34 
7 11 16 17 31 33 34 51 
7 11 17 31 32 51 
7 11 17 31 32 33 52 53 
7 11 12 18 52 53 54 55 
3 4 13 14 19 20 21 22 37 
1 3 4 13 14 22 36 38 
1 3 4 13 14 22 37 
1 40 
5 23 39 41 42 
5 40 42 
5 23 40 41 
5 23 42 
2 5 8 24 45 
2 5 8 44 
2 8 24 25 26 47 
2 6 8 25 26 27 46 
2 6 9 10 15 29 30 49 
2 6 9 10 15 16 29 30 48 
6 9 10 15 16 29 30 49 
7 11 17 31 32 
7 11 12 18 34 35 53 
7 11 12 18 35 52 
7 11 12 18 35 55 
12 18 35 54 56 
12 18 55 
58 59 60 64 65 71 72 73 74 75 76 77 78 79 88 89 90 91 92 109 111 112 113 114 115 116 117 118 119 120 121 122 123 
57 63 69 70 71 82 83 84 85 104 105 106 107 
57 60 65 77 78 79 92 120 121 122 123 124 125 
57 59 65 78 79 93 122 123 124 125 126 
62 66 80 98 99 130 131 132 133 
61 67 80 99 134 
69 70 81 82 100 101 102 103 104 
57 73 74 75 88 90 111 112 113 114 115 116 117 
59 60 66 79 92 93 94 95 96 127 128 129 
61 65 95 96 97 98 130 131 
62 68 
19 20 67 68 
58 63 70 81 82 100 101 102 104 
58 63 69 82 101 102 103 104 
57 58 72 85 86 87 107 108 
57 71 85 86 87 107 108 
57 64 74 88 109 110 111 112 
57 64 73 88 109 110 111 112 
57 76 89 90 91 116 117 118 119 
57 75 77 90 91 118 119 
57 59 76 78 120 121 
59 60 77 120 121 122 
57 59 60 65 92 93 124 125 126 
61 62 133 
63 69 82 100 101 102 103 
58 63 69 70 81 101 102 103 104 
58 85 105 106 
58 83 86 106 107 
58 71 72 83 84 86 106 107 108 
71 72 84 85 107 108 
71 72 
64 73 74 111 112 113 
57 64 75 113 114 115 116 117 
57 64 75 76 117 118 
57 75 76 118 119 
57 59 60 65 79 93 124 125 126 
60 79 92 126 
65 95 96 127 128 129 
65 66 94 96 127 128 129 
65 66 94 95 127 129 
66 98 
61 66 97 131 
61 62 134 
69 81 101 
63 69 70 81 82 100 102 103 
63 69 81 82 101 103 
63 69 70 81 82 101 102 
58 63 69 70 82 
58 83 
58 83 84 85 
58 72 84 85 108 
71 72 85 86 107 
57 73 74 110 
73 74 109 
57 64 73 74 88 112 
57 64 73 88 111 
64 88 114 
57 64 113 115 116 
57 64 89 113 114 116 
57 64 75 89 114 115 117 
57 64 75 89 90 116 
57 75 90 91 119 
75 76 91 118 
57 59 78 
57 59 77 78 
57 59 78 123 
57 59 60 122 
59 60 79 92 125 
60 79 92 124 126 
60 79 92 93 125 
65 94 95 96 128 129 
65 94 95 127 129 
65 94 95 96 127 128 
61 66 98 131 132 
66 98 130 132 
61 130 131 
62 80 
62 99 135 137 
134 136 137 
134 135 
134 135 136 

