346 2786
2 3 4 5 6 7 8 12 13 14 15 21 22 23 24 37 38 44 45 51 52 53 67 68 69 100 173 174 175 176 
1 3 4 5 6 7 8 14 15 16 17 21 22 23 24 25 26 27 37 38 45 52 53 
2 4 5 6 7 8 14 15 21 22 23 24 53 
1 2 3 5 6 7 8 14 15 16 21 22 23 24 25 53 
1 2 3 4 7 14 21 22 
1 2 3 4 5 7 14 21 22 53 
1 2 3 4 5 6 14 15 16 23 24 25 26 
1 2 4 7 15 16 17 25 26 27 
10 17 18 19 20 28 29 30 31 
9 11 18 19 20 29 30 31 
10 20 11 
1 13 100 173 175 176 
1 12 100 173 175 176 
1 2 3 4 5 6 7 22 23 24 
1 2 3 4 7 8 16 23 24 25 26 
2 4 7 8 15 25 26 27 
2 8 9 27 28 
9 10 19 20 28 29 30 31 
9 10 18 20 28 29 30 31 
10 11 18 19 30 31 
1 2 3 4 5 6 22 
1 2 3 4 5 6 14 21 
1 2 3 4 7 14 15 24 
1 2 3 4 7 14 15 23 
2 4 7 8 15 16 26 
2 7 8 15 16 25 
2 8 16 17 
9 17 18 19 29 30 
10 18 19 28 30 
9 10 18 19 20 28 29 31 
9 10 18 19 20 30 
1 2 3 4 5 6 7 8 9 12 13 14 15 21 22 23 33 34 36 37 38 41 42 43 44 45 48 49 50 51 52 53 61 63 64 65 66 67 68 69 89 90 91 92 93 94 95 96 97 98 99 100 144 147 148 149 150 151 152 153 154 155 156 157 158 159 160 161 162 163 164 165 166 167 168 169 170 171 172 173 174 175 176 178 
32 34 35 39 40 41 46 54 55 56 57 58 59 70 71 72 73 74 75 76 77 101 102 103 104 105 106 107 108 109 110 111 112 113 114 115 116 178 179 181 188 
32 33 35 39 40 46 54 55 56 57 58 59 73 74 75 76 106 107 108 109 110 111 112 113 114 115 181 
33 34 39 46 54 55 56 57 73 74 75 105 106 107 108 109 110 111 112 
32 37 42 43 44 49 63 64 65 95 96 97 151 152 153 154 155 156 158 159 160 
32 36 38 44 45 50 51 52 53 66 67 98 163 164 165 166 167 168 
3 4 5 6 7 12 13 14 21 22 32 37 44 45 51 52 53 67 68 69 98 99 100 169 170 171 172 173 174 175 176 
33 34 35 54 55 56 57 74 75 76 111 112 
33 34 77 78 117 118 119 120 121 122 123 
32 33 47 60 81 82 83 84 85 127 128 129 130 131 132 
32 36 43 49 63 64 65 94 149 150 151 152 153 154 
32 36 42 49 50 63 64 65 95 151 152 153 154 155 156 157 
32 36 37 38 45 50 51 52 66 67 98 165 166 167 168 
32 37 38 44 51 52 53 66 67 68 69 98 99 100 165 167 168 169 171 172 173 174 
33 34 35 39 56 57 75 76 111 112 
41 60 81 82 83 84 127 128 129 130 131 
32 61 62 86 87 88 136 137 138 139 
32 36 42 43 50 63 64 65 95 151 152 153 154 155 156 157 
32 36 37 43 44 49 65 95 96 97 158 159 160 161 162 163 
32 38 44 45 52 53 66 67 68 69 98 99 165 166 167 168 169 170 171 
32 38 44 45 51 53 67 68 69 98 99 100 169 170 171 172 173 174 175 176 
5 6 12 13 32 37 38 45 51 52 67 68 69 99 100 171 172 173 174 175 176 
33 34 35 39 55 56 73 74 75 105 106 107 108 109 
33 34 35 39 54 56 74 75 106 107 108 109 110 
33 34 35 39 46 74 75 109 110 111 
33 34 39 46 76 113 114 
33 34 40 59 114 115 116 117 118 
33 34 40 58 117 118 
41 47 82 126 127 128 129 
32 48 62 86 87 133 134 135 136 137 
48 61 86 87 134 135 136 137 
32 36 42 43 49 64 151 152 153 
32 36 42 43 49 63 65 152 153 154 155 156 157 
32 36 42 43 49 50 64 95 96 154 155 156 157 158 159 
32 37 44 45 51 165 166 
32 37 38 44 45 51 52 53 68 98 99 100 167 168 169 170 171 172 
12 13 32 38 45 51 52 53 67 69 99 100 170 171 172 173 174 175 176 
12 13 32 38 51 52 53 67 68 99 100 171 172 173 174 175 176 
33 71 102 103 
33 70 72 103 104 
33 70 71 73 103 104 
33 34 54 72 104 105 106 107 
33 34 35 39 54 55 56 75 107 108 110 
33 34 35 39 46 54 55 56 74 110 111 
33 34 39 46 57 113 114 
33 40 78 119 120 121 122 123 
40 77 119 120 121 122 
80 124 125 
124 125 126 
41 47 60 82 127 128 129 
41 47 81 129 130 131 
41 47 82 84 85 130 131 132 
41 47 82 83 85 130 131 
41 83 131 132 
48 61 62 87 136 137 138 
48 61 62 86 88 136 137 138 
48 86 87 136 138 139 
32 140 141 142 143 144 
32 91 92 93 144 145 146 147 148 
32 90 92 93 144 145 146 147 148 
32 90 91 93 144 145 146 147 148 
32 90 91 92 145 146 147 148 
32 42 147 148 149 150 
32 36 43 49 50 65 96 97 157 158 159 160 161 
32 36 50 65 95 97 158 159 160 161 162 
32 36 50 95 96 159 
32 37 44 45 51 52 67 99 167 168 169 170 
32 38 45 51 52 53 67 68 69 98 169 171 172 
12 13 32 38 45 52 53 67 68 69 171 172 173 174 175 176 
33 101 
33 70 
33 70 71 72 104 
33 71 72 73 103 105 
33 35 54 73 104 106 
33 34 35 54 55 73 74 105 107 108 
33 34 35 54 55 73 74 106 108 109 
33 34 35 54 55 74 106 107 109 
33 34 35 54 55 56 74 107 108 110 
33 34 35 39 54 55 56 74 75 109 
33 34 35 39 46 56 75 
33 34 35 39 46 
57 76 114 
33 34 57 58 76 113 115 116 
33 58 59 114 116 117 118 
33 58 59 114 115 117 118 
40 58 59 115 116 118 
40 58 59 115 116 
40 77 78 120 121 
40 77 78 119 121 122 
40 77 78 119 120 122 123 
40 77 78 120 121 123 
40 77 122 124 
79 80 123 125 
79 80 124 
60 80 
41 47 60 81 128 
47 60 81 127 
41 47 60 81 82 
41 47 82 83 84 131 
41 47 82 83 84 85 130 132 
83 84 85 131 41 132 
61 134 135 
61 62 133 135 
61 62 133 134 
48 61 62 86 87 88 137 138 
48 61 62 86 87 136 138 
48 86 87 88 136 137 
48 88 140 141 
89 139 141 
89 139 140 
143 144 
142 144 
32 90 91 92 142 143 145 146 
90 91 92 93 146 
90 91 92 93 144 145 147 
32 90 91 92 93 94 148 149 
32 90 91 92 93 94 147 149 150 
32 94 147 148 150 
32 42 148 149 
32 36 42 43 63 
32 36 42 43 49 63 64 153 154 
32 36 42 43 49 63 64 152 
32 36 42 43 49 64 65 152 155 156 
32 36 43 49 64 65 154 156 157 
32 43 49 64 65 154 155 157 
32 36 43 49 64 65 95 155 156 158 
32 36 50 65 95 157 159 160 
32 36 50 65 95 96 97 158 160 
32 36 50 95 96 97 158 159 161 
32 50 95 96 97 159 160 
32 50 96 97 161 163 
37 50 162 164 
32 37 163 
32 37 44 45 51 66 166 167 168 
32 44 51 66 165 167 168 
32 37 44 45 51 67 98 165 166 168 
32 37 44 45 51 67 98 165 166 167 
32 38 45 51 52 67 98 99 170 
32 38 45 51 52 67 68 98 99 169 171 
32 38 45 51 52 53 67 68 69 99 100 170 172 173 
32 38 45 52 53 67 68 69 99 100 171 
32 38 45 52 53 68 69 100 171 174 175 176 
32 38 45 52 53 68 69 100 173 175 
32 38 52 53 68 69 100 173 174 176 
32 38 52 53 68 69 100 173 175 
178 182 189 190 195 196 206 207 228 229 230 231 232 233 234 289 290 291 295 300 301 302 315 317 318 319 320 321 322 323 344 345 346 177 
33 34 35 39 177 180 181 186 187 188 193 194 205 220 221 222 223 224 225 226 227 276 277 278 279 280 281 282 283 284 
178 180 184 185 186 187 191 192 202 203 204 217 218 219 220 267 268 269 270 271 272 273 274 275 
178 179 184 185 191 192 201 202 215 216 262 263 
178 188 193 194 226 227 282 283 284 285 286 287 288 
177 207 182 208 209 235 236 237 238 
197 198 199 200 212 213 214 251 252 253 254 255 256 257 
179 180 185 191 201 215 258 259 260 261 262 
179 180 184 191 192 202 215 216 262 263 
178 179 187 220 276 
178 179 186 277 
178 181 194 227 282 283 284 286 287 288 
177 190 195 206 229 230 231 
177 189 195 228 229 230 231 232 
179 180 184 185 192 202 216 217 264 265 
179 180 185 191 202 216 217 218 264 265 266 
178 181 194 205 222 223 224 225 279 280 281 
178 188 193 222 223 224 225 226 
177 189 190 196 230 231 232 233 234 
177 190 195 231 232 233 234 
183 198 211 212 213 251 253 254 255 
197 199 200 214 255 256 257 
183 198 200 214 257 
183 198 199 201 258 
180 184 200 258 259 260 261 
179 180 185 191 192 216 217 218 264 265 266 
179 204 219 268 269 270 
179 203 219 268 269 270 271 
178 193 221 278 279 280 
177 228 323 
177 182 
182 235 236 
182 210 237 238 239 240 241 242 243 
209 239 240 241 242 243 244 245 
197 212 246 248 249 250 
183 197 211 213 250 251 252 253 
183 197 212 251 252 253 
183 198 199 255 256 257 
180 184 185 
180 185 191 192 202 217 264 265 
179 191 192 202 216 218 264 265 266 
179 192 202 217 266 267 
179 203 204 268 269 270 
179 186 275 
187 205 277 278 
193 194 223 224 225 281 
178 193 194 222 224 225 281 
178 193 194 222 223 225 226 
178 193 194 222 223 224 226 
178 181 194 224 225 
178 188 282 
177 189 190 206 229 
189 190 228 
177 190 231 232 
177 189 190 195 196 230 232 
177 190 195 196 230 231 233 
177 195 196 232 234 
177 195 196 233 
182 208 
182 208 237 
209 236 238 
182 209 237 239 
209 210 238 240 241 242 243 244 245 
209 210 239 241 243 244 245 
209 210 239 240 242 243 244 245 
209 210 240 241 243 244 245 
209 210 239 240 241 242 244 245 
210 239 240 241 242 243 245 246 
210 239 240 241 242 243 244 246 
211 244 245 247 248 249 
246 248 249 
211 246 249 
211 246 247 248 250 
211 212 249 
183 197 212 213 252 253 254 
183 197 212 213 251 253 254 
183 197 212 213 251 252 254 
183 197 213 251 252 253 
197 198 214 
183 199 214 257 
198 199 214 256 
184 200 201 259 
184 201 258 260 
184 201 259 261 
184 201 260 
180 184 185 
180 185 262 
191 192 202 216 217 265 
192 202 216 217 264 
192 202 217 218 
179 218 
179 203 204 219 
203 204 219 270 271 
179 204 269 271 
179 204 270 
179 273 274 
179 272 274 
179 272 273 
179 220 
178 186 276 
178 187 221 
178 205 221 
178 193 205 280 
178 193 205 279 
178 193 222 223 
178 181 188 227 283 
178 181 188 
178 181 188 285 
181 188 286 287 288 
181 188 285 287 288 
181 188 285 288 
181 188 286 287 
290 291 295 299 311 312 313 314 315 316 317 335 336 337 338 339 340 
189 190 195 206 228 229 230 289 300 301 302 318 319 320 321 322 323 345 346 
289 295 299 313 314 315 316 317 337 338 339 340 341 342 
293 303 304 305 306 324 325 326 327 
303 304 305 306 324 325 326 328 
296 297 298 309 310 329 330 331 
289 291 299 315 316 317 339 340 341 342 
294 297 307 308 310 329 330 331 
294 296 310 330 332 333 
294 297 310 311 332 333 334 
289 291 295 313 314 337 338 339 
290 301 318 319 320 344 
290 300 302 318 319 320 321 322 345 346 
290 301 321 322 323 345 346 
292 293 304 324 325 
292 293 303 305 324 325 326 
292 293 303 304 306 324 325 326 327 328 
292 293 305 307 308 309 326 327 328 
296 306 308 309 
296 306 307 309 329 
294 296 306 307 308 329 
294 296 297 298 330 331 332 333 
289 298 312 334 
289 311 335 336 
289 291 299 314 335 336 337 338 
289 291 299 337 338 339 
289 291 295 316 317 340 341 342 343 
289 291 295 315 317 340 341 342 343 
289 291 295 315 342 343 
290 300 301 319 320 344 
290 300 301 318 320 
300 301 318 319 345 
290 301 302 322 323 345 346 
290 301 302 321 323 
206 290 302 321 322 
292 293 303 304 305 325 
292 293 303 304 305 324 326 327 
292 293 304 305 306 325 327 328 
292 293 306 326 328 
293 305 306 326 327 
294 296 307 308 309 
294 296 297 310 331 
294 296 297 310 330 
297 298 310 333 
297 310 332 
298 311 
289 312 336 
289 312 313 335 
289 291 313 314 338 
289 291 299 313 314 337 339 
289 291 295 299 314 338 
289 291 295 315 316 341 342 
289 291 295 315 316 340 342 
291 295 315 316 317 340 341 
315 316 317 
300 318 
290 301 302 320 321 346 
290 301 302 321 323 345 

