194 1691
190 194 
186 188 190 191 
4 5 6 7 8 9 10 11 14 15 16 17 18 19 20 21 22 23 24 25 26 27 36 37 38 39 40 41 42 53 54 55 56 57 58 59 60 61 62 63 64 89 91 92 93 94 95 96 97 98 99 100 101 102 103 104 106 107 108 109 110 111 112 143 146 
3 5 6 10 11 16 21 23 24 25 26 27 28 29 30 31 41 43 44 66 67 68 114 115 116 117 118 119 120 121 122 123 124 125 
3 4 6 10 15 21 22 23 24 25 26 40 41 42 61 62 63 64 65 108 109 110 111 112 113 
3 4 5 10 11 16 26 27 28 29 30 31 43 45 68 69 123 124 125 126 
3 8 9 17 18 34 52 77 78 79 144 145 146 184 185 
3 7 17 18 34 35 52 77 78 79 80 146 
3 7 8 17 18 19 35 52 79 80 81 82 146 
3 4 5 6 11 16 26 27 28 29 30 31 45 68 69 123 124 125 126 
3 6 10 12 13 16 31 32 45 46 47 48 70 71 72 129 130 131 132 133 134 135 
11 13 32 33 46 47 48 49 50 51 72 73 74 75 136 137 138 139 
186 187 11 12 32 33 49 50 51 73 74 75 76 138 139 140 141 142 
38 39 57 58 91 92 93 94 95 96 97 98 99 100 
3 5 21 39 40 59 60 102 103 104 105 106 107 108 
3 4 6 10 11 28 29 30 31 68 69 124 125 126 
3 7 8 9 18 35 52 79 80 
3 7 8 9 17 19 35 52 80 81 82 83 
3 9 18 20 36 83 84 85 
3 19 36 37 38 53 54 55 56 85 86 87 88 89 90 
3 4 5 15 22 23 24 41 42 61 62 63 109 110 111 
3 5 21 23 24 41 42 61 62 63 111 112 
3 4 5 21 22 24 25 42 62 63 64 65 112 113 
3 4 5 21 22 23 25 41 42 62 63 64 65 112 113 
3 4 5 23 24 26 41 42 43 44 64 65 66 67 113 114 115 116 
3 4 5 6 10 25 27 43 44 66 67 115 116 117 118 119 120 121 122 
3 4 6 10 26 43 44 66 67 117 118 119 120 121 122 
4 6 10 16 29 30 123 124 125 
4 10 16 28 30 31 68 69 
4 6 16 28 29 31 68 69 126 
4 10 11 16 29 30 45 69 126 127 128 129 
11 12 13 33 47 48 49 73 74 75 136 137 138 139 
187 12 13 32 49 50 51 75 76 140 141 
7 8 77 78 184 185 
7 8 9 17 18 52 79 80 
3 19 20 37 53 54 55 56 85 86 87 88 89 90 
3 20 36 38 53 54 55 56 86 87 89 90 
3 14 20 36 37 53 54 55 56 89 91 
3 14 15 40 58 59 60 100 101 102 103 
3 5 15 39 59 60 102 103 104 105 106 107 
3 4 5 21 22 23 24 25 42 62 63 64 65 112 
3 5 21 22 23 24 25 41 62 63 64 65 112 
3 4 6 25 26 27 44 66 67 115 118 119 120 121 122 
4 25 26 27 43 66 67 115 116 117 118 119 120 121 
6 10 11 31 69 70 127 128 129 
11 12 47 48 71 72 130 131 132 133 134 135 
11 12 32 46 48 72 73 136 
11 12 32 46 47 72 73 136 137 
12 13 32 33 75 140 
12 13 33 49 75 140 
189 193 12 13 76 140 141 142 
8 9 17 18 35 80 81 
3 20 36 37 38 54 55 56 86 87 88 89 90 
3 20 36 37 38 53 55 56 86 87 88 89 90 
3 20 36 37 38 53 54 56 86 87 88 89 90 
3 36 37 38 53 54 55 88 89 90 
3 14 91 92 94 95 
3 14 96 97 98 99 100 
3 15 39 40 60 101 102 103 
3 15 39 40 59 102 103 104 105 106 
3 5 21 22 109 110 111 
3 5 21 22 23 24 41 42 63 64 112 
3 5 21 22 23 24 42 62 64 112 
3 5 23 24 25 41 42 62 63 65 112 
3 5 23 24 25 41 42 64 113 
4 25 26 27 43 44 67 114 115 116 117 
4 25 26 27 43 44 66 115 116 117 
4 6 10 16 28 30 
6 10 16 29 30 45 126 127 128 
11 45 71 130 
11 46 70 130 131 132 133 134 135 
11 12 46 47 48 
13 32 47 48 74 136 137 
12 13 32 73 137 138 
12 13 32 33 49 50 139 
189 193 13 33 51 140 141 
7 8 34 
7 8 
7 8 9 35 
8 9 17 18 35 52 
9 18 52 82 
9 18 81 
18 19 9 82 83 
19 85 
19 20 36 84 86 
20 36 37 53 54 55 85 87 
20 36 37 53 54 55 86 88 89 
20 37 53 54 55 56 86 87 89 90 
3 20 36 37 38 53 54 55 56 87 88 90 
20 36 37 38 53 54 55 56 88 89 
3 14 38 57 92 93 94 
3 14 57 91 93 94 
3 14 57 91 92 94 
3 57 91 92 
3 14 57 94 
3 14 58 97 
3 14 58 96 98 99 100 
3 14 58 97 99 100 
3 58 97 98 100 
3 14 39 58 97 98 99 
39 59 
3 15 39 40 59 60 103 
3 15 39 40 59 60 102 
3 15 40 60 105 106 
3 15 40 60 104 106 
3 15 40 60 104 105 
3 15 40 108 
3 5 15 107 
3 5 21 61 110 
3 5 21 61 109 
3 5 21 22 61 
3 5 22 23 24 41 42 62 63 64 
5 23 25 64 65 
4 25 115 
4 25 26 43 44 66 67 114 116 117 
4 25 26 43 44 66 67 115 117 
4 26 27 43 44 66 67 115 116 118 
4 26 27 43 44 117 119 120 121 122 
4 26 27 44 118 120 121 122 
4 26 27 43 44 118 119 121 122 
4 26 27 43 44 118 119 120 122 
4 26 43 118 119 120 121 
4 6 10 28 
4 6 10 16 28 125 
4 6 10 28 124 
10 16 30 31 69 127 128 
31 45 69 126 128 
31 45 69 126 127 
11 31 45 
11 46 70 71 132 133 
11 46 71 130 132 133 
11 46 71 130 131 133 134 135 
11 46 71 130 131 132 134 135 
11 46 71 135 
11 46 71 132 133 134 
12 32 47 48 73 
12 32 48 73 74 
12 13 32 74 139 
12 13 32 75 138 
13 33 49 50 51 76 141 142 
13 33 51 76 142 
13 33 51 76 140 141 
3 4 5 7 8 9 14 17 18 19 20 34 35 36 52 77 78 79 144 145 146 147 148 149 150 151 152 153 154 155 156 157 158 159 160 161 162 163 170 171 172 173 174 175 176 177 178 179 180 181 182 183 184 185 
143 145 146 150 151 155 160 161 162 163 179 180 181 
143 144 146 150 151 155 161 162 163 180 181 182 
34 77 143 144 145 151 163 181 182 184 185 
143 148 152 153 156 164 165 166 167 168 169 147 
143 147 149 156 157 158 168 169 170 
143 148 153 157 158 170 
143 144 145 151 154 155 160 161 162 179 
143 144 145 146 150 161 162 163 179 180 
143 147 152 
143 148 149 157 158 169 
150 155 160 174 175 176 177 178 
143 144 145 150 154 160 161 
143 147 148 164 165 167 168 
143 148 149 153 158 
143 148 149 153 157 170 
143 154 174 175 176 177 178 
143 144 150 154 155 
143 144 145 150 151 155 
143 144 145 150 151 163 179 180 
143 144 145 146 151 181 182 
147 156 166 167 168 
147 156 164 166 167 168 
147 156 164 165 167 168 169 
147 156 164 165 166 168 169 
147 148 156 164 165 166 167 169 
147 148 153 156 166 167 168 
143 148 149 158 171 
143 149 170 
143 173 
143 172 174 
143 154 159 173 175 
143 154 159 174 176 177 
143 154 159 175 177 
143 154 159 175 178 
143 154 159 176 177 
143 144 145 150 151 162 180 
143 144 145 151 162 179 
145 146 163 182 183 
143 145 146 163 181 183 
143 146 181 182 
143 146 185 
143 146 184 
187 188 189 190 191 194 1 2 51 
186 189 193 33 51 76 141 142 
186 191 192 2 
186 187 193 76 
186 191 194 1 2 
188 190 2 
188 192 
187 189 
186 190 1 

