74 523
19 20 41 55 56 2 3 4 
20 55 1 3 4 
20 55 56 1 2 4 5 
20 55 56 57 1 2 3 5 6 
42 55 56 57 3 4 6 
42 55 56 57 4 5 
28 42 58 
29 45 46 47 62 18 
21 22 28 43 59 11 12 
34 35 36 37 38 39 72 67 68 50 70 69 71 31 33 51 52 53 
22 28 43 9 
21 22 43 44 9 73 74 
29 45 46 47 62 
21 22 44 60 61 15 16 
22 44 60 61 14 16 
22 44 45 60 61 14 15 17 18 
45 46 61 18 
29 45 46 61 17 8 
20 40 41 54 55 1 
40 41 42 54 55 56 2 4 
22 28 43 44 59 60 61 9 11 12 73 74 14 
21 28 43 44 45 60 61 11 12 73 74 14 15 16 
29 30 48 49 63 64 24 
30 48 49 23 25 
30 48 49 65 24 26 
49 65 25 27 
65 26 
21 22 42 43 59 7 28 9 11 
30 46 47 49 62 63 64 18 8 13 23 
29 47 48 49 63 64 65 23 24 25 
50 66 70 69 71 32 33 52 
66 70 69 31 
50 66 70 69 71 31 51 52 
10 35 72 67 53 
10 34 36 38 39 67 68 
10 35 37 38 39 67 68 
10 35 36 38 39 67 68 
10 35 36 39 68 
10 35 36 37 38 
19 41 54 
19 20 40 54 55 1 
20 28 55 56 57 58 5 6 7 
21 22 28 59 9 11 12 73 74 
21 22 45 61 12 73 74 14 15 16 
22 29 44 46 47 61 62 16 17 18 8 13 
29 45 47 61 62 17 18 8 13 
29 30 45 46 62 63 13 
29 30 49 63 64 65 23 24 25 
29 30 48 63 64 65 23 24 25 26 
34 35 72 70 69 71 31 33 51 52 53 
50 70 69 71 31 33 52 
50 70 69 71 31 33 51 53 
72 52 
19 20 40 41 
19 20 41 42 56 57 1 2 3 4 5 6 
20 42 55 57 1 3 4 5 6 
42 55 56 4 5 6 
42 57 
21 28 43 9 
21 22 44 61 14 15 16 
21 22 44 45 46 60 14 15 16 17 18 
29 45 46 8 13 
29 30 47 48 49 64 23 
29 30 48 49 63 23 
30 48 49 66 25 26 27 
65 70 69 71 31 33 
10 34 35 36 37 68 
10 35 36 37 38 67 
50 66 70 71 32 31 51 52 
66 69 71 32 31 33 51 52 
50 66 70 69 31 33 51 52 
10 53 
21 22 43 44 12 74 
21 22 43 44 12 73 

