186 1368
2 3 7 8 9 14 15 16 17 27 28 29 30 31 42 43 44 45 46 47 48 49 50 51 52 53 
1 3 6 7 12 13 25 26 27 
1 2 7 13 26 28 42 
5 6 11 19 20 21 22 33 34 35 126 127 186 
4 6 11 20 21 22 23 24 36 37 38 39 
2 4 5 11 23 24 25 37 38 39 40 41 
1 2 3 12 13 26 27 28 42 
1 14 15 16 17 29 30 31 47 48 49 50 51 
1 10 18 32 55 56 57 58 59 
9 18 55 56 57 58 59 
4 5 6 20 21 22 23 35 36 37 
2 3 7 13 
2 3 7 12 26 
1 8 15 29 30 47 48 49 50 
1 8 14 16 17 31 50 51 52 54 
1 8 15 17 31 52 53 54 
8 15 16 31 52 53 54 
9 10 32 56 57 58 
4 21 33 34 35 126 127 128 186 
4 5 11 19 21 22 33 34 35 36 128 186 
4 5 11 19 20 22 34 35 36 128 186 
4 5 11 20 21 35 36 
5 6 11 24 37 38 39 
6 23 37 38 39 40 41 
2 6 40 41 
2 3 7 12 13 
1 2 3 7 42 
1 3 7 27 42 
1 8 30 48 50 
1 8 14 15 29 31 48 49 50 51 
1 8 15 16 17 30 50 51 52 53 
9 10 18 55 56 57 
4 19 20 34 35 186 
4 19 20 21 33 35 186 
4 11 19 20 21 22 33 34 36 186 
4 5 11 20 21 22 35 
5 6 11 23 24 38 39 
5 6 23 24 37 39 40 
5 6 23 24 37 38 40 
6 24 25 38 39 41 
6 24 25 40 
1 3 7 27 28 
1 44 45 46 
1 43 46 
1 43 44 46 
1 43 44 45 
1 8 14 
1 8 14 29 30 49 
1 8 14 29 30 48 50 
1 8 14 15 29 30 31 49 51 
1 15 30 31 50 
1 15 16 17 31 53 54 
1 15 16 17 31 52 54 
15 16 17 52 53 
9 10 32 
9 10 32 55 
9 10 18 32 58 59 
9 10 18 57 59 
9 10 57 58 
1 2 3 4 5 6 7 11 12 61 62 63 64 67 68 69 70 71 72 76 77 78 79 80 81 82 83 84 85 98 99 100 101 102 103 104 105 106 107 108 109 110 111 112 113 114 115 116 117 118 119 120 121 122 123 124 125 126 127 128 152 153 156 157 158 159 160 161 162 163 164 165 166 167 168 169 170 171 172 173 174 175 176 177 178 179 180 181 182 183 
60 63 65 66 73 74 86 87 88 130 131 132 
60 64 67 68 76 93 94 95 96 97 98 99 142 143 144 145 
60 75 88 89 90 134 135 136 137 138 
60 62 68 76 95 96 97 98 99 143 144 145 146 147 148 149 150 151 
61 66 73 86 87 129 130 
61 65 73 74 86 87 131 
60 62 91 92 93 94 139 140 141 
60 62 64 76 95 96 97 98 99 143 144 145 146 147 148 
60 81 105 106 107 108 109 110 166 167 168 169 170 
60 82 83 114 115 173 174 
60 85 118 119 178 179 180 181 182 
60 85 120 121 122 123 124 125 126 183 184 185 
61 65 66 74 86 87 
61 66 73 132 133 
63 90 137 138 
60 62 64 68 96 97 98 99 143 144 145 146 
60 78 79 101 102 157 158 159 160 161 162 163 
77 101 102 160 161 163 
60 77 80 101 102 103 104 163 164 165 
60 79 102 103 104 105 164 165 
60 69 107 108 109 110 169 170 
60 70 113 114 
60 70 84 115 116 117 175 176 177 
60 83 116 117 177 
60 71 72 119 120 182 183 
61 65 66 73 87 
61 65 66 86 
61 63 89 90 133 134 135 
63 90 133 135 
63 75 89 135 136 
67 92 139 140 
67 91 139 140 141 
62 67 94 142 
62 67 93 95 142 
62 64 68 76 94 96 97 142 143 144 
62 64 68 76 95 97 142 143 144 
62 64 68 76 96 98 143 144 145 
60 62 64 68 76 97 99 144 145 146 
60 62 64 68 76 98 145 146 147 148 149 
60 152 153 154 156 
60 77 78 79 102 162 163 
60 77 78 79 80 101 103 162 163 
60 79 80 102 104 164 165 
60 79 80 103 105 165 
60 69 80 104 106 166 167 168 
60 69 105 107 166 167 168 
60 69 81 106 108 167 168 169 
60 69 81 107 109 110 111 169 170 
60 69 81 108 110 111 170 
60 69 81 108 109 111 112 113 170 171 
60 109 110 112 113 170 171 172 
60 110 111 113 171 172 
60 82 110 111 112 171 172 
60 70 82 
60 70 83 84 116 173 174 175 176 
60 83 84 115 117 176 177 
60 83 84 116 118 177 
60 71 117 178 179 
60 71 85 120 180 181 182 
60 72 85 183 
60 72 122 123 124 125 126 185 
60 72 121 124 125 126 185 
60 72 121 122 124 127 128 185 186 
60 72 121 122 123 125 127 186 
60 72 121 122 123 124 127 128 186 
19 60 72 121 122 124 125 127 128 186 
19 33 34 60 123 124 125 126 128 186 
19 20 21 33 34 35 60 123 124 125 126 127 186 
65 130 
61 65 129 
61 66 74 132 
61 74 131 133 
74 88 89 132 134 
63 88 89 133 
63 88 89 90 
63 75 90 
63 75 136 138 
63 137 
67 91 92 140 
67 91 92 139 141 
67 92 140 
62 93 94 95 96 143 
62 64 68 76 96 97 142 144 
62 64 68 76 95 96 97 98 143 145 
62 64 68 76 97 98 99 144 
62 64 68 76 98 99 147 148 149 150 151 
64 68 146 148 149 150 
64 68 99 146 147 150 151 
64 99 146 147 148 150 151 
64 147 148 149 151 
64 146 148 149 150 
60 100 
60 100 154 155 156 
100 153 155 156 
100 153 154 156 
60 100 153 154 155 
60 77 158 159 160 161 
60 77 157 159 160 161 
60 77 157 158 160 161 
60 77 78 157 158 159 161 
60 77 78 158 159 160 
60 77 78 101 102 163 
60 77 78 79 101 102 162 
60 79 80 103 104 165 
60 79 80 103 104 164 
60 69 105 106 167 168 
60 69 105 106 107 166 168 
60 69 105 106 107 166 167 
60 69 81 107 108 
60 69 81 108 109 110 111 
60 110 111 112 113 172 
60 111 113 171 
60 70 115 174 
60 70 115 173 175 
60 83 115 116 174 176 
60 83 115 116 175 
60 83 84 116 117 
60 118 179 
60 71 118 178 
60 71 119 181 182 
71 119 180 182 
60 71 85 119 180 181 
60 72 85 120 184 
72 183 
72 121 122 123 
33 34 35 123 124 125 126 127 128 

