31 180
19 21 26 2 3 
21 26 1 3 4 
19 21 27 28 1 2 4 
21 27 28 2 3 
19 22 29 
19 22 
19 20 8 9 
20 23 7 9 
20 23 7 8 
20 30 31 11 12 13 
20 30 31 10 12 13 
20 30 31 10 11 13 
20 30 31 10 11 12 
20 24 31 
24 25 16 17 
24 25 15 17 18 
25 15 16 18 
24 25 16 17 
20 21 22 23 27 28 29 1 3 4 5 6 7 19 
19 23 24 30 31 7 8 9 11 12 13 14 
19 22 26 27 28 29 1 2 3 4 
19 21 27 28 29 5 6 
19 20 30 7 9 
20 25 31 14 15 16 17 18 
24 15 16 17 18 
21 1 26 
19 21 22 28 29 3 4 
19 21 22 27 29 4 
21 22 27 28 5 
20 23 31 10 11 12 13 
20 24 30 10 11 12 13 14 

