105 810
71 72 2 3 4 5 6 7 8 9 10 11 12 13 14 15 16 17 18 19 20 21 25 26 27 28 29 30 31 32 33 44 45 46 47 48 49 50 51 52 53 54 55 56 57 58 59 60 
71 72 73 1 3 4 5 7 10 11 12 13 14 18 19 20 21 22 30 31 32 33 34 51 53 54 55 56 57 58 59 60 61 62 63 64 65 66 
1 2 4 6 8 9 23 24 37 38 39 3 
1 2 3 8 10 15 16 17 25 26 27 43 44 45 46 47 
1 2 7 11 12 13 18 19 31 32 51 52 53 54 55 56 57 
1 3 4 8 9 10 23 24 25 38 39 40 41 42 43 
2 5 11 12 13 18 30 31 51 52 53 54 55 
1 3 4 6 9 23 24 37 38 39 40 
1 3 6 8 23 24 37 39 40 
1 2 4 6 15 16 26 27 44 45 46 47 
1 2 5 7 12 13 18 30 31 51 52 53 54 
1 2 5 7 11 13 18 31 51 52 53 54 55 
1 2 5 7 11 12 18 31 51 52 53 54 55 
1 2 19 20 21 33 61 62 63 64 
1 4 10 16 17 26 27 28 45 46 47 48 
4 10 15 17 27 28 29 47 48 49 
1 4 15 16 28 29 48 49 50 
1 2 5 7 11 12 13 31 51 52 53 54 55 
1 2 5 14 20 32 57 58 59 60 61 
1 2 14 19 58 59 60 61 
1 2 14 64 66 
2 35 36 67 68 
3 6 8 9 24 37 38 
3 6 8 9 23 37 38 
1 4 6 41 42 
1 4 10 15 45 
1 10 15 16 46 47 48 
1 15 16 17 29 49 50 
1 16 17 28 49 50 
1 2 11 50 51 
1 2 5 7 11 12 13 18 54 55 56 
1 2 5 19 57 58 59 
1 2 14 61 62 63 
2 22 35 67 68 69 
22 34 36 68 69 70 
22 35 69 70 
3 8 9 23 24 
3 6 8 9 23 24 39 
3 6 38 40 
6 8 9 39 
6 25 42 
6 25 41 
4 6 25 42 
1 4 10 26 45 
1 4 10 15 26 44 
1 4 10 15 27 
4 10 15 16 27 48 
1 17 27 47 
1 16 17 28 29 
17 28 29 30 
1 2 5 7 11 12 13 18 30 52 
1 5 7 11 12 13 18 51 
1 2 5 7 11 12 18 54 55 
1 2 5 7 11 12 13 18 31 53 55 
1 2 5 12 13 18 31 53 54 
1 2 5 31 
1 2 5 19 32 58 59 
1 2 19 20 32 57 59 
1 2 19 20 32 57 58 60 
1 2 19 20 59 
2 14 19 20 
2 14 63 
2 14 33 62 64 
2 14 21 63 65 
2 21 64 
2 21 
22 34 
22 34 35 67 69 
22 34 35 36 68 70 
35 36 69 
72 74 78 84 85 86 101 102 103 104 105 71 
71 73 74 75 76 77 78 80 81 82 83 84 85 93 94 96 97 98 99 100 
72 75 76 79 87 88 89 90 91 92 22 35 36 70 
71 72 78 81 82 83 84 96 97 98 99 
72 73 76 77 79 80 81 92 94 
72 73 75 77 79 80 92 93 
72 75 76 79 81 93 94 
71 72 74 83 84 85 97 98 99 100 101 
73 75 76 77 80 91 92 
72 75 76 77 79 93 
72 75 77 82 94 95 96 
72 74 81 94 95 96 
72 74 78 84 97 98 99 
71 72 74 78 83 85 100 101 
71 72 78 84 100 101 
71 103 
73 88 89 90 
73 87 89 90 
73 87 88 90 91 
73 87 88 89 91 
73 79 88 89 90 92 
73 75 76 79 91 
72 76 77 80 94 
72 75 77 81 82 93 96 
72 81 82 94 96 
72 74 81 82 94 95 
72 74 78 83 98 99 
74 78 83 97 99 
72 74 78 83 97 98 
72 78 84 85 
71 78 84 85 
71 103 
71 86 102 
71 105 
71 104 

