24 190
14 17 22 2 3 4 
14 17 22 3 4 
14 17 18 22 1 2 4 
14 18 22 1 2 3 
14 16 18 19 23 24 6 7 
14 16 18 19 23 24 5 7 8 
14 16 18 19 20 23 24 5 6 8 
16 18 20 24 6 7 
14 20 
15 21 12 13 
15 21 10 12 13 
21 10 11 13 
15 21 10 12 
15 16 17 18 19 20 22 23 24 1 2 3 4 5 6 7 8 9 
14 16 20 21 9 10 11 12 13 
14 15 17 18 19 20 22 23 24 5 6 7 8 
14 16 18 19 22 1 2 3 4 
14 16 17 19 20 22 23 24 3 4 5 6 7 8 
14 16 17 18 20 22 23 5 6 7 
14 15 16 18 19 24 7 8 9 
15 10 11 12 13 
14 16 17 18 19 23 1 2 3 4 
14 16 18 19 22 24 5 6 7 
14 16 18 20 23 5 7 8 

