108 657
2 3 6 7 21 22 31 32 33 
1 6 7 20 21 30 31 
1 8 22 34 35 36 37 
9 23 74 
15 16 17 18 19 20 29 
1 2 21 30 31 
1 2 32 33 
3 36 37 
4 74 
11 23 
10 12 13 14 24 25 
11 13 14 15 24 26 27 
11 12 14 15 24 25 26 27 
12 13 15 24 25 26 27 28 
5 12 13 14 16 25 26 27 28 
5 15 17 18 26 27 28 
5 16 19 
5 16 17 19 
5 17 18 20 29 
2 5 19 29 30 
1 2 6 30 31 
1 3 34 35 36 
4 10 
11 12 13 14 25 
12 13 14 15 24 26 27 
12 13 14 15 16 25 27 28 
13 14 15 16 25 26 28 
14 15 16 26 27 
5 19 20 
2 6 20 21 
1 2 6 21 
7 33 
1 7 32 
3 22 35 
3 22 34 
3 8 22 37 
3 8 36 
39 40 41 42 44 45 46 47 48 49 52 53 54 55 56 57 63 64 65 66 67 68 85 86 87 88 89 90 91 92 
38 40 43 44 45 60 61 62 75 76 77 78 79 
38 39 43 44 45 61 62 63 64 78 79 80 81 82 83 84 
38 42 50 51 58 59 71 97 98 99 100 101 
38 41 58 59 69 70 94 95 96 97 98 99 
39 40 60 75 76 77 
38 39 40 45 62 78 79 
38 39 40 44 61 62 63 79 80 
38 47 48 49 52 53 54 55 56 65 66 86 88 89 90 91 
38 46 48 49 52 54 55 56 88 89 90 91 
38 46 47 49 52 53 54 55 56 66 89 90 91 
38 46 47 48 54 55 56 57 66 67 91 92 
41 51 71 72 101 102 103 
41 50 73 102 103 104 105 
38 46 47 48 53 85 65 86 87 88 
38 46 47 48 52 54 65 86 88 89 90 
38 46 47 48 49 53 55 56 66 89 91 
38 46 47 48 49 54 56 66 91 
38 46 47 48 49 54 55 57 66 91 
38 49 56 66 67 68 92 93 
41 59 98 99 100 
41 42 58 98 99 100 
39 43 
39 40 44 45 62 79 
39 40 44 45 61 80 
38 40 45 64 81 82 83 84 
38 40 63 81 83 84 
38 46 52 53 86 88 
38 46 47 48 49 54 55 56 57 
38 49 57 92 93 
38 57 67 93 94 
42 70 94 95 96 
42 69 96 97 
41 50 72 101 102 
50 51 71 102 103 
51 104 106 
9 107 108 
39 43 
39 43 77 
39 43 76 
39 40 44 79 
39 40 44 45 61 78 
40 44 45 62 
40 45 63 64 80 82 83 
40 64 81 83 
40 63 64 81 82 84 
63 64 83 
38 85 
38 46 52 53 65 87 
38 52 65 86 
38 46 47 52 53 65 89 90 
38 46 47 48 53 54 88 
38 46 48 53 54 88 89 
38 46 47 48 49 54 55 56 66 
38 49 57 66 67 68 
57 68 94 
42 69 
42 69 70 96 
42 69 70 95 
41 42 70 98 99 
41 42 58 59 97 99 
41 42 58 59 97 98 
41 58 59 
41 50 71 
51 71 72 103 
50 51 72 102 104 
51 73 103 105 
73 104 106 
73 105 107 108 
74 106 108 
74 106 107 

