46 299
25 2 4 
1 3 4 
1 2 4 
1 2 3 
6 8 9 10 12 13 14 15 16 17 19 21 22 23 24 39 40 41 42 
5 8 9 10 12 13 14 19 20 21 22 23 39 40 41 
8 9 11 18 31 32 
5 6 7 9 12 18 32 33 34 
5 6 7 8 12 13 19 20 32 33 34 35 36 37 38 
5 6 14 15 16 40 41 42 
7 26 27 29 30 
5 6 8 9 13 20 21 33 34 35 36 37 38 
5 6 9 12 19 21 22 23 38 
5 6 10 40 41 
5 10 16 17 24 42 43 44 
5 10 15 17 25 43 44 45 46 
5 15 16 24 25 42 43 44 45 46 
8 11 30 31 
5 6 9 12 13 20 21 36 37 38 
6 12 13 21 36 37 38 
5 6 12 13 20 22 38 
5 6 13 21 39 
6 13 22 39 
5 15 16 17 25 42 43 44 45 46 
16 17 24 45 46 1 2 
11 27 
11 26 28 29 30 
11 27 29 30 
27 28 30 
11 27 28 29 31 
7 18 30 
7 9 
8 9 12 34 35 
8 9 12 33 35 
9 12 33 34 36 37 
9 12 19 20 35 37 
9 12 19 20 36 
9 12 13 19 20 21 36 37 
5 6 22 23 
5 10 14 41 
5 6 10 14 40 
5 10 15 16 17 24 43 44 
15 16 17 24 42 44 
15 16 17 24 42 43 
16 17 24 25 46 
16 17 24 25 45 

