63 420
53 2 32 33 34 35 
53 1 3 34 35 
2 4 35 
3 35 
54 55 6 
38 39 55 5 
38 39 40 56 8 9 
38 39 56 7 9 
38 39 40 56 7 8 
41 42 43 45 46 57 58 11 
41 42 45 46 47 57 58 10 
42 46 47 58 13 14 15 
42 46 47 12 14 15 
42 47 12 13 15 
42 12 13 14 16 
36 15 17 18 
36 16 18 
36 16 17 
36 37 59 
36 37 48 49 59 60 21 22 
36 37 48 49 60 20 22 
36 37 48 49 60 21 23 24 
36 37 48 49 50 60 61 22 24 25 
37 50 60 61 22 23 25 
37 50 60 61 23 24 
51 52 62 27 28 
51 52 63 26 28 
51 52 63 26 27 
63 30 
63 29 31 
63 30 32 
53 1 31 33 34 
53 1 32 34 
53 1 2 33 
53 1 2 3 4 
37 48 49 50 59 60 61 16 17 18 19 20 21 22 23 
36 48 49 50 59 60 61 19 20 21 22 23 24 25 
39 40 43 44 54 55 56 5 6 7 8 9 
38 40 43 44 56 6 8 9 
38 39 41 43 44 45 56 57 7 9 
40 42 43 44 45 46 47 57 58 10 11 
41 45 46 47 57 58 11 12 13 14 15 
38 39 40 41 44 45 56 57 10 
39 40 41 43 45 56 57 
40 41 42 43 44 46 57 10 11 
42 45 47 57 58 10 11 12 13 
41 42 57 58 11 12 13 14 
36 37 50 59 60 61 20 21 22 23 
36 37 48 59 60 20 21 22 
36 37 48 51 60 61 62 23 24 25 
50 52 62 27 28 
51 62 63 26 27 28 
1 2 3 32 33 34 35 
38 55 5 
38 39 54 5 6 
38 39 40 43 44 7 8 9 
40 41 42 43 44 45 46 47 58 10 11 
41 42 46 47 57 10 11 12 
36 37 48 49 19 20 
36 37 48 49 50 61 20 21 22 23 24 25 
36 37 48 50 60 23 24 25 
50 51 52 26 
52 26 27 28 29 30 31 

