66 462
31 36 50 2 
31 36 50 
31 36 43 50 4 
30 31 36 43 50 3 
30 31 36 37 43 6 
30 31 36 37 43 5 
30 31 37 39 44 51 52 8 
30 31 37 39 51 52 7 9 
30 31 39 45 51 53 8 
30 45 53 54 
30 12 
30 11 
30 32 38 14 
32 38 13 
46 57 16 
46 57 15 
34 59 60 18 19 
34 59 60 17 19 
34 47 59 60 61 17 18 
34 47 48 63 
33 35 22 23 
33 21 
33 35 21 22 
33 35 40 65 25 26 
33 35 40 65 24 26 
33 35 40 65 24 25 
33 35 40 41 42 28 29 
33 35 27 
33 35 42 27 28 
31 32 36 37 39 38 43 44 45 46 50 51 52 53 54 55 56 57 3 4 5 6 7 8 9 10 11 12 13 14 33 35 40 41 42 
30 32 36 37 39 43 44 45 50 51 52 53 1 2 3 4 5 6 7 8 9 33 35 40 41 42 
30 31 38 46 55 56 57 13 14 15 
31 32 36 37 35 34 40 41 42 49 65 66 21 22 23 24 25 26 27 28 29 
33 35 47 48 59 60 62 63 64 17 18 19 20 
36 34 40 41 42 49 65 66 21 23 24 25 27 28 29 
30 31 37 39 43 44 50 1 2 4 5 6 42 
30 31 36 43 44 45 51 52 53 5 6 7 8 
30 32 57 13 14 
30 31 37 43 44 45 51 52 7 8 9 
33 35 41 42 65 66 24 25 26 27 
33 35 40 42 66 27 
33 35 40 41 27 28 29 
30 31 37 39 44 51 3 4 5 6 
30 31 36 37 39 43 51 52 7 
30 31 39 51 53 54 9 10 
30 32 57 58 15 16 
34 59 60 61 62 63 19 20 
34 63 64 20 
33 35 49 
30 31 36 1 2 3 4 
30 31 37 39 43 44 45 52 53 7 8 9 
30 31 37 39 44 51 53 7 8 9 
30 31 37 39 45 51 52 54 8 9 10 
30 45 53 
32 56 
30 32 
30 32 38 46 15 16 
46 58 
47 60 17 18 
34 47 59 61 62 17 18 19 
34 47 59 60 62 
34 61 
34 47 48 20 
34 48 63 
33 35 40 24 25 26 
33 35 40 41 

