95 673
55 94 95 2 
55 73 74 1 3 
55 73 74 2 
56 74 75 
56 57 58 75 76 6 
56 57 58 76 5 7 8 
56 57 58 59 76 77 6 8 9 
56 57 58 59 76 77 6 7 9 10 
57 58 59 76 77 78 7 8 10 
59 77 78 8 9 
60 61 79 80 81 12 14 
60 61 79 80 81 11 13 14 
61 79 80 81 11 12 14 
61 62 79 80 81 11 12 13 
62 63 64 
64 82 83 17 
82 83 16 18 
51 65 83 17 19 
51 65 
51 52 65 84 21 22 
51 52 65 84 20 22 
51 84 20 21 
51 52 66 85 24 25 
52 66 84 85 23 25 
52 66 67 84 85 23 24 26 
49 52 67 85 25 
49 67 68 69 86 
49 69 70 29 30 
49 69 70 87 28 30 
49 69 70 87 28 29 
70 87 32 
88 31 
71 88 89 34 
71 89 33 
50 53 54 72 90 91 36 37 38 39 40 43 44 45 46 47 48 
50 53 54 72 90 91 35 37 38 46 47 48 
53 54 72 90 35 36 38 40 46 47 48 
53 54 72 90 91 35 36 37 46 47 48 
40 41 42 43 44 45 
35 37 39 41 42 43 44 45 
39 40 42 43 44 45 
39 40 41 43 44 45 
35 39 40 41 42 44 45 
35 39 41 42 43 45 
35 39 40 41 42 43 44 
35 36 37 38 47 48 
35 36 37 38 46 48 
35 36 37 38 46 47 
51 52 66 67 68 69 70 85 86 87 27 28 29 30 
53 54 55 72 90 91 92 35 36 37 38 46 
49 52 65 66 83 84 85 18 19 20 21 23 
49 51 66 67 68 84 85 86 20 21 23 24 25 26 
50 54 72 90 91 92 37 38 
50 53 72 91 92 37 38 
50 73 74 92 93 94 95 1 2 3 
57 58 59 74 75 76 4 5 6 7 8 
56 58 59 74 75 76 77 5 6 7 8 9 
56 57 59 75 76 77 5 6 7 8 9 
56 57 58 60 76 77 78 7 8 9 10 
59 61 77 78 79 80 81 11 12 
60 62 79 80 81 11 12 13 14 
63 64 79 80 81 13 14 15 
64 82 
62 63 82 15 16 
51 83 18 20 21 
49 51 52 67 68 84 85 86 23 24 25 26 
49 52 66 68 69 85 86 25 26 27 
49 52 66 67 69 86 27 
49 67 68 70 86 27 28 29 30 
49 69 87 28 29 30 31 
88 89 33 34 
50 53 54 90 91 46 48 
55 92 93 94 95 1 2 3 
55 56 57 75 2 3 4 
56 57 58 74 4 5 
56 57 58 59 77 78 5 6 7 8 9 10 
57 58 59 60 76 78 7 8 9 10 
59 60 76 77 9 10 
60 61 62 80 81 11 12 13 14 
60 61 62 79 81 11 12 13 14 
60 61 62 79 80 11 12 13 14 
63 64 83 16 17 
51 65 82 16 17 18 
51 52 66 85 20 21 22 23 24 25 
49 51 52 66 67 84 23 24 25 26 
49 52 67 68 69 27 
49 70 29 30 31 
71 89 32 33 
71 88 33 34 89 
50 53 54 72 91 
50 53 54 72 90 
50 53 54 55 73 
55 73 92 94 95 
55 73 93 95 1 
55 73 93 94 1 

