68 426
17 51 52 
16 48 3 
16 48 2 
12 16 36 48 49 50 5 6 
12 16 36 49 50 4 6 
12 16 36 49 50 4 5 
12 36 37 11 13 14 
9 10 18 43 44 45 64 65 66 67 68 32 34 47 27 28 29 30 31 
8 10 43 44 45 66 67 68 27 28 29 30 31 
8 9 43 66 67 68 28 29 30 31 
12 36 37 7 13 14 
16 17 36 37 48 49 50 4 5 6 7 11 13 14 15 
36 37 7 11 14 
12 36 37 7 13 15 
12 37 14 15 
12 36 48 49 50 2 3 4 5 6 
12 37 38 51 52 53 54 55 1 20 21 
8 40 41 42 58 59 60 61 62 25 22 23 24 
38 54 55 56 57 
17 51 52 53 54 21 
17 51 52 53 54 20 
18 42 59 60 61 62 
18 42 61 62 24 
18 62 
18 40 41 42 58 
64 35 46 
8 9 43 44 45 66 
8 9 10 66 67 
8 9 10 67 30 
8 9 10 67 29 
8 9 10 
8 64 65 46 33 
64 65 32 
8 65 47 
26 46 
12 16 37 49 50 4 5 6 7 11 14 15 
12 17 36 7 11 13 14 15 
17 39 54 55 56 57 19 
38 40 41 57 58 
18 39 41 58 59 25 
18 39 40 42 58 59 25 
18 40 41 59 60 61 62 25 22 23 
8 9 44 45 66 27 
8 9 45 66 
8 9 43 44 66 27 
64 65 35 32 
8 34 
12 16 49 50 2 3 4 
12 16 36 48 50 4 5 6 
12 16 36 48 49 4 6 
17 53 54 20 21 
17 51 53 54 1 20 21 
17 51 52 54 55 20 21 
17 38 51 52 53 55 20 21 
17 38 53 54 56 57 19 
38 55 57 19 
38 39 55 19 
18 39 40 41 25 
18 40 41 42 60 62 22 
18 42 59 61 22 
18 42 59 60 62 22 23 
18 42 59 60 61 63 22 23 24 
24 63 
8 65 26 46 32 33 
8 32 33 34 
8 9 43 44 45 27 28 
8 9 10 28 29 30 
8 9 10 

