38 247
29 2 3 23 1 
23 1 3 
23 1 
21 32 33 
20 24 25 26 6 7 8 
20 24 25 26 5 7 8 
20 24 25 26 5 6 8 
20 24 25 26 34 5 6 7 
20 25 26 27 28 34 35 10 11 
20 27 28 34 35 9 11 
20 27 28 34 35 9 10 
22 27 28 36 13 
22 28 36 37 12 14 15 
22 36 37 13 15 
22 36 37 13 14 
22 37 38 17 18 
22 16 18 19 
22 16 17 19 
18 19 
21 24 25 26 27 28 34 35 5 6 7 8 9 10 11 
20 24 30 31 32 33 4 5 
27 28 36 37 38 12 13 14 15 16 17 18 
29 30 31 1 2 3 
20 21 25 26 33 5 6 7 8 
20 24 26 27 34 35 5 6 7 8 9 
20 24 25 27 34 35 5 6 7 8 9 
20 25 26 28 34 35 36 9 10 11 12 
20 22 27 34 35 36 10 11 13 
23 1 
21 23 
21 23 30 
21 31 33 4 
21 24 32 4 
20 25 26 27 28 35 8 9 10 11 
20 25 26 27 28 34 9 10 11 
22 27 28 37 38 12 13 14 15 
22 36 38 13 14 15 16 
22 37 16 

