117 792
2 5 6 11 12 22 23 24 25 26 27 28 29 52 53 54 55 57 58 59 60 61 62 63 64 102 103 104 105 
1 3 4 7 8 9 10 17 18 19 20 42 43 44 45 87 88 89 90 91 92 93 94 95 
2 4 9 10 18 19 20 42 43 44 45 46 47 89 90 91 92 93 94 95 96 97 
2 3 7 8 9 16 17 18 19 40 41 42 43 44 84 85 86 87 88 
1 22 23 24 52 53 54 55 
1 12 13 29 30 31 32 33 66 67 68 69 
2 4 8 9 14 15 16 17 39 40 41 81 82 83 84 85 86 
2 4 7 9 16 17 41 84 85 86 87 88 
2 3 4 7 8 42 43 85 86 87 88 
2 3 20 45 94 95 
1 25 26 27 58 59 
1 6 13 29 30 31 32 33 67 68 69 
6 12 29 30 31 32 33 68 69 
7 15 36 37 38 39 76 77 78 79 80 81 
7 14 16 17 37 38 39 40 79 80 81 82 
2 4 7 8 15 17 39 40 41 82 83 84 
2 4 7 8 15 16 39 40 41 81 82 83 84 
2 3 4 19 42 44 89 90 
4 18 89 90 91 92 93 
2 10 45 46 96 97 
48 49 50 51 98 99 100 101 
1 5 23 24 52 53 
1 5 22 24 53 
1 5 22 23 54 55 
1 26 27 56 57 58 59 
1 11 25 27 59 
1 25 26 59 
1 60 61 62 63 
1 6 12 30 31 32 66 67 68 
6 12 29 31 32 66 67 68 
6 12 13 29 30 32 67 68 
6 12 29 30 31 67 68 69 
6 12 13 68 69 33 
35 70 34 
34 70 71 72 73 
74 75 76 77 
14 15 38 39 78 79 80 
14 15 37 39 78 80 
7 14 15 16 17 37 38 40 79 80 81 82 
4 15 16 17 39 41 81 82 83 
4 7 8 16 17 40 84 
2 3 4 9 18 43 44 
2 3 4 9 18 42 44 
2 3 4 18 42 43 
2 3 10 20 95 
3 20 47 48 96 97 
3 46 48 
46 47 49 50 
21 47 48 50 
21 48 49 51 98 
21 98 99 100 
1 5 22 23 53 
1 5 22 23 52 
1 5 55 
1 5 24 54 
1 5 25 57 58 
1 25 56 58 
1 25 56 57 
1 11 25 26 27 
1 28 61 62 
1 28 60 62 
1 28 60 61 
1 28 62 
63 65 66 
64 66 
6 29 30 64 65 67 
6 12 29 30 31 32 66 
6 12 13 29 30 31 32 33 69 
6 13 32 33 68 
34 35 71 
35 70 72 73 
35 71 73 74 
35 71 72 74 
36 71 72 73 75 
74 76 77 
14 36 75 77 78 
14 36 75 78 
14 37 38 76 77 79 
14 15 37 38 39 78 80 
14 15 37 38 39 79 81 
7 14 15 16 17 39 40 80 82 
7 15 16 17 39 40 81 83 
7 16 17 40 41 82 
4 7 8 16 17 41 85 
4 7 8 9 84 86 
4 7 8 9 
2 4 8 9 88 
2 4 8 9 87 
2 3 18 19 90 91 93 
2 3 18 19 89 92 
2 3 19 89 90 92 93 
2 3 19 89 90 91 93 
2 3 19 89 91 92 
2 3 10 45 95 
2 3 10 45 94 
3 46 
3 20 
21 50 51 99 
21 51 98 100 
21 51 99 101 
21 99 100 
103 104 105 106 107 108 109 111 102 112 113 114 
5 22 23 52 102 104 105 108 109 110 113 115 116 117 
102 103 105 108 109 112 113 114 115 
102 103 104 108 109 110 113 114 115 116 
102 107 111 
102 104 106 112 
102 103 104 105 109 113 114 115 116 
102 103 104 105 108 113 114 115 116 
103 105 117 
102 106 
102 104 107 
102 103 104 105 108 109 
104 105 108 113 
103 104 105 108 109 116 
103 105 108 109 115 
103 110 

