43 205
24 25 
10 29 30 3 4 5 6 
10 29 30 2 4 5 
10 29 30 2 3 5 6 
10 29 30 2 3 4 6 
10 29 30 2 3 4 5 
10 30 9 
15 16 20 10 14 17 18 19 33 34 35 36 11 12 13 
7 9 
8 26 28 29 30 2 3 4 5 6 7 
14 17 18 33 
8 14 18 33 
8 19 
8 17 18 31 33 34 11 12 
16 20 21 37 38 19 36 
15 21 22 16 39 40 41 42 43 
8 14 18 31 32 33 11 
14 17 33 11 12 
20 36 13 
15 37 19 36 
15 16 
16 39 40 41 42 43 22 
24 25 26 1 
23 25 26 1 
23 26 1 
10 23 24 25 27 1 
26 28 
10 27 
30 2 3 4 5 
10 29 2 4 5 6 7 
14 17 32 
17 31 
8 14 17 18 11 12 
14 35 
8 34 
8 19 
15 20 38 
15 37 
16 22 
16 22 42 43 
16 22 40 42 43 
16 22 40 41 43 
16 22 40 41 42 

