240 1929
2 3 
240 1 4 
240 1 2 4 
161 2 3 4 
147 161 187 188 189 6 7 
147 161 187 188 189 5 7 
147 161 187 188 189 5 6 
147 161 187 188 189 190 9 
147 188 189 190 8 
162 163 11 12 
162 163 191 12 
162 163 191 10 11 
148 163 164 191 192 193 194 
135 148 164 165 191 192 193 
135 148 164 165 166 194 195 16 17 
135 164 165 195 15 
135 166 167 195 196 197 15 
166 167 196 197 198 
135 198 199 200 
168 199 200 
136 168 169 170 20 
136 168 169 171 201 202 
136 137 171 172 202 203 204 24 
137 171 172 202 203 204 23 
136 137 172 203 204 26 
137 172 25 
137 138 
138 173 205 29 
138 173 174 205 28 
138 173 174 205 206 207 
207 208 209 210 32 34 
208 209 210 31 33 34 
208 209 210 31 32 34 
208 209 210 31 32 33 
209 210 36 
211 35 
139 175 211 38 
139 175 37 39 
139 175 37 40 41 
139 175 39 41 
139 175 39 40 
139 175 
139 212 213 44 45 46 
139 212 43 45 46 
139 212 213 43 44 46 47 
139 212 213 43 44 45 47 48 
212 213 45 46 48 49 50 
149 176 212 213 214 46 47 49 50 
149 176 212 213 214 47 48 50 
149 176 212 213 214 47 48 49 
140 149 215 216 217 52 
140 217 218 51 
141 142 143 150 178 54 55 
141 143 150 177 178 55 56 
141 142 143 150 177 178 179 53 54 56 
142 143 150 178 179 180 54 55 
141 142 143 150 178 
59 60 62 63 66 67 68 69 76 77 78 79 80 81 82 83 84 93 94 95 117 118 119 120 121 122 123 124 
58 60 62 63 66 67 68 69 77 78 79 80 81 82 83 84 93 94 95 119 120 121 122 124 125 
58 59 65 66 71 72 73 74 75 76 77 78 79 88 89 90 91 92 108 109 110 111 112 113 114 115 116 117 
144 145 151 152 153 154 219 220 221 62 64 86 87 98 99 100 101 102 103 131 132 
58 59 61 63 64 67 68 69 85 96 97 126 127 
58 59 62 64 67 68 69 85 96 97 126 127 128 
61 62 63 85 86 96 97 98 99 100 127 128 129 130 
60 70 71 72 73 74 75 88 104 105 106 107 108 
58 59 60 77 78 79 80 93 118 
58 59 62 63 68 69 85 125 
58 59 62 63 67 69 85 
58 59 62 63 67 68 85 126 
65 71 104 70 
60 65 70 72 73 104 105 106 107 
60 65 71 73 74 104 106 107 
60 65 71 72 74 75 88 107 108 
60 65 72 73 75 88 89 90 108 109 110 111 
60 65 73 74 88 89 90 108 109 110 111 112 
58 60 77 91 92 113 114 115 116 
58 59 60 66 76 78 79 116 
58 59 60 66 77 79 80 93 117 118 
58 59 60 66 77 78 80 117 118 
58 66 78 79 93 94 118 119 
58 59 83 84 94 95 120 121 122 123 124 
58 59 81 83 84 94 95 120 121 122 123 124 
58 59 81 82 84 95 122 123 124 
58 59 81 82 83 95 123 124 
62 63 64 67 68 69 96 126 127 
61 64 98 99 100 101 131 132 
151 152 219 220 221 61 102 103 
60 65 73 74 75 89 90 108 109 110 111 
60 74 75 88 90 108 109 110 111 
74 75 88 89 109 110 111 112 
60 76 92 112 113 114 
60 76 91 114 115 
58 59 66 78 80 94 118 119 
58 59 80 81 82 93 
58 59 81 82 83 84 120 121 122 123 124 
62 63 64 85 127 128 
62 63 64 96 128 129 
61 64 86 99 100 101 130 
61 64 86 98 100 101 131 
61 64 86 98 99 101 131 
61 86 98 99 100 131 132 
61 87 103 
219 220 221 61 87 102 
65 70 71 72 105 106 
65 71 104 106 
65 71 72 104 105 107 
65 71 72 73 106 
60 65 73 74 75 88 89 109 
60 74 75 88 89 90 108 110 111 
60 74 75 88 89 90 109 111 
60 74 75 88 89 90 109 110 
60 75 90 91 113 
60 76 91 112 114 
60 76 91 92 113 
60 76 92 116 
60 76 77 115 
58 60 66 77 78 79 
58 66 78 79 93 
58 59 80 
58 81 82 95 121 124 
58 59 81 82 95 120 123 124 
58 59 81 82 83 95 120 121 123 124 
58 59 81 82 83 84 95 120 121 122 124 
58 59 81 82 83 84 95 120 121 122 
59 67 
62 63 69 85 
62 63 64 85 96 
63 64 96 97 129 
64 97 128 130 
64 129 
61 86 98 99 100 101 
61 86 101 
134 144 145 146 153 155 156 157 158 159 181 182 183 184 223 224 225 226 227 228 229 230 231 232 61 
133 145 146 157 158 159 160 182 183 184 185 186 227 228 229 230 231 232 233 234 235 236 237 238 61 
136 148 163 164 165 166 167 168 191 192 193 194 195 196 197 198 199 200 14 15 16 17 18 19 
135 137 138 168 169 171 172 201 202 203 21 22 23 24 25 
136 138 171 172 201 202 203 204 23 24 25 26 27 
136 137 172 173 205 206 27 28 29 30 
140 149 175 176 211 212 213 37 38 39 40 41 42 43 44 45 46 
139 141 212 214 215 216 217 218 51 52 
140 142 143 150 177 178 179 180 53 54 55 56 57 
141 143 150 177 178 179 180 53 54 55 56 57 
141 142 150 177 178 179 180 53 54 55 56 57 
133 145 151 152 153 154 155 219 220 221 222 87 103 
133 134 144 153 154 155 156 157 222 223 224 225 
133 134 157 158 159 181 182 183 228 229 230 231 232 
161 162 187 188 189 190 5 6 7 8 9 
135 162 163 164 165 191 192 193 194 13 14 15 
139 176 212 213 214 216 48 49 50 51 
141 142 143 177 178 179 180 53 54 55 56 57 
144 152 153 154 219 220 221 87 103 
144 151 153 154 155 219 221 222 87 103 
133 144 145 151 152 154 155 222 
144 145 151 152 153 155 222 
133 145 152 153 154 156 222 223 
133 145 155 157 181 223 224 225 
133 134 145 146 156 181 223 224 225 226 
133 134 146 181 182 183 227 229 231 
133 134 146 160 184 185 186 232 233 234 235 236 237 
159 184 185 186 234 235 236 237 238 239 240 
147 187 188 189 190 4 5 6 7 8 
147 148 163 191 10 11 12 
148 162 164 191 192 193 10 11 12 13 
135 148 163 165 191 192 193 194 195 13 14 15 16 
135 148 164 191 192 193 194 195 14 15 16 
135 167 195 196 197 198 17 18 
135 166 195 196 197 198 17 18 
135 169 170 200 201 20 21 
136 168 170 171 201 21 22 
136 168 169 171 201 202 21 22 
136 137 169 170 201 202 203 204 22 24 
136 137 138 202 203 204 23 24 25 26 
138 174 205 206 29 
138 173 205 206 207 29 30 
139 37 38 39 40 41 42 
139 140 149 212 213 214 215 216 49 50 
141 142 143 150 178 179 180 53 54 55 56 
141 142 143 150 177 179 180 53 54 55 56 57 
141 142 143 150 177 178 180 
141 142 143 150 177 178 179 56 
133 134 146 156 157 158 225 226 227 
133 134 146 158 227 228 229 230 231 
133 134 146 158 182 229 230 231 
133 134 159 160 185 186 234 235 236 237 238 
134 160 184 186 234 235 236 237 238 239 
134 159 160 184 185 234 235 236 237 238 239 240 
147 161 188 189 5 6 7 8 
147 161 187 189 190 5 7 8 9 
147 161 187 188 190 5 6 7 8 9 
147 161 188 189 8 9 
135 148 162 163 164 165 192 193 194 12 13 14 
135 148 163 164 165 191 193 194 13 14 
135 148 163 164 165 191 192 194 13 14 
135 148 164 165 191 192 193 13 14 15 
135 164 165 166 167 196 197 15 16 17 
135 166 167 195 197 17 18 
135 166 167 195 196 17 18 
135 166 167 200 18 19 
135 168 198 200 19 20 
135 168 198 199 19 20 
137 168 169 170 171 202 22 
136 137 170 171 172 201 203 204 22 23 24 
136 137 171 172 202 204 23 24 25 
137 171 172 202 203 23 24 25 
138 173 174 206 29 30 
138 173 174 205 207 30 
206 208 30 31 
209 210 31 32 33 34 
208 210 31 32 33 34 35 
208 209 31 32 33 34 35 
139 35 36 37 
139 140 149 176 213 214 43 44 45 46 47 48 49 50 
139 149 176 212 214 43 45 46 47 48 49 50 
140 149 176 212 213 48 49 50 
140 149 176 51 
140 149 176 215 51 
140 218 51 52 
140 217 52 
144 151 152 220 221 
144 151 219 221 
144 152 219 220 
144 145 152 153 155 
133 145 155 156 157 224 225 
145 156 157 223 225 
133 145 156 157 181 223 224 226 
133 181 225 
133 134 146 158 181 182 228 229 230 231 
133 134 146 158 182 227 229 230 231 
133 134 146 158 182 183 227 228 230 231 
133 134 146 158 182 183 227 228 229 231 
133 134 146 158 182 183 227 228 229 230 
133 134 146 159 183 233 
134 159 232 
134 159 160 184 185 186 235 236 237 
134 159 160 184 185 186 234 236 237 
134 159 160 184 185 186 234 235 237 
134 159 160 184 185 186 234 235 236 238 239 
134 160 185 186 237 239 240 
160 237 238 240 
160 186 238 239 1 2 3 

