24 205
2 3 4 10 11 12 15 18 19 
1 4 5 6 7 8 9 13 14 20 21 22 23 24 
1 10 11 12 15 16 17 18 19 
1 2 5 6 7 8 9 12 20 21 22 
2 4 6 7 8 13 20 21 22 23 
2 4 5 7 8 9 13 20 21 22 23 
2 4 5 6 8 9 13 14 20 21 22 23 
2 4 5 6 7 9 13 14 20 21 22 23 24 
2 4 5 6 7 8 13 14 21 22 23 24 
1 3 11 15 16 17 
1 3 10 15 16 17 18 
1 3 4 
2 5 6 8 9 14 22 23 
2 7 9 13 23 24 
1 3 10 11 16 17 15 
3 10 11 15 17 
1 3 10 11 15 16 18 
1 3 10 11 17 19 
1 3 12 18 
2 4 5 6 7 8 9 21 22 
2 4 5 6 7 8 9 20 22 
2 4 5 6 7 8 9 13 20 21 23 
2 5 6 7 8 9 13 14 22 24 
2 8 9 13 14 23 

