41 223
3 9 10 11 18 19 20 21 32 33 34 35 36 1 
5 6 8 13 14 15 26 27 28 
1 9 10 19 20 21 32 33 34 35 36 
6 12 23 24 25 
2 4 6 12 25 
2 4 7 8 13 26 
6 8 13 14 26 
2 6 7 14 27 
1 3 10 11 19 21 35 36 37 38 
1 3 9 11 21 36 37 38 
1 9 10 21 37 38 39 40 41 
4 22 23 24 25 
2 6 7 8 26 
2 7 8 15 28 29 
2 14 16 17 27 28 29 30 
15 17 29 30 
15 16 29 30 31 
1 30 
1 3 9 20 34 35 
1 3 19 34 
1 3 9 10 11 35 36 37 
12 23 22 
4 12 22 25 
4 12 25 
4 5 12 23 24 
2 6 7 13 
2 14 15 28 29 
2 8 14 27 29 
14 15 16 17 27 
15 17 18 31 
17 18 30 
1 3 33 
1 3 32 
1 3 19 20 
1 3 9 10 19 21 36 
3 9 10 21 35 37 
9 10 11 21 36 
9 10 39 40 
11 38 40 
11 38 39 41 
11 40 41 

