257 2231
254 5 8 18 19 20 21 22 23 52 53 
3 6 27 28 29 59 60 61 62 63 64 
2 6 9 28 29 62 63 64 3 
254 256 257 16 17 41 42 43 44 45 
254 257 1 17 18 47 48 49 50 51 
2 3 9 27 28 29 60 61 62 
254 256 14 15 35 36 37 38 
254 1 19 20 21 22 52 53 
2 3 6 28 29 63 64 
255 11 12 31 32 33 
255 10 12 31 32 33 
10 11 32 33 34 
254 34 35 13 
254 256 7 15 36 37 
254 7 14 35 36 37 38 
254 256 257 4 41 42 
254 257 4 5 45 46 47 
254 1 5 19 20 51 52 
1 8 18 20 52 53 
1 8 18 19 52 53 
1 8 22 23 
1 8 21 23 
1 21 22 54 
25 26 54 55 56 57 58 
24 26 27 57 58 
24 25 27 57 
2 6 24 25 26 58 59 
2 3 6 9 29 62 63 64 
2 3 6 9 28 62 63 64 
255 216 
10 33 
10 11 12 31 33 
10 11 12 31 32 
12 13 34 
7 13 14 15 36 
7 14 15 35 
256 7 14 15 38 
254 256 7 15 37 
254 256 40 
254 256 39 
254 257 4 16 
254 257 4 16 43 44 45 
254 257 4 42 44 45 
254 257 4 42 43 45 
254 257 4 17 42 43 44 
257 17 47 
254 5 17 46 
254 5 49 50 
5 48 50 
5 48 49 51 
5 18 50 
1 8 18 19 20 53 
1 8 19 20 52 
23 24 55 56 57 
54 56 57 
24 54 55 57 
24 25 26 54 55 56 
25 26 27 
2 6 27 60 
2 6 59 
6 28 62 
2 3 6 28 29 61 63 
2 3 9 28 29 62 
2 3 9 28 29 63 
254 66 67 68 69 70 71 72 73 76 77 78 80 81 82 83 89 90 91 92 93 94 95 96 97 98 99 100 114 116 117 118 119 120 121 122 123 124 125 126 127 128 129 130 163 164 165 166 167 168 169 170 171 172 173 174 175 176 177 178 179 180 181 182 183 184 185 186 187 188 217 
254 255 65 69 71 72 73 76 77 78 82 83 84 85 86 99 101 102 103 104 105 134 135 136 137 138 139 140 141 142 143 144 145 146 200 201 202 203 204 205 206 207 208 209 210 211 212 213 214 
65 68 70 74 75 79 80 81 87 88 110 111 112 113 149 150 151 152 153 154 155 
65 67 70 75 80 81 87 88 110 111 112 113 114 149 150 151 152 153 154 155 156 
65 66 71 72 76 82 95 96 97 98 121 122 123 124 125 126 127 128 129 174 176 177 178 179 180 181 182 183 184 185 186 187 
65 67 68 80 81 89 90 91 114 115 116 117 118 161 162 163 164 165 
65 66 69 82 95 96 97 98 120 121 122 123 124 125 126 127 174 175 176 177 178 179 180 181 182 183 184 185 
65 66 69 73 76 77 82 83 84 99 100 101 102 130 131 132 133 134 135 191 192 193 194 195 197 198 199 200 
65 66 72 76 77 78 83 84 85 101 102 103 134 135 136 137 200 201 202 
67 75 79 106 107 108 109 147 
67 68 74 79 87 110 111 112 113 148 149 
65 66 69 72 73 77 83 84 99 100 101 102 131 132 133 134 135 193 194 195 196 197 199 200 
65 66 72 73 76 78 83 84 85 102 103 135 136 137 200 201 202 
65 66 73 77 83 84 85 103 104 136 137 138 139 202 203 204 205 
67 74 75 108 109 147 148 
65 67 68 70 81 88 89 114 155 156 157 158 159 
65 67 68 70 80 89 114 115 159 160 161 162 
65 66 69 71 72 97 98 127 128 129 130 186 187 188 189 190 
65 66 72 73 76 77 78 84 85 101 102 134 135 198 199 200 201 
66 72 73 76 77 78 83 85 102 134 135 136 200 201 202 
66 73 77 83 84 103 136 137 202 
30 255 66 105 142 143 144 145 146 213 214 215 216 
67 68 75 110 111 112 113 149 
67 68 150 151 152 153 154 
65 70 80 81 114 115 159 160 162 
65 70 91 118 163 164 165 166 
65 70 90 93 119 165 166 167 168 
65 91 93 94 119 167 168 169 170 
65 91 92 94 119 168 169 170 
65 92 93 169 170 
65 69 71 96 121 122 123 124 125 176 177 178 179 180 181 182 183 184 
65 69 71 95 97 98 124 126 127 182 183 184 185 
69 71 82 96 98 124 125 126 127 184 185 
65 69 71 82 96 97 126 127 128 186 187 
65 66 72 76 100 101 130 131 132 133 191 192 193 194 195 196 
65 72 76 99 101 131 132 133 193 194 195 196 
66 72 76 83 99 100 102 196 197 198 199 
66 72 73 76 77 83 84 101 134 135 198 199 200 201 
66 73 77 78 85 104 137 138 139 203 204 205 
66 78 103 138 139 203 204 205 206 207 
66 86 142 143 144 145 146 213 214 215 216 
107 106 
74 106 
74 79 147 
74 79 108 147 
67 68 75 87 111 112 149 
67 68 75 87 110 112 113 149 
67 68 75 87 110 111 113 149 
67 75 87 111 149 150 151 
65 68 70 80 81 89 115 159 160 161 
70 81 89 114 159 161 
65 70 117 
65 70 116 
65 70 90 163 164 165 
65 91 92 166 167 168 169 
65 71 171 172 173 
65 69 71 95 122 123 174 175 176 177 178 179 
65 69 71 95 121 123 174 175 176 177 178 179 180 181 
65 69 71 95 121 122 174 176 177 178 179 180 181 182 
65 69 71 95 96 97 125 126 182 183 185 
65 69 71 95 96 97 124 183 184 185 
65 69 71 96 97 98 124 125 183 184 185 
65 69 71 82 96 97 98 128 185 186 187 
65 69 82 98 127 186 187 188 
65 69 82 128 186 187 188 189 
65 72 82 131 132 189 190 191 192 
72 76 99 100 130 132 133 191 192 193 
72 76 99 100 130 131 133 191 192 193 
72 76 99 100 131 132 193 194 195 
66 72 76 83 84 101 102 135 198 199 200 
66 72 73 76 77 83 84 102 134 200 201 
66 73 77 78 83 84 85 202 
66 73 77 78 85 103 202 
66 78 103 104 139 203 204 205 206 207 
78 103 104 138 204 205 206 207 
66 141 142 208 209 210 211 212 
66 140 142 208 209 210 211 212 
66 86 105 140 141 143 144 210 211 212 213 214 
66 86 105 142 144 145 146 213 214 215 
86 105 142 143 145 146 213 214 215 
66 86 105 143 144 146 213 214 215 216 
30 66 86 105 143 144 145 215 216 
74 79 108 109 
75 79 
67 68 75 87 110 111 112 113 
67 68 88 113 151 152 
67 68 88 113 150 152 
67 68 88 150 151 153 
67 68 88 152 154 
67 68 88 153 
67 80 156 157 158 
68 80 155 157 158 
80 155 156 158 
80 155 156 157 
80 81 89 114 115 160 
81 89 114 159 
70 81 89 114 115 
70 81 89 161 
65 90 118 164 165 
65 70 90 118 163 
65 70 90 91 118 163 166 
65 90 91 119 165 167 
65 92 119 168 
65 91 92 93 119 167 169 
65 92 94 119 168 170 
65 92 93 94 169 
65 120 172 
65 171 173 
65 171 172 
69 71 121 122 123 175 176 
65 71 121 122 174 176 
65 69 71 95 121 122 174 175 177 178 179 180 181 
69 71 95 121 122 123 176 178 179 180 181 
65 69 71 95 121 122 123 176 177 179 180 181 
65 69 95 121 122 123 176 178 180 181 
65 69 71 95 122 123 176 177 178 179 181 182 
65 69 71 95 122 123 176 177 178 179 180 182 
65 69 71 95 96 123 124 180 181 183 
65 69 71 95 96 124 125 126 182 184 
65 69 71 95 96 97 124 125 126 183 
65 69 71 96 97 98 124 126 127 
65 69 82 98 127 128 129 187 
65 69 82 98 127 128 129 186 
65 82 128 129 189 190 
82 130 188 190 
130 188 189 
72 99 130 131 132 192 
72 99 130 131 132 191 193 
72 76 99 100 131 132 133 192 194 
72 76 99 100 133 193 195 196 
72 76 99 100 133 194 196 
72 76 99 100 101 194 195 197 
72 76 101 196 198 
72 76 83 101 102 134 197 199 
72 76 83 102 134 198 
66 72 73 76 77 83 84 102 134 135 201 
66 73 77 83 84 102 135 200 
66 73 77 78 84 85 136 137 
66 78 103 104 138 139 204 205 
66 78 103 104 138 139 203 205 206 
66 78 103 104 138 139 203 204 206 
66 104 139 205 207 
66 104 138 139 
140 141 209 210 211 212 
66 140 141 208 210 211 212 
66 140 141 142 208 209 211 212 
66 140 141 142 208 209 210 212 
66 140 141 208 209 210 211 
66 86 105 142 143 144 145 214 
66 105 142 143 144 145 213 
86 105 143 144 145 146 216 
30 86 105 215 
67 74 218 219 220 221 222 223 224 225 226 227 228 229 230 231 232 233 235 239 240 241 242 243 244 245 246 217 
217 219 220 221 222 223 224 225 226 227 228 229 230 231 237 238 239 240 241 242 243 
217 218 220 221 222 223 224 225 226 227 228 229 230 239 240 241 242 243 
217 218 219 221 222 223 225 226 227 228 229 230 237 238 239 240 241 242 220 
217 218 219 220 222 223 225 226 228 229 230 238 239 240 241 242 
217 218 219 220 221 223 225 226 227 229 230 231 239 240 241 242 
217 218 219 220 221 222 227 231 243 
217 218 219 
217 218 219 220 221 222 226 228 229 230 239 240 241 242 
217 218 219 220 221 222 223 225 227 229 230 231 240 241 242 
217 218 219 220 222 223 226 231 
217 218 219 220 221 225 229 230 237 238 239 
217 218 219 220 221 222 225 226 228 230 239 240 241 
217 218 219 220 221 222 225 226 228 229 239 240 241 
217 218 219 222 223 226 227 
217 244 245 
217 232 234 244 245 
217 233 244 245 246 247 
217 236 249 250 252 
235 251 252 253 
218 220 221 228 
218 220 221 228 
217 218 219 220 221 222 228 229 230 240 
217 218 219 220 221 222 225 226 229 230 239 241 
217 218 219 220 221 222 225 226 229 230 240 242 
217 218 219 220 221 222 225 226 241 
217 218 219 223 
217 233 234 245 246 
217 232 233 234 244 246 
217 233 234 244 245 247 
234 246 248 249 
235 247 249 250 251 
235 247 248 250 251 
235 248 249 251 
235 236 248 249 250 
235 253 
236 252 253 
255 256 257 1 4 5 7 8 13 14 15 16 17 18 35 37 38 39 40 41 42 43 44 45 46 47 48 66 
254 10 11 30 255 31 86 105 143 144 145 146 215 216 
254 257 4 7 14 15 16 37 38 39 40 
254 256 4 5 16 17 41 42 43 44 45 46 

