78 808
2 3 4 11 12 21 22 23 24 44 45 
78 1 3 4 12 23 24 25 26 27 28 46 47 48 50 
78 1 2 4 11 12 22 23 24 25 26 27 46 47 48 49 
1 2 3 12 24 25 26 27 46 47 48 49 50 
78 6 7 8 14 15 16 30 31 32 33 34 35 36 37 58 
78 5 7 8 14 15 16 17 32 33 34 35 36 37 38 58 59 60 
78 5 6 8 15 16 17 34 35 36 37 38 39 58 59 60 
78 5 6 7 15 16 17 18 19 36 37 38 39 59 60 61 
69 67 72 73 78 10 17 18 19 20 40 41 42 43 63 64 65 66 
69 67 72 73 9 19 20 40 41 42 
1 3 21 22 23 44 45 
1 2 3 4 24 25 26 27 28 46 47 48 49 50 
78 30 55 56 
78 5 6 15 30 31 32 33 34 35 57 
78 5 6 7 8 14 16 32 33 34 35 36 37 38 58 59 
78 5 6 7 8 15 17 18 19 37 38 39 59 60 61 
78 6 7 8 9 16 18 19 20 38 39 40 59 60 61 62 63 
78 8 9 16 17 19 20 39 40 41 61 62 63 64 65 66 
78 8 9 10 16 17 18 20 39 40 41 42 61 62 63 64 65 66 
9 10 17 18 19 40 41 42 43 63 64 65 66 
1 11 21 
1 3 11 23 44 45 
1 2 3 11 22 
1 2 3 4 12 23 
2 3 4 12 26 27 46 48 49 50 
2 3 4 12 25 27 28 46 47 48 49 50 
2 3 4 12 25 26 28 29 49 50 51 52 53 54 
2 12 26 27 29 49 50 51 52 53 54 
78 13 27 28 51 52 53 54 
78 5 13 14 31 55 57 
78 5 14 30 32 33 34 
78 5 6 14 15 31 34 35 36 58 
78 5 6 14 15 31 32 34 35 36 
78 5 6 7 14 15 31 32 33 35 36 58 
78 5 6 7 14 15 33 34 36 58 
78 5 6 7 8 15 32 33 34 37 58 
78 5 6 7 8 15 16 36 38 58 59 60 
78 6 7 8 15 16 17 37 39 59 60 61 
78 7 8 16 17 18 19 38 61 62 63 
9 10 17 18 19 41 42 43 62 63 64 65 66 
9 10 18 19 20 40 42 43 63 64 65 66 
9 10 19 20 40 41 43 63 64 65 66 
9 10 20 40 41 42 66 
1 11 22 
1 11 22 23 
2 3 4 12 25 26 47 48 
2 3 4 12 25 26 46 48 
2 3 4 12 25 26 46 47 49 
2 3 4 12 25 26 27 28 48 50 
2 4 12 25 26 27 28 49 51 52 
27 28 29 50 52 53 54 
27 28 29 50 51 53 54 
27 28 29 51 52 54 
27 28 29 51 52 53 
78 13 30 56 
78 13 30 55 57 
14 30 31 56 
78 5 6 7 15 32 34 35 36 37 
78 6 7 8 15 16 17 37 38 60 
78 6 7 8 16 17 37 38 59 
8 16 17 18 19 38 39 62 
17 18 19 39 40 61 63 64 65 
9 17 18 19 20 39 40 41 42 62 64 65 66 
9 18 19 20 40 41 42 63 65 66 
9 18 19 20 40 41 42 63 64 66 
9 18 20 40 41 42 43 63 64 65 
68 69 70 71 67 72 73 74 75 76 77 78 8 9 10 16 17 18 19 20 39 40 41 42 43 62 63 64 65 66 
67 69 70 71 72 73 74 75 76 77 9 10 
67 68 70 72 73 74 75 
67 68 69 71 76 77 
68 70 77 
67 68 69 73 74 75 76 
67 68 69 72 74 75 76 
67 68 69 72 73 75 76 
67 68 69 72 73 74 76 
67 68 69 70 72 73 74 75 
67 68 70 71 
67 2 3 5 6 7 8 9 13 14 15 16 17 18 29 30 31 32 33 34 35 36 37 38 39 55 56 58 59 60 

