55 398
2 3 4 5 8 9 10 14 26 27 28 29 30 31 44 46 47 48 49 50 51 52 53 54 
1 3 4 7 8 12 13 22 23 36 39 40 41 
1 2 4 5 8 9 10 23 25 26 27 44 45 46 47 48 49 50 
1 2 3 5 8 9 10 26 27 28 44 45 46 47 48 49 50 
1 3 4 14 28 29 30 31 51 52 53 54 
11 15 16 17 18 19 20 21 33 34 35 
2 20 21 22 36 37 38 39 40 
1 2 3 4 9 13 23 24 25 41 42 43 
1 3 4 10 25 44 45 46 47 
1 3 4 9 26 27 46 47 48 49 50 
6 15 16 17 32 33 34 
2 13 
2 8 12 23 24 41 
1 5 29 30 31 54 55 
6 11 16 32 
6 11 15 17 32 33 
6 11 16 18 33 34 
6 17 19 20 21 33 34 35 
6 18 20 21 35 
6 7 18 19 21 35 
6 7 18 19 20 35 36 
2 7 36 37 38 39 
2 3 8 13 24 25 41 42 43 
8 13 23 25 41 42 43 
3 8 9 23 24 42 43 44 
3 4 10 48 49 50 
1 3 4 10 26 28 50 
1 4 5 27 
1 5 14 30 31 51 52 53 54 
1 5 14 29 31 53 54 55 
1 5 14 29 30 55 
11 15 16 
6 11 16 17 18 34 
6 11 17 18 33 
6 20 21 
2 7 21 22 37 
7 22 36 38 
7 22 36 37 
2 7 22 
2 7 39 
2 8 13 23 24 
8 23 24 25 43 
23 24 25 42 
1 3 4 9 25 45 46 
3 4 9 44 46 
1 3 4 9 10 44 45 47 
1 3 4 9 10 46 48 
1 4 10 26 47 49 50 
1 3 4 10 26 48 50 
1 3 4 10 26 27 48 49 
1 5 29 52 53 54 
1 5 29 51 53 54 
1 5 29 30 51 52 54 
1 5 14 29 30 51 52 53 
30 31 

