29 185
28 29 4 5 6 12 13 14 15 16 17 18 
28 29 5 6 7 19 20 21 
28 11 3 
28 1 5 12 13 14 15 
28 29 1 2 4 6 15 16 17 
29 1 2 5 18 19 20 
28 29 2 21 22 23 24 
28 29 10 25 26 
28 8 10 25 
28 9 11 25 26 27 
3 10 26 27 
1 4 13 14 
1 4 12 14 
1 4 12 13 
28 1 4 5 16 17 18 
28 1 5 15 17 18 
28 1 5 15 16 18 
28 1 5 6 16 17 
28 29 2 6 20 
28 29 2 6 19 
28 29 2 
28 29 7 23 
28 29 7 22 24 
28 29 7 22 23 
28 8 9 10 26 
8 9 10 11 25 27 
10 11 26 
29 1 2 3 4 5 6 7 8 9 10 15 16 17 18 19 20 21 22 23 24 25 
28 1 2 5 6 7 8 19 20 21 22 23 24 

