120 823
3 4 5 10 11 12 13 77 
6 7 8 9 14 15 
1 4 5 6 
3 6 
1 3 6 
2 3 5 7 14 
2 6 8 14 
2 7 9 14 15 
2 7 14 15 
1 11 12 
1 10 12 13 
1 10 11 13 
1 11 
2 6 7 8 9 
2 9 
1 28 37 38 39 40 68 69 70 71 72 73 74 75 76 77 113 114 115 116 117 118 119 120 
22 23 24 25 26 29 30 46 47 48 49 50 51 52 81 82 83 
19 27 31 32 54 55 56 57 58 59 89 90 91 92 93 94 96 97 98 
18 20 27 32 57 58 59 60 97 98 
19 21 27 32 33 61 62 63 64 99 100 101 102 
20 33 34 62 63 64 65 100 101 102 103 104 105 
17 23 24 25 26 29 46 47 48 49 79 80 81 
17 22 24 25 26 29 47 49 50 81 82 
17 22 23 25 26 29 48 49 50 81 82 83 
17 22 23 24 26 29 49 50 51 52 81 82 83 
22 23 24 25 29 30 49 51 52 81 82 83 
18 19 20 59 60 61 62 99 
16 37 38 68 69 70 71 72 110 111 112 113 114 
17 22 23 24 25 26 49 50 51 81 82 83 
17 26 51 52 53 54 84 
18 30 53 54 55 84 85 86 87 88 
18 19 20 27 59 60 61 98 
20 21 34 64 103 104 105 
21 35 65 105 106 
34 65 66 107 
66 67 108 109 110 
16 28 68 69 70 71 110 111 112 
16 28 68 70 71 72 113 114 115 
16 40 76 77 118 119 
16 39 76 77 118 119 
42 41 
41 78 
42 44 78 43 
43 45 78 
44 46 79 
17 22 45 47 46 79 80 
17 22 23 46 48 79 80 
17 22 23 24 47 80 
17 22 23 24 25 29 50 81 82 
17 22 23 24 25 26 29 49 81 82 83 
17 25 26 29 30 52 
17 25 26 30 51 53 
30 31 52 84 
18 30 31 55 56 84 85 86 87 88 89 90 91 
18 31 54 56 85 86 87 88 89 90 91 92 
18 54 55 88 89 90 91 92 93 94 95 
19 58 59 96 98 
18 19 57 59 96 97 98 
18 19 27 32 57 58 60 98 
19 27 32 59 98 
19 20 27 32 63 99 100 
20 21 27 61 63 64 99 100 101 102 
20 21 61 62 64 99 100 101 102 
20 21 62 63 100 101 102 
34 35 105 106 
35 36 67 107 
36 66 108 109 110 
16 28 37 38 69 70 71 111 112 113 
16 28 37 68 70 71 111 112 113 
16 28 37 68 69 71 72 111 112 113 
16 28 37 38 68 69 70 113 115 
16 28 38 70 71 113 114 115 
16 74 75 116 117 
16 73 75 116 
16 73 74 117 
16 39 40 
10 11 12 16 39 40 118 119 
42 43 44 
22 45 46 47 80 
22 46 47 48 
17 22 24 25 26 29 49 82 83 
23 24 25 26 29 49 50 81 83 
17 24 25 26 29 50 81 82 
30 31 53 54 85 86 
31 54 55 84 86 87 88 
31 54 55 84 85 87 88 
31 54 55 85 86 88 89 90 
31 54 55 56 85 86 87 89 90 91 
18 55 56 88 90 91 92 
18 54 56 87 88 89 91 92 
18 54 55 56 88 89 90 92 93 
18 55 56 89 90 91 
18 56 91 92 94 95 
18 56 93 
18 56 93 94 
18 57 58 97 
18 19 57 58 96 
18 19 27 32 57 58 59 60 
20 27 61 62 63 100 
20 21 61 62 63 64 99 101 102 
20 21 62 63 64 100 102 
20 62 63 64 100 101 
33 104 
21 33 105 
21 33 65 104 
35 65 
35 66 
36 67 109 
36 67 108 110 
28 36 37 67 109 
28 37 68 69 70 112 
28 37 68 69 70 111 
16 28 38 68 69 70 71 72 114 115 
16 28 38 71 72 113 115 
16 38 71 72 113 114 
16 73 74 117 
16 73 74 75 116 
16 39 40 77 119 120 
16 39 40 77 118 120 
16 77 118 119 

