113 806
2 3 4 5 9 10 11 12 13 14 15 27 28 29 30 55 56 57 58 59 98 99 100 101 102 103 104 105 106 
1 3 7 8 19 20 21 22 23 24 43 44 45 46 77 78 79 80 81 82 83 84 
2 8 9 22 23 24 25 26 46 47 48 49 50 85 86 87 88 89 90 
1 11 12 13 29 30 55 99 100 
1 14 15 31 59 60 61 62 106 107 108 109 110 111 112 
16 32 33 34 65 67 68 
2 20 21 44 77 78 79 80 81 82 83 
2 3 21 22 23 24 25 26 45 46 47 48 49 84 85 86 87 
1 3 10 27 28 51 52 53 54 91 92 
1 9 27 51 52 53 54 91 92 
1 4 27 28 98 
1 4 11 29 98 99 
1 4 29 30 55 56 100 
5 58 104 105 106 
1 5 31 59 60 61 62 107 108 109 110 111 112 
6 35 36 67 68 69 70 71 72 
18 37 38 39 40 41 75 76 
17 19 40 41 42 43 76 
2 18 42 43 
2 7 21 44 78 79 80 81 82 83 
2 7 8 20 45 46 83 84 
2 3 8 23 24 25 45 46 47 48 49 84 85 86 
2 3 8 22 24 25 26 45 46 47 48 49 85 86 
2 3 8 22 23 25 26 46 47 48 49 85 86 87 88 
8 22 23 24 26 47 48 49 85 86 87 88 89 
3 8 22 23 24 25 47 48 49 85 86 87 88 89 
1 9 10 11 28 53 54 91 92 93 94 95 96 97 
1 9 10 11 27 53 54 92 93 94 95 96 97 
1 4 12 13 30 
1 4 13 29 55 
1 5 15 61 62 63 64 113 
6 33 65 
6 32 
6 16 66 67 68 69 
16 36 69 71 72 
16 35 70 71 72 
17 38 39 40 73 74 75 
17 37 39 40 73 74 75 
17 37 38 40 75 
17 18 37 38 39 41 75 76 
17 40 42 76 
18 19 41 43 76 
2 18 19 42 
7 20 77 78 79 80 81 
2 8 21 22 23 46 84 
2 3 8 21 22 23 24 45 47 84 
3 8 22 23 24 26 46 48 85 86 
3 8 22 23 24 25 26 47 49 85 86 87 88 
3 8 22 23 24 25 26 48 85 86 87 88 
3 90 
9 10 52 51 
9 10 51 53 91 
9 10 27 28 52 54 91 92 
9 10 27 28 52 53 91 92 
1 4 13 30 100 
1 13 101 102 103 
1 58 103 104 
1 14 57 104 105 
1 5 15 60 106 107 108 109 110 
5 15 59 107 108 109 111 
5 15 31 62 111 112 
5 15 31 61 63 
31 62 64 113 
31 63 113 
6 32 33 
6 67 68 
6 16 34 66 68 69 
6 16 34 67 69 
16 34 35 67 68 70 
16 35 36 71 
16 35 36 70 
16 35 73 74 
37 38 72 74 
37 38 72 73 
17 37 38 39 40 
17 18 40 41 42 
7 44 
2 7 20 44 79 81 82 
2 20 78 80 81 82 
2 7 20 44 78 79 81 82 
2 7 20 44 78 79 80 82 
2 7 20 78 79 80 81 83 
2 20 21 82 
2 8 21 45 46 
3 8 22 23 24 25 26 47 48 49 86 87 
3 8 22 23 24 25 26 47 48 49 85 87 88 
3 8 24 25 26 48 49 85 86 88 
3 25 26 48 49 86 87 
3 25 26 50 
3 50 51 
9 10 27 52 53 54 92 
9 10 27 28 54 91 
27 28 95 96 97 
27 28 93 95 96 97 
27 28 93 94 96 97 
27 28 93 94 95 97 
27 28 93 94 95 96 
1 11 12 
4 12 
1 13 
1 56 103 
1 56 101 103 
56 57 101 102 
1 14 57 58 105 
1 58 104 
1 5 59 108 
5 15 59 60 106 108 109 110 
5 15 59 60 106 107 109 
5 15 60 107 108 110 
5 60 107 108 109 
5 15 60 61 112 
5 15 61 
113 31 63 64 

