73 499
2 3 5 6 7 9 16 17 18 36 37 38 39 
1 3 4 8 10 11 12 13 21 22 23 24 25 47 48 49 50 51 52 53 54 55 
1 2 5 6 7 9 10 16 17 18 19 36 37 39 40 
2 8 11 12 13 23 24 25 26 52 53 54 55 56 57 58 59 
1 3 6 7 16 36 37 38 
1 3 5 7 16 17 36 37 38 39 
1 3 5 6 9 16 17 18 37 38 39 
2 4 26 27 28 58 59 60 61 62 63 64 
1 3 7 10 17 18 19 39 40 41 42 
2 3 9 19 20 21 22 43 44 45 46 
2 4 12 22 23 47 48 49 50 51 
2 4 11 13 23 52 53 
2 4 12 23 52 53 
15 31 32 33 34 68 69 70 71 72 
14 32 33 34 35 71 73 
1 3 5 6 36 37 38 
1 3 6 7 9 18 39 
1 3 7 9 17 39 40 
3 10 20 21 40 41 42 43 44 
10 19 21 43 44 
2 10 19 20 22 43 44 45 46 47 
2 10 11 21 43 44 45 46 48 
2 4 11 12 13 50 51 
2 4 25 54 56 57 
4 24 54 55 56 57 
4 8 27 56 57 58 59 60 
8 60 61 62 
29 61 62 63 64 65 
28 30 31 65 66 67 
29 31 65 66 67 
14 30 66 67 68 
14 15 33 34 68 69 70 71 
14 15 32 34 68 69 70 71 72 
14 15 32 33 69 70 71 72 
15 71 72 73 
1 3 5 6 16 
1 3 5 6 7 38 
1 3 5 6 7 16 37 
1 3 6 7 9 17 18 
3 9 18 19 41 42 
9 19 40 42 
9 41 
10 19 20 21 22 44 45 
10 19 20 21 22 45 46 
10 21 22 43 44 46 
10 21 22 44 47 
2 11 21 22 46 48 49 
22 47 49 
47 48 50 51 
2 11 23 49 51 
2 11 23 49 50 
2 4 13 53 
2 4 12 52 
2 4 24 25 
2 4 24 56 57 
4 24 25 26 55 57 
4 24 25 26 55 56 58 
4 8 26 57 59 
8 26 58 60 
8 26 27 59 61 
8 27 28 60 62 
8 27 28 61 
8 28 64 
8 28 63 
28 29 30 66 
30 31 65 67 
29 30 31 66 
14 31 32 33 69 70 
14 32 33 34 68 70 
14 32 33 34 68 69 
14 15 32 33 34 35 72 73 
14 15 33 34 71 73 
15 35 71 72 

