85 615
2 3 4 5 7 8 9 10 11 15 16 17 18 26 27 28 30 31 32 37 
1 5 6 14 15 23 24 25 26 27 
1 4 8 9 10 11 16 17 18 30 31 32 33 
3 10 11 18 32 33 34 35 36 
1 2 15 25 26 27 
2 7 12 13 21 22 23 24 
1 2 6 14 23 24 25 
1 3 9 16 17 29 30 
1 3 8 10 17 29 30 31 
1 3 4 9 11 18 30 31 32 33 
1 3 4 10 18 32 33 34 35 36 
6 19 20 21 
6 21 22 23 
2 7 25 
1 2 5 26 27 
1 3 8 9 29 
1 3 8 9 30 31 
1 3 4 10 11 32 33 34 
12 20 
12 19 
6 12 13 22 
6 13 21 
2 6 7 13 24 
2 6 7 23 
2 5 14 
2 5 15 27 
1 15 
1 28 
1 8 9 
1 3 8 9 10 17 31 
1 3 9 10 17 30 
1 3 4 10 11 18 33 
3 4 10 11 18 32 
4 11 18 35 36 
4 11 34 36 35 
4 11 34 35 
3 38 39 40 41 45 46 50 51 52 53 54 60 61 62 63 64 65 66 67 68 
37 39 40 41 46 53 54 67 68 69 70 
37 38 40 46 53 54 62 63 64 65 66 67 68 
37 38 39 41 46 67 68 69 70 
37 38 40 42 43 46 69 70 71 72 73 74 
41 43 44 47 48 73 74 75 76 77 
41 42 44 47 48 55 75 76 77 78 
42 43 47 48 49 55 56 78 79 80 81 82 83 84 85 
37 50 51 52 57 58 59 
37 38 39 40 41 53 67 68 
41 42 43 44 75 76 77 
42 43 44 47 55 77 78 
44 55 56 78 79 80 81 82 83 84 85 
37 45 52 60 
37 45 50 52 60 
37 45 50 51 60 61 
37 38 39 46 54 62 63 64 65 66 
37 38 39 53 63 64 65 66 
43 44 48 49 56 79 80 81 83 84 85 
44 49 55 78 79 80 81 82 83 84 85 
45 58 59 
45 57 59 
45 57 58 
37 50 51 52 61 62 63 64 65 
37 52 60 62 63 64 
53 60 61 63 64 65 66 
37 39 53 54 60 61 62 64 65 66 
37 39 53 54 61 62 63 65 66 
37 39 53 54 60 62 63 64 66 
37 39 53 54 62 63 64 65 
37 38 39 40 46 68 
37 38 39 40 46 67 
38 40 41 70 71 
38 40 41 69 71 
41 69 70 
41 73 74 
41 42 72 74 
41 42 72 73 75 
42 43 47 74 76 77 
42 43 47 75 77 
42 43 47 48 75 76 
43 44 48 49 55 56 79 80 81 
44 49 55 56 78 80 81 82 83 84 
44 49 55 56 78 79 81 82 83 84 85 
44 49 55 56 78 79 80 82 83 84 85 
44 49 55 56 79 80 81 83 84 85 
44 49 55 56 79 80 81 82 84 85 
44 49 55 56 79 80 81 82 83 85 
44 49 55 56 80 81 82 83 84 85 

