55 345
2 5 6 11 12 17 18 19 20 34 35 36 37 38 39 40 41 
6 7 8 13 14 15 21 22 23 24 25 26 27 28 47 48 49 50 
4 2 9 10 15 31 32 54 8 55 
16 29 33 10 
1 11 12 17 18 34 35 36 37 38 39 40 
1 2 7 13 20 21 22 23 24 42 43 44 45 46 
2 6 13 21 22 23 24 25 44 45 46 47 
2 3 9 10 15 31 51 52 53 8 
3 8 10 54 
29 3 8 9 32 55 
5 34 35 36 
1 5 17 18 37 38 39 
2 6 7 21 22 23 24 25 44 45 46 47 
2 27 28 48 49 50 
2 3 8 30 31 51 52 53 
4 29 33 
1 5 11 12 34 35 36 38 
1 5 12 17 37 
1 20 41 42 
1 6 19 
2 6 7 13 22 23 43 44 45 46 
2 6 7 13 21 23 24 44 45 46 47 
2 6 7 13 21 22 24 45 46 47 
2 6 7 13 23 25 47 
2 7 13 24 26 47 48 
2 14 25 48 
2 14 28 49 50 
14 27 49 50 
4 16 
15 31 51 
3 8 15 30 51 52 53 
3 55 
4 16 
1 5 11 17 34 
1 5 11 17 36 
5 11 17 35 37 
1 5 12 18 35 36 38 
1 5 12 17 18 37 
5 12 18 40 
1 5 
1 19 
6 19 20 
6 44 
6 7 13 21 22 43 45 46 
6 7 13 21 22 23 44 46 
6 7 13 21 22 23 44 45 
2 7 13 22 24 25 
2 14 25 26 
2 14 27 28 50 
2 14 28 49 
15 30 31 52 53 
8 15 31 51 53 
8 15 31 51 52 
3 8 9 
10 32 

