51 268
3 4 7 8 9 15 16 17 29 30 31 32 33 34 
5 6 10 11 19 38 
1 4 7 14 15 27 28 29 30 
1 3 7 8 15 28 29 30 31 32 33 
2 6 18 36 37 
2 5 10 11 19 38 
1 3 4 14 26 27 28 29 
4 9 16 17 34 
17 34 35 
2 5 6 18 
2 6 12 19 20 21 22 38 11 40 41 42 
11 13 20 22 41 42 43 
12 20 21 22 43 44 
7 26 27 
1 3 4 29 30 31 32 33 
1 4 8 9 17 
1 8 16 34 
5 10 36 37 
2 6 11 38 39 40 
12 13 22 41 42 
11 12 13 20 41 42 
11 12 13 20 21 
43 44 45 46 47 48 49 
25 49 
24 50 51 
3 14 27 26 
3 7 14 26 
3 4 7 14 29 
1 3 4 7 15 28 30 31 32 
1 3 4 29 31 32 33 
1 4 15 29 30 32 33 
1 4 15 29 30 31 
4 15 30 31 
1 9 17 35 
5 9 34 36 
18 35 
5 18 36 
2 6 11 19 39 40 
11 19 38 40 
11 19 39 
12 20 21 
11 12 20 21 
12 13 23 44 
13 43 
23 46 47 48 
23 45 47 48 49 
23 24 45 46 48 49 
23 45 47 49 
23 24 45 46 47 48 
25 51 
25 50 

