69 567
27 29 32 42 50 2 3 4 
29 32 42 50 1 3 4 
29 32 42 1 2 4 5 
29 42 50 1 2 3 5 6 
42 50 3 6 
42 50 4 
10 11 44 45 8 18 
10 11 45 7 18 
10 11 19 20 21 22 23 25 26 27 29 33 34 35 36 37 38 39 40 41 60 61 62 63 64 65 66 67 68 69 
15 28 9 17 16 24 30 31 44 45 46 47 48 49 7 8 18 12 13 14 
9 10 17 16 24 30 31 44 45 46 47 48 49 7 8 18 12 13 
10 11 17 30 46 
10 11 17 24 30 47 48 49 
43 17 16 31 
28 43 15 31 14 
15 28 43 11 17 24 30 31 47 49 14 
15 28 10 11 24 30 31 46 47 48 49 12 13 14 
10 11 7 8 
9 20 21 22 25 26 33 34 35 36 60 61 62 63 64 
9 19 21 25 26 33 51 52 53 54 55 56 57 58 59 
9 19 20 22 25 26 33 34 53 54 55 56 57 58 59 60 
9 19 21 25 26 33 34 60 61 62 63 64 
9 27 29 32 37 38 39 40 41 69 
10 11 17 16 30 31 47 48 49 14 
9 19 20 21 22 26 33 34 54 55 57 58 59 60 
9 19 20 21 22 25 33 34 54 55 56 57 58 59 60 
9 23 29 32 39 40 41 69 1 
15 43 14 
9 23 27 41 50 1 2 3 4 5 
10 17 16 24 46 47 48 49 12 13 
15 28 10 11 16 24 14 
23 27 29 41 42 50 1 2 3 4 5 
9 19 21 25 26 54 55 56 57 58 
9 19 21 22 25 26 35 60 61 62 
19 22 61 
65 66 
9 23 36 38 39 40 66 67 68 
9 23 37 40 66 67 68 
9 23 27 37 38 40 66 67 68 
9 23 27 37 39 66 67 68 
9 23 27 29 32 69 
29 32 50 2 3 4 5 6 
15 28 14 
10 11 7 
10 11 8 18 
10 11 17 30 45 12 
10 11 17 16 24 30 48 49 13 
10 11 16 24 30 47 49 13 
10 11 17 16 24 30 47 48 13 
29 32 42 1 2 3 5 6 
52 53 
51 53 
20 21 51 
20 21 25 26 33 53 55 56 57 58 59 
20 21 25 26 33 54 56 57 58 59 
20 21 25 26 33 54 55 57 58 59 
20 21 25 26 33 54 55 56 58 59 
20 21 25 26 33 54 55 56 57 
20 21 26 33 54 55 56 57 
9 19 21 22 25 26 34 61 
9 19 22 34 35 62 
9 19 22 34 35 61 
9 19 22 35 64 
9 19 22 35 63 
9 36 66 
9 37 38 39 40 65 67 68 
9 37 38 39 40 66 
9 37 38 40 66 
9 23 27 41 

