45 311
2 4 5 6 7 8 9 16 18 19 20 21 22 23 24 31 32 33 34 
1 4 8 9 19 20 21 23 24 32 33 34 35 
12 13 14 15 29 42 43 44 45 
1 2 8 9 10 11 22 24 25 34 35 36 
6 7 16 17 30 5 
1 5 7 16 18 19 20 21 30 31 
1 5 6 16 17 18 19 20 21 30 
1 2 4 9 22 23 24 34 35 
1 2 4 8 10 22 23 34 35 36 
4 9 11 25 26 27 37 
4 25 26 27 28 37 38 
3 13 14 28 38 39 40 41 
3 12 14 43 
3 12 13 43 44 
29 45 
1 5 6 7 17 18 19 20 30 31 
5 6 7 16 18 19 20 30 31 
1 6 7 16 17 19 20 30 31 
1 2 6 7 16 17 18 20 21 31 32 
1 2 6 16 17 18 19 21 31 32 33 
1 2 6 7 19 20 31 32 33 
1 2 4 8 9 23 34 
1 8 22 34 
1 2 4 8 9 34 35 36 
4 26 37 
10 25 27 28 37 
10 26 28 38 
11 12 26 27 38 39 40 
3 15 
5 6 7 16 17 18 31 
1 6 7 16 17 18 19 21 30 
1 2 19 20 21 33 
2 20 32 
2 4 8 9 22 23 24 35 36 
2 4 8 9 24 34 36 
9 24 34 35 
4 11 25 26 27 
11 12 26 27 28 
12 28 38 41 
12 28 38 39 41 
39 40 
3 13 44 
3 13 14 42 44 
3 14 42 43 
3 15 29 

