55 387
2 11 12 19 20 34 35 36 37 38 39 
1 3 5 12 13 19 21 22 40 41 42 43 44 
2 4 6 7 8 13 14 15 23 24 25 26 27 28 45 46 47 48 49 50 
3 6 7 8 14 15 23 24 25 26 27 28 29 45 46 47 48 49 50 
1 2 13 21 22 38 39 40 41 42 43 
3 4 7 13 14 15 23 24 25 26 45 46 47 
3 4 6 14 15 23 24 25 27 28 45 46 47 48 49 50 
3 4 28 29 51 52 
16 17 55 
18 31 
1 18 31 32 33 34 35 36 
5 19 38 39 
3 5 6 14 21 22 44 
3 4 6 7 13 23 24 25 44 45 
3 4 6 7 8 26 27 28 29 46 48 49 50 51 
9 30 53 
9 16 30 54 55 
10 11 31 32 33 
1 12 20 36 37 38 
1 19 36 37 38 
2 5 22 40 41 42 43 
2 13 21 40 42 44 
3 4 6 7 14 24 45 
3 4 6 14 23 25 45 
3 4 6 7 14 23 24 45 
3 4 6 7 15 27 28 46 47 48 49 50 
3 4 7 15 26 28 47 48 49 50 
3 4 7 8 15 27 29 48 49 50 51 
4 8 15 28 51 
16 17 53 
10 11 18 32 33 
11 18 31 33 
11 31 34 
1 11 33 35 
1 11 34 
1 11 19 20 
19 36 
1 5 19 39 
5 12 38 
2 5 21 22 42 43 
5 22 40 42 43 
2 5 21 22 40 41 43 
2 22 40 41 42 
2 13 14 22 
3 4 6 7 23 24 25 
3 4 6 7 15 25 26 27 47 48 
3 4 6 7 15 26 27 46 48 
3 4 7 15 26 27 28 46 47 49 50 
3 4 7 15 26 27 28 48 50 
3 4 7 15 26 27 28 48 49 
8 28 29 
8 52 53 
16 30 52 
9 16 17 55 
9 17 54 

