59 466
2 3 4 5 6 7 8 9 10 11 12 13 14 15 16 17 18 23 24 25 26 27 28 29 30 41 42 43 44 45 46 47 48 49 50 51 53 54 
1 3 4 5 6 7 8 9 10 13 14 15 16 17 18 24 25 26 27 28 29 30 31 50 51 52 53 54 55 
1 2 4 8 17 18 29 30 31 32 55 
1 2 3 9 17 18 19 30 31 32 33 34 56 57 
1 2 6 7 12 13 14 15 16 23 48 49 
1 2 5 7 8 10 13 14 15 16 24 25 50 51 
1 2 5 6 8 10 16 24 25 26 50 51 52 
1 2 3 6 7 25 26 27 28 52 53 54 
1 2 4 18 19 20 33 34 35 36 58 59 9 
1 2 5 6 7 13 14 15 16 24 50 
1 21 22 37 38 39 40 
1 5 23 41 42 43 44 45 46 47 
1 2 5 6 10 14 15 16 48 49 
1 2 5 10 13 16 
1 2 5 6 10 13 16 
1 2 5 6 7 13 14 15 24 50 
1 2 3 4 29 30 31 
1 2 3 4 9 32 33 34 56 57 
4 9 34 35 36 58 59 
9 19 35 36 58 59 
11 22 37 38 39 40 
11 21 37 38 39 40 
1 5 12 41 42 43 44 45 46 47 
1 6 7 10 16 50 
1 2 6 7 8 26 51 52 
1 2 7 8 25 27 28 52 
1 2 8 26 28 53 54 
1 2 8 26 53 54 
1 2 3 
2 3 4 31 55 
2 3 4 17 30 32 55 
3 4 18 30 31 55 56 
9 18 34 56 57 
4 9 18 19 33 57 
9 19 20 36 58 59 
9 19 20 35 59 
11 21 22 38 39 
11 21 22 37 39 40 
11 21 37 38 40 
21 22 39 
1 12 23 42 43 
1 12 23 41 43 44 
1 12 23 41 42 44 
1 42 43 45 
1 12 23 44 46 47 
1 12 23 45 47 
1 12 23 45 46 
1 5 49 
1 5 13 48 
1 2 6 7 10 16 24 
1 2 6 7 8 25 
1 2 7 8 25 26 51 
1 2 8 26 27 54 
1 2 8 27 28 53 
2 3 4 17 30 31 32 
4 32 57 
4 18 33 56 
9 19 20 35 
9 19 20 35 36 

