123 786
3 11 12 13 14 30 31 32 62 63 64 65 66 67 68 69 70 71 117 119 120 121 122 1 123 
4 5 8 18 19 35 36 37 38 39 40 41 78 79 80 81 82 83 
1 12 13 14 31 32 64 65 66 67 68 69 70 120 121 122 
2 7 8 15 16 17 18 35 36 37 73 74 75 76 
2 19 39 40 41 42 80 81 82 83 
10 11 22 23 24 25 26 27 55 56 108 109 
4 8 15 16 17 33 34 72 73 74 75 76 77 
4 7 15 16 17 73 74 75 76 77 
10 21 49 50 51 52 96 97 98 99 100 101 
6 9 22 23 24 25 53 101 102 103 104 105 106 107 
1 6 27 28 29 58 59 110 111 112 113 114 
1 3 13 31 64 65 66 119 
1 3 12 14 31 32 66 67 68 120 121 122 
1 3 13 67 68 69 70 121 122 
4 7 8 16 33 34 72 73 
4 7 8 73 74 75 76 77 
4 7 8 73 74 75 76 77 
2 4 35 36 37 
2 5 39 78 79 
44 45 46 47 92 93 
9 49 50 51 52 96 97 98 99 100 
6 10 23 24 25 53 102 103 104 105 106 107 
6 22 24 25 53 104 107 
6 10 22 23 25 53 103 104 105 106 107 
6 10 22 24 54 103 104 105 106 107 
6 27 54 55 57 108 109 
11 26 28 55 56 110 
11 27 29 59 110 111 112 113 
11 28 58 59 114 
1 60 61 62 63 115 116 
1 3 12 13 65 66 67 120 121 
1 3 14 67 68 69 70 
15 34 72 
7 15 33 72 
18 36 37 38 
2 4 18 35 38 
2 4 18 35 38 
2 18 35 36 37 78 
2 5 19 80 
2 5 41 81 82 83 
5 83 84 
41 84 85 86 
20 44 45 89 90 91 92 
20 45 90 91 92 
20 43 44 46 92 93 
20 43 44 45 92 93 
20 48 94 
49 50 94 95 96 
9 21 48 50 51 94 95 96 97 
21 48 95 96 
21 49 50 96 97 98 99 
9 21 98 99 100 101 
10 22 23 24 102 103 
6 25 26 55 108 109 
6 26 54 56 57 108 109 
6 27 55 57 109 
6 26 27 55 56 
11 28 114 
11 28 29 58 114 115 
30 61 114 115 116 
60 62 116 
1 30 61 63 117 118 
1 30 62 117 118 
1 3 12 65 119 
1 3 12 31 64 119 
3 12 13 31 120 121 
1 3 13 14 31 32 68 121 122 
1 3 13 14 32 67 69 70 122 
1 3 14 32 68 71 
1 3 14 71 
1 69 70 123 
7 15 33 34 
4 8 15 16 74 75 76 
4 7 8 16 17 73 75 76 
7 8 16 17 73 74 76 77 
4 7 8 16 17 73 74 75 77 
7 8 16 17 74 
2 19 38 78 79 
2 19 39 78 
2 5 19 81 
40 80 82 
2 5 40 
2 40 41 82 
41 42 85 
42 84 86 
84 87 
86 88 89 
87 89 
43 87 88 90 91 
44 89 91 
43 44 89 
20 43 44 45 46 93 
20 43 44 46 92 
47 48 49 
48 49 50 94 96 
21 48 49 50 51 95 97 
9 21 49 50 
9 21 51 52 99 100 
9 21 51 52 98 100 
21 52 98 99 
9 10 52 102 
22 53 101 
10 22 23 24 25 53 104 106 
10 22 23 24 25 103 105 107 
10 22 23 24 25 103 104 106 107 
10 22 23 24 25 104 105 107 
10 22 23 24 25 103 104 105 106 
26 54 55 109 
6 26 54 55 56 108 
11 27 28 57 111 112 
11 28 110 112 113 
11 28 110 111 
11 28 112 
11 29 58 59 60 115 
59 60 114 
30 60 61 
1 62 63 118 
63 117 
1 3 12 65 
1 12 13 31 66 
1 3 13 14 31 66 67 
1 3 13 14 32 67 68 
1 71 

