45 271
10 16 24 44 45 2 
16 24 44 1 
8 10 25 26 4 
8 26 3 
8 11 26 27 
8 11 27 28 
28 29 30 31 
9 10 11 16 17 24 25 26 27 28 29 30 3 4 5 6 
8 10 14 15 16 20 21 22 23 40 41 42 43 
8 9 16 24 26 44 1 2 3 
8 26 27 28 29 30 31 5 6 7 
13 18 32 33 34 35 
12 18 32 33 34 35 
9 15 20 21 22 40 41 42 
9 14 21 22 23 40 41 42 43 
8 9 10 24 43 44 1 2 
8 31 17 
12 13 19 32 33 34 35 
18 36 37 38 
9 14 36 38 39 
9 15 22 40 41 42 
9 14 15 21 23 40 41 42 43 
9 15 21 22 41 42 43 
8 16 25 1 2 
8 10 24 3 
8 11 3 4 5 
8 11 28 5 
8 11 27 29 30 31 6 7 
8 11 28 31 7 
8 28 29 31 7 
11 17 28 29 30 31 7 
12 13 18 33 34 35 
12 13 18 32 34 35 
12 13 18 32 33 35 
12 32 34 
19 38 39 
19 36 39 
20 36 37 39 
20 36 37 38 
9 14 15 21 22 41 42 
9 14 15 22 23 40 42 
9 14 15 21 23 40 41 
9 15 16 22 23 44 
10 16 43 45 1 2 
16 44 1 2 

