35 217
25 32 33 34 35 2 
20 25 3 
20 25 17 2 
18 20 26 
17 26 4 
17 21 27 28 
17 19 21 22 28 6 8 
19 23 28 7 9 
19 23 10 
19 22 23 8 9 11 
19 23 24 10 12 
19 24 11 
19 29 30 31 
24 29 30 15 16 
29 30 31 14 16 
14 15 16 
18 19 20 21 22 23 17 26 27 28 4 5 6 7 
17 20 25 26 32 33 34 35 1 2 3 4 
17 21 22 23 24 28 29 30 31 7 8 9 10 11 12 13 
17 18 26 2 3 4 
17 19 22 23 27 28 6 7 
17 19 21 23 28 6 7 8 9 10 
17 21 22 28 7 8 9 10 11 
19 29 30 31 11 12 13 14 
18 20 32 33 34 35 1 2 3 
17 18 20 5 
17 6 
17 19 21 22 23 6 7 8 
19 24 30 31 13 14 15 
19 24 29 31 13 14 15 
24 29 30 13 14 15 
18 33 34 35 1 
18 32 34 35 1 
18 25 32 33 35 1 
18 25 32 33 34 1 

