33 307
2 3 4 5 6 9 10 11 12 17 18 19 20 21 22 23 24 25 26 27 28 
1 3 4 5 6 8 9 10 11 15 16 17 18 19 20 21 22 23 24 25 26 
1 2 12 26 27 28 29 30 
1 2 5 6 7 8 9 10 11 14 15 16 17 18 19 
1 2 4 6 8 9 10 11 16 17 18 19 20 21 22 
1 2 4 5 8 9 10 11 15 16 17 18 19 20 21 22 23 24 
4 8 14 15 
2 4 5 6 7 9 10 11 15 16 17 
1 2 4 5 6 8 10 11 15 16 17 18 19 20 21 
1 2 4 5 6 8 9 15 16 17 18 19 20 21 22 
1 2 4 5 6 8 9 10 15 16 17 19 20 21 22 
3 28 29 
30 31 32 33 
4 7 
2 5 6 7 8 9 10 11 16 17 
2 4 5 6 8 9 10 11 15 17 18 
1 2 4 5 6 8 9 10 11 15 16 18 19 20 21 
1 2 4 5 6 9 10 11 16 17 19 20 21 
1 2 4 5 6 9 10 11 17 18 20 21 22 
1 2 5 6 9 10 11 17 19 21 22 
1 2 5 6 9 11 17 18 19 20 22 23 
1 2 5 6 10 11 19 20 21 23 
1 2 6 21 22 24 25 
1 2 6 22 23 25 
2 23 24 
1 2 3 25 27 
1 3 26 
1 3 12 27 29 
3 12 28 
3 13 31 32 
13 30 32 
13 30 31 33 
13 32 

