34 188
2 3 4 8 9 10 11 12 17 18 19 28 29 
1 3 6 7 8 9 17 27 
1 2 8 9 11 17 18 19 28 29 
1 12 30 
6 7 14 15 16 24 25 26 
2 5 7 16 17 26 27 
2 5 6 16 17 26 27 
1 2 3 9 17 18 28 
1 2 3 8 10 11 18 19 28 29 
3 9 11 18 19 28 29 
3 9 10 18 19 28 29 
1 4 13 
4 12 30 31 32 
5 15 22 23 24 25 
5 14 23 24 25 
5 6 7 26 
1 2 3 7 8 27 
1 3 8 10 11 19 28 29 
1 3 9 10 11 18 28 
21 33 34 
20 34 
23 24 
14 15 22 24 25 
5 14 15 23 
5 14 15 23 
5 6 7 
6 7 
1 3 8 9 10 11 18 19 29 
1 3 9 10 11 18 19 28 
4 12 13 
13 32 33 
13 31 33 
20 31 32 33 
20 21 

