118 959
2 3 4 5 6 7 8 9 10 11 17 18 19 28 29 30 31 32 33 34 35 49 50 51 53 56 57 58 66 67 82 
1 3 4 6 7 8 9 11 17 18 19 20 34 36 37 38 
1 2 4 7 17 32 33 34 
1 2 3 7 9 17 18 31 32 33 34 
1 12 13 14 15 16 24 25 26 27 46 47 5 
1 2 10 11 20 21 22 23 38 39 40 42 
1 2 3 4 8 17 18 32 33 34 
1 2 4 7 9 10 17 18 19 36 
1 2 4 8 10 17 18 19 35 36 37 
1 2 6 8 9 11 19 20 35 36 37 38 
10 20 21 38 39 40 
5 13 14 15 24 44 45 46 
5 15 24 45 46 
5 12 13 15 24 45 46 
5 12 13 14 24 45 46 
5 27 
1 2 3 4 7 8 18 19 35 
1 2 4 7 9 17 
1 2 8 9 10 17 35 36 37 
2 6 10 11 21 23 38 39 40 41 
6 22 23 39 40 41 
6 11 20 21 23 39 40 42 
6 20 21 41 43 
5 12 13 14 15 45 46 
5 16 27 47 
5 16 25 27 47 48 
5 16 26 47 48 
1 29 30 
1 30 
1 28 29 
1 3 4 
1 4 7 33 
1 3 4 7 32 34 
1 2 3 7 17 33 
1 2 8 9 10 17 19 36 37 
2 8 9 10 19 35 37 
8 9 10 19 35 36 
2 10 11 20 
6 11 20 21 22 
6 11 20 21 22 39 
6 20 21 22 23 42 
6 22 23 41 43 44 
42 44 
42 43 
5 12 13 14 15 24 46 
12 13 14 15 24 45 
5 25 26 27 48 
16 25 26 27 47 
1 2 3 50 51 52 53 54 55 56 57 58 62 63 64 65 66 67 74 75 76 77 78 79 80 81 82 103 104 105 106 107 108 109 110 111 112 113 114 115 
49 51 52 54 55 56 62 63 64 65 72 73 74 75 76 77 78 79 88 90 91 92 93 94 95 96 97 98 99 100 101 102 103 104 105 106 107 108 
2 3 4 7 28 29 30 49 50 53 56 57 58 67 82 113 114 115 116 117 118 
49 50 54 59 60 61 62 63 71 72 85 87 88 89 90 91 92 93 94 95 
49 51 56 57 58 66 67 82 115 116 117 
49 50 52 55 62 63 74 75 95 96 97 98 99 100 101 102 103 104 
49 50 54 64 65 76 77 78 79 104 105 106 107 108 
49 50 51 53 57 58 65 111 112 
49 51 56 58 66 111 112 113 115 116 
49 51 53 56 57 111 112 113 114 115 116 
52 60 61 68 69 70 71 83 84 
52 59 61 68 69 70 83 84 85 86 
52 60 70 71 85 86 87 
49 50 52 54 72 73 88 90 91 92 93 94 
49 50 52 54 74 75 98 99 100 101 102 103 
49 50 55 65 76 78 79 
49 50 55 56 64 79 80 81 109 110 
49 51 53 57 58 67 82 113 114 115 116 117 118 
49 51 53 66 82 117 118 
59 60 69 70 83 84 
59 60 83 
59 60 68 69 71 83 84 
52 59 60 61 70 85 86 87 
50 52 62 73 88 89 90 91 92 93 
50 52 62 72 93 94 
49 50 54 63 75 98 99 100 101 102 103 
49 50 54 63 74 99 100 101 102 103 104 
49 50 55 77 78 104 105 106 107 108 
49 50 55 64 76 78 
49 50 55 64 76 79 
49 50 55 64 65 78 80 
49 65 79 81 109 110 
49 65 80 109 110 
49 51 53 66 67 117 118 
59 60 68 69 70 84 
59 60 61 68 70 83 
52 60 71 86 87 
60 61 71 
52 61 71 85 
50 52 62 72 89 90 92 
52 72 90 91 92 
50 52 62 72 88 89 91 92 93 
50 52 62 89 90 92 93 
50 52 62 72 88 89 90 91 93 
50 72 73 90 91 92 94 
50 52 62 73 93 
50 52 96 97 
50 54 95 97 
50 54 95 96 
63 74 100 101 
50 54 63 74 75 98 100 
50 63 74 75 98 99 101 102 
50 54 63 74 75 99 100 102 
50 54 63 75 99 100 101 
49 50 54 63 74 75 102 104 
49 50 54 55 75 103 105 106 107 108 
49 50 55 76 104 106 107 108 
49 50 55 76 104 105 107 108 
49 50 55 76 104 105 106 108 
49 50 55 104 105 107 
49 65 80 110 
49 65 81 109 
49 56 57 58 112 
49 57 58 111 113 
51 58 66 112 114 116 
49 51 57 58 66 113 115 116 
49 51 53 57 66 113 114 116 
51 53 58 66 113 114 115 
51 53 66 67 82 118 
51 66 82 117 

