38 212
2 3 5 7 8 10 13 14 15 16 24 25 26 27 28 29 30 31 32 
1 3 4 6 7 8 12 13 20 21 22 23 24 
1 2 4 5 7 8 9 13 14 23 24 25 26 28 
1 2 3 6 11 12 18 19 21 22 
1 3 9 10 33 34 
2 12 19 20 21 
1 2 3 8 13 23 24 
1 2 3 7 13 23 24 25 26 
3 5 10 14 15 29 30 31 32 
1 5 9 15 16 32 
4 17 18 19 
2 4 6 20 21 
1 2 3 7 8 23 24 
1 3 9 29 30 31 32 
1 9 
1 5 10 33 
4 11 18 19 
4 17 19 
4 6 11 17 18 
2 4 21 
2 4 6 
2 4 12 
2 3 8 
1 2 3 7 8 13 
1 3 8 13 26 27 
1 8 25 27 28 
1 3 26 28 
1 3 26 27 
1 9 30 31 
1 9 14 31 
1 9 14 29 30 32 
1 9 10 14 15 31 
5 16 
5 35 36 
34 37 38 
34 35 37 38 
35 36 
35 36 

