25 219
13 19 20 25 2 3 5 
13 19 20 25 1 3 5 
13 19 21 25 1 2 5 6 7 
9 10 12 13 14 15 16 17 18 19 22 23 24 25 
13 19 20 21 1 2 3 7 8 11 
19 20 21 5 7 8 11 
19 20 21 3 6 8 11 
19 20 21 6 7 11 
4 12 14 16 17 22 
4 9 12 13 14 16 17 18 22 23 
20 21 5 7 8 
4 9 10 13 14 15 16 17 18 19 23 24 25 
10 12 17 19 20 21 1 2 3 5 
4 9 10 12 15 16 17 18 22 23 
4 9 10 12 14 16 17 18 22 23 
4 9 10 12 14 15 17 18 22 23 
4 9 10 12 13 14 15 16 18 23 24 
9 10 12 14 15 17 22 23 
4 12 13 20 21 25 1 2 3 5 6 7 
13 19 21 25 1 2 3 5 6 7 8 11 
13 19 20 3 5 6 7 8 11 
4 9 10 14 15 16 18 
4 10 12 14 15 16 17 18 
12 13 17 
4 12 13 19 20 1 2 3 

