135 955
66 81 97 
3 4 5 6 7 10 11 12 17 18 27 28 29 48 49 50 51 52 53 54 55 61 66 
2 4 5 7 11 12 17 18 27 28 29 30 31 49 50 51 52 53 54 55 56 
2 3 5 6 10 14 15 16 23 24 25 26 40 41 42 43 44 45 
2 3 4 11 17 27 45 46 47 48 
2 4 8 9 10 13 14 20 21 22 35 36 37 38 39 
2 3 12 18 19 29 30 31 32 33 34 56 58 
6 9 35 36 81 97 135 1 
6 8 13 20 22 36 37 39 
2 4 6 14 15 16 23 24 25 26 40 41 42 
2 3 5 28 49 50 51 52 53 
2 3 7 18 30 31 32 33 34 56 57 58 59 
6 8 9 20 21 35 36 37 38 
4 6 15 22 23 39 40 41 
4 10 14 16 23 24 26 40 41 42 
4 10 15 23 24 25 26 40 42 
2 3 5 27 48 
2 3 7 12 29 30 
7 33 59 60 
6 9 13 21 22 36 37 38 
6 13 20 36 37 39 
9 14 20 21 39 
4 10 14 16 41 42 
4 10 15 16 25 26 42 
4 10 15 16 24 26 42 
4 10 15 16 24 25 42 
2 5 17 
2 3 11 53 54 
2 3 7 18 55 
3 7 12 18 31 56 
3 7 12 56 
12 33 34 57 58 59 60 
12 19 32 34 57 58 59 60 
12 32 33 57 58 59 60 
6 8 9 13 36 
6 8 9 13 20 21 35 37 38 
9 13 20 36 
6 9 13 20 21 36 37 
6 9 14 20 21 22 
4 10 14 15 16 23 41 42 
4 10 15 40 42 
10 15 16 23 24 25 26 40 41 
4 44 45 46 47 
4 43 45 46 47 
4 43 44 46 47 
5 43 44 47 
5 43 46 
2 5 17 
2 3 11 50 51 
2 3 11 49 51 
2 11 50 52 53 
2 3 11 28 51 53 
2 3 11 28 51 52 
3 28 
2 3 29 
3 18 30 31 
7 12 32 33 34 
7 32 33 34 57 
19 32 33 34 60 
19 32 33 34 59 
62 64 65 66 68 69 70 79 80 91 92 93 118 119 120 121 122 123 124 125 126 127 61 
61 65 66 69 70 79 80 92 93 118 119 120 121 122 123 124 125 126 127 
64 67 71 72 82 100 101 102 103 104 
61 63 65 67 68 72 73 74 75 76 77 78 84 85 86 87 110 111 112 113 
61 62 64 69 78 79 88 89 90 91 92 115 116 117 118 
6 8 9 13 61 62 70 81 94 95 96 97 128 129 130 131 132 133 134 135 
63 64 68 72 73 74 82 83 84 106 107 110 111 
61 64 65 67 74 75 76 77 78 85 86 87 88 89 113 114 
61 62 65 79 80 92 121 122 123 124 125 
62 66 94 95 128 130 131 
63 98 99 71 
63 64 67 73 82 83 103 104 105 106 107 108 
64 67 72 82 83 84 106 107 108 109 
68 75 85 86 110 111 112 
64 68 74 76 77 78 86 113 
64 68 75 77 78 86 87 113 114 
64 68 75 76 78 86 87 113 114 
64 65 68 75 76 77 86 87 88 89 114 
61 62 65 69 80 92 118 119 120 121 122 123 
61 62 69 79 92 119 120 121 122 123 
66 134 135 1 
63 67 72 73 83 105 107 108 
67 72 73 82 106 107 108 
64 67 73 107 108 109 
64 74 86 111 
64 68 74 75 76 77 78 85 87 113 
64 68 75 76 77 78 86 113 114 
65 68 78 114 115 116 
65 68 78 88 114 115 116 
115 116 117 
61 65 90 
61 62 65 69 79 80 118 119 120 121 
61 62 126 127 
70 128 129 130 
66 96 130 131 132 133 
66 95 131 132 133 134 
66 81 134 135 1 
71 99 
71 98 
63 71 101 102 
63 100 102 
63 100 101 
63 104 
63 72 103 105 
72 82 104 
67 72 73 82 83 105 
67 72 73 82 83 84 108 109 
67 72 73 82 83 84 107 109 
67 73 84 108 
67 74 111 112 
64 67 74 85 110 112 
64 85 110 
64 68 76 77 78 87 114 
68 76 77 78 87 88 89 113 
65 88 89 90 116 
88 89 90 115 
65 90 91 
61 62 65 79 92 119 120 
61 79 80 92 118 120 
61 62 79 80 92 
61 62 69 79 80 92 122 123 
61 62 69 79 80 121 123 
61 62 69 79 80 121 122 
61 62 69 125 
61 62 69 
61 127 
61 62 93 
66 70 94 129 130 
66 70 94 128 130 
66 70 94 95 128 129 
66 95 132 133 
66 96 131 133 
66 95 96 131 132 134 
66 81 97 133 
66 81 

