81 484
2 11 12 13 18 19 36 37 38 39 40 66 67 68 69 70 71 
1 12 13 14 19 20 21 22 38 39 40 41 70 72 73 
25 3 
5 16 27 28 29 50 51 52 53 54 
4 6 28 29 30 31 54 55 56 57 58 59 60 
5 29 30 31 57 58 59 60 61 
8 31 62 63 
7 9 32 63 
8 10 17 32 64 
9 17 33 64 
1 17 18 35 36 65 66 
1 2 13 18 19 37 38 40 70 71 72 
1 2 12 19 20 21 38 39 40 70 71 72 
2 15 20 21 22 23 24 41 42 73 75 76 77 78 
14 24 42 43 44 45 76 78 79 80 
4 25 47 48 49 50 
9 10 11 33 34 35 64 65 
1 11 12 67 68 69 
1 2 12 13 20 21 22 40 
2 13 14 19 21 22 41 73 
13 14 19 22 41 73 
2 14 19 20 41 73 74 
15 24 42 43 44 76 77 78 79 
14 15 23 42 43 44 45 78 79 80 
3 16 26 47 48 
16 25 47 
16 50 51 
4 5 53 55 
4 6 28 30 54 55 56 57 58 
6 29 54 55 56 58 
5 7 31 59 60 61 
8 9 10 
9 10 17 64 
11 35 36 65 
34 36 
1 11 34 35 66 
1 12 67 68 69 
1 2 12 13 39 40 70 71 
1 2 13 38 40 70 71 72 
1 2 12 13 19 38 39 71 72 
2 14 20 21 73 74 
14 15 23 24 74 75 76 78 79 
15 23 24 44 45 78 79 
15 23 24 43 
15 24 43 44 46 80 
45 46 80 81 
16 25 26 48 49 
16 26 47 49 
27 47 48 50 
4 16 49 51 
27 50 52 
4 51 
4 28 52 
4 5 28 30 55 56 58 
5 28 29 54 56 57 58 
5 29 30 54 58 
5 29 30 54 55 56 58 
6 29 30 54 55 56 57 
6 60 
5 6 31 59 61 
6 31 60 
8 63 
7 8 62 
17 33 
11 17 33 34 
1 11 
18 37 68 
1 18 37 67 69 
1 18 68 
1 2 12 13 38 39 40 71 72 
1 2 12 13 39 40 70 72 
12 13 39 40 70 71 
2 20 21 41 
14 22 41 42 
14 42 76 
14 15 23 42 75 78 79 
14 15 23 42 76 78 79 
14 15 23 24 42 43 77 79 
15 23 24 42 43 76 78 
15 46 
46 81 

