81 435
2 3 7 8 9 10 20 21 41 43 
1 6 14 15 16 18 19 35 36 37 38 39 60 81 
9 11 22 43 44 45 46 
12 27 28 4 29 52 
12 30 31 32 33 53 54 55 56 
2 14 15 16 17 18 35 36 37 38 39 
1 19 20 21 40 41 42 
7 9 21 42 
1 3 8 21 43 44 
1 3 43 44 45 
3 22 23 24 25 46 47 48 49 
4 5 12 29 30 52 53 
31 32 33 34 57 58 59 
6 15 16 35 
2 6 16 35 36 
2 6 14 15 36 37 
2 6 18 19 36 38 39 40 
2 6 17 19 38 39 40 
7 17 18 38 39 40 41 
1 7 41 42 
1 8 9 
10 11 46 
11 24 25 47 48 49 50 
11 23 25 47 49 50 51 
11 23 24 26 49 50 51 
24 25 27 49 50 51 
26 28 
4 27 
4 30 52 53 
5 12 29 53 
5 13 33 54 55 57 58 
5 13 31 33 55 56 57 58 
13 32 54 55 56 57 58 
13 58 59 
2 6 14 15 16 36 37 
2 6 16 17 35 37 38 
2 6 16 35 36 
2 6 17 18 36 37 39 
6 17 18 19 38 40 
7 18 19 39 
1 7 19 20 42 
1 7 8 20 
1 3 9 10 44 45 
10 45 
10 43 44 
3 11 22 
11 23 24 49 
11 23 47 49 
11 23 24 25 26 47 48 50 51 
23 24 25 26 49 51 
24 25 26 49 50 
12 29 30 
5 29 30 52 
5 55 56 
5 31 32 33 54 56 57 
5 31 32 33 54 55 57 58 
13 31 32 33 55 56 58 
13 31 32 33 34 56 57 59 
13 34 58 59 
6 14 15 16 35 80 60 
65 66 67 68 
69 70 71 72 
64 72 73 75 76 77 
63 73 74 75 77 78 
61 66 67 
61 65 67 68 
61 65 66 68 
61 66 67 69 70 
68 70 71 
62 68 69 71 
62 69 70 72 
62 63 71 73 74 
63 64 72 74 75 
64 72 73 75 
63 64 73 74 76 
63 64 77 78 
63 64 76 
77 79 
60 76 77 78 
60 79 81 
60 80 

