68 450
28 31 32 36 38 53 2 
28 31 32 36 53 54 1 
28 32 36 39 4 
28 32 36 39 54 5 
28 32 39 40 4 6 7 
28 40 41 5 7 
28 40 41 5 
28 40 41 42 
28 40 41 42 43 55 8 10 11 
28 42 43 55 9 11 12 
28 42 43 55 9 10 12 
28 42 43 55 10 11 
28 55 56 14 
56 13 
44 17 
44 15 
44 15 16 
33 44 20 21 
33 18 20 21 
33 18 19 21 22 
33 18 19 20 22 
33 37 45 20 23 
33 37 45 22 
33 37 45 57 25 
33 37 45 46 57 24 
33 37 45 47 57 58 
60 47 58 59 62 30 
31 32 33 34 35 36 38 39 40 41 42 43 44 51 52 53 54 55 56 1 2 3 4 5 6 7 8 9 10 11 12 13 
60 61 47 58 59 62 27 30 
60 47 58 59 62 27 29 
28 32 36 38 39 51 52 54 1 2 3 
28 31 36 38 39 40 53 54 1 2 3 4 5 
28 37 44 45 46 47 57 58 18 19 20 21 22 23 24 25 26 
28 48 49 63 34 
28 50 64 65 67 68 
28 31 32 38 39 53 54 1 2 3 4 
33 45 46 47 57 58 22 23 24 25 26 
28 31 32 36 51 52 1 
28 31 32 36 54 3 4 5 
28 32 41 42 43 5 6 8 9 
40 42 43 6 7 8 9 
28 40 43 55 8 9 10 11 12 
28 40 41 42 55 10 11 
28 33 15 16 17 18 19 
33 37 47 57 22 23 25 26 
33 37 45 47 57 58 59 62 24 25 26 
33 37 45 46 57 58 59 62 26 27 30 29 
34 49 63 
34 48 63 
35 65 66 68 
28 38 52 
28 31 38 51 
28 31 32 36 38 1 2 
31 32 36 39 2 3 4 
28 42 43 56 9 10 12 13 
28 55 13 14 
33 37 45 47 24 25 
37 46 47 59 62 26 27 30 29 
60 46 47 58 62 26 27 30 
61 27 30 29 
60 29 
60 46 47 58 59 27 30 29 
34 49 
35 50 65 66 67 
35 50 64 66 67 68 
35 65 67 
35 50 64 65 66 68 
35 50 65 66 67 

