85 528
2 3 4 7 14 15 16 27 29 30 31 32 33 34 35 36 56 57 58 59 60 61 62 63 64 65 
1 5 6 8 9 17 18 19 20 21 39 40 41 42 43 70 71 72 73 74 75 76 77 78 79 81 82 83 
1 4 7 15 16 29 30 31 56 57 58 60 61 
1 3 15 16 31 32 33 34 59 60 61 62 63 
2 6 8 18 19 20 21 40 41 42 73 74 75 76 77 78 79 80 81 82 
2 5 9 19 20 21 43 44 45 46 83 84 
1 3 14 27 28 29 54 55 56 
2 5 17 18 39 40 70 8 71 72 
2 6 44 45 46 85 
22 47 48 49 
22 23 50 11 
13 14 23 24 25 26 51 52 53 
7 12 14 26 27 28 54 
1 7 12 13 26 27 54 
1 3 4 16 29 30 57 58 
1 4 30 59 
2 8 39 
2 5 8 40 41 73 74 75 
2 6 20 21 80 81 82 83 
2 5 19 21 81 82 83 
2 5 6 19 82 83 
10 11 47 48 49 
11 24 25 50 
12 23 25 26 51 52 53 
12 23 24 26 51 52 
12 13 14 24 25 
1 7 13 14 28 54 55 
7 13 14 54 55 
1 3 7 15 30 56 57 
1 15 16 29 57 58 
1 3 32 33 34 60 62 63 
1 4 31 33 34 
1 4 31 32 34 
1 4 31 32 33 
1 36 37 
1 35 38 66 
35 38 66 68 
35 36 37 66 67 68 69 
2 8 17 71 
2 5 8 18 41 73 74 
2 5 18 40 42 73 74 75 76 77 78 
2 5 41 75 76 77 78 
2 6 9 44 45 
6 43 45 
43 44 46 84 
6 9 84 85 
22 48 
10 47 49 
10 22 48 
11 23 
12 23 24 25 52 
12 24 25 26 51 53 
12 24 25 26 52 
27 28 
27 28 
1 7 29 
1 15 29 30 
1 3 15 29 30 57 
1 3 4 16 
1 4 31 61 62 63 
1 3 4 63 
1 4 31 60 61 63 
1 4 60 62 
1 65 
1 64 65 
35 36 37 38 67 68 69 
37 38 66 68 69 
37 38 66 67 69 
66 67 68 
2 8 39 
2 8 39 72 
8 71 
2 5 18 40 74 
2 5 18 40 41 73 75 
5 18 41 42 74 76 
5 41 75 77 78 79 80 
2 5 41 42 76 78 79 80 
2 5 41 42 76 77 79 
2 5 42 76 77 80 81 
2 5 19 76 77 78 79 81 82 
2 5 19 20 80 82 
2 5 19 20 80 81 
2 6 19 20 21 
6 45 
9 46 

