54 379
26 42 
26 27 32 43 44 
27 32 4 5 6 
27 3 5 6 
27 3 4 6 
27 3 5 
24 27 28 33 8 
24 27 28 33 7 
24 28 29 30 45 46 
24 30 47 11 12 
47 48 10 12 13 
30 34 47 48 10 13 
30 34 35 47 48 49 11 12 14 
25 34 35 36 48 49 13 
25 34 35 36 50 
37 38 17 
37 16 
40 51 19 
39 40 51 52 53 54 18 20 21 22 23 
39 40 51 52 53 54 19 21 22 23 
39 40 51 52 54 19 20 22 23 
39 41 52 53 54 19 20 21 
39 40 41 52 53 54 20 21 22 
25 27 28 29 30 33 45 46 47 7 8 9 10 
24 30 34 35 36 37 47 48 49 50 13 14 15 
27 31 32 42 43 44 1 2 
24 26 28 29 32 33 44 2 3 4 5 6 
24 27 29 30 45 46 7 8 9 
24 27 28 30 33 45 46 9 
24 25 28 29 34 45 46 47 48 9 10 11 12 13 
42 1 
27 43 44 2 3 
24 27 28 29 45 7 
25 30 35 36 47 48 49 11 12 13 14 15 
34 36 48 49 50 13 15 
34 35 48 49 50 14 15 
25 38 50 16 17 
37 39 51 16 18 
38 40 41 51 52 53 54 18 19 20 21 22 23 
39 41 51 52 53 54 18 19 20 21 22 23 
39 54 22 23 
31 1 
26 32 42 44 
27 32 43 2 
24 28 29 30 33 46 9 
24 28 29 30 45 9 
24 25 34 48 10 11 12 13 
25 34 35 36 47 49 11 12 13 14 
25 34 35 36 48 13 14 
34 35 36 37 15 
38 40 52 53 54 18 19 20 21 
39 40 51 53 54 18 19 20 21 22 23 
39 40 41 51 52 54 19 20 21 23 
39 41 51 52 53 19 20 21 22 23 

