54 306
54 1 
25 38 
25 32 2 
25 38 39 
25 32 40 
40 7 
27 40 6 8 
23 27 7 9 10 11 
27 8 10 11 12 
23 27 8 9 11 12 
23 27 8 12 13 
23 27 9 10 11 14 
23 27 11 12 14 
23 27 41 12 13 15 
23 27 41 14 
41 17 
23 41 16 
23 33 42 19 
23 28 33 42 18 20 
23 28 43 19 
44 20 22 
23 43 44 21 
24 25 27 28 33 40 41 42 43 44 8 10 11 12 13 14 15 16 17 18 19 20 21 22 
23 25 26 29 30 31 34 35 36 37 45 46 47 48 49 50 51 53 54 
23 27 32 38 39 40 2 3 4 5 
24 31 36 37 51 52 53 
23 25 40 41 6 7 8 9 10 11 13 14 15 
23 33 43 44 19 20 21 22 
24 35 
24 26 34 35 36 45 46 47 48 49 50 51 
24 26 36 37 52 
25 38 3 4 5 
18 19 
24 29 30 35 45 47 
24 29 30 34 45 47 
24 26 30 31 48 50 51 52 
24 31 53 54 
25 32 2 3 4 
25 32 3 4 
23 25 27 40 5 6 7 
23 27 14 15 16 17 
23 28 33 18 19 
23 28 20 
23 28 22 
24 30 34 35 
24 30 34 35 47 48 
24 34 35 46 48 
24 30 36 46 47 49 50 
24 30 47 48 50 51 
24 30 36 48 49 51 52 
24 26 30 36 48 49 50 52 
24 26 31 36 50 51 
24 31 37 
24 1 

