36 234
23 30 36 2 13 
19 30 1 3 13 14 
19 31 2 4 5 
19 31 3 5 15 
19 31 3 4 15 16 
17 20 24 26 32 7 8 
17 20 24 25 26 32 6 8 
17 20 26 32 6 7 
18 33 10 
18 27 28 29 33 9 
18 21 28 29 
18 21 23 34 
19 30 1 2 14 
19 2 13 
19 31 4 5 16 
31 15 16 
18 20 24 25 26 32 33 7 8 17 
17 20 21 22 23 28 29 33 9 10 11 12 
23 30 31 1 2 3 4 5 13 14 15 
17 18 24 25 26 32 33 6 7 8 
18 23 27 28 29 34 11 
18 21 23 27 28 29 34 35 36 
18 19 21 22 30 34 35 36 1 
17 20 26 32 6 7 
17 20 24 26 32 6 7 
20 24 25 32 6 7 8 
18 21 22 28 29 33 9 10 11 
18 21 22 27 29 10 11 
21 22 27 10 11 
19 23 35 36 2 13 14 
19 3 4 15 16 
17 20 24 25 26 6 7 8 
17 18 20 27 9 10 
21 22 23 35 36 12 
22 23 30 34 36 1 
22 23 30 34 35 1 

