50 351
25 29 
25 40 
24 25 30 31 41 42 
24 32 5 6 
24 32 33 43 4 6 
24 32 33 43 4 7 
24 26 32 33 6 
24 26 33 34 44 9 10 
24 26 34 8 10 
24 34 44 8 9 11 
26 35 45 46 10 
26 27 35 13 14 
28 36 12 14 15 
27 28 12 13 15 
27 28 36 13 14 16 
27 28 36 15 17 
27 28 36 37 16 18 19 
27 28 36 37 17 19 21 
27 36 37 17 18 20 21 
27 36 37 18 19 21 
27 37 47 18 19 20 22 
37 47 48 21 
38 39 50 
26 27 28 30 31 32 33 34 35 41 42 43 44 45 3 4 5 6 7 8 9 10 
24 29 30 31 40 41 42 1 2 3 
27 28 32 33 34 35 36 44 45 46 7 8 9 10 11 12 
24 26 28 34 35 36 37 47 12 13 14 15 16 17 18 19 20 21 
24 26 27 34 35 36 37 46 12 13 14 15 17 18 
40 1 
24 25 31 41 42 2 3 
24 25 30 41 42 3 
24 26 33 43 4 5 6 7 
24 26 32 43 5 6 7 8 
24 26 27 28 35 44 45 8 9 10 11 
24 26 27 28 34 44 45 46 11 12 
26 27 28 37 14 15 16 17 18 19 20 
27 28 36 47 17 18 19 20 21 22 
47 48 49 50 23 
38 47 48 49 50 23 
25 29 2 
24 25 30 31 42 3 
24 25 30 31 41 3 
24 32 4 5 6 
24 26 34 35 45 46 8 9 10 11 
24 26 34 35 44 46 10 11 
26 28 34 44 45 11 
27 37 38 48 49 22 
38 39 47 49 50 22 
38 39 47 48 50 
38 39 48 49 23 

