594 4339
2 3 10 13 14 15 16 17 18 19 20 
1 3 9 10 20 21 22 23 
1 2 5 10 11 20 21 22 23 
13 54 75 76 133 
6 7 11 24 
5 7 11 
5 6 8 12 25 26 27 28 29 
7 12 25 26 27 28 29 
2 10 15 16 17 18 19 
1 2 3 9 20 21 22 
3 5 6 24 
7 8 25 26 28 29 
4 14 
1 13 15 16 17 
1 9 14 
1 9 14 15 17 18 
1 9 14 15 
1 9 16 17 19 
1 9 
1 2 3 10 21 22 
2 3 10 20 22 
2 3 21 23 
3 22 
5 6 11 
7 8 12 26 27 
7 8 12 25 28 29 
7 8 12 25 26 29 
7 8 12 26 27 29 
7 8 12 26 27 28 
1 2 3 4 5 6 7 8 9 10 11 12 13 14 15 16 17 18 19 20 21 22 23 24 25 26 28 31 32 33 34 35 36 37 38 39 40 41 42 43 45 46 47 48 49 50 51 52 53 54 56 57 58 59 60 61 62 63 64 65 66 67 68 69 70 71 72 73 74 75 76 98 99 100 101 102 103 104 105 106 107 108 109 110 111 112 113 114 115 116 117 118 119 120 121 122 123 124 125 126 127 128 129 130 131 132 133 134 135 136 137 138 139 140 141 153 273 499 
30 37 44 55 77 78 79 80 81 153 154 192 193 194 195 270 271 272 
30 33 34 38 45 46 47 48 57 58 59 91 92 94 95 96 97 98 
30 32 34 39 48 49 50 51 62 63 64 104 105 106 107 108 109 110 
30 32 33 39 48 49 60 61 98 100 101 102 103 104 
30 36 40 69 70 71 115 116 117 118 119 
30 35 72 119 120 121 
30 31 55 78 79 80 81 
30 32 45 46 47 57 58 91 92 93 94 95 96 97 
30 33 34 49 50 62 63 104 105 106 107 108 109 
30 35 41 65 66 67 68 69 113 114 115 116 
30 35 40 66 67 68 69 114 115 116 
30 53 74 128 129 
30 53 54 75 131 132 134 
31 77 44 195 
30 32 38 56 57 89 90 91 93 
30 32 38 47 57 58 94 95 96 97 
32 38 46 58 59 94 95 96 97 
30 32 33 34 49 60 61 98 99 100 101 102 103 
30 33 34 39 48 60 61 100 102 103 104 
30 33 39 63 105 106 107 108 109 
30 33 64 65 111 112 
30 72 73 122 52 
30 43 75 76 130 131 132 
13 30 43 53 75 76 132 134 
37 81 82 
30 45 86 87 88 89 90 
30 32 38 45 46 91 92 93 94 
30 32 46 47 94 95 96 97 
32 47 
30 34 48 49 61 98 99 100 101 102 103 
30 34 48 49 60 99 100 101 102 103 
30 33 39 50 107 108 110 
30 33 39 50 62 64 108 109 110 
30 33 51 110 111 
30 51 66 112 113 
30 40 41 65 113 114 
30 40 41 68 115 
30 40 41 67 115 
30 35 40 41 70 115 116 117 
30 35 69 117 118 
35 36 118 119 
30 36 52 122 
52 123 124 125 
30 42 128 129 
30 43 53 54 76 131 132 133 
30 43 53 54 75 132 133 
31 44 
31 37 79 80 
31 37 80 
31 37 78 79 81 
31 55 80 
55 83 84 
84 85 
82 85 
83 84 
56 87 88 
86 88 
56 86 87 
45 56 
45 56 89 
32 38 45 92 
32 38 57 91 93 
38 45 57 92 
32 38 46 47 57 58 95 96 
32 38 46 47 58 94 96 
38 46 47 58 94 95 
46 47 58 
30 32 34 48 60 99 
30 34 48 61 98 100 102 
30 34 48 49 60 61 99 101 102 103 
30 34 48 49 60 61 99 100 102 103 
30 34 48 49 61 99 100 101 103 
30 34 49 60 61 100 101 102 
30 34 39 49 
30 33 39 50 106 
30 33 39 50 62 105 107 108 109 
30 33 39 50 62 106 108 109 
30 33 39 50 62 63 106 107 109 
30 33 39 50 62 63 106 107 108 
30 33 62 63 64 111 
51 64 110 
30 51 65 66 113 
30 40 65 66 112 114 
40 41 113 
30 35 40 41 67 68 69 116 
35 40 41 69 115 117 
30 35 69 70 116 
30 35 70 71 
30 35 36 71 
30 36 121 
30 36 120 
30 52 72 
30 52 73 124 
73 123 125 
73 124 126 127 
30 125 127 
30 125 126 
30 42 74 129 
30 42 74 128 
30 42 
30 43 75 
30 43 53 54 75 76 
30 43 54 75 76 134 
30 43 54 133 
136 138 139 142 143 146 147 148 149 156 157 158 159 160 172 173 174 175 176 177 178 199 200 202 203 204 205 206 207 208 209 210 211 212 213 214 279 
135 137 138 139 140 143 149 157 158 160 161 175 176 177 178 179 180 181 182 183 210 211 212 213 214 215 216 217 218 220 221 222 223 224 225 226 227 228 
31 136 140 141 145 151 152 153 154 165 166 167 168 169 189 190 191 192 193 194 255 256 257 258 260 261 262 263 264 265 266 267 268 269 
135 136 139 143 149 159 160 175 176 177 178 179 180 181 214 215 216 217 218 219 220 221 222 223 224 225 
135 136 138 140 143 144 161 181 182 183 223 224 225 226 227 228 229 230 231 232 233 
136 137 139 141 144 150 162 163 186 187 234 235 236 
137 140 145 150 163 164 188 239 240 241 242 243 244 245 246 
135 146 147 148 155 171 172 198 199 200 
135 136 138 139 149 159 160 175 176 177 178 179 211 212 213 214 216 
136 139 140 150 161 184 185 234 
137 141 151 164 165 188 189 239 240 241 242 243 244 245 246 247 248 249 
135 142 147 148 155 170 171 172 197 198 
135 142 146 148 171 172 199 
135 142 146 172 199 200 201 
135 136 157 158 159 174 175 209 210 211 
140 141 144 162 163 185 186 187 234 236 
137 145 165 166 189 249 250 251 252 253 254 255 256 257 258 
137 167 168 259 260 261 262 263 264 
137 154 191 192 193 194 266 267 268 269 270 271 
44 153 192 193 194 195 269 270 271 272 
142 146 170 171 196 197 
135 173 202 203 204 205 206 
135 136 149 158 174 207 208 209 
135 136 149 157 174 209 
135 136 138 143 149 160 175 177 178 211 212 213 214 215 
135 136 138 143 159 175 178 179 214 215 216 
139 144 183 184 230 231 232 233 
140 141 150 163 186 187 
140 141 150 162 187 237 
141 145 188 238 239 241 242 243 
137 145 151 189 249 250 251 252 253 254 255 
137 151 152 257 258 259 
137 152 168 169 190 260 261 262 265 
137 152 167 169 264 265 266 
137 167 168 190 264 265 266 
146 155 171 196 197 
142 146 147 155 170 197 198 
135 142 146 147 148 199 200 201 
156 203 204 205 
135 149 157 208 209 
135 136 138 143 149 159 160 176 177 210 211 212 213 214 215 
135 136 138 143 159 177 211 212 213 214 215 
135 136 138 143 159 175 176 211 212 213 214 215 
135 143 159 160 214 215 216 
136 138 160 216 217 
138 217 219 220 221 222 
136 138 139 180 219 220 221 222 223 224 225 226 
136 139 
136 139 161 228 229 230 231 233 
144 161 184 
140 144 150 234 235 
140 150 162 187 236 
140 150 162 163 186 236 237 
141 145 164 238 239 240 241 242 243 244 
137 145 151 165 249 250 251 252 253 254 
167 168 169 264 265 266 
137 153 266 267 268 
137 154 193 194 269 270 271 
137 153 154 192 194 269 270 271 272 
137 153 154 192 193 269 270 271 272 
154 271 
155 170 197 
146 155 171 196 
142 146 147 171 
135 142 147 148 172 200 
135 142 148 172 201 202 
148 172 199 200 202 
135 156 200 201 
135 156 173 204 205 206 
135 156 173 205 206 
135 156 173 203 204 206 
135 156 173 203 204 205 
135 157 
135 207 
135 149 157 158 174 
135 136 149 211 
135 136 143 149 159 175 176 177 210 212 213 
136 143 159 175 176 177 211 213 
135 136 143 159 175 177 211 212 
135 136 138 143 159 160 175 176 177 178 215 
136 138 143 159 160 175 176 177 214 
136 138 143 160 179 
136 138 179 180 218 219 
136 138 180 217 
136 138 180 181 217 221 222 223 
136 138 180 181 219 221 222 223 224 
136 138 180 181 219 220 223 224 
136 138 180 219 223 224 
136 138 139 181 219 220 221 222 224 
181 220 221 222 225 226 
138 139 181 223 224 226 227 
136 139 181 182 224 225 227 
139 225 226 
139 183 229 230 231 232 
139 228 230 231 
139 161 228 231 232 233 
139 161 183 228 229 232 233 
139 161 228 229 230 231 233 
139 161 183 230 231 232 
140 150 185 235 
140 150 185 
140 150 186 187 
140 141 162 187 
141 188 239 
141 164 188 238 240 241 242 243 
141 145 164 188 239 241 242 243 244 
141 145 164 188 240 242 244 
145 164 188 240 243 244 
141 164 188 239 240 241 244 245 
141 145 188 240 241 242 243 245 
145 241 243 244 247 
141 145 247 248 
145 245 246 248 
145 247 249 
145 151 165 189 248 
165 189 251 253 254 255 
151 165 189 250 252 253 254 255 
151 165 189 250 251 253 254 255 
151 165 189 250 251 252 254 255 
151 165 189 250 251 252 253 255 256 
137 151 165 250 251 252 254 256 
137 151 254 255 257 
137 151 166 256 258 
137 151 257 
137 152 166 
137 152 167 261 
137 152 167 260 262 263 264 
137 152 167 261 263 
137 152 167 261 262 264 
137 152 167 168 169 190 261 262 263 265 
167 168 169 190 264 
137 153 168 169 190 191 267 
137 153 266 268 
137 153 191 267 
137 153 154 192 193 270 
153 154 192 194 269 271 
153 154 192 193 270 272 
193 194 195 271 
274 275 276 280 281 282 283 284 292 293 294 295 305 306 307 308 309 310 311 312 313 314 315 316 355 356 357 358 359 360 361 362 363 364 365 366 
273 284 285 286 294 295 296 316 317 318 319 320 321 322 323 324 325 326 367 368 369 370 371 372 373 374 375 376 377 378 379 380 381 382 383 384 
273 280 289 290 291 301 302 303 304 342 343 344 345 346 347 348 349 
273 282 283 292 306 307 308 309 310 355 356 357 358 359 360 361 
287 288 297 298 333 334 335 336 337 394 395 396 
279 288 299 300 340 341 399 400 401 402 403 404 405 278 
146 147 155 170 171 196 197 278 406 279 
273 281 291 303 304 347 348 349 350 
273 280 290 291 305 350 351 352 353 
273 276 283 292 310 311 359 360 361 362 363 
273 276 282 292 308 309 310 311 359 360 361 362 363 
273 274 294 295 316 317 318 367 368 369 370 371 
274 296 322 323 324 325 326 380 381 382 383 384 385 386 
274 287 328 329 330 331 332 388 389 390 
277 286 330 331 332 333 389 390 391 392 
277 278 298 336 337 338 339 397 398 
275 301 302 342 343 
275 280 281 291 303 304 347 348 349 
275 280 281 290 304 347 348 349 
273 276 282 283 306 307 308 309 357 358 359 360 
273 294 315 365 366 
273 274 284 293 295 315 316 
273 274 284 294 316 317 367 368 369 370 371 
274 285 318 319 321 374 375 376 377 378 379 
277 287 333 335 394 395 
277 288 336 337 338 395 396 397 
278 300 339 340 341 399 400 401 402 
278 341 402 403 404 405 
275 289 302 342 343 
275 289 301 342 343 
275 280 291 304 346 347 348 349 
275 280 290 291 303 347 348 349 
273 305 355 
273 276 292 307 355 356 357 
273 276 292 306 355 357 358 
276 282 283 292 309 358 359 360 
273 276 282 283 292 308 358 359 360 
273 276 282 283 360 361 362 363 
273 282 283 313 363 364 
273 311 313 
273 312 314 364 
273 313 
273 293 294 365 366 
273 274 295 367 
274 284 295 368 369 370 371 372 
284 296 319 372 374 375 376 377 
274 296 318 320 321 373 374 375 376 377 378 379 
296 319 321 377 378 
274 296 319 320 322 378 379 
274 321 381 382 
274 285 324 325 326 382 383 384 385 386 
274 285 323 325 326 327 383 384 385 386 
274 285 323 324 326 327 385 386 387 
274 285 323 324 325 327 384 385 386 387 
324 325 326 387 327 
286 329 
328 388 
286 331 332 333 388 389 390 391 
286 287 330 332 389 390 391 392 
286 287 330 331 333 390 391 393 
277 287 297 330 332 392 393 
277 297 335 394 395 396 
277 297 334 394 395 396 
277 288 298 337 338 397 398 
298 336 338 397 398 
288 298 336 337 339 397 398 
288 299 
278 299 399 400 401 402 
278 299 300 399 400 401 403 
275 289 301 302 
275 289 301 302 
275 343 346 
275 344 
275 303 345 347 
290 304 346 348 349 
280 304 349 
275 280 303 304 347 348 
280 281 351 352 353 
281 350 352 353 354 
281 350 351 353 354 
281 350 352 354 
281 305 351 352 353 
273 276 305 306 356 357 
276 355 
273 276 292 306 358 
276 292 307 308 309 357 
273 276 282 283 292 308 309 360 
273 276 282 283 292 308 309 310 359 361 
276 282 283 310 362 363 
282 283 363 
273 282 310 311 361 362 
273 312 313 
273 293 315 
293 365 
274 284 294 295 316 368 
274 284 295 317 367 369 371 
274 284 295 317 368 370 371 
274 284 317 368 369 371 
274 284 295 317 368 369 370 
274 284 318 
274 296 318 319 374 375 376 377 
274 296 318 319 373 375 376 377 
274 296 318 319 373 374 376 378 379 
274 296 318 319 373 374 375 377 378 379 
274 318 319 320 373 374 375 376 378 379 
274 296 319 320 321 375 376 377 379 
274 296 319 320 321 375 376 377 378 
274 285 322 381 382 
285 322 382 
274 322 323 380 381 383 
274 285 323 324 382 384 385 
274 285 323 324 325 326 385 386 
323 324 325 384 386 
285 323 324 325 326 327 384 385 
325 327 
286 328 389 
286 287 330 331 332 388 390 391 
286 287 331 332 389 391 
287 330 331 332 389 390 392 
287 330 331 332 333 393 
287 332 333 392 
277 297 
277 297 298 334 335 396 
277 298 334 335 395 
288 298 336 337 338 398 
288 337 338 339 397 
278 299 340 341 400 401 402 
278 299 340 341 399 401 402 
278 299 340 341 399 400 402 
299 300 340 341 399 400 401 
278 404 
300 403 405 
278 300 404 
279 406 
408 420 421 432 433 434 453 454 455 456 457 458 459 524 
407 411 420 421 422 432 433 434 455 456 457 458 459 460 461 
411 413 424 425 435 436 437 438 439 440 465 466 467 468 470 
412 414 415 416 427 428 429 430 444 445 446 447 477 478 479 480 481 482 483 484 485 486 
408 409 423 424 435 436 437 462 463 464 465 
410 415 416 417 418 429 430 444 445 446 447 484 485 486 487 488 
409 425 426 441 442 470 471 472 
410 415 427 428 429 477 478 479 480 481 482 483 
410 412 414 429 430 444 445 446 479 481 482 483 484 485 486 
410 412 417 418 448 487 488 489 
412 416 418 448 487 488 489 
416 417 448 489 490 491 492 
418 449 450 451 452 492 493 494 495 496 
407 408 431 432 433 434 453 454 455 457 458 
407 408 422 459 460 461 
408 421 423 422 
411 422 
409 411 425 436 437 438 466 467 468 
409 424 439 440 469 470 
413 427 441 442 443 473 474 475 476 
410 414 426 428 477 
410 414 427 477 
410 412 414 415 430 444 445 446 447 483 484 486 
410 412 415 429 444 445 447 484 485 
407 420 432 453 454 
407 408 420 431 433 434 453 454 
407 420 432 434 455 456 458 
407 408 420 433 455 456 457 458 
411 462 463 464 465 
411 424 437 438 465 466 467 468 
409 411 424 436 438 466 467 
409 424 436 437 467 468 
409 425 440 469 470 
425 439 469 470 
413 426 442 472 
413 426 443 472 473 
426 442 473 474 475 476 
410 412 415 429 430 445 446 485 
410 412 415 429 430 444 446 447 485 486 
410 415 429 430 444 445 447 485 486 
410 412 429 430 444 445 446 485 486 
416 417 418 489 490 491 
419 450 451 452 492 493 494 495 
419 449 452 493 494 495 496 497 
419 449 450 452 493 494 495 496 497 498 
419 449 450 451 494 495 496 497 
407 420 431 432 454 
407 420 431 432 453 
407 408 420 432 433 456 457 
407 408 420 433 434 455 457 
407 408 420 433 455 456 458 
407 408 420 433 456 457 
407 408 421 460 461 
408 421 459 461 
408 421 459 460 
411 435 463 464 
411 435 
411 463 
409 411 435 436 437 466 
409 424 436 437 438 465 467 468 
409 424 436 437 438 466 468 
436 438 466 
409 425 439 440 470 
409 413 439 469 
413 471 
413 442 
426 442 443 474 475 
443 473 475 476 
426 443 474 
426 443 474 475 
414 427 428 478 
410 414 
410 414 415 480 481 482 
410 414 415 479 481 482 483 
410 414 415 479 480 482 
410 414 415 479 480 481 483 
410 414 415 429 481 482 
410 412 415 429 430 485 486 
410 412 415 429 444 445 446 447 486 
410 412 429 430 444 445 446 447 484 485 
412 416 417 488 
416 417 487 
416 417 418 448 490 
448 489 491 
418 448 490 
418 419 449 493 
419 449 450 451 494 495 
449 451 452 493 495 496 
449 450 451 452 493 494 496 497 498 
419 450 451 452 494 495 
450 451 452 495 496 498 
451 452 495 496 
273 407 408 409 410 411 420 421 422 423 424 431 432 433 434 435 453 454 455 456 457 458 459 460 461 500 501 503 507 510 511 518 519 520 521 524 542 543 544 545 546 547 548 585 586 587 588 589 590 591 592 593 594 
499 503 510 518 519 520 541 542 500 570 571 572 573 574 575 576 577 578 580 581 582 583 584 
499 502 504 505 506 509 512 513 514 529 530 531 532 533 557 558 
501 504 505 506 512 513 514 529 530 531 532 533 558 
499 500 510 518 519 520 542 575 576 577 578 579 580 581 582 583 584 
501 502 505 508 509 512 513 525 526 527 528 529 530 531 551 552 553 554 555 556 557 
501 502 504 506 508 509 512 513 525 526 527 528 529 530 531 553 554 556 557 
501 502 505 514 515 534 558 559 
499 517 539 540 566 567 568 569 
504 505 509 525 549 550 551 552 
501 502 504 505 508 512 513 525 526 527 528 529 552 553 554 555 556 557 
499 500 503 518 519 542 578 579 580 581 582 583 584 
499 521 545 546 587 588 
501 502 504 505 509 513 526 527 528 529 552 553 555 556 557 
501 502 504 505 512 528 529 530 531 557 
501 506 532 533 558 
506 516 534 535 536 537 538 561 562 
515 536 537 538 562 563 564 565 
507 539 566 569 
499 500 503 510 571 572 573 574 575 576 577 578 
499 500 503 510 520 585 
499 503 519 585 
543 545 
499 523 547 548 589 590 591 592 593 
499 522 524 547 548 591 592 593 594 
499 523 594 
504 505 508 509 512 526 527 528 552 553 554 555 556 
504 505 509 512 525 527 528 552 553 554 555 556 557 
504 505 509 512 525 526 528 552 553 554 555 556 557 
501 504 505 509 512 513 525 526 527 553 554 555 556 557 
501 502 504 505 509 512 513 530 531 557 
501 504 505 513 529 531 
501 502 504 505 513 529 530 
501 502 506 514 533 558 
501 502 506 514 532 558 
506 515 559 560 561 
515 516 534 536 537 538 560 561 562 
515 516 535 537 538 561 562 
515 516 535 536 538 562 563 564 
515 516 535 536 537 562 563 564 565 
507 517 540 566 567 568 569 
507 539 568 569 
500 570 571 
500 503 510 579 580 581 582 583 
499 521 544 585 586 
499 543 586 
499 511 521 
511 587 588 
522 523 590 591 592 593 
499 522 523 524 594 
550 551 
508 549 551 
504 549 550 
504 508 509 512 525 526 527 553 554 
504 509 512 525 526 527 528 552 554 
504 505 509 512 525 526 528 552 553 555 556 
504 505 509 512 525 526 527 528 553 554 556 557 
504 505 509 512 525 526 527 528 553 554 555 557 
501 504 505 509 512 513 526 527 528 529 555 556 
501 502 506 514 532 533 
506 534 
515 534 535 561 
515 534 535 536 560 
515 516 535 536 537 538 563 564 
516 538 562 564 565 
516 537 538 562 563 565 
516 563 
507 517 539 567 568 
507 517 539 566 568 
507 517 539 540 566 567 569 
507 517 539 540 568 
500 541 
518 541 572 573 574 
518 571 
500 571 572 574 575 
500 518 571 572 573 575 576 
500 503 518 573 574 577 
500 503 518 574 575 577 
500 503 518 575 576 578 
500 503 510 577 
500 503 510 542 580 581 582 
500 503 510 542 579 581 582 
500 503 542 579 580 582 
500 503 510 542 579 580 583 584 
500 510 542 582 584 
500 503 510 582 583 
499 519 520 543 
499 543 544 
499 511 546 
499 511 546 587 589 
499 522 546 588 
499 522 591 592 593 
499 522 523 547 592 593 
499 522 547 590 591 593 
499 523 547 590 591 592 
499 523 524 548 

