381 3246
2 5 9 10 11 16 168 
1 5 9 10 11 16 
4 5 6 7 12 13 14 18 
6 7 8 12 13 14 15 18 
1 3 6 11 17 
3 5 
3 4 8 12 13 14 15 18 19 
4 14 18 20 21 22 23 24 
1 2 
1 2 5 11 16 
2 5 10 17 
3 4 7 13 18 
3 4 7 12 18 
3 4 7 8 12 15 18 19 20 
4 7 8 14 18 19 20 21 22 23 
1 5 10 11 
6 11 
3 7 8 12 13 14 15 19 20 
7 8 14 15 18 21 
14 15 18 19 21 22 
8 14 15 19 20 22 23 
15 19 20 21 23 24 
8 15 20 21 22 24 
8 22 
26 27 28 29 30 31 32 33 34 35 36 37 38 39 40 41 42 44 45 46 47 48 49 50 56 57 58 59 60 61 62 63 64 65 81 83 84 85 86 87 88 89 90 91 119 120 121 122 123 124 125 126 127 128 129 130 131 132 133 134 135 136 137 138 139 140 289 
25 33 34 35 40 41 45 46 47 48 49 56 57 58 80 81 82 83 84 85 86 87 117 118 119 121 122 124 125 
25 28 29 30 31 36 37 60 61 62 63 64 65 66 92 140 141 142 143 144 145 146 
1 2 25 29 30 31 37 38 42 51 52 67 68 69 70 94 96 97 152 153 154 155 156 157 158 159 160 161 162 163 164 165 166 167 168 
1 2 25 27 28 30 31 37 38 42 51 52 68 69 70 94 95 96 97 156 157 158 159 160 161 162 163 164 165 166 167 
1 2 25 27 28 29 31 37 38 42 51 52 68 69 70 94 95 96 97 157 158 159 160 161 162 163 164 165 166 167 
1 2 25 27 28 29 30 37 38 42 51 52 68 69 70 94 95 96 97 158 159 160 161 162 163 164 165 166 167 168 
25 39 43 71 72 73 74 75 98 99 100 101 102 103 
25 26 34 35 39 40 44 45 46 53 54 55 80 81 82 110 111 112 113 114 115 116 117 
25 26 33 35 40 41 46 47 48 49 56 57 83 84 85 86 87 119 120 121 122 123 124 125 
25 26 33 34 41 46 48 49 56 57 83 84 85 86 119 120 121 122 123 124 125 
25 27 41 50 59 60 61 62 91 135 136 137 138 139 140 
1 2 25 27 28 29 30 31 38 42 51 52 68 69 70 94 95 96 97 156 157 158 159 160 161 162 163 164 165 166 
1 2 5 9 10 11 16 25 28 30 31 37 42 51 52 69 70 97 162 163 164 165 166 167 168 
25 32 33 43 44 53 54 55 76 77 78 79 104 105 106 107 108 109 
25 26 33 34 44 45 46 80 81 82 113 114 115 116 117 
25 34 35 36 48 49 50 58 59 88 89 90 127 128 129 130 131 132 
25 27 28 29 30 31 37 38 51 52 66 67 68 94 95 96 150 151 152 153 154 155 156 157 158 
32 39 73 74 75 101 102 103 
25 33 39 40 45 53 54 55 77 78 79 108 110 112 
25 26 33 40 44 80 113 114 115 116 
25 26 33 34 35 40 45 80 81 82 117 118 
25 34 35 48 56 57 83 84 85 86 119 120 121 122 123 124 
25 26 34 35 41 47 49 56 57 58 86 87 88 124 125 126 127 128 
25 26 34 35 41 48 57 58 87 88 89 125 126 127 128 129 130 
36 41 59 89 132 
28 29 30 31 37 38 42 52 68 69 70 94 95 96 156 157 158 159 160 
28 29 30 31 37 38 42 51 69 70 97 159 161 162 163 
33 39 44 55 76 77 78 79 108 109 110 
39 44 53 77 78 79 108 109 
33 39 44 53 54 78 79 110 111 112 
25 26 34 35 47 48 57 83 84 85 86 119 120 121 122 123 124 
25 26 34 47 48 49 56 84 85 86 87 124 125 126 
25 26 41 48 49 50 88 89 90 128 130 131 
25 36 41 50 90 132 133 134 
25 27 36 61 62 140 
25 27 36 60 62 140 
25 27 36 60 61 63 141 
25 27 60 62 64 65 141 142 
25 27 63 65 141 142 
25 27 63 64 141 142 143 144 
27 42 67 92 93 146 148 149 
28 42 66 93 148 149 150 151 
28 29 30 31 37 42 51 94 95 96 152 153 154 155 156 157 158 159 
28 29 30 31 38 51 52 70 162 163 
28 29 30 31 37 38 51 52 97 162 163 164 
32 72 99 
32 71 73 98 99 100 
32 43 72 99 100 101 
32 43 103 
32 74 
39 53 77 104 105 106 107 108 
44 53 54 76 78 79 108 
39 44 53 54 55 77 79 108 109 
39 44 53 54 55 77 78 108 109 
26 33 40 45 46 113 114 115 116 
25 26 33 40 46 82 117 118 
26 33 40 81 117 118 
25 34 35 47 56 84 119 120 121 122 
25 26 34 35 47 56 57 86 120 121 122 123 
25 34 35 47 56 57 84 86 121 122 123 124 
25 26 34 35 47 48 56 57 84 85 123 124 
25 26 34 48 49 57 124 125 126 127 
25 41 48 49 58 89 127 128 129 130 131 
25 41 49 50 58 88 129 130 131 
25 41 50 58 59 
25 136 137 138 139 
27 66 93 145 146 147 
66 67 92 146 147 148 149 
28 29 30 31 37 42 51 68 95 96 154 155 156 157 158 
28 29 30 31 37 42 51 68 94 96 156 157 
28 30 31 37 42 51 68 94 95 157 158 159 160 
28 29 30 31 37 38 52 69 70 162 163 164 165 
32 71 72 99 
32 71 72 73 98 100 
32 72 99 101 
43 73 100 102 
32 43 101 
32 43 74 75 
39 76 105 107 
39 76 104 106 107 
76 104 105 107 
39 76 104 105 106 
39 44 53 54 77 78 79 109 
39 54 77 78 79 108 
33 44 53 111 112 
33 44 55 112 
33 44 55 110 111 
33 40 45 80 
33 40 45 80 113 115 116 
33 40 45 80 114 116 
33 40 45 80 114 115 
26 33 40 46 81 82 
26 81 82 117 
26 34 35 56 83 120 
25 26 34 35 47 83 84 121 122 
25 26 34 35 47 83 84 85 86 120 122 123 
25 26 34 35 56 83 84 85 86 120 121 123 
25 26 34 35 47 56 84 85 86 121 122 
26 34 35 47 48 57 85 86 87 125 
25 26 34 35 48 49 57 87 124 126 127 
25 48 49 87 125 127 
25 41 48 49 87 88 126 128 
25 41 48 58 88 127 129 
25 41 49 88 89 128 130 
25 49 58 88 89 128 131 
25 41 58 88 89 130 
25 41 50 
25 59 
59 133 135 
25 36 133 134 136 
25 36 91 135 137 
36 91 136 138 
25 36 91 137 139 
25 36 137 138 
25 27 36 61 
27 62 63 64 65 142 
27 63 64 65 141 
27 64 65 144 
27 65 143 
27 92 
66 147 148 
66 92 93 146 148 
66 67 146 147 149 
66 67 148 
42 151 
42 67 150 
42 68 153 154 155 
28 68 152 154 155 156 
28 42 68 94 155 156 
28 42 68 94 152 153 154 156 
29 37 42 51 68 94 153 154 155 157 158 
28 29 30 37 42 51 68 95 96 156 158 
28 29 30 31 37 42 51 68 94 95 96 156 157 
28 29 30 31 42 52 68 96 160 161 
28 29 30 31 37 51 96 159 161 
28 29 30 31 37 51 52 159 160 
28 29 30 31 37 38 52 69 70 97 163 
28 29 30 31 37 38 52 69 70 97 162 164 165 
28 29 30 31 37 38 70 97 163 165 166 167 
28 29 30 31 37 38 97 163 164 166 167 
28 29 30 31 37 38 164 165 167 168 
28 29 38 164 165 166 168 
28 31 38 166 167 
170 171 172 173 174 175 176 180 181 187 188 189 190 210 211 212 213 214 215 216 217 218 219 240 241 242 243 244 245 246 247 248 249 293 294 
169 171 174 180 206 207 208 211 214 236 237 238 239 170 240 293 294 
169 170 172 173 174 175 176 180 181 187 214 215 216 217 218 241 242 243 245 246 
169 171 173 174 175 176 181 182 187 188 189 190 191 192 218 219 220 221 247 248 249 250 251 252 253 254 
169 171 172 175 176 181 182 188 189 190 191 192 218 219 220 222 249 250 251 252 253 254 255 
169 170 171 172 175 176 180 187 211 212 213 215 216 240 241 242 
169 171 172 173 174 176 187 188 189 190 218 219 246 247 248 249 250 
169 171 172 173 174 175 180 181 187 217 218 243 244 245 246 
178 183 184 197 198 199 200 225 226 227 270 271 272 
177 179 184 201 228 229 230 231 273 274 275 276 277 278 
178 201 202 229 230 231 232 233 275 276 277 278 279 280 281 
169 170 171 174 176 210 211 212 213 214 216 241 242 
169 171 172 173 187 188 218 219 246 247 248 249 
172 173 192 193 194 195 222 223 258 259 
184 200 225 226 227 270 271 272 
177 178 183 227 228 271 272 
186 203 204 234 284 285 286 
185 205 287 288 
171 172 174 175 176 181 217 243 244 245 246 
169 172 173 175 181 189 190 249 250 251 
169 172 173 175 188 250 251 
169 172 173 175 188 189 191 251 252 253 254 
172 173 190 192 220 221 252 253 254 255 256 
172 173 182 191 220 255 256 257 
182 195 223 258 
182 193 195 223 258 
193 194 223 224 258 259 260 
197 198 261 262 263 264 265 266 267 
177 196 198 199 200 265 266 267 268 269 
177 199 266 268 269 
177 196 197 200 267 269 
183 197 199 225 226 270 
178 179 229 230 231 275 276 277 278 
179 231 232 233 234 279 280 281 
185 282 285 286 
185 186 205 287 288 
186 204 205 
170 206 235 236 
208 237 
170 237 
170 239 
169 170 174 180 211 212 213 240 
169 170 174 180 210 212 213 240 
169 170 174 180 210 211 213 214 
169 170 174 180 210 211 212 214 
169 171 174 180 211 212 213 
169 171 174 180 216 241 
169 171 174 180 215 241 242 
169 171 176 187 243 244 245 
169 171 172 173 175 176 181 219 247 248 249 
172 173 175 181 218 248 249 
172 173 191 192 221 222 254 255 256 
173 191 192 220 222 255 256 
173 182 191 220 221 255 256 257 
182 193 194 195 
195 259 260 261 
177 183 200 226 227 270 271 
177 183 200 225 270 
177 183 184 225 
178 184 273 274 
178 179 201 230 273 274 275 276 
178 179 201 229 273 274 275 276 
178 179 201 202 277 278 279 280 
179 202 233 280 
179 202 232 234 279 280 281 
185 233 281 282 283 284 285 
206 236 
170 206 235 237 
170 207 208 236 
170 209 239 
170 238 
169 170 174 210 211 
169 171 180 216 242 
169 171 174 180 215 216 
169 171 176 187 217 244 245 
169 171 176 187 217 243 
171 176 187 217 243 244 
169 171 175 176 181 187 
169 172 181 218 219 248 249 
169 172 175 181 218 219 247 249 
169 172 173 175 188 218 219 247 248 
172 173 175 188 
172 173 188 189 190 
172 173 190 191 253 254 
172 173 190 191 252 254 
173 190 191 220 252 253 
173 191 192 220 221 222 257 
191 192 220 221 222 255 257 
192 222 255 256 
182 193 194 223 
195 224 
195 259 
224 262 263 264 
261 264 265 
196 261 264 265 
196 261 262 263 265 
196 197 262 264 267 
196 197 198 267 
196 197 198 199 265 266 268 
197 198 199 267 269 
197 199 268 
177 183 200 225 226 
177 183 184 225 272 
183 184 227 271 
178 228 229 274 
178 228 229 230 273 
179 201 229 230 276 
178 179 201 229 275 
178 201 
178 179 201 231 277 
179 202 231 232 233 280 
179 202 232 233 279 281 
202 233 234 280 
185 202 203 234 283 284 285 
234 285 
185 282 283 285 286 
203 234 282 283 284 286 
185 284 285 
186 204 288 
186 287 
25 169 170 171 172 173 174 176 180 206 207 208 209 235 236 290 291 292 293 294 295 296 298 299 300 301 305 306 307 308 309 325 326 327 328 329 330 331 332 333 334 335 336 370 371 372 373 374 375 376 377 378 379 380 381 
289 291 292 293 295 297 298 299 300 302 303 304 314 315 316 317 318 319 320 342 343 344 345 346 347 348 349 350 351 352 353 354 355 356 
289 290 292 295 297 298 299 300 302 303 304 315 316 317 318 319 320 345 346 347 348 349 350 351 352 353 354 355 356 
289 290 291 293 295 298 299 300 302 303 304 317 318 319 320 321 322 323 348 349 350 351 352 353 354 355 356 357 358 359 
170 289 290 292 294 295 296 301 307 308 331 332 333 334 335 373 374 375 376 
206 207 235 236 289 293 301 309 336 379 380 381 
289 290 291 292 293 300 305 306 322 323 324 325 326 327 328 362 363 364 365 366 370 371 
289 293 307 308 329 330 331 373 374 375 
290 291 310 311 312 313 314 337 338 339 340 341 
289 291 292 303 304 319 349 350 351 352 
289 290 291 292 300 319 320 321 354 355 356 357 
289 290 291 292 295 299 321 322 323 324 358 359 360 361 362 363 
289 293 294 309 335 336 376 377 378 379 380 381 
290 291 292 298 303 317 318 345 346 347 348 
290 292 298 304 318 348 
290 291 292 298 303 319 348 349 351 352 353 
295 306 325 326 327 328 329 366 367 368 369 370 371 372 
289 295 305 329 330 371 372 
289 296 308 331 332 375 
289 293 296 307 331 332 375 
206 289 301 336 380 381 
297 311 337 
297 310 337 
297 338 339 340 341 
312 338 339 340 341 
290 297 314 342 
290 291 316 342 343 344 
290 315 342 343 344 
290 291 292 302 318 345 346 347 
290 291 292 303 317 345 346 347 
290 291 292 298 299 304 320 349 351 352 353 354 355 356 
290 292 299 319 354 356 357 
292 299 300 322 323 358 359 360 361 
292 300 321 323 324 359 360 361 
292 295 300 321 322 324 359 360 361 363 
295 322 361 362 363 364 
289 295 305 326 327 328 365 366 367 368 369 
289 295 305 325 327 328 365 366 367 368 369 
289 305 326 328 365 366 367 368 369 370 
289 295 305 325 326 327 365 366 367 368 370 
289 296 305 306 330 
289 306 329 
293 296 307 308 332 331 
289 293 307 308 331 333 
289 332 334 
293 333 
293 301 376 377 378 
206 289 294 301 309 
297 311 
297 312 313 339 
297 312 313 338 340 341 
297 312 339 341 
297 312 313 339 340 
290 314 315 316 343 344 
290 315 316 344 
290 315 316 342 343 
290 291 302 317 318 346 
290 291 302 317 318 345 347 
290 291 302 303 317 318 346 
290 291 298 302 304 
290 291 292 298 304 319 350 351 352 353 
290 292 298 304 349 351 352 
290 291 292 298 319 349 350 352 
290 291 292 298 304 319 349 350 351 
290 291 292 304 319 349 351 352 354 
290 291 292 299 319 320 353 355 356 357 
290 291 292 299 319 320 354 356 357 
290 291 292 299 319 320 354 355 357 
290 291 292 299 320 354 355 356 
292 299 300 321 359 
292 321 323 358 360 361 
321 323 359 361 
300 321 322 323 324 359 
295 300 363 364 
295 300 323 362 364 
295 300 324 362 363 
295 325 326 328 367 
295 305 325 326 327 328 365 367 368 369 
295 305 325 326 327 365 366 368 369 
295 325 326 327 328 366 367 369 370 
295 305 325 326 327 328 366 367 368 370 
289 295 305 306 327 328 368 369 371 
289 295 305 306 370 372 
306 371 
289 293 296 374 
289 293 296 373 
289 293 296 307 308 
289 293 301 335 377 378 
289 301 335 376 378 
289 301 335 376 377 379 
289 294 301 378 
289 294 301 309 381 
294 309 

