27 238
2 3 4 5 8 9 10 11 12 13 15 16 17 18 20 21 
1 4 9 10 16 17 18 19 
1 4 5 6 10 12 13 22 23 24 25 26 27 
1 2 3 5 6 10 11 12 13 19 20 21 22 23 24 25 26 
1 3 4 6 10 11 12 13 20 21 23 24 25 26 
3 4 5 26 27 
1 8 14 
1 14 
1 2 16 
1 2 3 4 5 11 12 13 17 18 19 20 21 22 23 24 
1 2 4 5 10 12 13 17 18 19 20 21 22 23 24 
1 3 4 5 10 11 13 20 21 22 23 24 25 
1 3 4 5 10 11 12 20 21 22 23 24 25 26 
7 15 
1 7 8 14 
1 2 9 
1 2 10 11 18 19 
1 2 10 11 17 
1 2 4 10 11 17 18 20 
1 4 5 11 12 13 19 21 22 24 
1 4 5 10 11 12 13 20 22 23 24 
3 4 5 10 11 12 13 20 21 23 24 25 
3 4 5 10 11 12 13 20 21 22 24 25 
3 4 10 11 13 20 21 22 23 25 
3 4 5 12 13 22 23 24 26 
3 4 6 13 25 
3 6 

