77 479
2 3 4 6 12 13 14 15 16 23 24 26 27 28 29 30 31 52 53 54 55 56 57 
1 7 17 34 35 36 37 38 40 41 42 63 65 
1 4 5 9 11 12 21 22 50 51 
1 3 6 11 13 23 24 25 26 27 28 50 51 52 
3 9 10 11 21 22 
1 4 13 14 15 16 26 27 28 29 53 54 55 56 57 
2 18 19 42 43 44 66 67 
20 46 47 48 69 70 71 72 73 74 75 76 
3 5 21 49 
9 21 22 49 
3 4 5 12 23 11 50 51 
1 4 11 23 50 51 52 
1 4 6 14 15 24 25 26 27 28 52 
1 6 13 15 27 28 53 54 55 
1 6 13 14 16 28 53 54 55 
1 6 15 29 30 56 57 
2 35 36 37 38 39 63 
7 19 42 43 44 67 68 
7 18 44 45 46 66 67 68 
8 48 71 72 73 74 75 76 
3 5 9 10 22 49 
3 5 9 10 21 
3 4 11 12 24 50 51 52 
1 4 12 13 23 25 26 52 
1 4 13 24 26 27 52 
1 4 6 13 14 24 25 27 28 53 
1 4 6 13 14 24 25 26 53 
1 4 13 14 15 26 27 53 54 
1 6 16 30 56 57 
16 29 57 31 
1 32 58 
31 33 58 59 60 
32 34 59 60 61 
33 35 36 61 62 
2 17 34 36 37 
2 17 34 35 37 
2 17 35 36 38 63 
2 17 37 63 
2 17 40 64 
41 64 65 
2 39 40 64 
2 7 18 43 
7 18 
7 18 19 66 67 68 
19 46 68 69 
8 45 47 69 
8 45 46 70 71 
8 20 74 75 76 77 
9 10 21 
3 4 11 12 23 50 51 
3 4 11 12 23 50 
1 4 13 23 24 25 
1 6 13 14 15 26 27 28 54 55 
1 6 14 15 28 53 55 
1 6 14 15 53 54 
6 16 29 
1 6 16 30 56 
31 32 59 
32 33 58 60 
32 33 59 
33 34 62 
33 34 61 
17 37 38 
2 39 40 41 65 
2 40 41 64 
7 18 19 44 67 
7 18 19 44 66 
19 44 45 46 
8 45 46 47 70 71 
8 47 69 71 72 
8 47 69 70 72 73 
8 20 70 71 73 
8 20 71 72 
8 20 48 75 
8 48 74 76 
8 20 48 75 
48 75 76 77 

