66 408
2 3 4 5 6 7 13 14 24 25 26 27 42 43 44 45 46 47 48 49 
1 3 10 11 19 20 21 34 35 36 37 
1 2 4 12 20 21 22 34 35 36 37 38 39 
1 3 6 12 22 23 39 40 41 42 
1 7 8 14 15 26 27 28 49 50 51 52 53 54 55 
1 4 24 42 44 
1 5 8 14 26 27 28 49 50 51 52 53 54 55 
5 7 9 15 16 17 29 56 57 58 59 60 61 
8 17 18 29 62 63 64 65 66 
2 11 19 31 32 33 
2 10 19 32 33 
3 4 22 23 39 
1 14 25 45 46 
5 7 13 25 26 46 47 48 
5 8 16 55 57 58 59 
8 15 17 29 56 57 58 59 60 61 
8 9 16 18 29 30 61 62 63 64 
9 17 29 30 61 62 63 64 65 66 
2 10 19 
2 21 35 36 37 
2 3 20 37 38 
3 4 12 23 39 41 
4 12 22 39 40 41 
1 43 44 
1 13 14 45 
1 5 7 14 46 47 48 
1 5 7 49 50 51 52 53 54 
7 27 52 54 
9 16 17 30 61 62 63 64 
9 17 18 29 62 63 64 
10 31 
10 11 33 
10 11 32 
2 3 34 
2 3 20 36 
2 3 20 35 
2 3 20 21 38 
3 21 37 
4 12 23 40 41 
4 23 39 41 
4 22 23 39 40 
1 4 6 42 43 
1 6 24 42 
1 6 24 
1 13 14 25 
1 13 14 26 47 48 
1 14 26 48 
1 14 26 46 47 
1 5 7 27 50 51 
5 7 27 49 51 
5 7 27 49 50 52 
5 27 28 51 53 54 
5 7 27 28 52 54 
5 7 28 52 
5 7 
8 15 16 57 60 
8 15 16 58 59 60 
8 15 56 57 60 
8 15 16 56 57 58 60 
8 15 16 57 58 
8 9 16 18 29 62 
9 17 18 29 30 61 
9 17 18 29 30 64 65 
9 17 18 29 63 
9 63 66 
9 18 65 

