37 200
13 27 28 37 2 3 
13 27 28 37 1 3 
13 27 28 1 2 
13 29 
13 17 
17 18 7 
17 18 6 8 
17 18 6 
19 20 23 24 31 32 10 
14 19 31 32 9 11 
14 19 20 10 
33 12 14 
17 27 28 29 37 1 2 3 4 5 13 
33 19 20 24 31 32 9 11 12 
16 25 34 35 
15 21 22 26 34 36 
13 18 5 17 6 7 
17 20 23 30 6 7 8 
14 18 20 23 24 30 32 9 10 11 
14 18 19 23 24 30 31 32 9 10 11 
15 16 25 26 34 35 36 
13 16 27 37 
14 18 19 20 24 30 31 9 
14 18 19 20 23 30 9 
15 21 34 25 
15 16 21 34 35 36 
13 22 37 1 2 
13 27 37 1 2 3 
4 29 
19 20 23 24 
14 19 20 24 32 9 10 
14 19 20 31 9 11 
12 
16 21 25 26 
15 16 21 26 36 
16 21 26 35 
13 22 28 1 2 

