85 547
2 6 7 14 15 16 17 28 29 30 31 32 33 34 35 36 37 38 39 40 41 42 73 74 75 76 77 78 79 80 81 82 83 
12 13 14 24 27 28 29 30 67 68 69 70 71 
1 7 18 43 44 45 85 
5 8 19 20 46 47 48 49 50 51 52 53 54 
4 8 21 52 53 5 55 
1 15 33 34 35 36 37 76 77 78 79 80 81 
3 43 44 85 
5 49 50 51 52 53 54 
10 11 22 23 56 57 58 59 
9 11 22 23 57 58 59 60 61 
9 10 12 22 23 24 58 59 60 61 62 
2 11 13 24 25 26 62 63 64 65 
2 12 64 66 
1 2 27 28 29 67 68 69 70 71 
1 6 33 34 35 75 76 77 78 
1 17 37 38 39 40 42 82 83 
1 16 37 38 39 40 41 42 82 83 
3 18 
4 20 47 49 
4 19 48 
5 55 56 
9 10 11 23 57 58 59 
9 10 11 22 57 58 59 60 
2 11 12 25 26 62 64 65 
12 26 62 63 64 65 66 
24 25 62 63 64 65 
2 14 67 68 
1 2 14 29 30 31 69 70 71 72 
1 2 14 28 30 31 32 70 71 72 
1 2 28 29 31 32 71 
1 29 30 32 71 72 73 
1 29 30 31 72 73 74 75 
1 15 75 76 77 
6 15 33 35 77 78 
1 6 15 34 36 76 77 78 
1 6 35 79 81 
1 6 16 17 39 40 41 81 82 
1 16 37 39 40 
1 16 17 37 38 40 41 82 
1 17 37 38 41 82 
1 16 17 37 39 40 82 
1 16 17 83 84 
3 7 44 45 85 
3 7 43 45 85 
43 44 3 45 
4 19 20 47 48 49 
4 19 20 46 48 49 
4 19 20 46 47 
4 8 19 20 46 47 48 50 
4 8 51 
4 8 52 
4 5 8 50 51 53 54 
4 5 52 
4 52 
5 21 56 
9 55 
9 10 22 23 58 59 
9 10 11 22 23 57 59 
9 10 11 23 57 58 60 61 
10 23 59 61 
11 59 60 
11 12 24 25 26 63 
12 24 25 26 62 64 
12 13 24 25 26 63 65 66 
12 13 24 25 26 64 66 
13 25 64 65 
2 27 68 
2 14 27 67 
2 14 28 70 71 
2 14 28 71 
2 28 29 30 31 72 
28 29 30 31 32 71 
1 31 32 74 75 
1 32 75 
1 15 32 33 73 74 
6 33 34 35 78 
1 6 15 33 34 35 76 78 
1 6 15 34 35 76 77 
1 35 80 
1 6 36 79 81 
6 37 80 
1 16 17 37 38 39 41 
1 16 17 42 84 
42 83 
3 7 43 44 

