34 237
9 12 13 22 23 4 5 
9 12 13 22 23 1 3 4 5 
9 11 12 13 22 23 1 2 4 5 
9 11 12 13 22 23 1 3 5 
9 11 12 13 22 23 1 2 3 4 6 
9 11 12 13 22 23 24 5 7 
9 12 13 22 23 24 25 6 
14 15 26 27 28 
11 13 14 15 22 23 24 25 26 2 3 5 6 7 
16 27 28 29 30 34 
9 12 13 22 23 24 1 2 3 4 5 
9 11 13 22 23 24 1 2 3 4 5 6 7 
9 11 12 14 15 22 23 24 25 1 2 3 4 6 7 
9 13 15 24 26 27 8 
9 13 14 24 25 27 8 
17 18 31 10 34 
18 19 20 31 32 33 16 
17 19 
17 18 32 33 
19 21 
20 21 
9 11 12 13 23 24 1 2 3 4 5 6 7 
9 11 13 22 24 1 2 5 6 
9 11 12 13 14 15 22 23 25 26 6 7 
9 13 14 15 24 26 
9 13 14 15 27 8 
10 14 15 26 28 29 8 
10 27 29 30 8 
10 28 30 29 
10 29 
17 18 
18 33 
17 18 19 32 
10 16 

