30 223
18 19 22 2 3 
18 19 21 23 1 3 
18 19 21 22 23 1 2 4 
19 21 23 27 3 5 
19 21 22 23 4 6 7 8 
19 22 23 27 5 7 8 
22 23 5 6 
23 27 5 6 7 9 
20 24 27 10 
20 24 28 9 11 
17 20 24 28 10 
17 24 25 29 13 14 
17 20 25 29 12 14 
17 25 29 30 12 13 15 
17 25 29 30 14 16 
17 25 29 30 14 15 
20 24 25 28 29 30 11 12 13 14 15 16 17 
19 21 22 23 26 1 2 3 
18 21 22 23 27 1 2 3 4 5 6 
17 24 25 27 28 29 9 10 11 12 13 
19 22 23 27 1 2 3 4 5 
18 19 21 23 27 1 2 3 4 5 7 
18 19 21 22 27 2 4 5 6 7 8 
20 25 28 29 9 10 11 12 
17 20 24 28 29 30 12 13 14 15 16 
18 26 
19 20 21 22 23 4 5 6 7 8 9 
17 20 24 25 29 10 12 
17 20 24 25 28 30 12 13 14 15 16 
29 14 15 16 

