148 1337
100 134 148 
99 100 3 
99 100 107 112 4 5 
99 100 102 107 112 3 5 
99 100 102 107 112 121 135 3 4 6 
99 100 102 107 108 121 122 135 5 7 8 
99 100 108 112 113 121 123 135 8 
99 100 107 108 112 113 121 122 123 135 6 7 
99 100 103 108 113 114 125 136 137 138 10 11 
99 100 103 108 113 114 124 125 136 137 138 9 11 
99 100 103 114 125 137 138 9 10 
99 115 125 13 
99 103 115 126 12 14 
99 103 115 126 13 
101 115 126 
99 101 109 17 
99 101 109 16 
101 109 139 19 
67 101 139 18 
22 23 27 28 34 35 36 37 38 58 59 86 87 
20 23 24 29 39 40 41 42 43 60 61 62 63 64 65 88 89 90 91 92 93 95 96 97 
20 26 27 32 33 56 81 
20 21 24 29 39 40 41 42 60 61 62 63 64 65 88 89 90 91 92 93 94 95 96 97 
21 23 29 40 41 42 43 64 65 92 93 94 95 96 97 98 
31 48 75 76 77 78 79 25 
22 32 55 56 57 81 
20 22 33 34 58 82 83 84 85 
20 34 35 36 37 38 59 86 
21 23 24 39 40 41 60 61 62 63 88 89 90 91 92 93 94 
44 45 46 68 69 70 
25 48 49 50 51 
22 26 56 81 
20 22 27 34 57 58 82 83 84 85 
20 27 28 33 35 58 85 
20 28 34 36 37 59 86 
20 28 35 37 59 86 87 
20 28 35 38 59 86 87 
20 28 36 59 87 
21 23 29 40 60 61 62 89 90 
21 23 24 29 39 61 62 88 89 90 91 92 
21 23 24 29 42 63 64 65 92 93 94 95 96 97 
21 23 24 41 43 63 64 65 66 95 96 97 98 
21 24 42 66 98 43 
30 45 46 67 68 139 
44 46 68 70 
30 44 68 69 70 71 
71 72 
25 31 49 50 51 
48 50 51 52 53 80 
31 48 49 80 
31 48 49 50 52 53 54 80 
49 50 51 53 80 
49 50 51 52 54 80 
51 52 80 81 
22 26 32 56 81 
22 26 32 
22 26 
20 27 33 34 82 83 84 85 
20 28 35 36 37 86 87 
21 23 29 39 88 60 
21 23 29 39 40 62 88 89 90 
21 23 40 61 88 89 90 
21 23 24 29 41 42 64 65 92 93 94 95 96 97 
21 23 24 41 42 63 65 95 96 97 
21 23 24 41 42 63 64 66 96 97 98 
42 43 65 98 
44 19 
30 44 45 46 69 
30 45 68 70 71 
30 45 46 68 69 71 
46 47 69 70 
47 73 
72 74 
73 75 76 
25 74 76 
25 74 77 78 
25 76 78 
25 76 77 79 
25 78 
31 49 50 51 52 53 54 
26 32 54 55 
33 58 83 
27 33 58 82 84 
27 33 58 82 83 
27 33 34 58 
20 28 35 36 37 59 
20 36 37 38 59 
21 23 29 39 40 60 62 
23 29 39 40 61 62 90 91 
21 23 29 39 40 61 62 89 91 
21 23 29 40 89 90 93 
21 23 24 29 40 41 63 91 93 94 95 
21 23 24 29 41 63 91 92 94 95 
21 23 24 29 63 92 93 95 
21 23 24 41 42 63 64 92 93 94 96 97 
21 23 42 63 64 65 95 97 
21 23 24 41 42 63 64 65 95 96 98 
24 42 43 65 66 97 
30 100 101 102 103 104 105 106 107 108 109 112 113 114 115 119 120 121 122 123 124 125 126 134 135 136 137 138 139 2 3 4 5 6 7 8 9 10 11 12 13 14 15 16 17 18 
99 102 103 104 106 107 108 109 112 113 114 115 119 120 121 122 123 124 125 133 134 135 136 137 138 148 1 2 3 4 5 6 7 8 9 10 11 
30 44 45 46 67 68 69 99 100 103 108 109 115 126 139 15 16 17 18 19 
99 100 103 104 106 107 108 112 113 114 119 120 121 122 123 133 134 135 147 148 1 2 3 4 5 6 
99 100 101 102 107 108 109 112 113 114 115 121 122 123 124 125 126 136 137 138 9 10 11 12 13 14 
99 100 102 105 106 110 111 116 117 118 130 131 132 140 141 142 143 144 
99 100 104 110 111 116 117 118 130 131 132 140 141 142 143 144 
99 100 102 104 107 112 119 120 133 134 145 147 148 1 
99 100 102 103 106 112 113 121 122 123 135 2 3 4 5 6 7 8 
99 100 101 102 103 107 112 113 114 121 122 123 124 125 135 136 137 6 7 8 9 10 11 
99 100 101 103 115 126 139 15 16 17 
104 105 111 117 118 127 128 129 130 131 140 141 142 143 
104 105 110 117 118 131 132 141 142 143 144 
99 100 102 103 106 107 108 113 114 121 122 123 135 3 4 5 6 7 8 
99 100 102 103 107 108 112 114 121 122 123 124 125 135 136 137 138 7 8 9 10 
99 102 103 108 112 113 121 122 123 124 125 136 137 138 9 10 11 
99 100 101 103 109 126 12 13 14 15 
104 105 110 117 127 128 129 130 140 
104 105 110 111 116 118 130 131 140 141 142 143 
104 105 110 111 117 131 132 142 143 144 
99 100 102 106 120 133 146 147 148 
99 100 102 106 119 133 145 146 147 148 
99 100 102 103 108 112 113 114 122 123 135 4 5 6 7 8 
99 100 102 103 107 108 112 113 114 121 123 135 136 6 7 8 
99 100 102 103 107 108 112 113 114 122 135 136 7 8 
99 100 103 108 113 114 125 136 137 138 9 10 11 
99 100 103 108 113 114 124 137 138 9 10 11 12 
101 103 115 13 14 15 
116 128 129 127 
110 116 127 
110 127 128 
104 105 110 116 117 140 141 
104 105 110 111 117 118 132 142 143 144 
104 105 111 118 131 144 
100 102 106 119 120 145 146 147 
99 100 102 106 148 1 
99 100 102 107 108 113 121 122 123 5 6 7 8 
99 100 103 108 113 114 122 123 124 137 138 9 10 
99 100 103 108 113 114 124 125 136 138 9 10 
99 100 103 113 114 124 125 136 137 9 10 11 
44 67 99 101 109 18 19 
104 105 110 116 117 130 141 142 
104 105 110 111 117 130 140 142 
104 105 110 111 117 118 131 140 141 143 
104 105 110 111 117 118 131 142 
104 111 118 131 132 
119 120 133 146 147 
106 119 120 133 145 147 
102 106 119 120 133 145 146 
100 102 106 119 134 1 

