56 434
31 35 2 
31 35 36 1 
31 42 43 4 
31 36 37 42 43 3 
31 32 33 38 39 43 44 45 
32 33 39 44 45 7 8 
32 33 39 45 46 6 8 
32 33 39 45 46 6 7 9 
32 33 40 46 8 11 12 
32 33 40 46 9 11 
32 33 40 9 10 12 13 14 
32 33 40 9 10 11 13 14 
40 11 12 14 15 
11 12 13 15 16 
47 13 14 16 17 18 
47 14 15 17 18 
47 15 16 18 19 
47 15 16 17 19 
17 18 20 
47 19 
28 48 27 22 23 
48 21 
27 28 
28 41 50 51 52 25 
28 41 50 51 52 24 
29 41 52 53 54 55 
28 30 41 48 49 50 27 21 22 23 
27 29 30 34 41 48 49 50 51 52 53 54 55 56 21 22 23 24 25 
31 35 27 28 30 34 41 29 52 53 54 55 56 26 
35 27 28 29 34 41 54 55 56 
32 33 35 36 38 39 42 43 44 45 1 2 3 4 5 29 30 
31 33 38 39 40 44 45 46 5 6 7 8 9 10 11 12 
31 32 38 39 40 44 45 46 5 6 7 8 9 10 11 12 
27 28 29 30 41 52 53 54 55 56 26 
31 29 1 2 
31 37 42 43 2 4 
31 36 38 42 43 3 4 
31 32 33 36 39 42 43 44 45 5 
31 32 33 38 42 44 45 5 6 7 8 
32 33 46 47 9 10 11 12 13 14 
27 28 29 30 34 51 52 53 55 56 24 25 26 
31 36 37 38 39 43 44 3 4 
31 36 37 38 39 42 44 3 4 5 
31 32 33 38 39 42 43 45 5 6 
31 32 33 38 39 44 46 5 6 7 8 
33 39 40 45 6 7 8 9 10 
17 18 19 20 
27 28 21 22 
28 50 
27 28 41 49 51 52 53 24 
28 41 50 52 53 24 25 
28 29 41 50 51 54 55 56 24 25 26 
28 29 34 41 50 51 52 54 55 56 25 
28 29 30 34 52 56 26 
28 29 30 34 41 52 53 54 56 26 
28 29 30 34 52 53 54 55 26 

