33 257
13 15 17 20 
13 15 20 21 22 25 
13 15 16 22 26 4 5 
13 16 22 26 5 6 
13 16 22 26 3 4 
13 16 22 26 3 4 5 7 
13 14 16 18 26 8 9 
13 14 18 7 9 
13 14 18 23 27 7 8 10 
13 14 18 23 27 28 9 
13 14 18 23 27 28 
13 14 29 30 31 
14 15 16 17 18 19 20 21 22 23 24 25 26 27 28 29 30 31 1 2 3 4 5 6 7 9 10 11 12 
13 15 16 18 19 22 23 24 27 28 29 30 31 7 8 9 10 11 12 
13 14 16 17 18 20 21 22 25 26 1 2 3 
13 14 15 18 20 21 22 23 25 26 2 3 4 5 6 7 8 
13 15 1 
13 14 15 16 23 26 27 7 8 9 10 11 
13 14 24 33 19 
13 16 21 22 25 1 2 
13 15 16 20 25 
13 14 15 16 20 21 25 26 2 3 5 6 
13 14 16 18 27 9 10 11 
13 14 32 33 
13 15 16 21 22 2 
13 15 16 18 22 3 5 6 7 
13 14 18 23 28 9 10 11 
13 14 18 23 27 11 
13 14 30 31 12 
13 14 29 12 
13 14 30 12 
19 24 33 32 
19 32 

