109 608
2 3 4 10 11 19 20 36 37 38 40 41 42 1 43 
1 3 10 11 16 17 18 19 33 36 73 
1 2 10 11 18 19 33 34 35 37 38 
1 12 13 20 21 44 45 46 
7 15 24 25 26 27 50 51 52 54 
7 8 9 32 60 61 62 63 64 
5 6 28 29 31 55 56 57 58 59 
6 9 63 64 65 66 
6 8 66 64 65 
1 3 11 16 17 18 19 33 34 35 
1 2 3 10 16 17 18 19 33 34 35 
4 13 21 22 46 47 48 
4 12 14 23 24 46 47 48 49 
5 13 22 24 25 
5 26 27 50 51 52 53 
2 10 11 17 18 33 34 
2 10 11 16 18 33 34 
2 3 10 11 16 17 33 34 35 
1 2 3 10 11 35 36 
1 43 44 45 
4 12 13 22 46 47 48 
12 13 14 21 23 24 47 48 49 
13 14 24 47 48 49 
5 13 14 22 23 25 
5 14 24 
5 15 27 52 53 54 
5 15 26 52 53 54 
7 30 31 55 56 57 
28 30 31 55 56 57 
7 28 29 31 55 56 57 
28 29 56 57 58 59 
6 61 
2 3 10 16 17 18 
2 3 10 11 16 17 18 33 35 
2 3 10 11 18 19 
1 2 3 19 
1 3 36 
1 3 39 40 
1 38 40 41 
38 39 
1 39 40 42 
1 41 
20 44 
4 45 
20 44 
4 12 13 21 47 48 
12 13 21 22 23 46 48 
12 21 22 23 46 47 
13 14 23 25 
5 15 51 52 
5 15 50 
15 26 27 50 53 
15 26 27 52 54 
5 26 27 53 
29 30 56 
7 29 30 31 55 57 58 
7 28 29 30 31 58 
56 57 
31 60 
6 59 
6 32 60 
6 32 63 
6 8 62 64 
6 8 9 63 
8 9 66 
9 66 65 
70 71 76 77 78 84 85 98 99 100 101 102 103 104 
69 74 80 81 82 83 87 89 90 91 92 93 
68 70 74 75 83 92 93 94 95 
67 69 76 77 78 84 95 96 97 
67 72 86 71 105 106 107 108 
73 86 107 108 109 
16 71 108 109 
68 69 75 83 92 93 
68 69 74 83 92 93 94 
67 70 77 78 84 
67 70 76 78 84 97 98 
67 70 76 77 84 98 99 100 101 
68 80 87 89 79 
68 79 81 87 88 89 90 
68 80 82 89 90 91 
68 81 90 91 
68 69 74 75 92 93 94 
67 70 76 77 78 
67 99 100 
71 72 105 106 107 
68 79 80 88 89 
79 80 87 89 
68 79 80 81 87 88 91 
68 80 81 82 89 91 
68 81 82 89 90 
68 69 74 75 83 93 94 
68 69 74 75 83 94 
69 74 75 83 92 93 
69 70 96 
70 95 
70 76 84 
67 77 78 85 99 100 101 
78 98 100 101 
67 85 98 101 
78 85 98 99 100 
67 103 
67 103 102 104 
67 103 
71 86 106 
71 86 105 
71 86 106 
71 72 73 109 
73 108 

