120 813
3 4 6 14 15 16 17 18 19 30 46 48 97 98 99 100 101 102 103 104 
5 10 11 12 22 23 24 25 26 41 80 81 82 83 84 85 86 
1 4 7 18 19 20 31 52 53 54 55 107 108 109 
3 7 18 19 20 31 54 55 108 109 110 
2 10 12 13 25 26 27 41 83 84 85 86 87 88 
1 16 17 30 47 101 102 103 
3 4 20 54 55 56 108 109 110 
9 34 35 36 37 60 61 62 63 64 65 67 68 
8 35 36 37 61 62 63 64 65 66 67 68 69 70 
2 5 11 12 23 24 25 26 41 81 82 83 84 85 86 
2 5 10 12 25 26 41 83 84 85 86 
2 5 10 11 13 27 42 43 87 88 
5 12 14 27 42 43 44 45 89 90 
1 13 15 28 29 45 91 92 93 94 
1 14 29 45 46 92 93 94 95 
1 6 30 98 99 100 101 
1 6 47 48 103 104 
1 3 4 19 31 48 49 50 51 52 53 105 107 
1 3 4 18 31 50 51 52 53 107 
3 4 7 21 56 57 110 111 112 113 114 115 116 
20 32 58 117 118 119 21 
2 38 39 40 71 72 73 74 76 77 78 79 
2 10 22 24 40 76 77 78 79 80 81 82 
2 10 25 26 80 82 
2 5 10 23 26 41 81 82 
2 10 11 24 25 41 83 84 
5 12 13 42 43 44 88 89 
14 15 29 45 91 93 
14 15 28 45 92 93 94 
6 16 47 100 101 102 
3 4 18 
21 58 59 117 118 119 120 
34 33 
8 33 60 
8 9 36 61 62 63 
8 9 35 61 62 63 64 
8 9 38 64 65 66 67 68 69 70 71 72 73 
22 37 39 69 70 71 72 73 74 75 
22 38 71 72 73 74 
22 23 76 77 78 
2 5 10 25 26 83 84 85 86 
5 12 13 87 88 
12 13 27 42 44 87 88 
13 27 43 
13 14 15 28 29 89 90 92 
15 94 95 96 97 
1 6 17 101 102 
17 18 49 50 51 52 104 105 106 
18 48 50 51 52 105 106 
18 19 48 49 51 105 106 
18 19 48 50 52 105 106 
3 19 48 49 50 51 53 107 
3 18 19 107 
3 4 7 109 
3 4 7 54 108 109 
7 20 57 110 111 113 
20 56 111 112 113 114 115 
21 32 59 117 118 119 120 
32 58 
8 33 34 
8 9 35 36 62 
8 9 35 61 63 
9 35 62 64 
8 9 37 63 65 66 67 68 69 70 
8 9 37 64 66 67 68 69 
8 9 37 65 67 68 70 
8 37 64 65 66 68 69 70 
8 37 64 65 66 67 69 70 
9 37 38 64 65 66 67 68 70 71 
9 38 64 66 67 68 69 71 
22 37 38 39 69 70 73 75 
22 37 38 39 73 74 75 
22 37 38 39 71 72 74 75 
22 38 71 72 73 75 
22 38 71 72 73 74 
22 23 40 77 78 79 
22 23 40 76 78 79 
22 23 40 76 77 79 
22 23 40 76 77 78 80 
2 23 24 79 81 
2 10 23 24 25 82 
2 23 24 25 81 
5 10 11 26 41 85 
2 5 10 11 41 83 85 
2 5 10 11 41 83 84 86 
2 5 41 85 
5 12 42 43 88 
5 12 13 42 43 87 
13 27 45 90 
13 45 89 91 
14 28 45 90 
15 28 93 
14 15 28 29 92 
14 15 29 46 
15 46 96 97 
46 95 
1 46 95 96 98 
1 16 97 99 
98 99 
1 16 30 
1 6 16 30 47 102 
1 6 30 101 
1 6 17 
1 48 
18 49 50 51 
48 49 50 51 105 
3 18 19 
3 4 7 109 
3 4 7 54 55 
4 7 20 56 
20 56 57 113 114 115 
20 56 57 111 113 115 
20 56 57 111 112 114 115 
20 57 111 113 
20 57 111 112 113 114 116 
20 21 115 
21 32 58 119 
32 58 117 119 
32 58 117 118 120 
32 58 59 

