68 384
33 35 42 51 53 28 
35 54 55 3 29 30 37 38 
35 54 55 2 5 38 
43 44 8 4 
35 3 34 36 
52 35 5 34 36 
44 56 9 8 
44 7 9 4 
43 44 8 
57 58 59 11 12 13 
57 58 59 10 12 13 
57 58 10 11 13 
59 60 10 11 12 
40 45 60 61 
40 46 
46 47 16 
41 18 
17 19 
48 18 20 
48 62 19 
33 62 63 22 23 
33 62 63 23 
33 62 63 64 21 22 24 
33 64 65 23 25 
33 64 65 
33 50 49 67 68 27 
33 68 
33 42 53 1 
54 55 2 37 
35 54 55 2 29 37 
43 52 66 39 5 6 34 36 
31 52 66 39 56 5 6 34 36 
35 41 42 48 50 51 53 54 55 62 63 64 65 49 67 68 1 2 21 22 23 24 25 26 27 
35 5 6 36 
31 32 43 52 66 33 42 51 53 54 55 1 2 3 5 6 29 30 37 38 34 36 
35 5 
54 55 2 3 30 38 
35 54 55 3 37 
31 32 
45 46 47 14 15 40 
33 47 48 41 17 
33 35 51 53 54 1 28 
31 32 44 56 9 8 
43 7 9 8 4 
40 46 59 60 61 14 15 
40 45 47 15 16 
40 41 46 16 
33 41 62 18 19 20 
33 50 65 67 68 
33 42 51 49 67 68 26 27 
33 35 42 50 53 1 28 
31 32 66 6 34 36 
33 35 42 51 54 1 28 
33 35 42 53 55 2 3 29 30 37 38 
33 54 2 3 29 30 37 38 
43 44 7 9 
58 59 10 11 12 
57 59 58 10 11 12 
45 10 11 12 13 
40 59 61 13 14 
40 46 60 15 
33 48 63 20 21 22 23 
33 64 21 22 23 
33 63 65 23 24 25 
33 64 49 24 25 
31 32 52 39 
50 65 49 68 26 
33 50 49 67 26 27 

