121 863
74 89 90 103 37 38 39 
91 92 93 104 41 42 43 44 
80 93 94 105 106 47 
81 95 107 
81 95 107 
75 77 81 96 97 
75 77 82 108 
82 9 10 
82 10 
82 8 9 
76 98 110 12 
76 98 110 11 13 
76 78 109 110 11 12 14 
76 78 13 15 
76 78 
76 83 111 
76 78 83 111 112 
73 83 
73 84 113 20 
73 84 113 19 
73 99 100 113 114 
73 99 100 116 
73 115 116 24 
73 85 116 117 118 23 
73 74 79 85 26 
73 85 25 
73 74 86 119 28 29 
73 74 86 119 27 29 
73 74 119 27 28 30 
74 86 87 119 29 
74 87 30 
87 101 
74 87 101 
88 89 102 120 35 
74 88 102 120 34 
74 88 89 102 120 121 
74 89 90 103 1 38 
74 89 90 1 37 39 
90 1 38 
90 91 
91 92 42 43 
91 92 104 2 43 
91 92 104 2 41 42 
92 94 104 2 45 
92 93 94 104 44 
93 94 105 3 
80 94 105 106 3 
49 50 51 52 53 54 48 55 56 57 58 62 63 64 65 66 67 68 80 94 105 106 
48 50 51 52 53 55 56 62 63 64 65 80 106 
48 49 51 52 55 56 57 62 63 64 65 80 106 
48 49 50 52 53 55 62 63 64 106 
48 49 50 51 53 55 62 63 64 
48 49 50 51 52 54 55 56 57 58 64 65 66 67 68 
48 53 58 59 60 61 68 69 70 71 
48 49 50 51 52 53 63 64 65 
48 49 50 53 57 64 65 66 67 
48 50 53 56 65 66 67 
53 54 68 
54 60 61 69 71 
54 59 61 69 71 72 
54 59 69 70 71 72 
48 49 50 51 52 55 63 
48 49 50 51 52 55 62 
48 49 50 52 53 56 
48 49 50 53 55 56 57 
53 56 57 67 
48 53 66 
48 53 54 58 
54 59 60 61 70 71 
54 59 60 61 69 71 
54 59 60 61 69 
60 61 71 
74 75 76 78 79 83 84 85 86 87 88 89 99 100 101 113 114 115 116 117 118 119 18 19 20 21 22 23 24 25 26 27 28 29 
48 73 79 80 85 86 87 88 89 90 91 92 93 101 102 103 119 120 121 1 25 27 29 30 31 32 33 34 35 36 37 38 
73 77 81 82 95 96 97 107 108 5 6 7 
73 78 83 84 98 109 110 111 112 11 12 13 14 15 16 17 
75 81 82 95 96 97 108 6 
73 83 84 98 109 111 112 13 14 15 16 17 
73 74 85 117 118 119 25 26 27 
49 51 52 48 74 92 93 94 104 105 106 3 45 46 47 
75 77 95 96 97 107 4 6 
75 108 7 8 9 10 82 
73 76 78 84 111 112 16 17 18 
73 76 78 83 99 113 18 19 20 
73 74 79 86 117 118 24 25 
73 74 79 85 87 119 27 28 29 30 
73 74 88 101 119 30 31 32 33 
73 74 89 101 102 103 120 121 34 35 36 
73 74 88 90 102 103 121 1 34 36 37 38 
74 89 91 102 103 120 121 1 37 38 40 
74 89 90 92 93 104 2 40 91 41 42 43 
74 91 93 94 104 2 41 42 43 44 45 
74 80 91 92 94 104 105 2 3 44 45 46 
80 92 93 104 105 106 3 44 45 46 47 
75 77 81 107 5 
75 77 97 108 6 
75 77 81 96 108 6 
76 78 109 110 12 13 
73 84 100 113 114 115 116 21 22 
73 99 114 115 116 21 22 
73 74 87 88 31 32 
74 88 89 90 101 103 120 121 34 35 36 
74 88 89 90 102 120 121 1 36 37 
80 91 92 93 94 2 42 43 44 45 
48 80 93 94 106 3 46 47 
48 80 94 105 3 47 
75 95 4 5 
75 77 96 97 7 
76 98 110 11 12 
76 98 109 11 12 13 
78 83 112 16 17 
78 83 111 
73 84 99 19 20 21 
73 99 100 115 21 22 
73 99 100 114 116 22 23 
73 99 100 115 117 22 24 
73 79 85 116 118 23 24 
73 79 85 117 24 
73 74 79 86 87 27 28 29 30 
74 88 89 90 102 103 121 35 36 
74 88 89 90 102 103 120 36 

