370 2851
2 4 5 10 11 12 13 14 15 18 22 23 24 25 26 27 28 29 30 49 50 51 53 54 55 71 72 73 74 75 76 77 78 79 80 81 82 83 84 85 86 87 129 134 
1 3 6 7 8 16 19 20 21 38 39 40 41 42 43 58 59 60 61 62 63 108 109 110 111 112 113 114 115 116 
2 8 9 16 17 21 44 45 46 47 65 66 67 68 69 120 121 122 124 
1 5 12 13 14 27 28 29 30 31 32 53 54 55 84 85 86 87 88 89 90 91 92 
1 4 6 15 31 32 33 34 35 56 57 96 97 98 99 100 
2 5 7 15 19 37 38 39 58 59 6 101 102 103 104 105 106 107 108 
2 6 20 37 38 39 40 41 58 59 60 105 106 107 108 109 
2 3 9 16 46 47 69 122 8 124 125 126 127 128 
3 8 17 69 124 125 126 127 128 
18 22 48 70 10 171 212 
1 12 23 24 25 26 49 50 51 72 73 74 75 
1 11 13 27 52 76 77 78 80 82 
1 4 12 14 27 28 52 53 78 80 82 83 84 85 86 
1 4 13 27 28 29 30 53 54 84 86 87 88 89 
1 5 6 33 34 35 36 57 98 99 
2 3 8 21 43 44 45 46 63 64 65 66 67 119 
3 8 9 69 122 
1 48 212 213 
2 6 7 37 38 39 58 59 104 105 106 107 108 
2 7 40 41 42 60 61 110 
2 3 16 44 45 46 47 64 65 66 119 
1 10 70 71 
1 11 24 25 26 50 72 73 74 
1 11 23 25 26 50 73 74 
1 11 23 24 26 50 73 74 75 
1 11 24 25 73 74 75 
1 4 12 13 14 28 52 80 81 82 83 84 85 86 
1 4 13 14 27 53 83 84 85 86 
1 4 14 30 53 54 55 87 88 89 
1 4 14 29 55 89 90 91 
4 32 91 92 93 94 95 96 
4 5 31 56 93 94 95 96 
15 34 35 57 98 99 100 
5 15 33 35 36 57 100 
5 15 33 34 57 
15 34 35 57 
19 6 101 102 103 104 
2 6 7 19 39 58 59 105 106 107 108 
2 6 7 19 38 59 105 106 108 
2 7 20 41 60 110 
2 7 20 40 42 60 61 110 112 
2 20 62 111 112 113 114 
2 16 62 63 114 115 116 117 118 
3 16 21 45 63 64 65 66 119 
3 16 21 44 46 47 65 67 119 120 121 
3 8 16 21 45 47 66 67 68 120 121 
3 8 16 21 45 46 66 67 68 120 121 
10 18 
1 11 71 72 
1 11 23 24 25 72 73 
1 11 12 26 75 76 
1 12 79 80 81 
1 4 13 14 28 29 54 84 85 86 87 
1 4 14 29 53 55 87 88 
1 4 14 29 30 54 87 88 
5 31 32 96 97 
5 15 33 34 35 36 100 
2 6 7 19 38 39 59 105 106 107 108 
2 7 19 38 39 58 106 107 108 
2 40 41 109 
2 20 41 42 111 113 
2 42 43 114 115 116 117 
2 16 43 44 64 117 118 
44 63 
3 16 21 44 45 66 119 120 
3 44 45 46 47 65 119 120 
3 45 46 47 68 121 
3 46 47 67 121 122 123 
3 8 17 
10 22 48 
1 49 
1 11 23 49 50 
1 11 23 24 25 26 50 
1 11 23 24 26 73 
1 11 24 25 26 76 
1 12 51 
1 78 79 
1 13 77 79 
1 12 13 52 77 78 80 81 
1 12 13 27 52 79 81 82 
1 12 13 27 52 79 80 82 
1 12 27 52 
1 27 28 84 
1 4 13 14 27 28 53 83 85 86 
1 4 13 27 28 53 83 84 86 
1 4 13 14 27 28 53 84 85 
1 4 14 29 53 54 55 
4 29 54 55 
14 29 30 
4 91 92 
4 30 31 90 92 93 94 
4 31 91 93 94 
31 32 91 92 94 95 
31 32 91 92 93 95 
31 32 93 94 
5 31 32 56 97 
5 56 
5 15 33 
5 15 33 98 
5 15 33 34 57 
6 37 102 103 
6 37 101 103 
6 37 101 102 104 
6 37 103 
7 19 38 39 58 106 107 
6 7 19 38 39 58 59 105 107 
6 19 38 39 58 59 105 106 
2 6 7 19 38 39 58 
2 7 
2 20 40 41 111 112 
2 41 42 61 110 112 
2 20 41 42 61 110 
42 61 62 
2 42 62 113 115 116 
2 62 
2 43 62 114 115 117 118 
43 62 63 116 118 
43 63 116 117 
16 21 44 45 65 66 120 
16 21 45 46 47 65 66 119 
3 46 47 67 
3 8 17 68 123 
3 68 122 
8 9 17 
8 9 126 127 128 
8 9 125 127 128 
8 9 125 126 128 
8 125 126 127 
1 130 133 135 140 141 142 143 144 145 146 147 157 158 159 160 161 162 163 188 189 190 191 193 194 195 196 197 246 247 248 249 250 251 252 253 254 256 257 258 259 260 261 262 263 
129 135 142 144 145 146 147 161 162 163 164 165 196 197 198 199 200 263 264 265 266 267 268 269 270 271 
132 136 137 150 151 172 214 215 216 217 218 290 291 324 
131 133 136 137 152 172 173 174 175 176 216 217 218 219 220 221 222 291 
129 132 137 138 139 152 153 154 173 176 177 178 179 180 222 223 224 225 226 227 228 229 230 
10 18 22 48 167 168 169 170 171 210 211 212 213 281 282 283 284 285 
129 142 143 144 145 146 161 162 196 197 260 261 262 263 
131 132 137 151 172 173 216 217 218 219 220 
131 132 133 136 138 152 153 173 174 175 176 177 220 221 222 223 
133 137 152 153 154 177 178 179 180 224 225 226 227 228 
133 138 155 179 180 181 229 231 232 233 234 
129 141 142 192 193 194 195 251 252 253 254 255 256 257 258 
129 140 142 143 192 193 194 195 257 258 259 
129 130 135 140 141 143 144 161 195 258 259 
129 135 142 144 161 195 
129 130 135 142 143 161 196 260 261 262 
129 130 135 146 162 163 197 264 265 266 267 268 269 
129 130 135 145 162 163 197 264 265 266 267 268 269 
129 130 148 164 165 166 198 199 200 201 271 272 273 
147 149 165 166 201 202 203 204 205 206 274 275 276 277 
148 165 166 167 201 203 204 205 206 207 274 275 276 277 
131 214 215 324 370 
131 132 136 172 216 
132 133 137 138 153 154 173 176 177 178 222 223 225 226 
133 137 138 152 154 177 178 223 224 225 226 227 228 
133 138 152 153 177 178 224 225 226 227 228 
139 156 181 182 183 233 234 235 236 237 238 
182 183 184 186 238 239 240 241 242 
129 158 188 245 157 
129 188 245 
129 160 189 190 191 247 248 249 250 
129 159 190 191 248 249 250 
129 130 142 143 144 196 260 261 263 
129 130 135 145 146 163 164 197 264 265 266 267 268 269 
129 130 145 146 162 164 198 267 268 270 
130 147 162 163 
130 147 148 149 166 201 202 203 204 205 274 
147 148 149 165 201 202 203 204 205 274 
134 149 168 169 170 206 207 208 210 278 280 
134 167 169 208 209 210 279 280 
134 167 168 170 209 210 279 280 281 
134 167 168 169 209 210 211 280 282 283 
134 211 212 213 285 
132 151 216 
132 133 136 137 152 174 175 176 219 220 221 222 
132 173 175 176 220 221 222 
132 137 173 174 176 220 221 222 
132 133 137 152 173 174 175 221 
133 137 138 152 153 154 222 223 224 225 226 
133 138 152 153 154 224 225 226 227 228 
133 139 180 229 230 231 
133 138 139 179 229 230 231 180 
139 155 182 234 235 236 237 
155 156 181 184 236 237 238 239 
155 156 182 185 237 238 
155 156 182 183 185 238 239 240 
182 183 184 239 240 241 
156 241 242 244 
186 241 242 243 244 
129 157 158 245 246 
129 159 246 
129 159 160 191 249 250 
129 140 159 160 192 248 249 250 251 
129 140 141 251 252 253 254 255 256 
129 140 141 194 257 
129 140 141 193 195 257 258 
129 140 141 142 143 194 258 259 
129 130 135 144 161 260 261 262 263 
129 130 135 145 146 162 264 265 
130 147 163 199 200 270 271 272 
147 198 200 271 272 
130 147 198 199 271 272 273 
147 148 149 165 166 202 203 204 205 
148 149 165 166 203 205 274 
148 149 165 166 201 202 204 205 274 
148 149 165 201 202 205 
148 149 166 202 203 204 274 
148 207 208 275 276 277 278 
149 167 206 278 
167 168 206 207 209 278 279 
168 169 170 208 210 279 280 
167 168 169 170 209 279 280 281 
134 170 171 281 282 283 284 285 
134 171 213 
134 212 
150 215 
131 150 214 
131 136 151 
132 136 151 218 
131 132 136 219 
132 173 218 220 
132 136 137 173 174 175 219 221 
132 137 173 174 175 176 220 
132 133 137 152 174 175 177 223 
133 137 153 177 222 224 
133 138 152 153 154 177 178 223 225 226 
133 138 152 153 154 177 178 224 226 227 228 
133 138 152 153 154 177 178 225 227 228 
133 138 153 154 178 225 226 228 
133 138 153 154 178 225 226 227 
133 138 139 179 180 230 231 232 
133 139 179 180 229 232 
139 179 180 229 232 
139 179 180 229 231 
139 155 180 234 
139 155 181 233 235 236 237 
155 181 234 236 237 
155 181 182 234 235 237 
155 181 234 235 236 
155 156 182 183 184 185 239 
156 182 184 185 238 
184 185 241 
156 185 186 187 240 242 243 
156 186 187 241 243 
186 187 241 242 244 
186 187 243 
157 158 188 
129 188 189 
129 159 160 189 190 
129 159 160 190 191 249 250 
129 159 160 190 250 251 
129 159 190 191 248 249 251 
129 140 191 192 249 252 253 
140 192 251 253 254 255 
129 140 251 252 254 255 256 
140 192 253 255 256 
129 192 252 253 254 
129 140 192 252 253 254 255 
129 140 141 193 194 
129 140 141 142 194 195 259 
129 141 142 195 258 
129 135 161 196 261 262 
129 135 144 161 196 260 
129 135 144 161 196 260 261 263 
129 130 135 144 161 196 262 
130 145 146 162 197 265 266 267 268 
130 145 146 162 197 264 266 267 268 
130 145 146 162 264 265 267 268 269 
130 145 146 162 163 264 265 266 268 269 
130 145 146 162 264 265 266 267 269 
130 145 146 162 163 267 268 
130 163 164 198 
130 147 198 199 200 272 
147 198 199 200 271 273 
147 272 
148 165 166 202 203 204 205 275 
148 149 206 274 276 277 
148 149 206 275 277 
148 149 206 275 276 
167 206 207 208 
167 168 169 208 209 210 280 
167 168 169 170 209 210 279 
134 169 210 211 282 
134 170 211 281 283 
134 170 211 282 284 285 
134 211 283 285 
134 171 211 283 284 
129 131 132 133 136 137 138 150 151 152 172 173 214 215 216 217 287 288 289 290 291 295 296 297 298 299 305 306 307 317 318 319 320 321 322 323 324 352 354 355 356 357 358 359 360 361 362 363 364 365 366 367 368 369 370 
286 292 293 294 300 301 302 303 304 309 310 311 312 313 329 330 331 333 334 335 336 337 338 339 340 341 342 343 344 345 
286 289 290 297 298 299 321 361 362 
286 288 290 298 299 320 321 361 362 
286 288 289 291 298 299 308 322 323 363 364 365 366 367 368 369 
150 214 215 286 290 299 324 366 367 368 369 291 
287 302 303 309 331 332 333 334 335 336 337 338 339 340 
287 294 303 309 310 311 312 343 344 
287 293 303 310 311 312 343 344 
286 296 306 307 315 316 317 350 351 352 353 
286 295 297 317 318 352 353 355 356 
286 288 296 317 318 354 355 356 357 358 359 360 
286 288 289 290 299 308 322 361 362 363 365 
286 288 289 290 291 298 308 322 363 364 365 366 
287 301 325 326 
287 325 326 327 328 
287 292 329 330 331 332 333 334 
287 292 293 294 309 341 342 343 
287 313 314 345 
286 306 315 346 347 348 305 
286 295 305 315 347 348 349 350 351 
286 295 296 352 
289 290 299 322 363 364 365 
287 292 303 310 340 341 342 343 
287 293 294 303 309 311 343 
287 293 294 310 312 344 
287 293 294 344 
287 304 314 345 
304 313 
295 305 306 316 346 347 348 349 350 351 
295 306 315 346 347 348 349 350 351 
286 295 297 353 354 355 356 
286 296 297 319 356 357 358 359 360 
286 288 297 318 360 
286 288 289 321 
286 289 320 361 
286 290 298 299 308 364 365 
286 290 291 366 367 368 369 370 
214 291 323 370 
300 301 327 328 
300 301 325 327 328 
301 326 328 
301 325 326 327 
287 302 330 331 
287 302 329 331 332 333 
287 292 302 329 330 332 333 
287 292 302 331 333 
287 292 302 330 331 332 
287 292 302 335 336 337 
292 334 336 337 338 
287 292 334 335 337 338 339 
287 334 336 338 339 
287 292 335 336 337 339 
287 292 335 338 
287 292 303 309 341 342 
287 303 309 340 342 
287 303 309 340 341 343 
287 293 294 303 309 310 
294 311 312 
287 304 313 
305 306 315 316 347 348 349 350 
305 306 315 316 346 348 349 
305 306 315 346 347 349 350 351 
315 316 346 347 348 350 
295 315 316 346 347 348 349 351 
295 306 315 316 349 350 
286 295 307 353 
296 307 317 352 
286 296 297 317 355 356 
286 296 297 317 354 
296 297 317 318 354 357 
286 297 318 356 358 359 
286 318 357 360 
286 297 318 319 357 358 
286 297 318 319 358 359 
286 288 289 321 362 
286 288 289 298 361 
286 298 299 308 322 364 
286 290 298 299 308 322 363 
286 290 298 299 308 322 364 
286 290 291 299 323 367 368 369 
286 290 291 323 366 368 369 
286 290 291 323 366 367 369 
286 290 291 323 367 368 
286 323 291 

