99 655
2 3 8 9 10 11 12 13 18 19 20 21 22 35 36 37 38 39 40 78 79 80 81 82 83 84 85 86 87 
1 3 4 5 7 8 17 28 30 31 32 2 60 61 62 63 64 65 66 67 
1 8 9 10 18 19 20 33 34 35 36 37 38 39 73 74 75 76 77 78 79 80 81 
2 6 7 15 16 26 27 28 54 55 56 57 58 
2 8 17 31 60 61 62 63 64 66 67 
4 7 15 16 26 27 52 53 54 55 56 
2 4 6 16 28 56 57 58 59 
1 2 3 5 17 31 32 62 64 65 66 67 68 69 70 71 
1 3 18 33 34 35 36 37 73 75 76 77 78 79 
1 3 18 20 21 38 39 82 83 84 85 86 
1 13 22 40 87 
1 11 13 22 40 88 
1 11 12 22 40 88 
23 24 42 43 44 45 92 93 
4 6 26 27 51 52 53 15 
4 6 28 56 57 58 
2 5 8 31 32 62 63 64 65 66 67 68 
1 3 9 10 19 35 36 37 38 39 80 81 82 
1 3 18 37 38 39 80 81 
1 3 10 21 38 39 82 83 84 85 
10 20 39 83 84 
1 11 12 13 40 
42 90 91 92 
14 25 45 46 47 94 95 96 
24 46 97 98 
27 54 
4 6 15 26 52 53 54 
2 4 16 29 58 59 28 
28 30 59 
2 29 
2 5 8 17 62 63 64 65 
2 8 17 68 69 70 
3 34 73 75 76 77 
3 9 33 73 74 75 76 77 78 
1 3 9 18 36 37 78 79 
1 3 9 18 35 37 78 79 80 
1 9 19 35 36 79 80 
1 3 10 18 19 20 39 81 82 
1 3 10 18 20 21 38 82 83 84 
1 11 12 13 22 40 
23 42 89 90 91 
14 92 
14 44 93 
43 93 45 
14 24 46 45 94 95 96 
25 45 94 95 
24 25 97 98 
49 50 97 98 99 
48 50 97 98 99 
49 99 
15 52 
6 15 26 27 51 53 
6 15 26 27 52 
4 6 26 27 55 
4 6 54 56 
4 6 7 16 55 57 
7 16 56 
4 7 16 28 29 59 
7 29 58 
2 5 61 
2 60 
2 5 8 17 31 63 64 65 66 
2 5 17 31 62 64 65 66 
2 5 8 17 31 62 63 65 66 67 
2 5 8 17 31 62 63 64 66 67 
2 5 8 17 31 62 63 64 65 67 
2 5 8 31 62 64 65 66 
17 32 
8 32 70 72 
8 32 69 71 72 
8 69 70 72 
69 70 71 
3 9 33 34 74 76 77 
3 33 34 73 75 76 77 
3 9 33 34 73 74 76 77 
3 9 33 34 73 74 75 77 
3 9 33 34 73 74 75 76 
1 3 9 34 35 36 79 
1 9 35 36 37 78 
1 3 18 19 36 37 81 
1 3 18 19 38 80 
1 18 20 83 84 
1 10 20 21 39 84 
1 10 20 21 39 82 83 
1 10 20 21 
1 10 
1 11 
12 89 
41 88 90 
23 41 89 91 
23 41 90 
14 42 
14 43 44 45 
24 45 46 96 
24 45 46 96 
45 46 94 95 
25 47 48 49 98 
25 47 48 49 97 
48 49 

