384 2935
372 373 374 378 3 13 14 15 40 77 78 
372 373 1 3 15 40 79 
372 373 374 378 2 40 79 
379 5 6 19 20 48 49 88 89 90 91 
4 6 19 20 21 22 49 50 51 52 
379 5 20 21 22 49 50 51 92 93 
23 24 25 26 53 54 55 95 96 
380 381 30 31 32 61 107 108 
376 377 382 10 33 62 63 64 65 66 67 156 
377 382 33 62 63 64 65 66 67 
377 34 35 36 68 
373 374 383 384 39 72 73 74 
372 373 374 383 384 1 14 75 76 
372 374 1 13 76 77 
372 374 378 1 2 40 
372 375 378 17 41 42 43 82 
372 375 16 41 42 43 44 83 84 
372 375 45 46 47 87 
379 4 5 20 48 49 88 90 91 
4 5 6 19 22 49 50 51 
379 5 6 20 22 49 50 52 92 93 
379 5 6 20 49 50 51 52 92 93 94 
7 24 25 96 
23 25 26 55 95 96 
7 23 24 26 27 55 97 
7 23 24 25 27 55 97 98 
25 26 57 98 99 100 
380 29 58 59 60 101 102 103 
380 28 59 60 103 104 105 
380 381 8 31 107 108 
381 8 30 32 61 108 109 110 111 
381 8 30 31 61 108 109 110 
376 377 382 9 10 34 63 64 65 66 67 
377 11 67 
377 11 36 68 
377 11 35 68 69 
38 70 
383 37 71 
373 374 383 384 12 74 75 
372 373 378 1 2 3 15 79 
372 375 16 17 42 83 84 
372 375 17 41 43 44 83 84 
372 375 16 17 41 42 44 83 84 
372 375 17 42 43 83 84 85 
372 375 18 46 86 
375 18 45 
18 87 
4 19 47 88 89 
379 4 5 6 19 20 21 22 50 51 
379 5 6 20 21 22 51 
379 5 6 20 21 22 49 52 92 93 
379 5 6 21 22 51 92 93 94 
7 54 94 
53 
7 23 24 95 96 
27 57 98 99 100 
27 56 58 100 101 
28 57 101 102 
380 28 60 103 
380 29 104 
381 8 30 31 32 107 108 
376 382 9 10 63 64 65 
376 382 9 10 33 62 64 65 66 
376 382 9 10 33 62 63 65 66 
376 382 10 33 62 63 64 66 
376 382 9 10 33 63 64 65 
377 9 10 33 34 
377 11 35 36 
377 36 70 
37 70 
373 374 383 384 71 72 73 
373 374 383 384 12 71 73 
373 374 383 384 12 71 
374 384 12 39 
373 374 384 13 39 
373 374 13 14 
373 374 13 14 
373 374 1 15 77 
372 378 2 3 40 
372 378 81 
372 378 80 
372 16 
372 16 17 41 42 43 44 84 
372 375 17 41 42 43 44 
372 375 44 86 
375 45 85 
375 18 46 47 
4 19 48 89 
4 19 48 88 90 91 
379 4 19 91 
4 19 89 90 
379 6 21 22 51 52 93 94 
379 6 21 51 52 92 94 
22 52 53 92 93 54 94 
7 23 24 53 96 
7 23 24 55 95 
25 27 98 
97 99 
27 56 98 100 
27 99 
28 57 58 102 
28 101 
28 29 59 
380 60 105 106 
380 29 104 106 
380 104 105 
380 381 30 61 
381 8 31 32 
381 110 
381 31 32 109 
381 31 
265 372 373 374 375 376 377 378 382 384 1 2 3 9 10 11 12 13 14 15 33 34 35 36 37 38 39 62 63 64 65 66 67 68 69 70 71 113 117 118 119 129 130 131 132 133 134 148 149 150 151 152 153 154 155 156 181 182 183 184 185 186 187 188 189 190 191 192 193 238 241 242 243 244 245 246 247 248 249 250 251 252 253 254 255 256 257 258 259 260 
112 116 123 124 125 126 138 139 140 141 142 143 167 168 169 170 208 209 210 211 212 213 215 
115 121 122 123 136 137 163 164 165 166 199 200 201 202 
114 121 122 123 136 137 163 164 165 166 
125 126 142 143 171 172 217 218 219 116 
127 128 144 173 174 175 176 221 222 223 224 117 
112 129 148 178 179 180 227 228 229 230 231 
112 133 134 152 153 185 186 187 188 245 246 247 248 249 
121 122 135 157 159 160 161 162 194 195 196 197 261 
115 120 122 135 158 159 160 161 162 163 197 198 199 200 201 261 
114 115 120 121 135 136 137 161 162 163 164 198 199 200 201 202 
113 114 115 136 137 138 165 166 123 
113 138 139 140 141 142 170 208 210 211 213 214 
113 116 142 143 171 215 216 217 218 219 
113 116 125 143 171 172 217 218 219 
117 128 144 145 146 173 174 176 220 221 222 223 224 225 
117 144 145 174 175 176 177 220 221 222 223 224 225 
112 118 147 178 179 227 230 
112 132 148 149 150 234 235 236 237 
112 130 132 149 150 181 235 237 
112 130 131 148 149 150 181 236 
112 119 134 151 152 182 183 184 185 186 243 244 245 246 
119 153 185 186 187 188 247 248 249 
120 121 122 157 158 159 160 161 162 195 196 197 
114 115 122 123 137 163 164 165 
114 115 122 123 136 164 165 166 
113 123 124 139 168 203 204 205 206 207 
113 124 138 140 141 169 170 207 208 209 210 211 
113 124 139 141 208 210 211 
113 124 139 140 170 208 209 210 211 212 
113 116 124 143 216 
113 116 125 126 142 215 216 217 218 219 
117 127 128 145 146 175 176 177 223 224 225 
127 128 144 146 177 225 226 
127 144 177 178 225 226 227 
118 129 178 179 227 228 229 230 
112 118 130 131 132 149 180 233 234 235 
112 130 131 132 148 232 233 234 235 236 
112 130 131 132 151 181 237 238 239 240 241 
112 133 150 152 182 183 184 241 242 243 
112 119 133 151 182 183 184 185 186 243 244 246 
112 119 134 154 188 248 249 250 
153 250 251 252 
112 190 191 252 253 254 255 256 257 
9 62 112 192 258 259 260 
120 158 159 160 194 195 196 
120 121 135 157 159 160 194 195 196 197 
120 121 135 157 158 160 194 195 196 197 
120 121 135 157 158 159 161 195 196 197 
120 121 122 135 160 162 197 198 
114 120 121 122 135 161 163 198 199 200 
114 115 121 136 162 164 198 199 200 201 
114 115 136 137 163 201 
114 115 123 136 137 166 
114 115 137 165 
113 123 138 168 169 203 204 206 
113 203 204 205 206 207 
113 138 139 167 168 203 205 206 207 
113 124 139 140 141 211 212 213 214 
116 125 126 
116 171 
117 127 174 220 
117 127 128 220 221 222 
117 127 128 144 176 177 221 222 223 224 
127 128 144 175 177 221 223 224 
117 127 128 144 145 146 175 176 223 224 225 
129 147 226 227 
129 147 227 228 229 230 
118 148 231 232 233 
112 130 131 132 237 238 239 240 
112 133 151 152 183 241 242 243 
112 133 151 152 184 242 243 244 245 
112 133 151 152 183 185 243 244 
112 119 133 134 152 184 245 246 247 
112 133 134 185 245 246 247 
112 119 134 153 247 248 
112 119 134 153 154 248 249 250 251 
155 190 191 252 254 255 256 257 
112 155 189 191 254 255 256 257 
112 155 189 190 256 257 258 
112 156 193 258 259 260 
112 156 192 258 259 260 
120 158 195 196 
120 135 157 158 159 160 194 196 
120 135 157 158 159 194 195 197 
120 121 135 158 159 160 161 196 
121 122 135 161 162 163 199 200 
114 121 122 161 162 163 198 200 201 202 
114 121 122 162 163 198 199 201 
114 121 122 163 164 199 200 
114 122 164 199 200 201 
138 167 169 204 205 206 
167 168 203 205 206 
167 168 169 203 204 206 
138 167 168 169 203 204 205 
138 168 169 
113 124 139 140 141 209 210 
113 124 140 141 208 210 
113 124 139 140 141 170 208 209 211 
113 124 139 140 141 170 
113 124 141 170 213 
113 124 212 214 
113 124 170 212 213 
113 125 142 143 
125 142 143 215 217 
116 126 143 216 218 219 
116 125 217 219 
116 125 126 143 217 218 
127 128 173 174 221 
117 127 128 174 175 220 222 
128 174 176 221 
117 127 128 144 175 176 177 224 225 
117 127 128 144 175 176 177 223 225 
127 128 144 145 146 177 223 224 
146 178 227 
118 129 147 178 179 228 
129 147 179 227 229 
129 147 179 228 
118 129 147 179 
118 180 
148 149 180 233 
148 149 232 
148 149 235 236 
130 131 148 149 234 236 
130 131 132 148 149 234 235 
130 131 132 150 181 
112 132 150 181 240 
181 238 240 
150 181 238 239 241 
112 150 151 182 240 242 
112 151 182 243 
112 133 151 152 182 183 184 244 
112 133 152 183 184 243 245 
119 133 152 183 185 186 246 
112 119 133 152 185 186 245 
112 119 134 185 186 187 
112 119 134 153 187 188 249 
112 119 134 153 188 248 250 
153 154 188 249 
112 154 
112 154 155 189 253 254 
112 155 252 254 
112 155 189 190 252 253 255 
155 189 190 254 256 
155 189 190 191 255 257 
112 155 189 190 191 256 258 
112 156 191 192 193 257 259 
112 156 192 193 258 260 
112 156 192 193 259 
120 121 135 157 158 159 160 194 195 196 197 262 263 264 
261 263 262 
261 262 264 263 
263 
266 267 268 269 270 271 272 273 274 275 276 277 278 279 282 283 284 285 286 287 288 289 290 291 292 293 294 301 302 303 304 305 306 307 308 309 310 311 312 313 314 329 332 334 335 336 337 338 339 340 341 342 343 344 345 346 347 348 349 350 351 352 372 381 112 265 
265 267 269 270 273 274 275 276 277 278 286 287 288 289 290 291 292 293 294 310 311 312 313 314 346 348 349 350 351 352 353 354 355 
265 266 269 274 275 286 287 288 289 290 291 308 309 310 311 312 341 342 343 344 345 346 347 348 349 350 
265 280 281 282 296 297 298 299 322 323 324 325 326 327 328 
265 266 267 274 275 286 287 288 289 290 291 310 311 312 313 314 346 347 348 349 350 351 352 
265 266 276 277 278 279 315 316 317 361 362 363 
265 272 285 302 303 332 333 334 335 336 337 
265 271 284 285 301 302 303 329 330 331 332 333 334 335 336 337 
265 266 267 307 308 340 341 342 343 344 
265 267 269 275 286 287 288 289 290 291 310 311 346 347 348 349 350 
265 266 267 269 274 287 288 289 290 291 311 312 348 349 350 
265 266 270 277 278 294 315 357 359 360 
265 266 270 278 279 294 315 316 359 360 
266 270 276 277 279 294 315 316 360 361 
265 270 277 278 316 361 362 
268 281 296 297 298 299 322 323 324 325 326 327 
268 280 296 297 298 300 325 327 
268 328 
265 284 285 301 329 
265 272 283 285 301 302 329 330 331 
265 271 272 283 284 301 302 329 330 331 
265 266 267 269 273 274 287 309 343 344 345 346 
265 266 267 269 274 275 286 288 289 309 345 346 347 
265 266 267 269 274 275 287 289 290 310 346 348 349 350 
265 266 267 269 274 275 287 288 290 310 311 348 349 350 
265 266 267 269 274 275 288 289 291 310 311 312 348 349 350 
265 266 267 269 274 275 290 310 311 312 313 351 
265 266 293 353 355 356 
265 266 292 353 354 355 
265 266 276 277 278 315 358 359 360 
318 319 320 366 367 368 369 
268 280 281 297 298 322 323 324 325 326 327 
268 280 281 296 298 324 325 326 327 
268 280 281 296 297 299 300 325 326 327 
268 281 298 300 327 
281 298 299 
272 283 284 285 302 331 
265 271 272 284 285 301 329 330 331 332 
265 272 334 335 336 337 
305 338 339 
304 338 339 
273 307 339 340 
265 273 306 
265 267 273 340 341 342 343 344 
265 267 286 287 343 344 345 
265 266 267 269 274 275 288 289 290 291 311 348 349 
266 267 269 274 275 289 290 291 310 312 349 351 
266 267 269 275 291 351 
266 269 291 351 352 
265 266 313 352 353 
270 276 277 294 316 360 
270 277 278 279 361 
317 363 
295 319 365 366 367 368 369 
295 366 367 369 
295 321 370 371 
320 371 
268 280 323 
268 280 296 322 324 
268 280 296 297 322 323 325 326 
268 280 281 296 297 324 326 327 
268 280 281 296 324 325 
268 281 296 297 298 299 325 326 
268 282 
265 272 283 284 302 330 331 
272 284 285 301 302 329 331 
272 284 285 301 302 329 330 
265 271 272 302 333 
271 272 332 
265 271 303 335 336 337 
265 271 272 303 334 336 337 
265 271 272 303 334 335 337 
271 272 334 335 336 
265 304 305 
265 304 305 306 338 
273 306 307 341 
265 267 273 308 340 342 
265 267 273 341 343 344 
265 267 273 308 309 341 342 344 
265 267 273 286 308 309 342 343 
267 287 
266 267 269 274 286 287 288 289 347 
265 266 267 269 274 287 288 346 
265 266 267 269 274 275 288 289 290 349 350 
265 266 267 269 274 275 288 289 290 310 311 348 350 
265 266 267 269 274 275 288 289 290 310 311 348 349 
265 266 291 311 312 313 
265 266 269 313 314 
266 292 293 314 354 
266 293 353 
266 292 293 356 
292 293 355 
294 358 359 
294 357 359 
277 294 357 358 
276 277 278 294 
270 278 279 316 
270 279 
270 317 364 
363 365 
318 364 366 
295 319 365 367 368 
319 369 
295 318 319 366 367 369 
318 366 368 
320 371 370 
320 321 370 
373 374 375 378 383 384 1 2 3 14 15 16 17 18 40 41 42 43 44 45 79 80 81 82 83 84 
372 374 375 377 378 383 384 1 2 3 12 13 14 15 39 40 71 73 74 75 76 77 78 
372 373 383 384 1 2 3 12 13 14 15 39 71 72 73 74 75 76 77 78 
372 373 16 17 18 41 42 43 44 45 46 83 84 85 86 87 
377 382 9 10 33 62 63 64 65 66 156 192 193 260 
373 376 382 9 11 33 34 35 36 67 68 69 70 
372 373 374 1 2 3 15 16 40 79 80 81 
4 5 6 19 20 21 49 50 51 52 90 92 93 
381 8 28 29 30 59 60 104 105 106 107 
380 8 30 31 32 61 107 108 109 110 111 
376 377 9 10 33 62 63 64 65 66 156 192 193 
372 373 374 384 12 13 71 72 73 74 
372 373 374 383 12 13 39 71 72 73 74 75 

