34 242
34 2 3 4 7 8 20 28 29 30 31 32 
1 4 7 8 20 30 31 32 33 
34 1 6 7 18 19 27 
1 2 8 30 31 32 33 
34 12 13 14 15 16 17 24 25 26 
34 19 27 
1 2 3 29 
2 4 31 32 33 
34 9 10 11 12 21 22 23 24 
34 9 11 13 21 22 23 25 
34 9 10 12 13 22 23 24 25 
34 5 9 10 11 13 21 22 23 24 25 
34 5 10 11 12 22 23 24 25 
34 5 13 15 16 24 25 
34 5 14 16 17 
34 5 14 15 17 26 
34 5 15 16 18 26 
34 3 6 17 27 
34 3 6 19 
1 2 4 8 31 32 33 
34 9 10 11 12 22 23 
34 9 10 11 12 13 21 23 24 25 
34 12 13 21 22 24 25 
34 5 9 10 11 12 13 14 22 23 25 
34 5 10 11 12 13 14 22 23 24 
34 5 15 16 17 18 27 
34 3 6 18 26 
1 7 29 
1 28 
1 31 
1 2 4 8 20 30 32 
1 8 31 33 
2 4 20 32 
1 3 5 6 9 10 11 12 13 14 16 18 19 21 22 23 24 25 26 27 

