166 1098
2 4 5 6 13 14 15 24 25 26 27 46 47 48 49 50 51 52 53 54 97 102 103 113 165 
1 16 28 29 30 31 58 59 60 61 
18 33 34 36 37 38 39 66 67 
1 5 6 13 14 24 25 46 47 48 49 50 51 52 97 113 
1 4 6 13 14 15 25 26 27 50 51 52 54 
1 4 5 13 14 15 25 26 27 52 53 54 55 
2 58 59 60 
9 11 18 41 42 
8 10 11 43 73 
8 9 11 12 19 20 42 43 44 73 74 75 76 77 78 
8 9 10 12 19 20 21 43 44 75 76 77 78 79 80 81 
10 11 19 20 21 22 23 43 44 78 79 80 81 82 
1 4 5 6 14 25 50 51 52 
4 5 6 13 25 26 52 53 54 
1 5 27 15 56 57 
17 31 62 63 
16 31 32 62 63 64 
3 8 37 38 39 40 41 68 69 70 71 72 
10 11 12 20 21 43 44 75 76 78 79 80 81 
10 11 12 19 21 43 44 75 76 77 78 79 80 
11 12 19 20 22 43 44 78 79 81 82 
12 21 23 82 83 84 
12 22 45 82 83 84 85 
1 46 47 48 49 
1 4 5 6 13 14 26 27 52 53 54 55 
1 5 6 14 25 27 52 53 54 
1 5 6 15 25 26 54 55 
2 29 
2 28 
2 7 60 61 
2 16 62 63 
33 64 65 
3 32 34 35 65 
3 33 35 65 66 
3 33 34 36 65 66 
3 66 
3 38 39 67 68 
3 18 37 39 67 68 
3 37 38 68 
18 41 69 70 72 
8 18 40 70 71 72 
8 9 10 73 74 
9 10 11 12 19 20 21 44 75 76 77 78 
10 11 12 19 20 21 43 77 78 80 
23 84 85 86 87 88 
1 24 47 
1 4 24 46 48 
1 4 24 49 50 
1 4 24 48 50 
1 4 5 13 48 49 51 
1 4 5 13 50 
1 4 5 6 13 14 25 26 53 54 
1 6 14 25 26 52 54 
1 5 6 14 25 26 27 53 55 
15 25 26 27 54 
15 57 
15 56 
2 7 59 
2 7 58 
2 7 61 
30 60 
16 17 31 63 
16 17 31 62 
17 32 
32 34 
3 34 35 36 
37 38 
37 39 
18 68 
18 40 41 71 72 
18 40 41 70 72 
40 41 70 71 
8 9 10 42 74 
8 9 42 73 
10 11 19 20 43 76 77 78 
10 11 19 20 43 75 77 78 
10 11 19 20 43 44 75 76 78 
10 11 12 19 20 21 43 44 75 76 77 79 
11 12 19 20 21 44 78 80 81 
11 12 19 20 21 44 79 81 
11 12 19 79 80 
21 22 
22 23 45 84 85 
22 23 45 83 85 
23 45 83 84 86 87 
45 85 88 
45 85 86 
45 86 87 
90 91 92 93 94 95 99 108 109 119 120 140 141 142 143 144 145 146 147 148 149 150 
89 94 95 96 109 110 111 120 121 122 124 149 150 151 152 153 154 
89 90 94 95 96 109 110 111 121 122 123 124 125 154 155 91 
89 93 98 99 104 105 106 107 114 115 116 131 132 133 134 135 136 
89 92 99 104 105 106 108 116 117 118 133 134 135 136 137 138 139 
89 90 91 95 109 110 111 120 121 122 124 151 152 153 154 
89 90 91 94 110 111 121 122 123 124 125 154 155 
90 91 100 101 112 126 156 157 158 
4 24 46 102 103 113 165 166 
104 114 129 130 131 
89 92 93 104 105 107 108 116 117 133 134 135 136 137 138 139 
96 101 102 112 127 159 160 161 162 163 164 
96 100 102 126 127 128 159 160 161 163 164 
97 100 101 103 128 
97 102 165 166 
92 93 98 99 105 115 131 132 133 
93 99 106 107 115 116 132 133 134 135 136 
92 93 99 104 105 107 133 134 135 
93 99 105 106 116 117 136 137 138 139 
89 93 99 117 118 108 
89 91 94 110 120 149 150 151 152 
90 91 94 95 109 111 151 152 153 
90 91 94 95 110 121 154 
96 156 157 
24 46 47 48 97 
92 98 130 131 
92 104 105 131 132 
92 93 99 105 106 107 117 136 138 
93 99 107 108 116 118 138 139 
93 108 117 138 
89 144 145 146 147 148 
89 90 94 109 150 151 
90 91 94 95 111 122 123 154 
90 91 94 95 121 123 124 154 
90 91 94 95 121 122 124 
90 94 95 122 155 
91 95 155 
100 101 159 160 161 
101 160 161 162 163 164 
101 102 
98 129 130 
98 129 
92 98 104 114 115 
92 99 104 105 106 115 133 134 135 
93 104 106 132 134 
92 93 99 105 106 132 133 135 
92 93 99 106 132 133 134 
93 99 105 106 107 116 137 138 139 
93 99 107 116 139 
93 99 107 116 117 118 136 137 139 
93 107 116 136 137 138 
89 142 143 
140 142 143 
89 140 141 
89 140 142 
89 119 145 146 
89 119 144 146 147 
89 119 144 147 
89 119 145 146 148 
89 119 147 
90 109 150 
89 90 109 120 
90 109 152 153 
90 94 109 110 151 153 
90 94 110 151 152 
90 91 94 95 111 121 122 
95 124 125 
96 112 157 158 
96 112 156 158 
96 112 156 
126 160 161 
159 161 162 163 
100 101 126 127 162 
100 127 160 161 
100 101 127 162 164 
100 101 127 162 163 
103 166 
97 103 

