68 540
45 49 50 2 3 13 14 15 35 36 37 38 
49 50 1 3 14 15 34 35 36 37 38 
45 49 1 2 4 15 16 38 39 40 41 42 
49 50 3 5 16 17 43 
45 50 4 16 17 43 
45 19 20 21 22 47 31 33 51 52 54 55 56 57 
45 59 64 8 10 27 67 66 12 
61 62 9 23 59 60 7 10 27 12 65 
53 61 62 23 27 
61 62 23 59 60 64 7 8 27 65 
59 7 67 12 
59 60 64 7 8 11 
49 1 14 
49 1 2 13 34 
45 49 50 1 2 3 34 37 38 39 
45 49 50 3 4 5 40 41 42 43 
45 4 5 18 44 46 
45 17 19 44 46 47 
45 18 20 21 44 46 47 31 33 
45 6 19 21 44 46 47 31 33 
45 6 19 20 22 52 54 55 56 
45 6 51 52 54 55 56 57 
53 61 62 24 
53 61 62 23 
45 26 58 32 
25 28 32 68 63 
9 23 59 60 64 7 8 10 65 
45 68 63 
45 25 57 58 
62 30 
45 6 19 20 44 46 47 
45 25 
45 6 19 20 44 46 47 31 
49 1 2 14 15 35 36 37 
49 1 2 14 34 36 
49 2 34 35 
50 1 2 15 34 38 39 
49 50 1 2 3 15 37 39 
49 50 1 3 15 37 38 40 
45 49 50 3 39 41 42 
49 50 3 16 40 
45 49 50 3 16 40 41 
45 50 4 5 16 
45 17 18 19 20 46 47 31 33 
49 50 59 60 1 3 4 5 6 7 15 16 17 18 19 20 21 22 25 26 28 40 42 43 44 46 47 31 33 51 52 54 55 56 57 58 29 32 
45 17 18 19 20 44 47 31 33 
45 6 18 20 44 46 31 33 
45 25 57 58 29 
45 50 1 2 3 4 13 14 15 16 34 35 36 37 38 39 40 41 42 
45 49 1 2 3 4 5 15 16 37 38 40 41 42 43 
45 6 21 52 54 55 56 
45 6 21 22 51 54 55 56 
61 9 23 24 59 60 64 7 8 10 65 
45 6 21 22 51 52 55 56 
45 6 21 22 51 52 54 56 57 
45 6 21 22 51 52 54 55 58 
45 6 22 55 56 58 48 29 
45 25 56 57 48 29 
53 45 60 64 7 8 10 28 27 63 67 66 11 12 65 
53 61 62 9 23 45 64 7 8 10 27 12 65 
53 62 9 23 24 8 10 
53 9 23 24 30 8 10 27 
59 26 28 68 
53 61 62 9 23 59 60 7 8 10 27 12 65 
60 64 8 10 27 
59 67 11 
59 7 
28 63 

