39 248
36 2 3 4 9 10 11 12 18 19 
36 37 1 3 4 9 10 18 19 
36 37 38 1 2 4 9 10 11 12 19 
36 37 38 1 2 3 9 10 11 12 19 
38 39 6 14 21 22 23 24 25 27 
5 14 24 25 26 27 28 
39 15 16 29 30 31 32 
17 33 34 35 
36 37 2 3 4 10 11 12 18 19 
36 1 2 3 4 9 11 12 19 
36 37 1 2 3 4 9 10 19 
36 37 2 3 4 9 10 11 19 
36 37 38 20 21 22 
39 5 15 25 26 28 
39 7 14 28 29 
7 30 32 33 
8 34 35 
2 9 
36 37 1 2 3 4 9 10 11 12 
36 38 
38 13 22 23 
38 5 13 21 23 24 
38 5 21 22 24 
6 21 22 23 
39 5 6 14 26 27 
39 5 6 14 25 27 28 
39 5 6 14 25 26 28 
39 6 14 26 27 
39 30 
7 15 16 29 31 
7 16 32 
7 16 
8 16 32 
8 17 
8 17 35 
37 1 2 3 4 9 10 11 12 13 19 20 
36 38 1 3 4 9 11 12 13 19 20 
36 37 4 5 13 20 21 22 23 
5 6 14 15 25 27 28 29 

