150 895
147 148 9 25 
145 146 150 15 
4 5 16 17 19 20 
3 5 20 21 
3 4 6 7 19 20 21 
5 7 19 20 21 22 
5 6 8 9 23 24 
7 9 23 
147 1 7 8 23 24 
145 147 148 1 25 26 
145 147 149 12 13 27 
145 147 148 149 11 13 
145 147 148 149 11 12 
145 146 147 148 149 150 28 
145 150 
3 18 
16 18 
3 16 17 
4 5 20 21 
3 4 5 6 19 21 22 
5 6 19 20 22 
5 6 7 20 21 
7 8 9 
7 8 9 23 
145 147 1 10 
145 147 148 10 
145 147 148 11 26 
145 148 149 150 14 
30 31 32 36 
29 31 32 30 
29 30 
29 31 30 
36 44 52 53 54 55 56 76 77 78 79 80 81 82 83 84 85 128 129 130 131 132 133 134 135 136 137 138 139 
35 37 41 47 59 60 61 62 101 102 103 104 105 106 108 146 34 
34 37 48 61 62 104 105 106 107 108 
30 31 32 33 45 91 36 143 144 
34 35 61 102 103 104 105 106 107 108 
39 42 63 64 65 66 111 112 113 
38 42 49 66 68 69 70 111 112 113 114 115 116 117 
46 57 92 93 94 95 96 
34 47 57 58 59 97 98 
38 39 66 67 68 111 112 113 114 116 
49 50 51 71 72 118 119 120 121 
54 55 84 
36 90 91 45 141 142 143 144 
40 57 92 93 94 95 
34 41 59 60 98 99 100 101 
35 63 109 110 
39 43 50 69 71 118 
43 49 51 70 71 118 
43 50 71 72 119 120 121 
33 123 124 125 52 126 127 
33 54 78 79 80 81 83 133 134 135 136 137 
33 44 55 82 83 84 138 
33 44 54 82 83 138 
33 85 86 87 
40 41 46 58 92 93 94 95 96 97 
41 57 95 96 97 
34 41 47 60 98 99 100 
34 47 59 99 100 
34 35 37 103 104 105 
34 37 107 108 
38 48 64 65 63 
38 63 65 
38 63 64 65 
38 39 42 65 111 112 113 
39 42 68 114 115 
39 42 67 69 115 116 
39 42 49 67 68 70 115 116 117 
39 49 50 69 116 
43 49 50 72 118 
43 51 71 119 120 
75 119 120 121 122 123 
73 123 124 125 
73 74 123 125 
33 77 128 129 131 
33 76 128 129 130 131 132 
33 79 80 133 134 135 
33 53 78 80 133 134 135 
33 53 78 79 81 133 134 135 136 137 
33 53 80 83 136 137 
33 53 54 55 136 137 
33 53 54 55 81 82 137 
33 44 54 55 138 139 
44 84 139 
56 87 88 140 
56 86 88 89 140 
86 87 89 140 88 
87 88 
45 141 142 
36 45 143 144 
40 46 57 93 94 
40 46 57 92 94 
40 46 92 95 
40 46 57 58 94 96 97 
40 57 58 95 97 
41 95 
41 47 59 100 
47 59 98 100 
59 60 98 99 
34 47 60 
34 37 61 103 104 
34 37 102 104 
34 35 37 61 102 103 105 
34 35 37 61 104 
34 35 37 107 108 
34 35 37 62 106 108 
34 35 37 62 106 107 
35 48 110 
48 63 109 
38 39 66 112 113 
38 39 42 111 
38 39 42 66 111 112 
39 42 67 68 115 
39 42 67 68 69 114 116 117 
39 42 68 69 70 115 117 
39 69 70 115 116 
43 49 50 51 71 
43 51 72 73 120 121 122 
43 51 73 119 121 122 
43 51 73 119 122 
73 119 120 121 
52 73 74 75 124 125 
52 74 75 123 125 
52 74 75 124 
52 126 127 
52 126 
33 76 77 129 130 
76 77 128 130 131 
33 76 77 128 129 131 
33 76 77 129 130 132 
33 77 131 
33 53 78 79 80 134 135 
33 53 78 79 80 133 135 
33 53 80 133 134 
33 53 80 81 82 137 
33 53 80 81 83 136 
33 44 54 55 84 
33 44 84 85 
86 87 89 
45 90 142 
45 90 141 
36 45 91 144 
36 91 143 
34 35 40 41 46 57 92 146 147 148 149 150 1 2 10 11 12 13 14 15 25 26 27 28 
34 40 41 46 57 58 92 93 94 95 145 147 148 149 150 2 14 15 28 146 
145 146 149 150 1 9 10 12 13 14 25 26 27 
145 146 147 149 150 1 10 11 12 13 14 26 27 28 
145 146 147 148 11 12 13 14 28 
145 146 147 148 149 2 14 15 28 

