40 230
38 10 
38 17 
39 4 26 28 29 
35 39 3 5 28 29 4 
35 36 4 11 
35 36 37 12 13 14 15 30 31 32 33 34 
35 36 6 12 13 14 15 31 32 33 
37 40 15 16 
38 19 20 21 22 23 24 25 
38 1 
35 36 5 
35 36 6 7 13 30 
35 6 7 12 14 15 30 31 32 33 34 
37 6 7 13 15 30 31 32 33 34 
37 6 7 8 13 14 16 33 34 
37 40 15 
2 18 
38 17 
38 9 20 21 22 23 
9 19 21 22 23 
19 20 22 23 
9 19 20 21 23 
9 19 20 24 25 
9 23 25 
9 23 24 25 
3 27 
39 3 29 
39 3 4 27 29 
39 3 4 27 28 
7 12 13 14 15 32 34 
6 7 13 14 15 32 33 
6 7 13 14 15 30 31 34 
6 7 13 14 15 30 31 32 34 
6 13 14 15 30 31 32 33 
36 37 39 4 5 6 7 11 12 13 
35 5 6 7 11 12 
1 40 6 8 14 15 16 
1 2 9 10 38 17 18 19 37 40 
3 4 26 27 28 29 
37 8 16 

