107 708
2 3 4 6 7 8 10 11 12 13 14 17 18 19 20 33 34 35 36 50 
1 3 4 7 8 9 12 13 14 15 17 18 19 20 21 22 34 35 36 50 
1 7 8 12 13 14 15 17 18 19 20 21 22 34 35 36 3 
1 2 3 8 9 15 16 23 25 26 27 39 41 42 43 
6 10 31 32 81 
1 5 7 10 11 33 
1 2 3 6 11 12 13 18 33 34 
1 2 3 4 9 15 20 21 22 37 38 
2 4 8 15 16 23 24 25 26 39 41 42 
5 6 11 
6 7 10 33 
1 2 3 7 13 17 
1 2 3 12 17 
1 2 3 18 19 34 36 
2 3 4 8 9 22 37 38 39 40 
4 9 23 24 25 26 42 43 
1 2 3 7 13 
1 2 7 14 19 34 35 36 
1 2 3 14 34 35 36 
2 8 21 22 3 
2 3 8 20 22 
2 3 8 20 
4 9 24 25 26 
4 9 16 23 25 26 42 43 
4 9 16 23 24 26 42 43 
4 9 16 23 24 25 42 43 
4 28 29 30 27 44 45 46 47 
27 29 30 46 47 
27 28 30 46 47 
27 28 29 46 47 
5 32 
5 31 32 
6 7 11 
1 2 3 7 14 18 19 35 
2 3 14 18 19 36 
1 2 3 14 18 19 35 
8 15 
8 15 37 39 
4 9 15 38 
9 15 39 41 
4 9 23 39 40 
9 16 24 25 26 43 
4 16 24 25 26 42 
27 45 
27 44 
27 28 30 
27 28 29 30 46 
1 2 5 49 50 54 55 62 63 64 65 71 72 73 74 75 76 77 78 79 80 81 100 102 103 104 105 106 107 
48 50 53 54 55 60 61 62 63 69 70 71 72 73 74 75 95 96 97 98 99 100 101 102 
5 6 10 31 32 48 49 54 55 76 77 78 79 80 81 105 106 107 
52 56 58 59 68 85 86 87 88 89 90 91 92 
51 56 66 67 82 83 
49 60 61 69 93 94 
50 55 63 65 75 76 
48 49 50 54 63 64 65 75 76 103 104 
51 52 67 68 83 84 85 86 87 
51 59 88 89 90 91 92 
51 59 90 91 92 
51 53 57 58 60 93 94 
49 53 59 61 93 94 
49 53 60 69 95 
48 49 71 72 73 74 99 100 101 102 
48 49 54 64 65 75 103 
48 54 55 63 65 75 76 104 
48 54 55 63 64 75 76 103 
52 67 82 83 
52 56 66 68 83 84 
51 56 67 84 85 86 
49 53 61 70 95 96 97 
49 69 95 96 98 
48 49 62 72 73 74 100 101 102 
48 49 62 71 74 100 102 
48 49 62 72 74 100 101 102 
48 62 71 72 73 74 
54 55 63 64 65 103 
48 50 54 55 64 65 104 105 106 
50 76 78 79 105 106 
48 50 77 79 106 107 
48 50 77 78 107 
48 50 79 81 
48 50 80 
52 66 
52 56 66 67 84 
56 67 68 
51 56 68 87 
51 56 68 85 87 
51 56 85 86 88 
51 57 87 89 
51 57 88 
57 58 91 92 
51 57 92 
51 57 58 90 
59 60 94 
53 59 60 93 
49 61 69 
49 69 70 97 
49 69 70 96 
49 69 70 96 97 
62 71 
49 71 73 101 102 
49 62 71 72 100 102 
62 71 72 73 74 101 
48 54 55 63 64 65 75 
48 64 65 76 
48 50 77 106 
48 50 76 77 78 105 
48 50 79 

