71 452
2 6 7 8 9 29 30 1 31 32 33 52 54 55 56 57 58 59 
1 3 4 8 9 10 11 18 19 20 34 35 36 37 38 63 64 65 66 67 
2 4 11 12 18 19 37 38 39 66 67 68 69 70 71 
2 3 11 18 19 20 37 38 66 68 69 70 71 
13 14 15 21 22 23 42 43 44 
1 7 17 26 27 28 29 30 48 49 50 51 
1 6 29 30 52 53 54 55 
1 2 10 33 59 8 60 
1 2 8 10 60 61 
2 8 9 35 60 61 62 63 64 
2 4 18 19 20 36 37 38 66 67 68 
3 39 40 41 12 
5 14 21 22 13 42 43 
5 13 21 22 23 43 44 
23 24 45 
15 17 26 45 46 47 
6 16 25 26 27 28 46 47 48 
2 3 4 11 19 20 35 36 37 38 65 66 67 
2 3 4 11 18 20 37 38 66 67 
2 3 4 18 19 37 38 68 69 70 
5 13 14 23 42 44 
5 14 21 43 44 
5 14 15 21 
15 16 25 46 
16 17 24 26 45 46 47 
6 16 17 25 27 28 46 47 48 
6 17 26 46 47 48 
17 26 48 49 50 
1 6 7 30 51 52 53 
1 6 7 52 53 54 
1 32 56 57 
1 31 56 57 
1 8 56 57 58 59 
2 10 36 62 63 64 65 
2 10 18 34 36 65 
11 18 34 35 65 
2 3 4 11 18 19 20 38 68 
2 3 4 11 18 19 37 68 69 
3 12 
12 41 
12 40 
5 21 
5 13 14 21 22 44 
5 14 22 43 
15 16 24 25 
17 24 25 27 47 
16 17 26 27 46 
17 26 27 28 
6 28 50 
6 49 
6 29 50 
1 7 29 30 53 54 
1 7 29 30 52 54 
1 7 29 53 55 
1 7 54 
1 31 32 33 57 58 
1 31 32 33 56 58 
1 33 56 57 59 
1 8 33 58 
8 9 10 61 62 
9 10 60 62 
2 10 60 61 
2 10 34 62 64 
2 10 34 35 63 
2 34 35 36 
2 3 4 11 18 37 67 
2 3 11 18 19 37 66 
4 11 20 37 38 69 
3 4 20 38 68 70 
3 20 69 71 
3 4 70 

