35 201
2 3 4 5 6 7 8 9 10 11 14 17 18 
1 5 6 12 13 14 15 16 28 29 30 
1 4 7 9 10 11 17 18 
1 3 8 9 10 11 17 18 19 
1 2 6 12 13 14 15 16 30 
1 2 13 14 15 16 30 
1 9 17 
1 3 7 9 10 11 17 
1 3 4 7 8 10 11 17 18 
1 3 4 17 18 19 
1 3 4 8 9 10 17 18 19 
2 5 14 
2 5 6 12 15 
2 5 6 12 13 15 16 
2 5 13 14 16 
1 5 6 15 
1 7 8 9 10 11 18 
1 3 4 8 9 11 17 19 
4 18 
22 24 25 26 32 33 34 35 
20 22 23 25 31 
21 25 31 32 
21 22 25 31 33 
20 26 27 33 34 35 
20 21 22 31 
20 34 35 
20 24 28 
27 29 30 28 
12 13 30 28 
5 6 13 15 28 29 
21 22 23 25 
22 23 25 33 
20 23 24 34 
26 33 35 
26 34 

