52 419
2 3 4 5 6 7 8 9 13 15 16 17 21 22 23 24 25 26 27 28 29 34 35 36 37 38 39 40 41 42 
1 3 4 7 8 9 10 11 12 15 16 17 18 25 26 27 28 29 30 41 42 43 44 45 46 
1 2 4 7 8 9 15 16 17 23 24 25 26 27 28 29 38 39 40 41 
1 2 3 9 10 11 12 18 30 43 44 45 46 47 48 
1 6 13 14 19 20 32 33 
1 5 15 21 22 34 35 36 
1 2 3 8 9 15 23 24 25 26 38 39 40 41 
1 2 3 7 9 17 25 26 27 28 29 41 42 
1 2 3 4 7 8 16 17 26 27 28 29 41 42 
2 4 11 12 18 46 47 48 49 50 51 52 
4 10 12 18 48 49 51 52 
2 4 10 11 18 48 49 50 51 52 
1 5 14 19 31 32 33 
5 13 19 20 32 33 
1 2 3 6 7 22 23 24 36 
1 2 3 4 9 17 27 28 29 
1 2 3 8 9 16 27 28 29 
2 4 10 11 12 46 47 48 49 
5 13 14 20 31 32 
13 14 19 32 33 
1 6 22 35 36 
1 6 15 21 35 
1 3 7 15 24 37 
1 3 7 15 23 38 39 40 
1 2 3 7 26 38 39 40 41 
1 2 7 8 9 27 41 42 
1 2 3 8 9 16 17 26 28 29 41 42 
1 2 3 8 9 16 17 29 
1 2 3 9 16 17 27 28 
2 43 44 45 
13 19 32 31 
5 14 20 31 
5 14 20 
1 6 
6 21 22 36 
1 6 15 21 22 35 
1 15 
1 3 7 24 25 39 40 
1 3 7 24 25 40 
1 3 7 24 25 38 39 
1 2 3 7 8 9 25 26 27 42 
1 2 3 9 26 27 41 
2 4 30 
2 4 30 
2 4 44 
2 4 10 18 47 48 
4 10 18 46 48 
10 11 12 18 46 47 49 
10 11 12 18 48 
10 11 12 51 52 
10 11 12 50 52 
10 11 12 50 51 

