27 183
27 2 9 10 11 12 13 14 15 16 17 18 
27 1 10 11 12 13 14 15 16 17 18 19 21 
27 4 5 6 21 22 
3 5 6 7 22 23 
27 3 4 6 21 22 
3 4 7 23 
4 6 23 24 
25 26 
27 1 10 11 12 
27 1 2 9 11 12 13 
27 1 2 9 12 13 14 15 
27 1 2 9 10 11 13 14 15 16 17 
27 1 2 10 11 12 14 15 16 17 
27 1 2 10 13 15 16 17 
27 1 2 12 13 14 16 17 18 
27 1 2 12 13 14 15 17 18 19 
27 1 2 12 13 14 15 16 18 19 
27 1 14 15 16 17 19 20 
2 17 20 
27 2 19 
2 3 5 21 
4 5 21 
4 6 7 24 
7 8 23 25 26 
8 24 26 
8 24 25 
1 2 3 5 9 10 11 12 13 15 16 17 18 19 20 21 

