35 196
32 33 34 22 23 24 
32 35 3 9 10 11 12 13 
32 35 2 4 12 13 14 15 16 17 
32 16 17 18 
32 33 34 25 26 
34 7 8 29 30 
34 6 29 30 31 
34 6 7 30 31 
35 2 
35 2 9 11 12 
35 9 10 12 
35 2 3 10 11 13 14 15 
35 2 3 12 14 15 
35 3 12 13 15 
35 3 12 13 14 
32 3 4 17 
32 3 4 16 
32 4 19 20 
32 18 20 21 
18 19 21 
32 19 20 
32 33 1 23 24 
32 33 1 22 24 
32 33 1 22 23 
33 5 26 
33 34 25 
33 34 28 
33 34 27 
34 6 7 30 
34 6 8 29 31 
34 6 7 8 30 
33 34 35 1 2 3 4 5 16 17 18 19 20 21 22 23 24 
34 1 5 22 23 24 25 26 27 28 
32 33 1 5 6 7 8 26 27 28 29 30 31 
32 2 3 9 10 11 12 13 14 15 

