123 792
2 3 4 6 7 8 9 10 11 12 15 16 24 25 20 
3 4 6 7 8 30 
1 2 4 6 7 8 15 25 20 
1 2 3 6 7 8 10 15 
14 19 5 
1 2 3 4 7 8 9 
1 2 3 4 6 8 9 
1 2 3 6 7 9 
3 4 7 8 10 11 15 16 
1 9 11 15 16 
1 9 12 13 15 16 
1 10 13 17 18 
11 12 
5 
3 4 9 10 11 16 
1 9 10 11 
12 13 18 
13 19 
5 14 17 
1 2 3 4 6 7 9 21 22 23 24 25 26 27 28 29 30 31 32 33 34 35 36 37 38 39 40 41 42 43 44 45 46 47 48 49 50 51 52 53 57 66 67 68 69 70 71 72 73 74 75 20 
22 35 36 37 38 
20 21 35 36 37 
20 26 40 
25 27 28 41 42 
20 24 29 30 42 2 
20 23 27 40 
24 26 28 29 41 
24 27 29 30 41 
20 24 25 27 28 30 41 42 
24 25 28 29 42 
20 32 33 34 71 
20 31 33 71 
31 34 
20 32 33 
20 21 22 36 
20 21 22 35 37 
20 21 22 38 
37 39 
20 38 
20 23 26 
20 24 28 29 
20 25 29 
44 45 46 47 48 49 50 51 56 59 60 61 62 63 64 75 
43 45 47 48 54 56 58 59 
43 48 49 50 56 59 60 61 62 63 
43 52 53 57 67 68 69 70 71 
43 44 54 55 58 
43 44 45 49 50 56 60 62 63 
43 45 48 50 62 63 
43 45 48 49 62 63 64 
46 65 66 68 
46 51 53 65 66 67 68 
46 52 57 68 70 71 
44 47 55 58 
44 58 
43 44 45 48 59 60 61 
53 69 70 71 
44 47 54 55 
44 45 48 56 60 61 
48 59 61 
45 56 59 60 
43 45 48 49 50 63 64 
43 45 48 49 50 62 64 
43 45 48 49 50 62 63 
51 66 
51 52 65 67 66 
46 52 65 66 
46 51 52 53 
46 53 57 68 70 
57 69 
31 32 46 57 
73 74 75 76 77 78 79 83 84 85 91 92 93 94 95 96 108 109 112 113 114 115 116 117 120 121 122 123 
72 74 75 77 79 80 81 82 86 87 88 90 97 98 99 101 102 103 104 105 106 
72 73 75 76 77 78 79 80 93 94 95 96 97 98 99 100 
43 44 47 54 55 58 72 73 74 77 82 90 105 106 107 
72 74 78 83 84 85 91 92 93 108 115 116 117 
72 73 74 75 79 80 81 87 88 89 102 103 104 
72 74 76 83 84 85 91 92 93 108 117 
72 73 77 80 81 87 88 99 100 101 102 103 
73 74 79 81 86 87 88 89 102 103 
73 77 79 80 86 87 88 89 103 
73 75 90 105 107 
72 78 91 92 117 
72 76 83 85 91 92 
76 78 83 84 91 92 93 117 
73 77 79 80 81 87 88 89 103 
73 77 79 80 81 86 88 89 103 
73 77 79 80 81 86 87 89 103 
73 77 80 81 86 87 88 104 
73 75 82 106 
72 76 78 83 84 92 
72 78 83 84 91 
72 74 78 85 94 
72 74 93 96 
72 74 94 96 
72 74 94 95 96 
74 98 
73 74 99 
73 74 79 97 98 100 101 
73 74 99 101 102 
73 79 99 102 
73 77 100 101 
73 77 79 80 81 86 88 
73 77 89 
73 75 82 90 
73 105 
75 82 107 
78 83 84 91 92 113 114 115 116 117 121 122 123 
111 112 118 
109 111 112 113 118 119 
109 110 113 118 
109 110 118 
108 110 111 112 114 118 121 
108 113 115 116 119 120 121 122 123 
114 116 117 121 122 123 
108 115 
83 84 85 91 92 108 115 116 
109 111 113 119 
110 112 113 114 120 121 
112 113 114 119 121 
108 113 114 115 119 122 
108 114 115 116 121 123 
115 116 

