99 760
3 8 12 13 28 29 30 31 32 33 34 56 57 58 59 60 61 62 
5 6 7 17 18 19 20 21 22 23 40 41 42 43 44 45 46 79 80 81 82 83 84 85 86 
1 8 28 31 32 33 34 35 58 59 60 61 62 63 
2 5 6 9 14 15 16 17 38 39 40 41 42 43 72 73 74 75 76 77 78 
2 4 6 9 14 15 16 17 38 39 40 41 42 43 72 74 75 76 77 78 79 
2 4 5 9 14 15 16 17 18 38 40 41 42 43 44 72 73 74 75 76 77 78 79 
2 10 22 23 24 25 47 48 87 88 89 90 91 92 93 
1 3 12 28 29 30 54 55 56 57 
4 5 6 13 15 37 38 68 70 
2 7 24 25 47 48 89 90 91 92 93 94 95 
26 27 51 52 96 97 98 99 
1 3 8 28 29 30 31 32 33 57 58 59 
1 9 35 36 37 66 67 68 69 70 
5 6 9 15 37 38 39 71 
4 5 6 9 14 16 38 39 72 
4 5 6 15 38 40 41 72 73 74 75 76 
2 4 5 6 18 43 44 45 79 80 81 
2 6 17 19 44 45 46 80 81 82 83 84 
2 18 20 21 22 23 46 84 85 86 
2 19 21 22 23 46 84 85 86 
2 19 20 22 23 46 84 85 86 
2 7 19 20 21 23 86 
2 7 19 20 21 85 86 
7 10 25 48 49 94 95 
7 10 24 48 49 94 95 
11 27 51 97 99 
11 26 51 52 98 99 
1 3 12 29 30 31 57 
1 8 12 28 30 57 
1 8 12 28 29 57 
1 3 12 28 32 57 
1 3 12 31 33 34 58 59 60 
1 3 12 32 34 59 60 
1 33 59 60 
3 13 36 62 63 64 66 67 
13 35 65 66 67 
9 13 14 70 71 
4 5 6 9 14 15 39 
4 5 14 15 38 
2 4 5 6 16 41 42 43 73 74 75 76 77 78 
2 4 5 6 16 40 42 43 75 76 77 78 
2 4 5 6 40 41 43 74 75 76 77 78 
2 4 5 6 17 40 41 42 78 79 
2 17 18 45 79 80 
2 17 18 44 80 81 82 83 
2 18 19 20 21 45 82 84 
7 10 87 88 89 90 91 92 93 
7 10 24 25 49 95 
24 25 48 50 
11 49 
11 26 27 50 52 96 97 98 
11 26 27 51 97 98 99 
54 56 
53 55 
8 53 54 56 
1 8 53 55 
8 12 28 29 30 
1 12 31 32 59 
1 3 12 32 33 34 58 60 
1 3 32 33 34 59 
1 3 
1 3 35 63 64 
3 35 62 64 65 
35 62 65 
35 36 63 64 66 67 
13 35 36 65 
35 65 66 
9 13 69 70 
13 68 70 
9 13 68 69 
14 37 
4 5 6 15 16 73 
4 5 6 16 40 41 72 74 75 77 
4 5 6 16 40 41 42 73 75 77 
4 5 6 16 40 41 42 73 74 76 77 
4 5 6 16 40 41 42 73 74 75 77 
4 6 40 41 42 73 74 75 76 78 
4 5 6 40 41 42 77 
2 4 5 6 17 43 44 
2 17 18 44 45 81 82 83 
2 17 18 45 80 82 83 
2 18 45 46 80 81 83 
2 18 45 46 80 81 
2 19 20 21 
2 19 21 22 23 86 
2 20 22 23 85 
7 47 88 
7 47 87 89 
7 10 47 90 91 92 93 
7 10 47 89 91 92 93 
7 10 89 90 92 93 
7 10 47 89 90 91 93 
7 10 47 89 91 92 
7 10 24 25 95 
10 25 48 94 
11 51 
11 26 27 52 98 99 
11 26 27 51 52 97 99 
26 27 52 97 98 

