73 500
68 70 71 2 11 12 31 32 33 
68 70 71 72 1 12 13 14 33 34 
68 72 4 13 14 15 16 34 35 36 38 
68 3 5 16 37 38 39 40 41 42 43 
68 4 17 38 39 40 41 42 43 
67 7 20 21 22 23 50 51 52 53 54 
67 21 22 23 24 52 53 54 55 56 
67 69 73 9 29 64 65 
67 69 8 29 66 
70 10 
70 71 1 12 32 
70 71 1 2 11 33 
68 71 72 2 3 14 15 34 36 
68 71 72 2 3 13 15 34 35 36 
68 72 3 13 14 16 34 36 37 
68 72 15 35 37 38 
68 4 5 40 41 43 44 45 
67 19 47 
67 18 46 47 48 49 
67 6 21 50 51 
67 6 7 20 22 52 53 54 
67 6 7 21 23 52 53 54 
67 6 7 21 22 53 54 55 56 
67 7 25 26 55 56 57 
67 24 26 
67 57 58 
67 69 58 59 60 61 
67 69 61 62 63 64 
73 8 9 66 
73 9 66 30 
70 1 32 
70 1 11 31 
70 71 1 2 12 
68 72 2 3 13 14 15 35 36 
68 72 3 13 14 15 16 34 36 
68 72 3 13 14 15 34 35 
4 15 16 38 39 
68 3 4 5 16 37 39 40 
68 4 5 37 38 40 
68 4 5 17 38 39 41 
68 4 5 17 40 42 43 
68 4 5 17 41 43 
68 4 5 17 41 42 44 45 
17 45 
17 43 44 
67 19 
67 18 19 48 49 
67 19 47 49 
67 47 48 
67 6 20 49 51 
6 20 50 
67 6 7 20 22 53 
67 6 21 22 23 52 54 
67 6 7 21 22 53 
67 7 23 24 56 
67 7 23 24 55 
25 26 
67 69 25 26 27 57 59 
67 69 27 58 
67 69 27 61 62 
67 69 27 28 60 62 
67 69 28 61 
67 69 28 64 
69 8 28 63 65 
8 64 
73 9 29 30 
68 69 73 6 7 8 9 18 19 20 21 22 23 24 25 26 27 28 46 47 48 49 50 51 52 53 54 55 56 57 58 59 60 61 62 63 
67 70 71 72 1 2 3 5 13 14 15 16 17 34 35 36 37 38 39 40 41 42 43 
67 73 8 27 28 59 60 61 62 63 64 65 
68 71 1 2 10 11 12 31 32 33 
70 72 1 2 11 12 13 14 33 
68 71 2 3 13 14 15 16 34 35 36 37 
67 8 29 30 

