80 640
2 3 5 7 8 9 14 15 16 17 24 25 26 27 36 37 38 39 41 42 43 44 45 69 71 72 73 74 75 76 77 78 79 80 
1 3 5 7 8 9 13 14 15 24 25 31 33 34 36 37 38 67 68 69 70 71 
1 2 7 8 9 14 15 16 24 25 26 36 37 38 39 40 69 70 71 72 73 
5 6 10 11 12 18 19 20 21 28 29 53 54 55 56 57 58 
1 2 4 6 21 22 23 30 31 32 33 59 60 61 62 63 64 65 66 
4 5 12 19 20 21 28 29 54 55 56 57 58 
1 2 8 14 24 36 68 69 70 
1 2 3 7 14 15 24 25 36 37 38 69 70 71 
1 2 3 16 26 27 39 40 41 42 74 76 
4 11 12 18 46 47 48 49 
4 10 12 18 46 48 49 50 
4 6 10 11 18 50 51 52 53 
2 5 23 30 31 32 63 64 65 66 
1 2 3 7 15 24 25 36 37 38 69 70 71 
1 2 3 8 9 14 25 26 36 37 38 71 72 73 
1 3 9 27 41 42 43 44 74 75 76 77 78 79 
1 45 80 17 
4 10 11 12 50 51 52 53 
4 6 20 21 28 29 54 55 56 57 58 
4 6 19 21 29 57 58 
4 5 6 19 20 22 58 59 60 
13 23 30 59 60 61 62 63 64 
5 13 22 30 62 63 64 65 
1 2 3 7 8 14 37 38 69 70 
1 2 3 8 14 15 36 37 38 71 72 
1 3 9 15 39 40 41 
1 9 16 74 75 76 
4 6 19 54 55 56 57 
4 6 19 20 21 58 59 
5 13 22 23 64 65 
2 5 13 32 33 66 
5 13 31 33 66 
2 5 13 31 32 34 67 
2 33 35 67 68 
2 67 
1 2 3 7 8 14 15 24 25 37 38 69 70 71 
1 2 3 8 14 15 24 25 36 38 71 
1 2 3 8 14 15 24 25 36 37 71 
1 3 9 26 40 41 
1 3 9 26 39 41 
1 9 16 26 27 39 40 
1 9 16 27 43 44 74 75 76 77 78 79 
1 16 44 75 76 77 78 79 
1 16 42 43 77 78 79 
1 80 
10 11 47 48 
46 48 
11 46 
10 11 50 
10 11 18 49 
12 53 
12 18 51 53 
4 12 18 51 52 
4 6 19 28 55 
4 6 19 28 54 56 57 
19 28 55 57 
4 6 19 20 28 55 56 
4 6 19 20 21 29 
5 21 22 29 60 61 
5 22 59 61 62 
5 22 59 60 62 
5 22 23 60 61 63 
5 13 22 23 30 62 64 
5 22 23 30 63 
5 13 23 30 64 
5 13 32 
2 31 35 
2 7 34 35 
1 2 3 7 8 14 24 36 70 
2 3 7 8 14 24 36 69 
1 2 3 8 14 15 36 37 38 
1 3 15 25 
1 15 73 
1 9 16 27 42 75 76 
1 9 16 27 42 43 74 76 77 
1 9 16 27 42 43 74 75 77 
1 16 42 43 44 75 76 78 79 
1 16 43 44 77 79 
1 16 42 44 78 
1 17 

