102 705
9 15 16 27 28 29 30 60 61 62 63 64 65 66 67 68 69 1 
3 7 10 11 18 19 32 33 34 35 75 76 77 78 79 80 81 
2 4 7 8 13 20 21 22 36 37 38 39 40 82 83 84 85 
5 6 8 14 22 23 24 25 41 42 43 44 45 46 47 48 86 87 88 89 90 91 92 93 
4 6 24 25 49 50 51 95 96 97 98 99 100 
4 5 49 50 51 52 53 99 100 101 
2 3 12 19 20 35 36 76 77 78 79 81 
3 13 21 22 37 39 40 41 84 85 
1 26 58 59 60 
2 11 12 17 18 32 
2 10 18 31 32 
2 7 10 18 19 32 33 34 74 75 76 
3 8 20 21 36 37 38 39 82 83 84 85 
4 5 23 24 25 43 44 45 46 47 48 92 93 
1 27 29 63 64 65 66 67 68 
1 17 30 70 71 72 
10 16 31 70 71 72 73 
2 10 11 12 32 33 34 74 75 
2 7 12 35 76 77 78 79 80 
3 7 36 82 83 
8 13 20 36 37 38 39 82 83 84 
3 4 8 40 41 42 86 
4 14 24 43 44 45 46 47 90 92 
4 14 23 25 46 48 49 92 93 94 96 97 98 
4 5 14 24 49 94 95 96 97 98 
9 56 57 58 59 
1 15 28 60 61 63 
1 27 29 61 62 63 64 
1 15 28 63 64 65 66 
1 16 69 
10 11 17 73 
10 11 12 18 33 74 
2 12 18 34 74 75 
2 12 18 33 74 75 
2 7 19 77 79 80 81 
3 7 13 20 21 82 
3 8 13 20 21 38 39 83 84 85 
3 8 21 84 85 
3 8 13 21 37 38 84 85 
3 8 22 41 
4 8 22 40 42 86 87 
4 22 41 86 87 88 89 
4 14 23 44 45 90 91 
4 14 23 45 46 90 91 
4 14 23 43 44 46 47 48 
4 14 23 24 44 45 47 48 92 93 
4 23 44 45 48 92 93 
4 14 23 24 45 46 92 93 
6 24 25 50 51 94 95 96 97 98 
5 6 49 
5 6 49 50 99 
6 53 101 
6 101 
55 101 102 
54 55 
57 58 59 
26 56 58 59 
9 26 57 59 
9 26 56 57 58 
1 9 
1 27 28 62 63 
1 27 28 61 63 
1 15 27 28 29 61 62 64 65 
1 15 28 29 63 65 
1 15 29 63 64 66 
1 15 29 65 67 
1 15 66 68 
1 15 66 67 69 
1 30 68 
16 17 72 73 
16 17 70 72 
16 17 71 73 
17 31 70 71 72 
2 12 18 32 33 34 75 
2 12 18 34 74 
2 7 12 19 77 
2 7 19 35 76 78 79 80 
2 7 19 35 77 79 80 81 
2 7 19 35 77 78 80 81 
2 7 19 35 77 78 79 81 
2 7 35 78 79 80 
3 13 20 21 83 
3 13 20 21 37 
3 8 13 21 37 38 39 83 85 
8 13 37 38 39 84 
42 87 88 89 
4 41 42 86 88 89 
4 42 86 87 89 
4 42 86 87 88 
4 23 43 44 91 
4 43 44 90 
4 14 23 24 46 47 48 93 
4 14 24 46 47 48 
4 5 25 49 95 96 97 98 
5 24 25 49 94 96 97 98 
5 24 25 49 94 95 97 
5 24 25 49 94 95 96 98 
5 24 49 94 95 96 97 
5 6 51 100 
5 6 99 
6 52 53 54 
54 55 102 

