40 270
34 36 37 39 3 4 13 15 16 17 18 
37 39 5 6 7 8 20 
34 36 
37 38 13 16 17 18 
34 37 38 39 2 19 
34 37 39 2 7 8 20 21 
34 39 2 6 20 21 22 
34 2 6 7 20 
35 26 27 28 29 
35 9 27 28 29 
36 
36 
34 36 37 38 1 4 14 15 16 
38 1 4 13 15 16 
34 37 38 1 4 13 14 16 17 
34 37 1 4 13 14 15 17 18 
34 37 38 1 4 13 14 15 16 
34 37 38 4 16 17 
34 5 
34 40 2 7 8 21 22 
34 40 7 8 20 22 
7 8 20 21 
35 40 24 25 
35 40 25 
40 23 
35 9 28 
35 10 26 28 
9 10 26 27 
29 35 
36 37 38 1 3 11 12 31 32 33 
36 30 33 31 
30 31 33 
30 31 33 
35 36 37 38 39 40 1 2 3 4 5 6 7 8 13 14 15 16 17 18 19 20 21 22 30 31 32 
34 37 39 40 9 10 23 24 25 26 27 28 29 
34 37 38 1 3 11 12 36 31 32 
34 35 36 38 39 1 2 4 5 6 13 14 15 16 17 18 19 
34 36 37 39 1 3 4 5 13 14 16 17 18 19 
34 35 37 1 5 6 7 19 
34 35 9 20 21 23 24 25 

