52 355
2 6 13 14 15 22 23 24 25 35 36 37 38 39 40 41 42 43 44 
1 13 14 15 22 23 24 25 35 36 38 39 40 41 42 43 44 
4 5 7 8 9 10 17 18 28 29 30 31 32 
3 5 7 8 9 10 11 17 28 29 30 32 
3 4 9 10 11 18 28 29 30 31 
1 10 11 12 19 20 21 34 
3 8 9 17 7 
3 4 7 9 17 
3 4 8 17 28 
3 4 5 11 12 18 19 20 32 33 
4 5 6 10 12 18 19 20 33 
6 10 11 20 21 34 
1 2 14 22 23 
2 13 23 24 35 36 
1 2 24 25 40 41 42 43 45 46 47 
26 27 48 49 50 51 52 
3 4 5 7 28 29 
3 4 5 10 11 30 31 32 33 
6 10 12 33 
6 10 11 12 19 33 
6 12 34 
2 13 23 
1 2 13 14 22 
1 2 14 15 36 37 38 39 40 41 42 43 
2 15 26 44 45 47 48 
16 25 47 49 50 
16 26 49 50 51 52 
3 4 5 9 17 29 30 31 
3 4 5 17 28 31 
3 5 28 31 32 
3 4 5 18 28 29 30 
4 5 10 30 31 
5 10 11 18 19 20 
6 12 21 
1 2 14 
1 2 14 24 37 38 39 40 
1 2 24 36 38 39 
1 24 37 39 40 
1 2 36 38 40 41 
1 2 15 24 36 38 39 41 42 43 
2 15 24 39 40 42 43 
1 2 15 24 40 41 43 44 45 
1 2 15 40 41 42 44 45 
1 2 25 42 45 
15 25 42 43 44 
15 25 44 
15 16 25 26 46 48 49 
16 25 47 49 
16 26 27 47 48 50 
16 26 49 
16 50 52 
16 27 51 

