197 1582
181 11 40 
181 182 12 41 42 43 
181 182 189 190 192 13 14 45 46 47 48 
185 192 193 194 15 16 50 51 52 53 54 
183 185 186 194 6 20 21 22 23 55 56 57 58 59 
183 185 186 23 24 58 59 60 61 
180 184 187 195 196 26 27 28 29 30 31 32 64 65 66 
184 187 195 196 197 7 31 32 33 65 66 
187 188 10 36 38 69 70 71 72 
9 72 
1 39 125 
181 182 189 2 41 42 
181 182 189 190 191 3 14 44 45 46 47 
182 189 190 191 3 13 45 46 
191 192 193 4 16 50 51 52 53 
192 193 4 15 50 51 52 53 
185 186 194 18 19 54 
185 194 19 55 
185 194 17 55 
185 186 194 5 21 22 55 56 
185 186 194 20 22 55 56 
183 186 5 20 21 23 56 57 58 
183 185 186 5 6 22 56 57 59 60 
183 6 25 61 
180 183 24 62 
180 184 195 7 27 28 29 30 64 
184 195 26 30 
184 195 7 26 29 30 64 
184 195 7 26 27 28 30 31 64 
184 195 7 26 27 28 29 31 64 
184 195 196 7 8 29 30 64 
184 187 188 195 196 197 7 8 33 65 67 
184 195 197 8 32 66 67 
187 196 197 67 68 
187 188 197 36 37 69 
187 188 9 35 37 69 70 71 
187 188 9 35 36 38 69 70 71 
187 188 9 36 37 69 70 71 
1 11 
181 1 
181 182 189 2 42 43 
181 182 189 2 12 41 43 
182 189 2 41 42 44 
181 182 189 13 43 45 
182 189 13 
189 13 14 47 
190 191 3 13 14 46 
190 191 192 3 
190 191 192 48 
192 193 4 51 52 53 
193 4 15 16 50 52 53 
193 4 15 16 50 51 53 
193 4 15 16 50 51 52 
193 194 4 17 
185 186 194 17 18 19 20 21 
183 185 186 5 20 21 22 23 57 58 
185 186 5 21 22 23 56 58 
183 185 186 22 23 56 57 59 60 
183 185 186 5 6 23 58 
183 185 186 5 6 23 58 59 
183 6 24 
180 25 
180 183 63 
184 195 7 26 27 28 30 31 
184 195 196 7 31 32 66 
184 187 195 196 7 8 32 33 65 
187 188 196 197 32 33 34 68 
187 188 196 197 67 
187 9 36 37 38 70 71 
188 9 36 37 38 69 
9 36 37 38 69 70 
9 10 
74 75 76 77 78 79 81 82 83 84 85 86 87 92 93 94 95 96 104 105 106 107 108 109 110 111 112 113 133 134 135 136 137 138 139 140 141 142 143 144 145 146 147 148 149 150 151 152 153 154 155 156 
73 75 78 81 82 90 91 92 102 103 104 126 127 128 129 130 131 
73 74 78 81 82 83 92 93 94 104 105 106 129 130 132 133 134 135 136 
181 73 77 79 80 87 88 89 98 99 100 117 119 120 121 122 123 124 170 171 172 173 174 175 176 
73 76 79 80 87 88 89 98 99 100 121 122 123 124 170 171 172 173 174 175 176 
73 74 75 83 84 85 93 94 105 106 107 108 109 136 137 138 139 140 141 
73 76 87 88 89 96 115 116 117 118 119 120 167 169 
1 11 39 40 76 77 124 125 175 176 177 178 179 
73 74 75 91 101 102 103 126 127 128 
73 74 75 78 92 104 105 129 130 131 132 133 134 
73 75 84 85 93 94 95 106 107 108 109 139 140 141 
73 78 83 85 95 107 109 139 140 141 142 143 144 145 146 147 
73 83 95 109 110 143 145 146 147 148 149 
73 110 111 112 153 154 155 156 
73 76 77 79 116 117 118 119 
76 77 79 89 98 99 100 121 122 170 171 172 
76 77 79 88 98 99 121 170 171 172 
74 91 101 90 
74 81 90 101 91 126 
73 74 82 104 129 130 
73 75 78 83 94 106 107 136 137 138 
73 75 78 83 93 107 136 137 138 
73 83 84 85 109 142 143 144 145 146 147 148 
73 79 113 114 115 161 162 163 164 165 166 
96 113 114 163 164 165 166 
76 77 88 89 100 121 123 170 171 172 173 174 
76 77 88 89 98 100 122 123 172 173 174 
76 77 98 99 122 123 173 174 
74 81 90 91 127 128 
103 128 
74 81 102 
74 75 82 92 130 131 132 
73 75 78 82 133 134 135 
73 75 78 83 93 94 136 137 138 
73 78 83 84 93 94 108 139 
73 78 83 84 107 139 140 
73 78 83 84 85 95 139 140 141 142 143 144 145 146 
85 86 111 148 149 151 
73 86 110 112 151 152 153 
73 86 111 152 153 154 155 
73 96 97 157 158 159 160 161 162 163 
96 97 164 
79 87 96 97 114 166 167 
79 117 
76 79 87 116 118 119 120 168 169 
87 117 120 168 169 
79 87 117 118 120 168 169 
76 79 87 117 118 119 168 169 
77 88 89 98 170 
76 77 88 99 100 123 173 174 
76 77 99 100 122 173 
77 80 175 177 
11 80 178 179 
74 81 91 101 128 
74 81 126 128 
74 101 127 
75 92 130 
74 75 82 92 104 129 
82 104 132 
75 82 104 131 133 
73 75 105 132 134 
73 82 105 133 135 
75 105 134 
73 75 78 93 94 106 137 138 
73 78 93 94 106 136 138 
73 78 93 94 106 137 
78 83 84 107 108 109 140 141 
73 78 84 108 109 139 141 
73 83 84 140 142 
73 84 85 95 109 141 143 145 146 147 
73 84 85 95 109 142 144 145 146 147 
84 85 95 109 142 143 145 146 147 
73 84 85 95 109 142 143 144 146 147 
73 84 85 95 109 143 144 145 147 
84 85 95 109 142 143 144 145 146 
73 85 95 110 149 
73 110 150 
73 110 149 151 
73 110 111 150 
73 86 111 
73 86 111 112 152 154 155 
86 153 155 
73 86 112 153 154 
73 86 
113 158 159 160 
113 159 160 161 
113 157 158 160 162 
113 157 158 159 161 162 
96 157 159 160 162 163 
96 113 159 160 161 163 
96 97 113 162 
96 97 114 165 166 
97 114 164 166 
96 97 114 115 164 165 
115 87 
79 87 117 118 119 120 169 
79 117 118 120 168 
76 77 88 89 98 121 171 
76 77 88 89 98 121 170 172 
76 77 88 89 98 99 121 171 
76 77 98 99 100 122 123 174 
76 77 98 99 122 173 
76 77 80 124 176 177 
77 80 124 175 177 178 
80 124 175 176 179 
80 125 176 
125 177 178 
184 185 186 195 7 25 26 62 63 
182 189 190 191 1 2 3 12 13 40 41 42 43 44 45 80 181 
181 189 190 191 2 3 12 13 14 41 42 43 44 45 46 80 
180 185 186 5 6 22 23 24 56 58 59 60 61 62 63 
180 187 188 195 196 197 7 8 26 27 28 29 30 31 32 33 64 65 
180 183 186 193 194 4 5 6 17 18 19 20 21 22 55 56 57 58 59 60 
180 183 185 194 5 6 17 20 21 22 23 24 55 56 57 58 59 60 
184 188 195 196 197 7 8 9 32 33 35 36 37 38 66 67 68 69 
184 187 195 196 9 34 35 36 37 38 67 68 69 70 
181 182 190 2 3 12 13 14 41 42 43 44 45 
181 182 189 191 192 3 13 14 46 47 48 49 
181 182 190 192 3 13 14 15 47 48 49 
190 191 3 4 15 16 48 49 50 
185 192 194 4 15 16 50 51 52 53 54 
185 186 193 4 5 17 19 20 54 55 
184 187 188 196 7 8 26 27 28 29 30 31 32 33 64 65 66 
184 187 188 195 197 7 8 31 32 33 34 65 66 67 68 
184 187 188 195 196 8 32 33 34 67 68 

