45 275
35 43 44 2 10 11 19 20 
35 43 1 11 20 21 
26 35 43 44 4 12 13 21 22 23 24 25 
26 45 3 12 13 22 23 25 27 
26 6 30 39 32 
26 5 14 32 33 36 37 
31 42 
31 42 9 17 
31 42 8 
35 43 44 1 2 11 18 19 20 
35 43 44 1 2 10 18 19 20 
35 3 4 13 22 23 24 
45 3 4 12 22 23 24 25 27 
6 33 36 37 
26 40 
15 40 41 
42 8 
35 43 10 11 19 20 
35 43 1 10 11 18 20 
35 43 44 1 2 10 11 18 19 
35 43 44 2 3 
3 12 23 24 
3 4 12 13 22 24 
3 4 12 13 22 25 
3 4 13 24 27 
31 34 42 7 8 9 17 35 43 45 3 4 5 6 15 30 38 39 32 33 36 37 40 41 
4 13 25 28 
27 29 
45 28 
45 5 38 39 
34 42 7 8 9 17 
26 5 6 33 
6 14 32 36 
31 15 16 
26 43 44 1 2 3 10 11 12 18 19 20 21 
26 6 14 33 
26 6 14 40 
26 45 5 30 39 
26 45 5 30 
26 15 16 41 
26 15 16 
31 7 8 9 17 
26 35 44 1 2 3 10 11 18 19 20 21 
35 1 2 3 10 11 18 19 20 
26 4 5 13 27 28 29 30 38 39 

