35 185
31 32 17 18 
31 32 33 3 18 19 
33 2 4 5 20 21 
31 33 3 20 21 22 
31 33 3 4 6 21 22 
5 7 22 
30 35 6 8 
30 34 35 7 9 23 
30 8 23 
30 35 11 24 25 26 27 28 
30 10 12 27 28 
30 11 13 14 27 28 
14 15 
12 13 15 29 
13 14 29 
32 1 17 
32 1 16 
32 1 2 
31 33 2 20 
31 33 2 3 19 21 
31 3 4 5 20 
33 4 5 6 22 
30 35 8 9 24 25 
30 10 23 26 
30 35 10 24 26 
30 35 24 25 
10 12 28 
30 10 11 12 
13 15 
34 35 7 8 9 10 11 12 23 24 25 26 27 28 
32 33 1 2 3 4 5 18 19 20 21 
31 1 2 16 18 32 
31 3 4 5 19 20 21 22 
30 35 7 8 9 23 
30 34 7 8 9 10 23 24 25 26 

