65 414
62 65 6 15 16 18 37 
61 8 29 30 59 60 
62 64 65 4 5 12 13 14 34 35 
62 65 5 13 14 34 35 36 
62 65 3 4 13 14 34 35 36 
62 65 1 15 16 36 37 38 
61 26 27 28 56 58 
61 28 29 30 59 60 
64 9 
64 11 31 33 
10 12 31 32 
64 3 10 11 32 33 
64 65 3 4 5 14 34 
65 3 4 5 13 34 35 
62 65 1 5 6 16 35 36 37 38 
65 6 15 36 37 38 
62 18 19 39 
1 17 39 
62 17 20 40 41 
62 19 39 40 41 
63 49 50 51 
61 23 51 52 53 54 
61 63 22 24 25 54 55 
61 63 23 25 54 55 
61 23 24 54 55 
61 7 56 57 58 
61 7 26 28 56 57 58 
61 7 8 27 29 
61 2 8 28 59 
8 59 60 
64 10 11 
64 10 11 12 33 
64 10 11 12 
65 3 4 5 13 14 35 
65 3 4 5 14 34 36 
62 65 4 5 6 15 16 35 37 
62 65 1 6 15 16 36 38 
62 1 6 15 16 37 
62 17 18 19 20 40 
62 20 39 41 
62 19 20 40 
41 43 
42 44 45 46 47 
43 45 46 47 48 
43 44 46 47 48 
43 44 45 47 48 
43 44 45 46 48 
44 45 46 47 
63 21 50 51 52 
61 63 21 49 51 52 
61 21 22 49 52 53 
63 22 49 50 51 53 
61 63 51 
61 63 22 23 24 25 55 
23 25 54 
61 7 26 27 57 
61 7 26 27 56 58 
61 7 26 27 56 57 
8 29 30 60 
2 8 59 
63 2 7 8 21 22 23 24 25 26 27 28 29 49 50 51 52 53 54 55 56 57 58 61 
61 63 64 65 1 3 4 5 6 15 16 17 18 19 20 36 37 38 39 40 41 42 
61 62 21 22 23 24 25 49 50 51 52 53 54 63 
62 65 3 9 10 11 12 13 31 32 33 
62 64 1 3 6 13 14 16 34 35 36 37 38 

