77 714
2 3 4 5 6 7 10 11 12 13 15 18 19 20 21 22 23 24 25 26 27 39 40 41 42 43 44 45 46 47 48 65 66 67 68 69 70 71 72 73 74 75 76 77 
1 3 4 5 6 7 10 11 12 13 18 19 20 21 22 23 24 25 36 37 38 39 40 41 62 63 64 65 66 67 68 69 70 71 
1 2 5 6 11 12 13 14 15 25 26 27 42 43 44 45 47 48 3 72 73 74 75 76 77 
1 2 7 9 10 16 17 18 32 33 34 35 56 58 
1 2 3 6 7 11 12 13 22 23 24 25 40 41 67 68 69 70 71 
1 2 3 5 13 14 15 26 27 43 44 45 46 47 74 75 76 77 
1 2 4 5 10 18 19 20 21 22 36 38 39 40 60 61 62 63 64 65 
4 9 16 28 29 30 49 50 51 52 
4 8 16 30 31 52 53 54 55 9 
1 2 4 7 18 19 20 21 35 36 37 38 59 60 61 62 
1 2 3 5 12 22 23 24 25 41 67 68 69 70 71 
2 3 5 11 13 24 25 41 71 
1 2 3 5 6 12 25 26 42 72 
1 3 6 15 27 46 47 74 75 76 77 
1 3 14 27 46 47 48 75 76 77 
4 8 9 28 29 30 49 50 51 52 53 
4 31 33 34 
1 2 4 7 10 19 20 21 35 36 37 38 59 60 61 62 
1 2 10 18 20 21 36 37 38 39 60 61 62 63 
1 2 7 10 18 21 36 37 38 39 61 62 63 64 
1 2 7 10 18 19 20 36 37 38 39 62 63 64 
1 2 5 7 11 23 40 65 66 
1 2 5 11 22 24 41 66 67 
1 2 5 11 12 23 25 41 67 68 69 70 71 
1 2 5 11 12 24 
1 3 6 13 42 43 44 72 73 
1 3 6 14 15 46 47 48 
8 49 28 
8 16 28 49 50 
16 51 52 53 54 
4 17 32 33 56 57 
31 33 34 
4 17 31 34 
4 17 32 33 
4 10 18 58 59 
2 7 10 18 19 20 21 37 60 61 
2 7 10 19 20 21 36 39 62 63 
2 7 10 18 19 20 21 37 39 62 63 64 
1 2 7 20 21 37 38 62 63 64 
1 2 5 7 22 65 66 
1 2 5 11 12 23 24 68 69 70 71 
1 3 13 26 43 72 
3 6 26 44 45 73 
1 6 26 43 45 
1 3 6 43 44 
1 3 6 14 15 27 47 75 77 
1 3 6 14 15 27 46 
1 3 15 27 
8 16 28 29 50 51 
8 29 49 51 
8 16 29 30 49 50 52 
8 9 16 30 51 53 54 
9 16 30 52 54 
9 30 52 53 55 
9 54 
4 9 31 57 
4 31 56 
4 35 59 
10 18 35 58 
7 10 18 19 36 
7 10 18 19 20 36 60 
2 7 10 18 19 20 21 37 38 63 64 
2 7 19 20 21 38 39 62 64 
2 7 20 21 38 39 62 63 
1 2 7 22 40 
1 2 5 22 40 
1 2 5 11 23 24 41 69 70 
1 2 5 11 24 41 69 70 71 
1 5 11 24 41 67 68 70 71 
1 2 5 11 24 41 67 68 69 71 
1 2 5 11 12 24 41 68 69 70 
1 3 13 26 42 73 
1 3 26 42 43 72 
1 3 6 14 
1 3 6 14 15 46 76 77 
1 6 14 15 46 75 77 
3 6 14 15 46 75 76 

