29 185
29 2 7 12 13 14 15 16 
29 1 6 7 12 13 14 15 16 
29 8 9 17 18 19 20 
29 5 8 9 10 11 21 22 23 24 25 
29 4 9 10 11 21 22 23 24 25 26 27 28 
1 2 7 12 
1 2 6 12 13 
4 10 17 18 19 20 21 
29 3 4 5 8 10 21 22 23 
29 4 8 9 21 22 23 
4 5 24 26 27 28 
1 2 6 7 
1 2 7 14 16 
1 2 13 15 
1 2 16 
1 2 13 14 15 
29 3 8 18 19 20 
29 3 8 19 20 
29 3 8 17 18 20 
3 8 17 18 19 
29 4 5 8 9 10 22 23 
4 5 9 10 23 
5 10 21 22 
4 5 11 27 
4 5 11 24 26 27 28 
5 11 25 27 28 
5 11 24 25 26 28 
5 11 25 26 27 
1 2 4 5 8 9 10 17 18 19 20 21 

