32 213
25 31 7 8 9 17 18 19 20 21 22 23 
31 32 3 10 11 12 13 14 15 27 28 29 
2 12 13 14 15 29 
25 6 16 
25 4 6 16 
25 4 5 16 
25 1 8 17 18 20 
25 1 7 17 18 19 20 
31 1 21 22 23 24 30 
31 32 2 11 26 27 
31 32 2 3 10 12 13 14 27 28 29 
2 3 11 14 15 28 29 
2 3 11 12 14 15 29 
2 3 11 12 13 15 29 
3 12 13 14 
25 4 5 16 
25 1 8 18 19 20 
25 1 7 8 17 19 20 
25 1 7 8 17 18 20 
25 1 8 17 18 19 
31 1 9 22 23 24 
31 1 9 21 23 
31 1 9 21 22 24 
31 32 9 21 23 30 
1 4 5 6 7 8 16 17 18 19 20 
31 32 10 27 
31 32 10 11 26 28 
32 2 11 12 13 27 
2 3 11 12 13 14 15 
31 32 9 
32 1 2 9 10 11 21 22 23 30 26 27 
31 2 9 11 24 30 27 28 

