41 250
34 12 13 14 26 
13 14 15 27 28 29 30 31 32 33 
35 36 4 
35 3 5 6 16 
35 6 7 16 
35 4 5 7 16 
35 5 6 8 16 
35 37 7 9 10 17 18 
35 37 38 39 8 10 17 18 
35 37 38 40 8 9 18 
34 25 
34 1 13 14 26 
34 1 2 12 14 15 27 28 
34 1 2 12 13 15 27 28 
34 2 13 14 27 28 29 30 31 32 
4 5 6 
35 37 38 7 8 9 
35 37 8 9 10 
38 39 40 10 
40 21 22 
40 20 
34 20 23 24 25 
34 24 25 
34 11 22 23 25 
34 41 11 22 23 24 
34 12 
34 2 13 14 15 28 
2 13 14 15 27 
15 30 31 32 
29 31 32 
2 15 29 30 32 
2 15 29 30 31 33 
2 31 32 
35 38 39 40 41 1 2 11 12 13 14 15 20 22 23 24 25 26 27 
34 36 37 38 39 40 3 4 5 6 7 8 9 10 16 17 18 
35 3 36 
34 35 38 39 40 8 9 10 17 18 19 
34 35 37 39 40 8 9 10 17 18 19 
34 35 37 38 40 9 10 18 19 
35 37 38 39 10 19 20 21 
34 11 24 25 

