38 217
5 6 9 18 19 35 36 
38 3 4 11 12 13 2 
37 38 2 12 13 23 24 
37 38 2 3 23 24 25 
1 6 9 19 34 36 
1 5 9 35 36 
37 17 28 
37 17 28 31 32 33 
1 5 6 18 34 
11 20 21 22 
2 10 22 
38 2 3 13 
38 2 3 4 12 23 24 
37 38 15 16 26 27 
38 14 16 25 26 27 
37 38 14 15 25 26 27 
37 7 8 28 29 30 31 32 
1 5 9 34 
1 5 6 35 
10 21 
10 21 20 
10 11 
38 3 4 13 24 
38 3 4 13 23 
37 38 3 4 15 16 26 
37 38 14 15 16 25 
37 38 14 15 16 
37 7 8 17 29 30 31 
37 8 17 28 30 31 32 
8 17 28 29 31 32 
8 17 28 29 30 32 
8 17 29 30 31 33 
8 34 
5 18 33 
1 5 6 19 36 
1 5 6 19 35 
38 3 4 7 8 14 15 16 17 25 26 27 28 29 
37 2 3 4 7 12 13 14 15 16 23 24 25 26 27 

