29 188
2 3 4 11 12 14 15 25 26 27 28 29 
1 3 4 5 6 7 8 9 10 11 20 21 22 23 24 
1 2 4 6 7 8 9 11 23 24 25 
1 2 3 6 7 9 11 24 25 26 
2 6 10 16 17 18 19 20 
2 3 4 5 7 8 10 19 20 21 22 23 
2 3 4 6 8 9 23 24 
2 3 4 6 7 9 11 23 24 
1 2 3 7 8 11 25 26 
2 5 6 16 17 18 19 20 
1 3 4 7 8 9 24 25 26 
1 13 27 28 29 
1 12 14 15 28 29 
1 12 13 15 
1 13 14 
5 10 17 18 
5 10 
5 10 16 19 
5 6 10 18 20 21 
2 5 6 10 19 21 
2 6 19 22 
2 20 21 23 
2 3 6 7 8 22 
2 4 7 8 11 
1 4 9 11 26 
1 4 9 11 25 
1 9 12 
12 13 29 
1 13 14 

