54 342
2 15 27 28 29 47 48 49 50 51 52 
1 3 4 5 9 10 11 12 13 19 20 21 22 23 37 38 39 40 41 42 43 
2 4 5 6 7 8 9 16 17 32 33 34 35 
2 3 5 7 8 9 10 18 19 20 21 22 34 35 36 37 38 
2 3 4 10 19 20 21 22 36 37 38 39 40 41 
3 16 17 18 31 32 
3 4 8 9 18 33 34 
3 7 9 18 19 33 
2 3 4 5 7 8 10 21 22 34 36 37 38 
2 4 5 9 19 20 21 37 38 39 
2 12 13 14 24 25 43 44 45 
2 11 14 24 25 43 44 45 
2 11 12 14 24 43 44 45 
11 12 13 24 25 26 45 
1 27 46 47 
3 6 17 18 32 
3 16 32 
3 4 6 7 8 16 33 
2 4 5 8 9 10 20 21 22 36 37 38 
2 4 5 9 10 19 21 22 36 37 38 
4 5 9 10 19 20 22 38 
2 4 5 9 10 19 20 37 38 39 
2 40 41 43 
12 13 14 25 26 45 
12 13 24 26 45 
14 24 25 
1 15 28 
1 27 48 49 
1 30 53 54 
29 54 
6 31 
3 6 16 17 
4 7 8 18 34 35 
3 4 7 8 9 33 35 
3 4 7 8 34 
4 5 8 9 19 20 
2 4 19 20 21 38 
2 4 5 9 10 19 20 21 37 
2 5 10 
5 23 41 42 
2 5 23 40 42 
2 23 41 
2 11 12 13 23 44 
11 12 43 
11 12 13 14 24 25 
15 47 
1 15 46 
1 28 49 
1 28 48 50 
1 48 49 51 
1 50 
1 52 
29 30 54 
29 30 53 

