70 464
66 67 68 2 5 6 7 17 18 
66 67 68 1 5 6 7 8 17 
65 21 23 24 25 
65 69 11 27 28 29 30 31 
66 67 68 1 2 6 17 18 
66 67 68 1 2 5 7 8 17 18 
66 67 68 1 2 6 8 19 
66 68 2 6 7 19 
65 67 10 20 
65 67 9 20 21 
65 69 4 27 28 29 30 
70 14 15 16 32 33 34 
12 14 16 32 33 34 
70 12 13 15 16 32 33 34 
70 12 13 14 16 32 33 34 35 
41 42 52 12 14 15 34 35 
1 2 5 6 18 
67 68 2 5 6 17 
66 67 68 2 7 8 
65 67 10 
67 3 10 22 
65 3 21 23 
65 3 
65 3 25 
65 3 26 
65 24 25 
65 69 4 11 
69 4 11 29 30 31 
69 4 11 28 31 30 
69 4 11 28 29 31 
69 4 29 30 
70 12 13 15 33 34 
70 12 13 14 15 32 34 
70 12 14 15 16 32 33 35 
70 14 15 16 
37 38 39 43 44 45 46 47 49 54 55 56 57 
36 39 45 46 47 48 49 54 55 56 57 58 59 
36 37 39 45 46 47 48 49 54 55 56 57 58 59 
36 37 38 44 45 46 53 54 
50 51 60 61 62 63 64 40 
42 52 53 16 35 
41 52 53 16 35 
36 39 44 53 
39 43 45 54 
36 37 38 39 44 46 47 48 54 55 
36 37 38 45 47 49 55 56 
36 37 38 45 46 48 49 55 56 
36 37 38 47 49 55 56 
36 37 46 47 48 56 
40 60 61 62 63 
40 63 64 
41 42 53 
39 41 42 43 52 
36 37 38 39 44 
36 37 38 45 46 47 48 49 
36 37 38 46 47 48 49 57 58 
36 37 38 56 58 59 
36 37 38 56 57 59 
57 58 60 
40 50 59 61 
40 50 60 62 
61 63 
40 50 51 62 64 
40 51 63 
66 67 69 3 4 9 10 11 20 21 22 23 24 25 26 27 
65 67 68 1 2 5 6 7 8 17 18 19 
65 66 68 1 2 5 6 7 8 9 10 18 19 20 21 
66 67 1 2 5 6 7 17 18 19 
65 70 4 28 29 30 31 
41 42 52 69 12 13 14 16 32 33 34 35 

