56 350
54 22 25 24 
3 4 5 6 11 12 13 14 15 51 55 23 26 27 28 29 30 31 32 33 41 42 43 44 45 46 47 48 50 17 2 
2 4 5 10 49 51 55 40 41 
2 3 5 6 10 51 23 26 41 
2 3 4 6 10 51 55 23 26 41 
4 5 23 26 27 42 43 44 45 46 
8 19 20 16 34 35 53 36 37 56 
54 20 21 35 36 56 
54 1 22 25 24 
3 4 5 51 55 39 40 41 
27 28 29 30 31 32 47 48 
2 13 14 15 33 50 17 18 52 
2 12 14 15 33 18 52 
2 12 13 15 33 18 52 
12 13 14 16 18 52 
7 15 34 
2 33 
12 13 15 33 52 
54 8 20 21 36 37 56 
8 19 21 37 56 
54 8 19 20 
54 1 9 25 
2 5 6 26 
1 9 25 
54 1 22 
2 5 6 23 42 
2 6 11 28 29 43 44 45 46 
2 11 27 29 46 
2 27 28 46 
2 11 29 31 32 47 
2 11 30 32 47 
2 11 31 47 48 
2 12 13 14 50 17 18 
7 16 
8 19 20 7 53 36 37 56 
19 7 35 53 37 56 
19 7 35 53 36 56 
49 38 
3 51 40 
3 10 51 39 
2 3 5 10 51 55 
2 6 26 43 44 45 
2 6 27 42 44 45 
2 6 27 42 43 45 46 
2 6 27 42 43 44 46 
2 27 28 29 43 45 
2 11 30 31 32 48 
2 32 47 
3 38 49 
2 33 17 
2 3 4 5 10 55 39 40 41 
13 14 15 
7 34 35 36 37 56 
1 8 9 21 22 25 24 7 35 
2 3 4 5 10 51 41 
19 20 7 35 53 36 37 

