35 256
35 4 6 12 1 
35 3 5 7 8 13 14 15 24 25 26 27 28 29 30 31 32 
35 2 5 8 13 15 16 28 29 30 31 32 33 34 
1 6 9 10 11 17 18 19 20 
35 2 3 7 13 14 24 25 26 27 28 
1 4 
35 2 5 13 14 24 25 26 27 
2 3 15 16 29 30 31 33 
4 10 11 17 18 19 20 
4 9 11 17 18 19 20 
4 9 10 17 19 20 
1 21 22 
35 2 3 5 7 14 24 25 26 27 
35 2 5 7 13 25 26 27 28 
35 2 3 8 16 33 34 
35 3 8 34 
4 9 10 11 18 19 
4 9 10 11 17 19 
4 9 10 11 17 18 
4 9 10 11 19 
12 22 23 21 
12 21 23 
21 22 
35 2 5 7 13 
35 2 5 7 13 14 26 27 28 
35 2 5 13 14 25 27 28 
35 2 5 7 13 14 25 26 28 
35 2 3 5 13 25 26 27 29 
35 2 3 8 28 30 31 32 
35 2 8 29 31 32 
35 2 3 8 29 30 32 
2 3 8 29 31 
35 3 8 15 16 
35 3 15 16 
1 2 3 5 7 13 14 15 16 24 25 26 27 28 29 30 31 32 33 34 35 

