40 209
2 9 10 11 12 13 28 29 30 31 32 33 34 35 37 38 
3 4 1 10 11 12 13 31 33 34 35 36 37 39 40 
4 6 14 15 16 13 40 
3 14 15 13 38 39 
6 7 8 18 19 20 21 22 
3 5 7 16 17 18 19 
5 6 17 18 19 20 
5 22 23 
1 10 28 30 
1 9 30 31 32 
1 2 10 30 31 32 33 
1 2 35 36 37 
14 15 1 2 38 40 
3 4 15 39 40 
3 4 
3 6 7 18 
6 7 16 18 
5 6 7 16 17 19 
5 18 20 21 
5 7 19 21 
8 20 
5 8 21 
8 24 26 27 
25 26 27 
23 24 26 27 
23 24 25 27 
23 24 25 26 
1 9 29 
1 9 
1 9 31 32 
1 2 10 11 30 32 33 
1 10 11 30 33 
1 2 10 11 31 32 34 35 
1 31 33 35 
1 2 12 33 34 36 
1 2 12 35 37 
1 12 36 
2 13 39 
14 2 13 38 40 
14 15 2 13 38 39 

