37 222
2 3 6 7 10 11 12 13 20 21 22 23 24 25 26 27 28 29 30 31 32 33 34 35 
1 4 5 8 14 15 16 2 
1 6 7 12 13 24 25 26 27 28 29 30 31 32 33 
2 5 14 
2 4 14 15 
7 12 26 27 28 29 31 
1 3 6 12 27 28 29 30 31 32 
2 17 18 19 
16 17 18 19 
11 19 20 21 22 
1 21 22 23 24 
1 3 6 7 26 27 28 29 30 
1 3 32 33 34 35 36 37 
4 5 15 
2 15 14 
8 9 18 
9 18 19 
8 9 16 19 
8 9 10 17 18 20 21 
1 10 19 21 22 
1 10 19 20 
1 10 11 20 21 
1 11 24 
1 3 11 23 25 26 
1 23 24 26 
1 3 6 12 24 25 27 
1 3 6 7 12 26 28 29 
1 3 6 7 12 30 
1 3 6 7 12 27 28 30 
1 6 7 12 28 29 
1 3 7 30 32 
1 13 31 33 34 
1 13 32 35 
1 13 32 33 35 
1 13 33 34 36 37 
13 35 37 
13 35 36 

