41 241
2 3 4 5 6 7 8 9 14 15 16 17 18 24 25 26 27 28 29 
1 3 4 5 6 7 8 9 17 18 28 29 30 31 
1 2 4 5 7 14 15 16 17 26 27 29 
1 2 3 5 6 8 9 17 18 30 31 
1 2 3 4 6 8 9 17 18 30 31 
1 2 4 5 8 9 19 30 31 32 
1 2 3 14 15 16 24 25 26 27 
1 2 4 5 6 9 17 18 30 
1 2 4 5 6 8 30 31 
19 20 33 34 
13 20 22 
10 19 33 34 
11 21 22 35 36 
1 3 7 15 24 25 26 
1 3 7 14 16 26 
1 3 7 15 27 
1 2 3 4 5 8 18 
1 2 4 5 17 
6 12 32 33 34 
10 11 20 
11 13 22 35 
11 13 21 35 
13 35 36 37 
1 7 14 25 26 
7 14 24 26 
1 3 14 15 24 
1 3 7 16 28 
1 2 3 27 29 
1 2 3 28 
2 4 6 9 
2 4 5 6 9 
6 19 
10 12 34 
10 12 33 34 
11 13 21 23 
13 37 38 
23 36 38 
23 36 37 39 40 41 
38 40 41 
38 39 41 
38 39 40 

