41 239
2 3 8 9 15 16 25 26 27 28 29 30 31 32 
3 8 9 10 30 31 32 33 34 
1 2 8 16 29 30 31 32 33 
5 6 7 13 14 19 20 4 
4 6 7 13 14 19 20 
4 5 7 13 14 19 20 21 22 23 
4 5 6 14 20 21 22 24 
1 2 3 16 28 29 30 
1 2 3 10 17 33 34 35 36 37 
2 9 11 17 18 34 35 36 37 38 39 40 
10 12 17 18 38 39 40 41 
11 18 40 41 
5 6 14 20 
4 5 6 13 19 20 
24 25 26 
3 8 28 29 30 
9 10 11 18 35 36 37 38 39 40 
11 12 41 
4 6 13 14 20 
4 6 7 13 14 19 21 
6 7 20 22 23 
7 21 
6 7 22 
7 15 
1 15 24 26 27 
1 15 25 28 
1 28 
8 16 26 27 
1 3 8 16 30 
1 2 3 8 16 
2 3 32 33 
1 2 3 31 33 
2 3 31 32 
2 9 10 35 36 37 
9 10 17 34 37 
9 10 17 34 35 37 38 
9 17 34 35 38 
10 11 17 36 39 
10 11 38 
10 11 12 17 18 41 
11 18 40 

