44 237
2 9 10 11 18 19 20 21 22 23 24 37 38 39 40 41 42 
1 3 5 6 7 8 17 32 33 34 
2 4 5 12 13 14 15 16 17 26 27 28 29 30 
3 12 13 14 26 27 29 
2 3 6 15 16 17 31 32 33 
2 5 7 33 
2 8 34 
2 7 34 35 36 
1 18 37 38 
1 11 24 43 
1 10 23 24 25 43 44 
3 4 26 
3 4 12 14 26 27 28 
3 4 12 13 26 28 
3 5 16 17 30 31 32 
3 5 15 17 29 30 31 32 
2 3 5 15 16 30 31 32 
1 9 38 
1 20 42 
1 21 22 
1 19 20 22 
1 20 23 
1 10 11 22 24 
1 10 11 23 25 43 
10 43 44 
3 4 12 13 27 28 
3 13 14 26 28 29 
3 4 13 26 27 29 
3 4 16 27 28 30 
3 15 17 29 31 
3 5 15 16 30 
2 5 16 17 6 
2 5 6 32 
2 7 8 36 
8 34 36 
8 34 35 
1 9 18 
1 9 18 39 40 
1 18 38 40 
1 19 38 41 
1 19 40 42 
1 19 40 41 
10 11 24 44 
11 25 43 

