29 192
27 28 11 12 19 20 2 3 4 
28 11 12 19 20 1 3 4 
28 11 12 19 20 1 2 
28 11 12 19 20 1 3 
28 11 12 20 21 6 7 
28 11 12 20 21 5 7 
28 11 12 20 5 6 
9 16 17 24 25 26 
27 8 10 17 18 26 
27 9 17 18 13 22 29 
27 28 12 19 20 21 1 2 3 4 5 6 
28 11 19 20 21 1 2 3 4 5 6 7 
18 22 
23 14 
8 14 23 24 25 
8 15 23 24 25 
27 8 9 10 18 26 13 
27 9 10 17 13 22 
28 12 20 1 2 3 
28 11 12 19 21 1 2 3 4 5 6 
28 11 12 20 5 6 
27 10 18 13 
14 15 16 24 25 
8 15 16 23 25 
8 15 23 24 
8 9 17 
28 9 10 11 17 18 19 13 22 29 1 
27 11 12 19 20 21 29 1 3 4 5 6 7 
27 28 10 

