109 763
100 109 2 3 14 15 50 
100 109 1 3 15 16 17 18 52 53 
100 1 15 16 17 18 52 53 
100 5 19 20 21 56 57 58 59 60 61 62 
100 4 19 21 58 59 60 61 62 
104 22 23 24 25 26 68 69 70 71 72 73 
105 106 8 76 77 78 79 80 81 82 
106 7 78 79 80 81 82 
103 108 33 34 35 36 
102 103 108 9 11 34 35 36 37 84 
101 103 108 10 12 84 85 86 88 
103 108 11 38 39 40 89 90 
101 38 40 41 42 91 92 93 94 
109 1 48 49 50 51 
100 1 2 3 16 17 52 53 
100 2 3 15 17 52 53 54 
100 2 3 15 16 18 53 54 
100 2 3 16 17 52 53 54 
100 4 5 20 21 58 59 60 61 62 
100 4 5 19 21 62 63 
4 5 19 20 62 63 64 65 
104 6 23 24 68 67 22 
104 6 22 24 25 68 
104 6 22 25 68 
104 6 22 23 24 26 68 69 70 71 72 73 
6 25 27 69 70 71 72 73 74 
26 73 74 75 
102 106 107 29 30 83 
102 106 107 28 30 31 32 83 
102 106 107 28 29 31 32 83 
102 106 107 29 32 83 
102 106 107 29 30 31 83 
102 9 34 35 36 
102 9 10 33 36 
102 9 10 33 34 
9 10 33 34 35 
101 103 108 10 11 84 85 86 87 
101 103 12 13 39 40 88 89 90 
101 103 12 38 40 89 90 
101 12 13 38 39 41 89 90 91 
101 13 40 42 91 92 93 94 
101 13 41 94 95 
101 44 45 46 95 96 
101 43 45 46 96 97 98 
43 44 46 47 96 97 98 99 
101 43 44 45 47 97 98 99 
46 97 98 99 
14 49 50 
109 14 49 48 50 
100 109 1 48 49 51 
100 1 14 50 
100 2 3 15 16 17 18 53 
100 3 16 17 18 52 
100 16 18 55 
100 57 
100 55 57 58 59 
100 4 55 58 59 
100 5 19 56 59 60 
100 4 5 19 57 58 60 
4 5 19 58 59 61 
100 4 5 19 20 60 
4 5 19 20 21 63 
20 21 62 64 
21 63 65 67 
21 66 67 
64 65 67 
67 64 65 66 
104 6 22 23 24 25 
6 25 26 70 71 73 
6 25 26 69 71 72 73 
6 26 69 70 72 73 
25 26 69 70 71 73 74 
6 25 26 27 69 70 71 72 74 
26 27 71 72 73 
105 27 
105 7 78 
105 7 76 78 79 80 
8 76 77 79 80 81 
7 78 81 
7 8 77 78 79 81 82 
7 8 78 79 80 
7 8 79 80 81 
106 28 31 32 
108 10 11 37 85 86 
103 108 11 37 84 86 
103 108 11 37 84 85 87 
103 108 11 37 86 88 
101 103 108 11 12 38 87 
101 12 38 39 40 90 
101 38 39 40 89 
13 40 41 92 94 
101 41 91 93 
101 92 94 
101 13 41 42 91 92 93 
101 42 
101 43 44 45 46 97 98 
43 44 45 46 47 96 98 
44 45 46 47 96 97 
45 46 47 98 
104 109 1 2 3 4 5 14 15 16 17 18 19 20 21 50 51 52 53 54 55 56 57 58 59 60 61 
102 103 108 11 12 13 37 38 39 40 41 42 43 44 45 46 88 89 90 91 92 93 95 96 
101 103 106 107 108 9 10 28 29 30 31 32 33 34 35 36 83 
101 102 108 9 10 11 12 37 38 84 85 86 87 88 89 
100 6 67 22 23 24 25 68 
7 27 75 76 77 
102 107 7 8 28 29 30 31 32 83 
102 106 28 29 30 31 32 83 
101 102 103 9 10 11 37 84 85 86 87 88 
1 2 14 48 49 50 51 

