39 235
38 4 9 10 11 12 20 21 22 23 24 25 26 27 28 
38 39 3 8 14 15 16 33 34 35 
39 2 15 16 17 33 35 36 
1 9 10 11 18 19 20 21 
38 13 29 30 
38 2 7 8 14 31 32 
38 6 8 14 31 32 
38 2 6 7 14 
1 10 18 19 20 
1 9 18 19 
1 4 20 21 22 
1 13 22 23 24 25 26 27 28 29 
38 5 12 28 30 
38 2 6 7 8 32 
39 2 3 16 34 35 
39 2 3 15 17 35 36 37 
39 3 16 36 37 
4 9 10 19 
4 9 10 
1 4 9 11 21 22 
1 4 11 20 22 
1 20 21 23 
1 12 22 24 25 26 27 
1 12 23 26 27 28 
1 12 23 24 26 27 28 
12 23 24 25 27 28 29 
1 12 23 24 25 26 28 29 
1 12 13 24 25 26 27 29 
5 13 26 28 
38 13 
38 7 
38 6 7 8 14 
2 3 15 
39 3 15 35 
39 2 15 16 34 
39 16 17 37 
39 16 17 36 
39 2 5 6 7 8 13 14 30 31 32 
38 2 15 16 17 34 35 36 37 

