42 292
38 5 6 7 10 11 12 13 14 23 
39 40 41 42 3 17 32 33 34 35 
39 40 41 42 2 17 32 33 34 35 
5 6 9 21 22 
1 4 9 10 11 12 21 22 
1 4 5 9 10 11 12 22 23 
38 1 8 13 14 24 25 26 27 
39 40 7 15 25 26 27 28 
4 5 6 11 21 22 
1 5 6 9 11 12 22 
1 5 6 9 10 12 22 23 
1 5 6 11 23 
38 1 24 
1 7 13 24 
38 40 8 16 28 
38 39 40 41 29 30 31 
42 3 18 19 20 36 
17 19 20 36 37 
17 18 20 36 37 
17 18 19 36 
4 5 9 
5 6 9 10 11 
1 6 10 11 12 
7 13 14 
38 39 7 8 26 27 28 
38 7 8 25 27 28 
38 39 7 8 25 26 28 
38 39 8 15 25 26 27 
38 39 40 41 16 30 31 
39 40 41 16 29 31 
39 40 41 16 29 30 
42 2 3 33 34 35 
42 2 3 32 34 35 
42 2 3 32 33 35 
42 2 3 32 33 
17 18 20 37 
19 20 36 
39 40 41 42 1 7 8 13 14 15 16 24 25 26 27 28 29 
38 40 41 42 2 3 7 8 15 16 25 27 28 29 30 31 
38 39 41 2 3 8 15 16 29 30 31 
38 39 40 42 2 3 8 15 16 29 30 31 
38 39 40 41 2 17 32 33 34 35 

