52 260
52 4 5 1 20 21 22 
47 7 8 9 10 28 29 30 
49 50 51 17 42 
52 1 5 6 21 23 
52 1 4 6 22 23 
52 4 23 24 25 
52 2 8 9 27 
2 7 9 27 
2 7 8 28 
2 28 29 30 
12 33 34 35 36 37 38 
47 48 11 36 37 38 39 
48 14 15 39 40 
47 48 13 15 16 40 41 
47 48 13 14 16 41 
14 41 
50 51 3 42 43 
51 19 18 44 
51 18 44 
1 21 22 
1 4 22 
4 5 20 
52 4 5 6 
52 6 26 
52 6 24 
52 24 25 27 
52 7 8 26 
2 9 29 
2 10 28 
2 10 31 
47 30 32 33 
47 33 
47 11 31 32 34 
11 33 35 
47 33 34 
47 11 12 35 37 
47 11 12 36 38 
47 48 11 
48 13 38 40 
47 13 14 39 
47 48 14 15 16 
50 51 3 17 43 
50 51 17 
51 45 
51 19 44 46 
51 46 44 45 
48 49 50 2 11 12 13 14 15 16 31 32 34 35 36 37 38 39 40 41 
47 49 50 11 12 13 14 15 16 38 39 40 41 
47 48 50 3 49 
47 48 49 51 3 17 42 43 
3 17 19 42 43 18 44 45 46 
1 5 6 23 24 25 26 27 

