68 510
53 55 66 67 2 15 16 35 36 37 39 40 
67 1 15 16 38 39 40 
53 55 68 17 18 19 41 42 43 
53 55 62 20 45 46 48 49 
53 55 62 21 22 50 51 52 60 
7 8 23 24 25 56 57 59 
6 8 25 57 58 59 
6 7 25 57 58 59 
53 61 63 64 65 11 12 13 26 27 28 29 30 31 32 
61 63 11 10 
61 9 63 10 26 
61 9 63 64 13 27 28 29 30 31 32 
9 64 65 12 31 32 
64 66 13 
53 67 1 2 16 38 39 40 
1 2 15 39 40 
53 55 3 18 41 42 
53 55 3 17 19 41 42 
53 55 3 18 43 
53 55 62 68 4 44 45 46 47 
55 62 5 22 23 24 51 52 60 54 56 
5 21 23 24 25 60 54 56 
6 22 24 25 54 56 
6 21 22 23 25 54 56 
7 8 23 24 
61 9 63 
61 9 63 64 12 28 29 30 
61 9 63 64 12 27 29 30 
61 9 63 64 12 27 28 30 
61 9 63 64 12 27 28 29 
9 64 12 13 32 
64 12 13 
65 66 
53 67 35 36 
67 34 36 37 
53 67 34 35 
53 2 36 38 
53 67 1 2 15 37 
53 1 2 16 40 
53 1 2 15 16 39 
55 3 17 18 42 
53 55 3 17 18 41 
55 3 18 
53 55 68 4 20 45 
53 55 62 68 4 20 44 46 48 49 
53 55 62 68 4 20 47 49 
55 62 68 4 20 45 48 49 
55 62 68 4 45 46 47 
55 62 68 4 45 46 47 48 
55 5 
55 62 5 21 52 60 
62 5 21 51 60 
55 61 9 62 64 65 66 67 68 1 2 3 4 5 15 16 17 18 19 20 35 36 37 39 40 41 42 43 44 45 46 
21 22 23 24 25 56 
53 62 68 1 3 4 5 17 18 19 20 21 41 42 44 45 46 47 48 49 50 51 
6 21 22 23 24 25 54 
6 7 8 58 
7 8 57 59 
7 8 58 
62 5 21 22 51 52 
53 9 63 64 10 11 12 26 27 28 29 30 
53 55 68 4 20 21 45 46 47 48 49 50 51 52 
9 64 10 11 12 26 27 28 29 30 
53 61 9 63 65 66 12 13 14 28 29 30 31 32 
53 9 64 66 67 13 14 33 34 
53 64 65 67 1 14 33 34 35 
53 65 66 1 2 15 34 35 36 37 
53 55 62 3 4 20 44 45 46 47 48 49 

