61 350
55 2 3 18 
55 3 18 19 
55 1 2 18 19 20 
56 57 5 21 22 23 
56 57 4 6 21 22 23 
56 57 4 5 23 24 
58 24 25 26 
52 53 58 59 9 10 28 29 30 31 
52 53 58 8 10 30 31 
52 53 59 8 11 32 
52 53 59 10 32 
52 60 34 35 37 
14 37 38 39 
13 15 39 40 41 
14 39 40 41 
54 61 17 50 51 
54 16 50 51 
55 1 2 19 
55 2 3 18 20 
3 21 
56 4 5 20 22 
56 5 21 
56 57 4 5 6 22 
6 7 
58 7 26 27 28 
58 7 27 28 29 
58 8 25 26 28 29 30 
58 8 25 26 27 29 30 
58 8 26 27 28 30 31 
53 58 8 9 27 28 31 
52 53 58 8 9 29 30 
52 53 59 11 
53 60 34 35 
53 60 12 33 35 
60 12 33 34 36 
52 60 12 35 37 
60 12 13 36 38 
13 37 
13 14 15 
15 41 42 
14 40 42 
54 61 40 41 43 44 45 46 
61 42 44 46 47 
54 61 42 43 45 46 47 
54 61 43 44 46 47 
54 61 42 43 44 45 47 48 
54 61 43 44 45 46 48 
54 61 46 49 
54 61 16 48 
54 16 17 51 
16 17 50 
53 58 59 60 8 9 11 12 31 32 33 34 35 36 
52 58 59 60 8 9 10 11 30 31 32 33 34 
61 16 17 42 43 44 45 46 47 48 50 
1 2 18 19 
57 4 5 21 22 
56 4 5 6 23 24 
52 53 7 8 9 25 26 27 28 29 30 31 
52 53 8 9 10 11 31 
52 53 13 33 34 35 36 37 38 
54 16 42 43 44 45 46 47 48 49 

