117 780
96 117 25 26 81 82 
95 96 101 3 28 29 30 31 86 87 
96 101 2 30 31 32 87 88 89 90 
93 111 5 6 
4 6 
93 4 5 112 
94 112 38 39 
94 113 9 10 42 43 44 45 
94 97 113 8 10 45 
94 97 113 8 45 
94 97 45 
102 48 49 
14 51 52 54 
102 13 51 52 53 54 
55 56 57 58 59 
98 100 17 18 62 63 64 65 66 
98 100 103 16 18 66 
98 103 16 17 67 
105 106 114 20 21 68 69 70 71 
104 105 106 114 19 21 22 68 69 70 71 
104 105 106 114 19 20 22 70 71 
104 105 106 114 20 21 71 72 73 
95 108 109 110 115 116 74 75 
95 99 109 115 116 76 77 78 79 
95 117 1 26 27 83 
95 96 117 1 27 28 83 
95 25 26 28 82 83 84 
95 2 26 27 29 83 84 85 86 
95 96 101 28 30 84 85 86 87 
96 2 3 29 31 32 87 
96 101 2 3 30 87 88 89 
101 3 30 31 88 90 
91 92 
93 111 35 
93 111 34 
93 111 37 
93 36 
94 7 39 
94 112 7 38 40 
94 7 39 
94 113 40 42 
94 113 8 41 43 44 
94 113 8 42 44 
94 113 8 42 43 
94 97 8 9 10 11 
97 47 
97 46 
102 12 50 
102 12 50 51 
102 49 51 
102 13 14 49 50 
13 14 53 54 
102 13 14 52 
102 14 52 53 55 
100 15 54 
100 15 57 58 59 
100 56 58 59 
100 15 57 59 
15 56 57 58 60 
100 59 61 62 63 64 
60 62 63 64 
100 16 60 61 63 65 
100 60 61 62 64 65 
100 16 60 61 62 63 65 
100 16 62 63 66 
98 100 16 65 
98 18 
114 20 69 70 
114 20 68 70 
104 114 19 20 68 69 
104 105 106 114 19 20 22 72 
104 105 106 114 21 71 73 
104 105 106 107 114 72 
99 108 109 115 23 75 
109 115 23 74 
95 99 109 116 24 77 
95 99 109 110 116 24 78 
95 110 76 77 
95 110 24 78 
95 96 81 
95 96 117 1 80 
95 96 117 1 25 26 27 
95 96 25 26 28 84 
95 96 27 28 29 83 85 86 
96 28 29 84 86 
96 2 28 84 85 
96 2 3 29 30 31 
101 3 31 89 90 
101 3 31 32 88 90 
101 32 88 89 91 
101 33 90 92 
101 33 91 
94 111 112 4 5 6 34 35 36 37 
93 112 113 7 8 9 10 11 38 39 40 41 42 43 44 45 
96 99 101 108 109 110 115 116 117 1 2 23 24 25 26 27 28 29 76 77 78 79 80 81 84 
99 101 117 1 2 3 25 26 27 28 29 30 31 80 81 82 83 84 85 86 87 
102 113 8 9 10 11 45 46 47 
100 103 104 114 17 18 66 67 98 
95 96 106 107 108 109 110 115 116 23 24 74 75 76 77 
98 102 103 15 16 17 55 56 57 58 59 60 61 62 63 64 65 66 
95 96 2 3 29 30 31 32 87 88 89 90 91 92 
97 100 12 13 14 48 49 50 51 52 53 54 
98 100 17 18 67 
98 105 106 107 114 19 20 21 22 68 69 70 71 72 73 
104 106 114 19 20 21 22 71 72 73 
99 104 105 107 114 19 20 21 22 71 72 73 
99 104 105 106 73 
95 99 107 110 115 116 23 75 
95 99 108 110 23 24 74 75 76 77 
95 99 108 109 115 116 23 24 76 77 78 79 
93 4 34 35 36 37 
93 94 112 7 38 39 
94 97 8 9 10 41 42 43 44 
98 104 105 106 19 20 21 22 68 69 70 71 72 73 
95 99 108 109 110 116 23 24 74 75 
95 99 108 109 110 115 23 24 76 77 78 
95 96 1 25 80 81 82 

