47 286
29 34 42 2 15 
29 42 1 15 
35 44 4 5 21 22 
36 44 3 5 22 23 
36 44 3 4 6 22 23 24 25 26 
36 5 23 24 25 26 
36 8 27 28 
36 7 27 28 31 
30 37 10 31 
30 37 45 9 31 13 
30 38 45 46 47 12 32 33 39 40 41 
38 47 
30 37 45 10 14 
30 37 13 
29 34 42 1 2 
29 34 42 
29 43 
43 19 20 
35 43 18 20 
35 43 18 19 
44 3 4 
44 3 4 5 23 
36 44 3 4 5 6 22 
5 25 26 
36 5 6 24 26 
36 5 6 24 25 
36 7 8 28 
36 8 27 
34 35 42 43 1 2 15 16 17 
36 37 38 45 46 47 9 10 11 31 13 32 
30 37 8 9 10 
30 38 45 46 47 11 33 39 40 
38 47 11 32 39 40 
29 42 1 2 15 16 34 
44 3 17 18 19 20 21 
30 44 4 5 6 7 8 23 24 25 26 27 28 
30 38 45 46 9 10 31 13 14 
37 45 46 47 11 12 32 33 39 40 41 
38 47 11 32 33 40 
38 46 47 11 32 33 39 
38 47 12 
29 34 1 2 15 16 
29 17 18 19 20 
35 36 3 4 5 21 22 23 
30 37 38 46 47 10 11 13 14 32 
30 37 38 45 47 11 32 33 39 40 
30 38 45 46 12 32 33 39 40 41 

