34 220
6 7 8 9 10 11 
29 31 32 3 12 13 14 
29 31 32 2 12 13 
29 30 31 32 5 15 16 17 18 
29 30 4 15 16 17 18 
1 7 8 9 10 
1 6 9 10 
1 6 9 10 
1 6 7 8 10 
6 7 8 9 11 
29 31 2 10 12 14 
29 31 2 3 11 13 14 
29 31 32 2 3 14 
29 31 32 2 3 12 13 
29 31 32 4 16 
29 30 4 5 15 17 18 
29 30 4 5 16 18 
4 5 16 17 
30 33 20 21 
30 33 34 19 21 
33 34 19 20 22 
30 33 34 21 23 24 25 26 
33 34 22 24 25 
33 34 22 23 25 26 27 
33 34 22 23 24 26 
33 34 22 25 27 
33 34 24 28 
27 28 
30 31 32 2 3 4 5 11 12 13 14 15 16 17 
29 33 34 4 5 16 17 18 19 20 21 22 
29 32 3 4 11 12 13 14 15 
29 31 2 3 4 12 13 14 
30 34 19 20 21 22 23 24 25 27 
30 33 19 20 21 23 24 25 26 27 

