40 246
27 31 13 14 
32 15 
30 33 34 38 39 4 18 19 20 
30 33 34 38 39 40 3 20 
34 40 21 22 23 24 
40 5 23 24 25 
25 26 7 
27 28 9 
28 8 
27 28 29 11 
27 28 29 10 
29 37 
27 31 1 14 
27 31 13 
30 32 33 2 
30 32 33 
30 33 38 16 18 19 
30 33 34 38 3 17 19 
30 34 38 3 17 18 
30 33 34 38 39 3 4 
34 39 40 5 22 23 
34 40 5 21 23 
6 21 22 
5 6 25 
6 7 24 26 
7 25 
28 29 30 31 32 33 35 36 37 1 8 10 11 12 13 14 
27 29 35 36 8 9 10 11 
27 31 35 36 37 10 11 12 
27 32 33 34 38 39 40 3 4 15 16 17 18 19 20 
27 29 36 1 12 13 14 
27 30 33 38 2 15 16 
27 30 34 38 39 3 4 15 16 17 18 19 20 
33 38 39 40 3 4 5 18 19 20 21 22 
27 28 29 36 11 
27 29 31 35 37 12 
27 31 36 
30 32 33 34 39 40 3 4 16 17 19 20 
30 33 34 38 40 3 4 20 21 
30 34 38 39 4 5 6 21 22 23 

