125 947
2 3 5 6 9 13 27 28 29 30 31 47 48 49 50 51 52 53 54 85 86 87 88 90 91 92 96 97 98 107 108 109 118 119 120 121 122 123 124 125 
1 3 6 9 13 29 30 31 32 52 53 54 55 86 87 
1 2 4 7 9 14 15 18 37 38 39 60 61 63 64 
3 7 8 10 11 15 16 17 19 20 21 23 42 43 69 70 71 72 73 74 75 76 
1 2 6 13 27 29 30 31 47 48 49 50 51 52 53 54 86 87 
1 2 5 9 13 29 30 31 53 54 55 87 
3 4 10 15 19 20 21 40 41 66 67 68 69 
4 10 11 12 16 17 24 25 26 45 46 81 82 
1 2 3 6 13 14 32 33 34 35 36 56 57 58 
4 7 8 11 16 21 22 23 42 43 70 71 72 73 74 75 76 77 
4 10 12 16 17 24 25 26 42 44 45 79 80 81 82 
8 11 16 17 24 25 26 45 81 82 83 
1 2 5 6 9 31 32 55 
9 37 58 59 60 
3 4 7 19 20 40 41 65 66 67 68 
4 8 10 11 12 17 22 24 42 43 44 76 77 78 79 80 81 
4 8 11 12 16 24 25 44 79 80 81 
3 39 64 
4 7 15 20 21 68 69 
4 7 15 19 68 69 
4 7 10 19 69 71 
4 10 16 23 42 71 72 73 74 76 
4 10 16 22 42 43 73 74 75 76 77 78 
8 11 12 16 17 25 44 81 
8 11 12 24 26 45 81 82 83 
8 11 12 25 45 82 83 
1 5 48 
1 5 27 47 48 49 
2 6 52 53 
1 2 5 6 29 52 
1 2 6 13 54 55 
2 13 33 56 
9 32 34 35 36 56 57 
9 33 36 56 57 
9 36 56 57 
9 33 34 35 56 57 
3 14 38 60 
3 14 37 60 
3 18 61 62 63 
7 15 41 65 66 67 
7 15 40 66 67 68 
4 10 11 16 23 43 76 77 78 79 
4 10 16 23 42 76 77 78 
11 16 17 24 79 80 
8 11 12 25 26 82 83 
8 84 
5 27 28 48 49 
1 5 28 47 49 
28 47 48 50 
1 49 51 
1 5 50 
1 2 5 6 29 30 53 
1 2 6 52 
1 2 5 31 
2 6 13 31 
9 32 33 34 35 36 57 
9 33 34 35 36 56 
9 14 59 
37 58 59 
3 14 37 
3 39 62 63 
39 61 63 
3 18 39 61 62 
3 18 
40 65 
7 15 40 41 67 68 
7 15 40 41 68 
7 19 20 41 67 
7 19 20 21 
4 21 71 
4 10 21 22 70 
4 10 22 23 73 74 75 
4 10 22 72 74 75 76 
4 10 22 23 72 73 75 76 
4 10 22 23 72 73 76 
10 16 22 23 42 43 74 75 77 78 
10 16 23 42 43 76 78 
42 43 76 79 
11 16 17 42 44 78 
16 17 44 79 
8 12 16 17 24 25 
8 11 12 25 26 45 
8 12 25 26 45 82 
46 84 
86 87 88 90 91 92 96 97 107 108 118 119 120 121 
5 85 87 88 91 92 96 97 98 107 108 109 118 119 120 121 122 123 124 
5 6 27 28 47 85 86 88 92 96 97 98 109 121 122 123 124 125 
85 86 87 91 92 96 97 107 108 119 120 
90 93 94 95 99 100 101 102 
85 89 91 94 95 102 103 104 106 111 112 113 114 
85 86 88 90 107 115 116 117 
85 86 87 88 96 97 98 109 121 122 123 124 
94 99 100 101 102 110 
89 90 93 95 101 102 103 104 111 112 113 
89 90 94 103 104 105 111 112 113 
85 86 87 88 92 97 98 107 108 118 120 
87 88 92 96 98 120 121 122 
85 86 87 88 92 96 97 121 122 123 
89 93 100 110 
89 93 99 101 102 110 
89 93 94 102 110 
89 90 93 94 100 101 110 
90 94 95 104 105 106 111 112 113 114 
90 94 95 103 105 106 111 112 113 114 
90 95 103 104 111 113 114 
90 103 104 105 113 114 115 116 117 
85 86 88 91 96 108 118 119 
85 86 88 96 107 118 119 120 
86 87 92 124 125 
89 93 99 100 101 102 
90 94 95 103 104 105 112 
90 94 95 103 105 113 
90 94 95 103 105 106 111 112 114 
90 103 104 105 106 113 115 
91 105 106 114 116 117 
91 106 117 
91 106 115 116 
85 96 107 108 119 
85 86 88 96 107 108 118 
85 86 88 97 108 
85 86 87 92 97 98 122 123 
86 87 92 97 98 121 123 
92 98 121 122 
86 87 109 125 
87 109 

