124 845
4 5 6 8 11 12 20 22 23 24 25 26 27 28 59 60 61 62 64 106 107 108 109 110 111 112 
13 35 36 37 38 39 40 70 71 73 
4 7 16 17 18 49 50 51 52 85 86 87 88 89 90 91 
1 3 8 10 11 18 19 20 53 54 55 96 97 98 99 100 101 
1 4 8 10 11 19 20 53 54 55 98 99 100 101 102 
1 28 29 30 31 65 66 112 113 114 115 116 117 118 119 120 121 122 123 124 
3 16 45 46 47 48 49 50 51 82 83 84 85 86 
1 4 5 10 11 19 20 53 54 55 56 98 99 100 101 102 
13 14 15 41 42 43 44 78 79 80 
5 8 19 53 54 97 
1 4 5 8 20 21 22 23 55 56 57 58 102 103 104 105 
1 26 27 61 62 63 64 108 109 
2 9 14 15 41 73 74 75 76 77 
9 13 15 41 74 75 73 76 77 
9 13 41 42 43 76 77 78 
7 17 51 52 87 88 89 
3 16 52 87 88 89 90 91 
4 93 94 96 95 
4 5 8 10 53 54 96 97 
1 4 5 8 21 22 23 55 56 57 58 59 103 104 105 
11 20 55 56 57 104 105 
1 11 20 21 23 58 59 106 
11 20 22 24 25 59 60 106 
1 23 25 59 60 106 
1 23 24 60 106 25 
1 27 61 62 63 64 107 108 109 
1 12 26 62 63 64 109 110 
1 6 112 113 114 
6 30 31 65 66 116 117 118 119 120 121 122 123 
6 29 31 65 66 120 121 122 
6 29 30 66 121 122 123 124 31 
33 34 67 
32 67 
33 67 
2 36 69 70 71 
2 35 70 71 
2 38 40 72 
2 37 39 40 
2 37 38 40 72 
2 37 38 39 
9 13 14 15 42 76 77 
9 15 43 78 79 80 
9 15 42 79 80 
9 45 46 47 81 
7 44 46 47 48 81 82 83 84 
7 44 45 47 48 81 82 84 
7 44 45 46 48 81 82 83 84 
7 45 46 47 49 82 83 84 
3 7 48 50 85 86 
3 7 49 51 85 86 
3 7 16 50 86 
16 17 87 88 89 91 
4 5 8 54 98 
4 5 8 10 53 98 
4 5 8 11 20 21 57 101 102 103 104 105 
8 11 20 21 55 57 102 103 104 105 
20 21 55 102 103 104 105 
11 20 21 22 23 59 
1 20 22 23 24 58 106 
1 23 24 25 106 
1 12 26 62 63 108 
1 12 26 27 61 63 108 109 
1 12 26 27 62 64 108 109 
1 12 26 27 62 63 109 
6 29 30 114 115 116 117 118 119 120 
6 29 30 121 123 124 31 
32 33 34 68 
34 67 69 
35 68 70 
2 35 69 71 
2 35 36 70 
2 37 38 
2 13 74 75 73 
13 14 73 75 
13 14 73 74 
13 14 15 41 77 
13 14 41 76 
9 15 42 79 80 
9 43 78 
9 42 43 78 79 
44 46 47 82 
7 45 47 48 81 83 84 
7 45 46 47 82 84 
7 45 47 48 82 83 
3 7 49 50 
3 7 49 50 51 85 
3 16 17 52 88 
3 16 17 52 87 89 
3 16 17 52 88 90 91 
3 17 52 88 89 91 
3 17 52 89 90 
18 93 94 92 
18 92 94 
18 92 93 96 
18 96 
19 96 95 97 
19 96 
4 5 8 53 54 
4 5 8 100 101 
4 5 8 99 101 
4 5 8 55 99 102 
5 11 55 56 57 101 103 
11 20 21 55 56 57 102 104 105 
11 20 21 55 56 57 103 105 
11 21 55 57 103 104 
1 22 23 24 25 59 60 
1 26 61 108 
1 12 26 61 62 63 107 
1 12 26 27 62 63 64 
1 27 111 112 
1 110 112 
1 6 28 110 113 
28 112 
6 28 65 115 116 
6 65 114 117 
6 29 65 114 115 117 118 119 
6 29 65 115 116 118 119 120 
6 29 65 116 117 119 
6 29 65 116 117 118 120 
6 29 30 31 65 117 118 119 121 122 
29 30 31 66 120 122 
6 29 31 66 120 121 
6 29 30 31 66 124 
31 66 123 

