79 638
58 59 70 21 
59 65 66 70 71 1 21 
53 54 60 67 72 73 4 
53 54 60 67 72 73 3 
53 54 60 61 67 68 73 6 23 24 25 
53 54 60 67 68 73 5 23 24 25 26 
62 63 74 75 9 10 32 33 34 35 36 37 
74 75 7 9 10 33 35 36 37 
63 74 7 8 10 33 34 35 36 37 
63 74 75 7 8 9 33 34 35 36 37 
55 63 76 12 13 38 
63 11 
55 63 76 11 12 
55 56 
55 56 14 
64 78 17 40 41 42 
57 64 16 18 19 20 42 
64 69 79 17 19 20 42 
64 69 79 17 18 20 43 44 45 
64 69 79 17 18 43 44 45 
59 65 66 70 71 1 2 
65 66 70 71 
53 54 60 61 67 68 73 5 6 
53 54 60 61 67 68 73 5 23 25 26 
53 54 60 61 67 68 5 6 24 26 27 28 
53 54 60 61 68 6 24 25 27 28 
53 60 61 68 25 26 28 
53 54 60 61 68 25 26 27 
53 54 60 61 68 
62 31 32 
62 30 32 
62 74 75 7 30 31 
74 75 7 8 9 10 34 
63 75 7 8 9 33 35 36 
63 75 8 9 10 34 36 37 
63 75 7 8 9 10 34 35 37 
63 75 7 8 9 10 35 36 
63 11 
55 56 57 77 
57 78 16 
57 16 17 42 
57 16 17 18 41 
64 79 18 19 20 44 45 
64 69 79 19 20 43 45 46 
64 79 19 20 43 44 46 
64 69 79 44 45 
49 50 51 52 
58 47 51 52 
47 49 50 
47 48 49 51 52 
47 48 49 50 52 
47 48 50 51 
54 60 61 62 65 66 67 68 72 73 3 4 5 6 23 24 25 26 27 28 29 
53 60 61 62 67 68 72 73 3 4 5 6 23 24 25 26 27 28 29 
56 57 63 76 77 11 13 14 15 
55 57 63 76 77 78 14 15 39 
56 64 69 77 78 79 16 39 40 41 42 
59 65 1 47 50 51 52 
65 70 58 1 2 21 47 48 52 
53 54 61 62 67 68 72 73 3 4 5 6 23 24 25 26 27 28 29 
53 54 60 62 67 68 73 5 6 23 24 25 26 27 28 29 
53 54 60 61 63 68 74 75 7 29 30 31 32 33 
55 56 62 74 75 76 7 8 9 10 11 12 13 34 35 36 37 38 
57 69 79 16 17 18 19 20 42 43 44 45 46 
53 58 66 70 71 1 2 21 22 
53 70 71 72 2 21 22 
53 54 60 61 68 72 73 3 4 5 6 24 25 
53 54 60 61 62 67 73 5 6 23 24 25 26 27 29 
57 64 79 18 19 20 43 44 45 46 
58 59 65 66 71 1 2 21 
65 66 70 2 21 22 
53 54 60 66 73 3 4 
53 54 60 61 68 72 3 4 5 6 23 24 
62 63 75 7 8 9 10 30 31 32 33 
62 63 74 7 8 9 32 33 34 36 
55 56 63 11 13 
55 56 57 78 39 
56 57 77 16 40 
57 64 69 17 18 19 20 43 44 45 46 

