183 1350
175 176 183 9 23 24 25 26 27 28 
175 177 178 10 30 31 32 33 
175 177 180 181 4 11 12 36 
175 180 3 5 11 12 
175 180 181 4 11 12 
179 13 14 6 
175 176 182 19 20 21 
175 176 183 22 
175 176 183 1 23 24 25 26 
175 177 178 2 34 
175 180 181 3 4 5 
175 3 4 5 11 
6 14 
6 14 13 
176 182 
175 176 182 18 
176 182 16 18 
175 176 182 16 17 
176 182 21 
175 176 7 19 21 
175 176 7 19 20 
175 176 8 
175 183 1 9 24 25 
175 183 1 9 23 25 26 
183 1 9 23 24 26 
175 183 1 9 25 
175 1 28 29 
175 1 29 
175 27 28 
175 178 2 
175 177 178 2 32 33 
175 177 178 2 31 
175 177 178 2 32 
175 177 178 35 
175 177 178 10 34 
175 180 3 
37 72 
39 41 42 43 44 45 46 48 49 50 51 52 58 59 60 61 62 63 64 65 66 85 86 87 88 89 90 91 92 93 94 95 96 129 130 131 132 133 134 135 136 137 138 139 140 141 142 143 144 145 146 147 149 175 
38 43 48 49 63 64 89 90 91 92 93 137 138 139 140 141 142 143 
54 55 56 111 112 113 114 115 116 
38 42 58 59 79 80 81 82 83 121 123 124 125 
38 41 58 59 60 83 84 125 126 127 128 129 
38 39 48 60 61 62 63 85 86 87 88 130 131 133 134 
38 45 49 50 51 52 65 66 96 97 98 99 100 101 102 103 149 150 151 152 153 154 155 
38 44 50 52 66 96 97 98 99 100 101 102 103 152 153 154 155 156 157 
38 51 53 67 68 69 70 104 105 106 107 163 164 165 166 167 168 
71 72 108 169 170 171 172 173 174 
38 39 43 63 64 89 90 134 135 136 137 
38 39 44 65 94 95 146 147 148 
38 44 45 49 65 66 95 96 97 147 149 150 151 
38 45 46 52 67 100 101 102 103 104 105 153 154 155 156 157 158 159 160 
38 44 45 51 67 100 101 102 103 104 153 154 155 156 157 158 159 
46 67 68 106 107 164 165 166 167 
40 74 75 76 109 110 111 
40 56 115 116 117 
40 55 57 115 116 117 118 
56 118 119 120 
38 41 42 59 81 82 122 123 124 125 
38 41 42 58 83 84 124 125 126 
38 42 43 129 130 131 
38 43 60 62 85 130 131 
38 43 61 85 87 131 132 
38 39 43 48 89 134 135 136 
38 39 48 63 89 134 136 
38 44 49 50 95 96 147 148 149 150 
38 44 45 50 96 97 98 99 150 151 152 
46 51 52 53 68 104 105 106 160 161 162 163 164 165 
46 53 67 69 107 164 165 166 167 
46 53 70 165 167 
46 69 71 107 168 
47 70 108 169 170 
37 47 172 174 
54 74 75 110 
54 73 75 76 109 110 
54 73 76 109 110 111 
54 74 75 109 110 111 
57 78 79 119 120 
41 77 79 80 120 121 
41 77 121 
41 78 79 121 
41 58 82 122 123 124 
41 58 81 122 123 124 
41 42 59 84 125 126 127 128 
42 59 83 126 127 128 
38 43 61 62 86 87 88 132 133 
38 43 62 85 87 88 132 133 
38 43 62 85 86 88 133 
38 43 85 86 87 133 
38 39 48 63 64 
38 39 48 91 92 93 137 138 140 
38 39 92 93 138 140 141 142 
38 39 90 91 138 139 140 141 142 
38 39 90 91 92 139 140 141 142 143 
38 49 145 
38 49 50 65 147 148 
38 44 45 65 66 97 98 149 150 151 
44 50 66 96 98 151 152 
44 45 66 96 97 99 152 
44 45 66 98 100 152 153 154 
44 45 51 52 99 101 102 103 153 154 155 156 157 
44 45 51 52 100 102 103 153 154 155 156 157 158 
44 45 51 52 101 103 153 154 155 156 157 
44 45 51 52 100 101 102 153 154 155 156 157 158 
51 52 67 105 106 159 160 161 162 163 
46 67 104 106 160 162 
46 53 67 104 105 159 160 161 162 163 164 
46 53 68 69 167 
47 71 169 171 
54 73 74 75 76 110 
54 73 75 76 109 
40 54 75 76 112 113 
113 114 
40 111 112 
112 113 
40 55 56 116 117 
40 55 56 115 117 
55 56 115 116 
56 57 
57 77 120 
57 77 78 119 
41 78 79 80 
41 81 123 124 
41 58 81 82 122 124 
41 58 59 82 122 123 
41 42 59 83 126 
42 59 83 84 125 127 
42 83 126 128 
83 84 128 126 127 
38 60 129 
38 43 60 131 
38 43 60 61 62 
38 43 61 62 85 86 
38 43 85 86 87 88 135 
38 43 48 63 64 135 
48 63 133 134 136 
38 48 63 64 134 135 
38 39 48 90 138 
39 90 91 92 137 
38 39 90 91 92 93 140 141 142 
38 39 90 91 92 93 141 142 143 
38 39 91 92 93 139 140 142 143 
38 39 91 92 93 139 140 141 143 
38 39 140 141 142 
38 94 145 146 
94 146 
38 49 94 144 
38 49 50 95 148 
38 49 65 95 147 
38 50 65 96 150 
44 50 65 66 97 149 151 
50 66 96 97 
44 45 66 97 98 99 153 
44 45 52 99 101 102 103 152 154 155 
44 45 51 52 99 100 101 103 153 155 156 
44 45 51 52 100 101 103 153 154 156 157 
45 51 52 100 101 102 103 154 155 157 158 
45 51 52 100 101 102 103 155 156 158 
51 52 101 102 103 155 156 157 
51 52 67 104 105 106 160 161 162 163 
51 67 104 105 106 159 161 162 163 
104 105 106 159 160 162 163 
67 104 105 106 159 160 161 163 
46 67 104 105 106 159 160 161 162 164 
46 53 67 68 106 163 165 
46 53 67 68 69 164 166 
46 53 68 69 165 167 
46 53 68 69 107 166 
46 70 
47 71 108 170 
47 71 108 169 171 
47 108 170 
72 173 174 
47 72 172 174 
47 72 173 
40 176 177 178 179 180 181 182 183 1 2 3 4 5 7 8 9 10 11 12 16 18 19 20 21 175 22 23 24 25 26 27 28 29 30 31 32 33 34 35 36 
175 177 178 179 182 183 1 7 8 9 15 16 17 18 19 20 21 22 
175 176 178 180 181 2 3 10 30 31 32 33 34 
175 176 177 180 2 10 30 31 32 33 34 35 
175 176 6 
175 177 178 181 3 4 5 11 12 36 
175 177 180 3 4 5 11 12 
175 176 7 15 16 17 18 19 
175 176 1 8 9 23 24 25 26 

