86 563
2 3 4 5 9 13 14 15 16 17 32 33 34 35 36 37 38 39 40 41 54 57 58 59 60 61 62 63 64 65 
1 3 4 10 17 18 19 20 21 22 42 43 44 45 46 66 67 68 69 70 71 72 73 74 75 76 77 78 79 80 81 82 83 
1 2 5 7 8 9 12 13 14 16 31 32 33 34 35 50 51 52 53 54 55 56 57 58 
1 2 10 20 21 22 23 45 46 77 78 79 80 81 82 83 
1 3 9 15 16 33 34 35 36 37 38 58 59 60 
7 8 29 30 49 
3 6 8 12 30 
6 7 12 30 31 50 
1 3 5 15 16 36 37 38 39 59 60 
2 4 22 23 46 
6 29 49 
3 7 8 31 50 
1 3 32 53 
1 3 13 32 54 55 56 57 
1 3 5 9 33 34 35 36 58 59 
1 5 9 15 33 34 35 36 58 59 
1 2 40 63 64 65 
2 19 20 43 44 68 69 70 71 72 73 74 75 76 
2 18 20 43 44 72 73 74 75 76 
2 19 44 45 
4 46 80 81 82 83 
2 4 10 
4 24 
84 85 
23 24 85 
24 25 27 47 86 
26 47 
11 48 49 
6 11 28 48 49 
7 8 
3 8 12 50 51 52 
1 3 13 54 55 56 
1 3 5 16 34 35 36 58 59 
1 3 5 15 16 33 35 36 58 59 
1 5 15 16 33 34 36 58 59 
1 5 9 15 16 33 34 35 37 59 
1 5 9 36 38 60 
1 5 9 39 60 
1 9 61 
1 61 62 63 64 
1 17 65 
2 67 68 69 70 
2 18 19 44 72 73 74 75 76 
2 18 19 20 43 73 74 75 76 
2 4 20 77 78 
2 4 10 21 83 
27 85 86 
28 29 49 
11 29 48 
31 51 52 
3 31 50 52 
3 31 50 51 
3 13 52 
1 3 14 32 55 56 57 
32 56 57 
3 14 32 54 55 57 
1 3 14 54 55 56 
1 3 5 15 16 33 34 35 59 
1 5 9 15 16 33 34 35 36 58 
1 5 9 37 38 
1 40 62 
1 40 61 63 64 
1 17 62 64 
1 17 40 62 
1 17 41 
2 42 67 
2 42 66 
2 18 69 70 71 72 
2 18 42 68 70 71 72 
2 18 42 68 69 71 72 
2 18 68 69 72 73 
2 18 19 43 68 69 70 71 73 74 
2 19 44 71 72 74 
2 18 19 43 44 72 73 75 76 
2 18 19 43 44 74 76 
2 18 19 43 44 74 75 
4 45 79 
2 4 45 77 79 80 
2 4 21 77 78 81 
2 4 21 79 81 82 
2 4 21 79 80 82 
4 80 81 
2 4 21 46 
23 25 10 84 
24 25 26 
27 47 

