109 638
2 3 4 5 11 12 13 14 15 24 25 26 36 37 49 51 
1 3 4 5 11 12 13 14 
1 2 4 6 7 9 10 15 16 17 18 20 21 22 23 
1 3 14 
1 2 11 12 13 
3 7 8 9 18 19 20 21 22 
3 6 8 9 10 20 21 22 23 
3 6 7 9 10 20 21 22 23 
3 6 7 8 10 20 21 22 23 
3 7 9 21 22 23 
1 12 13 
1 2 5 11 13 
1 2 11 12 
1 2 4 
1 17 18 
3 15 17 
3 15 16 18 19 
3 6 15 16 17 
3 6 17 
3 7 8 21 22 
6 8 10 20 22 
3 6 7 8 9 10 20 21 23 
3 7 8 9 22 
1 2 3 25 26 27 28 29 32 33 34 35 37 38 39 40 41 42 43 44 45 46 47 48 49 50 51 74 
24 27 28 29 32 33 34 38 39 41 42 43 44 45 46 
24 25 34 35 47 48 50 51 
24 25 30 32 33 38 
25 29 40 41 42 43 44 45 46 
24 25 28 41 42 43 44 45 46 
31 30 
27 30 32 
24 25 27 31 33 39 
24 25 32 38 39 
24 26 35 46 47 
26 34 
24 26 37 49 51 
24 36 
24 25 32 33 39 
24 25 27 33 
25 41 
24 25 28 29 40 42 43 
24 25 28 29 41 43 
24 28 29 42 44 
24 25 28 29 43 46 
24 25 29 44 46 
24 25 28 29 34 44 45 
24 26 48 
24 26 35 47 
24 26 50 51 
24 26 36 49 51 
24 26 36 49 50 
53 55 63 64 65 66 87 
52 56 57 58 64 65 66 67 68 
61 62 70 71 72 73 
52 53 64 65 66 67 
52 53 55 57 64 65 66 67 68 
53 56 58 66 67 68 
53 56 57 60 67 68 
58 60 69 
59 61 69 70 
54 60 62 69 70 71 72 
54 61 70 72 
52 108 109 
52 53 55 56 65 66 
52 53 55 56 66 
52 53 55 56 57 64 65 67 
53 55 56 57 58 66 68 
53 56 57 58 67 
59 60 61 70 
54 60 62 69 71 
54 61 62 70 72 73 
54 61 73 
54 73 
24 52 53 55 56 57 58 60 63 64 65 66 67 68 75 79 80 81 86 87 97 98 99 100 102 103 104 105 106 107 108 109 
79 83 84 85 93 94 95 96 97 
78 82 88 
76 82 83 89 90 91 
76 77 83 89 91 
74 75 83 84 85 92 93 94 95 96 
74 81 98 99 100 101 
74 80 100 102 103 104 105 
76 77 89 
75 77 78 79 84 85 90 91 93 
75 79 83 85 92 93 
79 84 92 
74 87 105 106 107 108 109 
63 74 86 107 108 109 
76 82 89 
77 78 88 
78 83 91 
77 83 90 
75 79 83 84 85 93 
83 84 92 
75 79 95 
75 79 94 96 
75 79 95 
74 75 80 98 
74 80 98 
74 80 98 100 101 
74 80 98 99 101 
80 81 99 100 102 
74 81 101 104 
74 81 102 104 
74 102 103 
74 81 103 106 107 
74 86 107 
74 86 87 105 106 
63 87 109 
63 74 86 87 108 

