95 566
2 3 4 5 6 7 8 9 10 15 16 17 18 19 20 21 30 31 32 33 34 35 36 37 38 39 40 41 42 43 44 74 75 76 77 78 79 80 81 82 83 84 85 86 87 88 89 90 91 92 93 94 95 
1 3 6 8 9 15 16 17 26 27 28 64 65 66 67 68 69 
1 2 9 17 18 19 30 31 69 71 72 73 74 
1 11 12 13 22 23 50 51 52 
1 6 25 62 63 
1 5 24 25 6 63 
1 41 42 43 44 90 91 92 93 94 95 
1 2 15 16 26 27 28 29 64 65 66 67 
1 2 3 17 30 31 71 72 73 74 
1 20 10 33 34 35 36 37 81 82 
12 22 49 
4 11 50 
4 14 23 50 51 52 
13 23 52 53 54 55 
1 2 8 16 29 68 
1 2 8 15 68 
1 3 9 69 70 71 
1 3 19 74 75 76 77 
1 18 75 76 77 
1 10 32 33 35 36 37 80 
1 41 85 86 87 88 
4 45 47 48 49 
4 13 14 52 
5 6 25 61 62 
5 6 24 62 
2 8 27 28 29 64 65 
2 8 26 28 29 64 65 66 
2 8 27 29 65 66 67 
2 8 15 26 27 28 65 66 67 
1 3 9 31 72 73 74 
1 9 30 74 
20 78 79 
1 10 20 34 35 36 80 
1 10 20 35 36 80 
1 10 20 34 36 37 80 81 
1 10 20 33 34 35 37 81 
1 20 35 36 81 82 
1 39 83 84 
1 38 83 84 
1 21 41 85 86 87 88 89 
1 7 21 40 42 86 87 88 89 90 
1 7 41 90 91 92 93 94 
42 93 
1 7 95 
22 46 47 
22 45 47 48 49 
22 45 46 48 49 
22 46 49 
11 22 46 47 48 
12 13 51 
4 13 50 
4 13 14 23 
14 54 55 
14 53 55 
14 53 54 
57 59 60 
56 58 59 60 
57 59 60 61 
56 57 58 60 61 
56 57 58 59 61 
5 24 58 60 62 
25 61 
5 6 
2 8 26 27 
2 8 26 27 28 29 66 
2 8 26 27 28 29 65 67 
8 28 29 66 
2 15 
2 3 17 70 71 
69 71 
3 9 17 69 70 
3 9 30 
3 9 30 72 
3 9 18 30 31 
1 18 76 
1 18 19 75 77 
18 19 76 
1 32 79 
1 32 78 
1 10 20 34 35 
1 10 35 37 82 
1 10 37 81 
1 38 39 83 
38 39 
1 21 40 86 87 
21 40 41 85 87 88 
1 21 40 41 85 86 88 89 
1 21 41 86 87 89 
1 21 40 41 87 
1 7 41 42 91 92 
1 7 90 92 93 94 
1 7 42 90 91 93 94 
1 7 42 43 90 91 92 94 
1 7 42 43 91 92 93 
7 44 

