93 610
76 78 20 21 22 23 61 62 63 64 65 
80 85 3 4 24 25 26 68 69 
80 85 2 4 24 25 26 69 
80 81 85 2 3 26 68 69 70 
80 81 6 27 71 72 
81 27 71 72 73 
74 82 30 7 
74 9 31 33 
74 34 
74 86 
75 83 89 90 91 41 42 
75 77 83 91 92 44 45 46 
75 77 92 14 47 48 
75 77 13 48 50 
75 76 77 79 84 93 16 52 53 
79 84 93 15 52 53 
76 78 79 84 18 55 56 57 58 59 
76 78 17 19 57 59 
18 60 
76 1 21 61 62 63 
76 1 20 62 63 65 
85 1 23 66 
85 1 22 66 
80 85 2 3 25 67 
80 2 3 24 68 
80 85 2 3 4 70 
81 71 72 73 
82 29 
82 28 29 
82 7 31 
74 8 
74 31 33 
74 8 32 
74 9 
74 86 36 
74 86 87 35 37 
74 86 87 35 36 
74 87 88 39 40 
87 88 38 40 
87 88 38 39 
75 83 89 90 
83 90 11 43 44 
75 83 91 42 44 
75 83 91 92 12 42 43 
75 77 83 92 12 46 
77 92 12 45 
75 77 
77 14 47 
75 77 14 48 
75 77 14 51 
75 77 50 52 
77 79 15 16 50 51 53 
79 15 16 52 
76 78 79 84 93 55 
76 78 79 84 17 54 56 57 58 
76 78 17 55 57 58 
76 78 18 55 56 58 59 
76 78 17 18 55 56 57 59 
76 78 18 57 58 
78 19 
76 78 1 20 62 
76 1 20 21 61 63 64 
76 20 21 62 65 
76 1 20 21 62 63 65 
1 21 63 64 
22 67 
85 24 
80 85 2 3 4 25 26 69 
80 2 3 4 68 70 
80 4 26 69 
81 5 6 27 72 
81 27 71 
81 6 27 
75 77 82 83 86 87 88 89 8 10 30 31 32 33 9 34 35 36 37 38 
74 76 77 78 79 83 84 89 90 91 92 93 11 12 13 14 15 41 42 43 44 45 46 47 48 49 50 51 
75 77 78 79 80 84 85 93 1 15 17 18 19 20 21 55 56 57 58 59 60 61 62 63 
74 75 76 78 79 83 84 91 92 93 12 13 14 15 45 46 47 48 49 50 51 52 
75 76 77 79 84 93 1 17 18 19 20 54 55 56 57 58 59 60 61 
75 76 77 78 84 93 15 16 17 53 54 55 
76 81 85 2 3 5 6 24 25 26 69 70 
80 4 6 27 71 72 73 
74 7 28 30 
74 75 77 89 90 91 92 11 12 41 42 43 44 45 
75 76 77 78 79 93 15 16 17 54 55 
76 80 2 3 4 22 23 24 25 26 67 68 
74 87 88 10 35 36 37 
74 86 88 35 36 37 38 39 40 
74 86 39 40 
74 75 83 90 11 41 
83 89 91 11 41 42 
75 77 83 90 92 11 42 43 44 
75 77 83 91 12 13 44 45 46 
75 76 77 78 79 15 16 54 

