67 425
65 67 2 6 7 14 15 16 36 51 52 53 54 55 56 57 58 
65 1 7 8 17 38 39 60 61 62 
21 22 41 
9 10 21 22 40 41 66 
11 23 24 25 26 27 43 5 44 
67 1 34 35 36 50 
65 1 2 16 37 55 56 57 58 59 
65 2 17 39 60 61 
65 10 18 20 21 22 40 41 63 64 42 66 4 
65 9 18 19 20 21 22 40 41 63 64 42 66 4 
5 23 24 43 
67 13 28 29 30 46 47 
12 28 30 46 
67 1 6 36 50 
1 7 16 55 56 57 58 59 
1 7 15 56 57 58 59 
65 2 8 37 38 39 60 
65 9 19 20 63 64 42 
9 10 18 20 63 64 42 
9 10 21 22 40 63 64 42 66 
65 9 10 20 22 40 66 4 3 
65 9 10 20 21 40 41 66 4 3 
5 11 24 25 26 44 
5 11 25 26 44 
5 23 24 26 44 
23 24 27 44 
5 25 44 45 
12 29 46 
12 13 28 30 47 
67 12 29 47 48 
67 32 33 34 35 49 
67 31 33 34 35 49 
67 31 32 34 
67 6 31 32 35 50 
6 31 32 33 50 
6 14 
2 7 17 38 59 
2 17 37 
65 2 8 17 60 
65 9 10 20 21 22 41 42 66 4 
9 10 21 22 40 4 3 
65 9 10 18 19 20 40 63 64 
5 11 
5 23 24 25 27 
27 46 
12 13 45 
12 29 30 48 
67 30 47 
67 32 
67 14 34 35 
1 14 52 53 54 55 
1 51 53 54 55 
1 52 54 55 
1 51 53 55 56 57 
1 7 15 51 52 53 54 56 57 
1 7 15 16 54 55 57 
1 15 16 54 55 56 
1 7 15 16 
7 16 37 
65 2 8 17 39 
65 2 8 62 
65 2 8 61 
65 9 10 18 19 20 64 42 
9 10 18 19 20 63 42 
1 2 7 8 9 10 17 18 19 20 21 22 39 40 60 61 62 63 64 42 
9 10 21 22 40 4 
1 6 12 14 31 32 33 34 35 49 50 67 

