44 324
43 2 3 9 10 17 19 20 21 22 23 24 25 
43 1 3 9 10 21 22 23 24 25 26 27 
43 1 2 9 10 22 23 24 25 26 27 
43 44 5 6 11 32 33 34 35 36 
43 44 4 6 32 33 34 35 36 37 38 
43 44 4 5 7 12 13 34 36 37 38 
43 44 6 13 
44 14 15 16 39 40 41 
1 2 3 10 17 18 19 20 21 22 23 
1 2 3 9 21 22 23 24 25 
44 5 30 31 33 
43 44 6 7 13 38 
43 44 6 7 12 
8 15 16 39 40 41 42 
8 14 16 39 41 
8 14 15 39 40 41 42 
1 9 18 19 20 
1 9 17 19 20 
1 9 18 20 21 
1 9 10 17 18 19 21 22 
1 2 9 10 19 20 22 23 
1 2 3 9 10 20 21 23 
1 2 3 9 10 21 22 24 25 
1 3 10 23 25 
2 3 10 23 24 
43 3 27 
43 2 3 28 
43 27 
30 31 
43 11 29 31 32 
43 44 4 11 29 30 32 33 
43 4 5 11 30 33 
43 44 4 5 11 31 32 
43 44 4 5 11 35 
43 44 4 5 6 34 36 37 
43 44 4 5 6 35 37 38 
43 44 5 6 35 36 
43 44 5 6 12 36 37 
8 14 15 16 40 41 
8 14 15 16 39 41 
15 16 39 40 42 
14 15 16 41 
44 1 2 3 4 5 6 11 12 13 26 27 28 29 30 31 32 33 34 36 37 38 
43 4 5 6 7 8 11 12 13 31 32 33 34 35 36 37 38 

