101 785
94 95 2 9 10 29 30 31 32 50 51 52 53 54 
94 95 1 10 11 31 32 54 55 
92 4 5 13 14 37 38 63 64 65 66 67 68 
92 5 15 38 39 67 68 69 
92 96 98 4 6 15 16 17 39 67 68 69 70 71 
92 96 97 98 99 5 15 16 17 18 19 40 71 72 73 74 
85 93 100 45 82 83 84 
94 101 25 26 27 48 49 
94 1 29 31 32 50 51 52 
94 1 2 11 31 32 53 54 55 
95 2 10 12 33 55 57 
95 11 56 57 58 
3 14 35 36 37 60 61 62 63 64 
92 3 13 36 37 60 61 62 63 64 65 
92 96 98 99 4 5 6 16 17 39 70 71 72 
92 96 98 99 5 6 15 70 71 72 73 
92 96 98 99 5 6 15 16 40 71 72 73 
92 96 97 98 99 6 19 40 75 
92 96 97 98 99 6 18 74 75 
93 96 100 41 42 76 77 
101 22 23 24 46 
101 21 23 46 
101 21 22 24 46 
101 21 22 23 46 47 
101 8 47 
101 8 25 48 
94 8 28 49 
94 27 28 
94 9 30 50 
94 1 29 31 32 50 51 52 
94 1 9 10 30 32 50 51 52 53 
94 1 2 9 10 30 31 50 51 52 53 
95 11 34 56 58 
95 33 35 59 
13 34 59 60 35 
92 3 14 62 63 64 65 
92 3 13 14 64 66 
92 3 4 37 66 
92 4 5 15 67 69 70 
92 96 97 98 99 6 17 18 19 73 74 
93 97 20 42 76 77 
93 96 100 20 41 77 78 
100 7 44 79 80 81 
93 100 7 43 45 82 83 
93 100 7 44 82 83 
101 21 22 23 24 
101 25 
101 8 49 
8 27 48 
94 1 29 30 31 32 51 52 
94 1 30 31 32 50 52 
94 1 9 31 32 50 51 53 
94 1 2 10 32 52 
95 2 
95 2 10 11 
95 11 12 33 57 58 
95 11 12 33 56 58 
95 33 56 57 
95 34 35 
13 14 35 61 62 
13 14 36 62 63 
13 36 60 63 
92 3 13 14 62 64 65 
92 3 13 14 36 37 63 65 66 
92 3 14 36 37 63 64 66 
92 3 37 38 64 65 
92 3 4 5 39 68 69 
92 3 4 5 69 
92 4 5 39 67 68 
92 5 15 16 39 71 
92 98 5 6 15 16 17 70 72 
92 96 98 6 15 16 17 71 73 
92 96 98 99 6 17 40 72 
92 96 97 98 99 6 18 19 40 75 
96 97 98 99 18 19 74 
96 97 41 77 
96 97 20 41 42 76 
93 100 20 42 79 80 
93 100 43 80 81 
93 43 78 
93 100 43 79 80 
93 100 7 44 45 83 
93 100 7 44 82 
89 93 7 
88 89 90 84 
85 87 90 
85 86 88 90 91 
85 87 90 91 88 
85 86 84 
85 86 87 88 91 
87 88 90 
93 95 96 97 98 99 100 3 4 5 6 13 14 15 16 17 18 19 36 37 38 39 40 63 64 65 66 67 68 69 70 71 72 73 74 
85 86 87 88 89 90 92 96 97 98 99 100 7 20 41 42 43 44 45 78 79 80 81 82 83 84 
95 101 1 2 8 9 10 27 28 29 30 31 32 50 51 52 53 
92 94 1 2 10 12 33 34 54 55 56 57 58 59 
92 93 97 98 99 100 5 6 15 16 17 19 20 40 41 72 73 74 75 76 77 
92 93 96 98 99 100 6 18 19 20 40 41 42 74 75 76 77 
92 93 96 97 99 5 6 15 16 17 18 19 40 71 72 73 74 75 
92 93 96 97 98 6 15 16 17 18 19 40 73 74 75 
92 93 96 97 7 20 43 44 45 78 79 80 81 82 83 
94 8 21 22 23 25 26 46 47 48 

