70 609
2 3 4 5 6 7 8 9 10 11 13 14 15 16 17 24 25 26 27 28 29 30 31 38 39 40 41 42 43 44 45 52 53 54 55 57 58 59 60 61 62 
1 3 4 5 8 9 10 11 14 15 16 17 26 27 28 29 30 31 39 40 41 42 43 44 45 53 54 55 56 57 58 59 60 61 62 63 64 65 
1 2 8 9 10 11 15 16 17 29 30 31 32 33 45 46 47 65 66 67 68 69 
1 2 5 6 7 12 13 18 19 20 21 22 23 36 37 49 
1 2 4 7 14 24 25 26 27 38 52 
1 4 7 13 19 20 21 22 23 36 37 49 
1 4 5 6 20 21 22 23 37 49 50 51 
1 2 15 28 39 40 41 42 54 55 56 57 58 
1 2 3 10 11 15 16 17 29 30 31 32 33 44 45 46 64 65 66 67 
1 2 9 11 17 32 33 46 47 68 69 70 
1 2 3 9 10 33 47 68 69 
4 18 19 35 36 48 
1 4 6 7 19 20 21 22 23 36 
1 2 5 24 25 26 38 
1 2 3 8 9 16 29 30 42 43 44 56 57 58 59 60 61 62 63 64 
1 2 3 9 15 29 30 31 42 43 44 45 62 63 64 65 
1 2 3 9 10 11 32 33 46 66 67 
12 19 35 48 
4 6 12 13 18 20 36 
4 6 7 13 21 36 
4 6 7 13 20 22 23 37 
4 6 7 13 20 21 23 37 
4 6 7 13 22 37 49 
1 5 14 25 38 
1 5 14 24 38 52 
1 2 5 14 27 38 
1 2 5 26 28 53 
1 2 5 8 27 39 53 54 
1 2 3 9 15 16 30 31 42 44 45 62 63 64 
1 2 3 9 15 16 29 31 44 45 64 65 
2 3 9 15 29 30 44 45 64 65 
3 9 10 17 33 46 66 67 
9 10 11 17 32 46 67 
12 18 35 48 
12 18 34 48 
4 6 13 19 20 
4 6 7 21 22 49 50 51 
1 5 14 24 25 26 52 
1 2 8 28 54 
1 8 41 
1 2 8 40 55 
1 2 8 15 16 43 44 56 57 58 59 60 61 
1 2 15 16 29 44 59 60 61 62 63 
1 2 9 15 16 29 30 42 43 64 
1 2 3 9 29 30 31 64 65 
3 9 10 17 32 33 67 
3 10 11 68 
12 18 34 
4 6 23 37 50 51 
7 37 49 51 
37 49 50 
1 5 14 25 26 38 
1 2 27 
1 2 8 39 
1 2 8 41 
2 8 15 42 57 58 
1 8 15 56 58 
1 2 8 15 42 56 57 
1 2 15 42 43 58 60 
1 2 15 42 43 59 61 
2 15 42 43 59 60 
1 2 15 16 29 43 44 63 
2 15 16 29 43 44 62 
2 9 15 16 29 30 31 44 45 
2 3 9 16 30 31 45 
3 17 
3 9 17 32 33 
11 47 
3 11 
10 11 70 

