38 233
35 36 6 7 8 13 14 15 16 17 18 
9 19 20 21 22 23 24 
4 5 27 28 29 30 
38 3 5 10 28 29 30 
38 3 4 10 29 30 
35 36 1 7 14 15 16 18 
35 36 1 6 15 16 17 18 
37 1 9 19 
37 2 8 19 20 21 
3 5 28 29 30 
35 36 12 13 14 
35 36 11 13 
36 1 6 11 12 14 15 16 
35 36 1 6 11 12 13 15 16 17 
35 36 1 6 7 13 14 16 17 18 
35 36 1 6 7 13 14 15 17 18 
35 36 1 6 7 14 15 16 18 
35 36 1 6 7 15 16 17 
37 8 9 20 21 
9 19 21 22 
37 2 9 19 20 22 
37 2 20 21 23 24 
37 2 22 24 
37 22 25 26 
24 26 27 
24 25 
3 25 26 28 
3 4 27 29 30 
3 4 5 10 28 30 
3 4 5 10 28 
38 32 
38 31 33 
38 32 34 
33 34 
36 1 6 7 11 12 13 14 15 16 18 
35 1 6 7 11 12 13 14 15 16 17 18 
2 8 9 20 21 22 23 24 
4 5 31 32 33 34 

