71 573
64 68 5 22 47 48 49 50 
64 65 66 6 7 8 23 24 25 52 54 55 56 57 
63 67 69 70 71 4 17 18 19 20 35 36 37 
63 67 70 71 3 17 18 20 37 38 
63 64 68 1 22 46 47 48 
64 65 66 2 7 8 23 24 25 55 57 
64 66 2 6 8 9 24 25 26 27 28 58 
65 66 2 6 7 9 24 25 26 27 28 58 
65 66 8 27 28 58 59 
65 66 9 26 27 28 59 60 
65 66 29 61 62 
30 31 
69 12 14 30 31 32 
69 13 15 32 33 
63 67 69 14 16 33 34 
63 67 69 70 15 34 35 
63 67 70 71 3 4 18 19 20 36 37 
63 67 70 71 3 4 17 20 36 37 
63 67 70 71 3 17 18 20 36 37 
63 67 70 71 3 4 17 18 19 21 37 38 39 
63 71 20 38 39 40 41 
63 64 68 1 5 46 47 
64 66 2 6 24 54 55 56 57 
64 65 66 2 6 7 8 23 25 57 
66 2 6 8 24 
65 66 7 8 9 10 27 28 58 59 
65 66 7 9 10 26 28 58 59 
65 66 7 8 9 10 26 27 59 
65 66 11 61 
69 12 13 31 32 30 
12 13 30 32 
69 12 13 14 30 31 
67 69 14 
67 69 15 16 
63 67 70 3 16 36 
63 70 3 4 17 18 19 35 37 
63 67 70 4 17 18 20 36 
63 71 4 20 21 39 40 41 
63 71 20 21 38 41 
63 71 21 38 39 41 
63 21 38 39 
63 68 71 43 44 
68 42 44 
63 68 42 43 45 
68 43 44 
64 68 22 
64 68 1 5 22 
64 5 
64 1 50 51 
64 1 51 52 
49 50 52 
64 2 50 51 53 54 
64 52 54 
64 2 23 52 53 55 56 
64 2 23 54 56 57 
64 2 23 54 55 57 
64 2 6 23 24 55 56 
65 66 7 8 9 26 27 28 
65 66 10 26 27 28 
65 66 10 
65 11 29 
65 11 62 
64 67 68 69 70 71 3 4 5 15 16 17 18 19 20 21 22 34 35 36 37 38 39 40 41 42 43 44 45 
65 66 68 1 2 5 6 7 22 23 24 46 47 48 49 50 51 52 53 54 55 56 57 
64 66 2 6 7 8 9 10 11 24 26 27 28 29 58 59 60 61 62 
64 65 2 6 8 9 10 11 23 24 25 26 27 28 29 58 59 60 
63 69 70 71 3 4 14 15 16 17 18 19 20 33 34 35 36 37 
63 64 71 1 5 22 42 43 44 45 46 47 
63 67 70 3 13 14 15 16 30 32 33 34 
63 67 69 71 3 4 16 17 18 19 20 35 36 37 
63 67 68 70 3 4 17 18 19 21 38 39 40 41 

