31 180
30 31 5 10 24 25 
29 3 7 12 13 14 26 27 
29 12 13 26 27 
30 8 17 18 19 20 21 22 
29 31 1 6 10 11 25 
29 31 5 11 
29 2 3 13 14 15 16 27 28 
30 4 9 17 18 19 20 21 22 23 
30 4 21 22 
30 1 5 25 
29 31 5 6 
29 3 26 
29 2 3 7 12 26 27 
29 2 7 15 16 
29 14 16 28 
29 7 14 15 28 
4 18 
4 8 17 19 20 
4 8 17 18 20 
4 8 17 18 19 21 
4 8 9 20 22 23 
4 8 9 23 
30 8 9 21 22 
30 31 1 
31 1 5 10 
29 2 3 12 13 
3 7 13 
29 7 14 15 16 
30 31 2 3 5 6 7 12 13 14 15 16 26 27 28 
29 31 1 4 5 9 10 23 30 24 
29 30 1 5 6 10 11 24 25 

