182 1184
170 12 13 30 
169 3 15 83 84 113 167 
169 2 4 15 31 
169 177 178 5 6 31 33 34 
169 177 178 4 6 7 32 33 34 
169 177 178 4 5 7 16 33 34 35 
169 177 178 6 16 17 35 
177 178 16 17 18 19 35 36 37 38 40 41 
168 173 174 179 180 22 52 53 54 55 56 
168 170 174 175 176 181 11 24 25 26 59 60 61 
168 170 175 176 181 10 25 26 59 60 61 
1 13 14 30 68 
170 1 12 14 30 
12 13 30 
169 3 
169 178 6 7 8 17 36 
177 178 7 8 16 18 35 36 37 
8 19 36 37 38 39 40 
171 8 18 20 39 40 41 42 43 44 
171 19 41 42 44 45 46 47 
171 172 173 51 
168 173 174 179 180 9 54 55 56 
168 174 180 57 58 
168 175 10 
168 175 176 181 10 11 24 59 
170 175 176 181 10 11 27 59 60 61 62 
170 176 182 26 28 62 
170 175 176 182 27 63 
170 182 64 66 
1 12 13 14 
3 4 32 
169 4 5 31 
169 177 178 4 5 6 34 
169 177 178 4 5 33 
177 178 6 7 8 17 
8 16 17 37 38 
8 18 36 
8 18 36 37 
8 40 41 42 
8 19 39 41 42 
8 19 20 39 40 42 43 44 
19 20 39 40 41 43 44 
171 41 42 44 45 
171 19 20 41 42 43 45 46 
171 20 43 44 46 47 48 
171 20 44 45 47 48 
171 172 20 45 46 48 49 
171 172 45 46 47 49 
171 172 47 48 
171 172 49 
171 172 21 
173 179 9 53 54 
173 179 9 52 54 
168 179 9 22 53 55 
168 179 180 9 22 
168 174 179 180 9 22 57 
168 180 23 
174 180 23 
168 175 176 181 10 11 25 26 60 
175 176 10 11 26 
175 176 10 11 26 62 
170 175 176 26 61 63 
170 175 176 27 28 62 
29 65 66 
170 182 64 66 
182 29 64 65 67 68 
170 182 65 66 
170 12 66 67 
70 71 72 74 80 81 95 96 97 98 99 100 144 145 146 147 148 149 150 151 152 
69 72 80 81 95 96 97 98 99 100 146 147 148 149 150 151 152 
69 73 82 103 104 105 107 108 109 154 156 157 158 159 160 
69 70 74 79 91 92 93 94 134 135 136 137 138 
71 82 108 109 110 157 158 159 160 161 162 
69 72 79 92 93 94 135 136 137 138 139 
76 85 86 115 116 117 118 119 120 121 
75 116 117 118 119 120 121 122 
87 88 124 125 126 
89 125 126 127 128 129 
72 74 91 134 79 135 
69 70 95 96 97 98 145 146 147 
69 70 99 100 150 152 
71 107 108 158 159 
2 84 110 112 113 163 164 165 166 
2 83 110 111 112 113 164 165 166 167 
75 86 114 115 
75 85 114 115 116 117 118 
77 122 123 124 
77 78 89 125 126 127 128 
78 129 
129 131 130 
72 79 132 133 134 
72 74 93 94 135 136 137 138 
74 92 94 136 137 138 139 
72 74 92 93 136 137 138 139 
69 70 80 96 97 144 145 
69 70 80 95 97 145 
69 70 80 95 96 145 
70 80 146 147 148 
69 70 100 148 150 
69 70 81 99 148 149 150 
101 102 103 105 153 
101 103 104 105 153 154 
71 101 102 104 106 153 154 
71 101 102 103 105 106 153 155 
101 102 103 104 106 153 154 155 
71 103 104 105 107 153 154 156 
71 82 106 
71 82 157 158 
71 160 
73 83 84 111 112 162 163 164 165 
83 84 110 112 163 164 165 
83 84 110 111 164 165 166 167 
83 84 112 165 166 167 
85 86 115 
85 116 
75 76 86 115 117 118 
75 76 86 118 
76 116 117 119 
75 76 118 120 121 
75 76 119 121 
75 76 119 120 123 
76 87 121 123 124 
87 121 122 124 
77 87 122 
77 78 88 126 127 
77 88 125 127 
78 88 89 125 126 128 
78 88 127 129 
78 89 90 128 
90 131 132 
131 130 133 
131 133 
91 131 132 
72 79 
74 92 
72 74 92 93 94 137 138 139 
72 74 92 93 94 136 138 139 
72 74 92 93 94 137 139 
74 93 94 136 137 138 
141 142 143 
140 142 143 
140 141 143 
140 141 144 
69 95 143 145 
69 80 95 96 97 144 
69 70 80 98 147 
69 70 80 98 146 
69 98 99 100 149 
70 99 100 148 
81 99 151 
69 70 81 150 
69 70 81 
101 102 103 104 105 106 154 
102 103 104 105 106 153 155 156 
103 104 105 106 154 156 
71 107 154 155 
71 73 82 108 158 159 
71 73 82 108 157 159 
71 73 82 157 158 
71 73 109 
73 162 
73 110 161 
83 110 111 164 
83 84 110 111 112 163 165 
83 84 110 112 113 164 166 
83 84 112 113 165 167 
83 84 113 166 
170 171 172 174 175 176 179 180 181 9 10 11 22 23 25 54 55 56 57 58 59 
177 178 2 3 4 5 6 7 15 16 31 33 34 83 
168 175 176 181 182 1 11 12 13 26 27 28 29 62 63 64 65 66 67 68 
168 172 173 179 19 20 21 43 44 45 48 50 51 
168 171 173 21 47 48 49 50 51 
168 171 172 179 9 21 22 51 52 53 
168 175 179 180 181 9 10 22 23 24 56 57 58 
168 170 174 176 181 182 10 11 24 25 26 27 28 59 60 61 62 63 
168 170 175 181 182 10 11 25 26 27 28 59 60 61 62 63 
169 178 4 5 6 7 8 16 17 33 34 35 
169 177 4 5 6 7 8 17 33 34 35 
168 171 172 173 180 9 22 52 53 54 56 
168 174 179 9 22 23 55 56 57 58 
168 170 174 175 176 10 11 24 25 59 
170 175 176 27 28 29 64 65 66 67 

