112 750
2 3 4 6 7 9 10 11 15 25 26 27 28 29 31 32 51 52 53 54 55 89 91 92 93 94 95 96 97 98 99 100 101 102 103 
1 3 4 5 6 8 14 18 19 20 41 42 43 44 45 72 73 74 75 76 77 78 79 80 
1 2 4 6 8 14 18 19 20 21 41 42 43 44 45 73 75 76 77 78 79 80 81 82 83 
1 2 3 6 9 14 19 20 21 22 24 44 45 47 80 81 82 83 84 85 86 
2 12 13 16 17 33 34 35 36 37 38 63 64 65 
1 2 3 4 9 21 22 23 24 25 46 47 48 49 50 85 86 87 88 
1 10 11 58 59 60 62 109 111 112 
2 3 18 39 40 41 70 71 72 73 
1 4 6 23 24 25 26 27 47 48 49 50 51 87 88 89 90 
1 7 11 15 56 57 58 106 107 108 
1 7 10 58 59 60 108 109 110 111 
5 13 16 33 34 35 36 63 64 
5 12 33 34 35 63 64 
2 3 19 20 42 43 44 77 78 79 80 
1 10 30 31 32 56 101 103 104 
5 33 63 16 
5 37 65 66 
2 3 8 41 71 72 73 74 
2 3 4 14 20 43 44 75 76 77 78 79 
3 14 19 44 79 80 
3 4 6 22 46 85 
4 46 85 
4 6 9 24 47 48 49 86 87 88 
4 6 9 23 47 48 49 86 87 88 
1 6 9 26 50 51 89 90 
1 9 25 27 51 89 90 91 92 
1 9 28 52 92 94 95 
1 27 29 52 93 94 95 96 
1 28 96 97 98 99 
1 15 31 32 55 101 102 
1 15 30 32 101 102 
1 15 30 31 101 102 103 104 
5 12 16 34 35 63 64 
5 12 13 33 36 63 64 
5 12 13 33 34 36 
5 12 13 35 37 
13 17 36 
5 17 39 65 66 67 
8 38 40 67 68 
39 69 
2 8 18 72 73 74 
2 3 14 19 43 75 76 77 78 
2 3 14 19 42 76 77 78 79 
2 4 14 19 20 79 
2 3 81 82 83 84 
4 21 22 
4 6 9 24 48 49 86 87 88 
6 9 23 47 49 50 87 88 
9 23 47 48 50 88 
6 9 25 48 49 
1 9 25 26 89 90 
1 27 28 93 94 96 97 
1 29 98 99 
1 99 100 
1 30 100 
10 15 57 106 107 
10 56 106 107 108 
7 10 11 59 60 109 
7 11 58 109 110 111 
7 58 59 109 110 
7 62 
7 61 112 
5 12 13 16 33 64 
5 12 13 33 35 63 
5 17 38 66 
38 65 
38 68 
39 40 67 69 
39 40 68 
8 71 
18 70 
2 8 18 41 73 
2 3 8 18 41 72 74 
2 18 41 
2 3 19 42 43 77 78 
3 19 42 43 75 77 
2 3 14 19 43 75 76 78 
2 3 14 19 42 43 75 77 79 
2 3 14 20 43 44 78 
2 3 4 14 20 81 
3 4 45 80 82 83 
3 4 45 81 83 
3 4 45 81 82 
4 46 
6 22 
4 6 23 24 
6 9 23 24 47 48 88 
6 9 23 24 47 48 87 
1 9 25 51 90 
9 26 89 
1 26 27 92 
1 27 91 
1 27 28 52 94 95 
1 27 28 52 93 95 96 
1 27 28 52 96 
1 28 29 52 94 95 97 
1 28 52 96 
1 29 53 99 
1 29 53 54 98 
54 55 
1 15 30 31 32 
1 30 31 101 
1 15 32 104 105 
32 103 105 
15 104 
10 56 57 107 108 
10 56 106 108 
10 11 56 57 106 107 
7 11 58 60 110 111 
11 59 60 109 111 
11 59 60 110 
7 61 62 

