98 642
79 86 87 88 98 2 19 20 
79 86 87 88 98 1 3 19 20 
86 87 88 89 2 20 21 22 
89 90 91 5 22 23 
81 89 90 91 4 23 24 25 26 
80 81 84 92 28 29 
80 82 93 8 31 32 33 34 35 
80 93 7 31 34 35 
80 83 93 10 36 37 
80 93 94 9 36 37 
83 39 40 42 
83 95 13 41 
83 95 12 14 15 42 43 
83 95 12 13 15 16 43 
85 95 96 13 14 16 43 44 
85 95 96 97 14 15 43 44 45 
85 96 97 46 47 
79 18 
79 86 87 98 1 2 
86 87 1 2 3 21 
88 89 3 20 22 
3 21 
81 89 90 91 4 5 24 
81 89 90 91 4 5 23 25 
81 89 90 91 5 23 26 
81 90 91 5 27 
90 91 26 
81 84 92 
80 84 92 6 
80 82 31 
80 82 7 8 30 32 33 
80 82 7 8 31 33 34 35 
80 82 93 7 8 31 32 34 35 
80 82 93 94 7 8 32 35 
80 82 93 7 8 32 33 34 
80 83 9 10 37 38 
9 10 36 38 
83 36 37 39 40 
11 38 40 
11 38 39 
83 11 12 42 
95 11 12 13 41 
83 95 13 14 15 16 
85 95 96 97 15 16 45 
96 97 16 
96 97 17 
85 17 
79 49 51 52 53 55 63 64 65 66 75 76 77 78 
48 50 51 55 56 57 58 59 60 61 72 73 74 
49 56 57 58 59 60 70 71 72 73 74 
48 49 52 55 61 62 75 
48 51 53 63 64 65 76 77 78 
48 52 
56 67 68 
48 49 51 75 
49 50 54 67 68 69 70 71 
49 50 58 59 60 61 73 74 
50 57 59 60 61 73 74 
49 50 57 58 60 73 74 
49 50 57 58 59 61 73 74 
49 51 57 58 59 60 62 
49 61 
48 52 64 76 77 
48 52 76 77 
48 52 53 66 
53 65 
54 68 
54 56 67 
56 71 
69 71 
50 56 69 
49 50 
49 50 57 58 59 60 74 
49 50 57 58 59 60 
48 51 55 
48 52 63 77 
48 52 64 76 
48 52 
81 86 87 88 98 1 2 18 48 
81 82 83 84 92 93 94 6 7 8 9 10 29 30 31 32 33 34 35 36 
79 80 82 84 89 90 91 92 4 5 23 24 25 26 27 28 
80 81 84 92 93 94 7 8 30 31 32 33 34 
80 85 93 95 9 11 12 13 14 15 36 37 38 39 40 41 42 43 
80 81 82 92 28 29 
83 95 96 97 15 16 17 44 45 46 47 
79 87 88 98 2 3 
79 86 88 98 1 2 3 19 20 
79 86 87 89 98 1 2 3 20 21 
81 88 90 91 3 4 5 21 22 23 24 25 
81 89 91 4 5 23 24 25 26 27 
81 89 90 4 5 25 26 27 
80 81 82 84 6 28 29 
80 82 83 94 7 8 9 10 33 34 35 36 
80 82 93 9 10 34 35 
83 85 96 12 13 14 15 16 42 43 44 
85 95 97 15 16 17 44 45 46 
85 96 17 44 45 46 47 
79 86 87 88 1 2 19 

