37 163
29 31 37 14 15 
30 8 16 
30 3 10 23 
34 35 13 
29 32 
29 32 33 
2 8 16 
30 2 7 16 
30 3 17 19 20 21 22 
3 23 24 
34 24 25 26 27 
34 4 13 
34 4 12 
29 31 37 1 
29 5 
30 2 7 
30 9 18 19 20 21 
30 17 19 20 21 
30 9 17 18 20 21 22 
30 9 17 18 19 21 
30 17 18 20 22 
30 9 19 20 
3 10 
10 11 25 
11 24 26 
34 11 25 27 28 
34 11 26 28 
34 26 
30 31 32 33 37 1 5 6 14 15 
29 32 2 3 7 8 9 16 17 18 19 20 21 22 
29 37 14 
29 33 5 
29 5 6 
35 4 11 12 13 26 27 28 34 
34 4 12 13 
29 31 37 36 
29 31 36 14 

