148 1223
131 20 
131 1 3 19 20 
131 2 19 
132 22 23 24 25 
121 126 132 133 134 6 7 8 9 25 
121 126 132 133 134 7 8 9 26 27 
121 126 132 133 134 5 6 8 9 26 27 
121 126 132 134 5 6 7 9 26 27 
121 126 133 134 5 6 7 8 28 29 
122 137 138 139 11 12 34 35 36 37 39 
138 139 12 36 37 38 39 
138 139 10 11 37 38 39 40 
123 127 128 143 14 43 45 46 47 48 
123 124 128 142 143 144 145 13 46 47 48 49 
124 128 142 143 144 145 16 49 50 51 52 
124 128 143 144 145 15 49 50 51 52 
125 129 130 146 147 148 18 
80 125 129 130 146 147 148 17 55 56 57 
1 2 3 20 
131 3 19 
131 3 22 23 
4 21 23 
132 4 21 22 24 
132 4 22 23 25 
132 5 24 26 
126 132 133 5 6 7 8 25 27 
132 5 6 7 8 26 
121 126 133 134 9 29 30 
121 126 133 134 9 28 
121 122 126 134 135 28 29 
121 122 135 32 33 
121 122 135 136 137 31 33 
121 122 137 31 32 
122 137 10 35 
122 138 10 34 36 
122 137 138 10 35 37 38 
137 138 10 11 36 38 
138 10 11 12 37 
12 40 
139 140 141 12 39 41 
139 140 141 40 42 
139 140 141 
127 13 44 
123 127 
123 124 127 128 142 13 46 
123 124 128 143 13 14 45 47 48 
123 124 128 142 143 13 14 46 48 
124 128 142 143 144 13 14 46 47 
124 128 142 143 144 145 14 15 16 48 50 
124 128 143 144 145 15 16 49 51 52 
124 128 143 144 145 15 16 50 52 
124 145 15 16 50 51 53 
125 52 
125 129 146 147 148 17 
125 129 18 56 57 
129 18 55 
129 130 18 55 56 
59 61 63 64 65 66 67 68 69 70 71 72 73 74 75 76 77 78 83 84 85 86 87 88 96 97 98 99 100 101 102 103 104 105 125 
58 60 61 62 63 65 66 67 68 69 71 72 73 74 82 83 84 85 86 87 88 92 93 94 95 96 97 98 99 100 101 130 
58 59 63 64 70 76 77 79 89 105 107 108 109 111 112 113 114 
58 59 62 65 67 68 69 71 80 81 82 90 91 92 125 129 130 146 147 148 17 55 56 57 
58 59 61 63 65 66 67 68 69 71 82 83 84 90 91 92 93 94 95 125 129 130 
58 59 60 65 66 70 72 73 74 75 76 86 87 88 101 102 103 
60 78 79 89 106 107 108 109 110 111 112 113 114 115 
58 59 61 62 63 66 69 71 72 73 83 84 85 94 95 97 98 
58 59 62 63 65 69 71 72 73 74 83 84 85 86 96 98 99 100 
58 59 61 62 68 82 90 91 92 
58 59 61 62 67 82 90 91 92 
58 59 61 62 65 66 71 82 83 95 96 
58 60 63 64 76 77 
58 61 62 65 66 69 83 84 94 95 96 
58 59 63 65 73 85 97 98 99 100 
58 59 63 65 66 72 74 86 87 98 99 100 
58 59 63 66 73 86 87 88 101 
58 63 102 103 104 
58 60 63 70 75 103 104 105 
70 105 
58 60 64 89 107 108 109 
60 64 115 116 117 119 120 
81 55 56 57 
61 80 55 56 57 
59 61 62 67 68 69 92 93 
58 59 62 65 66 69 71 84 94 95 
58 59 62 65 66 69 83 96 
58 59 65 66 72 73 97 98 99 
58 59 73 74 87 88 100 101 
58 59 63 73 74 86 88 101 
58 59 63 74 86 87 101 
60 64 78 106 107 108 109 
61 62 67 91 
61 62 67 68 90 
61 62 67 68 82 93 
59 62 82 92 
59 62 65 69 71 83 95 
59 62 65 69 71 83 94 
58 59 65 66 69 71 83 84 
59 65 66 72 85 98 99 
58 59 65 66 72 73 85 97 99 
58 59 66 73 85 97 98 100 
58 59 66 72 73 86 99 
58 59 63 
58 63 76 103 
58 63 75 76 102 104 
58 75 76 102 103 
58 60 70 
78 89 107 108 109 
60 64 78 89 106 108 109 
60 64 89 106 107 109 
60 64 78 89 106 107 108 
60 111 
60 110 112 
64 111 113 114 
64 112 114 
60 64 113 
64 79 116 
115 117 118 119 120 
79 115 116 118 119 120 
79 116 117 119 120 
116 118 120 
79 116 117 118 119 
122 126 132 133 134 135 136 137 138 5 6 7 8 9 28 29 30 31 32 33 
121 135 136 137 138 10 30 31 32 33 34 35 36 
124 127 128 141 142 143 144 13 14 43 44 45 46 47 
123 125 127 128 142 143 144 145 13 14 15 45 46 47 48 49 50 51 52 
124 128 129 146 147 148 17 18 53 125 54 55 
121 122 132 133 134 135 136 5 6 7 8 9 26 28 29 30 
123 124 128 141 142 13 43 44 45 
123 124 125 127 142 143 144 145 13 14 15 16 45 46 47 48 50 51 
80 81 125 130 146 147 148 17 18 54 55 56 
80 81 125 129 146 147 148 17 55 56 57 
2 3 19 20 21 
121 126 133 4 5 6 7 8 23 24 25 26 27 
121 126 132 134 5 6 7 8 9 26 27 28 29 
121 126 133 5 6 8 9 28 29 30 
121 126 137 30 31 33 
121 122 126 135 137 31 32 33 
121 122 135 136 138 10 32 33 34 35 37 
121 122 137 10 11 12 34 35 36 37 38 
141 10 11 12 39 40 41 42 
141 39 40 41 
123 127 139 140 40 41 42 
123 124 127 128 143 144 145 13 14 15 45 46 48 49 
123 124 144 145 13 14 15 16 46 47 48 49 50 51 
124 128 142 143 145 14 15 16 48 49 50 51 
124 128 142 143 144 14 15 49 50 51 52 
125 129 130 147 148 17 18 54 
125 129 130 146 148 17 18 54 
125 129 130 146 147 17 54 

