116 847
1 30 59 60 115 116 
3 4 5 6 7 8 11 12 20 21 22 23 24 25 40 42 43 44 45 46 47 48 49 50 86 87 2 88 89 90 91 92 93 94 95 96 97 98 99 
2 5 6 7 10 11 12 20 21 37 38 39 40 41 42 43 44 45 74 75 76 77 78 80 81 82 83 84 85 86 87 
8 13 14 15 26 27 28 51 52 53 54 55 101 102 103 104 105 106 107 108 109 110 111 
2 3 6 9 18 31 32 33 34 35 61 62 63 64 65 66 67 
2 3 5 10 11 17 18 19 36 37 38 68 69 70 71 72 73 74 75 76 
2 3 11 12 20 21 39 40 41 42 43 79 80 81 82 83 84 85 
2 4 24 25 48 49 50 51 99 100 
5 31 32 33 34 61 9 
3 5 6 17 18 19 35 36 64 65 66 67 68 69 70 
2 3 6 7 37 38 39 74 75 76 77 78 
2 3 7 20 21 40 41 42 43 83 84 85 86 87 
14 15 26 54 105 106 107 109 110 
4 13 15 26 54 105 106 107 108 109 110 
4 13 14 16 26 27 28 29 55 111 112 
4 15 27 28 29 55 111 112 113 
5 10 19 36 63 64 65 66 67 
5 6 10 19 35 36 68 69 70 71 
10 17 18 36 68 71 72 
2 3 7 12 39 40 41 42 79 80 81 82 83 84 
2 3 7 12 42 43 44 85 86 87 
23 46 88 90 91 
2 22 46 88 89 90 91 
2 8 25 48 49 98 99 
2 8 24 49 98 99 
4 13 15 54 105 106 107 108 109 110 
4 15 16 28 29 55 111 112 113 
4 15 16 29 56 112 114 
15 16 27 28 56 57 113 114 
1 56 57 58 59 115 116 
5 9 32 33 34 61 62 
5 9 31 33 34 61 62 
5 9 32 34 61 62 
5 9 32 33 61 62 63 
5 10 17 18 64 65 66 67 
6 17 18 19 68 69 70 71 
6 11 38 72 73 
3 6 11 37 73 74 75 
3 7 11 20 79 80 
2 7 12 20 41 42 81 82 83 84 
3 7 12 20 40 42 81 82 83 84 
2 3 7 12 20 21 40 41 84 85 
3 7 12 21 42 84 85 86 
3 21 45 86 
2 3 44 
2 22 23 88 89 90 
2 92 93 94 95 96 97 
2 24 25 49 98 
2 8 25 48 99 100 
2 8 
4 8 52 
51 101 
4 102 103 104 
4 13 14 26 107 108 109 110 
4 15 16 27 111 112 
28 30 57 58 
29 30 56 58 
56 57 59 
116 30 58 60 115 
30 59 115 116 
5 9 31 32 33 34 62 
5 32 33 34 63 
5 34 62 64 65 
5 10 17 35 63 65 66 
5 10 17 35 63 64 66 67 
5 10 17 35 64 65 67 
5 10 17 35 65 66 
6 10 18 19 36 69 70 
10 18 19 68 70 71 
10 18 19 68 69 71 
6 18 19 36 68 69 70 72 
6 37 71 
6 37 74 
3 6 11 38 73 75 76 77 
3 6 11 38 74 76 
3 6 11 74 75 77 
3 11 74 75 76 
3 11 39 
3 20 39 80 
3 7 39 79 
3 7 20 40 41 82 83 
3 7 20 40 41 81 83 
3 7 12 20 40 41 81 82 
3 7 12 20 40 41 42 43 85 
3 7 12 42 43 84 
2 3 12 21 43 44 87 
2 3 12 21 44 86 
2 22 23 46 
2 22 46 90 
22 23 46 89 91 92 
2 22 92 
2 90 91 93 
2 47 92 94 95 96 97 
2 47 93 96 97 
2 47 93 96 97 
2 47 93 94 97 
2 47 93 95 96 
2 24 25 48 
2 8 25 100 
8 99 
4 51 52 102 103 
4 53 101 103 
53 101 102 
4 53 
4 13 14 26 106 107 
4 13 14 26 105 107 
4 13 14 26 54 105 106 108 109 110 
4 13 14 26 105 107 109 
4 14 26 54 107 108 110 
4 13 14 26 54 107 108 109 
4 15 16 27 55 
15 16 27 55 
16 27 28 29 114 
28 113 
30 59 60 116 
116 30 59 60 

