32 202
24 27 28 7 8 
24 25 29 30 4 9 10 
24 25 29 30 4 10 11 
24 25 26 29 30 2 3 10 
23 26 31 17 18 
31 32 22 
24 27 1 8 
24 27 1 
25 27 28 29 30 2 
24 25 27 28 29 30 2 3 4 
25 3 4 12 13 
25 26 11 13 
26 11 12 14 
23 13 15 16 
26 14 
23 26 14 15 
23 5 19 
23 31 5 17 19 20 
23 31 5 17 18 20 
31 18 19 
23 31 32 
31 32 
26 31 32 6 14 16 17 18 19 20 21 
25 27 28 29 30 1 2 3 4 7 8 9 10 
24 26 27 28 29 30 2 3 4 9 10 11 12 
23 25 4 5 12 13 14 15 16 
24 25 28 29 30 1 2 7 8 9 10 
24 25 27 29 30 1 2 9 10 
24 25 27 28 30 2 3 4 9 10 
24 25 27 28 29 2 3 4 9 10 
23 32 5 6 18 19 20 21 
23 6 21 22 32 

