370 3020
2 4 5 6 7 8 9 12 13 14 15 16 96 97 98 
1 3 4 8 9 10 11 15 16 17 18 19 20 
2 4 9 10 11 16 17 18 19 3 
1 2 3 8 9 10 15 16 17 18 19 
1 6 7 8 12 13 14 96 97 98 
1 5 7 12 13 14 15 97 98 
1 5 6 8 12 13 14 15 97 98 
1 2 4 5 6 7 14 15 
1 2 3 4 10 17 18 19 
2 3 4 9 11 16 17 18 20 
2 10 19 20 
1 5 6 7 14 
1 5 6 7 12 14 
1 5 6 7 8 13 15 
1 2 4 6 7 14 
1 2 3 4 9 10 17 18 
2 3 9 10 16 18 20 
2 3 4 9 10 16 17 19 20 
2 4 9 10 11 17 18 20 
2 3 11 17 18 19 
1 2 3 4 22 23 25 26 30 31 36 37 38 39 40 45 47 48 49 50 51 52 53 54 55 56 77 78 79 80 81 82 83 84 85 86 87 88 89 90 91 92 93 94 95 96 97 98 134 135 137 138 139 140 141 142 143 144 145 146 147 148 149 150 151 152 153 154 155 156 157 161 
21 23 26 36 37 48 49 51 52 78 79 80 81 82 132 133 134 135 136 137 138 139 140 
21 22 26 36 37 49 50 51 52 77 78 79 80 81 134 135 136 137 138 139 140 
25 27 28 29 32 33 41 42 58 59 60 61 62 63 102 103 104 
21 24 28 29 34 43 65 66 67 107 108 109 110 111 
21 22 23 30 36 45 47 48 49 74 75 76 126 127 128 129 130 131 132 
24 57 58 59 60 99 100 101 187 188 223 284 285 286 
24 25 29 32 33 41 42 63 64 103 104 105 
24 25 28 43 63 65 66 106 107 108 109 110 
21 26 35 44 45 69 70 71 72 73 113 114 115 116 117 118 119 120 121 
21 38 39 40 91 92 151 152 153 
24 28 33 41 42 102 103 
24 28 32 41 42 103 104 
67 111 34 
30 44 68 69 112 113 114 
21 22 23 26 49 50 77 78 134 135 136 137 138 
21 22 23 51 52 53 80 81 82 83 141 142 
21 31 55 85 87 88 146 147 148 149 150 
21 31 40 56 91 92 153 
21 31 39 92 93 94 154 155 156 157 
24 28 32 33 42 103 
24 28 32 33 41 63 64 104 
25 29 65 108 109 
34 69 112 
21 30 46 47 73 74 75 76 121 122 124 125 126 127 128 
26 45 47 72 73 74 122 123 125 126 
21 26 45 46 48 75 76 126 127 128 129 130 131 
21 22 26 47 75 76 128 129 130 131 
21 22 23 26 36 77 132 133 134 
21 22 23 36 78 137 138 139 
21 22 23 37 52 79 80 81 
21 22 23 37 51 80 81 82 141 
21 37 54 82 83 84 85 142 143 144 145 
21 53 83 85 143 144 
31 38 87 88 89 90 146 147 148 149 150 
21 31 39 91 151 153 
27 99 100 224 285 286 
24 27 59 60 61 100 101 
24 27 58 60 61 62 101 
24 27 58 59 61 101 
24 58 59 60 62 
24 59 60 102 
24 28 29 33 42 64 104 105 106 
28 42 63 104 105 106 
25 29 43 66 67 108 109 110 
25 65 67 109 110 
25 34 65 66 111 
44 69 112 
30 68 114 
30 71 116 117 118 119 120 
70 115 118 120 121 
30 45 46 73 74 121 122 123 124 125 
30 45 46 72 74 121 122 123 124 125 
26 45 46 72 73 75 121 122 123 124 125 
26 45 46 47 48 74 76 125 126 127 128 130 
26 45 47 48 126 127 128 129 130 
21 22 23 36 49 133 134 135 136 
21 22 23 36 50 79 138 139 140 
21 22 23 51 78 80 139 140 
21 22 23 51 52 79 81 
21 23 37 51 52 80 82 
21 37 52 81 83 141 142 
21 37 53 54 82 84 142 143 144 
21 53 54 83 143 144 145 
21 38 53 54 86 87 145 
21 85 87 145 
38 55 85 86 88 89 146 147 
21 38 55 87 146 147 
21 38 55 87 88 90 146 147 148 149 
21 38 55 89 146 147 148 149 150 
31 39 56 151 153 
39 40 93 154 
21 40 92 94 154 155 156 
21 40 93 95 154 155 156 157 158 
21 158 159 
5 12 13 21 97 98 159 160 
5 6 7 12 13 14 21 96 159 160 
5 6 7 8 12 13 14 21 96 97 159 160 
27 285 
27 57 58 101 286 
27 58 59 60 100 
24 32 62 103 
24 28 32 41 102 
24 28 33 42 63 64 105 
42 64 104 106 
29 63 64 105 
25 43 
25 29 43 65 107 109 
25 29 43 65 66 108 110 
25 29 65 66 109 
25 67 111 
35 44 68 69 112 113 
30 69 112 
30 35 69 113 
30 70 71 116 117 118 119 120 
70 115 117 118 119 
30 70 115 116 118 119 120 
30 70 115 116 117 119 120 
70 71 115 116 117 118 120 
30 70 71 115 116 117 118 119 
30 45 71 73 74 
45 46 73 74 123 124 125 
45 46 72 73 74 122 124 125 
45 46 72 73 74 122 123 125 
45 46 72 74 75 122 124 
45 46 47 75 76 127 128 129 130 
26 45 46 47 75 76 126 128 129 130 
26 45 47 48 75 76 126 127 129 
26 47 48 75 76 126 127 128 
26 47 48 75 76 126 127 128 129 
26 47 48 131 
22 49 
22 49 77 
21 22 36 49 77 136 
21 22 36 77 134 136 
22 23 36 134 135 137 
21 22 23 36 50 136 
21 23 36 50 78 
21 22 23 50 78 79 140 
21 22 23 78 79 
21 37 52 82 83 142 
21 37 53 82 141 143 
21 53 54 82 83 84 142 144 
21 53 54 83 84 
21 53 54 84 85 86 
38 55 87 88 89 90 
21 38 55 87 88 89 90 146 148 
21 38 55 89 90 147 149 150 
21 38 55 89 90 148 150 
38 55 90 148 149 
21 31 39 56 91 152 
21 31 56 91 151 
21 31 56 91 
40 92 93 94 155 156 
21 40 93 94 154 156 
21 40 93 94 154 155 157 
40 94 
21 94 95 
95 96 97 160 
96 97 98 159 
24 162 163 164 166 167 168 170 171 172 173 174 175 181 182 183 184 185 186 187 191 192 193 208 209 210 211 212 213 214 215 216 217 218 219 253 254 255 256 257 258 259 260 261 262 263 264 265 266 267 268 269 270 287 
161 163 164 165 169 176 177 178 179 189 190 195 196 197 198 199 225 226 227 228 229 287 288 291 300 301 302 303 315 316 334 335 336 337 366 367 368 369 370 
161 162 164 166 167 168 170 171 172 173 181 182 183 184 191 192 207 208 209 210 244 246 247 248 249 250 251 252 253 254 255 
161 162 163 165 169 180 202 203 204 205 206 234 235 236 237 238 
162 164 169 177 178 180 189 190 197 198 199 228 229 230 231 
161 163 167 168 170 171 172 173 181 182 183 184 191 192 208 209 210 253 254 256 257 258 259 
161 163 166 168 170 171 172 173 182 183 184 191 192 209 210 253 254 256 257 258 259 260 
161 163 166 167 170 171 172 173 182 183 184 191 192 253 254 255 256 258 259 260 261 
162 164 165 180 200 202 203 232 233 234 236 
161 163 166 167 168 171 181 182 191 208 209 210 248 249 250 251 252 253 
163 166 167 168 170 181 182 183 184 191 208 209 210 251 252 253 254 
161 163 166 167 168 173 182 183 184 185 192 211 212 213 214 260 261 262 
161 163 166 167 168 172 184 185 211 213 214 262 
161 186 216 217 218 219 270 271 272 273 274 
161 174 186 187 194 220 276 277 278 279 280 
162 177 195 196 225 227 303 337 
162 165 176 178 179 189 190 198 199 228 229 
162 165 179 189 190 197 198 199 228 229 
162 165 177 178 189 190 197 198 199 228 229 230 
164 165 169 203 234 236 
161 163 166 170 171 207 208 246 248 249 250 251 252 
161 163 166 167 168 170 171 172 183 184 191 192 210 253 254 255 256 257 258 259 
161 163 166 167 168 170 171 172 182 184 192 254 255 256 257 258 259 260 261 
161 163 166 167 168 171 172 173 182 183 191 192 258 259 260 
161 172 173 193 214 263 264 265 266 
161 174 175 187 276 277 278 279 280 
161 175 186 188 194 221 222 281 282 283 
57 99 187 194 221 222 223 224 282 283 284 285 286 
162 165 177 178 179 190 197 198 228 229 
162 165 177 178 189 198 199 229 230 
161 163 167 168 170 171 182 183 184 192 253 254 255 257 258 259 
161 163 166 167 168 172 182 183 184 191 259 261 
161 185 215 266 267 268 
175 187 221 222 281 282 283 284 
162 196 225 
162 176 226 227 
162 177 178 189 198 228 
162 165 177 178 179 189 190 197 199 228 
162 165 177 178 189 190 198 
169 201 231 232 233 
165 200 231 232 233 
180 234 235 
169 180 204 235 236 237 238 
164 203 205 237 
164 204 
164 239 240 241 242 
163 181 244 245 246 247 
161 163 166 170 181 248 249 250 251 252 
161 163 166 167 170 171 210 253 
161 163 166 167 168 170 171 182 209 253 
161 172 173 212 213 
161 172 173 211 213 214 
161 172 173 211 212 214 
161 172 173 185 212 213 
161 193 269 
174 217 218 216 270 
161 174 216 218 270 271 
161 174 216 217 
161 174 270 271 272 273 274 
175 186 276 277 278 279 
187 188 194 222 281 282 283 
187 188 194 221 281 282 283 284 
284 285 286 
57 99 100 188 223 285 286 
176 195 
176 196 
162 196 226 
162 165 177 178 179 189 197 198 
162 165 177 178 179 189 190 199 230 
165 179 190 
200 201 
200 233 
169 233 
164 169 180 
164 169 180 202 203 236 
164 169 180 203 235 237 238 
164 203 204 238 
164 203 204 237 
206 240 241 242 
206 239 241 242 
206 239 240 242 
239 241 
243 245 
207 243 246 
207 243 244 
163 181 207 244 245 
163 181 207 248 
163 170 181 208 
163 170 208 248 250 251 
163 170 181 208 249 251 252 
163 170 171 181 208 249 250 252 
163 170 171 181 250 251 
161 163 166 167 168 170 171 182 191 209 210 
161 163 166 167 168 182 191 255 256 257 258 
161 163 166 167 168 182 183 191 254 256 257 258 
161 166 167 168 182 183 191 254 255 257 258 
161 167 168 182 183 184 191 254 255 256 258 259 
161 166 167 168 182 183 184 191 254 255 256 257 259 
161 168 182 183 184 191 192 257 258 
161 167 168 183 184 192 261 
168 172 183 184 192 260 
161 172 173 211 
161 185 264 265 266 
161 185 263 265 266 
263 264 266 
161 185 193 263 264 265 267 268 
161 266 268 
161 193 266 267 
161 215 216 
161 174 216 217 218 219 271 
174 217 218 270 
174 219 273 274 
174 272 274 
174 219 272 273 
275 276 
175 186 220 275 277 278 
175 186 220 278 
186 276 279 
175 186 220 278 
175 186 
187 194 221 222 282 
187 188 194 221 222 281 283 284 
187 194 221 222 282 284 
187 188 194 222 223 282 283 284 
99 224 286 
99 100 188 224 285 
162 164 165 176 177 178 179 195 196 225 288 289 290 291 300 301 302 303 312 313 314 315 316 330 331 332 333 334 335 336 337 360 361 362 363 364 365 366 367 368 369 370 
164 165 169 176 177 178 179 189 190 195 196 197 198 199 225 226 227 228 287 290 291 300 301 302 303 315 316 331 332 333 334 335 336 337 366 367 368 369 370 
287 290 293 296 297 298 299 306 307 308 319 320 321 322 323 348 
287 288 289 310 311 328 329 330 354 355 356 312 290 
287 288 300 301 302 303 315 316 331 332 333 334 335 336 366 367 368 
289 294 295 296 304 305 306 307 317 318 319 343 344 345 
289 299 308 320 321 322 323 348 
292 295 304 317 338 340 341 342 343 
289 292 294 296 297 305 306 317 318 344 345 346 
289 292 295 297 305 307 317 318 319 344 345 346 
289 292 295 296 305 306 307 317 318 319 345 346 
289 293 299 308 309 322 323 324 325 326 349 350 
289 293 298 309 310 323 324 325 326 327 349 350 351 352 
287 288 291 301 315 331 332 333 334 362 363 364 365 
287 288 291 300 302 315 316 331 332 333 334 335 366 367 
287 288 291 301 303 315 316 334 335 336 366 367 368 
176 195 225 287 288 291 316 337 368 369 370 
292 294 305 338 339 340 341 342 343 
292 294 295 296 297 304 317 318 341 342 343 344 
289 292 295 296 297 307 345 346 347 
289 292 295 296 297 306 319 320 346 347 
289 293 298 299 309 322 323 324 325 349 
299 308 310 311 324 325 326 327 328 350 351 352 353 
290 299 309 311 326 327 328 350 351 352 353 
290 309 310 327 328 329 354 
287 290 312 
287 314 330 357 358 359 360 
287 313 360 361 362 
287 288 291 300 301 302 316 331 333 334 335 366 
287 288 291 301 302 303 315 334 335 336 366 367 368 
292 294 295 296 305 318 343 
292 295 296 297 317 344 345 
292 295 296 306 346 
289 307 321 348 
289 293 320 322 348 
289 293 298 308 321 323 
289 293 299 308 322 324 349 
298 299 308 309 323 325 326 349 350 
298 299 308 309 324 326 327 349 350 351 
298 299 310 324 325 327 351 352 
299 309 310 311 325 326 328 350 351 352 353 
290 309 310 311 327 353 
311 355 
287 290 313 357 
287 288 300 301 315 332 333 
287 288 291 300 301 315 331 333 334 
287 288 300 301 315 331 332 334 
287 288 291 300 301 302 315 316 332 335 366 
287 288 291 301 302 315 316 334 336 367 
287 288 291 303 316 367 368 
225 287 288 303 369 370 
294 304 339 340 
294 304 338 340 341 
294 304 338 341 
294 304 339 340 342 343 
294 305 341 343 
292 294 305 317 341 342 
292 295 296 305 317 318 
292 295 296 297 306 
289 295 296 297 307 319 
289 306 307 320 346 
289 320 321 
293 298 299 308 323 324 
298 299 309 310 324 325 326 327 351 352 
299 309 310 325 326 327 350 352 
299 309 310 327 350 351 353 
309 310 311 327 328 352 
290 311 329 355 356 
290 354 356 
290 329 354 355 
313 330 358 359 
313 357 359 
313 357 
287 313 314 361 
287 314 360 362 363 
287 300 314 361 363 
287 300 361 362 364 365 
287 363 
287 363 364 
287 288 291 301 302 315 316 334 335 367 
287 288 301 302 316 335 336 366 
287 291 302 316 336 
287 288 303 337 368 
287 288 303 337 369 

