24 202
3 4 5 6 7 9 10 11 12 13 14 17 18 19 20 22 23 24 
1 4 8 9 10 15 16 17 
1 5 6 7 11 14 21 22 23 24 
1 2 8 9 15 16 
1 3 6 9 10 11 12 13 14 19 20 21 22 23 24 
1 3 5 7 13 14 23 24 
1 3 6 
4 15 
1 2 4 5 10 11 16 17 18 19 
1 2 5 9 11 12 16 17 18 19 20 
1 3 5 9 10 12 13 14 19 21 
1 3 5 6 10 11 13 14 19 20 21 22 23 
1 3 5 6 11 12 14 21 22 23 24 
1 3 5 6 11 12 21 22 23 24 
2 4 8 
2 4 9 10 17 18 
1 9 10 16 18 19 20 
1 9 17 19 20 
1 5 9 10 11 17 18 20 
1 5 9 10 11 12 17 18 19 
1 3 5 12 13 22 23 
1 5 6 11 12 21 23 24 
3 12 13 14 21 22 24 
1 3 5 6 13 14 22 

