90 631
2 3 4 5 6 7 8 9 13 15 16 18 19 20 21 22 23 32 33 34 35 36 37 38 39 40 41 42 43 44 45 46 47 62 63 64 65 67 68 69 70 71 72 73 74 75 76 77 
1 4 5 6 12 13 15 30 31 58 59 60 61 
1 8 16 17 18 36 37 38 39 40 68 69 70 
1 2 5 12 13 14 31 59 60 61 
1 2 4 13 14 31 59 60 61 
2 7 32 33 34 35 62 63 
1 3 6 8 17 34 35 36 37 64 65 66 67 
1 3 17 36 37 64 65 66 67 
1 10 23 24 25 26 27 50 51 52 81 82 83 84 
9 11 25 26 27 52 53 54 55 85 86 87 
10 27 28 53 54 55 86 87 88 89 
2 4 30 58 59 
1 2 4 5 14 31 59 60 61 
2 4 5 13 31 60 61 
2 5 31 15 
1 3 7 8 17 36 37 64 65 66 
1 3 7 16 36 37 38 66 67 68 
1 3 39 40 41 70 72 73 
1 20 43 44 45 46 74 75 76 77 
19 22 46 74 77 
1 20 22 46 47 48 79 
1 20 47 48 78 79 
1 9 24 50 51 52 81 82 83 84 
9 23 25 26 51 52 82 83 84 
9 10 23 24 26 27 52 83 84 85 
9 10 23 24 25 27 52 83 84 85 
9 10 11 25 26 53 54 55 85 
11 29 88 89 90 
28 90 29 
2 12 56 57 
2 4 13 14 15 
1 6 33 34 35 63 
1 6 32 34 35 63 
1 6 7 32 33 35 63 64 
1 6 7 32 33 34 64 65 
1 3 7 8 16 17 65 66 67 
1 3 7 8 16 17 36 66 68 
1 3 17 39 68 
1 3 18 69 
1 3 18 41 42 70 71 72 73 
1 18 42 71 72 73 
1 40 41 72 73 
1 19 44 45 74 
1 19 45 74 75 
1 19 44 74 75 76 
1 19 20 21 76 77 
1 21 22 48 49 78 
47 48 49 50 80 
47 48 50 
9 23 49 51 80 81 
9 24 50 80 81 82 
9 10 23 24 25 83 84 
10 27 55 86 87 
10 11 27 53 55 86 87 
11 27 53 54 86 87 
56 57 
30 56 
4 12 
2 4 5 12 13 60 
2 4 5 13 14 59 61 
2 4 5 13 14 60 
1 6 
1 32 33 34 
1 7 8 16 34 35 
1 7 8 16 35 36 64 
1 7 8 16 17 36 37 67 
1 7 8 16 17 36 37 66 
1 3 37 38 
1 3 39 
1 3 18 40 71 
1 18 40 41 70 72 73 
1 18 40 41 42 71 73 
1 18 40 41 42 71 72 
1 19 20 43 44 45 75 76 
19 20 45 74 76 
19 20 45 46 74 75 77 
1 19 20 76 
21 47 79 
21 22 47 78 
50 51 81 
9 23 50 51 80 82 
9 23 24 51 81 
9 23 24 25 26 52 
9 23 25 26 52 85 
10 25 26 27 84 
10 11 27 53 54 55 87 88 
10 11 53 55 86 88 89 
86 87 
11 28 87 88 
28 29 

