114 788
2 3 4 5 6 7 12 13 14 15 24 25 38 39 40 41 42 43 44 45 79 80 81 82 83 84 85 86 87 88 89 90 91 92 93 
1 4 6 7 12 13 14 15 24 25 39 40 41 42 43 44 45 81 82 83 84 85 86 87 88 89 90 91 92 93 94 
1 8 9 18 19 20 32 33 34 35 58 59 60 61 62 63 64 65 66 67 
1 2 5 7 11 12 13 24 25 36 37 38 39 73 74 75 76 77 79 80 81 
1 2 4 12 13 14 40 41 42 43 44 84 85 87 88 89 91 
2 14 15 16 17 26 46 95 97 98 99 
1 2 4 10 22 23 24 36 37 38 72 73 74 75 76 77 78 
3 18 19 30 31 53 54 55 56 57 58 
3 35 66 67 68 69 70 
7 11 21 22 23 71 
4 7 10 21 22 23 36 71 72 
1 2 4 5 39 40 41 42 81 82 83 84 85 
1 2 4 5 12 25 39 40 41 42 82 83 84 85 
1 2 5 6 44 91 92 93 94 95 
1 2 6 16 17 26 46 98 99 100 
6 15 17 26 98 99 100 101 
6 15 16 26 27 47 99 100 101 102 
3 8 19 30 31 53 54 55 56 57 
3 8 18 30 31 54 55 56 57 58 
3 9 35 68 69 
10 22 23 71 
7 10 11 21 23 
7 10 11 21 22 71 72 
1 2 4 7 38 78 79 80 
2 4 12 13 39 40 81 83 
6 15 16 17 27 28 47 99 100 101 102 
17 26 28 102 103 104 
26 47 48 103 104 106 
51 52 111 112 113 114 29 
8 18 19 31 54 
8 18 19 30 53 55 56 57 
3 33 34 59 60 61 
32 34 60 61 62 63 64 
3 32 33 61 62 63 65 
3 20 66 68 69 70 
4 7 11 37 72 73 74 75 
4 7 36 73 74 
1 4 7 24 78 79 
1 2 4 12 13 25 80 81 82 
1 2 5 13 25 82 83 84 
1 2 5 12 13 42 84 85 86 
1 2 5 12 13 41 85 
2 5 86 87 88 
1 2 5 14 91 92 
1 2 14 92 94 95 
6 15 96 97 98 
17 26 27 28 102 103 
28 49 103 104 105 106 107 
48 50 107 108 109 
49 51 108 109 110 
29 50 52 109 110 111 112 
29 51 111 112 
8 18 30 31 
8 19 30 31 55 56 57 
8 18 19 54 56 57 
8 18 19 31 54 55 57 
8 18 19 31 54 55 56 
3 8 19 
3 32 60 61 
32 33 59 61 62 
3 33 34 59 60 62 
3 32 33 34 60 61 
3 33 34 64 65 
3 33 34 63 65 
3 34 63 64 
3 9 67 
3 9 35 66 68 69 
9 20 35 67 69 70 
20 35 67 68 70 
9 20 69 
10 11 22 23 
7 11 23 36 
4 7 36 37 74 75 
4 7 36 37 73 75 
4 7 36 37 73 74 
4 7 77 78 
4 76 78 
4 7 24 38 76 77 
1 4 24 80 
1 4 24 39 79 
1 2 4 12 25 39 80 82 
1 2 12 13 25 39 40 81 83 
1 2 12 13 25 39 40 82 
1 5 12 13 40 41 85 
1 2 5 12 13 41 42 84 
1 2 5 41 43 87 
1 2 5 43 86 
1 2 5 43 89 90 
1 2 5 
1 2 5 88 89 
5 14 44 
1 2 14 44 45 93 94 
1 2 14 45 92 94 
2 14 45 92 93 95 
6 95 
46 97 
6 46 96 98 
6 15 16 98 
6 16 17 26 100 
15 16 17 26 99 101 
16 17 26 100 
17 27 47 
27 28 47 104 
28 48 105 
28 48 103 104 106 
28 48 105 107 
48 49 106 108 
50 107 109 
49 50 51 108 110 111 
50 51 112 
29 51 52 109 110 112 
29 51 52 110 111 
29 114 
29 113 

