31 211
2 3 4 5 7 14 16 17 18 19 20 21 
1 3 5 20 21 22 
1 2 4 5 6 8 9 10 21 22 24 25 26 27 
1 2 3 5 20 21 22 
2 3 4 8 21 22 
3 8 9 10 11 12 24 26 27 28 29 30 31 
1 13 14 15 16 17 18 
3 5 6 9 10 23 24 25 26 
3 6 8 10 23 24 25 26 
3 6 8 9 23 24 25 26 27 
6 12 26 27 28 29 30 31 
6 11 28 29 31 
7 14 15 
1 7 13 15 16 17 18 
13 14 16 17 18 
14 15 17 19 
1 7 14 15 16 18 19 
1 7 14 15 16 17 19 
1 16 17 18 
1 2 4 
1 3 4 5 22 
2 3 4 5 21 
8 9 10 24 25 
3 6 8 9 10 23 25 26 
3 6 8 9 10 23 26 
6 8 9 10 24 25 27 28 
3 6 10 11 26 29 
6 11 12 27 29 30 
6 11 12 26 27 28 30 
6 12 28 29 31 
6 12 28 29 30 

