130 869
2 3 4 5 6 7 9 10 11 12 14 15 16 17 18 19 20 21 22 23 27 34 39 130 
1 3 4 5 6 7 8 10 11 12 13 20 21 22 23 24 
1 2 14 15 16 17 18 19 34 39 130 
1 2 5 6 7 10 11 12 13 20 21 23 
1 2 4 6 7 10 11 12 13 20 21 22 23 24 
1 2 4 5 7 10 11 12 20 21 22 
1 2 4 5 6 10 11 12 13 22 23 
2 8 
1 3 14 15 16 17 
1 2 4 5 6 7 11 12 20 21 22 
1 2 4 5 6 7 10 12 20 21 22 
1 2 4 5 6 7 10 11 13 22 23 
2 4 5 7 12 23 24 
1 3 15 
1 3 9 14 
1 3 9 17 18 
3 9 16 18 
1 3 16 17 19 
1 3 
1 2 4 5 11 21 22 
1 2 4 5 6 7 11 20 22 
1 2 4 5 6 7 10 11 12 20 21 
2 4 5 7 12 13 
2 5 13 
26 28 30 31 35 36 40 41 42 43 44 52 53 54 55 56 57 58 59 60 61 62 63 64 65 80 81 82 83 84 85 86 87 88 89 90 91 92 93 94 25 
25 27 29 32 33 38 49 71 72 73 74 75 76 114 115 116 117 118 119 
29 32 33 34 50 51 77 78 79 120 121 122 123 124 125 126 
25 30 31 35 42 43 63 64 88 89 90 91 92 
26 27 33 38 74 75 76 77 118 119 120 
25 31 35 42 43 64 89 90 91 92 
25 28 30 35 43 64 90 91 92 93 94 
26 27 29 38 71 72 73 74 75 76 115 116 117 118 
26 27 29 77 78 120 121 122 123 124 
3 27 39 130 
25 28 30 31 43 64 90 91 92 93 94 
25 97 36 
45 46 47 48 69 105 106 107 108 
26 29 32 71 72 73 114 115 116 117 
9 14 15 16 17 34 130 
25 80 
25 59 60 61 62 87 
25 28 30 88 
25 28 31 35 64 91 
36 95 96 
37 46 47 103 104 
37 45 105 106 108 
37 45 46 105 106 107 108 
37 69 108 109 
26 70 111 112 
27 33 77 78 123 124 125 
27 126 127 128 129 
25 53 80 
25 52 54 56 81 82 83 
25 53 55 56 57 81 82 83 85 
25 53 54 56 57 81 82 83 84 
25 53 54 55 57 58 81 82 83 84 85 
25 54 55 56 82 83 84 85 
25 56 57 59 60 83 84 85 
25 41 58 60 61 
41 58 59 61 
25 41 59 62 86 
25 61 86 87 
25 28 41 88 
25 28 30 31 35 43 91 
25 44 95 96 
36 67 98 99 100 
66 99 100 102 
67 101 102 103 
48 109 
49 110 111 112 113 
26 32 38 72 73 74 115 116 117 
26 32 38 71 73 74 115 116 117 
26 32 38 71 72 74 115 116 117 
26 29 32 38 71 72 73 117 
26 29 32 118 
29 32 75 118 
27 29 33 50 120 121 122 
27 33 50 123 124 125 
27 33 50 124 125 
40 52 
25 53 54 55 56 83 
25 53 54 55 56 57 81 83 84 85 
25 53 54 55 56 57 58 81 84 85 
25 54 55 56 58 82 83 85 
25 55 56 57 58 82 83 84 
25 41 61 87 
25 62 63 86 
25 28 42 63 
25 28 30 42 90 
25 28 30 31 35 
25 30 31 35 43 64 92 
25 28 30 31 35 43 64 91 93 
25 31 35 92 94 
25 31 35 93 
44 65 96 
44 65 95 
66 98 99 100 
66 97 
66 67 97 
67 97 98 99 
67 68 103 
67 68 101 103 104 
45 68 101 102 104 
45 102 103 
37 46 47 107 108 
37 47 105 107 108 
37 46 47 105 106 108 
37 46 47 48 105 106 107 
48 69 
111 112 
70 110 112 
49 70 110 111 113 
49 70 112 
26 38 49 114 
26 32 38 72 73 116 117 
26 32 38 71 73 115 117 
26 32 38 71 72 73 74 115 116 
29 32 75 76 
26 29 
27 29 33 77 121 122 
33 77 120 122 
27 33 77 120 
27 33 50 78 124 125 
27 33 50 78 79 123 125 
33 50 78 79 123 124 
51 127 128 
51 126 128 129 
126 127 129 
51 127 128 129 
14 15 39 

