81 573
38 80 81 2 
38 1 
40 3 4 
3 5 
40 4 6 
37 40 5 7 8 
40 6 8 
37 40 6 7 9 10 
37 40 8 10 11 
37 40 8 9 11 
37 10 
36 37 41 
36 41 42 50 51 61 62 14 
36 37 41 42 50 51 52 61 62 13 15 
36 37 41 42 51 52 53 62 14 16 
36 42 52 53 54 15 17 
36 52 53 54 63 64 16 18 19 20 
52 53 54 63 64 17 19 20 
36 54 55 63 64 17 18 20 21 
54 55 63 64 17 18 19 21 
36 54 55 63 64 18 19 20 
55 65 23 24 
36 65 22 24 
36 65 22 23 
43 66 25 
43 56 57 66 27 28 
43 56 57 66 26 28 
43 44 45 56 57 66 26 27 
43 44 45 30 31 
44 45 46 29 
44 45 46 67 29 30 32 33 
45 46 30 31 33 
58 67 31 32 
46 58 67 33 35 
46 58 67 68 34 
37 40 41 42 43 44 45 50 51 52 53 54 55 56 57 61 62 63 64 65 66 12 13 14 15 16 17 18 19 20 21 22 23 24 25 
36 38 40 41 42 50 51 52 53 54 62 6 8 10 11 12 13 14 15 
37 39 59 60 75 76 77 78 79 80 81 1 2 
38 47 48 49 70 72 74 
36 37 3 4 5 6 7 8 9 10 
36 37 42 50 51 53 61 62 12 13 14 15 
36 37 41 50 51 52 53 54 62 13 15 16 
36 44 45 56 57 66 25 27 28 29 
36 43 45 46 57 28 29 31 
36 43 46 56 57 29 30 31 32 
44 45 58 67 68 30 31 32 33 34 35 
39 48 49 
39 47 49 69 70 71 72 
47 48 70 71 72 73 
36 37 41 42 51 61 62 12 14 
36 37 41 50 61 62 13 14 15 
36 37 41 42 53 54 61 62 63 64 14 15 16 17 18 
36 37 41 42 51 52 54 62 63 64 15 16 17 18 
36 37 42 52 53 55 63 64 16 17 18 19 20 21 
36 54 63 64 65 18 19 20 22 
36 43 44 45 26 27 28 
36 43 44 45 56 66 26 27 28 
46 67 68 33 34 35 
38 77 78 80 
38 59 79 80 81 1 
36 37 41 42 50 51 52 62 13 14 
36 37 41 42 50 51 52 53 61 13 14 15 
36 52 53 54 55 64 16 17 18 19 21 
36 52 53 55 63 17 18 19 20 21 
36 55 22 24 
43 56 57 25 26 27 28 
46 58 31 32 33 34 35 
58 35 
48 70 
39 47 48 49 71 
47 49 69 70 
39 48 49 73 
39 49 72 
38 39 75 76 
38 74 76 77 78 
38 74 75 77 78 
38 59 75 76 78 
38 59 75 77 
38 59 60 80 
59 60 81 1 
38 60 80 1 

