71 590
58 3 4 
58 3 4 
58 59 1 2 4 
58 1 2 3 5 
50 59 4 7 
45 50 59 7 
45 50 5 6 
45 50 
45 47 11 
46 47 60 9 11 
45 46 47 60 9 10 12 13 
46 47 11 13 14 
47 60 11 12 14 
47 60 12 13 
35 48 51 52 16 
35 48 51 52 62 15 17 
35 48 51 52 62 15 16 
35 49 51 52 53 63 19 
35 49 51 52 53 63 18 20 
35 49 51 52 53 63 19 21 
35 40 41 49 53 54 20 22 23 
35 40 49 53 64 21 23 
40 41 49 53 54 64 21 22 
36 40 41 42 54 64 
36 40 42 43 65 66 67 68 26 27 29 
36 42 65 66 67 68 25 27 28 29 
36 42 66 67 68 25 26 28 29 
43 67 68 25 27 29 
36 43 67 68 25 26 27 28 
69 70 31 32 33 34 
43 69 70 30 33 34 
43 69 70 30 31 33 34 
69 70 30 31 32 34 37 
43 56 69 30 32 33 37 
36 40 41 42 47 49 51 52 53 54 55 61 62 63 64 15 16 17 18 19 20 21 22 23 
35 40 41 42 43 49 51 53 54 55 64 65 66 67 68 24 25 26 27 28 29 
43 57 69 70 33 34 39 38 
43 56 57 37 39 44 
43 56 37 38 44 
35 36 41 42 43 49 51 52 54 55 63 64 65 66 21 22 23 24 25 
35 36 40 42 43 49 53 54 55 64 65 66 21 23 24 
35 36 41 43 49 54 55 64 65 66 24 25 27 
36 40 41 42 56 57 66 67 68 69 70 25 27 28 29 30 31 32 33 34 37 39 38 44 
43 56 57 39 38 
46 47 50 60 6 7 8 9 10 11 
45 47 50 8 9 10 11 12 
35 45 48 61 9 10 11 12 13 14 
35 47 49 51 52 61 62 15 16 17 
35 36 40 41 42 48 51 52 53 54 63 64 18 19 20 21 22 23 
45 59 6 7 8 
35 36 40 48 49 52 53 62 63 15 16 17 18 19 20 
35 40 48 49 51 53 63 15 16 17 18 19 20 
35 36 40 41 49 51 52 64 18 19 20 21 22 23 
35 36 40 41 42 49 55 64 21 23 24 
35 36 40 41 42 54 64 65 24 
43 57 70 71 37 39 38 44 
43 56 71 37 39 38 44 
1 2 3 4 
50 58 3 4 5 6 
45 46 47 10 11 12 13 14 
47 62 
35 48 51 15 16 17 
35 40 49 51 52 53 18 19 20 
35 36 40 41 42 49 53 54 55 21 22 23 24 
36 40 41 42 55 25 26 
36 40 41 43 65 67 25 26 27 
36 42 43 66 68 25 26 27 28 29 
36 43 67 69 25 26 27 28 29 
43 68 70 30 31 32 34 37 
43 56 69 30 31 32 33 34 37 
56 57 71 

