82 439
55 22 
56 66 67 68 
56 60 61 68 69 4 5 
56 61 69 3 5 
56 60 61 69 3 4 
62 70 
70 71 8 9 
71 7 9 
53 70 71 8 
53 63 
53 75 12 
53 75 11 13 
53 75 11 12 
53 75 
54 64 77 78 16 17 
54 64 77 78 15 17 
54 64 78 15 16 
54 64 79 80 
54 58 65 81 82 20 21 
54 58 65 81 82 19 21 
54 58 65 82 19 
55 59 1 
28 29 34 35 36 59 1 22 
27 31 32 48 49 51 52 
30 38 40 41 42 
24 27 31 33 49 50 51 52 
24 26 32 33 50 51 52 
23 29 34 35 36 37 
23 28 
25 38 39 40 41 
24 26 32 46 47 48 49 
24 26 27 33 49 50 
26 27 32 51 
23 28 35 
23 28 34 
23 28 29 37 38 
28 29 38 
25 30 36 37 39 40 
30 38 
25 30 38 39 
25 30 
25 43 44 45 
42 44 
42 43 45 
42 46 
31 44 45 47 48 
31 48 
24 31 32 46 47 49 
24 26 31 32 48 
24 26 27 32 33 51 
24 26 27 33 52 
24 26 27 33 51 
54 55 56 57 62 63 70 71 72 73 74 75 76 9 10 11 12 13 14 
53 55 58 59 64 65 77 78 79 80 81 82 16 17 18 19 20 21 
23 28 34 35 53 54 58 59 65 1 22 
53 60 61 66 67 68 69 2 3 4 5 
53 63 72 73 74 10 
54 55 65 80 81 82 19 20 21 
54 58 1 22 
56 61 69 3 4 5 
56 60 68 69 3 4 5 
53 70 71 6 7 
53 57 73 10 
54 77 78 79 80 15 16 17 18 
54 55 58 80 81 82 19 20 21 
67 2 
66 2 
56 60 61 69 2 3 4 
68 3 4 5 
53 62 71 6 7 8 9 
53 62 70 7 8 9 
53 57 
53 63 72 
53 57 63 72 73 
53 76 11 12 13 14 
53 14 
54 64 78 79 15 16 17 
54 64 77 79 15 17 
54 64 77 78 80 18 
54 58 64 65 79 81 82 18 
54 65 80 82 19 20 21 
54 58 65 80 81 19 20 21 

