76 439
3 4 5 6 9 10 11 12 13 
7 8 46 47 
2 8 
1 10 
6 11 12 13 15 
1 5 14 15 16 
2 3 
3 7 
1 4 10 
1 4 9 
1 5 6 12 13 14 15 
1 5 11 13 14 
1 5 11 12 14 
1 5 6 11 12 13 15 
5 6 11 14 16 
5 6 15 
19 20 24 27 28 35 36 37 38 39 49 50 51 52 53 54 55 56 57 58 
1 2 3 22 23 26 32 33 34 45 46 47 71 72 73 74 75 76 
17 20 25 29 30 39 40 41 61 62 63 65 66 67 
17 19 25 29 30 40 41 64 65 66 67 68 
19 25 29 30 31 42 68 69 21 
18 23 32 33 34 45 71 72 73 74 75 
18 22 32 33 34 45 72 73 74 75 
17 27 35 48 
19 20 29 66 67 68 69 
18 22 31 32 42 43 44 71 
17 24 35 48 
17 36 49 50 51 52 28 
19 20 21 25 30 41 64 66 67 68 
19 20 21 25 29 65 66 67 68 
21 26 42 43 44 70 
18 22 23 26 33 71 72 
18 22 23 32 45 72 73 
18 22 23 45 46 75 76 
17 27 48 
17 28 
17 38 53 54 55 56 57 58 
17 37 53 54 55 56 57 58 
17 19 58 59 60 61 
19 20 41 62 63 
19 20 29 40 63 64 
21 26 43 70 
26 31 42 44 70 
26 31 42 43 70 
18 22 23 33 34 74 75 
18 34 47 76 
18 76 
24 27 35 
17 28 50 51 52 
17 28 52 
17 28 49 50 52 
17 28 49 50 51 
17 37 38 54 55 56 57 
17 37 38 53 55 56 57 
17 37 38 53 54 56 57 
17 37 38 53 55 57 
17 37 38 53 54 55 56 
17 37 38 39 59 
39 58 60 
39 58 59 
19 39 62 
19 40 61 
19 40 41 
19 29 41 65 
19 29 64 66 67 
19 20 25 30 65 67 
19 20 25 29 30 66 
20 21 25 29 30 67 
21 25 
31 42 43 44 
18 22 26 
18 22 23 32 33 73 
18 23 33 72 
18 22 33 34 45 75 
22 34 45 74 
18 34 46 47 

