40 290
1 2 4 
1 3 4 
2 4 
1 3 5 
4 6 7 8 
5 7 
5 6 8 
5 6 7 9 
29 30 35 8 10 
29 35 36 9 11 
29 30 35 36 37 10 
29 30 35 36 37 11 13 
29 30 31 32 35 36 37 38 11 12 14 
26 31 32 35 37 38 13 15 16 
26 31 32 14 16 17 
26 31 32 14 15 17 
26 27 39 15 16 18 
26 27 39 17 
33 34 40 20 21 23 
28 33 34 40 19 21 22 
28 33 34 40 19 20 22 23 
28 33 34 19 20 21 23 
28 34 40 19 20 21 22 
33 34 40 25 
34 40 25 24 
27 28 30 31 32 37 38 39 14 15 16 17 18 
26 28 33 39 17 18 
26 27 33 34 39 40 19 20 21 22 23 
30 31 32 35 36 37 38 8 9 10 11 12 13 
26 29 31 32 35 36 37 38 9 10 11 12 13 14 
26 29 30 32 35 36 37 38 13 14 15 16 
26 29 30 31 35 36 37 38 13 15 16 17 
27 28 40 19 21 22 23 24 
28 33 40 19 20 21 22 23 24 25 
29 30 31 32 36 37 38 9 10 11 12 13 14 
29 30 31 35 37 38 10 11 12 13 
26 29 30 31 32 35 36 38 11 12 13 14 
29 30 31 32 35 36 37 12 13 14 
26 27 28 17 18 
28 33 34 19 20 21 22 24 25 

