87 513
2 3 4 5 15 19 29 30 31 
1 3 6 8 
1 2 7 
1 4 
1 5 
2 3 7 8 
3 6 8 
2 3 6 7 
1 2 3 4 5 6 7 8 10 11 12 13 14 15 16 17 18 19 20 21 22 23 24 25 26 27 28 29 30 31 32 33 34 35 36 37 38 39 40 41 42 43 44 46 47 48 49 51 53 54 55 56 57 58 59 60 61 62 63 64 65 66 67 68 69 70 71 72 73 
9 20 36 41 
9 10 12 13 20 21 22 
9 11 13 16 21 22 
9 11 12 16 21 22 23 
9 17 25 26 27 
9 18 19 28 29 31 15 
9 12 23 
9 25 26 27 
9 15 29 
9 15 29 31 
9 10 
9 12 13 
9 13 
9 12 13 16 
9 25 
9 14 17 26 
9 17 24 25 
9 17 
18 29 
9 15 18 19 28 30 31 
9 15 19 29 31 
9 15 19 29 30 
42 43 44 32 50 51 52 69 70 73 85 86 87 
10 11 20 34 36 41 48 62 63 64 65 66 67 
10 11 20 33 36 49 64 65 66 67 
37 38 39 45 46 53 54 55 56 
33 34 41 49 62 63 65 66 67 
35 38 39 45 54 55 56 
35 37 39 47 55 57 58 
37 38 40 47 56 57 58 
38 47 48 57 58 59 60 
33 34 36 49 62 63 65 66 67 
32 51 52 
32 42 44 51 
32 42 43 51 
35 37 46 53 
35 45 53 54 
38 39 40 57 58 59 
33 40 59 61 62 63 
33 34 36 41 48 61 62 63 64 
32 42 
32 44 52 
32 42 43 44 
35 45 46 
35 37 46 
35 37 38 56 
35 37 38 39 55 
38 39 47 58 59 60 
38 39 47 59 
40 47 58 60 
40 47 48 57 59 61 
49 60 62 63 
33 36 41 48 49 61 63 64 
33 48 49 62 64 
34 36 41 49 62 63 65 
33 34 36 41 64 66 67 
36 41 67 
33 34 36 41 65 66 
32 35 42 43 44 50 51 52 69 70 71 72 73 83 84 86 87 
72 79 81 82 
32 68 69 73 84 85 86 87 
68 69 72 81 
68 69 70 71 83 84 
32 68 70 85 86 87 
75 76 77 78 79 
74 76 77 78 79 80 
75 77 78 79 
74 75 76 78 79 80 81 
74 75 76 
69 74 75 76 77 80 81 82 
75 76 81 82 
69 71 79 80 82 
71 79 80 
68 69 72 
68 83 
68 70 84 87 
70 73 
68 70 73 85 86 

