53 401
32 42 43 2 
32 42 43 1 3 
32 2 4 
32 3 
32 34 
17 34 44 45 
34 35 45 47 6 
18 35 46 47 
17 18 36 10 11 12 
18 9 11 
36 37 9 10 12 
18 36 37 9 10 11 
18 29 30 36 37 14 
18 29 30 36 13 
19 29 30 48 16 33 
19 30 48 15 33 
18 19 32 34 35 36 45 46 47 6 8 9 
17 19 29 30 35 36 37 46 47 8 9 10 11 12 13 14 
17 18 29 30 31 36 37 38 48 49 50 13 14 15 16 33 40 41 
31 49 50 
31 38 39 50 51 22 23 24 
31 38 39 50 51 24 
38 39 51 52 53 22 24 25 
31 38 39 51 52 53 21 22 23 26 
31 38 39 51 52 53 24 26 27 28 
31 39 51 52 24 25 27 28 
31 39 51 52 53 25 26 
52 53 25 27 
17 18 19 30 36 37 48 49 13 14 15 16 33 40 
18 19 29 36 37 48 13 14 15 16 33 40 
19 38 39 49 50 51 52 53 21 22 23 24 25 26 27 28 
17 34 43 44 1 2 3 4 5 
19 30 48 15 16 40 41 
17 32 35 44 45 5 6 7 
17 18 34 45 46 47 6 7 8 
18 19 29 30 37 9 10 12 13 14 
18 19 30 36 11 12 13 14 
19 31 39 49 50 51 52 53 20 21 22 23 24 25 
31 38 51 53 21 22 23 24 25 26 27 28 
19 29 30 48 33 41 
49 33 40 
32 43 1 2 
32 42 1 2 
32 34 45 5 6 
17 34 35 44 46 47 6 7 
17 18 35 45 47 7 8 
17 18 35 45 46 7 8 
19 29 30 49 15 16 33 40 41 
29 31 38 48 50 40 41 20 
19 31 38 49 20 21 22 
31 38 39 52 53 21 22 23 24 25 26 27 
31 38 39 51 53 23 24 25 26 27 28 
31 38 39 52 23 24 25 26 27 28 

