65 531
42 2 
42 1 
42 43 47 
38 43 48 49 50 5 6 
38 44 48 49 50 4 
38 44 48 50 4 5 7 
44 50 6 
1 2 42 63 10 9 11 
63 10 8 11 
9 8 11 
2 42 10 9 8 
38 39 40 51 55 13 15 14 16 
38 39 51 55 12 15 14 16 
38 39 40 51 55 12 13 16 
38 39 40 51 55 12 14 16 
38 39 40 51 55 12 13 15 
38 39 40 45 52 56 57 18 
38 39 40 45 52 56 57 17 
39 40 45 57 20 21 22 
39 40 45 52 19 21 22 
39 45 52 19 20 22 
39 40 46 58 20 21 26 25 
46 53 58 60 24 27 28 29 
46 53 58 59 26 23 27 28 
46 58 22 26 24 
39 45 58 22 25 
46 53 58 59 60 24 23 28 29 
46 53 58 59 60 24 23 27 29 
41 46 53 58 59 60 23 27 28 
41 53 60 29 
41 53 32 33 
41 31 33 
41 31 32 
41 54 61 62 64 65 35 
54 62 65 34 36 
54 65 34 
41 61 
39 40 41 43 44 45 47 48 50 51 52 55 56 57 4 5 6 7 12 13 15 14 16 17 18 
38 40 41 44 45 46 50 51 52 53 55 56 57 58 13 15 14 16 17 18 19 20 21 22 26 
38 39 41 44 45 46 50 51 52 55 56 57 12 13 15 14 16 17 18 19 20 21 22 
38 39 40 46 53 54 60 61 62 64 65 29 30 31 33 37 34 41 
43 47 1 2 42 3 8 11 
38 42 44 43 47 48 49 3 4 
38 39 40 43 48 49 55 4 5 6 7 
38 39 40 46 51 52 56 57 17 18 19 20 21 22 26 
39 40 41 45 53 58 59 60 22 26 25 24 23 27 28 29 30 
38 42 43 48 49 3 
38 43 44 47 49 50 4 5 6 
38 43 44 47 50 4 5 
38 39 40 44 48 49 55 4 5 6 7 
38 39 40 45 52 55 56 12 13 15 14 16 
38 39 40 45 56 57 17 18 19 20 21 
39 41 46 58 59 60 24 23 27 28 29 30 31 
41 61 62 64 65 34 35 
38 39 40 44 50 51 12 13 15 16 
39 40 45 51 52 57 18 
38 39 52 56 17 18 19 
39 46 53 59 60 22 26 25 24 23 27 28 29 
46 53 58 60 24 23 27 28 29 
41 46 53 58 59 23 27 28 29 30 
41 54 64 37 
41 54 61 64 65 34 35 36 
10 9 8 63 
41 54 61 62 65 34 35 36 
54 62 64 34 35 36 

