36 227
21 28 
21 23 29 3 
29 2 4 
23 29 30 31 2 3 
23 24 30 31 32 6 
23 24 30 31 32 5 
19 20 25 
19 20 22 26 9 
17 20 22 26 27 8 
17 19 20 22 27 34 
18 27 34 35 12 
18 34 35 11 13 
18 36 12 
18 36 16 
18 36 14 16 
18 36 14 15 
18 19 20 22 23 24 25 26 27 33 34 7 8 9 10 
17 19 20 22 27 34 35 36 11 12 13 14 15 16 18 
17 18 20 22 25 26 27 34 7 8 10 
17 18 22 25 26 27 34 8 9 10 
28 29 1 2 
19 20 25 27 34 35 8 9 10 
24 29 30 31 32 2 4 5 6 
17 23 32 33 5 6 
17 19 20 22 26 33 7 
17 19 20 22 25 27 7 8 9 
17 18 19 20 22 26 34 35 9 10 11 
21 1 
21 23 30 2 3 4 
24 29 31 32 4 5 6 
23 24 30 32 4 5 6 
23 24 31 5 6 
17 19 24 25 
17 18 19 20 22 27 35 11 12 
18 27 34 11 12 
18 13 14 15 16 

