31 226
23 9 
20 28 3 4 10 12 13 14 
20 28 2 4 13 14 15 16 17 
28 2 13 15 16 17 
19 21 24 25 26 29 6 
19 21 22 24 25 26 29 5 
19 21 22 26 29 6 
19 21 22 26 29 30 31 7 
18 23 1 
20 27 2 11 12 
20 27 12 
20 28 2 10 11 13 
20 28 2 3 4 12 14 15 
20 28 2 3 4 13 15 16 17 
20 28 3 4 13 14 16 17 
20 4 14 15 17 
20 28 3 4 14 15 16 
19 20 22 23 27 1 9 
18 21 22 24 26 29 30 31 5 6 7 8 
18 27 2 3 4 10 12 14 15 16 17 
19 22 24 25 26 29 30 31 5 6 7 8 
18 19 21 24 25 26 30 6 7 8 
18 1 9 
19 21 22 25 26 29 24 5 6 
19 21 22 24 26 29 5 6 
19 21 22 24 25 29 31 5 6 7 
18 20 10 11 
20 3 4 12 13 14 15 16 17 
19 21 22 24 25 26 30 5 6 8 
19 21 22 26 29 31 8 
19 21 22 26 30 8 

