44 209
33 44 21 22 
34 24 
4 5 
27 6 
27 3 4 
27 3 4 5 
26 27 35 
26 27 35 7 
26 10 
26 9 
28 32 36 12 
28 32 11 
25 38 15 16 
25 38 39 13 16 
25 38 39 16 
25 30 13 14 15 
25 30 40 41 
25 40 41 42 19 
25 42 18 
25 33 
43 44 1 20 
44 1 22 33 
29 31 
31 34 2 
26 28 29 30 33 37 38 39 40 41 42 43 14 15 16 17 18 19 20 
25 27 28 32 35 36 7 8 9 26 10 
26 35 3 4 6 7 8 27 
25 26 32 36 37 11 12 
25 31 34 22 2 23 24 
25 33 40 41 42 16 17 18 19 
29 34 2 23 24 31 
26 28 36 11 12 
25 30 43 44 1 20 21 33 
29 31 2 24 
26 27 6 7 8 
26 28 32 11 
25 28 38 
25 37 39 13 14 15 
25 13 14 
25 30 41 18 
30 40 42 17 18 
30 41 18 19 
25 33 44 1 20 21 
33 43 1 21 22 

