55 529
46 49 16 17 18 19 20 
46 49 21 
47 23 25 26 27 28 
40 43 48 5 32 
40 43 48 50 4 6 32 
40 42 43 48 50 5 32 33 
40 41 42 43 44 50 51 8 9 34 
40 41 42 44 50 51 52 7 9 10 
40 41 42 51 52 55 53 7 8 10 11 35 
40 41 42 44 51 52 55 53 8 9 11 35 
40 41 42 44 51 52 55 53 54 9 35 
40 41 42 45 53 54 13 14 36 37 38 39 
15 40 41 42 54 12 14 38 39 
15 45 54 12 13 38 39 
46 39 
46 49 1 20 
46 49 1 16 18 19 20 
46 1 16 17 19 20 
46 49 1 16 17 18 20 
46 49 1 16 17 18 19 
46 22 
46 2 21 
3 24 25 
47 23 25 
47 24 26 
47 3 27 
47 3 26 28 29 
47 3 27 29 30 31 
47 27 28 30 31 
47 28 31 
47 29 30 
40 43 48 4 5 6 33 
40 42 50 6 32 34 
42 43 50 7 33 
40 41 42 44 51 52 53 9 10 11 
40 41 42 45 55 53 54 12 37 38 
41 42 45 54 12 36 38 
41 45 54 12 13 14 36 37 39 
15 41 45 54 12 13 14 38 
46 49 41 42 43 44 45 47 48 50 51 52 55 53 54 4 5 6 7 8 9 10 11 12 13 32 33 34 35 36 
46 49 1 15 16 17 18 19 20 40 42 43 44 45 50 51 52 55 53 54 7 8 9 10 11 12 13 35 36 37 38 39 
49 40 41 43 44 45 48 50 51 52 55 53 54 6 7 8 9 10 11 12 13 33 34 35 36 37 
40 42 44 47 50 51 4 5 6 7 32 33 34 
40 41 42 43 50 51 52 55 53 7 8 9 10 11 34 35 
1 15 16 18 19 20 40 41 42 53 54 12 13 14 36 37 38 39 
49 1 2 22 15 16 17 18 19 20 21 40 41 42 44 45 51 52 55 53 54 11 12 13 14 36 37 38 39 
43 3 23 24 25 26 27 28 29 30 31 
40 42 43 50 4 5 6 32 
46 1 2 15 16 17 18 19 20 45 54 12 13 14 38 39 
40 41 42 43 44 48 5 7 8 32 33 34 
40 41 42 43 44 50 52 55 53 7 8 9 10 11 35 
40 41 42 44 51 55 53 54 9 10 11 35 
40 41 42 44 45 51 55 54 9 10 11 12 35 
40 42 45 52 55 53 11 12 13 14 36 37 38 39 
40 41 44 51 53 54 9 10 11 35 36 

