92 660
2 3 4 5 6 7 8 9 10 14 15 16 17 23 24 25 39 40 41 42 64 65 66 67 68 69 70 71 72 73 74 
1 3 5 9 10 11 19 25 26 27 43 44 45 46 47 48 76 77 78 79 80 81 82 83 84 
1 2 4 5 8 9 10 15 16 17 25 40 41 42 66 67 68 69 70 71 72 73 74 75 
1 3 5 6 7 8 14 23 24 34 36 37 38 39 60 61 62 63 64 65 
1 2 3 4 8 9 10 15 16 17 40 41 66 67 68 
1 4 7 13 14 21 22 30 31 32 33 56 57 58 
1 4 6 13 14 23 32 33 34 35 36 58 59 60 
1 3 4 5 9 10 16 17 66 
1 2 3 5 8 10 16 17 25 40 41 42 67 69 70 71 72 
1 2 3 5 8 9 17 25 40 41 42 69 70 71 72 73 
2 48 85 86 87 88 
20 28 29 49 50 52 53 
6 7 21 22 30 31 32 33 56 57 58 
1 4 6 7 23 24 33 34 35 36 37 38 58 59 60 
1 3 4 5 39 64 65 
1 3 5 8 17 66 67 
1 3 5 8 9 10 16 40 41 66 67 68 69 
2 19 45 76 77 78 79 80 
2 18 26 45 80 
12 28 49 50 51 52 
6 13 22 30 31 55 56 
6 13 21 30 31 56 57 
1 7 14 24 34 35 36 37 38 60 61 62 63 
1 4 14 23 37 38 61 62 63 
1 2 3 9 10 42 71 72 73 74 
2 27 46 81 82 
2 26 46 81 82 83 
12 20 29 51 52 53 54 
12 28 53 54 55 
6 13 21 22 31 56 57 
6 21 22 30 56 57 
6 7 13 33 58 
6 7 13 14 58 59 
4 7 14 35 59 60 
4 7 14 23 34 36 37 60 
4 7 14 23 24 35 37 38 61 
4 14 23 24 35 36 38 62 63 
4 14 23 24 36 37 61 62 63 
4 15 64 65 
1 3 5 10 17 41 69 70 71 
1 3 5 9 17 40 69 70 
1 3 9 10 71 72 
2 44 
2 43 76 77 
2 18 19 77 78 79 
2 26 27 47 83 84 
2 46 48 82 83 84 
2 11 84 
12 20 
12 20 49 51 52 
12 20 28 50 52 
12 50 51 
12 28 29 54 
28 29 53 55 
21 29 
6 21 22 30 31 
6 13 22 30 
7 13 14 32 33 59 
7 14 33 58 
4 7 14 23 34 35 
4 23 36 37 38 62 
23 37 38 61 63 
4 23 24 38 61 62 
1 4 15 
1 4 15 39 64 
3 5 8 16 17 
1 3 5 9 16 17 68 
1 3 5 17 67 
1 5 9 10 17 40 70 71 
1 3 10 40 41 69 71 
1 3 9 10 25 40 42 69 
1 3 9 10 25 42 
1 3 10 25 74 75 
1 3 25 73 75 
3 25 
2 18 44 45 77 78 79 
2 18 44 45 76 78 79 
2 18 45 76 77 79 
2 45 76 77 78 
2 18 19 
2 26 
2 26 27 46 47 83 
2 27 46 47 82 84 
2 46 47 48 83 
86 87 
11 87 
11 85 86 
11 89 90 
88 90 91 
88 89 91 
89 90 92 
91 92 

