110 714
59 60 61 2 4 5 
3 4 5 
1 2 4 
1 3 
59 60 61 62 1 2 4 
8 10 19 29 30 32 33 34 35 36 62 63 64 65 1 2 5 
8 10 11 12 20 21 22 46 47 48 78 79 81 82 83 84 85 87 88 89 
6 7 10 20 38 39 40 41 72 73 74 76 
14 15 16 26 27 28 55 56 57 101 102 103 104 105 106 
6 7 8 20 38 39 40 41 73 74 75 76 
7 20 21 22 45 46 47 78 79 80 81 82 84 85 
7 13 18 23 49 50 51 91 92 93 94 95 96 97 98 
12 18 23 24 49 50 51 52 53 92 93 94 95 96 97 98 
9 15 18 24 26 27 55 56 100 101 
9 16 26 27 56 57 58 101 102 103 104 105 
9 15 106 107 108 109 110 
6 29 30 31 32 33 34 35 63 64 
12 13 14 24 25 52 54 99 
34 35 65 
8 10 11 41 43 44 77 78 
7 11 22 47 84 85 87 
7 11 21 48 85 86 87 88 89 
12 13 49 90 91 
13 14 18 52 53 54 99 
14 18 24 54 
9 14 15 27 28 55 56 57 58 101 102 103 
9 14 15 26 28 55 56 57 58 101 102 103 
9 27 57 58 103 104 
6 17 30 31 32 63 
6 17 29 31 63 
17 29 30 32 63 
6 17 31 33 63 64 
17 32 34 35 63 64 65 
6 17 19 33 35 64 65 
17 19 33 34 64 65 
6 37 67 68 
36 66 67 
8 10 71 72 73 74 
8 10 40 76 
8 10 39 76 
8 10 20 42 43 44 77 
20 41 43 77 
20 41 42 44 77 
20 41 42 43 77 
7 11 20 46 77 78 79 80 81 82 
7 11 47 79 81 82 83 
7 11 21 46 83 84 
7 22 87 88 89 
12 13 23 50 92 93 
12 13 49 51 92 93 94 95 96 97 98 
12 13 50 52 94 95 96 97 98 
18 24 51 53 99 
13 18 24 52 99 
14 18 24 25 
9 14 26 27 56 100 101 
9 14 15 26 27 55 57 101 102 103 
9 15 26 27 28 56 58 103 104 
9 15 26 27 28 57 103 104 
60 61 62 5 
59 61 62 
59 60 62 5 
6 59 60 61 5 
6 17 29 30 31 32 33 
6 17 32 33 34 35 65 
33 34 35 64 65 
37 67 68 
36 37 66 68 69 
36 37 66 67 69 
67 68 70 
69 71 
38 70 
8 38 73 74 
8 10 72 74 
8 10 38 72 73 75 
8 10 73 74 
8 10 39 40 
20 41 42 45 78 
7 11 20 45 77 79 80 81 82 
7 11 45 46 78 81 82 
7 11 45 46 78 79 81 82 
7 45 46 78 79 80 82 
7 11 45 78 79 80 81 83 
7 11 46 47 82 
11 21 47 
7 11 21 22 86 87 88 
7 21 22 87 88 
7 21 48 85 86 88 
7 48 85 86 87 
7 22 48 
23 91 
12 23 90 
12 13 23 49 93 
12 13 49 50 92 
12 13 50 51 95 96 97 98 
12 13 50 51 94 96 97 98 
12 13 50 51 94 95 97 98 
12 50 51 94 95 96 98 
12 13 51 94 95 96 97 
18 24 52 
14 55 
9 14 15 26 27 55 56 102 103 
9 15 26 27 56 101 103 
9 15 26 27 28 56 57 58 102 
9 15 57 105 
9 15 28 104 
9 16 107 108 109 
108 110 
16 106 107 109 110 
16 106 108 110 
16 107 108 109 

