61 449
52 55 58 
52 54 55 56 1 3 
52 2 
52 53 56 60 6 
52 57 59 60 61 4 6 7 
52 53 57 60 4 5 7 
52 53 57 59 60 61 6 8 
52 53 60 7 
10 50 51 
9 11 50 
9 10 
13 14 16 23 24 25 26 27 36 37 38 52 53 56 57 59 60 61 5 6 7 
12 14 16 18 23 24 25 26 27 28 30 36 37 38 39 40 52 53 57 8 
12 13 16 18 19 24 25 26 27 28 29 30 31 37 38 39 41 42 53 
9 10 11 17 20 21 22 34 35 48 49 50 51 
12 13 14 23 24 25 26 27 28 36 37 38 
15 20 21 22 34 35 47 48 49 50 
14 29 30 31 32 40 41 43 44 
14 18 20 21 31 32 33 44 
15 17 19 21 22 33 34 47 
15 17 19 20 33 34 45 46 47 
15 17 20 21 34 35 45 46 47 
13 16 36 8 
12 13 14 16 25 26 27 37 38 
12 13 14 16 24 26 27 28 37 38 
12 13 14 16 24 27 28 37 38 
12 13 14 16 24 25 26 28 37 38 39 
13 14 16 25 26 27 38 39 
13 18 30 39 40 41 42 
13 14 18 29 40 41 
14 18 19 32 42 43 44 
18 19 31 33 44 
32 45 
15 17 21 22 35 45 46 
17 22 34 
12 16 
12 13 14 16 25 26 27 28 38 
12 13 14 16 24 25 26 27 28 37 
13 14 27 28 29 40 
14 18 29 30 39 
14 18 29 
14 18 29 31 41 44 
18 19 31 32 42 44 
18 19 31 42 43 
20 21 22 33 46 47 
20 22 34 45 47 
17 21 22 34 35 45 46 
15 49 
15 17 48 
15 17 49 51 
15 50 
16 23 53 54 55 56 57 58 59 60 61 1 2 3 4 5 6 7 8 
16 23 52 56 57 59 60 61 4 5 6 7 8 
52 55 58 1 2 
52 54 56 58 1 2 
52 53 54 55 57 59 2 3 4 
52 53 56 59 60 61 4 5 7 
55 1 
52 53 56 57 60 61 4 5 6 
52 53 57 59 61 4 5 6 7 8 
52 53 57 59 60 5 6 7 8 

