64 355
64 15 35 36 37 
56 57 58 3 18 42 43 44 
58 45 46 
60 63 5 21 49 50 
60 63 4 6 21 51 
63 5 22 51 52 53 
54 61 8 23 24 25 26 
54 61 7 9 10 25 26 27 28 
54 61 62 8 10 26 27 28 
54 61 62 8 9 28 
54 61 62 12 13 29 30 31 32 
54 62 11 13 29 30 31 32 
54 62 11 12 29 30 31 32 
54 55 64 33 
55 64 1 33 34 35 
56 40 
56 41 42 
57 58 2 44 
47 59 19 
59 60 48 
60 63 4 5 49 
63 5 51 52 53 
54 61 7 24 25 
54 61 7 23 25 
54 61 7 23 26 
54 8 9 25 27 
54 9 26 
54 61 62 8 9 10 
54 61 62 10 11 12 13 30 
54 62 11 13 29 
62 11 12 13 32 
54 62 11 12 13 31 
64 14 15 34 
55 64 15 33 
55 64 1 15 36 37 
55 1 37 
55 1 35 
55 39 
38 40 
16 39 
56 57 17 
56 57 2 
57 2 
58 2 43 
58 3 46 
3 45 
59 19 
59 60 20 
60 63 21 50 
60 4 21 49 
63 5 22 52 
6 51 
6 22 
55 61 62 64 7 8 9 10 11 12 13 14 23 24 25 26 27 28 29 30 31 32 
54 56 62 64 1 14 15 33 34 35 36 37 38 
55 57 58 2 16 17 41 42 
56 58 2 17 18 41 42 
57 2 3 43 44 46 47 
58 60 63 19 20 47 48 
59 63 4 5 20 21 49 50 
54 62 7 8 9 10 11 23 25 26 27 28 29 
54 55 61 9 10 11 13 28 29 30 31 32 
59 60 4 6 21 22 49 51 
54 55 1 14 15 64 33 34 35 36 

