31 193
1 9 10 11 
25 26 27 3 4 11 12 
25 26 27 2 
25 26 27 28 3 5 12 13 14 
25 26 27 28 4 12 13 14 
25 29 15 16 18 19 20 
25 30 31 8 24 
30 31 7 24 
1 10 
1 9 
27 1 2 
25 26 27 28 2 3 4 5 13 14 
25 26 28 4 5 12 
25 26 4 5 13 
25 26 28 6 16 17 
25 26 28 6 15 17 18 
25 6 15 16 
25 29 6 16 17 19 
25 6 18 21 
29 6 21 
25 29 19 20 22 23 
25 29 30 21 
25 29 30 21 22 
31 7 8 24 
26 27 28 30 31 2 3 4 5 6 7 12 13 14 15 16 17 18 20 21 22 23 
25 28 2 3 5 14 15 16 
25 26 28 2 3 4 5 11 12 
25 26 27 4 5 12 13 15 16 
25 30 6 17 18 19 20 21 22 23 
29 31 7 8 23 
25 30 7 8 24 

