50 395
43 44 47 48 12 13 33 34 35 36 37 
43 44 46 14 39 40 41 
43 45 5 15 16 17 18 19 20 
45 3 5 19 
43 45 3 4 20 21 
43 7 8 22 23 24 25 
43 6 8 24 22 23 25 
43 47 6 7 25 26 
43 44 47 48 10 27 28 29 31 
43 44 47 48 9 11 12 27 28 29 31 
43 44 48 9 10 12 28 29 30 31 
43 47 48 1 10 11 29 31 32 33 
43 44 34 35 36 37 38 
43 44 2 39 
50 16 17 
45 50 3 15 17 18 
45 50 3 16 18 
45 3 4 15 16 17 19 20 
45 3 18 20 
45 3 4 5 18 19 
43 45 5 
43 6 7 23 24 
43 6 7 22 24 
43 6 7 24 22 23 
43 47 6 7 8 
43 47 8 25 
43 44 47 48 9 10 28 
43 44 48 9 11 27 29 30 31 
44 47 48 9 10 11 12 28 30 31 
43 44 47 48 9 10 11 12 28 29 31 
43 44 47 48 9 10 11 12 28 29 30 
43 44 1 12 33 
43 48 1 12 32 
43 44 1 13 35 36 37 
43 1 13 34 36 37 
43 44 1 13 34 35 37 38 
43 44 1 13 34 36 38 
43 44 13 36 37 39 
44 14 38 
44 2 41 42 
44 46 2 42 
44 46 40 41 
44 45 46 47 48 1 2 3 5 6 7 8 9 10 11 12 13 14 21 22 23 24 25 26 27 28 29 30 31 32 33 34 35 36 37 38 39 40 43 
43 45 46 47 1 2 8 9 10 11 12 13 14 27 28 29 30 31 32 33 34 35 36 38 39 40 41 42 
43 44 49 50 3 4 5 15 16 17 18 19 20 21 
43 41 42 
43 44 48 1 8 9 10 11 12 25 26 27 28 29 30 31 32 
43 44 47 1 9 11 27 28 29 31 32 33 
45 50 
45 49 15 16 17 

