66 400
2 3 4 9 14 15 16 25 26 27 28 29 30 46 47 48 49 50 51 52 54 55 56 57 
1 4 5 9 14 15 16 17 28 29 30 31 52 53 54 55 56 57 
1 6 7 8 13 22 23 24 42 43 44 45 
1 2 9 15 28 30 52 54 55 56 57 
2 10 12 18 32 33 60 61 
3 20 21 22 41 
3 13 22 23 24 42 43 
3 7 24 42 43 
1 2 4 16 17 30 57 58 
16 17 10 
5 10 18 33 60 61 62 
5 19 34 35 64 65 66 
3 7 8 23 24 42 43 44 
1 2 27 46 47 48 49 50 51 
1 2 4 14 26 27 50 51 52 
1 2 10 17 58 59 
2 9 16 58 59 
5 10 11 32 33 34 60 61 62 63 
12 34 35 64 65 66 
6 21 37 38 39 40 41 
6 20 41 
6 7 
3 7 8 13 24 42 
3 7 8 13 23 42 43 
1 3 44 45 
1 14 15 27 46 47 48 49 50 
1 15 26 49 50 51 
1 2 4 52 53 54 55 
1 4 
1 2 4 9 31 
2 9 30 
5 11 18 33 60 61 62 63 
5 11 18 32 34 35 61 62 63 64 
12 18 19 33 35 62 63 64 
12 19 33 34 62 63 64 
20 38 39 36 
20 36 38 39 
20 36 37 39 40 
20 37 38 40 
38 39 
6 20 21 
3 7 8 13 23 24 
7 8 13 24 
13 25 
25 45 44 
1 14 47 
1 14 46 48 49 
14 26 47 49 
1 14 26 27 47 50 
14 15 26 27 49 51 
1 14 15 27 50 
4 15 28 53 54 
1 2 28 52 54 
1 2 4 28 52 53 55 
1 2 4 28 54 
1 2 4 
1 4 9 
9 16 17 59 
17 58 
5 11 18 32 
5 11 18 32 33 62 63 
11 18 32 33 34 35 61 63 
18 32 33 34 35 61 64 
12 19 33 34 35 62 63 
12 19 66 
12 19 

