38 255
2 4 5 6 7 10 11 12 13 14 15 16 19 20 21 22 23 24 25 26 27 28 33 34 35 36 37 38 
1 3 4 5 6 11 12 13 14 22 23 24 25 26 27 28 33 
1 4 5 13 14 22 23 24 25 26 
1 3 11 13 22 23 
1 2 3 13 14 24 25 26 
1 2 7 8 9 16 18 29 30 31 
1 8 16 17 18 30 31 32 
6 7 9 16 17 18 29 31 32 
6 7 8 17 18 31 9 
19 20 21 36 
1 2 4 12 21 22 
4 11 21 
1 3 4 5 23 
1 2 3 5 15 26 27 28 
1 2 14 28 
1 6 7 8 17 18 29 30 
6 7 8 9 16 18 29 31 32 
6 7 8 16 17 30 31 32 
1 10 20 21 38 
1 10 21 38 
1 10 11 12 19 20 
1 2 4 11 
1 2 3 4 13 
1 2 3 5 
2 3 5 
1 2 3 5 27 
1 2 5 14 
1 2 14 15 
6 7 8 16 17 30 
6 7 8 17 18 29 
6 7 8 9 17 32 
7 8 17 18 31 
10 19 20 34 35 36 33 37 38 
33 35 
33 34 37 
10 19 20 21 33 37 38 
33 35 36 38 
19 20 33 36 37 

