36 239
2 3 4 9 10 11 16 17 18 19 20 28 29 30 31 32 33 35 36 
1 5 6 7 8 12 13 14 15 25 26 27 
1 2 8 9 10 11 15 16 26 27 28 
1 10 11 17 18 19 29 30 31 32 33 35 36 
2 6 7 8 13 14 24 25 
7 8 13 14 25 
5 6 8 14 25 
2 3 5 7 25 26 
1 3 11 15 16 17 29 
1 3 4 9 11 16 17 28 29 30 
1 3 4 9 10 16 17 29 30 
2 5 13 14 21 22 23 24 
2 5 6 7 12 14 24 
2 5 12 13 24 
2 3 9 26 
1 3 10 11 17 28 29 
1 4 9 10 11 16 29 30 
1 4 20 31 32 33 34 35 36 
1 18 20 32 33 34 35 36 
18 19 
12 22 23 
12 21 
12 21 22 24 
12 13 14 23 
2 5 8 
3 15 27 
15 26 
3 10 16 
1 4 9 10 11 16 17 30 
1 4 11 17 29 
4 18 
1 4 19 31 34 35 36 
1 4 18 19 32 34 35 36 
1 4 18 19 32 33 36 
1 4 19 32 33 34 36 
1 4 18 19 32 33 34 35 

