68 508
54 58 68 
55 61 62 
51 55 56 60 61 62 4 
51 55 56 60 62 3 5 6 
55 56 60 4 6 
55 56 60 4 5 
51 53 56 60 8 9 10 
51 53 56 7 10 
51 53 8 
7 8 
12 13 14 15 17 18 19 20 24 25 26 27 28 29 30 34 35 36 37 38 39 40 41 53 
11 13 14 15 16 17 18 19 20 21 27 28 29 30 39 40 41 42 43 44 45 53 
11 12 14 17 18 19 25 26 27 28 30 38 39 40 53 
11 12 13 15 16 17 18 19 20 21 28 29 30 40 41 42 43 44 
11 12 14 16 19 20 21 43 44 45 
14 15 21 22 23 31 45 46 47 48 
11 12 13 14 18 26 27 28 29 30 38 39 40 
12 13 14 17 19 27 28 29 30 38 39 40 
11 12 13 14 15 17 18 20 28 29 30 41 42 
12 14 15 19 41 42 
12 14 15 16 22 23 31 45 46 47 
16 23 31 46 47 48 49 50 
16 21 22 46 49 50 
11 32 33 34 35 36 
13 26 35 36 37 
11 13 17 25 27 38 
11 12 13 17 18 26 38 39 
11 12 13 14 17 18 29 39 40 
11 12 13 17 18 20 28 30 40 41 42 
11 12 14 17 18 19 20 28 29 41 42 
16 21 22 46 47 
24 33 34 
24 32 34 
24 32 33 35 36 
11 24 25 34 36 37 
24 25 35 37 
11 13 25 35 36 
11 13 17 18 27 
11 12 13 18 27 28 40 
12 14 17 18 19 28 29 39 41 
12 14 19 20 29 30 40 42 
12 14 19 29 30 41 
12 14 15 
12 14 15 16 43 
12 15 21 44 
16 22 23 31 47 48 
21 22 46 
16 22 23 46 49 
22 23 48 50 
22 23 
11 12 13 24 32 52 53 54 55 56 60 61 62 2 3 4 5 6 7 8 9 10 
51 54 57 58 59 64 65 66 67 68 1 
13 24 25 32 33 34 35 36 51 55 56 60 7 8 9 10 
51 52 59 65 66 67 68 1 
51 53 56 60 61 2 3 4 5 6 
53 55 60 62 3 4 5 6 7 8 9 
52 63 
52 54 64 65 66 67 68 1 
54 68 
51 53 55 56 61 62 3 4 5 6 7 
51 55 60 62 2 3 
51 55 56 60 61 2 3 
57 63 
52 54 58 65 66 67 
52 54 58 64 
52 54 58 64 
58 59 64 
52 54 58 59 67 1 

