111 737
106 110 111 2 9 24 25 
1 3 9 25 
106 2 4 5 26 
108 5 10 26 27 
3 4 10 26 27 28 
92 93 94 10 11 
106 109 12 13 
106 107 110 111 20 21 22 23 
106 108 
4 5 11 29 
79 93 94 6 10 29 
106 107 109 7 13 14 
106 107 7 12 14 
106 107 12 13 15 16 18 19 
107 14 16 17 19 
106 107 14 15 17 18 19 
106 107 14 15 16 18 20 
107 15 16 17 19 20 
106 107 14 15 16 17 18 20 21 
106 107 110 8 19 
106 107 110 8 19 20 
106 107 23 
106 110 111 22 
106 110 111 1 9 
106 108 2 
108 3 4 5 
4 5 28 
4 5 
92 10 11 
31 32 33 34 35 36 40 41 42 43 48 49 50 51 52 53 
30 32 33 40 41 42 48 50 
30 31 33 34 43 50 51 
30 31 32 34 42 43 50 51 
33 42 43 50 51 
30 36 37 53 54 55 56 
30 35 37 44 53 54 55 56 57 58 59 60 
35 36 44 55 56 57 58 59 60 61 62 
39 45 46 47 64 65 66 67 
109 7 38 66 67 68 
30 31 41 48 
30 31 48 
30 31 32 33 34 49 50 
30 32 33 34 50 51 52 
36 37 58 59 60 61 62 63 
46 47 63 64 
38 45 47 63 64 65 
45 64 66 
30 31 42 
30 48 
30 31 32 33 42 43 
30 32 33 43 52 
30 35 43 51 
30 35 36 54 56 
36 53 55 56 
35 36 37 53 56 
35 36 37 53 54 55 57 
36 37 60 
36 37 57 59 
36 37 44 57 58 60 
37 44 57 59 61 62 
37 44 60 63 
44 60 61 63 
38 44 45 46 61 62 
38 45 65 
38 45 46 47 66 
38 39 47 65 67 68 
38 39 66 68 
66 67 
70 71 72 73 74 75 79 80 83 84 85 94 95 96 97 6 11 
72 73 75 76 77 78 81 82 83 84 85 86 87 88 89 90 91 97 98 99 100 101 102 103 104 
69 74 79 80 94 95 96 6 11 
69 70 75 81 82 83 84 85 97 
69 70 75 85 86 87 88 89 100 
69 71 79 80 96 6 
69 72 73 85 86 87 88 98 99 
77 78 89 90 91 100 101 102 103 104 105 
70 76 78 90 91 101 102 103 104 105 
70 76 77 90 101 102 103 104 
69 71 74 92 93 94 95 11 
69 71 74 81 95 96 
69 70 72 82 96 97 
70 72 83 84 97 
70 72 82 84 85 97 
69 70 72 82 83 85 97 
69 70 72 73 75 83 84 86 87 98 99 
70 73 75 85 87 98 99 
73 75 85 86 88 99 
75 87 
70 73 76 88 90 91 100 101 
70 73 76 77 78 89 91 100 102 103 104 
70 76 77 78 89 90 100 101 102 103 104 105 
93 94 
92 94 
69 74 79 92 93 
69 74 
69 71 74 81 
69 72 81 82 83 84 
70 72 75 85 86 99 
73 75 85 86 87 98 
70 73 76 77 89 90 91 101 102 103 
70 76 77 78 89 90 100 102 104 
70 76 77 78 90 91 100 101 103 104 105 
70 76 77 78 90 100 102 104 105 
70 76 78 90 101 102 103 105 
77 78 102 103 104 
69 107 108 109 110 111 1 2 3 7 8 9 12 13 14 15 16 17 18 19 20 21 22 23 24 25 30 38 39 
106 111 7 8 12 13 14 15 16 17 18 19 20 22 
106 1 2 3 4 9 25 26 
106 7 12 39 
106 107 111 1 8 9 20 21 22 23 24 
106 107 110 8 22 23 24 

