48 243
2 3 5 6 12 13 19 1 
1 3 4 6 7 20 21 22 
1 2 4 6 7 20 21 22 23 
3 7 8 24 25 26 27 29 
1 10 12 13 18 
1 2 20 
2 3 21 22 23 24 25 26 27 28 
4 9 14 15 28 30 31 
8 14 15 16 30 31 
5 11 17 48 
5 10 17 18 11 
1 5 13 19 
1 5 12 19 
8 9 15 16 30 31 
9 14 16 30 31 
9 14 15 16 
10 11 18 
5 11 17 
1 12 13 
2 3 6 
2 3 7 22 23 
2 3 7 21 23 
2 3 7 21 22 24 
3 4 7 25 26 27 
4 7 24 26 27 
4 24 27 
7 24 25 26 
4 7 8 29 
4 8 28 30 
8 9 14 15 29 31 
8 9 14 15 16 30 
34 35 38 40 
5 10 11 35 36 37 44 45 46 47 48 
32 35 38 42 
32 33 34 37 39 41 42 43 44 
5 10 11 17 33 37 47 48 
35 36 43 44 45 46 
32 34 40 
34 41 42 
32 34 38 
35 42 
35 39 41 
35 37 44 46 
33 35 37 43 45 46 
33 37 43 44 46 
33 37 44 45 
33 36 48 
33 36 48 

