41 277
2 3 4 6 8 13 15 16 18 19 25 26 40 41 
1 4 5 9 10 11 12 13 
6 7 8 
2 5 9 10 11 
2 10 11 
3 7 
3 6 8 
1 3 6 7 
2 4 5 10 11 12 
2 4 5 9 11 12 
2 5 9 12 
2 10 11 
1 2 3 6 14 15 16 18 19 24 25 26 34 35 36 37 38 39 40 41 
13 15 17 20 21 22 23 27 28 29 30 31 32 
13 14 16 18 19 24 25 32 33 35 36 37 38 
3 6 7 8 13 15 18 19 24 25 26 38 40 41 
14 20 21 23 28 29 31 
13 15 16 19 24 25 35 36 37 38 39 
13 15 16 18 24 25 26 37 38 
14 21 22 27 
14 17 20 22 27 28 29 30 
14 20 21 27 28 29 30 
14 17 28 30 31 
13 15 16 18 19 25 37 38 39 
13 15 16 18 19 24 26 37 38 39 
19 40 41 
14 17 20 21 22 28 29 30 
14 17 21 22 23 27 29 30 31 
14 17 21 27 30 
17 21 22 23 27 28 
17 23 
14 15 23 33 
15 32 34 35 
13 32 33 36 
13 15 18 33 34 36 
13 15 18 34 35 
13 18 19 24 25 38 39 
13 18 19 24 25 37 39 
13 18 19 24 25 37 38 
13 16 19 26 41 
13 16 26 40 

