54 341
25 31 53 54 
25 31 
5 7 3 8 11 12 14 
26 41 3 7 10 11 12 13 14 
3 4 7 8 9 10 11 12 13 
3 5 7 10 11 13 
3 4 5 10 11 13 
4 3 12 
3 8 10 12 
4 5 9 12 13 14 
3 4 6 7 10 12 13 14 
4 5 6 7 8 9 10 11 13 
3 4 12 
3 4 7 11 
16 18 19 20 21 22 23 24 25 26 27 28 29 30 31 32 33 34 35 36 37 38 39 40 42 43 44 45 46 47 49 50 51 52 53 54 2 3 4 5 6 7 10 15 
15 17 16 18 20 19 21 
19 20 21 
15 17 19 
15 16 17 20 19 
15 17 19 
15 17 
23 24 26 32 33 34 35 36 41 42 22 43 44 45 46 47 48 3 4 5 6 7 10 
22 24 26 27 29 32 33 34 35 36 37 38 39 43 44 45 46 47 48 49 50 51 3 4 
22 23 27 38 49 50 51 
16 15 28 30 31 40 53 1 2 25 
33 41 22 
24 28 29 39 27 30 
25 27 30 40 52 53 54 1 2 
23 24 27 
31 52 53 54 
30 40 54 25 
22 23 
23 32 34 35 43 45 
22 23 35 43 44 46 
22 33 34 44 45 46 48 
23 34 46 
23 24 49 51 
23 24 37 50 51 
23 24 27 29 30 
25 28 30 31 52 54 1 
22 26 
32 22 
34 44 
34 45 
22 33 34 36 44 46 47 48 
22 23 34 35 36 47 
22 23 35 45 48 
22 23 35 36 45 47 
23 24 37 50 
24 38 49 
37 38 49 50 
40 30 
28 30 40 54 
25 28 30 31 40 53 

