66 377
2 3 4 5 6 7 9 10 11 12 13 14 15 16 17 19 20 21 22 23 24 25 26 27 28 29 30 31 32 33 34 35 36 58 
6 8 10 11 13 14 15 16 
1 4 5 8 10 11 12 13 14 
1 3 11 4 14 15 16 
1 6 7 12 
1 5 7 11 12 13 
1 3 6 10 
1 2 3 6 7 11 13 14 
1 9 
1 2 3 8 11 13 
1 2 3 6 8 14 
3 6 
1 2 6 7 8 10 11 
1 4 8 11 15 
1 4 
4 15 
18 19 21 24 25 28 33 
9 19 20 21 22 24 25 26 27 28 31 
17 18 20 21 22 23 24 25 29 
17 18 19 21 22 24 28 29 
17 19 20 23 24 25 28 29 
18 19 20 21 23 25 26 31 
17 18 20 22 24 25 26 27 31 
18 19 20 21 22 23 28 
17 20 23 24 29 
18 23 27 30 
22 23 26 
17 18 19 20 25 29 
18 24 28 
18 23 26 
23 27 
33 34 37 42 38 49 58 32 41 
17 32 34 35 39 40 43 44 45 46 47 50 51 52 53 54 55 56 
32 36 39 43 50 51 52 
33 34 36 39 40 53 54 55 
33 34 35 40 44 45 46 47 57 
32 41 42 
32 38 49 
33 34 43 52 54 
35 44 45 46 47 48 57 
37 42 41 
32 37 41 42 
34 35 39 51 
33 34 45 
33 35 36 40 44 46 47 57 
40 47 56 57 
33 36 40 46 48 57 
36 40 46 56 
32 38 
33 34 
34 51 
33 51 
33 34 35 39 54 
33 35 
33 35 54 
36 40 45 47 57 
36 45 48 
32 59 62 64 65 66 
58 61 63 64 65 
59 61 65 66 
60 63 65 
58 59 60 61 63 66 
58 60 66 
58 59 60 61 63 
58 60 64 
58 60 62 63 64 65 

