38 201
2 3 33 34 35 14 15 16 17 18 26 27 
1 3 19 35 17 18 26 27 21 
1 2 19 35 36 18 26 27 21 22 
29 5 6 7 
29 4 6 7 8 
29 4 5 7 8 
29 30 4 5 6 8 
29 30 5 6 7 
30 31 
28 31 11 12 
28 31 32 12 
32 11 
28 33 34 
1 33 34 15 16 
1 33 34 14 16 17 
1 14 15 17 
1 2 15 16 
1 3 17 26 
2 3 20 35 36 37 38 22 23 24 25 
37 38 24 25 20 
2 3 35 27 
3 19 35 36 23 
19 36 22 24 
19 20 36 37 23 25 
19 20 37 38 24 
1 2 3 18 
1 2 3 21 
31 32 33 10 11 12 13 
30 4 5 6 7 8 
29 7 8 9 
28 32 9 10 11 
28 31 10 11 12 
28 34 13 14 15 
1 33 14 15 
1 2 3 19 36 21 22 
3 19 35 22 23 24 
19 20 38 24 25 
19 20 37 24 25 

