32 204
32 4 11 13 10 31 12 1 
32 3 6 15 16 17 5 7 8 
32 2 17 18 19 29 9 30 28 
32 1 20 21 22 23 27 
2 6 15 16 7 8 
2 3 16 17 18 5 7 8 
2 15 16 5 8 
2 6 15 16 5 7 
3 19 30 
1 11 14 31 
32 1 14 10 31 12 
11 14 10 31 
32 1 
1 10 31 12 
2 6 16 5 7 8 
2 6 15 17 5 7 8 
32 2 3 6 16 18 
32 3 6 17 19 29 
32 3 18 29 9 30 28 
32 4 21 22 28 24 25 26 27 
32 4 20 22 23 25 26 27 
32 4 20 21 23 26 27 
32 4 21 22 
32 20 28 25 
32 20 21 24 26 
32 20 21 22 25 27 
32 4 20 21 22 26 
32 3 19 20 30 
32 3 19 9 30 
32 3 19 29 9 28 
1 11 14 10 12 
1 2 3 4 6 17 18 19 20 21 22 23 11 29 30 28 24 25 26 27 13 

