54 377
3 53 54 15 36 37 38 39 40 33 34 35 6 
53 36 37 
1 54 15 30 40 41 6 7 8 9 10 11 12 13 
5 17 18 31 32 48 49 20 27 28 29 
4 18 50 51 52 24 25 
3 40 7 
3 40 8 
3 15 40 9 
15 40 8 10 
3 15 30 41 9 11 12 13 
3 15 30 41 10 12 13 
3 15 30 41 10 11 13 
3 15 30 41 10 11 12 
16 17 30 42 43 19 21 
1 3 16 30 40 41 42 8 9 10 11 12 13 
15 17 30 31 42 43 44 45 46 47 14 19 23 26 22 
4 16 30 31 42 43 44 45 46 47 48 14 19 21 23 26 22 
4 31 32 27 28 29 24 
16 17 42 43 14 21 23 
4 31 32 49 
16 17 43 44 14 19 23 26 
16 17 31 43 44 45 46 47 48 
17 43 44 45 19 21 26 
5 18 50 
5 52 
16 17 43 44 45 21 23 
4 18 32 28 
4 18 32 29 
4 18 
3 15 16 17 41 42 10 11 12 13 14 
4 17 18 32 46 47 48 49 22 20 
18 31 20 27 28 
1 53 36 37 38 34 
1 53 36 37 38 33 
1 54 39 
1 53 37 38 2 33 
1 53 36 38 2 33 34 
1 53 54 36 37 33 34 
1 53 54 38 35 
1 3 15 6 7 8 9 
3 15 30 10 11 12 13 
15 16 17 30 43 14 19 21 
16 17 42 44 45 46 14 19 21 23 26 22 
16 17 43 45 46 21 23 26 22 
16 17 43 44 46 47 23 26 22 
16 17 31 43 44 45 47 48 22 
16 17 31 45 46 48 49 22 
4 17 31 46 47 49 22 
4 31 48 20 
5 51 52 24 25 
5 50 52 25 
5 50 51 25 
1 54 36 37 38 39 33 34 
1 39 35 

