46 259
4 26 27 28 
7 29 30 31 32 
5 7 33 34 
6 10 11 12 13 43 44 45 46 1 18 19 20 21 22 24 25 26 
7 8 14 15 3 35 36 37 38 
4 9 10 11 42 43 17 
5 8 2 3 29 30 32 33 34 
5 7 14 15 35 36 
6 39 40 41 16 
4 11 42 17 18 
4 6 12 43 18 19 
4 11 13 43 44 45 18 19 20 21 
4 12 44 45 46 20 21 22 23 24 25 
5 8 15 35 
5 8 14 35 36 37 38 
9 39 40 
6 10 42 
4 10 11 12 43 19 
4 11 12 43 18 
4 12 13 44 21 
4 12 13 44 45 20 
4 13 45 46 23 24 25 
4 13 45 46 22 24 
4 13 45 46 22 23 25 
4 13 45 46 22 23 24 26 
4 1 25 
1 29 30 
1 27 29 30 
7 2 27 28 30 31 32 
7 2 27 28 29 31 32 
7 2 29 32 
7 2 30 31 
7 3 34 
7 3 
5 8 14 15 
5 15 37 38 
5 15 36 38 
15 36 37 
9 40 16 39 
9 39 41 16 
9 40 41 
6 10 17 
4 6 10 11 12 18 19 
4 12 13 20 21 
4 12 13 46 21 22 23 24 25 
4 13 45 22 23 24 

