31 205
8 9 10 29 31 
22 11 3 4 
12 22 11 2 4 
12 22 11 2 3 
13 16 23 24 
13 14 15 16 17 18 25 26 
13 14 15 16 17 18 25 26 
9 10 29 30 31 1 
12 20 8 10 31 1 
12 20 8 9 1 
21 12 22 2 4 
21 20 22 9 10 11 2 3 4 12 
14 15 16 17 18 19 5 6 7 23 24 26 27 
13 15 16 17 18 19 6 7 26 27 
13 14 16 17 18 19 6 25 27 
13 14 15 17 18 19 5 6 7 23 24 25 26 
13 14 15 16 18 19 6 7 25 26 27 
13 14 15 16 17 19 6 7 26 27 
13 14 15 16 17 18 27 28 
12 8 9 10 29 30 31 1 
11 4 
21 12 2 3 4 
13 16 5 
13 16 
13 14 15 16 17 6 7 26 
13 14 15 16 17 18 6 7 25 
13 14 15 17 18 19 28 
19 27 29 
8 28 30 1 
20 8 29 31 
20 9 29 30 1 

