42 286
2 3 27 28 34 35 36 37 38 39 16 17 18 20 21 22 
1 3 25 26 32 33 34 6 8 9 10 11 12 13 
1 2 26 34 35 36 13 14 15 16 17 
25 31 5 
25 31 
2 25 31 32 7 8 9 10 11 
25 31 32 6 8 9 10 11 
2 25 32 6 7 9 10 11 12 
2 25 32 6 7 8 10 11 12 
2 25 32 6 7 8 9 11 12 
2 26 32 33 6 7 8 9 10 12 
2 26 32 33 8 10 11 
2 3 34 35 14 15 
3 34 13 
3 34 35 13 14 
1 3 34 35 36 17 
3 34 35 36 16 
1 27 28 37 38 19 20 21 
1 27 28 37 38 20 21 
1 27 28 37 38 18 19 21 
1 28 37 38 18 19 20 
1 39 
39 40 24 
40 23 30 
2 31 32 4 5 6 7 8 9 10 
2 3 32 33 11 
1 28 36 37 38 18 19 20 21 
1 27 37 38 18 19 20 21 
40 42 30 
29 40 41 24 
25 4 5 6 7 
2 25 26 6 7 8 10 11 12 
2 26 32 11 12 
1 2 3 35 36 13 14 15 16 17 
1 3 34 36 13 14 15 17 
1 3 27 34 35 37 16 17 
1 27 28 36 38 18 19 20 21 
1 27 28 37 18 19 20 21 
1 22 23 
29 41 42 23 24 
29 40 42 30 
29 40 41 

