147 1031
2 3 5 9 10 11 12 28 29 30 31 32 52 53 54 55 56 57 58 59 60 61 99 100 101 102 103 104 105 106 107 108 109 110 
1 3 4 6 15 16 17 18 19 20 38 71 72 73 74 75 76 77 125 126 127 128 129 130 131 132 
1 2 5 12 13 33 34 35 65 66 67 68 69 117 118 119 120 121 122 
2 6 14 15 16 17 18 73 74 75 76 77 127 128 129 130 131 
1 3 11 12 32 61 62 63 64 112 113 114 
2 4 15 16 17 18 19 20 38 39 40 78 79 132 133 134 
22 44 83 84 85 
23 24 26 47 90 
1 27 28 48 49 50 51 52 92 93 94 95 
1 28 53 54 99 100 
1 5 12 32 61 62 111 112 113 
1 3 5 11 13 32 33 62 63 64 65 113 114 115 116 
3 12 33 65 66 67 68 116 117 118 119 120 
2 4 36 37 70 71 72 124 125 126 
2 4 6 16 17 18 19 38 76 77 78 131 132 133 
2 4 6 15 17 18 19 38 39 40 78 132 133 134 
4 6 15 16 18 19 38 39 40 78 132 133 134 
2 4 6 15 16 17 19 20 38 39 40 78 79 133 
2 6 15 16 17 18 20 38 39 40 78 133 134 
2 6 18 19 38 39 40 41 79 80 135 
146 41 42 43 81 82 142 143 144 145 
44 45 83 84 
8 24 25 45 46 47 86 87 88 89 
8 23 25 45 46 47 86 87 88 89 
8 23 24 46 47 87 88 89 
8 27 48 90 91 
9 26 48 49 50 51 90 91 92 
1 9 10 52 53 95 96 97 98 
1 30 31 55 56 57 58 59 105 
1 29 31 55 57 58 59 105 106 
1 29 30 57 58 59 105 106 
1 5 11 12 62 63 64 112 113 114 
3 12 65 66 116 117 118 119 
35 69 122 
3 34 70 123 
2 14 37 70 71 72 124 125 126 
2 14 36 71 72 125 126 
2 6 15 16 17 18 19 20 39 40 78 79 134 
6 16 17 18 19 20 38 40 78 79 134 
6 16 17 18 19 38 39 78 79 
20 21 80 81 136 137 138 139 140 141 
146 21 43 82 142 143 144 145 
146 147 21 42 82 143 144 145 
7 22 83 84 
7 22 23 24 46 83 84 85 86 
23 24 25 45 47 86 87 88 89 
23 24 25 46 87 88 
9 26 27 49 50 51 92 93 
9 27 48 50 51 92 93 
9 27 48 49 51 92 93 94 
9 27 48 49 92 93 94 
1 28 53 96 97 98 
1 10 28 52 54 99 100 
1 10 53 99 100 
1 29 30 56 57 58 102 103 104 
1 29 55 57 58 104 105 
1 29 31 55 56 58 59 104 105 
29 30 31 55 56 57 59 105 
1 29 30 31 57 58 105 
1 106 107 108 109 110 
5 11 111 
5 11 12 32 112 
5 12 32 113 114 115 
12 113 114 115 
3 12 13 33 66 116 117 118 119 
3 13 33 65 116 117 118 119 
3 13 33 68 119 120 
3 13 69 120 121 
3 34 68 121 122 
14 35 36 123 
2 14 36 37 72 125 126 
2 14 36 37 71 125 126 
2 4 128 
2 4 75 129 
2 4 74 76 130 
2 4 15 75 77 130 131 
2 4 15 130 131 
6 15 16 17 18 19 38 39 40 79 133 134 
6 18 19 20 38 39 40 78 
20 41 136 137 138 
21 41 138 139 140 141 142 
146 147 21 42 43 143 144 145 
7 22 44 45 84 85 
22 44 45 83 85 
7 22 45 83 84 86 
24 45 46 85 
23 24 25 46 47 88 89 
23 24 25 46 87 89 
23 24 25 47 87 88 
8 26 27 
26 27 90 
9 27 48 49 50 51 93 94 
9 48 49 50 51 92 94 
9 50 51 92 93 
9 28 
28 52 97 98 
28 52 96 98 
28 52 96 97 
1 10 53 54 100 
1 10 53 54 99 
1 102 103 
1 55 101 103 104 
1 55 101 102 
1 56 57 102 
1 29 30 31 55 56 57 58 59 
1 30 31 60 
1 60 106 108 109 
1 60 107 109 
1 60 107 108 
1 60 61 111 
11 61 110 
5 32 
5 11 12 32 63 64 114 
5 12 32 64 113 
12 32 63 64 
12 13 33 65 66 117 
3 13 33 65 66 116 118 
3 13 33 65 66 117 119 
3 13 33 65 66 67 118 120 
3 13 67 68 119 
3 68 69 
34 69 
35 70 
14 36 71 
2 14 36 37 71 72 126 
2 14 36 37 71 72 125 
2 4 73 128 
2 4 73 127 129 
2 4 74 128 
2 4 75 76 77 
2 4 15 76 77 
2 6 16 17 
6 15 16 17 18 19 78 
6 16 17 18 19 38 39 40 78 
20 135 
41 80 137 
41 136 
41 80 81 139 140 
41 81 138 
41 81 138 139 141 
41 81 138 139 140 
21 42 81 
21 42 43 82 144 145 
21 42 43 82 143 145 
21 42 82 143 144 
147 82 144 145 
146 147 

