41 251
2 3 4 5 7 8 31 32 33 34 35 36 37 16 17 18 19 20 21 
1 3 6 7 8 35 36 37 38 20 21 22 23 24 
1 9 38 39 24 25 
1 5 6 31 32 33 15 16 17 
1 4 30 10 11 12 13 14 15 
1 2 4 7 32 33 34 18 
1 2 6 8 34 35 36 18 19 20 
1 2 7 35 36 19 20 
3 39 40 41 26 27 28 
5 30 11 12 13 
5 30 10 12 
5 30 10 11 13 
5 30 10 11 12 
5 30 15 
4 5 31 14 16 
1 4 31 15 17 
1 4 31 32 16 
1 6 7 33 34 19 
1 6 7 8 34 35 18 
1 2 7 8 35 37 21 
1 2 37 20 
2 37 38 23 
2 37 38 22 24 
2 3 38 23 25 
3 38 24 
9 39 41 
9 40 41 28 29 
9 40 27 29 
27 28 
5 10 11 12 13 14 
1 4 32 15 17 
1 6 31 33 17 
1 4 32 34 18 
1 6 7 33 18 19 
1 2 7 8 36 19 20 
1 2 7 8 35 20 
1 2 38 20 21 22 23 
2 3 37 22 23 24 25 
3 9 40 26 
9 39 41 26 27 28 
9 40 26 27 28 29 

