31 211
2 3 13 14 16 17 26 27 28 29 30 31 7 8 9 10 12 15 4 5 24 25 18 
1 3 13 14 16 17 27 28 29 30 31 10 11 12 15 4 5 24 25 18 
1 2 13 14 6 7 8 9 10 
1 2 27 28 11 12 15 
1 29 30 24 25 
3 13 26 
1 3 13 8 
1 3 13 7 
1 3 13 
1 2 3 14 27 
1 2 14 27 12 15 4 
1 2 27 11 4 
1 2 3 26 6 7 8 9 
1 2 3 27 10 11 
1 2 27 28 11 12 4 
17 28 29 30 31 24 25 18 19 
1 2 16 31 18 19 20 21 22 
1 2 16 17 31 19 
16 17 31 18 
17 21 
17 20 22 23 
17 20 21 23 
22 23 
1 2 16 29 30 5 25 
1 2 16 28 29 30 5 24 
1 13 26 
1 2 14 10 11 12 15 4 
1 2 29 30 15 4 5 24 25 
1 2 16 28 30 5 24 25 
1 2 16 29 5 24 25 
1 2 16 17 18 

