130 1088
12 28 46 47 83 84 2 3 
12 28 46 84 1 3 
12 1 2 
48 5 
48 85 
13 29 49 50 
13 29 49 6 
13 30 52 87 9 
13 52 87 8 
13 31 54 55 
56 88 
13 14 15 19 20 26 27 28 29 40 41 42 43 44 45 46 47 48 49 77 78 79 80 81 82 83 84 85 116 117 118 119 120 121 122 123 124 125 126 127 128 129 130 1 2 3 
12 14 28 29 30 31 48 49 50 51 53 54 55 56 85 86 87 88 6 7 8 9 10 
12 13 19 20 26 27 40 41 42 43 44 45 76 77 78 79 116 117 118 119 120 
12 17 18 24 25 36 37 38 39 70 72 106 107 108 109 110 111 112 
17 18 21 22 23 24 34 35 63 64 65 66 67 96 97 98 99 100 101 
15 16 18 23 24 65 66 67 68 69 70 71 101 102 103 104 105 
15 16 17 23 24 35 66 67 68 69 70 71 101 102 103 104 105 
12 14 20 26 40 41 73 74 75 76 77 114 115 116 
12 14 19 26 27 41 42 43 44 78 116 117 118 119 120 
16 22 23 33 61 62 63 64 95 96 97 98 
16 21 23 34 61 62 63 64 65 95 96 97 98 
16 17 18 21 63 64 65 66 67 96 97 98 99 100 
15 16 17 18 35 67 68 69 70 71 101 102 103 104 105 
15 36 37 38 39 72 106 107 109 110 111 
12 14 19 20 27 41 42 77 78 116 117 118 119 
12 14 20 26 42 43 44 45 79 80 120 121 
12 13 46 47 81 82 83 84 125 126 127 128 129 130 1 2 
12 13 48 49 50 51 86 6 7 
13 31 51 52 53 86 87 8 9 
13 30 53 54 55 88 10 
33 58 59 60 90 91 
21 32 34 60 61 62 90 91 92 93 94 
16 21 22 33 61 62 63 95 
16 17 18 23 24 66 67 68 69 70 101 102 103 104 
15 25 37 38 106 107 108 109 
15 25 36 39 72 106 107 108 109 111 
15 25 36 37 39 72 107 108 109 110 111 
15 25 37 38 72 110 111 112 113 
12 14 19 73 74 75 76 115 
12 19 20 26 42 77 78 116 117 118 
12 14 20 26 27 41 43 78 116 117 118 119 120 
12 14 20 27 42 44 45 79 80 
12 14 20 27 43 45 79 80 121 122 
12 14 27 43 44 79 121 122 123 
12 28 47 81 82 83 84 126 127 128 129 130 1 2 
12 28 46 83 84 128 129 130 1 2 
12 13 29 49 85 4 5 
12 13 29 48 6 7 
13 29 49 51 52 86 87 6 
13 29 30 52 86 87 
13 30 50 51 86 87 8 9 
30 31 54 55 10 
13 31 53 55 88 10 
53 54 10 
13 57 88 89 11 
56 89 
32 59 60 
32 58 
32 33 58 90 91 92 93 
21 22 33 34 62 95 
21 22 33 34 61 95 
16 21 22 23 34 64 95 96 97 98 
16 22 23 63 96 97 98 
16 17 22 23 66 99 100 
16 17 18 23 35 65 67 99 100 101 
16 17 18 23 24 35 66 101 
17 18 24 35 69 70 102 103 104 
17 24 35 68 70 71 102 103 
15 17 18 24 35 68 69 71 104 105 
17 18 24 69 70 104 105 
15 25 37 38 39 110 112 113 
19 40 74 75 114 115 
19 40 73 75 76 114 
19 40 73 74 76 114 115 
14 19 40 74 115 
12 14 26 41 78 116 
14 20 26 41 42 116 117 118 119 
12 14 27 43 44 45 80 121 122 
12 27 43 44 45 79 121 122 
12 28 45 82 123 124 125 127 128 
12 28 46 81 123 124 125 126 127 129 
12 28 46 47 84 128 129 130 1 
12 28 46 47 83 130 1 2 
13 48 4 5 
13 29 30 50 51 52 
13 50 51 52 86 8 9 
13 31 54 55 56 11 
56 57 89 
32 33 60 91 92 
32 33 60 90 92 93 
33 60 90 91 93 94 
33 60 91 92 94 
33 92 93 
22 34 61 62 63 
16 21 23 63 64 97 98 
16 21 22 23 63 64 96 98 
16 22 23 63 64 96 97 
16 23 65 66 100 
16 23 65 66 99 
16 17 18 24 35 66 67 102 
17 18 24 35 68 69 101 103 104 
17 18 24 35 68 69 102 104 
17 18 24 35 68 69 70 71 102 103 
18 24 70 71 
15 25 37 107 108 
15 25 36 37 38 106 108 109 
15 25 36 37 38 106 107 109 
15 25 36 37 38 107 108 110 
15 25 37 38 39 72 109 111 
15 25 37 38 39 72 110 
15 39 72 113 
39 72 112 
19 40 73 75 115 
19 40 74 75 76 114 
12 14 19 20 26 41 42 77 78 117 
12 14 20 26 41 42 78 118 119 
12 14 20 26 42 78 117 119 120 
12 14 20 26 42 78 117 118 120 
12 14 27 118 119 
12 27 44 45 80 122 
12 44 45 79 80 121 
12 45 81 82 124 125 
12 82 125 126 
12 28 81 82 123 124 126 127 
12 28 46 81 82 124 125 127 128 129 
12 28 46 82 125 126 128 129 
12 28 46 47 81 82 83 126 127 129 130 
12 28 46 47 82 83 126 127 128 130 
12 28 47 83 84 128 129 

