86 571
2 8 11 12 18 19 20 21 41 42 43 44 45 46 47 75 76 77 
1 3 9 11 12 21 22 46 47 77 78 79 
2 9 23 24 25 48 49 80 81 82 83 84 85 
5 13 14 15 16 26 27 28 51 52 53 54 55 56 57 58 59 
4 6 10 15 16 59 60 61 
5 7 10 30 31 32 33 60 61 
6 30 31 32 33 34 35 36 37 62 63 64 65 
1 17 39 40 41 42 70 71 72 73 74 
2 3 23 48 80 81 82 
5 30 60 61 10 
1 2 12 18 19 20 21 22 45 46 47 77 
1 2 11 21 22 46 47 77 
4 14 27 28 51 52 53 
4 13 26 27 28 51 52 53 54 55 
4 5 16 29 59 
4 5 15 59 
8 38 39 67 68 69 
1 11 19 20 43 44 45 75 76 
1 11 18 20 21 43 44 45 75 76 
1 11 18 19 21 43 44 45 75 76 
1 2 11 12 19 20 45 46 77 
2 11 12 78 79 
3 9 48 80 81 82 83 
3 25 49 50 86 
24 50 86 
4 13 14 51 26 
4 13 14 28 51 52 53 54 55 56 57 
4 13 14 27 51 52 53 54 55 56 57 58 
4 15 57 58 
6 7 10 31 32 33 34 
6 7 30 32 33 34 
7 30 31 33 34 
6 31 32 34 
7 30 31 32 33 62 
7 36 37 38 64 65 66 
7 35 37 38 66 67 
7 35 36 38 66 67 68 
17 35 36 37 66 67 68 69 
8 17 70 
8 70 71 72 73 74 
1 8 42 
1 8 41 
1 18 19 20 44 45 75 76 
1 18 19 20 43 45 75 76 
1 11 18 19 20 21 43 44 76 
1 2 11 12 21 77 
1 2 11 12 77 
3 9 23 80 81 
3 84 85 
24 25 50 86 
4 13 14 26 27 28 52 53 
4 13 14 27 28 51 53 54 55 56 
4 13 14 27 28 51 52 54 55 56 57 
4 14 27 28 52 53 55 56 57 58 
4 14 27 28 52 53 54 56 57 58 
4 28 52 53 54 55 58 
27 28 29 53 55 56 58 
28 29 54 55 57 
4 5 15 16 
5 6 10 61 
5 6 10 60 
7 34 63 64 
7 62 64 65 
7 35 62 63 65 
7 35 63 64 
35 36 37 38 67 68 
17 36 37 38 66 68 69 
17 37 38 66 67 69 
17 38 67 69 
8 39 40 71 72 
8 40 70 73 74 
8 40 70 71 73 74 
8 40 71 72 74 
8 40 71 72 73 
1 18 19 20 43 44 76 
1 18 19 20 43 44 45 75 
1 2 11 12 21 46 47 
2 22 79 
2 22 
9 23 48 81 
3 9 23 48 80 
3 9 83 
3 9 23 82 
3 49 85 
3 49 84 
25 50 

