27 200
2 10 11 12 13 23 24 25 26 27 3 4 5 6 7 8 9 14 
1 10 11 12 13 23 24 25 26 27 3 4 5 6 7 8 9 
1 2 10 11 12 23 4 5 
1 2 11 12 23 3 5 6 
1 2 11 12 23 3 4 6 
1 2 12 23 4 5 
1 2 12 13 24 26 27 8 
1 2 13 24 25 26 27 7 
1 2 13 24 25 26 
1 11 12 23 3 10 
1 2 10 12 23 3 4 5 
1 2 10 11 13 23 24 25 27 3 4 5 6 7 
1 2 12 24 25 26 27 7 8 
1 15 16 18 
14 18 
14 15 18 17 
16 18 21 20 
14 15 17 19 
18 17 21 20 
17 19 21 22 
17 20 22 
21 20 
1 2 10 11 12 3 4 5 6 
1 2 12 13 25 26 7 9 
1 2 12 13 24 26 27 7 8 9 
1 2 13 24 25 27 7 8 9 
1 2 12 13 24 25 26 7 8 

