39 251
21 22 2 12 
21 22 1 12 
16 21 22 12 13 
16 23 3 14 15 
16 17 23 24 30 31 32 
17 18 33 34 
18 19 25 26 27 8 9 35 
19 26 27 28 7 36 
19 26 27 28 7 8 36 
19 20 27 28 29 11 37 38 39 
20 29 10 38 39 
21 22 1 2 3 13 
16 22 12 
16 23 4 
16 23 4 14 
17 18 21 22 23 24 3 4 5 13 14 15 30 31 32 
16 18 23 24 25 5 6 31 32 33 34 35 
16 17 19 25 26 6 7 33 34 35 
18 20 26 27 28 7 8 9 10 36 37 
19 27 28 29 10 11 37 38 39 
16 22 1 3 12 
16 21 1 2 3 12 13 
16 17 24 4 5 14 15 30 
16 17 23 5 30 31 32 
17 18 6 7 33 34 35 
18 19 25 27 28 7 8 9 36 
19 20 26 28 7 8 9 10 36 37 
19 20 26 27 9 10 36 37 
20 10 38 39 29 
16 23 24 5 
16 17 24 
16 24 5 31 
17 18 25 6 34 
17 18 25 6 33 
17 18 25 7 
19 26 27 28 8 9 37 
19 20 27 28 10 36 
20 29 10 11 39 
20 29 10 11 38 

