82 553
34 40 41 
34 41 42 43 60 3 
34 41 42 2 
34 35 42 43 60 61 5 
34 35 61 4 
35 63 64 
9 10 11 12 14 15 16 22 23 24 26 27 
13 17 63 64 6 
7 10 11 12 14 15 20 21 22 23 24 25 26 
7 9 11 12 16 26 27 28 
7 9 10 12 15 16 22 23 24 25 26 
7 9 10 11 16 24 25 26 
8 18 
7 9 15 19 20 21 22 
7 9 11 14 22 23 24 25 
7 10 11 12 26 27 28 
8 6 
13 19 
14 18 20 21 
9 14 19 21 
9 14 19 20 
7 9 11 14 15 23 24 
7 9 11 15 22 24 25 
7 9 11 15 22 23 25 
7 9 11 12 15 23 24 
7 9 10 11 12 16 
7 10 16 28 
10 16 27 
30 31 36 37 38 39 44 45 46 47 48 49 50 51 52 66 67 68 69 70 71 72 73 74 
31 32 33 37 53 55 56 57 58 77 78 
29 30 32 33 34 40 57 58 59 78 79 80 81 82 
30 31 33 34 40 59 79 80 81 82 
30 31 32 34 40 59 79 80 81 82 
31 32 33 35 40 41 42 43 60 61 1 2 3 4 5 
8 17 34 41 42 43 60 61 62 63 64 4 5 6 
29 39 45 46 47 48 49 50 66 67 68 69 70 71 
29 30 52 53 54 55 75 76 
29 65 38 
29 36 45 46 47 48 49 66 67 68 69 70 71 
31 32 34 41 42 43 60 1 
34 35 40 42 43 1 2 3 
34 35 40 41 60 2 3 4 
34 40 41 42 60 2 3 4 
29 45 65 
29 36 39 44 46 47 66 
36 39 45 47 48 49 66 67 
29 36 39 45 46 48 49 66 67 68 
29 36 39 46 47 49 66 67 68 
29 36 46 47 48 67 68 69 70 
29 36 51 69 70 72 73 
29 50 73 74 
29 37 53 54 75 76 
30 37 52 54 55 75 76 
37 52 53 55 75 76 
30 37 53 54 56 
55 77 
30 31 58 77 
30 31 57 
31 32 33 78 79 80 
34 35 40 41 42 43 2 3 4 
34 43 62 4 5 
35 61 4 5 
17 35 64 6 
17 35 63 6 
38 44 
29 36 39 45 46 47 48 67 68 
29 36 39 46 47 48 49 66 68 
29 36 39 46 47 48 49 66 67 
29 36 39 49 50 70 71 72 
36 39 49 50 69 71 72 
29 36 39 50 69 70 72 
29 50 69 70 71 
29 50 51 74 
29 51 73 
37 52 53 54 76 
37 52 53 54 75 
30 56 57 
30 31 57 58 59 
31 32 33 59 80 
31 32 33 59 79 
31 32 33 82 
31 32 33 

