73 534
20 39 40 73 47 48 
20 42 3 49 
20 24 41 42 49 50 
20 24 42 43 5 52 53 17 
24 30 43 44 4 51 7 
20 41 2 49 
24 30 43 44 45 5 51 16 
30 45 46 9 10 11 16 15 
30 45 8 11 12 15 13 14 
30 45 46 8 9 11 12 15 13 14 
30 45 46 8 9 10 12 13 14 
46 9 10 11 13 14 
46 9 10 11 12 14 
46 9 10 11 12 13 
30 45 46 8 9 10 
30 44 45 7 8 
24 43 4 5 51 
20 23 27 29 36 37 38 66 67 68 26 32 71 72 57 58 59 60 61 62 63 69 19 21 22 25 31 70 
18 23 67 68 62 63 69 
18 24 39 40 41 42 73 1 2 3 4 35 47 48 6 49 50 
18 23 67 68 26 22 25 
18 23 67 26 21 25 
18 36 37 66 67 68 26 57 59 60 61 63 69 19 21 22 25 31 
20 30 41 42 43 44 45 3 4 5 51 7 50 52 53 17 
18 23 26 21 22 
18 23 21 22 25 31 70 
18 28 29 64 54 55 
27 29 64 65 55 56 
27 28 36 64 65 55 56 
24 43 44 45 46 5 51 7 8 9 10 11 16 15 
18 23 26 70 
18 37 38 71 70 
38 39 72 34 
39 40 33 35 
20 39 40 73 34 47 48 
18 23 29 65 66 57 58 59 60 
18 23 38 32 71 72 70 
37 39 32 71 72 33 
20 38 40 73 1 33 34 35 47 48 
20 39 73 1 34 35 47 48 
20 24 42 3 
20 24 41 2 3 4 49 52 
24 30 44 45 4 5 51 7 17 
24 30 43 45 5 51 7 16 
24 30 43 44 46 7 8 9 10 11 16 15 
30 45 8 9 10 11 12 15 13 14 
20 39 40 73 1 35 48 
20 39 40 73 1 35 47 
41 42 3 6 
20 24 3 52 
24 30 43 44 5 7 17 
24 42 4 50 53 
24 4 52 
27 54 
27 29 64 65 56 
28 29 64 55 
18 23 36 66 58 59 60 
18 36 66 59 60 
18 23 36 66 57 58 60 61 
18 23 36 66 57 58 59 61 
18 23 66 67 59 60 62 63 
18 23 66 67 68 61 63 69 19 
18 23 67 68 61 62 69 19 
27 28 29 65 55 56 
28 29 36 64 56 
18 23 36 67 57 58 59 60 61 62 
18 23 66 68 61 62 63 69 19 22 
18 23 67 62 63 21 
18 23 68 62 19 
18 37 26 32 31 
18 37 38 32 72 
18 37 38 71 
39 40 1 35 47 48 

