118 712
2 9 10 18 19 21 38 39 40 41 80 81 82 83 84 85 1 
7 8 9 17 33 34 35 60 61 63 64 65 66 67 68 69 70 
4 5 13 23 24 25 26 46 47 48 95 96 97 98 99 101 102 103 
3 5 13 14 26 27 48 49 50 102 103 104 105 
3 4 6 14 15 16 27 28 29 49 50 51 105 106 
5 11 14 15 16 29 30 31 53 54 55 56 57 109 110 111 113 114 
2 8 9 17 35 36 68 69 70 71 
2 7 9 35 36 69 70 71 72 
1 2 7 8 35 36 37 72 73 74 75 
1 86 10 
6 31 32 57 58 114 115 116 117 
42 43 44 89 91 
3 4 46 47 95 98 99 100 101 
4 5 6 15 16 28 29 51 52 106 107 
5 6 14 16 28 29 51 52 106 107 108 
5 6 14 15 28 29 30 51 52 53 54 107 108 109 
2 7 33 34 64 65 66 67 
1 19 38 39 76 77 78 79 80 
1 18 38 39 78 79 
21 39 40 81 
1 20 40 
10 42 86 87 88 
3 24 25 44 45 94 
23 25 45 92 93 94 
3 23 24 45 92 93 94 
3 4 48 49 102 103 104 
4 5 49 50 105 
5 14 15 16 51 106 
5 6 14 15 16 30 51 52 53 54 107 108 109 110 
6 16 29 53 54 55 109 110 111 112 
6 11 56 57 113 114 115 
11 58 59 
2 17 34 60 61 62 63 
2 17 33 60 61 62 63 
2 7 8 9 36 69 70 71 
7 8 9 71 72 
9 72 73 74 75 
1 18 19 39 78 79 80 
1 18 19 20 38 78 79 80 81 
1 20 21 
1 82 83 84 
12 87 88 
89 90 
12 23 45 90 91 
23 24 25 44 92 93 
3 13 47 95 96 97 98 
3 13 46 96 97 98 
3 4 26 104 
4 5 26 27 48 50 104 
4 5 27 49 105 
5 14 15 16 28 29 52 107 108 
14 16 29 51 53 107 
6 16 29 30 52 54 107 108 109 110 
6 16 29 30 53 55 109 110 
6 30 54 56 111 112 
6 31 55 111 112 113 
6 11 31 114 115 
11 32 59 
32 58 118 
2 33 34 61 62 63 
2 33 34 60 62 63 
33 34 60 61 63 
2 33 34 60 61 62 
2 17 
2 17 66 68 
2 17 65 67 68 
2 17 65 66 68 
2 7 65 66 
2 7 8 35 70 
2 7 8 35 69 
7 8 35 36 
8 9 36 73 74 75 
9 37 72 74 75 
9 37 72 73 75 
9 72 73 74 
18 77 
18 76 
18 19 38 39 79 80 
18 19 38 39 78 80 
1 18 19 38 39 78 79 81 
1 20 39 80 
1 41 83 
1 41 82 84 
41 82 83 
1 85 
10 22 
22 42 88 
22 42 87 
12 43 
12 43 44 91 
12 44 90 
23 24 25 45 93 
23 24 25 45 92 94 
23 24 25 93 
3 13 46 96 
3 13 46 47 95 98 
3 13 46 47 96 98 
3 13 46 47 96 97 
3 13 100 101 
3 13 99 101 
3 13 99 100 
3 4 26 103 
3 4 26 102 
4 26 48 49 
5 27 50 
5 14 15 28 
14 15 16 29 51 52 53 108 
15 16 29 51 52 53 107 
6 16 29 30 53 54 110 
6 29 30 53 54 109 
6 30 55 56 112 
6 30 111 
6 31 56 
6 11 31 57 115 
11 31 57 114 116 117 
11 115 117 
11 115 116 117 
59 118 

