59 367
23 58 59 28 17 
24 33 3 30 31 32 14 42 
24 33 2 30 31 32 14 42 
24 43 
19 34 35 6 7 37 
19 34 35 5 7 37 
19 6 8 37 
19 20 34 35 7 9 10 
19 35 8 10 
19 20 35 8 9 
36 45 41 
18 38 41 46 47 48 
18 26 38 39 15 51 50 52 53 
33 2 3 32 42 
18 26 27 39 21 13 50 52 53 54 55 
23 28 17 
1 16 
26 27 38 39 21 22 12 13 15 41 46 47 48 49 51 50 52 53 54 55 
20 24 25 34 35 5 6 7 8 9 10 37 
19 25 34 35 7 8 10 40 
18 26 27 39 13 15 50 52 53 54 55 
18 26 27 23 56 57 58 59 
58 59 1 28 17 16 
19 33 2 3 4 42 43 
19 20 36 40 25 
18 27 38 39 21 22 13 15 50 52 53 55 
18 26 39 21 22 15 53 54 55 
23 1 17 16 
29 30 
2 3 29 31 
33 2 30 
33 3 14 42 
24 2 3 30 31 32 14 42 43 
19 20 24 35 5 6 7 8 37 
19 20 34 5 6 7 8 9 10 37 
25 44 11 45 36 
19 34 35 5 6 7 
18 26 39 12 13 46 47 48 49 51 50 
18 26 27 38 21 13 15 51 50 52 53 54 
20 25 
18 11 12 46 
24 33 2 3 14 
24 33 4 
36 11 45 
36 44 11 
18 38 41 47 48 
18 38 12 46 48 49 
18 12 46 47 49 
18 38 47 48 51 
18 26 38 39 13 15 51 52 53 
18 38 39 13 50 
18 39 21 13 15 50 53 
18 26 27 39 21 13 15 50 52 
18 26 27 39 21 15 53 55 
18 26 27 21 15 54 
22 57 
22 56 58 
23 57 59 1 
22 23 

