124 795
9 10 15 16 29 30 31 32 85 86 
3 7 8 12 13 21 22 23 24 39 40 41 65 66 101 102 103 104 105 106 107 108 
2 7 8 12 13 22 23 24 25 26 27 41 42 66 67 68 69 70 109 110 111 112 113 114 115 116 
5 28 43 44 75 77 4 
9 14 28 44 45 46 76 77 78 79 
11 17 18 33 34 35 36 37 57 58 59 60 61 
2 3 12 13 22 23 39 40 41 65 103 104 105 106 107 108 
2 3 12 13 24 25 26 27 42 69 70 112 113 114 115 116 117 118 119 
1 5 10 47 48 49 80 81 82 
1 9 47 48 49 50 80 81 82 
6 17 18 33 34 35 55 56 57 58 91 
2 3 7 8 13 22 23 24 40 41 65 66 107 108 109 110 
2 3 8 12 22 23 24 41 65 66 67 68 109 110 111 
4 5 43 72 73 74 75 
1 31 85 86 
1 32 52 53 87 88 89 90 16 
6 11 18 33 34 54 55 56 57 91 
6 11 17 33 34 55 56 57 91 
20 21 38 63 64 92 93 94 95 96 97 
19 21 38 63 64 94 95 96 97 
2 19 20 38 39 98 99 100 21 
2 3 7 12 13 23 40 65 105 106 107 108 
2 3 7 12 13 22 24 41 65 66 107 108 109 110 111 
2 3 8 12 13 23 41 42 66 67 68 112 113 
3 8 26 27 42 69 70 116 117 118 119 
3 8 25 27 69 70 116 117 118 119 
3 25 26 118 119 120 
4 5 44 45 46 78 79 
1 50 51 83 84 
1 15 85 86 
1 15 30 32 85 86 
1 16 31 
6 11 18 34 56 57 91 
6 11 17 18 33 56 57 91 
6 11 36 58 59 60 
6 35 58 59 60 
6 62 
19 20 21 64 96 97 98 99 100 
2 7 21 101 102 
2 7 12 22 104 105 106 
2 3 7 12 13 23 24 66 68 109 110 111 
3 8 24 25 69 70 114 115 116 
4 14 73 74 75 
5 78 
5 46 78 79 
5 28 45 78 79 
9 80 
9 10 49 81 82 
9 10 48 50 81 82 
29 49 51 83 
29 50 83 84 
16 53 89 90 
16 52 90 
17 55 90 
11 17 18 33 54 
11 17 18 33 34 57 91 
6 11 17 18 33 34 56 91 
6 11 35 36 
6 35 36 60 61 
6 35 36 59 61 
6 59 60 
37 92 93 
19 20 64 92 93 94 
19 38 63 94 95 
2 7 12 13 22 107 108 
2 3 12 13 23 24 41 67 68 109 110 111 
3 13 24 41 68 112 
3 13 24 41 67 112 113 
3 8 25 26 42 70 116 117 
3 8 26 42 69 116 117 
27 120 121 122 123 
14 73 
14 72 74 
14 43 73 
4 14 
4 77 
4 5 76 
5 28 44 45 46 79 
5 28 45 78 
9 10 47 
9 10 48 49 82 
9 10 49 81 
29 50 51 84 
29 51 
1 15 30 31 86 
1 15 30 31 85 
16 88 89 
16 87 89 
16 52 87 88 
16 52 53 54 
11 17 18 33 34 56 57 
19 62 63 93 
19 63 92 
19 63 64 95 
19 20 38 64 94 96 
20 38 95 97 
19 20 38 96 
21 38 99 100 
38 98 100 
21 38 98 99 
2 39 102 
2 39 103 
2 7 102 
2 7 40 103 
2 7 22 40 106 
2 7 22 40 105 
2 7 12 23 65 108 
2 7 12 13 22 23 65 107 
3 12 23 41 66 110 111 
3 12 13 23 41 66 109 111 
3 13 23 24 41 67 109 110 
3 8 24 67 68 113 
3 8 24 68 112 
3 8 42 115 
3 8 42 114 
3 8 25 26 42 69 70 117 
8 25 26 69 70 116 118 
8 25 26 27 117 119 
8 25 26 27 118 
27 71 
71 120 122 123 124 
71 121 123 
71 121 122 124 
121 122 123 

