40 253
5 6 12 40 
5 4 
5 4 
5 2 3 
6 12 13 40 1 2 3 4 27 28 29 30 
5 10 11 12 37 38 39 40 1 19 20 21 22 23 24 25 26 
8 7 
7 9 36 14 
10 36 37 14 15 16 17 18 
6 9 11 37 38 39 18 19 20 21 22 23 24 
6 10 38 39 19 20 21 22 23 24 
5 6 40 1 25 26 
5 30 31 32 33 34 35 
8 9 36 15 16 17 
9 36 14 16 17 18 
9 36 14 15 17 18 
9 36 14 15 16 18 
9 10 36 15 17 
6 10 11 37 38 20 21 
6 10 11 38 39 19 21 22 23 
6 10 11 37 38 39 19 20 22 23 24 
6 10 11 37 38 39 20 21 23 24 
6 10 11 20 21 22 24 
6 10 11 39 21 22 23 
6 12 40 26 
6 12 40 25 
5 28 29 
5 27 29 30 
5 27 28 30 
5 13 28 29 31 32 33 
13 30 32 33 
13 30 31 33 
13 30 31 32 
13 35 
13 34 
8 14 15 16 17 18 
6 9 10 11 38 39 19 20 21 22 
6 10 11 37 39 19 20 21 22 
6 10 11 37 38 20 21 22 23 24 
5 6 12 1 25 26 

