65 432
56 57 58 2 3 
57 58 1 3 4 
56 57 58 21 1 2 4 
57 58 21 22 2 3 
38 46 47 43 6 
38 46 47 59 43 5 12 
38 59 60 
39 48 9 10 
39 48 8 10 11 
39 48 8 9 11 
39 48 
46 47 59 6 
39 49 17 
18 28 50 51 52 23 24 25 26 27 37 38 39 49 54 55 17 15 16 
49 54 55 16 
23 49 54 55 15 
39 49 13 
14 19 28 29 53 32 30 31 34 33 35 36 
18 28 29 41 53 31 34 33 35 36 
44 45 42 61 62 63 64 
38 46 56 57 22 3 4 
38 46 58 21 4 
50 51 24 16 
14 50 51 23 25 26 
14 51 24 26 27 37 
14 24 25 27 37 
14 40 25 26 37 
14 18 19 29 40 52 32 30 
18 19 28 41 53 32 30 31 34 33 
18 29 32 31 34 
18 19 29 30 33 
18 28 29 30 
18 19 29 53 34 
18 19 29 30 31 33 
18 19 41 53 36 
18 19 41 53 35 
14 40 25 26 27 
14 39 44 45 46 47 48 56 57 58 59 60 21 22 43 6 4 5 12 7 
38 48 49 60 55 8 9 10 11 13 17 
14 28 52 26 27 37 
18 19 29 53 35 36 
44 45 20 61 62 63 64 
38 46 47 6 5 
38 45 56 57 20 42 61 62 63 64 65 
38 44 56 58 20 42 61 62 63 64 65 
38 47 59 21 22 43 5 12 
38 46 59 43 6 5 12 
38 39 60 8 9 10 11 
50 51 23 39 54 49 55 13 17 15 16 
14 51 23 24 15 16 
14 50 23 24 25 16 
14 28 40 
18 19 29 41 33 35 36 
40 50 51 23 24 25 39 49 55 15 16 
39 49 54 15 16 
38 44 45 57 58 21 65 1 2 3 
38 44 45 56 58 21 65 1 2 3 4 
38 45 56 57 21 22 1 2 3 4 
38 46 47 60 12 7 
38 39 48 59 7 
44 20 42 62 
44 45 20 42 61 63 
44 45 20 42 62 64 
44 45 20 42 63 
44 45 56 57 

