97 844
2 3 5 6 7 9 10 11 17 18 33 34 35 36 37 38 39 69 70 71 72 73 74 75 76 77 78 79 
1 5 6 7 11 12 18 19 35 36 37 38 39 40 41 74 75 76 77 78 79 80 
1 4 7 13 20 21 22 23 52 53 54 55 56 57 58 86 87 88 89 90 91 92 93 
3 13 22 23 57 58 59 88 89 90 91 92 93 
1 2 6 10 11 33 34 35 36 37 38 70 71 72 73 74 75 
1 2 5 7 11 18 38 39 40 41 74 75 76 78 79 80 
1 2 3 6 12 13 19 20 41 42 43 44 45 46 47 48 81 82 83 84 
9 14 15 16 24 25 26 27 28 29 61 62 63 
1 8 10 16 17 27 28 29 30 31 32 63 64 65 66 67 
1 9 17 30 31 32 33 65 66 67 68 
1 2 5 6 35 36 37 72 73 
2 7 13 19 20 43 44 45 46 47 48 49 83 84 85 
3 4 7 12 20 21 22 47 48 49 50 51 52 53 54 55 56 85 86 87 
8 15 24 25 26 61 62 
8 14 16 25 26 27 28 62 
8 9 27 28 29 30 63 64 
1 9 10 30 31 32 65 66 67 68 
1 2 6 39 40 41 77 78 79 80 
2 7 12 41 42 43 81 82 83 
3 7 12 13 21 22 46 47 48 49 50 51 52 53 54 85 86 
3 13 20 22 49 50 51 52 53 54 55 86 
3 4 13 20 21 50 51 52 53 54 55 56 86 87 
3 4 58 59 60 94 95 
14 25 61 62 
8 14 15 24 26 61 62 
8 14 15 25 27 62 
8 9 15 16 26 28 29 63 
8 9 15 16 27 29 30 63 64 
8 9 16 27 30 63 64 
9 10 16 17 28 29 31 63 64 
9 10 17 30 32 65 66 67 
9 10 17 31 65 66 67 68 
1 5 10 34 68 69 70 
1 5 35 69 70 71 72 
1 2 5 11 34 70 71 72 73 
1 2 5 11 37 
2 5 11 36 38 74 
1 2 5 6 37 74 75 
1 2 6 18 40 41 42 80 
2 6 18 39 41 
2 6 7 18 19 39 40 42 81 
7 19 39 41 43 81 
7 12 19 42 81 82 83 
7 12 45 46 83 84 
7 12 44 46 47 48 83 84 
7 12 20 44 45 47 48 49 84 85 
7 12 13 20 45 46 48 49 50 51 84 85 
7 12 13 20 45 46 47 49 50 51 84 85 
12 13 20 21 46 47 48 50 51 85 
13 20 21 22 47 48 49 51 52 53 85 86 
13 20 21 22 47 48 49 50 52 53 86 
3 13 20 21 22 50 51 53 54 55 86 
3 13 20 21 22 50 51 52 54 55 86 
3 13 20 21 22 52 53 55 56 86 87 
3 13 21 22 52 53 54 56 86 87 
3 13 22 54 55 87 
3 4 58 91 92 93 
3 4 23 92 93 
4 23 60 94 
23 59 94 95 96 97 
8 14 24 25 62 
8 14 15 24 25 26 61 
8 9 16 27 28 29 30 64 
9 16 28 29 30 63 
9 10 17 31 32 66 67 
9 10 17 31 32 65 67 
9 10 17 31 32 65 66 68 
10 17 32 33 67 
1 33 34 70 
1 5 33 34 35 69 71 72 73 
1 5 34 35 72 73 
1 5 11 34 35 71 73 
1 5 11 35 70 71 72 
1 2 5 6 37 38 75 
1 2 5 6 38 74 76 
1 2 6 75 
1 2 6 18 76 78 79 
1 2 6 18 77 79 80 
1 2 6 18 77 78 80 
2 6 18 39 78 79 
7 19 41 42 43 82 
7 19 42 81 
7 12 19 43 44 45 
7 12 44 45 46 47 48 85 
12 13 20 45 46 47 48 49 50 84 
3 13 20 21 22 50 51 52 53 54 55 
3 22 54 55 56 
3 4 
4 90 91 
3 4 89 91 
3 4 57 89 92 
3 4 57 58 91 93 
3 4 57 58 92 
23 59 60 95 96 97 
23 60 94 96 97 
60 94 95 97 
60 94 95 96 97 

