31 236
2 3 4 5 8 9 10 24 25 26 27 13 14 15 16 17 18 
1 3 4 5 8 9 10 11 28 15 16 17 18 19 
1 2 4 5 8 9 10 28 15 16 17 18 19 
1 2 3 5 9 10 28 15 16 17 18 19 
1 2 3 4 10 11 12 28 29 16 17 18 19 20 
7 23 24 
6 23 24 
2 3 9 24 25 26 27 13 14 
1 2 3 4 8 27 13 14 15 
1 2 3 4 5 28 16 17 18 19 
2 4 5 12 28 29 30 31 20 21 
5 11 28 29 30 31 20 21 22 
1 8 9 25 26 27 14 
1 8 9 27 13 
1 2 3 4 9 16 
1 2 3 4 5 10 15 17 18 
1 3 4 5 10 16 18 
1 2 3 4 5 10 16 17 
2 3 4 5 10 29 
5 11 12 29 30 21 
11 12 28 29 20 
11 12 30 31 
6 7 
1 6 7 8 25 26 
1 8 24 26 
1 8 24 25 27 13 
1 8 9 26 13 14 
2 3 4 5 10 11 12 29 19 20 21 
5 12 28 20 21 
11 12 31 20 21 22 
11 12 30 22 

