132 861
2 3 4 9 10 16 17 30 31 129 40 41 42 43 44 45 46 47 78 80 81 82 83 84 85 87 88 89 90 91 92 93 94 95 96 97 98 99 100 101 128 
1 6 7 8 9 15 16 38 39 40 69 70 71 72 73 74 75 76 77 78 128 
1 4 5 10 11 12 13 25 26 27 54 55 56 57 118 119 120 121 122 
1 3 5 10 12 24 52 53 111 112 113 114 115 116 
3 4 10 11 13 25 26 27 54 55 56 57 118 119 120 121 122 
2 7 9 14 32 33 34 59 60 61 62 63 
6 8 9 14 32 33 34 35 59 60 61 62 63 64 65 
2 6 7 9 14 15 32 33 34 35 36 37 59 60 61 62 63 64 65 66 
1 2 6 7 8 15 33 34 35 36 37 38 61 62 63 64 65 66 67 68 
1 3 4 11 12 24 53 114 115 116 117 
3 5 10 25 26 27 54 55 56 118 119 120 
3 4 10 24 53 114 115 117 
3 5 58 123 124 125 126 127 
6 8 32 33 59 60 
2 8 9 35 36 37 67 68 69 
1 2 78 80 81 82 
30 44 95 96 97 
130 19 20 
130 18 20 
130 131 18 19 20 
128 132 22 23 
128 132 23 
128 132 21 22 
4 10 12 53 114 115 116 
3 5 11 26 54 118 
3 5 11 25 27 54 55 56 118 119 120 
3 5 11 26 54 55 56 57 119 120 121 122 
129 29 50 104 105 106 107 108 
129 51 105 106 108 109 110 
1 17 31 45 96 97 99 100 
1 30 45 98 99 100 101 
6 7 8 14 33 59 60 
6 7 8 9 14 32 59 60 61 62 
6 7 8 9 35 62 64 65 66 
7 9 15 34 36 37 64 65 66 67 68 
8 9 15 35 37 64 65 66 67 68 
9 15 35 36 38 66 67 68 
2 9 15 37 69 
2 72 73 
1 2 74 75 76 77 
1 42 89 90 91 92 
1 41 43 44 92 93 
1 42 92 93 
1 17 42 94 95 
1 30 100 101 
1 45 47 48 
1 46 48 49 102 103 
46 47 49 50 102 103 
129 47 48 50 103 104 
129 28 48 49 104 
29 51 
4 111 112 
4 10 12 24 114 115 116 117 
3 5 11 25 26 27 55 118 119 
3 5 11 26 27 54 56 57 119 120 121 
3 5 11 27 54 55 57 120 121 122 
3 5 27 56 120 121 122 
13 125 127 
6 7 8 14 32 33 60 
6 7 8 14 32 33 59 
6 7 9 33 62 
6 7 8 9 33 34 61 63 
6 7 8 9 34 62 64 
8 9 35 36 63 65 66 
7 8 9 34 35 36 64 66 
8 9 34 35 36 37 64 65 68 
9 15 35 36 37 66 68 
9 15 35 36 37 66 67 
2 15 38 70 
2 69 71 
70 72 
2 39 71 
2 74 
2 73 75 
2 40 74 77 
2 40 75 77 
2 40 75 76 
1 2 16 79 
16 78 80 
1 16 79 81 
1 16 80 
1 83 84 85 
1 82 84 85 
1 83 85 
1 82 83 84 
1 87 88 
86 88 
1 86 87 
41 90 91 
1 41 89 91 
1 89 90 92 93 
1 41 42 43 91 93 
1 43 91 92 
1 44 
1 17 44 94 
1 17 30 
1 17 30 96 
1 30 31 99 
1 30 31 98 
1 30 31 45 101 
1 31 45 100 
47 48 103 
47 48 49 50 102 
129 49 50 
129 28 29 106 107 108 
129 28 29 105 107 108 
129 28 29 105 106 108 109 
28 29 105 106 107 109 110 
29 107 108 110 
29 109 
4 52 112 113 
4 52 111 113 
4 111 112 
4 10 12 24 53 
4 10 12 24 53 114 116 
4 10 12 24 115 117 
10 12 53 116 
3 5 11 25 26 54 
3 5 11 26 27 54 55 
3 5 11 26 27 55 56 57 121 122 
3 5 27 55 56 57 120 122 
3 5 27 56 57 120 
13 124 125 
13 123 125 
13 58 123 124 
13 58 127 
58 126 
6 7 8 9 14 32 33 59 60 61 131 132 21 22 23 128 
1 28 29 49 50 104 105 106 107 108 
131 18 19 20 
128 130 20 
128 21 22 23 

