239 1775
9 36 118 119 120 239 2 
3 4 9 36 118 119 120 239 1 
4 3 2 
3 2 
6 7 8 9 10 11 12 13 14 15 24 25 26 27 28 29 30 31 32 33 47 48 49 50 51 52 53 84 85 86 87 88 89 90 91 92 93 94 95 96 97 185 186 187 188 189 190 191 192 193 194 195 196 197 198 199 200 201 202 203 204 205 206 
5 7 8 19 20 21 22 37 38 39 40 41 42 43 65 66 67 68 69 70 71 125 126 127 128 129 130 131 132 133 134 135 136 137 138 139 140 141 
5 6 8 11 12 13 23 24 25 44 45 73 74 75 76 77 78 79 80 156 157 158 159 160 161 162 163 164 
5 6 7 11 12 13 14 24 25 26 27 28 29 30 46 47 48 81 82 83 84 85 86 87 165 166 169 170 171 172 173 174 175 176 177 178 179 180 182 183 184 185 186 187 188 
5 16 17 18 35 36 60 61 62 63 114 115 116 117 118 119 120 232 233 234 235 236 237 238 239 1 2 
5 15 16 17 34 55 56 57 58 59 106 107 108 109 110 111 112 220 222 223 224 225 226 227 228 229 
5 7 8 12 13 23 79 80 159 160 161 162 163 164 
5 7 11 13 79 159 160 161 162 163 164 
5 7 8 11 12 24 164 165 
5 8 31 32 33 49 93 94 199 200 201 202 203 
5 10 52 53 54 99 100 101 102 103 104 105 211 212 213 214 215 216 
9 10 17 18 34 59 60 113 114 230 
9 10 16 18 34 59 60 113 114 
9 16 17 60 61 114 230 231 
6 39 69 137 138 139 
6 19 40 70 71 141 
6 22 42 43 142 
6 21 42 43 142 143 144 
7 11 44 45 76 77 78 156 157 
5 7 8 13 25 81 82 83 165 166 167 168 170 171 172 173 174 175 176 177 
5 7 24 81 82 83 171 172 173 174 175 176 177 
5 8 27 28 46 47 84 85 181 182 183 
5 8 26 28 46 47 84 85 181 182 183 184 
5 8 26 27 46 47 86 184 185 
5 30 48 87 88 89 191 192 193 194 
5 8 29 48 87 88 89 191 193 194 
5 14 32 33 48 49 90 91 92 93 195 196 197 198 199 
5 14 31 33 48 49 90 91 92 93 195 196 197 198 199 
5 14 31 32 49 91 92 93 199 200 201 
10 16 17 57 58 59 108 109 110 111 112 113 226 227 228 229 
9 36 62 63 115 116 117 235 236 237 
9 35 62 63 116 117 118 119 120 235 236 237 238 239 1 2 
6 64 65 121 122 123 124 
6 67 68 128 129 130 131 132 133 134 
6 19 20 40 70 139 140 
6 39 70 71 141 
6 21 42 
6 21 22 41 43 142 
6 21 22 42 142 143 
7 23 75 44 76 156 
7 23 76 77 78 156 
5 8 26 27 28 47 84 85 180 181 182 183 184 
26 27 28 46 84 85 181 182 183 184 
5 8 29 30 31 32 88 89 90 194 195 196 
5 31 32 33 91 92 93 198 199 200 201 
5 204 205 
5 95 96 206 51 207 208 
5 15 53 100 101 210 211 
5 15 52 99 100 101 102 211 212 
15 103 104 105 214 215 216 217 218 
10 56 57 106 107 218 219 220 221 222 223 224 
55 57 106 107 220 221 222 223 224 
10 34 55 56 58 106 107 108 109 224 225 
10 34 57 107 108 109 225 226 
16 17 34 111 112 113 
9 16 17 230 231 
9 18 114 232 
9 35 36 63 115 116 117 235 236 237 
35 36 62 115 116 117 235 236 237 
37 64 121 122 
6 37 66 125 
6 65 125 
6 38 128 129 130 131 132 133 134 
6 38 135 136 
6 136 137 138 
6 39 40 
6 20 40 70 141 
147 148 149 150 151 152 
7 74 153 154 155 
7 73 154 
7 44 
7 23 44 45 77 78 156 
7 23 45 76 78 156 
7 45 76 77 
7 11 12 80 158 159 
7 11 12 79 159 160 
8 24 25 82 83 169 170 171 172 173 174 175 176 177 
8 24 25 81 83 173 174 175 176 177 
8 24 25 81 82 175 176 177 
5 8 26 27 47 85 180 181 182 
5 8 26 27 46 47 84 181 182 183 
5 8 28 185 
5 8 29 30 88 191 192 193 
5 29 30 48 87 89 192 193 194 
5 29 30 48 88 193 194 
5 31 32 48 91 196 197 198 
5 31 32 33 49 90 92 196 197 198 
5 31 32 33 49 91 93 198 199 
5 14 31 32 33 49 92 199 200 201 
5 14 33 201 202 
5 51 96 97 98 207 208 209 
5 51 95 97 98 208 
5 95 96 98 209 210 
95 96 97 209 210 
15 52 53 100 210 211 
15 52 53 101 211 
53 102 
15 53 101 103 104 105 213 214 
15 54 102 104 105 212 213 214 215 216 
15 54 102 103 105 213 214 215 216 
15 54 102 103 104 213 214 215 216 
10 55 56 57 107 220 221 222 223 224 
10 55 56 57 58 106 108 224 225 
34 57 58 107 109 224 225 
10 34 57 58 108 225 226 
10 111 112 227 228 229 
10 34 59 110 112 113 227 228 229 
10 34 59 110 111 113 227 228 229 
16 17 34 59 111 
9 16 17 18 60 61 230 231 
9 35 62 63 116 234 
9 35 36 62 63 117 235 236 237 
9 35 36 62 63 116 235 236 237 238 
9 119 120 238 239 1 2 
9 36 118 120 239 1 2 
9 36 118 119 239 1 2 
37 64 122 
37 121 
37 122 124 
37 123 
6 126 
6 66 125 127 128 
6 126 128 129 130 
6 38 67 126 127 129 130 
6 38 67 127 128 130 
6 38 67 127 128 129 
6 38 132 133 134 
6 38 67 131 133 134 
6 38 67 131 132 134 
6 38 67 132 133 
6 68 
6 68 69 137 
6 69 136 
6 19 69 
6 19 39 140 
6 19 39 139 
6 20 40 70 71 
21 22 42 43 143 
22 43 142 
22 145 
144 146 147 148 
145 147 148 149 
72 145 146 148 149 150 
72 145 146 147 149 
72 146 147 148 150 
72 147 148 149 151 
72 152 
72 151 
73 154 
73 74 153 155 
73 74 153 154 
7 23 44 76 77 
7 23 79 158 
7 79 157 
7 11 12 79 80 
11 12 80 161 
7 11 12 160 162 163 
7 11 12 160 161 163 
7 11 12 161 162 
7 11 13 
8 13 166 167 168 
8 24 167 168 169 
24 165 166 168 169 170 
24 165 166 167 169 170 
8 24 81 166 167 168 171 
8 24 81 167 168 169 171 
8 24 25 81 169 170 172 173 174 175 
8 24 25 81 171 173 174 175 176 177 
8 24 25 81 82 171 172 174 175 176 177 
8 24 25 82 171 173 175 176 177 
8 24 25 81 82 83 171 172 173 174 176 177 
8 24 25 81 82 83 172 173 174 175 177 
8 24 25 81 82 83 172 173 174 175 
8 179 180 
8 178 180 
8 46 84 178 179 
26 27 46 47 84 85 182 183 
8 26 27 46 47 84 85 181 183 
8 26 27 46 47 85 181 182 184 
8 26 27 28 46 47 183 
5 8 28 86 
5 8 86 187 
5 8 186 
5 8 189 
5 190 
5 189 
5 29 30 87 
5 29 30 87 88 193 
29 30 87 88 89 192 194 
5 29 30 48 88 89 193 
5 31 32 48 90 196 197 
5 31 32 48 90 91 195 197 
5 31 32 90 91 195 196 198 
5 31 32 49 90 91 92 197 
5 14 31 32 33 49 92 93 200 
5 14 33 49 93 199 
5 14 33 49 93 94 
5 14 94 203 
5 14 202 
5 50 
5 50 204 
5 51 
51 95 208 
51 95 96 207 209 
95 96 97 98 208 
52 97 98 99 
15 52 53 99 100 
15 53 101 102 103 213 
15 102 103 104 105 212 214 
15 54 102 103 104 105 213 
15 54 103 104 105 216 217 
15 54 103 104 105 215 217 
54 215 216 
54 219 
55 218 220 222 
10 55 56 106 219 221 222 223 
55 56 106 219 220 222 223 
10 56 106 219 220 221 223 
10 55 56 106 221 222 
10 55 56 57 106 107 108 225 
10 57 58 107 108 109 224 
10 34 109 110 227 
10 34 110 111 112 226 228 229 
10 34 110 111 112 227 229 
10 34 110 111 112 227 228 
18 60 231 
18 60 114 230 
9 61 233 234 
115 232 234 
9 115 232 233 
9 35 36 62 63 116 117 236 
9 35 36 62 63 116 117 235 237 
9 35 36 62 63 116 117 236 238 
9 117 237 
9 36 118 119 120 1 2 

