73 482
36 37 38 46 72 7 
6 11 47 73 3 
11 47 2 8 
6 39 17 22 28 5 23 43 44 45 
6 39 4 9 
11 39 40 41 47 2 8 13 17 22 26 28 4 5 10 3 29 23 43 44 45 9 
37 38 46 72 1 
11 13 3 29 
6 39 40 5 10 
6 40 41 9 14 18 19 
6 38 39 46 47 2 8 13 17 12 16 21 25 27 73 3 29 
11 38 46 16 
6 11 8 17 22 29 
40 41 10 15 18 19 
40 41 10 14 18 19 
11 38 46 47 12 21 25 27 73 
6 11 39 13 22 26 28 4 29 23 43 44 
40 41 10 14 15 19 
40 41 10 14 15 
41 42 
11 38 47 16 25 27 73 
6 39 13 17 26 28 4 23 43 44 45 
6 39 13 17 22 28 4 29 43 44 
32 33 61 62 50 51 52 53 54 
11 38 47 16 21 27 73 
6 39 17 22 28 4 23 43 44 45 
11 47 16 21 25 73 
6 39 17 22 26 4 5 23 43 44 45 
6 11 8 13 17 23 
31 59 60 48 30 
30 59 60 48 49 
24 33 50 51 52 53 
24 32 34 53 54 
33 35 55 56 57 
34 63 56 57 58 64 65 
37 63 66 68 69 70 71 72 1 
36 38 69 70 71 72 1 7 
11 37 46 72 1 7 12 16 21 25 
6 11 40 17 22 26 28 4 5 23 43 44 45 9 
6 41 10 9 14 15 18 19 
6 40 10 42 14 15 18 19 20 
41 20 
6 39 17 22 26 28 4 23 44 
6 39 17 22 26 28 4 23 43 45 
6 39 22 26 28 4 44 
11 38 72 1 7 12 16 
6 11 2 16 21 25 27 73 3 
31 59 60 49 
31 59 60 61 48 
24 32 62 51 52 
24 32 62 50 52 
24 32 62 50 51 53 
32 52 54 
24 32 33 
34 56 
34 35 55 
34 35 58 
35 63 57 64 65 67 
30 31 60 48 49 
30 31 59 48 49 
24 62 49 
24 32 61 50 51 52 
35 36 66 58 64 67 68 69 
35 63 58 65 67 
63 66 58 64 67 
36 65 67 68 69 
63 66 58 64 65 68 
36 63 66 67 69 
36 37 63 68 70 
36 37 69 71 
36 37 70 72 
36 37 38 46 71 1 7 
11 47 2 16 21 25 27 

