36 228
24 2 
24 1 
5 6 26 27 29 35 12 13 14 15 
6 8 30 31 32 36 20 21 22 23 
3 25 26 27 28 9 10 11 
3 4 8 29 35 15 16 17 18 19 
4 6 8 29 30 31 36 20 21 
4 6 7 30 31 36 20 21 22 23 
5 25 26 34 10 11 
5 25 26 9 11 
5 25 26 9 10 
3 27 28 13 
3 27 28 12 14 
3 28 35 13 15 
29 35 14 
6 29 35 17 18 
6 29 35 16 18 19 
6 29 16 17 19 
6 29 17 18 
4 7 8 30 31 36 21 
4 7 8 30 36 20 22 23 
4 8 30 31 36 20 21 23 
4 8 31 32 36 21 22 
25 1 2 
5 24 26 33 34 9 10 11 
3 5 25 27 9 10 11 
3 5 26 28 12 13 
3 5 27 12 13 14 
3 6 7 35 15 16 17 18 19 
4 7 8 31 36 20 21 22 
4 7 8 30 32 36 20 21 22 23 
4 36 23 
24 25 34 
5 25 33 9 
3 6 29 14 15 16 17 
4 7 8 30 31 32 20 21 22 23 

