35 222
35 17 21 
3 4 20 25 22 29 30 31 32 33 10 11 12 13 
2 4 20 25 30 31 32 33 10 11 12 13 
2 3 5 22 23 34 13 14 15 16 
4 23 24 34 16 
18 26 
18 19 26 27 28 8 9 
18 19 27 28 9 
19 27 28 7 
2 3 20 25 29 30 31 32 11 
2 25 30 31 32 33 10 12 
2 3 25 32 33 11 
2 3 4 14 15 
4 22 13 15 
4 22 13 14 
4 5 22 23 34 
24 35 1 21 
19 26 27 28 6 7 8 
18 20 27 28 7 8 9 
2 3 19 25 29 30 10 
24 35 1 17 
2 4 5 23 34 13 14 15 16 
4 5 22 24 34 16 
5 23 35 17 21 
2 3 20 31 32 33 10 11 12 
18 27 28 6 7 
18 19 28 7 8 9 
18 19 26 27 7 8 9 
2 20 10 
3 20 25 31 32 33 10 11 
2 3 25 30 32 33 10 11 
3 25 30 31 33 10 11 12 
2 3 25 30 31 32 11 12 
4 22 23 16 
5 1 17 21 

