34 288
9 10 11 12 14 22 2 17 23 
9 10 11 14 22 1 23 
9 11 12 14 22 23 24 25 20 
9 12 5 21 34 31 
9 12 13 4 6 7 34 31 32 33 
12 13 5 7 8 32 33 
9 13 5 6 8 32 33 
9 13 15 18 6 33 
10 11 12 13 14 15 16 22 18 1 2 3 4 5 6 7 8 17 23 24 25 20 21 34 31 32 33 
9 11 12 14 16 22 1 10 17 23 
9 10 12 16 22 1 2 3 4 17 23 24 25 20 
9 10 11 13 14 22 1 3 4 5 6 23 24 25 20 21 34 31 32 
9 12 15 18 19 5 6 7 8 32 33 26 27 28 
9 10 11 12 16 22 1 2 3 17 23 24 25 
9 13 18 19 8 26 27 28 29 
9 10 11 14 17 
9 10 11 14 16 1 
9 13 15 19 8 26 27 28 29 
13 15 18 26 27 28 29 30 
9 11 12 3 24 25 21 
9 12 4 31 
9 10 11 12 14 1 2 3 23 
9 10 11 12 14 22 1 2 3 
9 11 12 14 3 25 20 
9 11 12 14 3 24 20 
13 15 18 19 27 28 
13 18 19 26 28 
13 15 18 19 26 27 29 
15 18 19 28 30 29 
19 29 
9 12 4 5 21 34 
9 12 5 6 7 33 
9 13 5 6 7 8 
9 12 4 5 21 31 

