113 834
3 5 6 7 8 26 27 28 29 30 31 32 33 54 55 57 58 59 60 61 96 97 98 99 100 101 103 
4 9 10 13 19 38 39 40 41 42 43 44 76 77 78 79 80 
1 5 6 7 16 17 22 23 24 25 26 27 28 29 53 54 55 56 94 95 96 
2 9 12 13 18 19 36 37 38 39 40 41 42 74 75 76 77 
1 3 6 7 11 14 15 16 17 20 22 23 48 49 50 51 52 53 91 92 93 94 
1 3 5 7 14 15 16 17 20 21 22 23 49 50 51 52 53 91 92 93 94 
1 3 5 6 16 17 21 22 23 24 25 50 51 52 53 92 93 94 
1 34 35 64 65 66 67 68 69 70 71 72 106 107 108 109 110 111 
2 4 12 18 36 37 74 
2 11 14 15 45 46 84 85 86 
5 10 14 15 20 45 46 47 48 84 85 86 87 88 89 90 
4 9 18 36 37 73 
2 4 19 39 40 41 42 76 77 
5 6 10 11 15 20 46 47 48 84 86 87 88 89 90 
5 6 10 11 14 20 47 48 87 88 89 90 
3 5 6 7 17 21 22 23 50 51 52 53 93 94 
3 5 6 7 16 22 23 51 52 53 94 
4 9 12 36 73 
2 4 13 39 40 76 
5 6 11 14 15 47 48 49 88 89 90 91 
5 6 7 16 22 49 50 51 91 92 93 
3 5 7 16 17 21 23 50 51 52 53 94 
3 5 6 16 17 22 51 52 53 94 
3 7 25 26 53 54 95 
3 7 26 54 95 
1 3 24 25 54 95 
1 3 28 29 55 56 96 
1 3 29 56 96 
1 27 28 30 57 97 
29 31 57 97 98 99 
1 30 58 100 101 102 
1 33 60 61 62 104 105 
1 32 61 63 104 105 
8 63 64 66 67 68 
8 70 71 72 109 110 111 112 113 
4 9 12 18 37 74 
4 9 12 36 38 75 
2 4 37 74 75 
2 4 13 19 40 76 
2 4 13 19 39 76 
2 4 13 42 43 77 78 
2 4 13 41 43 77 78 79 
2 41 42 77 78 79 80 
2 81 83 
10 11 14 46 84 86 
10 11 14 45 84 85 86 
11 14 15 20 87 88 89 90 
11 14 15 20 
5 6 20 21 91 
5 6 7 16 21 22 51 92 93 
7 16 17 21 22 23 50 52 
5 6 7 16 17 22 23 51 94 
3 5 6 7 16 17 22 23 24 94 
1 3 24 25 26 55 95 
1 3 27 54 56 96 
1 3 27 28 55 96 
1 30 97 98 
1 31 59 99 100 102 
1 31 58 60 101 102 
1 32 59 61 102 103 
1 32 33 60 62 103 104 
32 33 61 63 104 105 
33 34 62 64 104 
8 63 65 66 
34 64 66 67 68 
8 34 64 65 67 68 
8 34 65 66 68 69 106 
8 34 66 67 69 106 
8 67 68 70 106 107 108 
8 35 69 71 106 107 108 109 
8 35 70 109 110 
8 35 110 111 112 113 
9 12 18 36 
4 9 36 37 38 75 
4 38 74 
2 4 13 19 39 40 
2 4 41 42 43 78 
2 41 42 43 77 79 
2 42 43 78 
2 43 
82 83 
44 81 83 
81 82 
10 11 14 45 46 85 86 
10 11 45 46 84 86 
10 11 14 45 46 84 85 
11 14 15 47 88 89 90 
11 14 15 20 47 87 89 90 
11 14 15 20 47 87 88 90 
11 14 15 20 47 48 87 88 89 
5 6 20 21 49 
5 6 7 21 49 50 93 
5 6 7 16 21 50 92 
3 5 6 16 17 23 52 53 
3 25 54 
3 27 28 55 56 
1 30 57 98 
1 29 30 57 97 
1 30 31 58 100 
31 58 99 101 
1 31 58 59 100 102 
1 31 58 59 60 101 
1 61 
32 33 61 62 63 105 
32 33 61 62 104 
8 67 68 69 70 107 108 
8 69 70 106 108 
8 69 70 106 107 
8 70 71 
8 71 72 111 
8 35 72 
35 72 110 111 113 
35 72 112 

