149 902
62 105 148 149 
71 84 106 
62 71 84 85 107 108 
62 71 85 87 108 109 
62 72 
72 114 115 7 8 
72 114 115 6 8 
88 114 115 6 7 
10 11 
73 89 9 11 
73 89 10 
74 89 116 
74 89 90 116 117 118 119 
74 90 119 120 15 16 
74 119 120 14 16 17 
74 120 14 15 17 
75 120 15 16 
75 91 92 
70 75 91 92 121 
70 121 21 22 
70 121 20 22 
70 121 20 21 
70 122 24 25 
70 122 23 25 
70 122 23 24 26 
70 93 122 25 27 
70 93 26 28 
93 27 29 
93 28 
66 76 31 
66 76 30 
66 94 
65 66 94 
65 77 95 124 125 126 35 
65 125 126 34 36 
125 126 35 
38 39 40 41 37 47 48 54 55 77 125 126 127 35 36 
37 39 40 41 47 48 54 55 56 57 
37 38 41 42 47 49 54 55 56 57 58 59 
37 38 
37 38 39 42 47 48 49 56 57 58 59 
39 41 43 44 49 58 59 
42 44 46 50 60 
42 43 45 46 60 
43 44 46 50 60 
43 44 45 50 51 
37 38 39 41 48 54 55 56 
37 38 39 41 47 55 56 57 
39 41 42 57 58 59 
43 44 60 
45 46 52 53 60 61 
53 61 
51 52 61 
37 38 39 47 48 55 
37 38 39 47 48 54 
38 39 41 47 48 
38 39 41 48 49 58 
39 41 42 49 57 59 
39 41 42 49 58 
43 44 45 46 50 51 
51 52 53 
64 68 69 71 72 73 84 85 86 87 88 104 105 106 107 108 109 110 111 112 113 114 148 149 1 2 3 4 5 
64 67 78 79 80 81 82 83 96 97 98 128 129 130 131 132 133 134 
63 68 69 98 99 100 101 102 103 136 137 138 139 140 
37 38 40 66 76 77 94 123 124 125 126 127 33 34 35 36 
65 70 76 77 93 94 95 123 30 31 32 33 
63 78 79 80 96 97 128 129 
62 64 69 102 103 104 140 141 142 143 
62 64 68 101 102 103 104 140 141 142 143 
66 75 91 92 93 121 122 19 20 21 22 23 25 26 27 
62 84 85 86 87 106 107 108 2 3 4 
62 112 113 114 5 6 7 
62 88 89 9 10 11 
89 90 116 117 118 119 120 12 13 14 15 16 
70 91 92 121 17 18 19 
65 66 93 94 30 31 
65 66 95 123 124 34 
63 67 79 96 97 
63 67 78 96 97 
63 67 128 129 130 131 
63 133 
63 81 83 133 134 
63 81 82 133 134 
62 71 85 86 87 107 108 109 2 3 4 
62 71 84 86 87 108 109 3 4 
62 71 84 85 87 108 109 110 111 112 113 4 
62 71 84 85 86 108 109 110 111 112 113 4 
73 115 9 
73 74 90 117 10 11 12 13 
74 89 116 117 118 119 120 13 14 
70 75 92 121 18 19 
70 75 91 121 18 19 
66 70 76 26 27 28 29 
65 66 76 123 32 33 
65 66 77 123 124 34 
63 67 78 97 
63 67 78 79 96 
63 64 99 134 135 136 
64 98 135 136 
64 101 137 138 139 
64 68 69 100 102 103 140 
64 68 69 101 103 139 140 
64 68 69 101 140 
62 68 69 144 145 
62 145 146 147 148 149 1 
62 71 107 2 
62 71 84 106 2 
62 71 84 85 86 87 3 4 
62 84 85 86 87 110 111 112 113 4 
62 86 87 109 111 112 113 
62 86 87 109 110 113 
62 72 86 87 109 110 111 113 
62 72 86 87 109 110 111 112 
62 72 88 115 6 7 8 
73 88 114 6 7 8 
74 89 90 117 118 119 12 13 
74 89 90 116 118 119 13 
74 89 90 116 117 119 13 
74 90 116 117 118 120 13 14 15 
74 90 14 15 16 17 
70 75 91 92 19 20 21 22 
70 23 24 25 26 
65 66 77 95 
65 77 95 34 
65 126 127 34 35 36 
125 127 34 35 36 
65 125 126 
67 80 129 
63 67 80 128 130 131 
63 80 129 131 132 
63 80 129 130 132 
63 131 
63 81 82 83 
63 82 83 98 135 
98 99 134 
64 98 99 
64 100 138 
64 137 139 
64 100 101 102 138 
64 68 69 101 102 
68 142 143 
68 69 143 
68 69 104 141 142 144 
104 143 
104 105 146 147 148 
105 145 148 
105 145 146 148 149 
62 105 145 146 149 1 
62 105 147 148 1 

