71 501
28 71 2 3 4 39 
28 71 1 3 4 5 39 40 
28 29 30 71 1 2 4 5 39 40 41 
28 29 30 71 1 2 3 5 39 40 41 
28 29 30 2 3 4 39 40 41 42 
21 28 31 7 42 43 44 45 46 47 
21 31 32 6 46 47 
21 22 24 32 33 49 50 51 
22 23 33 53 54 55 56 57 
27 36 37 14 70 64 15 16 
20 25 26 34 35 65 
26 35 66 67 
66 67 68 
27 36 68 69 70 64 10 
27 36 37 64 10 16 
27 36 37 64 10 15 17 
36 37 16 19 
20 38 
36 37 17 
22 23 25 26 34 35 18 11 61 62 63 38 65 
22 23 24 28 31 32 33 6 7 8 45 46 47 48 49 50 
20 21 23 24 33 9 49 50 51 52 53 54 
20 21 22 24 33 9 52 53 54 55 56 57 58 59 60 61 62 
21 22 23 32 33 8 48 49 50 51 
20 26 34 18 11 38 65 
20 25 34 35 11 12 65 
36 37 14 68 69 70 64 10 15 
21 29 30 31 71 1 2 3 4 5 6 39 40 41 42 43 44 
28 30 31 3 4 5 41 42 44 
28 29 31 3 4 5 41 42 43 
21 28 29 30 32 6 7 42 43 44 45 46 47 
21 22 24 31 7 8 48 49 
21 22 23 24 8 9 51 52 53 54 55 
20 25 26 11 
20 26 34 11 12 65 
27 37 14 70 64 10 15 16 17 19 
27 36 70 64 10 15 16 17 19 
20 25 18 
71 1 2 3 4 5 40 
28 71 1 2 3 4 5 39 
28 29 30 3 4 5 
28 29 30 31 5 6 43 44 
28 29 30 31 6 42 
28 29 30 42 
21 31 6 7 46 47 
21 31 6 7 45 47 
21 31 6 7 45 46 
21 24 32 49 
21 22 24 32 8 48 50 
21 22 24 8 49 51 
22 24 33 8 50 52 
22 23 33 51 53 
22 33 9 52 54 
22 23 33 9 53 55 56 57 
23 33 9 54 56 57 
9 54 55 57 
23 9 54 55 56 58 59 60 
23 57 60 61 
23 57 58 60 61 
23 57 59 61 62 
20 23 58 59 60 62 
20 23 61 63 
20 62 
27 36 37 14 70 10 15 16 
20 25 26 34 11 
12 13 67 
12 13 66 67 
27 13 14 69 
14 68 
27 36 37 14 64 10 15 
28 1 2 3 4 39 40 71 

