321 2387
2 4 9 13 14 15 27 45 46 47 48 49 50 51 52 53 54 55 56 57 58 95 96 97 98 99 100 101 102 173 174 175 176 177 178 179 181 182 183 184 185 186 187 188 189 
1 6 7 8 9 24 25 26 39 40 41 42 86 87 88 154 155 156 157 158 159 160 
6 11 12 19 20 21 22 23 36 37 76 77 78 79 135 136 137 138 139 
1 5 16 17 27 28 29 30 63 64 65 106 107 108 109 110 111 112 208 209 210 211 212 213 214 215 
4 10 16 17 29 30 31 109 110 111 112 113 114 115 116 117 214 215 216 217 218 219 220 221 
2 3 11 12 22 23 37 38 80 81 82 83 84 139 140 141 142 143 144 145 146 147 148 149 
2 8 24 25 26 39 40 86 155 156 157 
2 7 24 25 26 39 40 86 87 156 157 158 
1 2 42 43 44 90 91 92 93 161 162 163 164 165 
5 17 18 32 66 67 68 69 70 72 118 119 120 121 222 223 
3 6 12 19 20 21 22 23 36 77 78 79 136 137 138 
3 6 11 20 21 22 23 36 37 80 81 139 140 141 142 
1 14 46 47 48 49 50 51 96 97 98 99 173 174 175 
1 48 49 51 98 99 173 174 175 176 
1 52 53 54 55 56 57 58 100 101 184 185 186 187 188 
4 5 28 29 63 64 106 108 109 210 211 212 213 
4 5 10 30 31 65 113 114 115 116 117 118 217 218 219 220 221 
238 10 70 71 72 73 121 122 224 225 
3 11 35 76 77 133 135 
3 11 12 21 36 78 79 136 137 138 
3 11 20 36 78 79 137 138 
3 6 11 12 23 37 80 140 
3 6 11 12 22 37 80 81 139 140 141 142 
2 7 8 25 39 151 152 153 154 
2 8 24 39 154 155 
2 7 8 40 41 42 87 88 89 159 160 
1 4 28 59 60 61 62 200 201 202 203 204 205 206 207 
4 16 27 61 62 63 106 107 206 207 
4 5 16 108 109 110 111 211 212 213 214 215 
4 5 17 31 65 113 114 115 116 117 216 217 218 219 220 221 
5 17 30 65 114 115 116 117 218 219 220 221 
10 18 70 71 120 121 
34 74 75 123 124 
33 35 75 124 125 126 127 128 129 130 131 132 
19 34 127 128 129 130 132 
3 11 12 20 21 78 79 137 138 
3 6 11 12 22 23 139 
6 83 84 85 149 150 
2 7 8 24 25 155 156 
2 7 8 26 41 87 88 158 159 160 
2 26 40 42 87 89 160 
2 9 26 41 43 89 161 
9 42 44 90 91 161 162 
9 43 90 91 92 93 162 163 164 165 
1 46 47 94 95 167 168 169 170 171 172 
1 45 47 48 95 96 97 170 171 172 
1 13 45 48 95 96 97 170 171 172 
1 13 14 46 47 49 50 96 97 98 
1 13 14 48 50 96 97 98 173 
1 13 14 48 49 51 98 173 
1 13 14 50 99 174 176 177 
1 15 53 54 55 182 184 
1 15 52 54 55 184 
1 15 52 53 55 184 
1 15 52 53 56 57 100 184 185 186 187 
1 15 55 57 100 185 186 187 188 
1 15 55 56 100 187 188 
1 15 101 102 189 190 191 192 193 
60 61 104 105 198 199 200 201 202 203 
27 59 62 200 201 202 203 204 205 
27 28 60 62 202 203 204 205 206 207 
27 28 60 61 204 205 206 207 
4 16 28 64 107 208 209 
4 16 63 106 107 208 209 210 
4 5 17 30 31 111 112 113 114 115 116 117 216 217 218 
10 67 68 69 118 119 223 
10 66 68 69 119 120 222 223 
10 66 67 69 119 120 223 
10 66 67 68 119 120 223 
10 18 32 71 121 122 224 
10 18 32 70 121 122 224 
251 277 278 10 18 73 122 224 225 226 
252 277 278 18 72 122 226 
33 75 74 123 124 
33 34 74 123 124 125 126 
3 19 77 133 134 135 
3 11 19 76 135 136 
3 11 20 21 36 79 138 
3 11 20 21 36 78 
6 12 22 23 81 82 140 141 142 143 144 145 146 
6 12 23 80 82 140 141 142 143 144 145 
80 81 143 144 145 146 147 
6 38 148 149 
6 38 83 148 149 150 
38 85 
2 7 8 157 
2 8 26 40 41 88 158 159 
2 26 40 87 158 159 
9 41 42 
9 43 44 91 161 162 
9 43 44 90 162 
9 44 93 163 164 166 
9 44 163 164 165 166 
45 168 169 
1 45 46 47 170 171 172 
1 13 46 47 48 49 97 98 
1 13 46 47 48 96 98 
1 13 14 48 49 50 96 97 173 
1 13 14 51 174 176 177 178 179 180 
1 15 55 56 57 185 186 187 188 
1 15 58 190 191 192 193 
58 101 190 191 192 193 
105 194 195 196 197 198 
59 103 105 197 198 199 
59 103 104 197 198 199 
4 16 28 63 64 107 208 209 210 
4 28 63 64 106 208 209 210 
4 16 29 109 211 212 213 
4 5 16 29 108 212 213 214 
4 29 111 112 214 215 
4 5 29 65 110 112 215 
4 5 65 110 111 113 216 
5 17 30 65 112 114 115 216 217 
5 17 30 31 65 113 115 116 117 216 217 218 
5 17 30 31 65 113 114 116 117 217 218 
5 17 30 31 65 114 115 117 218 219 220 221 
5 17 30 31 65 114 115 116 218 219 220 221 
10 17 66 222 
10 66 67 68 69 120 223 
10 32 66 67 68 69 119 223 
10 32 71 
18 70 71 72 73 224 225 226 
74 75 124 
33 34 74 75 123 125 126 
34 75 124 126 127 
34 75 124 125 127 
34 35 125 126 128 129 
34 35 127 129 130 131 132 
34 127 128 130 131 132 
34 35 128 129 131 
34 35 128 129 132 
34 35 128 129 130 131 
76 134 135 
19 76 133 135 
3 76 77 133 
3 20 77 137 
3 11 20 21 36 136 138 
3 11 20 21 36 78 137 
3 6 12 23 37 
6 12 22 23 80 81 141 142 143 144 
6 12 23 80 81 140 142 143 144 
6 12 23 80 81 140 141 143 144 
6 80 81 82 140 141 142 144 145 146 
6 80 81 82 140 141 142 143 145 146 
6 80 81 82 143 144 
6 80 82 143 144 145 147 
6 82 146 148 
6 83 84 147 
6 38 83 84 150 
38 84 149 
24 152 153 
24 151 153 
24 151 152 
24 25 
2 7 25 39 156 
2 8 39 155 
2 8 158 
2 40 157 159 
2 26 40 87 88 158 
2 26 40 41 
9 42 43 90 
9 43 44 90 91 
9 44 92 93 164 165 
9 44 92 93 163 165 
9 44 92 93 163 
92 93 
45 94 168 169 
45 94 167 
45 167 168 
45 46 47 95 171 172 
45 46 47 95 170 172 
45 46 47 95 171 
1 13 14 49 50 
1 13 14 51 99 175 
1 13 14 51 174 
1 14 51 99 177 178 179 
1 51 99 176 178 
1 99 176 177 179 180 181 
1 99 176 178 180 181 
178 179 
1 178 179 180 
1 52 183 
1 52 182 
1 15 52 53 54 55 185 
1 15 55 56 100 184 186 
1 15 55 56 100 185 
15 55 56 57 100 188 
1 15 56 57 100 187 
1 58 101 190 191 
58 101 102 189 192 193 
58 101 102 189 190 192 193 
58 101 102 190 193 
58 101 102 190 191 192 
103 195 196 
103 194 196 
103 194 195 197 
103 104 105 196 198 
59 103 104 105 199 
59 104 105 198 
27 59 201 202 
27 59 60 200 202 203 
27 59 60 61 200 201 203 
27 59 60 61 200 201 202 204 
27 60 61 62 203 205 206 
27 60 61 62 204 206 
27 28 61 62 204 205 207 
27 28 61 206 
4 63 64 106 107 209 210 
4 63 64 106 107 208 210 
4 16 64 106 107 208 209 
4 16 29 108 212 
4 16 29 108 109 211 213 
4 16 29 108 109 212 
4 5 29 109 110 215 
4 5 29 110 111 214 
5 30 65 112 113 114 217 
5 17 30 114 115 216 
5 17 30 31 65 114 115 116 219 220 
5 17 30 31 116 117 218 220 221 
5 17 30 31 116 117 218 219 221 
5 17 30 31 116 117 219 220 
10 66 67 118 
10 66 67 68 69 119 120 
18 70 71 72 73 122 225 
18 72 122 224 
277 72 73 122 
228 229 230 231 232 233 234 235 236 237 242 243 244 245 246 247 248 249 256 257 258 259 260 261 262 263 264 293 295 296 297 298 299 300 301 302 
227 230 231 238 241 251 252 253 254 277 278 279 280 281 282 10 18 72 73 226 
227 232 237 239 249 250 265 266 267 268 269 270 271 272 303 304 305 306 307 308 309 
227 228 231 241 242 243 244 245 253 254 255 283 284 286 287 288 289 
227 228 230 233 241 242 243 244 245 246 247 255 256 284 285 286 287 288 289 290 291 292 
227 229 239 250 269 270 271 272 273 308 309 310 311 312 
227 231 234 235 246 247 248 256 258 259 295 296 297 298 299 
227 233 248 259 260 297 298 299 
227 233 234 248 259 260 297 298 299 
227 237 262 263 264 302 
227 229 236 249 262 263 264 237 
228 251 252 277 278 279 72 73 226 
229 232 240 273 274 312 313 314 315 316 
239 275 276 317 318 319 320 321 
228 230 231 253 254 281 283 
227 230 231 243 244 245 255 286 287 288 289 
227 230 231 242 244 288 289 290 
227 230 231 242 243 245 288 289 290 
227 230 231 242 243 244 246 256 290 291 292 
227 231 233 245 256 257 291 292 293 294 295 
227 231 233 246 248 256 257 258 293 294 295 
227 233 234 235 247 258 259 296 297 
227 229 237 265 266 303 304 
229 232 270 271 272 309 
228 238 277 278 226 
228 238 278 279 
228 230 241 254 281 282 
228 230 241 253 283 
230 231 242 283 284 285 286 287 
227 231 233 245 246 247 257 258 293 294 295 
227 246 247 256 258 293 294 295 
227 233 247 248 256 257 293 294 295 
227 233 234 235 248 297 298 299 
227 234 235 261 300 301 
227 260 300 301 
227 236 237 263 264 
227 236 264 
227 236 237 262 263 
229 249 266 303 304 
229 249 265 303 304 
229 268 305 306 307 
229 267 269 306 307 308 
229 232 268 270 308 
229 232 250 269 308 
229 232 250 272 309 
229 232 250 271 273 309 310 
232 239 272 310 311 312 
239 274 314 315 316 317 
240 276 315 316 317 318 319 
240 275 319 320 321 
228 238 251 278 226 
228 238 251 252 277 
228 238 252 280 
228 279 
228 241 253 282 
228 253 281 
230 241 254 255 284 285 
230 231 255 283 285 286 
230 231 255 283 284 286 
230 231 242 255 284 285 287 288 
230 242 255 286 288 
230 231 242 243 244 286 287 
230 231 243 244 
243 244 245 291 292 
245 246 290 292 
231 245 246 291 
227 246 247 256 257 258 294 295 
246 247 256 257 258 293 295 
227 233 246 247 256 257 258 293 294 
227 233 234 248 259 297 
227 233 234 235 248 259 296 
227 233 234 235 259 299 
227 233 234 235 259 298 
227 260 261 
227 260 261 302 
227 301 
229 265 266 304 
249 265 266 303 305 
229 267 304 306 
229 267 268 305 307 
229 267 268 306 
229 232 268 269 270 
229 232 250 271 272 
232 273 311 
232 273 310 
232 239 273 313 
239 312 
239 315 316 317 
239 274 275 314 316 317 
239 274 314 315 
240 274 275 314 315 316 318 319 
240 275 317 319 
240 275 276 317 318 
240 276 
240 276 320 

