66 441
33 50 22 66 2 
33 50 22 66 1 3 
50 22 23 2 4 5 6 7 8 
50 22 23 3 5 6 7 8 9 
50 23 3 4 6 7 8 9 
50 23 3 4 5 7 8 9 
23 24 3 4 5 6 8 9 
23 24 3 4 5 7 9 
23 24 4 5 6 7 8 
34 40 51 24 
34 40 52 25 12 13 
34 40 52 25 11 13 
34 40 52 25 11 12 
34 40 52 15 17 
34 40 52 14 16 17 
34 52 14 15 17 
34 14 15 16 
34 19 
34 26 
53 26 
41 27 28 
33 50 66 1 2 3 4 
51 24 3 4 5 6 7 8 9 
51 23 7 8 9 10 
34 40 51 52 11 12 13 
34 53 18 19 20 
41 54 28 21 29 
41 54 27 21 29 
41 27 28 30 
41 54 29 31 32 
41 54 30 32 
54 30 31 
34 35 36 37 38 39 40 45 46 47 48 49 50 51 42 43 44 22 57 58 59 60 61 62 63 64 65 66 1 2 
33 40 41 51 52 53 25 26 10 11 12 13 14 15 16 17 18 19 
33 37 38 39 55 35 56 
33 35 37 55 
33 35 36 38 55 56 
35 37 39 45 46 47 42 43 56 57 58 59 
33 35 38 45 46 47 48 42 43 44 57 58 59 60 
33 34 51 52 25 10 11 12 13 14 15 
34 53 54 27 28 21 29 30 31 
33 38 39 45 46 43 57 58 
33 38 39 46 42 57 58 
39 48 
33 35 38 39 46 47 42 43 57 58 59 
33 38 39 45 47 42 43 58 59 60 
33 38 39 45 46 48 44 59 60 
33 39 47 44 61 
33 61 62 63 64 
33 22 66 1 2 3 4 5 6 7 
33 34 40 23 24 25 10 
34 40 25 11 12 13 14 15 16 17 
34 41 19 20 53 
41 27 28 29 31 32 
35 36 37 
35 37 
33 38 39 45 43 58 
33 38 39 45 46 42 43 57 
33 38 39 45 46 47 60 
33 39 46 47 44 59 
33 48 49 
33 63 64 65 
33 49 62 64 65 
33 49 62 63 65 
33 49 63 64 
33 22 1 2 

