138 1213
110 120 2 
110 120 121 1 
122 123 4 5 
122 123 3 5 
122 123 3 4 
115 129 130 8 9 10 
101 115 130 6 8 9 10 
101 115 130 6 7 9 10 
101 115 130 6 7 8 10 
101 115 130 6 7 8 9 
100 101 107 108 131 12 
100 107 108 131 11 13 
99 100 107 108 131 12 
99 100 104 116 133 15 
100 104 116 117 133 14 16 17 
99 100 104 116 117 118 133 15 17 
99 100 104 116 117 118 15 16 
99 102 104 105 109 119 134 135 136 19 20 
99 102 105 109 134 135 18 
102 104 105 109 134 135 136 137 18 21 
99 102 105 109 134 135 136 137 20 
23 24 25 26 27 28 29 30 31 32 34 35 36 37 38 39 40 41 42 43 45 46 47 48 49 50 51 52 53 54 55 56 57 58 59 60 66 67 68 69 70 71 72 73 74 75 76 77 78 79 80 81 82 83 99 100 101 102 104 105 109 116 134 137 
22 24 25 26 27 28 29 30 31 32 33 34 37 38 39 42 43 44 45 46 47 48 49 55 56 57 58 59 60 69 71 72 73 75 76 77 78 79 80 81 82 83 99 100 102 
22 23 26 31 32 33 34 39 49 58 59 60 83 84 85 86 87 88 89 
22 23 27 28 36 37 41 50 51 52 53 54 66 67 68 102 
23 24 34 35 40 61 26 62 64 96 97 
22 23 25 41 50 66 
22 23 25 29 30 37 53 54 55 69 70 71 72 73 
22 23 28 30 37 38 42 43 55 56 69 70 71 72 73 74 75 
22 23 28 29 37 38 42 43 56 57 70 71 72 73 74 75 
22 23 32 38 44 45 46 47 48 58 79 80 81 82 
22 23 24 31 46 48 58 59 80 81 82 83 
22 23 24 34 39 49 60 84 85 86 87 88 89 90 
22 23 24 26 33 39 89 90 91 92 93 
22 26 63 64 65 96 97 98 
22 25 27 41 50 51 66 67 68 
22 23 25 28 29 30 54 55 69 70 
22 23 29 30 31 42 43 44 45 46 56 57 76 77 78 
22 23 24 33 34 87 88 89 90 91 
22 26 34 61 92 93 94 95 
22 25 27 50 
23 29 30 38 43 44 45 56 75 76 
23 29 30 38 42 44 56 57 76 
22 23 31 38 42 43 45 46 57 76 77 78 
22 23 31 38 42 44 46 77 78 79 
22 23 31 32 38 44 45 47 48 77 78 79 
22 23 31 32 46 48 58 79 80 
22 23 31 32 46 47 58 79 80 
22 23 24 33 60 84 85 86 
22 25 27 36 41 66 67 
22 25 36 52 66 67 68 
22 25 51 53 
22 25 37 52 54 
22 25 28 37 
22 23 28 29 37 69 
22 23 29 30 38 42 43 57 74 75 
22 23 30 38 42 43 44 56 76 
22 23 24 31 32 47 80 81 82 
22 23 24 32 83 
22 23 24 33 49 84 85 
26 40 95 
26 96 
26 35 96 97 
26 35 65 
35 64 98 
22 25 27 36 50 51 67 68 
25 36 50 51 66 68 
22 25 36 51 66 67 
22 23 28 29 37 55 70 
22 28 29 30 37 69 
22 23 28 29 30 72 73 
23 28 29 30 71 73 74 
22 23 28 29 30 71 72 74 
22 23 29 30 56 72 73 75 
22 23 29 30 42 56 74 
22 23 42 43 44 57 
22 23 44 45 46 78 
22 23 38 44 45 46 77 
22 23 31 45 46 47 48 
22 23 31 32 47 48 58 81 82 
22 23 31 32 58 80 82 
23 31 32 58 80 81 
22 23 24 32 
24 33 49 60 85 86 
24 33 49 60 84 86 
24 60 84 85 
24 33 39 88 
33 39 87 
33 34 39 90 
33 34 39 89 91 
34 39 90 92 
34 40 
40 95 
40 93 95 
40 61 93 94 
26 35 62 97 
26 35 63 
35 98 
25 27 36 100 101 102 104 105 107 108 109 116 118 119 131 132 133 134 135 136 137 138 13 14 15 16 17 18 19 20 21 
99 101 102 104 105 106 107 108 109 115 116 117 118 119 131 132 133 11 12 13 14 15 16 17 
99 100 106 107 108 111 112 113 114 115 129 130 131 6 7 8 9 10 11 
25 27 36 41 99 100 104 105 109 116 117 118 119 134 135 136 137 138 18 19 20 21 
110 120 121 122 1 2 103 
99 100 102 105 109 116 117 118 133 134 135 136 14 15 16 17 18 19 20 
99 100 102 104 109 116 117 118 119 134 135 136 137 138 18 19 20 21 
100 101 111 112 113 114 115 126 127 128 129 130 
99 100 101 108 131 132 11 12 13 
99 100 101 107 131 132 11 12 13 
99 100 102 104 105 116 117 118 119 134 136 137 138 18 19 20 21 
103 120 121 1 2 
101 106 112 124 125 126 127 
101 106 111 113 114 127 128 129 
101 106 111 114 128 129 
101 106 111 112 128 129 
100 101 106 129 130 6 7 8 9 10 
99 100 102 104 105 109 117 118 119 133 14 15 16 17 
99 100 102 104 105 109 116 118 119 15 16 17 
99 100 102 104 105 109 116 117 119 16 17 
99 100 102 104 105 109 116 117 118 134 18 
103 110 121 1 2 
103 110 120 1 2 
103 123 3 4 
124 3 125 
111 123 125 126 127 
111 124 126 127 125 
111 124 125 127 
106 111 112 124 125 126 
101 106 112 113 114 129 
101 106 112 113 114 115 128 130 6 
101 106 115 129 6 7 8 9 10 
99 100 101 107 108 11 13 
99 100 107 108 
99 100 104 116 117 14 15 16 
99 102 104 105 109 119 135 136 137 18 19 20 21 
99 102 104 105 109 134 136 18 19 20 21 
99 102 104 105 109 134 135 137 138 18 20 21 
99 102 109 134 136 20 21 
99 102 105 109 136 137 

