44 197
2 3 11 12 16 
1 10 32 31 
1 4 5 6 7 8 12 13 17 18 19 20 22 23 
3 5 6 7 8 23 
3 4 7 12 17 19 20 21 22 
3 4 12 17 20 23 
3 5 13 
4 7 14 24 25 
8 14 24 25 26 27 9 15 
1 11 16 
10 16 
1 3 5 6 17 18 19 20 
3 4 5 6 21 22 
9 24 
8 24 25 15 27 
10 11 
3 6 12 18 20 
19 20 
5 6 18 21 22 
5 6 18 19 22 
3 5 6 12 13 19 23 
3 5 6 20 23 
3 4 6 13 21 
8 14 
9 14 
9 15 27 
9 26 27 
29 31 33 38 
30 33 29 36 37 
28 29 33 36 37 
28 32 34 31 39 40 41 42 43 44 
2 31 35 42 44 
29 30 38 
41 39 43 
31 32 34 42 43 
28 29 
28 30 33 38 
33 38 
31 39 
31 39 
31 40 39 
31 32 35 43 44 
31 32 35 
42 43 

