65 492
20 26 38 39 50 51 65 30 31 32 33 34 
20 27 52 60 46 
27 53 
28 54 55 56 5 6 40 41 42 
28 54 55 56 4 6 40 41 42 
28 56 4 5 40 41 42 43 44 45 
26 37 38 39 
19 22 58 12 23 
19 22 58 17 18 
19 22 58 11 
22 58 10 
19 22 58 23 
25 57 
25 57 48 15 
25 57 48 14 
25 16 
19 22 58 18 9 
22 17 9 
20 22 25 26 58 37 38 39 49 8 61 62 63 64 9 10 11 12 23 24 21 47 59 
19 26 27 37 38 39 50 51 52 53 65 1 2 30 31 32 33 34 35 36 60 
19 49 61 62 63 64 24 
19 25 58 49 8 61 18 9 10 11 12 23 
19 22 49 8 61 12 24 
19 49 61 23 21 
19 22 57 48 13 14 15 16 
19 20 37 38 39 50 51 52 65 1 7 29 30 31 32 33 34 35 
20 28 52 53 2 3 60 46 
27 54 55 56 4 5 6 40 41 42 43 
26 37 38 39 65 30 
20 26 38 39 65 1 29 
20 26 38 39 50 51 65 1 32 33 34 
20 26 39 50 1 31 33 34 
20 51 1 31 32 34 
20 26 51 31 32 33 
20 26 50 51 52 36 
20 51 52 35 
19 20 26 39 49 62 63 64 65 47 59 7 29 
19 20 26 37 39 50 65 1 7 29 30 31 
19 20 26 37 38 50 65 1 7 29 30 31 32 
28 55 56 4 5 6 41 42 
28 55 56 4 5 6 40 42 43 
28 55 56 4 6 40 41 
28 55 56 6 41 44 45 
56 6 43 45 
56 43 44 45 
27 53 2 60 
19 37 49 63 64 21 59 
25 57 13 14 15 
19 22 37 61 62 63 64 23 24 21 47 59 
20 26 38 39 51 52 65 1 31 32 33 34 35 
20 26 50 1 31 33 34 35 36 
20 26 27 50 51 2 35 36 
20 27 3 46 
28 55 4 5 
28 54 56 4 6 40 41 42 43 
28 4 5 6 40 41 42 43 44 45 
25 48 13 14 15 
19 22 8 17 9 10 11 12 
37 49 47 
20 27 2 46 
19 22 49 62 63 23 24 21 
19 37 49 61 63 64 24 21 47 
19 37 49 61 62 64 24 21 47 
19 37 49 62 63 21 47 59 
20 26 37 38 39 50 1 29 30 31 

