46 313
33 40 
34 41 19 3 
34 41 19 20 2 4 
29 19 20 3 
29 6 
29 14 5 
29 42 14 15 18 
28 29 30 35 42 18 
30 31 35 36 16 17 
28 31 35 36 37 43 17 11 
28 30 31 35 43 10 
28 37 13 
28 37 12 
29 42 15 18 6 7 
29 42 14 18 7 
28 30 31 35 36 43 17 9 
28 30 31 35 43 16 9 10 
29 30 35 42 14 15 7 8 
29 34 41 20 2 3 4 
29 34 41 19 2 3 4 
28 44 45 32 
38 44 45 32 23 24 
38 45 22 32 24 
38 22 23 25 
46 24 26 
38 46 27 25 
38 46 26 
29 30 31 35 36 37 42 43 44 18 16 17 21 8 9 10 11 12 13 
28 30 31 34 35 36 42 19 20 14 15 18 4 5 6 7 8 
28 29 31 35 36 37 42 43 18 16 17 8 9 10 11 
28 29 30 35 36 37 42 43 16 17 9 10 11 
44 45 21 22 23 
34 40 41 1 33 
29 33 41 19 20 2 3 
28 29 30 31 36 42 43 18 16 17 8 9 10 11 
28 29 30 31 35 37 43 16 17 9 10 11 
28 30 31 35 36 43 44 10 12 13 
39 44 45 46 22 27 32 23 24 25 26 
39 38 46 27 
1 40 
33 34 19 20 2 3 
28 29 30 31 35 14 15 18 7 8 
28 30 31 35 36 37 16 17 10 11 
28 37 38 45 21 22 32 
38 44 21 22 32 23 
39 38 27 26 

