146 973
86 87 109 2 
110 1 
63 74 75 4 
63 74 75 3 
63 75 111 
63 112 7 8 
63 112 113 8 
63 113 6 7 
76 10 
76 9 11 
76 88 10 12 
76 88 114 11 13 14 15 
76 88 114 12 14 15 
76 88 114 12 13 15 
88 114 12 13 14 
76 77 
71 77 89 90 
66 71 72 91 115 19 
66 67 72 91 92 116 18 
66 67 72 91 92 93 116 117 
66 67 72 92 93 117 118 22 
66 67 72 92 93 117 118 21 
66 67 72 94 118 119 24 
66 67 94 119 120 121 23 
95 120 121 26 
95 120 121 25 
78 95 26 
62 78 29 
62 78 28 
96 97 123 
62 64 96 97 124 
64 79 98 
100 101 126 127 34 35 36 
100 101 127 33 35 36 
100 101 33 34 36 37 
80 101 33 34 35 37 
80 101 128 36 
80 101 128 129 130 
65 81 131 132 133 40 41 
81 132 133 39 41 
65 81 133 39 40 42 
65 81 134 41 
65 102 136 137 
68 69 104 140 
68 69 104 140 44 
68 69 70 47 
68 69 70 46 
68 69 70 141 49 50 51 
68 69 70 141 48 50 51 
69 70 141 48 49 51 
69 70 141 49 50 
69 70 53 54 
69 70 52 
70 52 53 55 
105 56 57 
105 55 57 
105 55 
82 105 59 
105 58 
82 83 105 
73 107 
64 66 67 72 78 79 95 96 97 98 99 122 123 124 28 29 30 31 
74 75 76 86 87 112 113 3 4 5 6 7 8 
62 65 79 80 96 97 98 99 100 124 125 126 127 31 32 
64 68 69 70 80 81 102 103 131 132 133 134 135 136 137 138 139 39 40 41 42 43 
62 67 71 72 77 78 91 92 93 94 95 115 116 117 118 119 120 18 19 20 21 22 23 24 
62 66 71 72 78 91 93 94 95 116 117 118 119 120 121 19 20 21 22 23 24 
65 69 70 102 103 104 138 139 140 141 44 45 46 47 48 49 
65 68 70 82 104 105 140 141 44 45 46 47 48 49 50 51 52 53 
65 68 69 82 104 105 140 141 45 46 47 48 49 50 51 52 53 54 
66 67 72 76 77 88 89 90 91 114 115 17 18 
62 66 67 71 91 92 93 94 115 116 117 118 119 18 19 20 21 22 23 
82 83 105 107 142 61 
63 75 86 87 109 110 111 1 2 3 4 
63 74 111 3 4 5 
63 71 77 88 89 114 9 10 11 12 13 14 15 16 
66 71 76 88 89 90 115 16 17 
62 66 67 95 122 27 
62 64 98 100 125 126 32 
64 65 101 128 129 130 131 36 37 38 
65 131 132 133 134 135 81 39 40 41 42 
69 70 73 84 105 142 58 59 60 
73 82 84 105 106 107 142 60 
73 82 83 106 107 142 
86 87 108 143 144 145 146 
63 74 85 87 108 109 110 146 
63 74 85 86 109 1 
71 76 89 114 11 12 13 14 15 16 
71 76 77 88 90 17 
71 89 17 
66 67 71 72 92 93 115 116 117 18 19 20 
66 67 72 91 93 116 117 118 19 20 21 22 
66 67 72 91 92 94 116 117 118 20 21 22 
66 67 72 93 95 118 119 120 121 23 24 
62 66 67 78 94 119 120 121 25 26 27 
62 64 97 123 124 30 31 
62 64 96 98 99 124 30 31 
62 64 79 97 99 32 
62 64 97 98 
79 101 125 126 127 33 34 35 
80 100 128 129 130 33 34 35 36 37 38 
65 68 103 136 137 138 139 43 
65 68 102 136 137 138 139 
68 69 70 44 
69 70 73 82 83 84 55 56 57 58 59 60 
73 82 83 84 107 142 
73 83 84 106 142 61 
85 86 143 144 145 146 
74 86 87 110 1 
74 86 87 109 1 2 
63 74 75 5 
63 6 7 
63 7 8 
71 76 88 12 13 14 15 16 
66 71 72 77 91 18 
66 67 91 92 93 117 19 20 
66 67 91 92 93 116 118 20 21 22 
66 67 72 92 93 94 117 21 22 23 
66 67 72 94 95 120 121 23 24 
66 67 94 95 119 121 25 26 
94 95 119 120 24 25 26 
62 78 122 
62 96 30 
62 64 96 97 31 
64 79 100 126 
79 100 125 127 33 
64 100 126 33 34 
80 101 129 130 37 38 
80 101 128 38 
80 101 128 129 38 
65 80 81 132 133 39 
65 81 131 133 39 40 
65 81 131 39 40 41 
65 81 135 42 
65 81 134 
65 102 103 137 43 
65 103 136 43 
65 68 102 103 139 
65 68 102 103 
68 69 70 104 44 45 
68 69 70 48 49 50 51 
73 82 83 84 106 107 
85 108 144 145 
85 108 143 145 
85 108 143 144 
85 86 108 

