47 336
22 23 26 7 8 24 25 
23 26 8 9 10 11 12 27 28 29 30 
22 15 16 32 33 34 35 
22 17 38 39 40 
22 43 6 18 19 47 44 
43 5 19 20 45 46 
23 26 1 8 24 25 21 
23 26 1 2 7 9 27 
22 23 26 2 8 10 11 12 27 28 29 30 
22 23 26 2 9 11 12 27 28 29 30 
22 23 26 2 9 10 12 27 28 29 30 
22 23 26 2 9 10 11 13 28 29 30 
22 26 12 31 32 33 
22 3 15 16 36 
22 3 14 16 36 37 
22 3 14 15 36 37 
22 4 36 37 
22 43 5 19 20 47 
43 5 6 18 44 
43 5 6 18 44 45 
23 26 7 24 25 
23 26 43 1 2 3 4 5 9 10 11 12 13 14 15 16 17 18 31 32 33 34 35 36 37 38 39 40 41 42 47 
22 26 1 2 7 8 9 10 11 12 24 25 21 27 28 29 
23 26 1 7 25 21 
23 26 7 24 21 
22 23 1 2 7 8 9 10 11 12 13 24 25 21 27 28 29 30 
23 26 2 8 9 10 11 28 
23 26 2 9 10 11 12 27 29 
23 26 2 9 10 11 12 28 30 
26 9 10 11 12 29 
22 13 32 33 34 
22 3 13 31 33 34 
22 3 13 31 32 34 35 
22 3 31 32 33 35 
22 3 33 34 
22 14 15 17 
22 15 17 36 
22 4 17 39 
22 4 38 
22 4 41 42 
22 40 42 
22 40 
22 5 6 18 19 20 47 44 45 46 
43 5 19 20 
43 6 20 46 
43 6 45 
22 43 5 18 

