217 1237
2 10 16 17 32 62 63 64 65 106 107 108 109 110 111 112 113 114 115 116 
1 4 5 18 33 34 66 67 68 123 124 125 126 127 128 129 130 131 132 133 
8 12 42 43 84 171 172 173 174 175 176 177 
2 5 6 34 35 131 132 133 134 135 136 137 4 
2 4 6 35 69 70 71 139 140 141 142 
4 5 7 35 36 37 38 69 70 71 72 73 142 143 144 
6 74 75 148 149 150 151 
3 12 42 43 44 177 178 179 180 181 182 183 
28 29 53 54 55 91 9 208 209 210 211 212 
1 15 30 31 57 58 96 97 99 100 101 
19 20 21 22 39 40 41 78 79 159 160 161 
3 8 24 44 45 184 185 186 187 
14 26 27 46 47 48 49 50 51 87 88 193 194 195 196 197 
13 52 88 89 199 200 201 202 
10 30 31 57 96 97 98 99 100 
1 17 32 111 112 113 114 115 
1 16 32 112 113 114 115 116 
2 33 66 67 120 121 122 123 
11 20 21 39 40 77 78 154 155 156 157 
11 19 21 39 78 156 157 
11 19 20 22 39 40 78 157 158 159 
11 21 40 159 160 
41 79 80 81 82 163 164 165 166 
12 25 45 188 24 
24 189 
13 27 47 48 49 50 51 193 194 195 196 
13 26 47 49 50 195 196 
9 29 54 208 209 210 211 212 
9 28 91 209 210 211 212 
10 15 31 57 58 98 100 101 
10 30 57 58 59 60 101 102 103 104 
1 16 17 111 112 
18 119 120 121 122 123 
2 4 68 126 127 128 129 
4 6 36 69 70 138 139 140 141 
5 6 35 37 70 71 142 143 
6 38 71 72 73 144 
6 37 72 73 144 145 146 
11 19 20 21 40 156 157 158 
11 21 22 39 78 157 158 
11 23 79 80 81 160 161 162 163 
3 8 43 175 176 
3 8 42 177 
8 182 183 44 
12 24 184 185 186 187 188 
13 47 85 86 87 190 191 192 
13 26 27 46 48 49 86 87 192 193 194 
13 26 27 47 49 50 51 195 
13 26 47 48 50 51 195 
13 26 27 48 49 51 88 195 196 197 198 
13 26 48 49 50 88 196 197 198 
14 89 199 200 201 202 
9 54 90 204 205 206 207 
9 28 53 204 205 206 207 208 
9 56 91 92 93 94 95 213 214 215 216 217 
55 93 94 95 56 
10 15 30 31 58 99 100 101 102 
10 30 31 57 101 102 103 104 
31 60 61 62 103 104 105 
31 59 61 62 104 105 
59 60 62 63 105 106 
1 59 60 61 63 64 105 106 107 
61 62 64 105 106 107 
1 62 63 106 107 108 
117 118 119 
2 18 124 125 
2 18 124 125 
2 4 34 129 130 131 132 
5 6 35 138 139 140 141 
5 6 35 36 69 141 
5 6 36 37 142 144 
6 37 38 73 144 145 
6 37 38 72 145 146 
7 75 148 149 150 151 152 
7 74 76 150 151 152 
75 153 
153 154 155 
19 20 21 39 40 157 158 
11 23 41 80 160 161 162 163 
41 79 81 161 162 163 
23 41 79 80 163 164 
23 81 164 165 
84 168 83 169 170 
3 83 170 171 172 
46 86 87 191 
47 85 87 192 
13 46 47 85 86 192 193 194 
13 14 50 51 196 197 198 
14 52 199 202 203 
53 203 205 
9 29 55 
55 93 94 95 213 214 216 217 
55 56 92 94 95 214 215 216 217 
55 56 92 93 95 214 215 216 217 
55 56 92 93 216 
10 15 97 98 
10 15 98 
10 15 30 96 97 99 
10 15 30 57 98 100 
15 30 57 99 
10 30 58 102 
31 57 58 101 103 104 
31 58 59 102 104 
31 58 59 60 102 103 
59 60 61 62 63 106 
1 61 62 63 64 105 
1 62 106 
1 64 109 110 
1 108 110 
1 108 109 
1 16 32 
1 16 17 32 
1 16 17 114 115 
1 16 17 113 115 
1 16 17 113 114 116 
17 115 
65 118 
65 117 119 
33 65 118 120 121 
18 33 119 121 
18 33 119 120 
18 33 
2 18 33 66 
2 66 67 125 126 
2 66 67 124 
2 34 124 125 
2 34 128 129 
34 127 129 
2 34 68 127 128 130 
2 34 68 
2 4 68 132 133 
2 4 68 131 133 
2 4 131 132 
135 136 
4 134 136 
4 134 135 137 
4 136 
5 35 69 139 140 141 
5 35 69 138 140 141 
5 35 69 138 139 141 
5 35 69 70 138 139 140 
5 6 36 71 143 
6 36 71 142 
6 38 71 72 
38 72 73 146 147 
38 73 145 147 
145 146 
7 149 
7 74 
7 74 75 151 152 
7 74 75 150 152 
74 150 151 
76 77 154 155 
19 77 153 155 
19 77 153 154 
19 20 39 
19 20 21 39 40 78 158 
21 39 40 78 157 
11 21 22 
11 22 41 79 161 
11 41 79 80 160 162 
41 80 161 
23 41 79 80 81 164 
23 41 81 82 163 
23 166 
23 165 167 
166 168 
83 167 
83 170 
83 84 169 
3 84 172 173 
3 84 171 173 
3 171 172 174 
3 173 
3 176 
3 42 175 
3 8 42 43 
8 179 180 
178 180 181 182 
8 178 179 181 182 
8 179 180 182 183 
8 44 179 180 181 183 
8 44 181 182 
12 45 186 
12 45 184 186 
12 45 184 185 187 
24 45 186 188 
24 45 187 
25 189 190 
46 85 189 
46 85 
46 47 85 86 87 
13 26 47 86 87 194 
13 26 47 87 193 
13 26 48 49 50 
13 26 27 50 51 88 197 
13 50 51 88 196 198 
50 51 88 197 
14 52 89 200 
14 52 
14 52 89 202 203 
14 52 89 201 203 
90 201 202 
53 90 205 206 207 
53 54 90 204 206 207 
53 54 204 205 207 
53 54 204 205 206 
9 28 54 209 
9 28 208 210 
9 28 29 209 211 
9 28 29 212 
28 211 
55 92 
55 92 93 94 215 216 217 
55 92 93 94 214 216 217 
55 92 93 94 95 214 215 217 
92 93 94 95 214 215 216 

