528 3930
2 3 4 5 7 8 9 10 11 12 18 19 20 21 22 23 39 40 41 42 43 78 79 80 81 82 83 84 85 86 87 88 138 141 143 144 145 146 147 148 149 150 151 152 153 154 155 156 157 158 159 160 161 268 273 274 302 332 
1 14 28 29 30 61 62 63 96 97 98 99 100 101 198 199 200 201 202 203 204 205 206 207 208 209 210 211 212 213 
1 4 7 8 18 19 20 21 39 77 78 79 127 128 129 130 131 132 133 134 135 136 137 138 139 140 141 142 143 273 274 302 332 
1 3 8 9 10 11 21 22 40 41 83 84 149 150 152 153 154 155 156 
1 12 13 44 45 46 47 48 49 50 90 169 170 171 172 173 174 175 176 
16 17 33 34 35 36 70 71 72 73 74 117 241 242 243 244 245 246 247 248 249 
1 3 8 18 19 20 39 78 79 130 131 132 133 134 135 136 137 138 139 140 141 142 143 
1 3 4 7 9 20 21 80 81 82 83 144 145 146 147 148 149 
1 4 8 10 11 21 22 40 41 84 149 151 152 153 154 
1 4 9 11 22 40 41 155 
1 4 9 10 22 40 41 85 155 156 157 
1 5 44 45 46 89 90 168 169 170 171 
5 24 49 50 51 52 53 54 55 91 92 93 94 177 178 179 180 181 
2 15 30 31 63 64 65 66 103 104 105 106 216 217 218 219 220 
14 32 64 65 66 67 68 107 108 109 222 223 224 225 226 227 228 229 
6 32 69 110 111 112 113 114 115 116 234 235 236 237 238 239 
6 37 38 74 75 76 120 121 122 123 256 257 258 259 260 
1 3 7 77 127 128 129 130 131 132 133 134 
1 7 20 39 78 79 137 138 139 140 141 142 143 
1 3 7 8 19 39 78 79 80 143 144 145 
1 3 4 8 9 80 81 82 83 146 147 148 149 150 
1 4 9 10 11 40 41 84 151 152 153 
1 42 43 86 87 88 160 162 163 164 
13 25 26 53 54 55 92 93 94 182 183 184 185 
24 26 27 56 185 186 187 188 189 190 191 
24 25 27 56 57 58 185 186 187 188 189 190 191 
25 26 56 57 58 188 189 190 191 192 
2 29 63 100 101 102 211 212 213 214 
2 28 63 101 102 212 213 214 215 
2 14 31 64 103 104 215 216 217 218 
14 30 63 64 65 66 103 104 105 106 217 218 219 220 
15 16 68 69 230 231 232 233 
6 34 35 70 71 72 242 243 244 245 246 247 
6 33 35 36 70 72 243 244 245 246 247 
6 33 34 36 71 72 245 246 247 
6 34 35 73 74 117 118 119 248 249 250 251 252 253 
17 38 75 76 121 122 123 258 259 260 261 
17 37 123 124 125 261 262 
1 3 7 19 20 78 79 138 139 140 141 142 143 
1 9 10 11 22 41 84 151 152 153 154 
1 4 9 10 11 22 40 155 156 
1 23 86 87 160 161 
1 23 88 161 163 164 165 166 167 43 
5 12 45 46 89 90 168 169 
5 12 44 46 89 90 168 169 
5 12 44 45 90 170 171 
5 48 49 176 
5 47 49 176 
5 13 47 48 50 51 52 91 177 
5 13 49 51 52 91 177 178 
13 49 50 52 53 54 91 92 177 178 179 180 181 
13 49 50 51 53 54 91 177 178 179 180 181 
13 24 51 52 54 91 92 93 178 179 180 181 
13 24 51 52 53 55 92 93 94 
13 24 54 92 93 94 182 
25 26 27 57 58 192 
26 27 56 58 192 193 194 
26 27 56 57 192 193 194 
60 95 194 195 196 
59 95 195 196 197 
2 62 97 98 99 201 202 
2 61 99 203 204 205 206 207 208 
2 14 28 29 30 31 103 104 215 216 
14 15 30 31 65 66 104 105 106 218 219 220 221 
14 15 64 66 105 106 220 221 222 223 224 225 
14 15 31 64 65 106 107 220 221 222 223 224 225 
15 107 108 109 226 227 228 
15 32 109 229 230 231 232 
16 32 110 111 112 234 235 236 237 238 
6 33 34 71 72 242 243 244 245 
6 33 34 35 70 72 243 244 245 246 247 
6 33 34 35 70 71 243 244 245 246 247 
6 36 74 117 118 248 249 250 251 252 253 
6 17 36 73 117 118 119 120 250 251 252 253 254 255 256 
17 37 76 121 122 123 257 258 259 260 
17 37 75 122 123 257 258 259 260 261 
18 127 128 
1 3 7 19 20 39 79 138 139 140 141 142 143 
1 3 7 19 20 78 138 139 140 141 142 143 
1 8 20 21 81 144 145 146 
1 8 21 80 82 145 146 147 
1 8 83 147 148 
1 4 8 21 82 148 
1 4 9 22 40 149 150 151 152 
1 11 86 157 158 159 
1 23 42 85 159 160 
1 23 42 160 
1 23 43 161 162 163 164 165 166 
12 44 45 168 
5 12 44 45 46 169 
13 49 50 51 52 53 177 178 180 
13 24 51 52 53 54 55 93 181 
13 24 52 53 54 55 92 
13 24 54 55 182 183 
59 60 195 196 197 
2 198 199 
2 61 98 99 201 
2 61 97 99 201 202 203 
2 61 62 97 98 202 203 204 
2 28 209 210 211 
2 28 29 102 212 
2 28 29 101 213 214 
14 30 31 104 216 217 
14 30 31 63 64 103 216 217 218 
14 31 64 65 66 106 218 219 220 
14 31 64 65 66 105 220 221 222 
66 67 108 225 226 227 
15 67 107 227 228 229 
15 67 68 108 227 228 229 
16 69 111 112 236 237 238 239 
16 69 110 112 236 237 238 239 
16 69 110 111 113 114 236 237 238 239 
16 114 116 240 
16 112 113 115 240 
16 114 116 240 241 
16 113 114 115 240 
6 36 73 74 118 248 249 250 251 252 253 
36 73 74 117 119 250 251 252 253 254 255 
36 74 118 250 251 252 253 254 255 
17 74 121 256 
17 37 75 120 256 257 
17 75 76 123 258 259 260 261 
17 37 38 75 76 122 260 261 
38 262 
38 263 264 265 266 267 
77 127 
3 18 77 128 
3 18 77 127 
3 18 130 
7 18 131 
3 7 18 130 132 133 134 135 
3 7 18 131 133 134 135 136 
3 7 18 131 132 134 135 136 
3 7 18 131 132 133 135 136 137 
3 7 131 132 133 134 136 137 
3 7 132 134 135 137 
3 7 134 135 136 
1 3 7 19 39 78 79 139 140 141 142 
3 19 39 78 79 138 140 141 142 
3 7 19 39 78 79 138 139 141 142 
1 3 7 19 39 78 79 138 140 142 143 
3 7 19 39 78 79 138 139 140 141 143 
1 3 7 19 20 39 78 141 142 
1 8 20 80 145 
1 8 20 80 81 144 146 
1 8 21 80 81 145 
8 21 81 82 83 148 
1 8 21 82 83 147 
1 4 8 9 21 83 150 
1 4 21 83 84 149 
1 4 9 22 40 84 153 
1 4 9 40 84 151 153 
1 4 9 22 40 151 152 154 
1 4 9 22 40 153 
1 4 10 11 41 156 
1 4 10 11 155 
1 11 85 158 159 
1 85 157 159 
1 85 86 157 158 
1 23 42 86 87 
1 23 42 43 88 162 163 164 
23 88 161 163 164 
23 43 88 161 162 164 165 
23 43 88 161 162 163 165 166 
43 88 163 166 
43 88 164 165 167 
43 166 
12 44 45 
12 44 45 46 90 
5 12 46 171 172 
5 12 46 170 172 
5 170 171 173 174 175 
5 174 175 
5 172 173 175 
172 173 174 
5 47 48 
13 49 50 51 52 91 178 
13 50 51 52 53 91 177 179 180 181 
13 51 52 53 91 178 180 181 
13 51 52 53 91 178 179 181 
13 51 52 53 92 178 179 180 
24 55 94 183 184 
24 94 182 
24 182 183 
25 26 186 187 
25 26 185 187 188 189 
25 26 185 186 188 189 190 191 
25 26 27 186 187 189 190 191 
25 26 27 186 187 188 190 191 
25 26 27 187 188 189 191 
25 26 27 188 189 190 
27 56 57 58 
57 58 59 194 
57 58 59 193 
59 60 196 197 
59 60 195 197 
60 95 195 196 
2 96 200 
2 198 200 
2 96 198 199 
2 61 97 98 202 
2 61 97 98 99 201 
2 61 62 98 99 204 
2 62 99 203 205 206 
2 62 204 206 207 208 
2 62 204 205 207 208 
2 62 205 206 208 209 
2 62 206 207 209 
2 100 206 207 208 
2 211 
28 100 210 
2 101 
2 28 29 102 
28 29 102 213 
29 30 
14 31 63 103 104 217 
14 30 31 103 216 218 
14 30 31 64 104 105 217 219 
14 31 64 104 105 218 
14 31 64 65 66 105 106 222 223 
64 65 66 106 220 222 223 224 
15 65 66 106 220 221 223 224 
15 65 66 220 221 222 224 225 
15 65 66 221 222 223 225 
15 65 66 107 223 224 226 
15 67 225 
15 67 107 108 109 228 
15 67 108 109 227 229 
15 68 108 228 
32 231 232 233 
32 68 230 233 
32 68 230 231 233 
32 68 230 232 
16 32 69 235 
16 69 234 
16 69 110 111 112 237 238 239 
16 69 110 111 112 236 239 
16 69 110 111 112 236 237 239 
16 110 111 112 237 
113 114 115 116 241 
6 115 116 240 
6 33 70 241 
6 33 34 70 71 72 244 245 246 
6 33 34 70 71 72 243 245 246 
6 33 34 35 70 71 72 243 244 246 
33 34 35 71 72 243 245 
6 33 34 35 71 72 
6 36 73 117 249 
6 36 73 117 248 
36 73 74 117 118 119 251 252 253 
36 73 74 117 118 119 250 252 253 
36 73 74 117 118 250 251 253 254 255 
36 73 74 117 118 119 250 251 252 254 255 
74 118 119 252 253 255 
74 118 119 252 253 254 
17 74 120 121 
17 37 75 76 121 258 259 
17 37 75 76 122 257 259 260 
17 37 75 76 122 257 258 
17 37 75 76 122 123 258 261 
37 38 76 122 123 260 
38 124 263 
125 262 264 265 266 
125 263 266 267 
263 264 266 267 
125 263 264 265 267 
125 264 265 266 
269 272 276 277 280 281 282 283 284 296 297 298 316 317 318 319 320 321 352 354 355 356 357 358 359 360 361 362 363 364 365 458 459 460 461 462 463 464 465 466 467 468 469 470 471 472 473 474 475 476 477 478 
268 270 275 278 279 287 288 289 290 291 292 308 334 335 336 337 338 339 269 409 410 411 412 413 414 415 416 417 
269 271 275 278 279 286 287 288 289 303 304 305 306 307 333 396 397 398 399 400 401 402 
270 275 286 303 392 
268 276 280 295 296 314 315 316 350 351 352 448 449 450 451 452 453 454 455 272 457 
274 285 301 302 332 385 386 387 388 389 390 515 516 517 518 519 520 521 522 523 524 525 
7 273 302 332 389 390 391 518 519 520 521 522 523 524 525 526 527 528 
270 271 278 286 287 288 289 304 305 306 333 396 397 398 399 400 401 
268 272 280 295 296 314 315 350 351 444 445 446 447 448 449 450 451 452 453 
268 285 299 300 325 326 327 328 376 377 378 379 380 381 496 497 498 499 500 501 502 503 504 505 
269 270 275 279 286 287 288 289 304 305 306 333 397 398 399 400 401 
269 270 275 278 287 288 289 304 305 306 307 333 400 401 402 
268 272 276 295 296 314 315 350 351 445 446 447 448 449 450 451 452 453 
268 297 298 318 319 356 357 462 463 464 465 466 467 468 
268 298 359 360 361 362 473 474 
268 284 321 366 367 368 369 482 483 484 
268 283 367 368 369 370 371 483 484 485 486 487 488 489 490 
273 277 301 328 329 330 331 382 383 384 385 509 510 511 512 513 
270 271 275 303 304 396 
269 270 275 278 279 288 289 306 307 333 401 402 
269 270 275 278 279 287 289 307 334 402 403 404 405 
269 270 275 278 279 287 288 306 307 334 402 403 404 405 
269 291 308 338 339 412 413 414 415 416 
269 290 292 416 417 
269 291 417 418 292 
294 309 310 343 426 427 428 429 
293 309 343 426 427 428 429 
272 276 280 313 314 345 346 347 348 349 442 443 
268 272 276 280 350 351 452 453 454 455 456 
268 281 317 318 355 356 460 461 462 
268 281 282 318 319 357 358 359 468 469 470 471 472 
277 322 323 324 372 373 374 375 492 493 
277 325 326 327 378 379 380 498 499 500 501 502 503 504 
273 285 329 330 331 382 383 384 511 512 513 
126 273 274 332 390 391 528 
270 271 286 392 393 394 395 
270 275 278 279 286 305 333 397 398 399 400 
270 275 278 279 304 333 397 398 399 400 
270 275 278 279 287 288 289 307 333 402 
270 279 287 288 289 306 402 403 
269 290 339 411 412 413 414 
293 294 310 343 427 428 429 430 
293 309 311 343 344 429 430 432 433 434 
310 343 344 432 433 434 435 436 
313 344 435 436 437 438 439 440 
295 312 345 346 347 441 
272 276 280 295 315 348 349 442 443 444 
272 276 280 314 350 444 445 446 447 448 449 450 
272 352 353 
268 297 354 355 
268 281 297 298 319 462 463 464 465 466 467 468 
268 281 298 318 357 466 467 468 469 
268 363 364 365 476 477 478 
268 283 284 367 368 369 482 483 
299 323 372 373 492 
299 322 324 374 375 494 
299 374 375 493 494 
277 375 376 377 494 495 496 497 498 
277 300 327 378 379 380 499 500 501 502 503 504 
277 300 326 378 379 380 499 500 501 503 504 
277 285 329 330 381 382 506 507 508 509 
285 301 328 330 382 383 507 508 510 511 
285 301 328 329 382 383 508 509 510 511 
285 301 383 512 513 
77 126 273 274 302 391 528 
275 278 279 287 304 305 306 399 400 401 
269 288 289 335 403 404 405 406 407 408 
269 334 406 407 408 409 
337 410 
269 336 410 411 
269 290 339 412 413 
269 290 308 338 413 414 415 
342 419 420 421 
340 342 419 420 421 
340 341 419 420 421 422 
293 294 309 310 311 429 430 431 432 433 
310 311 312 433 435 436 437 
295 313 346 347 441 
295 313 345 347 441 
295 313 345 346 
295 314 349 442 443 
295 314 348 442 443 
272 276 280 296 315 448 449 450 451 
276 280 296 452 453 
268 272 316 353 457 
316 352 457 
268 458 
268 297 317 356 458 459 460 
268 281 297 355 460 461 
268 281 298 319 358 469 470 471 472 
268 298 357 359 469 470 471 472 473 
268 282 298 358 470 471 472 473 474 
268 282 
268 282 362 363 475 
268 282 361 475 476 477 
268 320 362 475 476 477 
268 478 
268 320 364 478 479 
268 283 482 
283 284 321 368 369 482 483 
283 284 321 367 369 483 484 
283 284 321 367 368 483 485 
284 371 485 486 487 488 489 
284 370 487 488 489 490 491 
299 322 373 492 
299 322 492 
299 323 324 375 493 494 
299 323 324 325 374 376 377 494 495 
277 325 375 377 494 495 496 
277 325 375 376 494 495 496 497 
277 300 326 327 379 380 500 501 503 
277 300 326 327 378 380 500 501 502 503 504 505 
277 300 326 327 378 379 500 502 504 505 
277 328 506 
301 328 329 330 383 507 508 509 510 511 
285 301 329 330 331 382 384 511 512 
285 301 331 383 512 
273 285 386 514 
273 385 387 514 
273 385 386 515 516 
273 516 517 
273 274 390 521 522 523 524 525 
273 274 302 389 525 526 527 
274 302 332 528 
271 303 393 392 
303 392 394 395 
303 393 395 
303 393 394 
270 275 286 
270 275 278 304 305 398 
270 275 278 304 397 
270 275 278 279 304 305 400 401 
270 275 278 279 305 333 399 401 
270 275 278 279 287 333 399 400 
270 279 287 288 289 306 307 403 
288 289 307 334 402 404 405 
288 289 334 403 405 406 407 
288 289 334 403 404 406 407 408 
335 404 405 408 
334 335 404 405 406 408 
334 335 405 406 407 
269 335 
336 337 
269 308 337 412 
269 290 308 338 411 413 
269 290 308 338 339 412 
269 290 308 339 415 
269 290 339 414 416 
269 290 291 415 
269 291 292 418 
292 417 
340 341 342 420 421 
340 341 342 419 421 
340 341 342 419 420 
342 423 425 
422 424 425 
422 423 425 
422 423 424 426 
293 294 425 
293 294 309 428 
293 294 427 429 
293 294 309 310 343 428 430 431 
309 310 429 431 432 
310 343 429 430 432 
311 430 431 433 
310 311 343 432 434 
310 311 344 433 
311 312 344 436 437 
311 312 344 435 437 
312 344 435 436 438 
312 437 439 440 
312 438 440 
438 439 
313 345 346 
295 314 348 349 443 444 
295 314 348 349 442 444 
276 314 315 442 443 445 
276 280 315 444 447 448 
276 280 315 445 447 449 
276 280 315 445 446 448 449 
272 276 280 315 350 445 446 447 449 450 
272 276 280 315 350 446 448 450 
272 276 280 315 350 447 449 
272 276 280 350 
272 296 351 453 
272 276 280 296 351 452 454 455 456 
272 296 453 455 456 
272 296 453 454 456 
272 296 454 455 
272 316 352 353 
268 354 355 459 
268 317 355 458 460 
268 297 355 356 459 461 
268 297 356 460 
268 281 297 318 464 465 
268 318 462 464 465 
268 281 318 462 463 465 
268 281 318 462 463 464 
268 281 318 319 467 468 
268 281 318 319 466 468 
268 281 298 318 466 467 
298 319 357 358 
268 298 357 358 359 471 472 473 
268 357 358 359 470 472 473 
268 298 357 358 359 470 471 473 474 
268 282 358 359 470 471 472 474 
268 282 359 473 
268 361 362 363 476 477 
268 320 362 363 475 477 
268 320 362 363 475 476 
268 320 364 479 480 481 
365 478 480 481 
478 479 
478 479 480 
283 321 366 367 
283 284 321 367 368 369 484 
283 284 368 369 483 485 486 
284 369 370 484 486 487 488 
284 370 484 485 487 488 489 
284 370 371 485 486 488 489 
284 370 371 485 486 487 489 
284 370 371 486 487 488 
284 370 371 491 
371 490 
299 372 373 
299 323 324 374 
323 324 325 374 375 377 495 
325 375 376 377 494 
277 325 376 377 497 498 
277 325 377 496 
277 300 325 496 497 499 
277 326 327 378 498 
277 300 326 327 378 379 380 501 502 503 
277 300 326 327 378 379 500 502 503 
300 326 327 378 379 380 500 501 503 504 
277 300 326 327 378 379 380 500 501 502 504 505 
277 300 326 327 379 380 502 503 505 
277 379 380 503 504 
328 381 507 508 
328 329 382 506 508 
328 329 330 382 506 507 510 
285 328 329 330 382 508 511 
285 329 330 382 508 509 511 
285 301 329 330 382 383 509 510 
285 301 331 383 384 
285 301 331 
385 386 
273 387 516 
273 387 388 
273 388 
273 274 519 520 
273 274 518 520 
273 518 519 
273 274 522 523 524 
273 274 389 521 523 524 
273 274 389 521 522 524 
274 389 521 522 523 
273 274 389 390 
274 390 525 527 
274 302 526 
274 302 332 391 

