199 1333
2 3 7 12 19 20 21 35 36 37 38 39 40 41 42 43 44 84 85 86 87 88 89 90 91 92 93 94 95 96 97 171 172 173 174 175 176 177 178 179 180 181 182 183 184 1 
1 3 12 19 20 21 43 44 45 91 92 93 94 95 96 97 98 99 180 181 182 183 184 185 186 187 188 
1 2 12 19 20 21 43 44 45 46 47 98 99 100 101 188 189 190 191 
8 14 57 116 117 118 119 120 121 122 123 124 4 
9 14 24 25 26 27 60 61 126 127 128 129 
15 16 17 31 63 134 135 136 137 138 139 140 
1 36 37 38 39 40 80 81 82 83 84 85 169 170 171 
4 22 23 52 53 54 55 56 112 113 114 115 116 117 
5 27 28 29 128 129 130 
32 33 69 70 71 72 150 151 152 153 154 155 156 157 158 159 
18 34 75 76 164 165 166 167 
1 2 3 13 21 45 46 47 100 101 102 190 191 192 193 
12 48 49 50 103 194 195 13 
4 5 24 25 26 58 59 60 125 126 
6 16 29 30 131 132 133 134 
6 15 31 133 134 135 
6 31 63 64 138 139 140 141 142 
11 76 166 167 168 
1 2 3 20 43 44 97 185 186 187 
1 2 3 19 43 44 97 185 186 187 188 
1 2 3 12 44 45 98 99 100 
8 23 52 53 105 106 107 108 109 110 111 112 
8 22 52 53 54 55 56 109 110 111 112 113 114 
5 14 25 26 58 59 60 125 
5 14 24 26 59 60 126 
5 14 24 25 60 126 
9 127 128 129 
9 29 30 61 62 130 131 
9 15 28 30 62 131 
15 29 62 131 132 133 
16 17 63 135 136 137 138 
10 65 66 67 68 143 144 145 146 147 148 149 
10 69 70 71 72 155 156 157 158 159 160 
11 18 76 77 78 167 168 
1 36 37 38 80 81 82 83 169 170 
1 7 37 38 80 81 82 169 170 
1 7 35 36 38 81 82 83 169 170 
1 35 36 37 39 83 84 170 
1 7 38 84 
1 7 41 85 86 87 171 
1 40 42 85 86 87 88 89 
1 41 87 88 89 174 175 
1 2 3 19 20 44 97 98 99 188 189 
1 2 19 20 21 43 45 98 99 188 189 
2 3 12 21 44 98 99 100 
3 12 47 101 102 190 191 192 193 
3 12 46 101 102 191 192 193 
13 49 103 
13 48 103 194 
13 51 104 196 197 198 199 
50 104 197 198 199 
8 22 23 53 54 107 108 109 110 111 112 113 
8 22 23 52 54 55 109 110 111 112 113 114 
8 23 52 53 55 111 112 113 114 
8 23 53 54 112 113 114 
8 23 55 115 
4 118 119 120 121 122 123 
24 59 125 
14 24 125 
5 14 24 25 26 126 
5 9 28 130 
28 29 30 131 
6 17 31 136 137 138 139 
17 65 66 141 142 
32 64 66 67 142 143 144 
32 64 65 67 68 143 144 145 146 147 
32 65 66 68 143 144 145 147 148 
32 66 67 143 144 145 146 147 148 
10 33 70 71 152 153 154 155 
10 33 69 71 154 155 156 
10 33 70 155 156 157 158 
10 33 73 159 160 161 162 163 
72 161 162 163 
11 75 162 163 164 165 
11 74 164 165 
11 18 34 77 166 167 168 
18 34 76 168 
34 79 
35 78 80 
7 35 36 79 81 82 169 
7 35 36 37 80 82 83 170 
7 35 36 37 80 81 169 170 
7 35 37 38 81 82 169 170 
1 7 38 39 
1 7 40 41 86 87 171 172 
1 40 41 85 87 88 
1 41 42 85 86 88 89 
1 41 42 86 87 89 
1 41 42 87 
176 177 
1 2 92 93 94 178 179 
1 2 91 93 94 95 178 179 180 181 
1 2 91 92 94 95 178 179 180 181 
1 2 91 92 93 95 178 179 180 181 
1 92 93 94 181 182 
1 2 183 184 
1 2 19 20 43 185 186 187 
2 3 21 44 45 99 188 189 
2 3 21 43 44 45 98 189 
3 12 21 45 
3 12 46 47 102 191 192 193 
12 46 47 101 192 193 
13 48 
51 197 198 199 
22 106 
22 105 
22 52 108 109 
22 52 107 109 110 111 
22 23 52 53 107 108 110 111 112 113 
22 23 52 53 108 109 111 112 
22 52 53 54 108 109 110 112 113 
8 22 23 52 53 54 55 109 110 111 113 114 
8 23 52 53 54 55 109 110 111 112 114 
23 53 54 55 112 113 
8 56 
4 8 117 
4 8 116 
4 57 119 120 
4 57 118 120 
4 57 118 119 121 122 
4 120 122 123 
4 57 120 121 123 
4 57 121 122 124 
4 123 
14 24 58 59 
5 14 24 25 26 60 
5 27 
5 9 27 
5 9 27 128 
9 28 130 
15 28 29 30 62 
15 30 133 
15 16 30 132 
6 15 135 
6 16 31 134 
31 63 137 
6 31 63 
6 17 31 63 139 
6 17 63 138 140 
6 17 
17 64 142 
17 64 65 141 
32 65 66 67 68 144 145 146 147 148 
32 65 66 67 68 143 145 146 147 148 
32 66 67 68 144 146 147 148 
32 66 68 143 144 145 147 148 
32 66 67 68 143 144 145 146 148 
32 67 68 143 144 145 146 147 
32 150 
10 149 151 152 153 
10 150 152 153 
10 69 150 151 153 
10 69 150 151 152 154 
10 69 70 153 
10 33 69 70 71 156 157 158 
10 33 70 71 155 157 158 
10 71 155 156 158 
10 33 71 155 156 157 
10 33 72 160 
33 72 159 161 
72 73 
72 73 74 161 163 
72 73 74 162 
11 74 75 165 
11 74 75 164 
11 18 76 167 
11 18 34 76 166 168 
18 34 76 77 167 
7 35 36 37 80 81 82 83 170 
7 35 36 37 38 81 82 83 169 
7 40 
1 85 171 
1 42 174 175 
1 42 173 175 176 
1 42 173 174 176 
1 90 175 177 
1 90 
1 91 92 93 94 179 
1 91 93 94 178 
1 2 92 93 95 181 
1 2 92 93 94 95 180 182 
1 2 95 181 
1 2 96 184 
1 2 96 183 
2 19 20 97 186 187 
2 19 20 97 185 187 
2 19 20 97 185 186 
2 3 20 43 44 98 189 
3 43 44 98 99 188 
3 12 46 
3 12 46 47 101 192 
12 46 47 101 102 191 193 
12 46 47 101 102 192 
13 49 195 
13 49 194 196 
50 195 197 
50 51 104 198 
50 51 104 197 199 
50 51 104 198 

