81 524
26 45 5 2 3 4 17 18 
1 3 4 15 16 17 18 
1 2 4 15 16 17 
1 2 3 16 17 
10 26 45 5 1 2 18 
7 10 19 20 29 30 47 48 49 50 51 52 
6 8 9 11 21 31 32 53 54 55 56 57 58 59 60 61 62 63 
7 9 11 12 21 22 23 32 33 34 35 36 68 69 70 71 72 73 74 
7 8 11 21 22 23 32 33 34 64 65 66 67 68 69 
5 6 19 27 28 29 30 46 
7 8 21 22 23 32 33 34 64 65 66 67 68 69 
8 13 35 36 37 73 74 75 76 77 78 
12 14 37 38 39 77 78 79 
13 24 38 39 40 41 42 79 
2 3 4 16 
2 3 4 17 
1 2 3 4 16 
1 2 
6 10 29 30 
6 48 51 52 20 
7 8 9 11 22 32 33 34 62 63 64 65 66 67 
8 9 11 21 23 32 33 34 68 69 
8 9 11 22 34 69 
14 25 39 40 41 42 43 44 80 
24 42 43 44 
5 45 
10 28 46 
10 46 
6 10 19 30 47 
6 10 19 29 
7 58 59 61 
7 8 9 11 21 22 33 34 63 64 65 66 67 
8 9 11 21 22 32 34 64 65 66 67 
8 9 11 21 22 23 32 33 64 65 66 67 68 
8 12 36 70 71 72 73 74 75 76 
8 12 35 70 71 72 73 74 76 
12 13 38 77 78 79 
13 37 39 40 79 
13 14 24 38 40 79 
24 38 
14 24 40 42 
14 24 25 41 43 44 80 81 
24 25 42 44 80 81 
24 25 42 43 80 81 
5 26 
27 28 
6 19 29 30 
6 20 49 50 51 
6 48 50 51 52 
6 48 49 51 52 
6 20 49 52 
6 20 48 49 50 51 
7 54 55 56 
53 55 56 
7 53 54 56 57 
7 53 54 55 57 
7 55 56 58 
7 31 57 59 
7 31 58 
7 31 59 61 
7 31 60 62 
21 61 63 
7 21 32 62 
9 11 21 32 33 34 65 66 67 
9 11 21 33 34 64 66 67 
9 11 21 32 33 34 64 65 67 
9 11 21 32 33 34 64 65 66 
8 9 11 22 23 34 
8 9 11 22 23 
8 36 71 72 73 74 
8 35 36 70 72 73 74 
8 36 70 71 73 74 
8 12 35 36 70 71 72 74 75 
8 12 35 36 70 71 72 73 75 
12 35 36 73 74 76 
12 35 36 74 75 
13 37 78 
12 13 37 77 
13 14 37 38 39 
24 25 42 43 44 81 
25 43 44 80 

