52 396
34 35 39 43 2 3 
34 35 43 1 3 
34 35 39 43 1 2 
41 25 18 5 6 
41 47 18 4 6 
41 18 4 5 7 
41 48 49 18 6 8 
41 48 49 7 
50 20 21 10 12 
42 20 21 9 11 12 
42 50 20 21 9 10 12 13 
42 50 21 9 10 11 13 
39 42 51 11 12 
34 39 51 22 23 15 
34 39 51 22 23 14 
47 17 16 
47 16 24 25 
41 47 48 25 4 5 6 7 
41 42 48 49 20 8 
41 42 48 49 50 19 21 9 10 11 
39 41 42 49 20 9 10 11 12 13 
34 39 51 23 14 15 
34 39 51 22 14 15 
47 17 25 
47 17 24 18 4 
34 35 45 46 27 28 29 40 30 
35 45 46 26 28 29 30 
35 45 46 26 27 29 
45 46 26 27 28 30 
45 46 26 27 28 29 
34 35 43 44 45 52 33 
46 36 37 
34 35 44 45 52 31 40 
35 39 41 42 43 44 45 46 50 51 52 22 23 31 26 14 15 1 2 3 38 33 
34 39 43 44 45 46 52 31 26 27 28 1 2 3 38 33 40 
46 32 37 
46 36 
34 39 43 
34 35 41 42 43 44 50 51 52 21 22 23 13 14 15 1 2 3 38 
35 44 45 52 26 33 
34 39 42 47 48 50 18 19 20 21 4 5 6 7 8 
34 39 41 48 49 50 51 19 20 21 9 10 11 12 13 
34 35 39 44 52 31 2 3 38 
34 35 39 43 45 52 31 38 33 40 
34 35 44 46 52 31 26 27 28 29 33 40 30 
34 35 45 26 27 28 29 30 32 36 37 
41 16 17 24 25 18 4 5 
41 42 49 18 19 20 7 8 
41 42 48 50 19 20 21 7 8 
34 39 41 42 49 51 20 21 9 10 11 13 
34 39 42 50 22 23 13 14 15 
34 35 39 43 44 45 31 33 

