31 215
11 12 13 14 15 16 17 18 19 
11 12 13 23 1 16 17 18 19 20 21 
23 4 5 6 20 22 10 
23 3 5 6 10 
23 3 4 6 10 
23 3 5 7 10 25 
23 24 6 7 25 26 27 
24 9 28 29 30 31 
24 8 30 31 
23 3 4 
12 13 23 1 2 14 15 16 17 18 19 20 
11 13 23 1 2 14 15 16 17 18 19 20 
11 12 23 1 2 15 16 17 18 19 20 
11 12 1 15 
11 12 13 1 14 16 
11 12 13 2 15 17 18 
12 13 1 16 18 
11 12 13 1 2 16 17 19 
11 12 13 1 2 17 
11 12 13 23 2 3 21 22 
23 2 3 20 22 
23 3 20 21 
11 12 13 2 3 4 5 6 7 20 22 10 
7 8 9 25 26 27 28 29 30 31 
24 6 7 26 27 
24 7 25 27 28 29 
24 7 25 26 28 29 
24 8 26 29 30 31 
24 8 26 27 28 30 31 
24 8 9 28 29 31 
24 8 9 28 29 30 

