30 241
21 12 13 
21 26 27 13 
21 26 27 14 4 
21 23 26 27 14 3 
20 21 22 23 28 15 
20 22 23 28 29 15 
20 22 24 25 30 16 17 8 
20 24 25 30 16 17 7 9 
20 24 25 30 16 17 18 8 
20 24 18 19 11 
24 18 10 
21 13 1 
21 26 12 1 2 
20 21 23 26 27 4 
21 22 23 28 5 
20 22 24 25 30 17 18 7 8 9 
20 22 24 25 30 16 18 7 8 9 
20 24 25 30 16 17 19 9 10 11 
24 18 11 
21 22 23 24 25 26 27 28 29 30 14 15 16 17 18 19 5 6 7 8 9 10 
20 22 23 26 27 28 12 13 14 15 1 2 3 4 5 
20 21 23 24 25 28 29 30 15 16 17 5 6 7 
20 21 22 25 26 27 28 29 14 15 4 5 6 
20 22 25 30 16 17 18 19 7 8 9 10 11 
20 22 23 24 29 30 16 17 18 7 8 9 
20 21 23 27 13 14 2 3 4 
20 21 23 26 14 2 4 
20 21 22 23 15 5 6 
20 22 23 25 6 
20 22 24 25 16 17 18 7 8 9 

