66 471
54 55 57 
58 10 11 14 2 
9 51 28 29 30 65 4 
9 51 28 29 30 65 3 
9 51 29 30 48 65 6 7 8 
9 51 30 5 7 8 
9 51 31 48 5 6 8 37 38 
9 31 48 5 6 7 37 
13 51 54 28 29 30 31 32 39 40 47 48 65 3 4 5 6 7 8 37 38 35 33 34 36 49 
13 23 24 58 11 
13 23 24 58 10 
13 23 24 25 26 58 59 53 56 
9 23 24 25 26 27 42 58 59 60 10 11 12 53 56 22 2 14 
2 
26 42 43 60 61 16 17 
42 60 61 15 17 
27 42 43 61 15 16 18 19 
27 42 44 61 62 17 19 
27 42 43 44 62 17 18 
46 63 64 21 
63 64 20 
13 25 26 59 60 
13 24 25 26 58 10 11 12 2 
13 23 25 26 58 10 11 12 2 
13 23 24 26 58 59 60 12 53 56 22 
13 23 24 59 60 61 12 53 56 22 15 
13 42 43 44 45 46 61 62 17 19 
9 51 29 30 47 65 3 
9 51 28 30 47 65 3 4 5 
9 51 28 29 48 65 3 4 5 6 
9 51 32 48 7 8 37 38 35 
9 51 31 48 35 33 34 
32 35 34 36 
9 32 35 33 36 
9 31 34 
9 33 34 
9 31 48 7 8 38 
9 31 48 8 37 
9 54 40 66 49 50 41 52 
9 54 39 66 49 50 41 
54 39 40 66 52 
13 27 43 44 45 60 61 62 15 18 19 
27 42 44 45 61 62 15 17 18 19 
27 42 43 45 46 62 18 19 
27 42 43 44 46 
27 44 45 62 63 64 20 
9 51 28 29 
9 51 30 31 32 5 6 7 8 37 38 
9 39 40 50 
39 40 49 
9 28 29 30 31 32 47 48 65 3 4 5 6 7 
54 39 40 66 41 
13 25 26 59 12 56 
9 39 40 66 1 41 52 55 57 
54 66 1 
13 25 26 59 12 53 
54 1 
13 23 25 10 11 12 
13 25 26 60 12 53 56 22 
13 25 26 42 59 61 22 15 16 
26 27 42 43 60 15 16 17 18 
27 42 43 44 45 46 18 19 
46 64 20 21 
46 63 20 21 
9 51 28 29 30 3 4 5 
54 39 40 41 52 55 

