29 253
26 27 
18 19 23 28 9 13 11 3 
18 19 23 28 9 13 11 2 4 5 
18 19 23 28 9 13 11 3 5 6 
18 23 24 28 12 3 4 6 7 8 
18 24 28 12 4 5 7 8 
18 23 24 28 12 4 5 6 8 
18 23 24 29 12 16 14 5 6 7 17 
18 19 23 28 13 11 2 3 4 
23 24 29 16 14 15 
18 19 23 28 9 13 2 3 4 
18 23 24 28 29 16 14 5 6 7 8 17 
18 19 23 28 9 11 2 3 
18 23 24 29 12 16 15 8 17 10 
24 29 16 14 10 
18 23 24 29 12 14 15 8 17 10 
18 23 24 29 12 16 14 8 
19 23 24 28 29 25 9 13 11 12 16 14 2 3 4 5 6 7 8 17 
18 23 28 22 25 9 13 11 2 3 4 
26 27 21 22 
27 20 22 
19 20 21 25 
18 19 24 28 29 9 13 11 12 16 14 2 3 4 5 6 7 17 10 
18 19 23 28 29 12 16 14 15 5 6 7 8 17 10 
18 19 22 
27 20 21 1 
26 20 21 1 
18 23 24 9 13 11 12 2 3 4 5 6 7 
18 23 24 16 14 8 17 10 

