226 1473
51 61 84 125 126 225 226 2 3 4 
51 61 126 226 1 3 4 
51 61 126 1 2 4 
51 52 61 126 1 2 3 
51 52 85 127 129 6 7 
51 52 85 127 128 129 7 
51 52 85 127 128 129 5 6 8 9 
51 52 85 127 128 129 7 9 10 
51 52 85 129 7 8 10 
52 85 8 9 
86 130 131 132 134 
133 134 13 14 
87 133 134 12 14 
87 134 12 13 15 16 
87 14 16 17 
87 14 15 17 
87 135 15 16 
44 19 
44 88 18 20 
44 88 18 19 
44 53 88 89 
44 45 53 54 62 88 89 23 
44 45 53 54 62 22 
44 45 53 62 90 
45 62 90 
45 54 90 25 
45 27 
91 92 93 
63 93 30 
63 93 138 29 
63 93 138 29 30 
63 138 139 
94 140 141 34 
94 95 140 142 33 
64 94 95 
64 143 
143 144 38 39 
144 37 39 
144 145 38 
96 146 40 
42 43 56 70 71 72 73 74 75 76 77 105 106 107 108 109 161 162 163 164 165 166 167 168 169 170 171 172 173 174 175 
41 43 48 49 57 58 59 116 117 189 191 192 193 194 195 196 197 198 199 200 201 
41 42 49 57 58 59 78 79 80 81 114 115 116 183 184 185 186 187 188 189 
45 53 54 62 87 88 89 90 135 136 137 18 19 20 21 22 23 24 
44 53 54 62 88 89 90 91 22 23 24 26 27 
47 65 66 96 97 98 146 
46 55 65 67 96 97 98 147 148 149 
42 43 57 78 79 80 81 114 115 183 184 185 186 
42 43 58 59 117 193 194 195 196 197 198 199 
60 82 83 121 122 123 214 215 216 217 218 219 
52 61 82 83 84 85 125 126 127 128 129 225 226 1 2 3 4 5 6 7 8 9 
51 61 85 126 127 128 129 130 4 5 6 7 8 9 10 
44 45 54 62 88 89 90 21 22 23 24 
44 45 53 62 88 89 90 22 23 24 25 26 
47 67 68 99 55 150 
41 71 72 73 107 164 165 166 167 168 
42 43 48 58 79 80 81 115 185 186 187 188 
42 43 49 57 59 116 189 190 191 192 
42 43 49 58 116 117 189 190 191 192 
50 82 83 122 123 124 215 216 217 218 219 
51 52 82 83 84 125 126 127 220 222 223 224 225 226 1 2 3 4 
44 45 53 54 88 89 90 22 23 24 25 
93 138 139 140 29 30 31 32 
94 95 143 35 36 64 
46 47 66 96 97 98 147 148 149 
46 47 65 97 147 148 149 
47 55 99 150 
55 69 99 100 101 150 151 152 
68 100 101 102 153 154 155 
41 71 104 105 106 160 161 162 163 
41 56 70 72 105 106 107 162 163 
41 56 71 107 164 165 166 167 168 
41 56 74 75 108 169 170 171 172 173 174 
41 73 75 108 169 170 171 172 173 174 
41 73 76 108 175 
175 176 
41 110 111 178 179 180 
43 48 79 113 114 183 
43 48 57 78 80 114 184 185 
43 48 57 79 81 115 185 186 187 
43 48 57 80 115 186 187 188 
50 51 60 61 83 84 123 124 125 218 219 220 221 222 223 224 225 
50 51 60 61 82 84 124 125 220 221 222 223 224 225 
61 82 83 124 125 126 220 221 222 223 224 225 226 1 
51 52 127 128 129 130 5 6 7 8 9 10 
130 131 132 133 134 11 
44 135 136 137 13 14 15 16 17 
44 45 53 54 62 89 19 20 21 22 
44 45 53 54 62 21 22 
44 45 53 54 62 24 25 26 
45 92 93 28 
91 28 
63 91 138 28 29 30 31 
64 95 140 141 142 33 34 35 
64 94 140 141 142 34 35 
46 47 65 146 40 
46 47 65 66 98 147 148 149 
46 47 65 66 97 147 148 149 
55 67 68 100 101 150 151 152 
68 69 99 101 151 152 
69 100 152 
69 154 155 156 
104 156 157 158 
70 103 157 158 159 160 
41 70 71 106 107 161 162 163 
41 70 71 105 107 162 163 
41 56 71 72 105 106 163 164 165 
41 73 74 75 171 172 173 174 
41 77 110 177 179 
77 178 179 
77 112 180 111 
111 182 
78 181 182 
43 48 78 79 183 184 
43 48 57 80 81 186 187 188 
42 43 58 59 189 190 191 192 
42 49 59 193 194 195 196 197 
119 120 206 207 208 209 
120 207 208 
118 119 208 209 
50 122 210 211 212 213 214 
60 121 214 215 
50 60 82 124 216 217 218 
50 60 82 83 84 123 218 219 220 
51 61 82 83 84 126 221 222 223 224 225 226 1 2 
51 52 61 84 125 224 225 226 1 3 4 
51 52 61 85 128 129 5 6 7 8 
51 52 85 127 129 6 7 8 
51 52 85 127 128 5 6 7 8 9 
52 85 86 131 132 11 
86 130 132 11 
86 130 131 133 11 
86 132 134 11 12 13 
86 133 11 12 13 14 
44 87 136 137 17 
44 135 137 
44 87 135 136 
63 93 139 30 31 32 
63 138 32 
63 94 95 141 142 33 34 
94 95 140 142 33 34 
94 95 140 141 34 
64 36 37 
37 38 39 144 145 
144 145 
46 96 
46 47 65 66 97 98 148 149 
47 65 66 98 149 
47 66 97 98 147 148 
55 67 68 99 151 
68 99 100 150 152 
68 99 100 101 151 
69 154 155 
69 102 153 155 
69 102 153 154 
102 103 157 
103 104 156 158 
103 104 157 159 
158 160 
70 104 159 161 
41 70 105 160 
41 70 71 105 106 163 
41 70 71 105 107 162 
56 72 107 165 166 
41 56 72 107 164 166 
41 56 72 164 165 167 
41 56 72 168 
56 72 167 
41 73 74 170 171 172 173 
41 73 74 169 171 172 173 174 
41 73 74 108 169 170 172 173 174 
41 73 74 108 169 170 171 173 
41 73 74 108 169 170 171 172 174 
41 73 74 108 170 171 172 173 
41 75 76 
76 177 176 
109 176 
109 110 179 
77 109 110 178 180 
77 111 179 
112 111 182 
112 113 181 
48 78 114 
43 79 114 
48 57 79 80 
43 48 57 80 81 115 185 187 
43 57 80 81 115 186 
43 57 81 115 
42 43 58 59 116 190 
58 59 116 189 191 
42 58 59 116 189 190 192 
42 58 59 116 191 
42 49 59 117 194 
42 49 117 193 195 196 
42 49 194 196 
42 49 117 194 195 197 
42 49 117 196 198 199 
42 49 197 
49 197 198 
42 201 
42 201 200 202 203 
201 203 205 
201 202 204 205 
203 205 206 207 
202 203 204 206 207 
118 204 205 207 208 
118 119 204 205 206 208 
118 119 120 206 207 
120 210 211 
209 211 212 
121 209 210 212 213 
210 211 213 
121 212 214 
50 121 122 213 
50 60 122 216 
50 60 123 215 217 
50 60 123 216 
50 82 123 124 219 
50 60 82 123 124 218 
82 83 84 124 125 221 222 223 
82 83 84 125 220 222 223 
61 82 83 84 125 220 221 223 224 
61 82 83 84 125 220 221 222 224 225 
61 82 83 84 125 126 222 225 226 
51 61 82 83 84 125 126 223 224 226 1 
51 61 84 125 126 224 225 1 2 

