59 464
21 2 
10 21 49 50 1 3 4 5 6 
10 21 49 50 2 4 5 6 
21 50 2 3 5 6 7 
10 21 49 50 2 3 4 6 7 
10 21 49 50 2 3 4 5 7 
10 21 49 50 4 5 6 
10 21 37 38 51 9 11 
37 38 51 8 11 
21 37 38 49 50 51 1 2 3 4 5 6 7 40 48 57 43 
37 38 51 8 9 12 
37 38 51 9 11 13 14 
37 38 51 12 14 
37 38 12 13 
28 45 52 53 16 26 
28 45 52 53 15 26 
28 30 45 46 47 54 18 27 29 31 
28 30 45 46 47 54 55 17 31 32 
28 30 47 54 55 20 22 34 
28 54 55 19 22 34 
10 37 49 50 1 2 3 4 5 6 7 8 57 
28 30 19 20 23 34 33 
30 40 22 24 34 33 35 
40 23 33 35 
40 56 59 58 44 36 
28 45 52 53 15 16 
45 53 17 29 
30 40 45 46 47 52 53 54 55 15 16 17 18 19 20 22 26 27 29 31 32 34 
28 30 45 46 47 17 27 
28 40 45 46 47 53 54 55 17 18 19 20 22 23 29 31 32 34 33 
28 30 45 46 47 54 55 17 18 32 
28 30 47 54 55 18 31 
30 23 24 34 
28 30 19 20 22 23 33 
40 56 23 24 
40 48 25 59 39 
10 21 38 51 8 9 11 12 13 14 
10 37 8 9 11 12 13 14 
48 59 36 41 42 
28 30 48 56 23 24 25 59 35 58 44 36 
48 57 59 39 42 43 
48 57 39 41 43 
48 57 41 42 
40 56 25 58 
28 30 46 47 52 53 54 55 15 16 17 18 26 27 29 31 
28 30 45 53 54 55 17 18 27 29 31 
28 30 45 46 54 55 17 18 19 29 31 32 
21 49 40 57 59 36 39 41 42 43 
10 21 50 2 3 4 5 6 7 
10 21 49 2 3 4 5 6 7 
10 37 38 8 9 11 12 13 14 
28 45 53 15 16 26 
28 30 46 52 15 16 26 27 
28 30 45 46 47 55 17 18 19 20 31 32 
28 30 45 46 47 54 18 19 20 31 32 
40 25 44 
1 48 41 42 43 
40 56 25 44 
40 48 25 36 41 

