210 1502
2 3 4 5 6 7 8 10 11 12 13 15 16 17 18 19 20 21 29 30 31 32 33 34 35 36 37 60 61 62 63 64 65 66 67 68 69 70 107 108 110 111 112 113 114 115 116 117 118 119 120 121 122 123 124 125 126 127 128 129 130 131 132 133 134 135 136 137 138 139 
1 3 7 8 22 23 24 40 41 42 43 78 80 157 158 159 160 161 162 163 164 165 166 167 168 169 2 
1 2 14 22 23 24 25 43 44 45 46 80 81 82 83 84 85 86 87 171 172 173 174 175 176 177 178 
1 5 10 11 15 28 52 53 54 55 56 98 99 100 101 4 
1 4 10 11 12 15 16 29 30 59 60 103 105 106 107 108 109 110 111 112 113 
1 7 13 20 33 34 35 36 37 69 70 71 72 73 138 139 140 141 142 143 144 
1 2 6 8 20 21 35 36 37 38 39 73 74 75 144 145 146 147 148 149 150 
1 2 7 20 21 39 40 76 77 152 153 154 155 156 8 
26 27 48 49 92 93 94 95 96 189 190 191 192 193 194 195 
1 4 5 11 15 28 52 53 54 55 56 57 58 98 99 100 101 102 
1 4 5 10 15 52 53 54 55 56 57 58 59 99 100 101 102 
1 5 16 17 30 31 32 61 62 114 115 116 118 119 120 121 
1 6 19 67 68 127 128 129 130 131 
3 47 88 89 180 181 182 14 
1 4 5 10 11 29 56 57 58 59 102 103 104 105 
1 5 12 30 110 111 112 113 114 
1 12 18 32 122 123 124 125 126 
1 17 63 64 124 125 
1 13 63 64 65 66 127 128 129 
6 7 8 21 37 38 74 75 147 148 150 
1 7 8 20 38 39 74 75 76 77 150 151 152 
2 3 23 24 43 80 81 169 170 171 172 173 174 
2 3 22 24 25 44 80 81 172 173 174 175 
2 3 22 23 25 44 81 82 175 176 
3 23 24 44 45 82 83 176 
9 27 48 95 96 190 193 194 195 
199 9 26 49 50 51 97 197 198 
4 10 98 
1 5 15 60 104 105 106 107 
1 12 16 111 112 113 114 
1 12 32 61 62 115 116 117 118 119 120 121 
1 12 17 31 61 62 121 123 
1 6 13 34 67 68 130 131 132 133 134 135 136 137 
1 6 33 67 68 132 133 134 136 137 138 
1 6 36 69 70 71 72 142 143 
1 6 7 35 37 69 70 71 72 73 143 144 
1 7 20 36 73 144 145 146 147 
7 20 21 74 75 149 150 
7 8 21 76 77 151 152 153 154 
2 8 155 156 
2 42 78 79 157 158 159 160 161 162 
2 41 163 164 166 
2 3 22 80 169 170 171 
3 23 24 25 82 175 176 
3 25 46 83 84 85 86 177 
3 45 83 85 86 87 177 178 179 
14 88 89 90 180 181 182 183 
9 26 93 94 95 189 190 191 192 193 
27 50 51 97 197 
27 49 51 97 197 198 
27 49 50 97 197 198 
4 10 11 53 54 55 56 100 101 
4 10 11 52 54 55 56 99 100 101 
4 10 11 52 53 55 99 100 101 
4 10 11 52 53 54 56 99 100 101 
4 10 11 15 52 53 54 55 57 101 
10 11 15 56 58 59 102 
10 11 15 57 59 102 103 
5 11 15 57 58 102 103 104 
1 5 29 105 106 107 
1 12 31 32 62 116 117 118 119 120 121 
1 12 31 32 61 121 122 
1 18 19 64 
18 19 63 65 66 127 
1 19 64 66 127 128 
1 13 19 64 65 128 129 
1 13 33 34 68 130 131 132 
1 13 33 34 67 130 131 132 133 134 
1 6 35 36 70 71 72 142 
1 6 35 36 69 71 72 142 143 
6 35 36 69 70 72 142 143 
6 35 36 69 70 71 143 144 
6 36 37 144 145 146 
7 20 21 38 75 149 150 
7 20 38 149 150 
8 21 39 77 151 152 153 
8 21 39 76 152 
41 79 157 158 159 160 161 
2 41 78 158 159 160 161 162 
2 3 22 23 43 81 170 171 172 
3 22 23 24 80 172 173 174 
3 24 25 44 175 176 
3 25 45 46 84 177 
3 45 83 177 
3 45 46 83 86 87 177 178 
3 45 46 85 87 178 179 
3 46 85 86 178 179 
14 47 180 181 
14 47 90 91 182 183 
47 89 91 182 183 184 
89 90 183 184 185 186 
9 188 
9 48 94 189 
9 48 189 190 191 192 
9 26 48 193 194 
9 26 195 196 
27 49 50 51 197 198 
4 10 
4 10 11 52 53 54 55 100 
4 10 11 52 53 54 55 99 101 
4 10 11 52 53 54 56 100 
10 11 15 57 58 59 103 104 
15 58 59 102 104 
5 15 29 59 102 103 
15 29 60 106 
5 29 60 
1 5 29 60 109 110 
1 5 107 109 110 
5 107 108 110 
1 5 16 107 108 109 111 
1 5 16 30 110 112 113 
1 5 16 30 111 113 
1 5 16 30 111 112 114 
1 12 16 30 113 115 
1 12 31 114 116 117 118 
1 12 31 61 115 117 118 
1 12 31 115 116 118 
1 12 31 61 115 116 117 119 
1 12 31 61 118 120 
1 12 31 119 
1 12 31 32 61 62 
1 17 32 62 123 
1 17 32 122 
18 125 126 
1 17 18 124 126 
17 18 124 125 
1 13 19 64 65 66 128 129 
1 13 19 65 66 127 129 
1 13 19 66 127 128 
1 13 33 67 68 131 
1 13 33 67 68 130 
1 33 34 67 68 133 134 135 136 
1 33 34 68 132 134 135 136 
1 33 34 68 132 133 135 136 137 
1 33 34 133 134 136 137 
1 33 34 132 134 135 137 
1 33 34 133 134 135 136 
1 6 34 139 140 141 
1 6 140 141 
6 138 139 141 
6 138 139 140 
6 35 69 70 71 
6 35 70 71 72 
6 36 37 72 145 146 
7 37 73 144 146 
7 37 73 144 145 
7 20 148 
7 20 
7 20 38 74 75 
7 20 21 38 74 75 
21 39 76 
8 21 39 76 153 
8 39 76 77 152 154 
8 77 153 154 
8 40 
8 40 
2 41 78 
41 78 79 157 159 
41 158 160 
2 41 78 79 159 161 162 
2 78 79 160 162 
2 41 79 160 161 
42 165 
2 42 163 165 166 
2 42 164 166 
2 42 164 165 
2 168 
2 167 
2 22 43 170 
22 43 169 171 
3 22 43 80 170 172 
3 22 23 80 81 171 173 174 
3 22 23 80 81 172 174 
22 23 81 172 173 
3 23 24 25 44 82 
3 24 25 82 
3 45 46 83 84 85 
3 46 86 87 179 
46 86 87 178 
14 88 181 
14 47 88 180 
14 47 89 90 183 
47 89 90 91 182 
90 91 185 186 187 
91 184 186 187 
91 184 185 187 
184 185 188 
92 187 188 
9 48 93 94 
9 26 48 94 191 192 
9 48 190 192 
9 48 191 
9 26 48 95 194 
9 26 95 193 
9 26 96 196 
96 195 
49 50 51 97 198 
27 49 50 51 97 197 
205 206 27 49 50 51 97 
201 202 203 208 209 210 204 
206 207 208 
200 209 210 
200 202 204 
203 204 
199 206 207 
199 201 205 207 
201 205 206 208 
200 201 207 
200 202 210 
200 209 

