47 282
33 20 21 46 47 2 
33 20 21 46 47 1 3 
33 21 2 
29 34 37 22 5 
29 34 37 4 
29 30 34 23 
30 35 23 24 8 9 10 
35 7 9 10 
35 7 8 10 
35 7 8 9 
12 13 
36 25 11 13 
36 25 11 12 
36 38 25 26 27 15 16 
36 38 25 26 27 14 16 
38 25 26 27 14 15 17 
38 26 27 16 
19 39 40 
31 32 18 39 40 41 
31 32 33 21 44 45 46 47 1 2 
33 20 45 46 47 1 2 3 
33 34 37 4 5 
29 30 35 24 6 7 
30 35 23 7 
36 38 26 11 12 13 14 15 16 
36 38 25 27 14 15 16 17 
38 25 26 28 14 15 16 17 
38 27 28 
30 33 34 35 37 22 23 4 5 6 
29 34 23 24 6 7 
32 18 19 20 39 40 41 42 43 44 
31 33 20 41 42 43 44 45 
29 32 37 20 21 22 45 46 47 1 2 3 
29 30 37 22 4 5 6 
29 30 36 23 24 7 8 9 10 
35 38 25 26 11 12 13 14 15 
30 33 34 22 4 5 
36 25 26 27 28 14 15 16 
31 18 19 40 
18 19 39 
31 32 19 42 43 
31 32 41 43 44 
31 32 41 42 44 
31 32 20 42 43 
32 33 20 21 46 
33 20 21 47 1 2 
33 20 21 46 1 2 

