61 523
7 12 13 17 45 46 61 2 3 
7 12 13 17 45 46 61 1 3 4 
17 45 46 61 1 2 4 
17 45 46 2 3 
10 57 
9 14 33 34 35 49 50 51 52 53 22 23 24 25 
10 11 12 13 15 16 17 37 38 39 40 45 46 58 59 60 61 1 2 8 48 47 
7 11 12 16 38 39 40 59 48 
14 33 34 35 49 50 51 52 53 20 21 22 23 24 
7 11 15 16 36 37 38 55 56 57 58 30 31 32 5 41 
7 10 12 13 15 16 37 38 39 58 59 41 42 43 44 8 48 
7 11 13 15 16 17 38 39 40 45 46 59 60 61 1 2 8 48 47 
7 11 12 16 17 40 45 46 59 60 61 1 2 3 47 
6 9 35 36 53 54 25 26 27 28 29 
7 10 11 12 16 37 38 39 40 57 58 5 41 42 43 44 
7 10 11 12 13 15 37 38 39 40 58 59 41 42 43 44 8 48 
7 12 45 46 61 1 2 3 4 
33 19 
33 18 20 
9 33 34 19 21 
9 33 34 49 20 
6 9 34 49 50 23 
6 9 51 22 
6 9 35 51 52 53 
6 14 35 53 26 
14 35 25 
14 54 28 29 
14 54 29 
14 54 27 28 
10 36 55 56 32 
10 55 56 30 32 
10 56 57 30 31 
6 9 34 49 18 19 20 21 
6 9 33 49 50 20 21 22 
6 9 14 51 52 53 24 25 26 
14 54 55 56 
7 10 11 15 16 38 39 40 58 42 43 44 
7 10 11 12 15 16 37 39 40 58 59 41 42 43 44 8 
7 11 12 15 16 37 38 40 58 59 44 8 48 
7 11 12 13 15 16 37 38 39 58 8 48 
10 11 15 16 37 38 58 42 43 44 
11 15 16 37 38 58 41 43 44 
11 15 16 37 38 58 41 42 44 
11 15 16 37 38 39 58 41 42 
7 12 13 17 46 61 1 2 3 4 
7 12 13 17 45 61 1 2 3 4 
7 12 13 59 60 
7 11 12 16 39 40 59 8 
6 9 33 34 50 20 21 22 
6 9 34 49 22 
6 9 35 52 53 23 24 
6 9 35 51 53 24 
6 9 14 35 51 52 24 
14 36 27 28 29 
10 36 56 31 
10 36 55 57 30 31 32 
10 15 56 31 5 
7 10 11 15 16 37 38 39 40 41 42 43 44 
7 11 12 13 16 38 39 40 60 8 48 
7 12 13 59 61 47 
7 13 17 45 46 60 1 2 3 

