56 373
52 53 11 
45 46 51 16 17 
45 46 4 
45 46 51 3 18 19 20 21 22 
45 20 21 22 
47 6 7 
7 54 6 
48 45 
46 49 50 10 
46 50 52 56 
45 46 50 52 53 12 
45 46 51 53 11 14 
45 46 52 53 12 14 16 
45 52 12 13 15 16 
46 51 53 2 14 16 
45 53 2 12 14 15 17 
46 2 3 
46 51 4 20 21 22 
45 46 51 5 18 
19 21 
46 5 19 
4 5 18 19 20 21 
45 46 47 48 49 7 26 27 28 29 30 31 32 23 33 34 35 36 37 38 39 40 41 42 43 44 
26 27 28 29 33 34 36 37 23 42 43 44 
30 31 25 
24 27 23 33 34 35 
23 24 34 35 36 37 41 42 43 
23 24 27 29 37 38 43 
7 6 23 39 44 
23 25 
23 32 
23 40 
23 24 26 27 
23 36 41 42 43 
23 24 26 27 34 36 41 
23 24 27 34 35 37 41 42 
23 24 28 36 41 42 43 44 
6 7 23 39 
7 28 
23 31 25 40 
27 34 36 37 43 
23 24 27 34 36 37 41 43 
23 27 35 36 37 
23 37 
46 47 48 49 51 52 53 55 56 1 2 3 4 5 45 9 10 11 12 13 15 17 18 19 24 
45 47 48 49 50 51 52 53 56 1 2 3 4 5 9 10 12 13 14 15 16 17 18 19 21 22 
45 46 49 50 52 54 47 56 6 7 8 24 29 38 
45 46 47 8 
45 46 47 48 50 52 53 55 56 1 9 10 
45 46 47 48 49 52 56 10 12 
45 50 52 53 3 4 12 15 17 19 
45 46 47 49 56 1 10 11 12 14 
45 46 49 50 51 11 12 13 14 15 16 
48 7 
45 47 48 8 
45 46 47 50 52 9 10 

