453 3622
2 14 15 26 27 47 48 49 50 89 90 91 92 93 94 95 96 97 98 99 100 101 102 103 104 105 181 191 233 
1 3 6 7 16 17 18 19 28 29 30 31 32 33 56 57 58 59 60 61 62 111 112 113 114 115 117 118 119 120 121 122 123 124 
2 4 5 8 9 10 11 12 13 20 21 22 23 25 36 37 38 39 40 41 42 43 44 70 71 72 73 74 75 76 77 78 79 80 81 152 153 154 155 156 157 158 159 160 161 162 163 164 165 166 167 168 
3 5 8 9 20 21 35 36 67 68 69 144 145 146 147 148 149 150 
3 4 8 9 10 21 22 36 37 69 70 71 72 151 
2 7 31 32 33 62 123 124 125 126 127 128 129 130 131 132 133 
2 6 34 64 136 137 138 139 7 
3 4 5 9 20 21 35 36 69 145 146 147 148 149 150 
4 5 8 10 21 22 36 69 70 71 151 
3 5 9 11 21 22 23 36 37 38 70 71 72 73 74 75 152 153 154 155 156 157 158 159 160 
3 10 23 24 37 39 40 73 74 75 76 158 159 160 162 
3 13 25 41 42 43 78 79 80 81 166 167 168 169 171 172 
3 12 25 41 42 43 80 81 82 83 168 169 170 171 172 173 174 175 
1 46 85 86 87 88 89 
1 50 105 106 107 
2 17 18 28 29 52 54 55 108 109 110 
2 16 28 29 30 52 53 54 55 56 108 109 110 
2 16 111 
2 57 58 59 112 113 114 115 
8 35 67 68 143 144 145 
3 4 5 8 9 10 22 36 69 70 151 
3 5 9 10 21 36 37 70 71 72 151 152 
3 10 11 24 38 39 40 75 76 77 162 
3 11 23 39 40 77 162 163 164 
3 12 13 42 43 44 81 82 83 84 172 173 174 175 176 177 
1 47 48 100 101 102 
15 107 
2 16 17 29 30 52 53 54 55 28 108 
2 16 17 28 30 54 55 56 108 110 
2 16 17 28 29 54 55 56 108 109 110 
2 6 32 33 122 123 124 125 126 127 128 
2 6 31 33 123 124 126 127 128 
2 6 31 32 123 124 125 126 127 128 
7 63 64 136 137 138 
4 8 20 65 67 68 141 142 143 144 
3 4 5 8 9 10 21 22 69 70 151 
3 5 10 11 22 38 70 71 72 73 74 152 153 154 155 156 157 
3 10 11 23 37 73 74 75 76 157 158 159 160 161 
3 11 23 24 40 77 162 
3 11 23 24 39 77 162 163 
3 12 13 42 78 79 80 166 167 168 
3 12 13 25 41 43 80 168 169 170 171 172 
3 12 13 25 42 81 82 170 171 173 174 175 
3 25 45 84 177 
44 84 
14 85 86 87 
1 26 99 100 101 
1 26 102 103 
1 104 
1 15 27 51 106 107 
50 107 
16 17 53 28 
16 28 52 54 
16 17 28 29 30 53 55 108 109 
16 17 28 29 30 54 56 108 109 
2 16 17 29 30 54 55 108 109 110 
2 19 112 
2 19 112 113 114 
2 19 60 114 115 116 117 118 
2 115 117 118 
2 119 120 121 122 
2 6 
7 34 64 137 
7 34 63 138 139 
35 66 140 141 142 
65 140 141 142 
4 20 35 68 141 143 
4 20 35 67 143 144 
4 5 8 9 21 36 147 148 149 150 
3 5 9 10 21 22 36 37 71 72 152 
3 5 9 10 22 37 70 72 152 
3 5 10 22 37 70 71 152 153 155 
3 10 11 37 38 74 75 156 157 158 159 160 161 
3 10 11 37 38 73 75 76 157 158 159 161 
3 10 11 23 38 73 74 76 158 159 160 161 
3 11 23 38 74 75 160 161 
3 11 23 24 39 40 162 
3 12 41 79 165 166 167 
3 12 41 166 167 
3 12 13 41 42 168 169 
3 12 13 25 43 82 83 172 173 174 175 176 
13 25 43 81 83 172 173 174 175 
13 25 81 82 84 175 176 177 
25 44 45 83 177 
14 46 86 
14 46 85 87 88 
14 46 85 86 88 
14 86 87 89 
1 14 88 90 
89 91 92 
1 90 92 
1 90 91 
92 94 95 
1 93 95 
1 93 94 
1 97 98 99 
1 96 98 99 
1 96 97 99 
1 47 96 97 98 
1 26 47 101 
26 47 100 
1 26 48 103 
1 48 102 
1 49 105 
1 15 104 
15 27 50 
27 50 51 
16 17 28 29 30 54 55 56 109 110 
16 17 29 30 54 55 56 108 110 
16 17 29 30 56 108 109 
2 18 111 
2 19 57 58 113 
19 58 112 
2 19 58 115 116 
2 19 59 114 116 117 
2 59 60 114 115 117 118 
2 59 60 115 116 118 
2 59 60 
2 61 120 121 
61 119 121 
2 61 119 120 
2 31 61 
2 6 31 32 33 124 125 126 127 
2 6 31 32 33 123 125 126 127 128 
6 31 32 33 123 124 126 127 128 
6 31 32 33 123 124 125 127 128 
6 31 32 33 123 124 125 126 128 
6 31 32 33 124 125 126 127 
6 62 130 131 
6 129 131 132 
6 129 130 132 
6 130 131 
6 132 134 135 
133 135 
63 133 134 136 137 
7 34 63 135 137 
7 34 63 135 
7 34 139 
7 64 138 
65 66 141 142 
35 65 66 67 140 142 
35 65 66 140 141 
4 20 35 67 68 144 
4 20 68 143 
4 8 20 146 
4 8 145 147 
4 8 69 146 148 149 150 
4 8 69 147 149 150 
4 8 69 147 148 150 
4 8 69 147 148 149 
5 9 22 36 
3 5 10 22 37 70 71 72 
3 10 72 156 
3 10 37 72 153 155 156 
3 10 37 72 153 154 156 
3 10 73 153 154 155 157 
3 10 37 38 73 74 156 158 159 160 
3 10 11 38 73 74 75 157 160 161 
3 10 11 38 73 74 75 157 158 160 161 
3 10 11 38 73 74 75 76 157 158 159 161 
3 11 38 73 74 75 76 158 159 160 
3 11 23 24 39 40 77 
3 24 40 164 
3 24 163 165 
3 78 164 
3 12 41 78 79 167 
3 12 41 78 79 166 
3 12 13 42 80 169 
12 13 42 168 170 
12 13 42 43 169 
12 13 42 43 170 
12 13 25 42 43 81 82 173 174 
13 25 43 81 82 172 174 
13 25 43 81 82 172 173 175 
13 25 43 81 82 83 174 176 
25 81 83 175 177 
25 44 83 84 176 
1 179 181 183 184 185 186 187 188 189 190 194 195 196 197 198 199 212 213 214 215 216 217 218 219 220 221 222 223 224 250 251 252 253 254 255 256 257 258 259 260 261 262 263 306 308 309 310 311 312 313 314 315 316 317 318 319 346 
178 183 184 185 186 194 195 196 197 212 213 214 215 216 249 250 251 252 253 254 255 256 257 258 305 306 307 308 309 310 
182 192 193 205 206 239 240 241 288 289 290 291 347 
14 178 191 201 202 203 231 233 275 276 277 278 279 280 281 282 283 342 343 344 345 
180 193 205 206 207 240 241 290 291 292 293 294 
178 179 184 185 194 208 209 210 211 242 243 244 245 246 247 248 295 296 297 298 299 300 301 302 303 304 
178 179 183 185 186 195 212 213 214 215 250 251 252 253 254 306 307 308 309 
178 179 183 184 186 195 212 213 214 249 250 305 
178 179 184 185 195 196 197 214 215 250 252 253 254 255 256 257 308 309 310 311 
178 188 189 219 220 221 222 260 261 262 315 316 
178 187 189 219 220 221 222 261 262 263 316 317 318 319 
178 187 188 223 262 263 319 320 
178 198 199 225 226 227 228 264 265 266 325 326 327 328 329 
14 181 233 278 279 280 281 282 283 343 344 345 
180 204 234 235 236 237 284 285 286 403 453 
180 182 205 206 238 239 240 288 289 
178 179 183 209 210 211 242 243 244 245 246 247 298 299 300 
178 179 184 185 186 212 213 214 250 251 252 253 306 307 
178 179 184 186 197 215 216 254 255 256 257 258 310 311 312 313 
178 179 186 196 215 216 255 256 257 258 310 311 312 313 
178 190 199 224 225 226 227 264 265 323 324 325 326 327 
178 198 225 226 227 228 265 266 327 328 329 
229 267 269 333 334 335 336 337 
181 202 203 230 231 232 270 271 272 273 274 340 341 
181 201 203 231 232 274 275 341 
181 201 202 231 232 274 275 341 
192 235 284 403 453 
180 182 193 206 238 239 240 288 289 
180 182 193 205 240 289 
182 294 207 
183 209 242 243 295 208 
183 194 208 242 243 244 295 296 297 298 
183 194 209 211 245 246 247 248 299 300 301 
183 194 210 245 246 247 248 299 300 301 302 303 304 
178 179 184 185 195 213 250 251 305 306 
178 179 185 195 212 214 250 252 306 307 
178 179 184 185 186 195 213 250 251 252 253 306 307 308 309 
178 179 184 186 196 197 216 253 254 255 309 
178 179 186 197 215 254 255 256 257 258 310 311 312 313 
178 218 314 
178 217 259 314 
178 187 188 220 221 222 261 316 
178 187 188 219 221 222 261 316 
178 187 188 219 220 222 261 262 316 
178 187 188 219 220 221 261 262 263 316 317 318 
178 189 224 320 321 322 
178 198 321 322 323 
190 198 199 226 227 264 265 326 328 
190 198 199 227 265 266 328 329 
198 199 225 226 228 265 266 328 329 330 
190 199 227 265 268 269 329 330 331 332 
200 337 338 339 
201 231 232 270 271 272 273 274 339 340 
181 201 202 203 230 232 270 271 272 273 274 
201 202 203 230 231 270 271 272 273 274 340 
181 191 278 279 280 281 282 283 344 345 
192 204 235 403 453 
192 204 234 236 237 284 285 
192 235 284 285 286 
192 235 236 238 284 285 286 287 
180 193 205 237 239 287 288 
180 193 205 238 288 
180 182 193 205 206 289 
180 182 290 
183 194 208 209 244 296 297 298 
183 194 208 209 242 244 295 296 297 298 
183 194 209 242 243 295 296 297 298 
183 194 210 211 246 247 299 300 301 
183 194 210 211 245 247 299 300 301 
183 194 210 211 245 246 248 299 300 301 302 303 
183 210 211 247 301 302 303 304 
179 185 
178 184 185 186 195 212 213 214 251 252 306 307 
178 179 184 195 212 213 214 252 306 307 
178 184 186 195 213 214 250 251 253 306 307 308 
178 179 184 186 195 215 252 254 308 309 
178 179 184 186 196 215 216 253 309 
178 179 186 196 197 215 216 256 257 258 310 311 312 313 
178 179 186 196 197 216 255 257 258 310 311 312 313 
178 179 186 196 197 216 255 256 258 310 311 312 313 
178 179 196 197 216 256 257 311 312 313 
178 218 260 259 
178 187 259 315 
178 187 188 219 220 221 222 262 263 316 317 318 
178 187 188 189 221 222 261 263 316 317 318 319 
178 188 189 222 261 262 317 318 319 
190 198 225 323 324 325 326 
190 198 225 226 228 266 328 329 330 
190 199 226 227 228 265 267 329 330 331 
200 228 266 268 269 331 332 333 
228 269 331 332 333 
200 228 267 268 332 333 334 335 
201 230 231 232 271 272 273 274 340 
201 231 232 270 272 273 274 340 
201 230 231 232 270 271 273 274 340 
201 230 231 232 270 271 272 274 340 
201 202 203 231 232 270 271 273 340 
181 202 203 276 277 342 
181 275 277 342 
181 275 276 342 
181 191 279 280 281 282 343 344 345 
181 191 233 278 280 281 282 345 
181 191 233 278 279 281 282 283 344 345 
181 191 233 278 279 280 283 345 
181 191 233 278 279 280 281 283 345 
181 191 233 281 282 345 
192 204 235 236 237 285 286 
192 235 236 237 284 
192 236 237 284 285 
237 238 
180 193 205 238 239 
180 193 205 240 
180 182 241 
180 182 292 
182 291 293 
182 292 294 
182 207 
183 208 209 242 243 244 296 297 
183 209 242 243 244 295 297 298 
183 209 242 243 244 295 296 298 
183 194 209 242 243 244 295 296 297 
183 194 210 211 245 246 247 300 301 
183 194 210 211 245 246 247 299 301 
183 210 211 245 246 247 248 300 302 303 
183 211 247 248 301 303 304 
183 211 247 248 301 302 304 
183 211 248 302 303 
179 185 212 
178 179 184 195 212 213 214 250 251 252 307 
179 184 195 213 214 250 251 252 306 
178 179 184 186 214 252 253 309 
178 179 184 186 214 215 253 254 308 
178 179 186 196 197 215 216 255 257 311 312 313 
178 186 196 197 216 255 256 257 258 310 312 313 
178 196 197 216 255 256 257 258 310 311 313 
178 196 197 216 255 256 257 258 310 311 312 
178 217 218 
178 187 260 
178 187 188 219 220 221 222 261 262 
178 188 222 261 262 263 318 319 
178 188 222 261 262 263 317 319 
178 188 189 262 263 317 318 
189 223 
223 224 322 
223 224 321 
198 224 264 324 
198 264 323 
190 264 326 
190 198 225 264 325 327 
190 198 199 225 326 
190 199 225 226 227 265 
190 199 226 227 228 265 266 330 
227 228 265 266 329 331 
228 266 267 268 330 332 
228 267 268 269 331 
200 267 268 269 334 335 
200 269 333 335 336 
200 269 333 334 
200 334 335 
229 338 339 
229 337 339 
229 230 337 338 339 
201 230 231 232 270 271 272 273 274 
201 202 203 
275 277 
181 191 278 
181 191 233 278 279 280 
181 191 233 278 279 280 282 283 
178 180 182 192 193 204 205 206 234 235 236 237 238 239 240 284 285 286 287 288 347 348 353 354 365 366 367 368 369 370 371 395 396 397 398 399 400 401 402 403 431 433 434 435 436 437 438 439 440 441 442 443 444 445 446 447 448 449 450 451 452 453 
180 192 346 353 354 368 369 370 371 397 398 399 400 401 402 403 436 437 438 439 440 441 442 443 444 445 446 447 448 449 450 451 
346 352 357 358 362 363 382 383 384 385 417 419 420 421 422 423 424 
355 356 359 360 361 372 373 404 405 406 
351 355 356 361 374 375 376 377 378 379 408 409 410 411 412 413 414 
350 375 376 378 379 409 410 411 412 413 414 
348 357 358 362 363 384 385 420 422 423 424 
346 347 354 368 369 370 396 397 398 399 400 435 436 437 438 439 440 441 442 443 444 
346 347 353 369 370 371 399 400 401 439 440 441 442 443 444 445 446 447 448 449 
349 350 356 359 360 361 372 373 374 405 406 407 
349 350 355 360 361 372 373 374 406 408 
348 352 362 382 383 384 417 418 419 420 421 
348 352 363 386 387 388 389 425 426 427 428 429 
349 355 360 372 404 405 
349 355 356 359 372 373 405 406 
349 350 355 356 374 375 406 407 408 
348 352 357 384 385 420 421 422 423 
348 352 358 385 386 424 425 426 
430 364 
346 392 393 
346 393 394 395 
346 431 432 433 434 
346 347 353 396 397 398 436 
346 347 353 354 399 400 439 440 441 442 443 444 
346 347 353 354 371 400 401 445 446 447 448 449 
346 347 354 370 401 402 449 450 451 
349 355 359 360 373 405 406 
349 355 356 360 372 405 406 407 
350 351 355 356 361 375 376 408 
350 351 361 374 376 377 408 409 410 
350 351 374 375 408 409 410 
350 351 375 376 378 409 410 411 
350 351 377 409 410 411 
350 351 381 412 413 414 415 416 
379 381 382 415 416 417 
379 380 382 383 415 416 417 418 
348 357 380 381 383 417 418 419 
348 357 381 382 417 418 419 
352 357 362 420 421 
348 352 362 363 422 423 424 
358 363 387 388 424 425 426 
358 386 388 389 426 427 
358 386 387 389 427 428 429 
358 387 388 390 427 428 429 
389 391 430 
364 390 430 
365 392 
365 366 394 395 
366 393 395 
346 366 393 394 
346 353 368 435 
346 347 353 368 398 399 435 436 437 
346 347 397 399 436 437 438 
346 347 353 354 369 397 398 437 438 439 440 441 
346 347 353 354 369 370 401 444 445 446 447 448 
346 347 354 370 371 400 445 446 447 448 449 
346 347 371 403 451 452 
234 347 402 452 453 
349 359 
349 355 359 360 372 373 
349 355 360 361 372 407 
355 356 361 373 406 
350 356 361 374 375 376 
350 351 375 376 377 410 411 
350 351 375 376 377 378 409 411 
350 351 377 378 409 410 
350 351 379 413 414 
350 351 412 414 
350 351 379 412 413 
379 381 416 
379 380 415 
348 357 380 381 382 383 418 419 
357 381 382 383 417 419 
348 357 382 383 417 418 
348 352 357 362 384 421 
348 352 357 362 384 420 
352 362 385 423 
348 352 362 385 
348 352 363 385 386 425 
358 363 386 424 426 
358 363 386 387 425 
358 388 389 428 
358 387 388 389 427 429 
358 388 389 427 428 
364 390 391 
346 367 432 433 
367 431 433 
346 367 431 432 434 
346 367 433 
346 353 368 396 397 436 
346 347 353 368 397 398 435 437 438 
346 347 397 398 399 436 438 
346 347 353 397 398 399 436 437 
346 347 353 354 369 399 440 441 442 
346 347 353 354 369 399 439 441 
346 347 353 354 369 399 439 440 442 
346 347 353 354 369 439 441 443 444 
346 347 353 354 369 442 444 
346 347 353 354 369 400 442 443 
346 347 354 370 400 446 447 448 
347 354 370 400 401 445 448 
346 347 354 370 400 401 445 446 448 449 
346 347 354 370 400 445 446 447 449 
346 347 354 370 371 401 447 448 
346 347 371 451 
346 347 402 450 
402 403 
346 403 

