75 540
2 3 4 7 5 6 11 12 60 65 66 67 40 38 39 57 58 59 
1 3 7 5 11 12 60 75 65 66 67 68 39 57 58 59 42 69 72 
1 2 8 9 10 29 30 31 32 70 71 43 44 45 46 47 48 49 50 51 52 
1 7 19 20 21 22 5 63 64 18 23 24 25 26 27 28 33 34 
1 2 7 6 11 37 40 41 
7 5 11 40 41 38 
1 2 4 5 6 11 12 37 40 41 38 
3 9 29 30 31 70 43 44 45 46 47 48 
3 8 29 30 31 32 70 48 49 50 51 
3 32 71 52 53 54 55 56 
1 2 7 5 6 12 38 
1 2 7 11 38 39 
19 61 14 
19 61 13 15 
19 61 62 14 
19 20 62 63 17 
19 20 62 63 16 
4 21 63 23 24 
20 61 13 14 15 16 17 
4 19 21 22 62 63 64 16 18 23 24 25 
4 20 22 63 64 18 23 24 25 26 27 
4 20 21 64 23 24 25 26 27 28 
20 21 63 64 18 24 25 
4 20 21 22 64 18 23 25 
4 20 21 22 64 23 24 
4 21 22 64 27 28 
4 21 22 64 26 28 
4 22 64 26 27 33 
3 8 9 30 31 70 45 46 47 48 
3 8 9 29 31 70 44 45 46 47 48 
3 8 9 29 30 32 70 47 48 49 50 
3 9 10 31 51 52 
4 33 
4 35 36 37 
34 36 37 
34 35 37 
7 5 34 35 36 
1 7 6 11 12 
1 2 12 
1 7 5 6 41 
7 6 40 
2 60 66 67 68 59 
3 8 
3 8 30 45 46 
3 8 29 30 70 44 46 47 
3 8 29 30 70 45 47 
3 8 29 30 31 70 45 46 
8 9 29 30 31 70 
3 31 32 70 48 50 51 
3 9 31 32 49 51 
3 9 32 49 50 
3 10 32 71 53 54 55 
10 71 52 54 
10 71 52 53 55 
10 71 52 53 54 56 
10 71 
1 2 65 58 
1 2 65 66 67 57 59 
1 2 60 66 67 58 42 
1 2 75 66 67 68 59 42 69 72 73 74 
19 13 14 15 
19 20 61 63 15 16 17 
4 20 21 62 16 18 23 
20 21 22 23 24 25 26 27 28 
1 2 66 57 58 
1 2 60 65 67 58 59 42 
1 2 60 66 58 59 42 
60 75 42 69 72 73 74 
2 60 75 68 72 73 74 
3 8 9 29 30 31 45 46 47 48 49 
3 10 52 53 54 55 56 
2 75 68 69 73 74 
60 75 68 69 72 74 
60 75 68 69 72 73 
2 60 68 69 72 73 74 

