58 408
11 19 52 16 
19 43 53 22 
20 42 54 
20 42 
20 42 
12 51 7 
12 51 6 
12 49 45 51 9 10 
12 49 45 51 8 10 
12 49 45 51 8 9 
17 18 19 20 12 49 50 43 44 45 46 52 53 13 58 16 1 22 21 
11 17 18 49 50 45 46 51 6 7 8 9 10 14 15 
11 17 18 49 50 46 
17 18 12 49 45 15 
18 12 49 45 14 
11 17 18 19 52 1 
18 19 12 49 50 45 46 51 52 14 15 13 58 16 
11 17 19 12 49 50 45 46 14 15 13 58 16 
11 17 18 20 50 44 52 53 1 21 2 
11 19 30 43 44 42 38 54 55 3 4 5 
11 19 43 44 53 22 2 
11 19 53 2 
30 55 
30 38 56 
30 27 38 39 
27 28 39 47 48 29 
30 28 38 39 40 47 48 57 25 26 29 31 
30 27 39 40 47 48 57 26 29 31 32 33 
27 28 39 47 48 26 
20 27 28 42 38 39 47 55 56 23 24 25 
27 28 40 57 32 33 34 
28 40 57 31 33 34 
28 40 57 31 32 34 
40 57 31 32 33 35 
34 37 36 41 
40 35 37 
40 36 
20 30 27 39 47 55 56 24 25 
30 27 28 38 47 48 56 25 26 29 
27 28 57 31 32 33 34 35 37 36 41 
40 35 36 41 
20 30 54 3 4 5 
11 19 20 44 53 54 21 
11 19 20 43 54 21 
11 17 18 12 49 51 8 9 10 14 15 
11 17 18 12 49 50 45 13 
30 27 28 38 39 48 56 25 26 29 
27 28 39 26 29 
11 17 18 12 50 45 46 51 8 9 10 14 15 13 
11 17 18 19 12 49 46 52 13 58 
17 12 49 45 6 7 9 10 
11 17 18 19 50 16 1 
11 19 43 22 21 2 
20 43 44 42 3 
20 30 38 5 23 
30 38 39 47 24 25 
27 28 40 31 32 33 34 
11 17 18 19 50 

