419 2895
286 356 
286 301 357 
359 360 361 
323 360 361 362 3 
289 324 364 6 7 
324 5 7 
289 364 5 6 8 
289 325 365 7 9 10 
289 325 364 365 8 10 
289 325 364 365 8 9 
289 302 325 365 366 12 
289 302 326 366 11 13 14 
289 326 12 14 
281 289 294 302 326 366 12 13 15 
281 289 294 302 326 14 
281 289 290 294 327 17 
281 290 294 327 16 
287 290 291 294 
281 290 291 18 
281 287 290 291 21 22 
281 287 291 22 23 
281 287 21 23 
281 287 328 21 22 
281 287 295 328 
281 287 295 303 367 368 26 27 
281 287 295 303 368 25 27 
281 287 295 303 367 368 25 26 
29 145 279 280 
28 29 
31 35 41 50 51 68 69 70 71 72 73 107 108 109 172 173 174 175 176 177 178 179 180 182 183 184 185 186 187 
30 33 36 39 42 43 44 45 52 54 79 80 112 113 114 115 116 117 205 206 207 208 209 210 211 212 213 214 
33 34 37 46 47 57 58 59 60 61 89 90 91 92 93 94 135 136 137 139 257 258 259 260 261 262 263 264 265 266 267 
31 32 34 36 46 55 56 83 84 85 86 87 88 125 126 127 128 129 130 131 132 233 234 235 236 237 238 239 240 241 242 243 
32 33 46 84 85 86 87 88 89 130 131 132 133 237 240 241 242 243 244 245 246 247 
30 38 40 64 65 66 97 98 99 153 154 155 156 157 158 159 160 161 287 
31 33 44 45 52 53 54 55 81 82 117 118 119 120 215 216 217 218 
32 47 59 60 61 93 94 95 138 139 140 141 142 265 266 267 268 269 270 271 273 274 275 276 277 
35 40 48 49 62 63 96 146 147 148 149 295 303 
31 42 43 112 113 201 202 203 204 
35 38 48 49 63 96 147 148 149 150 295 
30 67 68 69 105 106 107 170 171 172 173 174 175 
31 39 43 76 77 78 111 195 196 197 198 199 200 
31 39 42 112 113 201 202 203 204 
31 36 52 53 54 79 80 117 211 212 214 
31 36 54 82 118 119 120 218 219 220 
32 33 34 86 87 88 130 131 133 242 243 244 245 246 
32 37 57 58 59 92 136 258 259 260 261 262 
38 40 62 63 146 147 148 
38 40 48 63 96 147 148 149 
30 41 69 172 173 174 175 
30 50 69 70 71 72 107 108 176 177 178 179 
31 36 44 53 79 80 114 115 116 206 207 208 209 210 211 212 213 
31 36 44 52 79 80 116 207 208 209 210 211 212 213 
36 44 45 81 117 118 215 216 217 
33 36 82 83 121 122 123 124 225 227 228 229 230 
33 125 232 233 234 235 
32 47 58 59 91 92 135 136 257 258 
32 47 57 59 92 136 258 259 260 261 
32 37 47 57 58 92 93 137 259 260 261 262 264 
32 37 93 138 265 266 267 
32 37 94 139 140 141 142 269 270 271 272 273 
38 48 367 
38 48 49 96 147 148 149 
35 97 98 155 156 157 158 
35 66 99 160 161 162 
35 65 99 160 161 162 
41 68 102 103 104 105 169 170 
30 41 67 105 106 170 171 
30 41 50 51 107 108 174 175 176 177 
30 51 71 72 108 179 180 181 
30 51 70 72 109 180 181 
30 51 70 71 109 180 181 182 
30 186 187 
75 110 188 
74 76 110 188 189 
42 75 77 78 111 189 190 191 192 193 194 195 196 
42 76 78 111 191 193 194 196 197 198 
42 76 77 111 195 196 197 198 
31 44 52 53 80 115 116 206 207 208 209 210 
31 44 52 53 79 116 210 211 212 
36 45 54 118 119 120 
36 45 55 121 122 218 219 220 221 222 223 224 225 
33 55 123 124 228 229 230 
33 34 85 126 127 128 129 237 238 
33 34 84 86 87 129 237 238 239 240 241 
33 34 46 85 87 88 130 131 240 241 
33 34 46 85 86 88 130 241 242 
33 34 46 86 87 130 131 242 243 
34 90 134 252 253 254 
32 89 91 254 255 256 
32 57 90 135 
32 47 57 58 59 136 137 258 259 260 261 263 
32 37 59 60 137 264 265 266 267 
32 37 61 95 141 142 273 274 275 276 277 
37 94 142 143 144 274 275 276 277 278 
38 40 63 150 
35 64 98 154 155 156 157 158 
35 64 97 99 158 159 
35 65 66 98 159 160 
101 163 164 165 166 167 168 
100 164 166 167 168 
67 103 104 169 
67 102 104 169 
102 103 169 
41 67 68 170 171 
41 68 105 170 171 
30 41 50 69 174 175 
30 51 69 70 176 177 178 179 
70 71 72 180 181 182 
74 75 
42 76 77 78 195 196 197 198 
39 42 43 201 202 203 
31 39 43 204 205 
31 52 79 115 116 206 207 208 209 
31 52 53 116 206 207 208 209 210 
31 52 53 79 80 114 115 207 208 209 210 
31 36 54 
36 45 54 81 119 120 217 
36 45 81 118 120 
36 45 81 118 119 
55 82 122 221 222 223 224 225 226 227 
55 82 121 224 225 226 227 
55 83 124 228 229 230 231 
55 83 123 228 229 230 231 
33 56 234 235 236 
33 84 127 128 129 
33 84 126 128 129 
33 84 126 127 129 
33 84 85 126 128 237 
33 34 46 86 87 88 131 241 
33 34 46 86 87 88 130 242 243 
33 34 46 133 244 246 
34 46 132 244 245 246 
34 89 248 249 250 251 252 253 
32 57 91 257 
32 47 57 58 92 258 
32 59 93 263 264 
32 37 60 139 140 267 268 
32 37 61 138 140 268 269 270 
37 61 138 139 268 269 270 
37 61 94 142 271 272 273 
37 61 94 95 141 274 275 276 277 
95 144 145 278 279 280 
95 143 145 278 279 280 
28 143 144 279 280 
38 48 62 
38 40 48 49 63 
38 40 48 49 63 
38 40 49 63 96 
40 96 151 152 
152 153 
150 151 153 
35 151 152 154 
35 97 153 155 
35 64 97 154 156 
35 64 97 155 157 
35 64 97 158 
35 64 97 98 157 
35 65 98 99 160 
35 65 66 159 
35 65 66 162 163 
65 66 161 163 
100 161 162 164 
100 163 165 166 167 
100 101 164 166 167 168 
100 101 164 165 167 168 
100 101 164 165 166 168 
101 165 166 167 
67 103 
41 67 68 105 106 171 
41 68 105 106 170 
30 41 50 174 175 
30 41 50 172 174 175 
30 41 50 69 107 173 175 
30 41 50 69 107 172 173 174 
30 51 108 177 178 179 
30 51 69 108 176 178 179 
30 51 108 176 179 
30 51 70 108 176 177 
30 70 72 109 181 
30 70 71 109 180 
30 72 109 183 
182 184 185 
30 183 185 
30 183 184 
30 73 187 
30 73 186 
74 75 110 
75 76 190 191 192 193 
75 76 189 191 193 
76 77 189 192 193 194 
76 77 189 190 191 193 194 
76 77 189 190 191 192 194 195 
76 77 191 192 193 195 
42 76 77 78 111 193 194 196 197 
42 76 77 78 111 195 197 198 
42 77 78 111 195 196 198 
42 77 78 111 196 197 
42 200 
42 199 
39 43 112 202 
39 43 112 201 203 204 
39 43 112 202 204 
39 43 113 202 203 
31 113 
31 79 114 115 207 
31 53 79 114 115 116 206 208 209 210 
31 52 53 79 114 115 116 207 209 210 
31 52 53 79 114 115 116 207 208 210 
31 52 53 79 80 115 116 207 208 209 
31 44 52 53 80 212 213 
31 44 52 53 80 211 213 
31 44 52 53 211 212 214 
31 44 213 
36 54 216 217 
36 54 215 
36 54 118 215 216 
36 45 82 219 221 222 
45 82 218 220 222 
82 218 221 223 
82 121 218 219 220 222 223 
121 218 219 220 221 223 
82 121 218 220 221 222 224 
82 121 122 222 225 226 
55 82 121 122 224 226 227 
55 121 122 224 225 227 
121 122 225 226 
55 83 123 124 229 230 
55 83 123 124 228 230 
55 83 123 124 228 229 231 
123 124 232 
56 231 
33 56 234 
33 56 125 233 235 
56 234 236 
33 125 235 
33 34 84 85 129 238 239 240 
33 84 85 237 239 240 
33 85 237 238 240 
33 34 85 237 238 239 241 
33 34 85 86 87 130 240 
33 34 46 88 130 131 243 
33 34 46 88 131 242 
34 46 132 245 246 
34 46 132 133 244 246 
34 46 132 133 244 245 
34 248 249 
134 247 250 
247 248 250 251 
134 248 249 251 
89 134 249 250 252 253 
89 251 253 
89 134 251 252 254 
89 90 253 255 
89 90 254 256 
90 255 
32 57 135 
32 57 58 92 136 259 
32 47 58 59 92 258 260 261 
32 47 58 92 259 261 
32 47 59 92 259 260 262 263 
32 47 59 92 261 263 
32 47 59 92 137 261 262 
32 93 137 
32 37 60 93 266 
32 37 93 265 267 
32 37 60 93 138 266 
37 138 139 140 269 
37 61 139 140 268 270 271 
37 61 139 140 269 271 272 
37 61 141 269 270 273 
37 61 141 270 271 273 
37 61 94 141 271 272 
37 94 95 142 275 276 277 
37 94 95 142 274 276 277 
37 94 95 142 274 275 277 
37 94 95 142 274 275 276 
95 143 
143 144 145 280 
143 144 145 279 
30 31 35 38 40 41 48 49 62 63 64 65 96 97 146 147 148 149 150 286 287 289 290 291 294 295 302 303 323 325 326 327 328 366 367 368 14 15 16 17 18 19 20 21 22 23 24 25 26 27 
283 284 292 296 304 305 306 307 308 309 329 330 331 332 373 374 375 376 377 378 379 380 
282 284 292 304 306 307 308 309 310 311 330 331 332 375 376 377 378 379 380 381 382 383 
282 283 288 297 310 311 312 333 334 335 336 337 384 385 386 387 388 389 
288 293 300 314 315 316 343 344 345 346 397 398 399 400 401 402 403 404 
281 301 317 318 319 320 321 322 355 356 357 417 418 419 1 2 
35 38 40 48 62 281 289 290 291 294 295 303 328 367 368 18 20 21 22 23 25 26 27 
284 285 297 298 299 314 338 339 340 341 342 391 392 394 395 396 
281 287 290 291 294 302 323 324 325 326 327 364 365 366 5 7 8 9 10 11 12 13 14 15 16 
281 287 289 291 294 295 302 326 327 16 17 18 19 20 
281 287 289 290 294 295 327 328 18 19 20 21 
282 283 296 329 369 370 373 
285 300 315 316 343 344 345 346 347 400 401 402 403 404 405 406 
281 287 289 290 291 302 326 327 14 15 16 17 18 
40 48 49 62 146 281 287 290 291 303 328 367 368 24 25 26 27 
282 292 304 305 296 329 369 370 371 372 373 
284 298 338 339 340 390 391 392 297 
288 297 299 338 339 340 341 391 392 393 
288 298 314 340 341 342 394 395 
285 293 343 344 345 402 403 404 405 
322 356 357 358 359 2 
281 289 290 291 294 325 326 327 366 12 13 14 15 
62 281 287 295 328 368 24 25 26 27 
282 283 292 296 305 306 329 330 373 374 
282 292 296 304 306 330 373 374 
282 283 304 305 330 331 
282 283 308 331 332 375 376 377 378 379 
282 283 307 309 380 381 
282 283 308 310 381 382 383 
283 284 309 311 312 383 
283 284 310 312 
284 310 311 313 333 384 
312 334 384 385 386 387 388 
285 288 299 342 394 395 396 
285 343 397 398 399 400 
285 293 346 347 348 407 
286 354 412 413 414 415 416 
286 319 320 321 417 
286 318 320 321 
286 318 319 321 
286 318 319 320 355 
286 301 355 356 418 419 
281 289 324 361 362 363 4 
289 323 363 5 6 
281 289 302 364 365 366 8 9 10 11 
281 289 290 294 302 366 12 13 14 15 
281 289 290 291 294 302 16 17 
281 291 295 303 23 24 
282 292 296 304 370 371 372 373 
282 283 304 305 306 
282 283 306 375 
282 283 307 375 376 377 378 379 
284 312 313 384 385 386 
313 335 336 387 388 389 
284 334 336 389 
284 334 335 337 
284 336 389 
288 297 298 390 
288 297 298 338 390 391 
288 297 298 299 341 391 392 393 
288 298 299 340 393 
288 299 314 395 396 
285 293 300 315 344 400 401 402 
285 293 300 343 402 
285 293 300 346 347 403 404 405 406 
285 293 316 345 347 405 406 407 
293 345 346 405 406 407 
316 349 408 
348 350 351 352 408 409 410 411 
349 351 352 408 409 410 411 
349 350 352 408 409 410 411 
349 350 351 353 409 410 
352 412 
317 412 413 
286 321 322 419 
286 301 322 1 
286 301 358 2 
301 357 
301 360 3 
359 361 3 4 
323 360 362 363 3 4 
323 361 363 
323 324 361 362 
289 325 365 5 6 7 8 9 10 
289 325 364 8 9 10 11 
281 289 302 325 326 11 12 13 14 
281 287 295 303 368 25 26 27 
281 287 295 303 367 25 26 27 
292 296 
292 296 329 371 372 
292 296 329 370 372 
292 296 370 371 
282 292 304 305 329 
282 304 305 
282 283 307 331 332 376 377 378 379 
282 283 307 332 375 377 378 379 
282 283 307 332 376 378 379 
282 283 307 332 375 376 377 379 
283 307 332 375 376 378 
282 283 308 
283 308 309 
283 309 381 383 
283 309 310 382 383 
284 312 313 333 386 
284 313 384 386 
284 313 333 384 385 387 
284 313 333 334 386 388 
284 313 334 335 387 
284 334 335 336 337 
297 338 
288 297 298 339 340 392 393 
288 297 298 340 391 393 
288 298 340 341 391 392 
288 299 314 395 
288 299 314 342 394 
288 314 342 
285 315 
285 315 399 
285 315 398 
285 293 315 343 401 
285 293 343 400 
285 293 300 343 344 
293 300 345 404 405 
285 293 300 345 403 405 
293 300 345 346 347 403 404 406 
293 346 347 405 
316 346 347 
348 349 350 351 409 
349 350 351 352 408 410 411 
349 350 351 352 409 411 
349 350 351 352 353 410 
317 353 354 
317 354 
317 415 416 
317 414 416 
317 414 415 
286 318 319 321 
286 322 355 419 
286 355 418 

