103 681
2 4 6 7 8 9 10 11 12 20 21 22 35 36 56 58 59 60 61 62 63 64 65 66 67 
1 6 7 8 9 10 11 20 21 35 56 57 58 59 60 61 62 
5 13 15 26 27 28 29 30 39 40 41 42 73 74 75 76 77 78 79 80 81 
1 12 22 23 24 25 37 38 69 
3 15 16 31 43 44 45 46 82 83 84 85 86 87 
1 2 7 8 34 35 56 
1 2 6 8 19 34 35 56 
1 2 6 7 34 35 56 57 58 59 
1 2 10 11 20 21 61 62 63 
1 2 9 11 20 21 62 63 64 65 66 
1 2 9 10 20 36 63 64 65 66 67 
1 4 22 23 24 36 37 38 
3 14 26 27 28 29 30 39 73 75 
3 13 28 29 30 39 40 73 74 75 76 77 78 79 
3 5 40 41 42 43 80 81 82 83 
5 31 46 47 48 49 86 88 89 90 91 92 93 
32 51 52 53 94 
33 97 98 99 100 101 
6 7 34 
1 2 9 10 11 60 61 62 
1 9 10 11 63 64 65 66 67 
1 4 12 23 36 37 68 
4 12 22 24 38 
4 12 23 25 38 69 
4 24 26 69 70 72 
3 13 25 27 28 29 69 70 71 72 
3 13 26 28 29 
3 13 14 26 27 29 39 73 74 
3 13 14 26 27 28 39 73 74 
3 13 14 39 75 76 77 78 
5 44 45 46 47 86 87 88 89 90 91 
17 50 51 52 94 
18 95 96 97 
6 7 8 19 
1 2 6 7 8 56 57 
1 11 12 37 68 
4 22 
4 12 23 24 
3 13 14 28 29 30 73 74 75 76 77 
3 14 15 41 78 79 80 
3 15 40 42 79 80 81 
3 15 41 80 81 
5 15 44 82 83 
5 31 43 45 84 85 
31 44 46 84 85 86 87 
5 16 31 45 47 86 87 88 89 90 91 
16 31 46 86 87 88 89 90 91 92 
16 49 50 93 48 
16 50 
32 48 49 
17 32 52 94 
17 32 
17 33 95 96 
18 55 97 100 
18 101 102 103 
1 2 6 7 8 35 57 58 
8 35 58 
1 2 8 56 57 59 
1 2 8 58 
1 20 
1 2 9 20 62 
1 2 10 20 61 
1 9 10 11 21 64 65 
1 10 11 21 63 65 66 67 
1 10 11 21 63 64 66 
1 10 11 21 64 65 67 
1 11 21 64 65 66 
22 36 
4 24 25 26 70 72 
25 26 71 72 
26 69 70 72 
25 26 69 70 71 
3 14 27 28 29 39 74 75 
3 13 28 29 39 73 75 
3 13 14 30 39 73 74 76 
3 14 30 39 75 77 
3 14 30 39 76 78 
3 14 30 40 79 
3 14 40 41 78 
3 15 40 41 42 81 
3 15 42 80 
15 43 83 
15 43 82 
44 45 85 
5 44 45 84 
5 16 31 45 46 47 87 88 89 90 
5 31 45 46 47 86 88 89 90 
16 31 46 47 86 87 89 90 91 
16 31 46 47 86 87 88 90 91 
16 31 46 47 86 87 88 89 91 
16 31 46 47 88 89 90 92 
47 91 93 
16 48 92 
17 32 51 52 
33 53 96 
33 53 95 
33 54 98 99 
18 97 100 
18 98 100 
54 97 99 
18 55 102 103 
55 101 
55 101 102 

