225 1654
160 164 165 2 
164 165 1 3 
160 164 165 2 
159 166 189 5 6 
159 166 4 6 
159 166 189 4 5 7 
159 161 166 189 6 
159 189 7 
158 159 161 167 168 169 
158 159 161 167 168 169 190 11 12 
158 161 167 168 169 190 191 10 12 
158 159 161 167 168 169 190 191 192 10 11 
158 159 191 192 14 
159 161 191 
158 159 161 178 193 
158 159 172 173 174 196 197 17 
158 159 172 173 174 196 197 16 18 
158 159 172 173 174 196 197 17 
158 179 198 199 200 201 20 21 
158 179 198 199 200 201 19 21 
158 199 200 19 20 
158 179 201 
158 179 22 
158 179 202 203 25 
158 202 203 24 26 
158 180 202 203 25 27 
158 180 204 26 28 
180 204 27 
158 175 205 206 
158 175 207 208 31 
158 175 208 30 
158 208 33 34 
158 181 207 208 32 34 
158 181 32 33 35 
158 181 209 34 
209 37 
209 36 
39 40 
38 40 
210 38 39 
42 43 44 47 48 49 51 52 53 57 58 59 60 76 77 78 79 80 81 82 83 84 85 86 87 88 89 110 111 112 113 114 115 116 117 118 119 120 121 122 123 124 125 126 127 158 159 160 161 175 181 207 209 210 211 212 36 38 39 40 
41 43 48 49 51 53 61 88 89 90 91 128 129 130 131 
41 42 48 52 53 88 89 90 91 128 129 130 
41 45 46 49 54 55 62 64 65 67 68 69 92 93 94 95 96 97 98 133 134 135 136 137 
44 46 54 55 70 99 100 101 102 103 140 141 142 143 144 145 
44 45 54 55 70 99 100 101 102 103 140 141 142 143 144 145 
41 57 77 78 79 210 211 212 
41 42 43 51 60 88 89 125 127 48 128 
41 42 44 61 62 63 64 65 49 92 93 94 132 133 
56 73 74 75 105 106 107 108 149 150 151 152 153 
41 42 48 59 60 86 87 124 125 126 127 
41 43 90 129 130 
41 42 43 52 90 91 131 
44 45 46 55 65 66 67 68 69 95 96 97 98 135 136 137 138 139 
44 45 46 54 67 68 69 98 136 137 138 139 
50 72 73 104 105 148 149 150 151 152 
41 47 77 78 79 80 110 111 
41 82 83 113 114 115 
41 51 60 86 87 122 123 124 125 
41 48 51 59 86 87 125 126 127 
42 49 132 
44 49 63 64 93 94 132 133 
44 49 62 64 65 92 93 94 132 133 
44 49 62 63 65 92 93 94 133 
44 49 54 63 64 66 67 68 93 94 95 96 97 133 134 
44 54 65 67 93 94 95 96 97 133 134 
44 54 55 65 66 68 69 95 96 134 135 136 137 
44 54 55 65 67 69 95 96 97 135 136 137 
44 54 55 67 68 98 135 136 137 138 
45 46 71 103 146 
70 147 
56 104 147 148 
50 56 74 105 106 149 150 151 153 
50 73 106 107 153 
50 107 108 109 154 156 
41 47 77 
41 47 57 76 78 79 
41 47 77 
41 47 57 77 78 110 111 
41 57 79 110 111 112 
41 58 82 112 113 114 
41 58 81 112 
41 58 84 85 115 116 117 118 119 
41 83 85 116 117 118 119 120 
83 84 116 117 118 119 120 
41 51 59 60 87 123 124 
41 51 59 60 86 124 125 
41 42 43 48 89 128 
41 42 43 48 88 128 129 
43 52 53 
42 43 53 131 
44 49 62 63 64 93 132 
44 49 62 63 64 65 66 92 94 133 
44 49 62 63 64 65 66 93 133 
44 54 65 66 67 68 97 134 135 136 
44 54 65 66 67 68 95 97 134 135 136 
44 54 65 66 67 68 95 96 134 136 
54 55 69 139 
45 46 100 141 142 
45 46 99 140 141 142 
45 46 102 143 144 
45 46 101 103 143 144 145 
45 46 70 102 145 146 
56 72 147 148 
50 56 73 106 149 150 151 152 
50 73 74 105 153 
50 74 75 108 153 
50 107 154 
75 155 157 
41 57 79 80 111 
41 57 79 80 110 
41 80 82 
58 81 82 114 
41 58 81 82 113 
41 58 83 
41 83 84 85 117 118 119 120 121 
41 83 84 85 116 118 119 120 121 
41 83 84 85 116 117 119 120 121 
41 83 84 85 116 117 118 120 121 
41 84 116 117 118 119 121 
41 116 117 118 120 
41 59 86 123 
41 86 
41 51 59 86 87 
41 48 51 59 60 87 126 
41 51 60 87 125 
41 60 
42 43 48 88 
42 43 52 89 130 
43 52 129 
42 53 91 
49 61 62 63 92 
44 49 62 63 64 66 93 94 
44 65 66 67 95 96 97 
44 54 67 68 69 95 96 97 136 137 
44 54 55 67 68 69 95 96 97 135 137 
44 54 55 67 68 69 135 
54 55 69 98 
55 98 
46 99 100 
46 99 100 142 
45 46 99 100 141 
45 46 101 102 
45 46 101 102 143 
45 46 102 103 
70 103 
71 72 104 
56 72 104 147 
50 56 73 150 151 152 
50 56 73 105 149 151 
50 56 73 149 150 152 
50 56 73 105 149 150 151 
50 73 74 106 107 
75 108 156 
75 109 154 156 157 
75 109 154 155 157 
155 156 
41 42 43 47 159 160 161 164 165 166 167 168 169 172 173 174 175 178 179 180 181 189 190 191 192 193 194 195 196 197 198 199 200 201 202 203 204 206 207 208 209 9 10 11 12 13 14 15 16 17 18 19 20 21 22 23 24 25 26 27 28 29 30 31 32 33 34 35 
158 160 161 164 165 166 167 168 169 172 173 174 178 179 187 188 189 190 191 192 193 194 195 196 197 198 199 4 5 6 7 8 9 10 11 12 13 14 15 16 17 18 
158 159 161 164 165 166 170 171 177 185 186 187 219 220 221 222 224 225 1 2 3 
158 159 160 166 167 168 169 172 178 189 190 191 192 193 7 9 10 11 12 13 14 15 
163 182 213 214 215 
162 170 176 182 183 214 215 216 
158 159 160 165 166 177 187 1 2 3 
158 160 164 166 187 1 2 3 
158 159 161 164 165 168 187 188 189 4 5 6 7 
158 159 161 166 168 169 189 190 191 9 11 12 
158 159 161 166 167 169 190 191 9 10 11 12 
158 159 161 167 168 190 191 192 9 10 11 12 
160 163 176 183 184 216 217 218 170 
160 185 219 220 221 
158 159 161 173 174 178 194 195 196 197 198 16 17 18 
158 159 174 195 196 197 198 16 17 18 
158 159 172 173 196 197 198 199 16 17 18 
158 180 204 205 206 207 208 29 30 
163 170 183 216 217 218 
160 164 186 225 
158 159 161 172 193 194 195 15 
158 159 199 200 201 202 19 20 21 22 23 24 
158 175 204 205 206 26 27 28 
158 207 208 209 32 33 34 35 
162 163 213 214 
163 170 176 184 216 217 218 
170 176 183 216 217 218 
160 171 219 
177 223 224 225 
159 164 165 166 
159 166 
158 159 161 166 167 4 5 6 7 8 
158 159 161 167 168 169 191 192 10 11 12 
158 159 161 168 169 192 11 12 13 14 
158 159 161 169 190 12 13 14 
158 159 178 194 15 
158 159 172 178 193 195 
158 159 172 173 178 194 
158 159 172 173 174 197 16 17 18 
158 159 172 173 174 196 16 17 18 
158 159 172 173 174 199 200 201 19 20 
158 159 179 198 200 201 19 20 21 
158 179 198 201 19 20 21 
158 179 199 200 20 21 22 
158 179 203 24 25 26 
158 202 24 25 26 
158 175 180 205 27 28 
158 175 180 204 206 29 
158 175 180 204 205 29 
158 175 181 208 30 31 32 33 
158 175 181 207 30 31 32 33 
158 181 35 36 37 
158 211 212 40 
210 212 
76 210 211 
162 182 
162 163 182 215 
162 163 214 
163 170 176 183 184 217 
170 176 183 184 216 218 
170 184 217 
160 171 185 220 
160 171 219 222 
160 171 220 222 223 224 
160 220 221 223 224 
160 186 221 222 224 
160 221 222 223 225 
160 186 224 

