51 342
44 48 49 30 31 8 9 10 
44 48 49 1 3 32 33 34 10 11 12 
44 48 49 2 32 33 34 11 12 
45 46 42 21 22 23 24 
47 28 29 
30 31 7 
30 31 6 
44 1 30 9 
44 1 8 
44 48 49 2 3 32 11 
44 48 49 2 3 32 33 10 12 
44 48 49 2 3 32 33 34 11 
49 34 35 14 
34 35 13 
50 51 36 37 14 
50 51 37 38 39 17 18 
50 51 38 39 16 18 
45 50 51 38 39 40 16 17 19 
45 38 39 40 41 18 20 
45 39 40 41 19 
45 4 41 22 23 24 
4 21 23 24 
45 4 42 21 24 
45 4 42 21 22 23 
46 43 26 
46 43 25 
47 27 
47 5 29 
5 28 
44 1 31 6 8 
44 1 30 6 7 
44 48 49 2 3 33 34 10 11 12 
44 48 49 2 3 32 34 35 11 12 13 
44 48 49 2 3 32 33 35 12 13 14 
49 33 34 36 13 14 15 
50 51 35 37 14 15 
50 51 36 15 16 
45 50 51 40 16 17 18 19 
45 51 38 40 16 17 18 19 20 
45 51 38 39 41 18 20 
45 40 19 20 21 
45 4 21 23 24 
46 4 25 26 
48 49 1 2 3 30 31 32 33 34 7 8 9 10 11 12 
46 50 51 4 38 39 40 41 42 18 19 20 21 22 23 24 
47 4 43 25 26 46 
46 5 27 28 47 
44 49 2 3 32 33 34 10 11 12 
44 48 1 2 3 32 33 34 35 10 11 12 13 
45 51 35 36 37 38 39 15 16 17 18 
45 50 36 37 38 39 40 15 16 17 18 

