33 207
25 19 33 2 
25 19 1 
26 13 19 20 21 4 
25 26 13 14 21 22 3 
24 15 16 17 30 31 
28 29 9 23 8 
28 9 6 8 10 
28 29 9 6 7 10 
29 23 6 7 8 10 11 12 
29 9 7 8 11 12 
29 9 10 12 
9 10 11 
26 28 14 20 21 22 3 27 
25 26 28 13 22 4 
24 5 16 17 31 32 
24 5 15 17 31 32 
15 16 18 32 
25 17 32 33 
25 26 20 21 33 1 2 3 
25 26 13 21 3 4 
25 26 13 19 20 3 4 
25 26 28 13 14 21 4 27 
26 28 29 9 6 
15 16 30 
26 28 29 13 14 18 19 20 21 22 33 1 2 3 4 27 
25 28 29 13 14 19 20 21 22 23 3 4 27 
25 26 28 13 14 22 
25 26 29 13 14 9 22 23 27 6 7 8 
25 26 28 9 23 6 7 8 10 11 
24 5 
5 15 16 17 32 
15 16 17 18 31 
25 18 19 1 

