47 262
2 10 31 32 33 
1 11 31 32 33 35 36 
29 37 43 4 15 16 17 
29 30 37 43 44 3 16 17 18 19 
29 30 44 20 21 
34 38 45 13 23 14 
34 38 46 47 24 
9 10 26 28 22 27 
8 10 22 27 
1 8 9 22 27 
2 12 35 36 39 41 
11 39 41 40 
30 45 6 
34 38 6 23 
29 37 43 3 16 17 
29 37 43 4 15 17 
29 37 43 3 15 16 18 
29 37 44 4 17 
29 30 37 43 44 4 18 
29 44 5 21 
29 30 44 5 20 
8 9 10 27 
34 38 6 14 
34 38 46 47 7 
46 47 26 
8 25 28 26 
8 9 10 22 
8 26 
30 37 43 44 45 3 4 5 15 16 17 18 19 21 
29 37 43 44 45 4 5 19 20 21 13 
1 2 32 33 
1 2 31 33 
1 2 31 32 42 
38 46 47 6 7 23 14 24 25 
2 11 42 36 
2 11 42 35 
30 43 44 3 15 16 17 18 19 
46 47 6 7 23 14 24 
11 12 41 40 
12 39 41 
11 12 
2 33 36 
29 30 37 44 3 4 15 16 17 18 19 
29 30 37 43 4 5 18 19 20 21 
29 30 6 13 
34 38 47 7 24 25 
34 38 46 7 25 

