35 193
34 26 28 21 22 
34 35 3 28 29 9 10 11 
34 35 2 30 11 12 13 
34 35 31 32 17 
31 32 33 18 19 20 
24 25 7 
24 25 6 8 
34 24 25 7 21 
34 2 28 29 23 10 
34 2 9 11 
2 3 10 
34 35 3 30 13 
34 35 3 30 12 
35 30 15 16 17 
35 30 14 16 17 
35 4 30 14 15 17 
35 4 14 15 16 
5 33 19 
5 33 18 
5 33 
34 1 24 25 27 8 
1 28 29 23 
34 28 29 22 9 
34 25 26 6 7 8 21 
34 24 26 6 7 8 21 
1 24 25 27 8 21 
34 1 26 21 
34 1 2 29 22 23 9 
34 28 23 9 
34 3 12 13 14 15 16 
35 4 5 32 
4 5 31 
5 18 20 
35 1 2 3 4 24 25 26 27 28 29 30 8 22 23 10 11 12 13 
34 2 3 4 30 31 12 13 14 15 16 17 

