160 980
103 114 127 160 
115 3 
115 2 
106 131 132 
100 102 107 110 118 135 136 7 24 25 26 27 44 45 46 47 48 90 91 92 93 94 95 96 97 98 99 
10 11 12 15 16 17 18 29 30 52 53 54 55 56 57 
5 8 9 13 14 21 22 23 33 34 35 36 37 38 39 74 75 76 77 78 79 80 
7 9 13 14 21 22 33 34 35 36 74 75 76 77 78 
7 8 14 21 22 23 33 34 35 36 37 38 75 76 77 78 79 
6 15 28 52 53 
6 12 16 17 18 29 30 54 55 56 57 
6 11 16 17 18 30 54 55 56 57 58 
7 8 19 20 21 72 73 
7 8 9 21 22 33 34 35 36 37 75 76 77 78 79 
6 10 29 52 53 
6 11 12 17 18 30 54 55 56 57 
6 11 12 16 18 30 54 55 56 57 
6 11 12 16 17 30 54 55 56 57 
13 20 32 70 71 72 
13 19 32 72 73 
7 8 9 13 14 33 34 35 74 75 76 
7 8 9 14 34 35 36 37 38 77 78 79 
7 9 38 39 40 41 42 80 81 82 83 
5 25 44 45 46 89 90 
5 24 45 46 90 91 
5 27 47 48 92 93 96 97 
5 26 47 48 94 95 96 97 
10 49 50 51 
6 11 15 
6 11 12 16 17 18 54 55 56 57 
61 62 63 64 65 
19 20 70 71 72 
7 8 9 14 21 34 35 75 76 77 
7 8 9 14 21 22 35 36 75 76 77 
7 8 9 14 21 22 33 34 36 75 76 77 
7 8 9 14 22 34 35 77 78 79 
7 9 22 38 79 
7 9 22 23 37 39 80 
7 23 38 40 41 80 81 82 83 
23 39 41 80 81 82 83 
23 39 40 42 81 82 83 
23 41 83 
84 85 87 
5 24 87 88 89 
5 24 25 46 90 
5 24 45 
5 26 27 48 94 95 96 
5 26 27 47 96 97 98 
28 51 
28 49 51 
28 49 50 
10 15 
6 10 15 52 
6 11 12 16 17 18 30 55 56 57 
6 11 12 16 17 18 30 56 57 
11 16 17 18 30 54 55 57 
6 11 12 16 17 18 30 54 55 56 
12 59 60 61 
58 60 61 
58 59 61 
31 58 59 
63 64 
31 62 64 65 
31 62 63 65 66 67 
31 63 66 67 68 
31 64 65 67 68 
64 65 66 68 69 
65 67 69 
67 68 70 
19 32 69 71 
19 70 
13 19 20 32 73 
13 72 
7 8 
7 8 9 14 21 33 35 76 
7 8 9 21 34 35 75 77 
7 8 9 14 22 33 34 35 36 76 
7 8 9 14 22 36 79 
7 9 14 22 36 37 78 
7 23 38 39 81 82 
39 40 41 80 82 83 
39 40 41 42 80 81 83 
23 39 40 41 42 81 82 
43 85 86 
43 86 87 
43 84 87 
43 44 85 88 
44 87 89 
24 44 88 
5 24 25 45 46 
5 25 92 93 
5 26 91 93 
5 26 91 92 
5 26 27 47 95 
5 26 27 47 94 96 
5 26 27 47 48 95 97 
5 26 27 48 96 98 99 
5 48 97 99 
135 5 97 98 
102 107 110 118 135 136 137 138 139 26 27 47 48 96 97 98 99 
103 113 114 124 125 126 127 152 153 154 155 156 157 159 160 
100 104 107 111 119 120 121 122 140 141 142 143 144 145 
101 114 124 125 126 127 128 129 156 157 158 159 160 1 
102 108 109 111 122 146 104 
103 106 115 116 130 131 132 133 4 
105 115 116 130 131 132 133 
100 102 111 119 120 142 143 144 
104 109 112 146 147 148 
104 108 112 123 147 148 149 
100 118 98 99 
102 104 107 122 144 145 
108 109 123 147 148 149 
123 150 151 152 
101 103 125 126 127 128 160 1 
105 106 129 130 2 3 
106 117 131 132 133 134 
133 134 
100 110 135 136 
102 107 120 121 142 143 
102 107 119 121 142 143 
102 107 119 120 142 143 
102 104 144 145 
109 112 113 150 151 
101 103 153 154 155 156 157 
101 103 126 127 158 159 160 
101 103 114 125 127 158 159 160 
101 103 114 125 126 160 1 
103 114 129 
103 115 128 
105 106 115 132 4 
105 106 116 130 132 4 
105 106 130 131 133 4 
105 106 117 132 134 
116 117 133 
100 110 118 99 
100 118 
138 139 
137 139 
100 137 138 
102 141 
102 140 
102 107 119 120 121 143 
102 119 120 121 142 
102 107 111 122 145 
111 122 144 
104 108 
108 109 112 
108 109 112 147 149 
109 148 
113 123 151 
113 123 150 
101 113 
101 124 154 
101 124 153 155 156 
101 124 153 154 
101 103 124 154 155 157 
101 103 124 156 
125 126 159 
101 103 125 126 158 
101 103 114 125 126 127 1 

