122 1068
83 2 
83 84 1 3 4 
84 2 4 5 
2 5 
84 3 4 6 
84 5 
60 70 8 
60 70 7 9 
60 70 85 86 87 8 10 
60 71 85 86 87 9 11 
60 70 71 86 87 88 10 
71 88 89 90 91 
90 91 92 93 14 
90 91 92 93 13 
95 96 
61 72 94 95 96 97 17 18 
72 94 95 96 97 16 
61 94 95 96 97 16 17 
61 72 97 98 99 
61 72 98 99 19 
58 61 73 74 102 103 
58 74 75 104 23 24 
58 74 75 104 22 24 
58 75 104 22 23 
58 64 105 107 26 27 
58 64 107 25 27 
58 64 107 25 26 
58 64 
58 65 108 109 
58 62 65 66 108 109 31 
58 62 65 66 110 30 32 33 
58 62 65 66 76 110 31 33 34 
58 62 65 66 76 110 31 32 34 
58 62 66 76 110 32 33 35 
58 62 66 67 76 77 110 34 
58 59 62 66 67 68 76 77 111 
58 59 62 67 68 78 112 113 38 39 
58 59 78 79 112 113 114 115 37 39 40 41 
58 59 78 79 112 113 114 115 37 38 40 41 
58 59 78 79 112 113 114 115 38 39 41 
58 59 78 79 114 115 116 38 39 40 42 
58 59 78 79 80 114 115 41 
58 59 78 79 80 81 116 117 118 44 45 
58 59 80 81 116 117 118 43 45 
58 59 80 81 117 118 43 
58 59 119 47 
63 69 119 120 46 48 49 
63 69 119 120 47 49 
63 69 119 120 47 48 
63 69 119 120 51 
63 69 50 
63 82 121 53 54 55 
63 82 121 52 54 
63 82 122 52 53 55 56 57 
63 82 122 52 53 54 56 57 
63 82 122 54 55 57 
63 82 122 54 55 56 
59 60 61 62 63 64 65 66 67 68 69 72 73 74 75 76 77 78 79 80 81 82 100 102 103 104 105 106 107 108 109 110 111 112 113 114 115 116 117 118 119 120 21 22 23 24 25 26 27 28 29 30 31 32 33 34 35 36 37 38 39 40 41 42 43 44 45 46 
58 62 63 65 66 67 68 69 76 78 79 80 81 111 112 113 114 115 116 117 118 119 36 37 38 39 40 41 42 43 44 45 46 
58 61 70 71 84 85 86 87 88 89 7 8 9 10 
58 60 72 73 74 94 95 96 97 98 99 100 101 102 103 104 18 19 20 21 
58 65 66 67 68 76 77 78 108 109 110 111 112 113 30 31 32 33 34 35 36 37 
58 59 69 82 119 120 121 122 47 48 49 50 51 52 53 54 55 56 57 
58 75 105 106 107 25 26 27 
58 59 62 66 76 108 109 110 29 30 31 32 33 
58 59 62 65 67 68 76 77 110 111 30 31 32 33 34 35 36 
58 59 62 66 68 76 77 110 111 35 36 37 
58 59 62 66 67 76 77 78 111 112 113 36 37 
58 59 63 119 120 121 47 48 49 50 51 
60 71 85 86 87 7 8 9 10 11 
60 85 86 87 88 89 10 11 12 
58 61 94 95 96 97 98 99 16 17 18 19 
58 61 74 100 101 102 103 21 
58 61 73 102 103 21 22 23 
58 64 104 105 106 22 23 24 25 
58 59 62 66 67 68 77 110 111 32 33 34 36 
58 59 62 66 67 68 76 110 111 35 36 
58 59 68 79 80 112 113 114 115 116 37 38 39 40 41 42 43 
58 59 78 80 81 114 115 116 117 38 39 40 41 42 43 
58 59 78 79 81 114 115 116 117 118 41 42 43 44 45 
59 79 80 116 117 118 43 44 45 46 
58 63 121 122 52 53 54 55 56 57 
1 83 
60 2 3 4 5 6 
60 70 71 86 87 8 9 10 
60 70 71 85 88 9 10 11 
60 70 71 85 86 88 9 10 11 
60 71 86 87 89 90 11 12 
60 71 88 90 91 12 
71 88 89 91 92 12 13 14 
89 90 12 13 14 
90 91 93 13 14 15 
92 94 95 13 14 15 
61 72 92 93 95 96 97 15 16 17 18 
61 72 93 94 96 97 15 16 17 18 
61 72 94 95 97 15 16 17 18 
61 72 94 95 96 98 99 16 17 18 19 
61 72 99 19 20 
61 72 97 98 19 20 
58 61 73 101 102 
61 73 100 102 
58 61 73 74 100 101 103 21 
58 61 73 74 102 104 21 
58 61 74 75 103 22 23 24 
58 64 106 25 
58 64 75 105 25 
58 64 25 26 27 28 
58 62 65 109 29 30 
58 62 65 108 29 30 
58 62 65 66 67 76 31 32 33 34 35 
58 59 62 66 67 68 76 77 112 36 
58 59 62 67 68 78 111 113 114 37 38 39 40 
58 59 62 68 78 112 114 37 38 39 40 
58 59 78 79 80 112 113 115 116 38 39 40 41 42 
58 59 78 79 80 114 116 38 39 40 41 42 
58 59 78 79 81 114 115 117 41 42 43 44 
58 59 79 80 81 116 118 43 44 45 
59 80 81 117 43 44 45 
58 59 63 69 120 46 47 48 49 50 119 
58 63 69 119 47 48 49 50 51 
69 82 52 
63 82 54 55 56 57 

