41 245
16 2 17 
16 1 3 17 
16 2 
16 18 22 21 24 
16 19 38 25 23 
19 39 7 23 26 
19 39 6 8 26 14 27 
19 39 40 7 9 14 27 15 
19 20 39 40 8 14 27 15 
20 41 28 29 30 31 
20 41 10 29 30 31 32 
13 32 33 34 35 36 37 
12 33 35 36 37 
19 39 40 8 9 27 
19 20 39 40 8 9 27 
19 38 1 2 3 4 5 17 18 22 21 24 25 
16 1 2 17 
16 22 
16 20 38 39 40 5 6 7 8 9 25 23 26 14 27 15 
19 39 40 41 9 10 11 15 28 29 30 31 32 
16 38 4 24 
16 4 18 
19 5 6 25 26 
38 4 21 
16 19 38 5 23 
19 39 6 7 23 
19 39 40 7 8 9 14 15 
20 10 29 30 
20 41 10 11 28 30 
20 41 10 28 29 31 
20 10 11 30 32 33 
20 11 31 33 
12 13 31 32 34 
12 13 32 33 
12 13 36 37 
12 13 35 
12 13 35 36 
16 19 4 5 21 24 25 
19 20 40 6 7 8 9 26 14 27 15 
19 20 39 41 8 9 14 27 15 
40 10 11 28 29 30 

