117 1002
2 4 5 8 9 10 12 13 14 25 47 48 49 50 91 92 93 94 95 96 97 98 99 100 101 102 103 104 
1 3 4 5 6 8 11 19 20 21 22 23 30 31 32 33 34 35 36 37 38 39 63 64 65 66 67 68 69 70 71 72 73 
2 4 6 7 11 15 16 17 18 19 20 21 28 29 30 31 32 33 58 59 60 61 62 63 64 65 66 67 68 70 
1 2 3 5 8 12 13 23 24 42 43 44 45 46 47 81 82 83 84 85 86 87 88 89 90 
2 4 8 12 13 45 46 47 82 83 84 85 86 87 88 89 90 5 
2 3 7 11 22 31 32 33 34 35 36 37 66 67 68 69 70 71 72 
2 3 6 11 22 31 32 33 34 35 36 37 38 39 70 71 72 73 
1 2 4 5 24 42 43 44 45 76 77 78 79 80 81 82 
1 10 14 48 49 93 94 95 96 97 98 99 100 101 
1 9 14 25 48 49 50 98 99 100 101 102 103 104 105 106 
2 3 6 7 22 31 32 33 34 35 36 37 38 39 70 72 73 
1 4 5 13 91 92 
4 5 12 91 92 
1 9 10 48 49 95 96 97 98 99 100 101 102 
3 16 17 18 28 29 55 56 57 15 
3 15 17 18 28 29 55 56 57 
3 15 16 18 28 29 55 56 57 
3 15 16 17 28 29 56 57 58 59 60 
2 3 20 21 30 58 59 60 61 62 63 64 
2 3 19 21 30 61 62 63 64 
3 19 20 30 63 64 65 
2 6 7 11 23 37 38 39 40 41 72 73 74 75 
2 4 8 22 24 40 41 43 74 75 76 77 78 79 80 
4 8 23 40 41 42 74 75 76 77 78 79 80 
1 10 26 50 105 106 107 108 109 110 111 
25 27 51 52 112 113 114 
26 51 52 53 54 114 115 116 
3 15 16 17 18 29 55 57 
3 15 16 17 18 28 56 57 58 59 60 
2 3 19 20 21 63 64 
2 3 6 7 11 32 67 68 69 70 
2 3 6 7 11 33 69 70 71 
2 3 6 7 11 32 34 71 
2 6 7 11 35 36 37 71 72 
2 6 7 34 36 37 38 71 72 73 
2 6 7 11 34 35 38 71 72 73 
2 6 7 11 22 34 35 36 38 39 72 73 
2 7 22 35 36 37 39 72 73 
2 7 11 37 38 73 
23 24 41 74 75 76 
22 23 40 42 74 75 76 77 78 79 
4 8 23 24 41 43 76 77 78 79 80 
4 8 42 81 
4 8 81 82 
4 5 8 46 82 83 84 
4 5 45 83 
1 4 5 85 86 87 88 89 90 
1 9 10 14 49 99 100 101 102 103 104 
1 9 10 14 48 101 102 103 104 105 
1 10 25 105 106 107 108 109 
27 52 112 113 114 
26 27 51 53 114 
27 52 54 115 116 
27 53 115 116 117 
15 16 17 28 56 
15 16 17 18 29 55 57 
15 16 17 18 28 29 56 
3 18 19 29 59 60 61 62 
3 18 19 29 58 60 61 62 
3 18 19 29 58 59 61 62 
19 20 58 59 60 62 
3 19 20 58 59 60 61 
2 3 20 21 30 64 
2 19 20 21 30 63 65 
3 21 30 64 
2 3 6 31 67 68 69 
2 3 6 66 68 
2 3 6 31 66 67 69 
2 3 6 31 32 66 68 70 
2 3 6 7 11 31 32 69 
2 6 7 11 32 33 34 35 36 
2 6 7 11 22 34 35 36 37 38 73 
2 7 11 22 35 36 37 38 39 72 
22 23 24 40 41 75 76 
22 23 24 40 41 74 
8 23 24 40 41 42 74 77 78 79 80 
23 24 41 42 76 78 79 80 
8 23 24 41 42 76 77 
23 24 41 77 78 80 
8 23 24 42 76 77 78 79 
4 43 44 
4 5 8 45 
4 5 45 46 82 
4 5 45 46 83 
4 5 47 86 87 
4 5 47 85 87 88 89 
5 47 85 86 88 90 
4 5 47 86 87 89 90 
4 5 47 86 88 90 
5 47 87 88 89 
1 12 13 92 
1 12 13 
1 95 
1 9 93 95 
1 9 14 93 94 96 
1 9 14 95 97 98 99 100 
1 9 14 96 98 99 100 
1 9 10 14 96 97 99 100 
1 9 10 14 48 96 97 98 100 
1 9 14 48 96 97 98 99 
1 9 10 14 49 102 103 
1 10 14 48 49 101 103 104 
1 10 48 49 101 102 104 105 
1 10 48 49 102 103 
10 25 49 50 103 104 106 
10 25 50 105 107 108 109 
25 50 106 108 109 110 
25 50 106 107 109 
25 50 106 107 108 110 111 
25 50 107 108 109 111 
25 109 110 112 
26 51 111 113 
26 51 112 
26 27 51 52 
27 53 54 116 117 
53 54 115 
53 54 116 

