74 503
71 5 6 7 
63 68 37 38 39 9 10 11 12 
61 14 15 16 
61 62 40 17 18 19 20 21 22 
71 72 1 58 6 7 8 
71 5 1 7 
5 1 6 
72 5 58 
67 68 2 37 
63 68 2 37 38 39 11 12 
63 2 37 39 10 12 
63 2 37 38 39 10 11 
64 72 59 23 
63 3 15 16 
63 14 16 
63 3 14 15 
69 4 18 
61 62 69 4 40 17 19 20 
61 62 69 4 40 18 20 21 22 
61 62 69 4 40 18 19 21 22 
61 62 69 4 40 19 22 
61 62 69 4 40 19 20 21 
64 72 59 13 
64 59 
61 62 70 41 42 28 29 30 27 65 
73 55 56 57 32 
61 70 41 42 43 25 30 65 66 
61 62 69 70 41 42 29 25 
61 62 69 70 41 42 28 25 30 
61 62 70 41 42 29 25 27 65 
44 45 46 33 34 36 
73 56 26 
45 46 31 34 36 
45 46 31 33 36 
71 47 
45 31 
63 67 68 38 39 9 10 11 12 
63 67 68 2 37 39 10 11 12 
68 2 37 38 10 11 12 
61 62 69 70 4 18 19 20 21 22 28 
61 62 69 70 42 28 29 25 30 27 65 
61 62 69 70 41 43 28 29 25 30 27 65 66 
61 62 70 42 44 27 65 66 60 
62 43 45 31 
44 33 34 36 
47 31 33 34 36 
71 46 35 
74 53 54 49 
74 53 54 48 
74 54 51 
74 52 
51 52 
73 74 54 48 49 
74 53 48 49 50 
64 73 56 57 26 32 
73 55 57 26 32 
73 55 56 26 32 
64 72 5 8 
64 72 13 23 24 
62 70 43 65 66 
62 63 69 70 3 4 40 41 42 43 17 18 19 20 21 22 28 29 25 30 27 65 
61 63 69 70 4 40 41 42 43 44 18 19 20 21 22 28 29 25 30 27 65 66 60 
61 62 67 68 2 3 37 38 39 10 11 12 14 15 16 
72 73 58 59 13 23 24 
61 62 70 41 42 43 25 30 27 66 60 
62 70 42 43 27 65 60 
63 68 2 37 38 9 
63 67 68 2 37 38 39 9 10 
61 62 70 4 40 41 42 17 18 19 20 21 22 28 29 
61 62 69 40 41 42 43 28 29 25 30 27 65 66 60 
5 47 1 35 6 
64 5 58 59 8 13 23 
64 74 55 56 57 53 26 32 
73 53 54 48 49 50 51 

