35 181
32 2 3 
32 1 3 8 9 
32 1 2 8 9 
32 27 28 25 
32 33 5 
31 33 7 29 10 11 12 
31 34 6 29 30 12 13 14 
1 2 3 
32 2 
31 33 6 11 
31 33 6 10 
31 6 7 29 
34 7 30 14 
31 34 7 30 13 
31 35 17 16 
31 35 15 17 20 18 
31 15 16 
35 16 20 19 
35 26 18 21 
31 35 16 18 
35 26 19 
35 26 23 24 
22 24 
26 22 23 
32 4 27 28 
31 35 18 19 21 22 23 24 
32 4 25 
32 4 27 25 
31 34 7 30 12 
31 34 7 29 13 14 
32 33 34 35 5 6 7 26 29 30 10 11 12 13 14 15 17 16 20 
31 33 1 2 3 4 5 27 28 9 25 32 
31 32 5 6 10 11 
31 7 29 30 13 14 34 
31 26 15 16 20 18 19 21 22 

