64 473
60 11 31 64 
31 32 
37 41 47 4 20 21 22 23 36 56 51 50 
47 3 20 21 22 23 24 36 56 51 52 
37 47 48 6 34 28 12 
37 48 57 5 28 29 13 
37 57 58 8 9 10 30 15 16 33 27 
37 57 58 7 10 30 16 33 27 
37 57 58 7 8 10 30 16 33 27 
37 58 59 7 8 9 30 27 
58 59 60 61 62 63 64 1 
37 47 48 5 34 28 
37 48 57 6 28 
37 57 6 29 
37 57 7 29 16 
37 57 7 8 9 15 33 
18 19 38 17 
17 19 38 
41 45 17 18 38 39 
41 3 4 21 49 35 36 56 
3 4 20 22 23 36 56 
3 4 21 23 51 
47 3 4 21 22 24 25 26 51 50 52 53 
37 47 4 23 25 26 51 50 52 53 54 55 
37 23 24 26 51 50 52 53 54 55 
37 47 23 24 25 50 52 53 54 55 
37 58 7 8 9 10 30 33 
37 48 5 6 34 12 13 
57 7 14 15 
37 58 59 7 8 9 10 27 
60 32 1 2 
31 2 
37 7 8 9 16 27 
37 47 48 5 28 12 
41 45 20 49 
3 4 20 21 56 
47 48 57 58 59 60 3 5 6 7 8 9 10 24 25 26 34 28 29 30 12 13 14 15 16 33 27 
17 18 19 39 
41 45 19 38 
41 46 39 42 43 
45 46 3 19 20 39 40 42 43 44 49 
41 45 46 40 43 44 
41 45 46 40 42 44 
45 46 42 43 
41 46 19 40 42 43 44 49 35 
41 45 40 42 43 44 49 
48 3 4 5 23 24 25 26 34 28 51 50 52 53 54 55 12 
37 47 57 5 6 34 28 12 13 
41 45 46 20 35 
47 3 4 23 24 25 26 51 52 53 
47 3 4 21 22 23 24 25 50 52 
47 4 23 24 25 26 51 50 53 54 
47 23 24 25 26 50 52 54 55 
47 24 25 26 52 53 55 
24 25 26 54 
3 4 20 21 36 
37 48 6 7 8 9 29 13 14 15 16 
37 59 7 8 9 10 11 30 61 
37 58 60 10 11 30 61 
37 59 11 31 32 61 62 63 64 1 
58 59 60 11 62 
59 60 11 61 63 64 
60 11 62 64 
60 11 62 63 1 

