318 2353
5 11 19 20 21 51 52 53 95 96 98 99 
12 13 22 23 24 25 55 56 57 58 59 60 
4 6 33 34 35 36 37 71 72 73 74 75 76 77 
3 6 7 8 9 37 77 78 79 80 
1 19 20 21 51 52 53 97 98 99 
3 4 7 36 37 75 76 77 
4 6 8 9 18 38 78 79 80 
4 7 9 18 38 39 40 78 79 80 81 
4 7 8 18 39 40 41 42 43 45 80 81 
11 47 48 49 50 84 86 87 88 
1 10 49 86 87 88 89 90 91 92 93 
2 13 22 23 54 55 56 57 
2 12 22 23 24 54 55 56 57 58 318 
25 26 27 28 29 61 62 63 64 
16 17 29 30 65 66 68 69 70 
15 17 30 31 32 68 69 70 
15 16 30 31 32 68 69 70 
4 7 8 9 38 39 78 79 80 
1 5 20 95 97 98 
1 5 19 97 98 
1 5 51 52 53 98 99 
2 12 13 23 54 55 56 
2 12 13 22 55 56 57 58 318 
2 13 25 58 59 60 
2 14 24 59 60 61 62 
14 27 28 61 62 63 64 
14 26 28 29 63 64 
14 26 27 29 63 64 
14 15 27 28 63 64 65 66 67 68 
15 16 17 31 32 69 70 
16 17 30 32 33 70 71 
16 17 30 33 34 70 71 
3 31 32 34 35 71 72 
3 32 33 35 71 72 73 
3 33 34 36 72 73 74 75 
3 35 72 73 74 75 76 
3 4 6 76 77 
4 7 8 18 78 79 80 
7 8 9 18 40 80 81 
8 9 39 41 42 43 44 45 81 
9 40 42 43 44 45 81 
9 40 41 43 44 45 81 82 
9 40 41 42 44 45 81 82 
9 40 41 42 43 45 81 82 
9 40 41 42 43 44 46 81 82 
45 82 84 
10 48 83 84 85 
10 47 84 86 
10 11 50 86 87 
10 11 49 88 89 90 
1 5 21 52 53 98 99 
1 5 21 51 99 
1 5 21 51 99 
12 13 22 55 318 
2 12 13 22 23 54 318 
2 12 13 22 23 57 58 
2 12 13 23 56 58 
2 13 23 24 56 57 
2 24 25 60 
2 24 25 59 61 
25 26 60 62 
14 25 26 61 
14 26 27 28 29 64 
14 26 27 28 29 63 65 
15 29 64 66 67 68 
15 29 65 67 68 
15 65 66 68 
15 16 17 29 65 66 67 
15 16 17 30 70 
15 16 17 30 31 32 69 
3 31 32 33 34 
3 34 35 36 73 74 75 
3 34 35 36 72 74 75 
3 35 36 72 73 75 
3 6 35 36 72 73 74 
36 37 77 
3 4 6 37 76 
4 7 8 38 79 
4 7 8 18 38 78 80 
4 7 8 9 18 38 39 79 
8 9 39 40 41 42 43 44 45 
43 44 45 46 83 
46 47 82 84 85 
46 47 48 83 85 
47 48 83 84 
10 11 48 49 87 
10 11 49 86 
10 11 50 89 90 
11 50 88 
11 50 88 89 91 92 93 94 
11 90 92 93 94 
11 90 91 93 94 
11 90 91 92 94 
90 91 92 93 
1 96 97 
1 95 
1 5 19 20 95 96 
5 19 20 21 51 
1 5 21 51 53 
101 103 107 108 110 111 116 117 119 120 121 122 123 124 135 136 137 163 164 165 166 167 168 169 170 230 231 232 233 234 235 236 237 238 239 240 241 
100 102 104 105 106 109 112 113 126 128 129 146 147 148 193 194 195 196 197 198 280 281 282 283 284 285 286 287 288 289 290 291 292 
101 112 113 114 130 131 149 151 152 153 154 201 202 203 204 205 206 207 208 209 210 211 212 213 302 303 304 305 306 307 308 309 
100 107 108 111 118 119 120 121 122 123 135 136 163 165 166 167 230 231 232 233 234 235 236 237 238 
101 105 106 126 127 128 143 144 145 185 186 187 188 189 190 191 192 270 271 272 273 274 275 276 277 278 279 
101 104 106 109 128 146 192 193 194 195 280 281 282 283 284 285 
101 104 109 128 129 146 147 148 193 194 195 196 197 282 283 284 285 286 287 
100 103 110 115 116 117 133 134 159 160 161 162 224 225 226 227 
100 103 111 121 122 123 135 136 165 166 167 168 169 235 236 237 238 239 240 241 
101 105 106 112 129 147 148 196 197 198 286 287 288 289 290 291 292 293 294 
100 107 115 116 133 134 159 160 161 223 224 
100 103 124 137 168 169 170 171 241 242 243 244 245 246 247 248 249 
101 102 109 113 129 198 199 200 294 295 112 
101 102 112 149 150 199 200 296 297 298 
102 131 132 153 154 155 156 157 214 215 216 217 218 310 311 312 313 314 315 
107 110 133 158 219 220 221 222 223 
100 107 110 133 134 159 160 161 224 225 
100 107 162 228 229 
100 103 117 119 163 
103 118 120 163 164 230 231 232 
100 103 119 164 230 231 232 233 234 
100 103 108 122 123 135 136 165 166 167 235 236 237 238 239 
100 103 108 121 123 135 136 165 166 167 235 236 237 238 239 
100 103 108 121 122 135 136 165 166 167 235 236 237 238 239 
100 111 125 137 138 170 171 245 246 247 248 249 250 
124 138 139 172 251 252 253 
101 104 127 144 145 185 186 187 188 189 270 271 272 273 274 275 
104 126 143 144 145 186 187 188 189 270 271 272 273 274 275 
101 104 105 106 146 193 194 195 281 282 283 284 
101 106 109 112 148 198 290 291 292 293 294 
102 201 202 299 300 301 302 
102 114 153 154 155 156 211 212 213 214 215 216 310 311 
114 156 157 217 218 312 313 314 315 316 317 
107 110 115 116 134 159 160 
107 110 116 133 159 160 161 224 
100 103 108 121 122 123 136 165 166 167 235 236 237 238 
100 103 108 121 122 123 135 167 238 239 
100 111 124 138 171 247 248 249 250 
124 125 137 250 251 252 
125 140 141 172 173 174 175 254 255 
139 141 172 173 174 175 254 255 
139 140 142 172 173 174 175 254 255 256 257 
139 141 173 174 175 176 177 178 255 256 257 
104 126 127 183 184 269 270 
104 126 127 145 186 187 188 189 190 191 272 273 274 275 276 
104 126 127 144 188 189 190 191 273 274 275 276 277 
101 105 106 282 283 284 285 
101 106 109 196 197 286 287 288 
101 106 109 129 288 289 290 291 292 
102 112 113 150 200 296 297 298 
113 149 200 296 298 
102 152 206 207 208 209 306 307 308 
102 151 209 306 307 308 309 
102 131 154 155 209 210 211 212 213 214 310 
102 114 131 153 155 213 214 215 216 310 311 
114 131 153 156 214 215 216 310 311 
114 131 132 155 157 215 216 217 312 313 314 
114 132 156 217 218 313 314 315 316 
115 219 220 
107 110 116 133 134 160 
107 110 116 133 134 159 
107 110 116 224 225 
107 117 228 229 
100 103 118 119 
100 103 119 120 230 231 232 233 234 
100 103 108 121 122 123 135 166 235 236 
100 103 108 121 122 123 135 165 167 235 236 237 238 
100 103 108 121 122 123 135 136 166 237 238 239 
100 108 111 169 240 241 
100 108 111 168 240 241 
100 111 124 171 242 243 244 245 246 
111 124 137 170 245 246 247 248 249 
125 139 140 141 173 254 
139 140 141 142 172 174 175 254 255 256 
139 140 141 142 175 254 255 256 257 
139 140 141 142 173 255 256 257 
142 177 256 257 
142 176 178 258 
142 176 177 258 259 260 
180 258 260 261 262 263 
179 262 264 
180 182 263 264 265 266 
181 183 265 266 267 268 
143 182 184 267 268 269 
143 183 
104 126 127 143 186 270 271 
104 126 127 144 185 187 270 271 272 273 
104 126 127 144 186 188 271 272 273 274 
104 126 127 144 145 187 189 190 272 273 274 275 276 
104 126 127 144 145 188 190 273 274 275 276 
104 144 145 188 189 191 276 277 
104 144 190 192 276 277 
104 105 191 277 278 
101 105 128 194 195 280 281 282 
101 105 106 128 195 280 281 282 
101 105 106 128 193 194 280 281 282 
101 106 109 147 197 286 287 
101 106 109 147 196 286 287 288 
101 109 112 294 295 
112 113 
112 113 149 150 296 297 298 
102 130 150 299 300 301 
102 130 299 301 302 
102 204 205 303 304 
102 203 205 303 304 
102 203 204 206 207 304 305 
102 151 205 207 208 304 305 
102 151 205 206 305 
102 151 207 305 
102 152 210 309 
102 153 211 212 213 309 
102 131 153 210 212 213 
102 153 211 213 
102 153 154 210 211 212 214 310 
114 131 153 155 213 215 310 311 
114 131 154 155 156 214 216 311 
114 154 155 156 215 312 
114 132 156 157 218 315 316 
114 132 157 217 315 316 317 
115 158 220 
115 158 219 
115 222 223 
115 221 223 
110 115 133 221 222 
107 110 134 161 225 
107 116 161 224 226 227 
107 161 225 227 
107 225 226 
117 162 229 
117 162 228 
100 119 120 164 231 
103 119 120 164 230 232 233 
100 103 119 120 164 231 233 
100 103 120 164 231 232 
100 103 120 164 
100 103 108 121 122 123 135 165 166 236 
100 103 108 121 122 123 135 165 166 235 
100 103 121 122 123 135 166 167 238 
100 103 108 121 122 123 135 136 166 237 
100 108 121 122 123 136 167 
100 108 168 169 241 
100 108 111 168 169 240 
111 170 243 245 246 
111 170 242 244 245 246 
111 170 242 243 245 246 
111 124 170 171 242 243 244 246 
111 124 170 171 242 243 244 245 
111 124 137 171 248 249 
111 124 137 171 247 249 
111 124 137 171 247 248 250 
124 137 138 
125 138 252 
125 138 251 253 
125 252 
140 141 172 173 
139 140 141 142 173 174 175 256 257 
141 142 173 174 175 176 255 257 
141 142 174 175 176 255 256 
177 178 179 259 260 261 
177 178 258 260 261 
178 179 258 259 261 262 
179 258 259 260 262 
179 180 260 261 
179 180 181 264 
180 181 263 
181 182 266 267 
181 182 265 267 
182 265 266 268 
182 183 
183 184 
104 126 127 143 185 271 
104 127 185 186 187 270 
104 126 127 144 186 187 188 273 274 
104 126 127 144 145 186 187 188 189 272 274 275 
104 126 127 144 145 187 188 189 272 273 275 
104 126 127 144 145 188 189 273 274 
104 144 145 188 189 190 191 277 
104 145 190 191 192 276 
104 192 279 
104 278 
101 105 193 194 195 
101 105 106 128 193 194 195 282 
101 105 106 128 146 193 194 195 281 283 284 
101 105 106 128 146 282 284 
105 106 128 146 282 283 
101 105 106 128 146 
101 106 109 147 196 287 
101 106 109 147 196 197 286 
101 109 147 148 197 
101 148 290 
101 109 129 148 289 291 
101 109 129 148 290 292 
101 109 129 291 
109 129 
109 112 198 295 
112 198 294 
113 149 150 200 297 
113 149 200 296 
113 149 150 200 
130 201 202 300 301 
130 201 299 
201 202 299 300 302 
102 130 202 301 
102 203 204 
102 203 204 205 206 
102 206 207 208 
102 151 152 307 308 
102 151 152 306 308 
102 151 152 306 307 
102 152 209 210 
114 131 153 154 155 213 311 
114 131 154 155 215 310 
114 132 156 216 313 314 
114 132 156 157 312 314 
132 156 157 312 313 
114 132 157 217 218 316 317 
132 157 217 218 315 317 
132 218 315 316 318 
54 55 317 

