88 678
51 52 
51 52 53 62 1 
52 53 54 63 64 65 
47 54 63 64 65 
47 55 66 6 
47 55 66 5 7 
47 55 67 6 8 
47 55 67 68 7 
48 68 11 12 
48 68 9 11 12 
48 68 9 10 12 13 14 15 
48 68 9 10 11 13 14 15 
46 48 56 11 14 15 16 
46 48 56 11 12 15 16 
46 48 56 11 12 13 14 16 
48 56 13 15 
46 56 57 
45 46 49 57 58 20 21 
45 46 49 57 58 18 20 21 
45 46 49 57 58 18 19 21 
45 46 49 57 58 18 19 20 
45 46 49 58 69 70 
45 59 69 70 71 72 73 74 24 25 
45 59 71 72 73 74 23 25 
45 59 71 73 74 75 76 23 24 26 27 
45 59 73 74 75 76 25 27 
45 59 73 74 75 76 77 25 26 28 
45 59 76 77 78 27 
60 78 
50 60 61 79 80 31 
50 61 80 30 
50 81 82 83 33 34 35 36 37 38 
50 81 82 83 32 34 35 36 
50 81 82 83 32 33 35 36 37 
50 81 82 83 32 33 34 36 
50 81 82 83 84 32 33 34 35 37 38 39 40 41 
50 83 84 32 34 35 36 38 39 40 41 
50 84 32 36 37 39 40 41 
84 36 37 38 41 
84 36 37 38 41 
84 37 38 39 40 
84 85 86 43 
84 85 86 42 
85 87 88 
46 48 49 57 58 59 60 69 70 71 72 73 74 75 76 77 78 18 19 20 21 22 23 24 25 26 27 28 
45 47 48 49 56 57 58 69 70 13 14 15 16 17 18 19 20 21 22 
46 55 65 66 67 68 4 5 6 7 8 
45 46 56 68 9 10 11 12 13 14 15 16 
45 46 57 58 69 70 71 18 19 20 21 22 
60 61 79 80 81 82 83 84 30 31 32 33 34 35 36 37 38 
52 53 62 1 2 
51 53 54 62 63 64 1 2 
51 54 62 63 64 65 2 3 
52 53 62 63 64 65 3 4 
47 66 67 68 5 6 7 8 
46 48 13 14 15 16 17 
45 46 49 58 69 17 18 19 20 21 
45 46 49 57 69 70 71 18 19 20 21 22 
45 71 72 73 74 75 76 77 23 24 25 26 27 28 
45 50 61 79 80 29 30 
50 60 79 30 31 
51 52 53 54 1 2 
52 53 54 64 65 3 4 
52 54 63 65 4 
47 53 54 63 64 66 3 4 
47 55 65 5 6 
47 55 7 8 9 
47 48 55 67 8 10 
45 46 49 57 58 70 71 72 22 23 
45 46 49 58 69 71 72 22 23 
45 49 58 59 69 70 72 73 74 23 24 25 
45 59 69 70 71 73 74 23 24 25 
45 59 71 72 74 75 76 23 24 25 26 27 
45 59 71 72 73 75 76 23 24 25 26 27 
45 59 73 74 77 25 26 27 
45 59 73 74 75 77 25 26 27 28 
45 59 75 76 78 27 28 
45 77 28 29 
50 61 80 30 31 
50 60 61 79 81 30 31 
50 80 82 83 32 34 35 36 
50 81 83 32 33 34 35 36 
50 81 82 32 33 34 35 36 37 
50 86 36 37 38 39 40 41 42 43 
84 86 87 42 43 44 
84 85 88 42 44 
85 86 88 44 
86 87 

