47 322
33 39 2 
33 39 1 
33 34 4 
33 34 3 
34 35 6 
34 35 5 
34 35 40 20 8 9 
34 35 40 20 7 9 10 
35 40 20 7 8 10 
20 8 9 
40 21 12 
21 11 
32 36 41 42 25 
32 36 37 42 43 44 26 15 16 
32 36 43 44 26 14 16 
32 36 37 44 45 29 30 14 15 
32 37 44 45 29 30 31 18 
32 37 45 29 31 17 
37 38 19 
34 35 40 7 8 9 10 
40 11 12 
38 46 47 27 28 23 24 
27 28 22 24 
47 22 23 
32 36 41 42 43 26 13 
32 36 37 42 43 44 25 14 15 
38 46 47 28 22 23 
46 47 27 22 23 
32 36 37 45 31 16 17 18 
32 36 37 44 45 29 31 16 17 18 
32 37 44 45 29 30 17 18 
35 36 37 38 41 42 43 44 45 25 26 29 30 31 14 15 16 17 18 
34 35 39 1 2 3 4 
33 35 39 40 20 3 4 5 6 7 8 
32 33 34 20 6 7 8 9 10 
32 37 41 42 43 44 45 25 26 29 30 13 14 15 16 
32 36 38 43 44 45 26 29 30 31 14 16 17 18 19 
32 37 47 27 28 19 22 
33 34 1 2 39 3 
34 35 20 21 7 8 9 10 11 
32 36 42 25 13 
32 36 43 25 26 13 14 
32 37 42 44 25 26 14 15 
32 36 37 43 45 26 29 30 31 14 15 16 17 
32 36 37 44 29 30 31 16 17 18 
38 47 27 28 22 
38 46 27 28 22 23 24 

