42 302
3 16 17 18 19 
1 3 16 17 18 19 
38 1 2 4 22 
38 3 22 
12 39 40 6 24 25 26 27 28 
12 13 40 5 7 26 27 28 29 30 31 
12 13 6 8 30 31 15 32 33 
12 13 7 31 15 32 33 
13 14 20 21 41 42 10 36 
21 41 42 9 11 36 37 
14 20 21 41 42 10 36 37 
13 14 20 40 41 5 6 7 8 26 27 28 29 30 31 15 32 33 34 
12 14 20 41 6 7 8 9 29 30 31 15 32 33 34 35 
12 13 20 21 41 42 9 10 11 35 36 37 
12 13 7 31 32 
1 2 17 18 19 
1 2 16 18 19 
1 2 16 19 
1 2 16 18 
12 13 14 21 41 42 10 11 35 36 37 
14 20 41 42 9 10 36 37 
38 3 4 
38 39 40 24 
39 40 5 23 25 26 
40 5 24 26 27 
12 40 5 6 24 25 27 28 
12 40 5 25 26 
12 40 5 6 26 27 29 30 
12 13 6 28 30 31 
12 13 6 7 28 29 31 
12 13 6 7 8 29 30 15 32 
12 13 7 8 15 33 
12 13 7 8 15 32 34 
12 13 33 35 
13 14 20 41 34 
14 20 21 42 10 11 
14 20 21 42 10 11 
39 3 4 22 23 
40 5 39 23 24 
12 39 5 6 23 24 25 26 27 28 
12 13 14 20 21 42 9 10 11 35 36 
14 20 21 41 9 10 11 36 37 

