210 1662
2 3 4 6 7 8 13 14 15 19 20 21 22 23 41 42 43 44 45 46 47 48 49 50 51 52 53 83 84 85 86 87 88 89 90 91 145 146 147 148 149 150 151 152 153 154 155 156 157 158 159 160 161 162 163 164 165 
1 7 8 14 15 22 23 24 48 49 50 51 52 53 54 55 56 87 88 89 90 91 92 159 160 161 162 163 164 165 166 167 168 169 170 171 172 173 174 175 176 177 
1 4 5 6 10 11 12 17 18 35 36 37 68 69 70 71 72 73 74 75 76 124 125 126 127 128 
1 3 6 10 11 12 17 18 35 36 37 70 71 72 73 74 75 124 125 126 127 128 
3 31 32 33 34 63 64 65 66 67 115 116 117 118 119 120 121 122 
1 3 4 11 12 37 38 39 40 78 79 131 132 133 134 135 136 
1 2 8 21 44 45 46 47 48 49 84 85 86 153 154 155 156 157 
1 2 14 15 48 49 86 87 157 158 159 160 
30 106 107 108 109 9 
3 4 11 17 18 35 36 69 70 71 72 73 124 125 126 127 
3 4 6 10 12 36 37 73 74 75 76 77 78 128 129 
3 4 6 11 38 39 40 77 78 79 129 130 131 132 133 134 
1 19 20 21 41 42 43 83 138 139 140 141 142 143 
2 8 15 22 50 51 160 161 162 163 
2 8 14 22 50 51 162 163 
26 27 28 29 58 59 60 98 99 100 101 102 185 186 187 188 189 
3 4 10 18 68 69 123 124 
3 4 10 17 35 68 69 124 125 
1 13 20 41 42 81 82 83 138 
1 13 19 21 41 42 43 83 138 139 140 141 142 143 144 
1 7 13 20 42 43 44 84 141 142 143 144 146 147 148 149 
1 2 14 15 52 88 89 90 91 165 166 167 168 169 170 
1 2 52 53 54 55 56 93 176 177 182 180 
1 2 25 26 57 93 94 96 181 183 184 
24 26 27 28 57 94 95 96 97 183 184 61 62 
16 24 25 27 28 57 94 95 96 97 98 183 184 61 62 
16 25 26 28 58 96 97 99 62 185 
16 25 26 27 58 98 99 185 
16 58 59 60 100 101 102 103 189 190 192 
9 63 107 108 109 110 111 112 
5 32 64 65 66 114 115 116 117 118 119 
5 31 66 116 117 118 119 120 
5 34 67 121 122 
5 33 
3 4 10 18 36 69 70 71 125 126 
3 4 10 11 35 70 71 73 126 127 
3 4 6 11 12 76 77 128 129 
6 12 39 40 79 134 135 
6 12 38 40 79 134 135 136 
6 12 38 39 134 135 136 
1 13 19 20 82 83 
13 19 20 21 43 83 139 140 141 142 143 
1 13 20 42 141 142 143 144 145 
1 7 21 84 85 146 147 148 149 150 151 152 
1 7 46 47 85 86 153 154 155 156 
1 7 45 47 85 86 153 154 155 156 
1 7 45 46 86 153 155 156 
1 2 7 8 49 86 87 157 158 
1 2 7 8 48 87 158 159 
1 2 14 15 51 161 163 
1 2 15 50 161 162 163 164 
1 2 22 23 53 54 55 92 171 172 173 174 175 176 177 182 
1 2 23 54 55 56 177 182 
2 23 52 53 55 56 176 177 182 
2 23 52 53 54 56 177 182 
2 23 53 54 55 93 180 
24 25 26 94 95 96 183 184 
16 27 28 29 59 60 100 185 186 187 188 189 
16 29 58 60 100 101 186 187 188 189 
16 29 58 59 100 101 102 189 190 192 
25 96 97 183 184 62 
25 26 96 97 61 
5 30 64 65 110 111 112 113 114 
5 31 63 65 113 114 115 
5 31 64 113 114 115 
5 31 32 67 118 119 120 121 
5 33 34 66 121 122 
3 17 18 123 
3 4 17 18 35 124 125 
3 10 35 36 71 72 126 
3 4 10 35 36 70 72 73 126 127 
3 4 10 36 70 71 73 126 127 
3 4 10 11 36 71 72 74 126 127 
3 4 11 73 127 128 
3 4 11 37 76 77 128 
3 11 37 75 77 128 
11 12 37 76 78 129 130 
6 11 12 77 129 130 131 132 
6 12 38 39 132 133 134 
81 137 80 
19 80 82 
19 41 
1 13 19 20 41 42 138 139 140 
1 7 21 44 146 147 148 149 150 151 152 
1 7 44 45 46 153 154 155 
1 7 8 45 46 47 48 
1 2 8 48 49 159 
1 2 22 89 90 91 165 166 167 168 169 
1 2 22 88 90 91 165 167 168 169 170 
1 2 22 88 91 167 168 169 171 
1 2 22 88 89 90 92 169 170 171 172 
2 52 91 171 172 173 174 175 
23 24 56 180 181 
24 25 26 57 95 183 
24 25 26 57 94 183 184 
24 25 26 27 57 97 183 184 61 62 
25 26 27 28 96 61 62 
16 26 27 28 99 
16 27 28 98 
16 29 58 59 101 186 187 188 189 
16 29 59 60 100 102 189 190 192 
16 29 60 101 103 192 
29 104 190 194 
103 105 194 193 195 
104 193 
9 30 107 108 
9 106 109 
9 30 106 109 
30 107 108 110 
30 63 109 111 112 113 
30 63 110 112 113 
30 63 110 111 113 
63 65 110 112 114 
31 63 64 65 113 115 
5 31 64 65 114 
5 31 32 117 
5 31 32 116 118 119 
5 31 32 66 116 117 119 120 
5 31 32 66 117 118 120 
5 31 32 66 118 119 
5 33 67 122 
5 33 67 121 
17 68 123 
3 4 10 17 18 69 
3 4 10 18 35 69 
3 4 10 35 36 70 71 72 73 127 
3 4 10 36 71 72 73 126 
3 4 11 37 74 75 76 
11 12 37 77 78 
6 12 77 131 132 
6 12 78 130 132 
6 12 78 79 130 131 133 
6 38 79 132 
6 12 38 39 40 79 
6 38 39 40 136 
6 39 40 135 
80 137 
13 19 20 41 83 
13 20 42 83 140 
13 20 42 83 139 
13 21 42 43 142 143 
13 20 21 42 43 141 143 144 
13 20 21 42 43 141 142 144 
20 21 43 142 143 145 
1 21 43 144 146 
1 21 44 84 145 147 148 149 
1 21 44 84 146 148 149 
1 21 44 84 146 147 149 
1 21 44 84 146 147 148 
1 44 84 148 151 152 
1 44 84 150 152 
1 44 84 150 151 
1 7 45 46 47 85 154 155 
1 7 45 85 153 155 
1 7 45 46 47 85 153 154 156 
1 7 45 46 47 155 
1 7 8 48 158 
1 8 48 49 157 
1 2 8 49 87 
1 2 8 14 
1 2 14 15 50 51 162 
1 14 15 50 51 161 163 164 
1 2 14 15 50 51 162 164 
1 2 51 162 163 
2 88 89 166 167 
2 22 88 89 165 167 168 169 
2 22 88 89 90 165 166 168 169 
2 22 88 90 166 167 
2 22 88 89 90 91 166 167 168 170 
2 22 89 90 169 171 172 
2 52 90 91 92 170 172 
2 52 91 92 170 171 
2 52 92 174 
2 52 92 173 175 176 
2 52 92 173 174 176 
2 23 52 53 54 174 177 182 
23 52 53 54 55 176 182 
179 191 198 199 205 206 207 208 209 210 
178 198 199 205 206 207 208 209 210 
23 56 93 180 
24 93 
23 52 53 54 55 176 
24 25 26 57 94 95 96 184 61 
24 25 26 57 96 183 61 
16 27 28 58 186 187 
16 58 100 185 187 188 
16 58 59 100 185 186 188 
16 58 59 100 186 187 189 
16 29 58 59 60 100 101 188 
29 60 101 102 103 192 
178 197 203 204 
29 60 101 102 190 
200 104 105 195 
103 104 105 
200 104 193 
200 201 202 195 
191 202 203 204 
178 179 199 205 206 207 208 209 210 
178 179 198 206 207 209 210 
196 201 202 193 195 
196 202 
197 200 201 
191 197 204 
191 197 203 
178 179 198 206 207 
178 179 198 199 205 207 208 
178 179 198 199 205 206 208 
178 179 198 199 206 207 209 210 
178 179 198 199 208 210 
178 179 198 199 208 209 

