220 1667
127 220 
45 77 
45 77 128 
128 5 
128 4 6 
46 5 7 
46 6 
78 9 
46 78 129 
78 129 11 12 
129 10 12 13 
10 11 13 
11 12 14 
130 13 
79 130 131 132 16 
130 131 15 
57 79 80 81 132 133 18 19 
57 79 80 81 133 17 19 20 21 
57 79 80 81 133 17 18 20 21 
57 80 81 133 134 19 22 23 
57 81 133 134 18 19 20 22 23 
57 81 82 133 134 20 21 23 
57 81 82 133 134 20 21 22 
47 58 83 136 137 
47 58 83 136 137 24 26 
47 83 137 25 27 
47 26 28 29 30 31 
47 27 29 30 31 
47 138 27 28 30 31 
138 27 28 29 31 
138 27 28 29 30 
33 38 39 62 63 64 97 98 99 100 101 102 103 104 105 106 162 163 164 165 166 167 168 169 170 171 172 173 174 175 
32 34 35 40 52 69 70 71 72 73 113 114 115 116 117 193 194 195 196 197 199 200 201 202 203 
33 35 36 37 40 41 42 43 44 45 54 55 56 77 123 124 125 126 127 213 214 215 216 217 218 219 
33 34 36 37 40 41 42 43 44 52 53 54 55 75 76 118 119 120 121 122 123 124 125 205 206 207 208 209 210 211 212 213 
34 35 37 40 41 42 43 44 45 56 125 126 127 213 214 215 216 217 218 219 
34 35 36 41 42 43 44 45 56 77 126 127 216 217 218 219 220 1 2 
32 39 63 101 102 103 104 105 164 165 166 167 168 169 170 171 
32 38 64 105 106 171 172 173 174 175 176 
33 34 35 36 41 52 53 54 55 74 75 76 118 119 120 121 204 205 206 207 208 
34 35 36 37 40 42 43 44 55 120 122 123 124 125 209 210 211 212 213 
34 35 36 37 41 43 44 124 125 213 214 
34 35 36 37 41 42 44 56 126 214 215 216 217 218 
34 35 36 37 41 42 43 56 126 127 214 215 216 217 218 
34 36 37 56 77 128 2 3 
78 128 129 5 6 7 8 9 
57 58 83 135 136 137 24 25 26 27 28 29 
49 50 59 84 86 144 145 
48 50 59 86 144 145 147 
48 49 60 86 87 88 89 90 145 146 147 148 149 150 151 152 153 154 155 156 
65 66 67 68 109 110 183 184 185 186 187 
33 35 40 53 54 55 74 75 76 118 119 204 205 206 
35 40 52 54 55 75 76 205 207 
34 35 40 52 53 55 76 118 119 120 121 206 207 208 
34 35 40 41 52 53 54 76 118 119 120 121 122 206 207 208 209 
34 36 37 43 44 45 126 127 219 220 
47 58 79 80 81 82 132 133 134 17 18 19 20 21 22 23 
47 57 82 83 134 135 136 137 24 25 
48 49 84 86 144 145 
50 87 88 89 90 91 151 152 153 155 156 157 
62 91 93 94 157 158 
32 61 93 94 95 96 97 159 160 161 
32 38 101 102 103 104 166 167 168 169 170 
32 107 108 177 178 179 
51 66 67 68 109 110 183 184 185 
51 65 67 68 109 110 183 184 185 
51 65 68 110 184 185 186 
51 65 66 67 110 185 186 187 
33 111 112 191 192 
33 71 113 114 115 194 195 196 
33 70 72 114 115 116 117 195 196 197 198 
33 71 115 116 117 197 198 199 
33 200 201 202 
40 52 75 204 74 
35 40 52 53 74 118 204 205 
35 40 52 53 54 55 118 119 120 121 206 207 208 
37 45 128 2 3 
46 129 8 9 10 
57 80 81 130 131 133 15 17 18 19 
57 79 81 132 133 17 18 19 20 
57 79 80 133 134 17 18 19 20 21 22 23 
47 57 58 81 133 134 135 136 22 23 
58 136 137 24 25 26 
48 59 85 139 140 141 142 143 
84 142 
48 49 50 144 145 146 
50 60 88 89 90 91 152 153 154 155 156 
50 60 87 89 90 152 153 154 155 156 
50 60 87 88 90 152 153 154 155 156 
50 60 87 88 89 152 153 154 155 156 
60 61 87 92 157 158 
61 158 
61 94 95 159 160 
61 62 93 95 96 159 160 
62 93 94 96 97 98 159 160 161 
62 93 94 95 97 98 159 160 161 
32 62 95 96 98 161 162 
32 95 96 97 161 162 
32 162 163 
32 99 163 164 
32 38 63 102 103 164 165 166 167 
32 38 101 103 104 165 166 167 168 169 
32 38 63 101 102 104 166 167 168 169 
32 38 63 102 103 168 169 
32 38 39 106 171 172 173 174 175 
32 39 105 172 173 174 175 
64 108 181 
64 107 181 
51 65 66 182 183 
51 65 66 67 68 185 186 187 
69 112 191 192 
69 111 
33 70 114 193 113 194 195 
33 71 113 194 195 196 
33 70 71 72 116 117 197 198 
33 71 72 115 117 197 198 
33 71 72 115 197 198 199 
35 40 52 53 54 55 75 76 205 206 
35 52 53 54 55 118 205 206 
35 40 41 54 55 76 121 122 123 207 208 209 210 211 212 
35 54 55 76 120 122 123 207 208 209 210 211 212 
35 41 55 120 121 123 124 209 210 211 212 
34 35 41 120 121 124 209 210 211 212 
34 35 42 122 123 125 210 211 212 
34 35 36 41 42 124 213 
34 36 37 43 44 56 215 216 217 218 
34 36 37 44 56 219 220 1 
45 46 77 3 4 5 
46 78 9 10 11 
79 131 132 14 15 16 
79 130 132 15 16 
57 79 80 130 131 15 17 
57 79 80 81 82 134 17 18 19 20 21 22 23 
57 58 81 82 133 135 20 21 22 23 
47 58 82 134 136 
47 58 82 83 135 24 25 
47 58 83 24 25 26 
29 30 31 138 
84 140 141 142 143 
84 139 141 142 143 
84 139 140 142 143 
84 85 139 140 141 143 
84 85 139 140 141 142 
48 49 59 86 
48 49 59 86 146 
48 49 50 86 145 147 148 
49 50 146 148 149 150 151 
50 146 147 149 151 152 
50 147 148 150 151 152 
50 147 148 149 151 152 
50 60 147 148 149 150 152 153 
50 60 87 88 89 90 148 149 150 151 153 154 155 
50 60 87 88 89 90 151 152 154 155 
50 60 87 88 89 90 152 153 155 156 
50 60 87 88 89 90 152 153 154 156 
50 60 87 88 89 90 154 155 
60 61 91 158 
61 91 92 157 
62 93 94 95 96 160 
62 93 94 95 96 
62 95 96 97 98 
32 97 98 99 
99 100 
32 38 100 101 165 
32 38 101 102 164 166 167 
32 38 63 101 102 103 167 168 
32 38 63 101 102 103 165 166 168 
32 38 63 102 103 104 166 167 
32 38 63 102 104 168 
32 38 63 171 
32 38 39 105 170 172 
32 39 105 106 171 174 
32 39 105 106 172 174 175 
32 39 105 106 172 173 175 
32 39 105 106 173 174 
39 64 177 178 179 180 
64 176 178 179 180 
64 177 179 180 
64 176 177 178 180 
64 176 177 178 179 
107 108 
109 183 
51 65 66 109 182 184 
65 66 67 183 
51 65 66 67 68 110 186 
51 67 68 110 185 
51 68 110 188 189 190 
187 189 
187 190 
187 188 189 191 
69 111 190 192 
69 111 191 
33 113 
33 70 113 114 195 
33 70 71 113 114 194 196 
33 70 71 114 115 195 
33 71 72 115 116 117 198 
33 71 72 116 117 197 
33 72 117 200 
33 73 199 201 
33 73 200 202 203 
33 73 201 203 
33 73 201 
40 52 
35 40 52 53 75 118 119 
35 40 52 53 54 55 76 118 119 205 
35 40 53 54 55 76 120 121 208 
35 40 54 55 76 120 121 207 
35 41 55 120 121 122 123 210 212 
35 41 120 121 122 123 124 211 212 
35 41 120 122 123 124 209 210 212 
35 41 120 121 122 123 124 209 210 211 
34 35 36 41 42 125 
34 36 42 43 44 215 
34 36 37 43 44 126 214 216 217 218 
34 36 37 43 44 215 217 218 
34 36 37 43 44 126 215 216 218 
34 36 37 43 44 126 215 216 217 
34 36 37 56 127 220 
37 56 219 

