109 853
2 3 4 5 8 9 10 11 12 17 18 19 20 21 22 37 38 39 40 41 42 43 73 74 75 76 77 78 80 81 
1 3 5 8 15 16 30 31 32 33 34 35 62 63 64 65 66 67 68 69 70 108 109 
1 2 5 8 15 16 30 31 32 33 34 35 61 62 63 64 65 66 67 68 69 70 108 109 
1 6 13 14 26 27 52 53 54 92 93 94 
1 2 3 8 36 71 72 73 
4 7 14 56 57 58 98 99 100 101 102 103 
6 28 29 59 105 106 7 107 
1 2 3 5 34 35 36 71 
1 10 11 17 37 38 39 74 75 76 
1 9 11 17 18 39 40 41 78 79 80 81 
1 9 10 18 19 39 40 41 42 77 78 79 80 81 
1 13 22 23 24 25 43 44 45 46 47 48 49 50 51 83 84 85 86 87 88 
4 12 23 25 46 47 48 49 50 51 83 84 85 86 87 88 89 90 91 
4 6 27 54 55 56 95 96 97 98 
2 3 16 30 31 32 66 
2 3 15 30 31 32 66 67 
1 9 10 37 38 39 74 75 76 
1 10 11 19 20 41 42 78 79 80 81 
1 11 18 20 41 42 81 
1 18 19 21 
1 20 22 43 82 
1 12 21 23 24 43 44 45 82 
13 22 24 25 43 44 45 46 47 48 83 84 
12 22 23 25 43 44 45 46 48 83 84 
12 13 23 24 45 46 47 48 49 50 83 84 85 86 87 88 
4 52 26 93 
4 14 53 54 55 94 95 
7 29 59 105 106 
7 28 107 
2 3 15 16 31 32 66 
2 3 15 16 30 32 33 67 
3 15 16 30 31 33 67 68 
2 3 31 32 34 67 68 69 
2 3 8 33 67 68 69 70 
2 3 8 
5 8 72 
1 9 17 38 73 74 75 
1 9 17 37 74 75 76 
1 9 10 11 17 77 
1 10 11 39 41 77 78 79 80 
1 10 11 18 19 40 42 78 79 80 81 
1 11 18 19 41 78 79 80 81 
1 12 22 23 24 44 45 46 82 
12 22 23 24 43 45 46 82 
12 22 23 24 25 43 46 47 83 
12 13 23 24 25 43 44 45 47 48 49 83 84 85 86 
12 13 23 24 25 45 46 48 49 83 84 86 87 
12 13 23 24 25 46 47 49 83 84 85 86 87 
12 13 25 46 48 83 84 85 86 87 88 
12 25 51 88 89 90 91 
12 13 50 88 89 90 91 
4 26 92 93 
4 27 94 
4 14 27 55 95 96 97 
14 27 54 95 96 97 
6 14 57 98 99 100 101 
6 56 58 99 100 101 102 103 
6 57 99 100 101 102 103 
7 28 104 105 106 59 
61 62 63 
3 60 62 63 64 
60 61 63 64 65 
2 3 60 61 62 64 65 
2 3 61 62 63 65 
2 3 62 63 64 66 
2 3 15 16 30 65 
2 3 16 31 32 33 34 68 
2 3 32 33 67 69 70 
2 3 33 34 68 70 
2 3 34 68 69 
5 8 36 
5 36 
1 5 37 
1 9 17 37 38 75 
1 9 17 37 38 74 76 
1 9 17 38 74 75 
1 10 11 39 40 
1 10 11 18 40 41 42 79 80 81 
1 10 11 18 40 41 42 78 80 81 
1 10 11 18 40 41 42 78 79 
1 10 11 18 19 41 78 80 
21 22 43 44 
12 13 23 24 25 45 46 47 48 49 84 85 86 
12 13 23 24 25 46 47 48 49 83 85 86 87 
12 13 25 46 47 48 49 84 86 87 
12 13 25 46 47 48 49 83 84 87 
12 13 25 47 48 49 84 85 86 
12 13 25 49 50 51 89 90 
13 50 51 88 90 91 
13 50 51 88 89 91 
13 50 51 89 90 
4 52 92 
4 26 52 
4 27 53 
14 27 54 55 96 97 
14 54 55 95 97 
14 54 55 95 96 
14 56 
6 56 58 100 101 102 
6 56 57 58 101 
6 56 57 58 99 100 
6 57 58 99 103 
6 58 102 
59 104 
7 28 59 106 
7 28 59 
7 29 
60 61 62 63 64 65 109 
60 61 108 

