29 198
27 28 29 20 21 3 4 5 6 7 8 
20 2 
27 1 4 5 
27 20 3 5 
27 28 1 20 3 4 6 7 
27 28 1 5 7 
27 28 1 5 6 
28 29 1 21 9 10 
27 28 29 21 8 10 
27 28 29 21 8 9 11 12 
28 29 21 22 10 12 13 
27 28 29 21 22 11 13 
27 28 29 22 23 11 12 14 
29 22 23 24 13 
26 16 17 18 
25 15 17 18 
25 26 15 16 18 
26 15 16 17 19 
26 18 
27 28 1 2 3 4 5 
27 28 29 1 8 9 10 11 12 
27 28 29 23 24 25 12 13 14 
28 29 22 24 25 13 14 
29 22 25 14 
29 22 23 24 15 16 17 
17 18 19 
28 29 1 20 21 22 3 4 6 7 8 9 10 11 12 13 
27 29 1 20 21 22 23 5 6 7 8 9 10 11 12 13 
27 28 1 21 22 23 24 25 9 10 11 12 13 14 

