208 1461
44 45 116 117 43 2 
44 116 117 43 1 
44 117 5 
117 3 5 6 
44 48 3 4 6 7 
44 4 5 
44 48 5 6 
44 48 64 118 9 10 
44 48 118 8 10 
44 48 64 118 119 120 8 9 11 
44 48 64 119 120 10 12 
44 48 64 119 120 121 11 13 
44 48 49 64 120 121 122 12 14 
44 49 81 121 122 123 13 15 
44 48 49 81 121 122 123 14 
44 49 54 81 123 124 
44 49 54 124 125 126 127 
44 49 54 127 128 129 19 20 
44 54 128 129 18 20 
44 54 129 18 19 
44 55 65 66 130 131 132 26 
208 27 31 32 82 24 25 
44 55 65 66 67 133 
82 134 25 
67 82 24 
44 55 65 131 132 21 
208 22 31 32 
208 29 33 34 35 
204 28 35 36 37 
204 36 37 38 41 42 
208 22 27 32 33 
208 22 27 33 34 
208 28 31 32 34 
204 208 32 
204 28 29 34 
204 29 30 37 38 39 
204 29 30 36 38 39 
204 30 36 37 39 
30 36 37 38 
44 45 80 112 113 205 
204 30 42 
30 42 
44 45 115 116 117 1 2 
204 208 22 45 48 49 52 53 54 55 60 61 62 63 64 65 66 67 80 81 82 107 108 110 111 112 113 114 115 116 117 118 119 120 121 122 123 124 125 126 127 128 129 130 131 132 133 134 197 198 200 201 202 203 40 205 206 207 43 1 2 3 4 5 6 7 8 9 10 11 12 13 14 15 16 17 18 19 20 21 26 23 
44 48 49 52 53 54 60 61 62 63 64 103 104 105 106 107 108 109 110 111 112 113 114 115 116 117 187 188 189 190 191 192 193 194 195 196 197 198 199 200 201 202 203 40 205 206 207 43 1 
68 69 70 83 84 135 136 138 139 140 
56 57 72 73 87 88 144 47 145 146 147 148 149 
44 45 49 54 64 81 118 119 120 121 122 123 5 7 8 9 10 11 12 13 14 15 
44 45 48 54 55 64 81 121 122 123 124 125 126 127 128 129 13 14 15 16 17 18 
51 76 91 92 93 164 165 166 
50 77 93 94 166 
44 45 58 59 60 79 96 97 98 175 176 177 178 179 
45 60 61 101 103 104 105 106 107 184 185 186 187 188 189 190 
44 45 48 49 55 81 122 123 124 125 126 127 128 129 130 16 17 18 19 20 
44 49 54 65 66 67 82 130 131 132 133 134 21 26 23 
46 47 70 71 72 85 86 143 144 
47 73 75 88 89 148 149 150 
52 59 78 95 171 172 173 174 
52 58 79 96 97 175 176 177 
44 45 53 79 98 99 100 101 102 181 182 183 
44 45 53 103 104 105 106 107 186 187 188 189 190 
44 45 80 110 111 196 197 198 199 200 201 202 203 
44 45 80 112 113 114 115 206 207 
44 45 48 49 118 121 8 9 10 11 12 13 
44 54 55 66 67 82 131 132 133 134 21 26 23 
44 65 67 82 132 133 134 21 23 
208 22 44 55 65 66 82 133 134 23 25 
46 69 83 136 137 
68 70 84 138 140 
46 56 69 84 141 142 
56 85 143 144 
47 56 87 144 145 
47 57 74 88 148 149 150 
57 73 75 88 89 150 151 152 153 
57 74 88 89 150 151 152 153 
50 90 91 92 161 162 163 164 
51 93 94 95 167 168 
58 95 169 170 
52 59 60 98 99 177 178 179 180 
44 62 63 111 200 201 202 203 40 
44 48 49 54 121 122 123 124 125 14 15 16 
22 27 31 44 55 65 66 67 134 25 
46 68 83 135 
46 69 70 139 140 
56 71 86 143 
56 85 
47 72 145 146 147 
47 57 73 74 75 89 150 
57 74 75 88 150 151 152 153 
76 91 160 161 162 163 
50 76 90 92 164 
50 76 91 164 165 
50 51 77 94 
51 77 93 
58 77 78 168 169 170 
52 59 97 175 176 
52 59 96 176 177 
52 60 79 99 100 178 179 180 
60 79 98 100 
60 99 
53 60 102 181 182 183 184 
60 101 181 182 183 184 
45 53 61 104 105 106 184 185 186 187 
45 53 61 103 105 106 186 187 
45 53 61 103 104 106 186 187 
45 53 61 103 105 187 188 
44 45 53 61 190 191 192 193 194 
44 45 107 109 192 193 194 195 
45 107 108 192 194 195 
44 45 62 196 198 199 
44 45 62 80 200 201 202 203 
45 63 80 113 205 206 207 
44 45 63 112 205 206 207 
44 45 63 115 206 207 
44 45 63 116 43 
44 45 115 117 43 1 2 
44 116 43 1 2 3 4 
44 48 119 8 9 10 
44 48 64 118 120 10 11 12 
44 48 64 119 121 12 13 
44 48 49 64 120 122 123 12 13 14 15 
44 48 49 54 81 121 123 13 14 15 
44 48 49 54 81 121 122 124 14 15 16 
44 49 54 81 123 125 126 16 17 
44 49 54 81 124 126 127 17 
44 49 54 124 125 127 
44 54 125 126 128 129 18 
44 49 54 127 129 18 
44 49 54 128 130 18 19 20 
54 55 129 131 132 21 
44 55 65 130 132 21 26 
44 55 65 66 130 131 21 26 
44 55 65 66 67 134 23 
44 55 65 66 67 82 133 24 
46 83 
46 68 137 
46 68 136 
46 69 84 139 
46 84 138 
46 69 70 84 
70 142 
70 141 
56 71 85 86 
47 56 71 72 
47 72 87 146 
47 87 145 147 
47 87 146 
47 57 73 149 
47 57 73 148 
57 73 74 75 88 89 
74 75 89 152 153 
74 75 89 151 153 154 
74 75 89 151 152 154 
152 153 155 156 158 159 
154 156 157 158 159 160 
154 155 157 158 159 160 
154 155 156 158 159 160 
154 155 156 157 159 160 161 
154 155 156 157 158 160 161 
90 155 156 157 158 159 161 162 163 
76 90 158 159 163 
76 90 160 161 163 
76 90 161 162 
50 91 92 165 
50 92 164 
50 51 
77 168 
77 95 167 169 170 
78 168 170 
78 95 168 169 
58 172 173 174 
171 173 174 
171 172 174 
58 171 172 173 
52 59 176 
52 59 96 97 175 
59 79 97 
52 79 98 177 179 180 
52 79 98 178 180 
79 98 178 179 
60 100 101 182 
60 101 102 181 183 
60 101 182 184 185 
53 101 102 103 183 185 
53 103 183 184 
53 61 103 104 105 187 
45 61 104 105 106 186 
45 53 61 106 189 
45 53 61 188 190 191 
45 53 61 107 189 191 
45 107 189 190 
45 107 108 109 193 194 195 
45 107 108 192 194 
45 107 108 109 192 193 195 
45 108 109 192 194 
45 62 110 197 
44 45 62 110 196 198 199 
44 45 62 197 199 
45 62 110 197 198 
44 45 62 80 111 201 202 203 
44 45 62 80 111 200 202 203 
44 45 62 80 200 201 203 
44 45 62 80 111 200 201 202 
208 28 29 30 34 35 36 37 38 39 41 
44 45 63 112 113 40 206 207 
44 45 63 112 114 207 
44 45 63 112 113 205 206 
22 27 28 31 32 33 34 67 82 24 25 

