53 391
45 46 47 2 3 34 35 36 37 16 17 18 6 
45 46 47 1 3 35 36 6 
45 46 47 1 2 4 35 36 37 38 39 40 7 
3 5 22 37 38 39 40 41 7 8 10 
4 23 42 11 15 12 
45 46 47 1 2 35 
3 4 37 38 39 40 41 8 9 
4 37 38 39 40 41 7 9 
4 22 40 41 7 8 10 
4 22 41 9 
5 23 15 
5 23 42 
42 43 14 
42 43 13 
5 23 11 
45 46 47 1 34 17 18 
45 46 47 1 34 16 18 
45 46 47 16 17 
44 25 26 27 28 48 49 50 51 
44 45 21 29 30 31 52 53 
44 45 46 47 20 31 32 33 24 
4 5 40 7 9 10 
5 42 11 15 
45 21 31 32 33 
44 19 26 48 
44 19 25 27 28 48 49 50 51 
44 19 26 28 29 49 50 51 
44 19 26 27 29 49 50 51 
44 20 27 50 51 52 
44 20 29 31 52 
44 45 20 21 30 32 33 53 24 
44 45 20 21 31 33 24 
45 21 31 32 24 
45 46 47 1 16 17 18 
46 47 1 2 36 6 
46 47 1 2 3 35 37 
1 3 4 36 38 39 40 7 8 
3 4 37 39 40 41 7 8 
3 4 37 38 40 41 8 
3 4 22 37 38 39 41 7 8 9 
4 22 38 39 40 7 8 9 
5 23 43 12 13 14 
42 13 14 
45 46 47 19 20 21 25 26 27 28 29 30 31 32 48 49 50 51 52 53 
44 46 47 1 2 3 20 21 31 32 33 34 24 16 17 18 6 
44 45 47 1 2 3 21 34 35 36 16 17 18 6 
44 45 46 1 2 3 21 34 35 36 16 17 18 6 
44 19 26 
44 19 26 27 28 50 
44 19 26 27 28 29 49 51 
44 19 26 27 28 29 50 
44 20 29 30 53 
44 20 30 31 52 

