60 454
54 56 2 23 24 44 10 
56 57 1 3 4 24 45 46 11 12 13 14 15 16 17 18 
54 56 57 58 2 4 24 45 46 11 12 13 14 15 16 17 18 19 
54 56 57 58 3 45 46 47 16 17 18 19 20 21 
54 59 6 26 48 49 33 28 29 30 
59 5 27 50 29 30 
54 57 58 25 9 
54 25 26 22 55 
54 57 58 25 7 
56 1 23 
56 2 3 24 12 13 
56 2 3 24 45 11 13 
56 2 3 24 45 11 12 
54 56 2 3 45 46 15 16 17 
54 2 3 45 46 14 16 17 18 
54 57 2 3 4 45 46 14 15 17 18 
54 57 2 3 4 45 46 15 16 18 
54 57 2 3 4 45 46 16 17 19 
54 3 4 18 
54 57 58 4 47 21 
54 57 58 4 47 20 
54 58 25 26 55 8 
56 1 44 10 
54 56 1 2 3 23 45 11 12 
54 57 58 26 7 9 22 55 8 
54 58 5 25 48 49 22 55 8 33 
59 60 6 50 51 31 32 35 34 
59 5 48 49 33 29 
59 5 6 28 30 
59 5 6 29 31 
59 6 27 30 32 
59 6 27 50 35 
5 26 49 
60 27 50 51 
59 27 50 32 
60 37 
36 38 43 
52 37 43 
52 53 40 41 
52 53 39 41 42 
53 39 40 42 
53 40 41 
52 37 38 
56 1 23 
56 57 2 3 4 24 46 12 14 15 16 17 18 
54 56 57 2 3 4 45 14 15 16 17 18 
57 58 4 20 
59 5 26 49 33 28 
59 5 26 48 33 28 
59 60 6 27 51 32 35 34 
60 27 50 34 
53 37 38 43 39 40 
52 39 40 41 42 
56 57 58 59 1 2 3 4 5 24 25 26 45 46 47 14 15 16 17 18 19 20 21 7 9 22 55 8 
54 58 25 26 22 8 
54 57 1 2 3 4 23 24 44 45 46 10 11 12 13 14 
54 56 58 2 3 4 25 45 46 47 16 17 18 19 20 21 7 9 
54 57 3 4 25 26 47 20 21 7 9 22 55 
54 60 5 6 27 48 49 50 28 29 30 31 32 35 
59 27 50 51 34 36 60 

