39 217
2 33 34 35 10 11 12 15 
1 5 35 36 13 14 15 
6 7 8 9 37 23 24 25 26 
3 7 8 9 37 38 39 26 27 28 29 30 31 32 
2 36 5 16 
3 7 20 21 22 23 
3 4 6 8 9 37 23 24 25 26 
3 4 7 9 37 38 24 25 26 27 
4 7 8 37 38 26 27 28 
1 33 34 11 
1 33 34 35 12 
35 11 13 14 15 
1 2 12 14 15 
1 2 35 12 13 15 
1 2 35 12 13 14 
5 36 17 18 
16 18 19 20 
17 19 
17 18 20 21 
6 17 19 21 22 
6 19 20 22 
6 20 21 
3 6 7 24 
3 7 8 23 25 
3 7 8 24 
3 4 7 8 9 37 
4 9 37 38 28 
4 9 38 27 29 
4 28 30 31 32 
4 39 29 31 32 
4 39 29 30 32 
4 39 29 30 31 
1 10 33 
1 33 10 11 
1 2 11 12 13 14 15 
2 5 16 
3 4 7 8 9 38 26 27 
4 8 9 37 27 28 
4 30 31 32 

