52 409
49 51 52 6 11 12 42 
48 50 3 8 30 31 32 33 16 18 19 20 
48 50 2 31 32 33 34 35 19 20 21 
5 9 10 36 41 45 46 
49 4 9 10 41 45 46 39 22 
49 51 52 11 12 42 43 26 1 37 
11 38 
48 50 2 27 28 29 30 14 15 16 17 
49 4 5 10 41 45 46 22 
4 5 9 46 39 22 
49 51 52 12 42 43 44 1 37 38 7 
49 51 52 6 11 42 43 1 37 38 
48 14 
48 50 8 27 13 15 
48 50 8 27 28 14 
48 50 2 8 28 29 30 31 17 18 
48 50 8 29 30 16 18 
50 2 30 31 16 17 
48 50 2 3 31 20 
2 3 32 19 
3 32 33 34 35 
5 9 39 
49 51 39 40 47 24 
49 51 39 40 47 23 25 
49 51 52 40 47 26 
49 51 52 6 25 
48 50 8 28 30 14 15 
48 50 8 27 29 30 16 
50 8 27 28 30 16 17 
48 50 2 8 27 28 29 16 17 18 
48 2 3 16 18 19 
48 50 2 33 34 35 20 21 
2 3 32 34 20 21 
3 32 33 35 21 
3 32 36 21 
4 35 41 
49 51 52 6 11 12 42 43 38 
11 12 42 43 44 37 7 
49 51 5 10 40 47 22 23 24 
49 51 52 39 47 23 24 25 
4 5 9 36 45 46 
49 51 52 6 11 12 43 1 37 38 
49 51 52 6 11 12 42 37 38 
11 38 7 44 
4 5 9 41 46 
4 9 10 41 45 
49 51 52 39 40 23 24 25 
50 2 3 8 27 28 29 30 31 32 13 14 15 16 17 18 19 
51 52 5 6 9 10 11 12 39 40 47 42 43 22 23 24 25 26 1 37 
48 2 3 8 27 28 29 30 31 32 14 15 16 17 18 19 20 
49 52 6 11 12 39 40 47 42 43 23 24 25 26 1 37 
49 51 6 11 12 40 47 42 43 25 26 1 37 

