28 221
25 27 28 2 3 14 15 16 17 5 6 7 8 9 
25 27 28 1 3 14 15 16 17 18 8 9 10 
25 27 28 1 2 14 15 16 17 18 8 9 10 
25 20 21 22 
27 1 6 
27 1 5 7 
27 14 6 
27 1 2 3 14 15 16 17 9 
25 27 28 1 2 3 14 15 16 17 8 10 
25 27 28 2 3 15 17 18 9 
25 28 19 12 13 
25 19 11 13 
25 28 19 11 12 
25 27 28 1 2 3 16 17 7 8 9 
25 27 1 2 3 14 16 17 9 10 
25 27 28 1 3 14 15 17 8 10 
25 27 28 1 2 3 14 15 16 18 8 9 10 
25 27 28 2 3 17 10 
25 28 11 12 13 
4 21 22 
4 20 22 
4 20 
25 26 24 
23 26 
27 28 1 2 3 4 14 15 16 17 18 19 23 9 10 11 12 13 26 24 
25 23 24 
25 28 1 2 3 14 15 16 17 18 5 6 7 8 9 10 
25 27 1 2 3 14 16 17 18 19 9 10 11 12 13 

