97 521
2 3 4 5 1 6 7 8 9 
1 3 4 5 6 7 8 9 
26 53 1 2 5 7 9 
1 2 3 5 6 7 9 
1 2 3 4 6 7 8 9 
1 2 4 5 
1 2 3 4 5 6 8 9 
1 2 3 4 5 7 9 
1 2 3 4 5 7 8 
11 13 26 27 28 29 30 53 3 
10 14 15 20 21 31 32 33 34 54 55 57 58 59 60 
16 17 23 38 39 40 75 76 77 78 
10 26 27 53 
11 20 21 34 60 14 
11 21 35 36 37 62 63 64 65 66 67 68 69 70 
12 22 23 38 39 71 72 73 74 75 16 
12 40 77 78 79 80 
19 25 94 95 96 97 
18 25 96 97 
11 14 31 32 33 34 54 55 56 57 58 
11 14 15 35 60 61 63 64 
16 23 36 71 72 73 
12 16 22 38 71 72 74 75 
47 48 49 50 51 86 87 88 89 
18 19 93 94 95 96 
10 13 53 
10 13 
10 30 
10 28 30 
10 28 29 
11 32 33 54 
11 20 33 
11 20 31 32 54 55 56 57 
11 14 20 59 
15 21 62 63 64 
15 22 37 69 70 
15 36 70 
12 16 22 23 71 72 73 74 75 
12 16 76 
12 17 76 77 78 
42 80 81 82 
43 44 81 82 
41 42 44 81 82 
43 45 
44 83 84 
84 85 
48 85 
24 47 49 50 86 87 88 89 
24 48 50 51 86 87 88 89 
24 49 51 86 87 88 89 90 
49 50 87 88 89 90 91 
90 91 92 93 
10 13 26 
11 20 31 32 33 55 56 57 
11 20 33 54 56 57 58 
11 20 33 54 55 57 58 
11 20 33 54 55 56 58 
11 20 55 56 57 59 
11 14 20 34 58 
11 14 21 61 
21 60 14 
15 21 35 63 64 
21 35 62 64 
15 21 35 62 63 65 
15 64 66 67 68 
15 65 67 
15 65 66 68 69 
15 65 69 
15 36 67 68 70 
15 37 69 
16 22 23 38 72 
16 22 23 38 71 
16 22 23 38 74 75 
16 23 73 75 
12 16 23 38 73 74 
12 39 
12 17 40 76 
12 17 40 77 
17 79 
17 41 
41 42 43 82 
41 42 43 81 
44 45 84 
45 46 83 
46 47 
24 48 49 50 87 88 89 
24 48 49 50 86 88 89 90 
24 48 49 50 51 86 87 89 
24 48 49 50 51 86 87 88 
50 51 52 87 91 92 
51 52 90 92 
52 90 91 
25 52 94 
25 93 95 
25 94 
18 19 25 97 
18 19 96 

