59 420
47 9 10 54 3 
47 59 9 10 17 54 
47 10 54 49 
59 11 12 52 53 
47 48 57 58 14 28 29 22 23 
47 48 7 16 39 35 20 13 30 
47 48 6 8 34 30 31 32 33 
47 48 34 31 32 33 8 
47 48 59 10 51 56 54 2 50 55 49 1 3 
47 59 9 17 51 54 2 49 1 3 
59 4 12 42 52 53 
11 4 52 53 
48 6 16 20 
47 48 57 58 5 15 28 29 23 24 
58 14 24 
47 48 6 36 38 39 35 20 13 
47 59 10 18 54 2 40 41 43 45 
47 59 17 40 41 43 44 45 46 
42 19 
48 6 16 36 38 39 27 13 
57 21 
57 58 5 28 29 
57 58 5 14 24 
48 58 14 15 23 
48 36 37 38 26 27 
48 36 37 38 25 27 
48 36 38 25 26 20 
57 5 14 22 
57 58 5 14 28 22 
47 48 6 7 35 
47 48 7 8 34 33 
47 7 8 34 31 33 
47 7 8 34 31 32 
47 48 7 8 31 32 33 
48 6 16 39 30 
47 48 16 37 38 26 27 20 
48 36 38 25 26 27 
48 36 37 25 26 27 20 
47 48 6 16 35 13 
47 59 17 18 41 43 
47 59 17 18 40 43 44 45 
11 19 
59 17 18 40 41 44 
59 17 18 40 41 43 45 
59 17 18 40 41 43 44 
59 18 
48 57 58 59 5 6 7 8 9 10 11 14 16 17 18 36 39 35 34 51 56 54 2 40 30 31 32 33 50 55 49 1 3 41 
47 57 58 5 7 8 9 14 15 16 36 37 38 39 35 34 24 25 26 27 20 13 30 31 
47 9 10 54 1 3 
47 9 51 56 
47 9 10 56 50 55 
59 11 4 12 53 
11 12 52 
47 59 9 10 17 2 49 1 3 
47 9 51 
47 51 50 
47 58 5 14 28 29 21 22 23 
47 48 57 5 14 15 28 29 22 23 24 
47 9 10 11 17 18 54 2 40 4 41 43 44 45 46 52 

