125 935
2 14 59 60 61 62 63 64 
1 3 62 63 64 
2 15 20 21 35 36 37 38 65 66 67 68 
122 123 5 6 16 17 22 23 24 42 73 74 75 76 77 78 79 80 81 82 
122 123 4 6 7 17 23 24 25 26 42 43 83 84 85 86 
122 123 4 5 7 17 23 24 25 26 42 43 83 84 85 86 
122 124 5 6 27 44 45 46 87 88 89 90 
124 9 29 49 50 96 97 98 99 
124 8 29 30 50 51 96 97 98 99 100 101 
125 18 29 30 31 32 52 53 107 108 109 
125 12 13 19 33 53 54 55 56 112 113 114 115 116 
125 11 13 19 33 56 57 112 113 114 115 116 117 118 
125 11 19 57 58 117 118 119 120 13 
1 34 59 121 
3 20 37 38 39 65 66 67 68 
123 4 22 40 41 70 71 72 73 
122 123 4 5 6 22 23 24 25 42 43 78 79 80 81 82 83 
125 10 31 32 52 53 107 108 109 
125 11 12 13 33 56 57 58 114 116 117 118 119 
3 15 21 36 37 38 65 66 67 68 
3 15 20 38 39 68 69 
122 123 4 16 17 23 24 73 74 75 76 77 78 79 
122 123 4 5 17 22 24 42 78 79 80 81 82 
122 123 4 6 17 22 23 42 79 80 81 82 
122 123 5 6 17 26 42 43 83 84 
123 5 6 25 84 85 
122 124 7 28 45 46 47 88 89 90 
124 27 47 48 91 92 93 
8 9 10 30 31 32 50 51 100 101 102 103 104 105 106 107 
10 29 31 50 51 102 103 104 105 106 107 
10 18 29 30 32 51 52 104 105 106 107 
10 18 31 52 107 108 
125 11 12 112 114 115 
14 34 59 
3 65 
3 15 20 37 65 67 
3 15 20 38 66 67 
3 15 20 21 37 39 68 
15 21 38 68 70 
16 41 70 71 
123 16 71 72 73 
122 123 4 5 6 17 24 25 43 80 81 82 83 
122 123 5 6 17 25 26 42 83 84 
122 7 45 46 87 
122 124 7 27 44 46 87 88 89 
124 7 27 44 45 87 88 89 
124 27 28 48 91 
124 28 47 91 92 
124 8 94 95 
8 9 29 30 51 99 100 101 
9 29 30 50 101 102 103 104 105 
10 18 31 32 107 108 
125 10 11 18 54 55 110 111 
125 11 53 55 110 111 
125 11 53 54 110 111 
125 12 19 33 112 115 116 
12 13 19 58 117 118 119 120 
13 57 119 120 
1 14 34 60 61 
59 61 62 
1 59 60 62 
1 2 60 61 
1 2 64 
1 2 
3 15 35 66 
3 15 20 36 37 65 67 
3 15 20 36 37 66 
3 15 20 21 38 39 
21 39 70 
16 40 69 70 
16 40 41 72 
16 41 
123 4 16 22 41 74 75 76 77 
123 4 22 73 75 76 77 
123 4 22 73 74 76 77 
123 4 22 73 74 75 77 
123 4 22 73 74 75 76 
123 4 17 22 23 79 
123 4 22 23 24 78 80 
123 4 17 24 42 79 81 82 
122 123 4 17 23 24 42 80 82 
122 123 4 17 23 24 42 80 81 
122 123 5 6 17 42 43 
25 26 43 
122 5 6 26 
122 5 6 
122 7 44 45 46 88 
7 27 45 46 89 
124 27 45 46 88 90 
124 7 27 89 
124 28 47 92 93 
124 28 48 91 93 
124 28 91 92 
124 95 
124 49 
8 9 97 98 
8 9 98 99 
8 9 96 97 99 
8 9 50 97 98 100 
9 29 50 99 
29 30 102 103 104 105 
29 30 51 101 103 104 105 
29 30 51 101 102 104 105 
29 30 51 101 102 103 105 106 
29 30 31 51 101 102 103 104 106 
29 30 31 104 105 107 
10 18 29 30 31 32 52 106 
10 18 32 52 
125 18 
125 53 54 55 111 
125 53 54 55 110 
11 12 33 56 113 
125 12 112 
125 11 12 19 33 56 115 
125 11 12 19 33 56 114 
125 11 12 19 56 115 117 118 
12 19 57 116 118 
12 13 19 57 116 117 
19 57 58 120 
13 57 58 119 
14 34 121 
123 124 4 5 6 7 17 22 23 24 25 26 27 42 43 44 45 81 82 83 84 85 86 87 
122 4 5 6 16 17 22 23 24 25 26 41 42 43 73 74 75 76 77 78 79 80 81 82 83 
122 7 8 9 27 28 45 46 47 48 49 89 90 91 92 93 94 95 
10 11 12 13 18 19 33 53 54 55 56 109 110 111 112 113 114 115 116 

