107 785
2 7 8 12 14 22 23 24 25 43 44 45 46 47 
106 107 1 3 4 9 15 16 17 27 28 54 55 56 57 
106 107 2 4 15 16 17 27 28 56 57 58 59 60 61 
106 107 2 3 18 29 30 31 61 62 63 64 65 66 67 68 69 
82 91 92 93 95 96 97 106 107 6 10 11 20 21 39 40 79 80 81 83 84 85 86 87 88 89 90 
82 91 92 93 95 96 97 106 107 5 11 20 21 39 40 83 84 85 86 87 88 89 90 
1 8 24 25 45 46 47 
1 7 12 13 14 22 23 24 41 42 43 44 45 
2 26 48 49 50 51 52 53 
106 107 5 11 20 36 37 38 74 76 77 78 
106 107 5 6 10 20 21 36 37 38 39 76 77 78 79 
1 8 13 14 22 23 41 42 43 
1 8 12 14 22 23 41 42 43 
1 12 13 22 23 41 42 43 44 
2 27 28 55 56 
2 3 17 27 28 57 58 
2 3 16 28 57 58 
106 107 4 62 63 64 65 66 67 68 
106 107 32 33 34 35 72 73 
106 107 5 6 10 11 21 37 38 39 77 78 79 80 81 
5 6 11 20 39 79 80 81 83 84 85 
1 8 12 13 14 23 41 42 43 
1 8 12 13 14 22 41 42 43 
1 7 8 45 46 
1 7 48 
9 48 49 50 51 
2 3 15 16 28 56 57 
2 15 16 17 27 57 
106 107 4 30 31 68 69 
106 107 4 29 31 70 
106 107 4 29 30 70 
106 107 19 33 34 35 73 
106 107 19 32 34 35 
106 107 19 32 33 35 74 
106 107 19 32 33 34 74 75 
106 107 10 11 37 74 76 
106 107 10 11 20 36 38 76 77 78 
10 11 20 37 77 78 
5 6 11 20 21 79 80 81 83 84 
95 96 97 5 6 87 88 89 90 
8 12 13 14 22 23 42 
8 12 13 14 22 23 41 43 
1 8 12 13 14 22 42 
1 8 14 
1 7 24 46 
1 7 24 45 
1 7 24 
9 25 26 49 
9 26 48 
9 26 51 52 53 
9 26 50 52 
9 50 51 53 
9 50 51 52 
2 55 
2 15 54 
2 3 27 
2 3 16 17 27 28 
3 16 17 59 60 
3 58 60 61 
3 58 59 61 
3 4 59 60 
18 63 64 
4 18 62 64 65 66 
4 18 63 65 66 
4 18 63 64 66 
4 18 63 64 65 
106 4 18 68 
106 67 69 
106 4 29 68 
106 107 30 31 71 
106 107 70 
106 107 73 
106 107 19 32 72 
106 107 10 34 35 36 75 
106 107 74 
106 107 10 11 36 37 77 
10 11 20 76 78 
10 11 20 37 38 77 
5 11 20 21 39 80 81 83 
5 20 21 39 79 83 
5 20 21 39 79 80 83 84 
92 93 94 104 105 82 
5 6 21 39 79 80 81 84 
5 6 21 39 83 85 
5 6 21 84 86 
5 6 85 
5 6 40 88 89 
5 6 40 87 89 90 
95 96 97 5 6 40 87 88 90 
95 96 5 6 40 88 89 
92 93 95 96 97 98 40 87 89 90 
82 91 93 96 97 98 99 100 101 102 103 40 
82 91 92 98 100 101 102 
82 104 105 
91 96 97 89 90 
91 95 97 89 90 
91 92 95 96 89 
91 92 93 99 100 101 102 103 
92 93 98 100 101 102 103 
92 93 98 99 102 103 
92 93 98 99 100 102 103 
92 93 98 99 100 101 103 
92 93 98 99 100 101 102 
82 94 105 
82 94 104 
107 2 3 4 5 6 10 11 18 19 20 29 30 31 32 33 34 35 36 37 67 68 69 70 71 72 73 74 75 76 
106 2 3 4 5 6 10 11 18 20 30 31 32 33 34 35 36 37 70 71 72 73 74 75 76 

