220 1817
2 7 8 9 13 22 23 24 25 26 27 28 41 42 43 44 45 71 72 73 74 75 76 77 78 79 80 143 144 145 146 147 148 149 150 151 152 153 154 
1 3 4 14 15 16 17 30 47 48 49 88 89 90 91 92 93 171 172 173 174 175 176 177 178 179 180 181 182 183 184 185 
2 4 10 15 16 17 30 31 32 47 48 49 50 91 92 93 94 95 177 178 179 180 181 182 183 184 185 186 188 189 190 
2 3 10 16 17 18 31 32 33 34 49 50 51 94 95 96 97 98 190 191 192 193 194 195 196 197 198 
11 36 37 38 55 56 104 105 106 107 108 212 213 214 215 216 217 
12 19 20 39 40 59 60 61 62 63 64 65 116 117 118 119 120 121 122 
12 21 22 68 69 130 131 132 133 134 135 136 137 138 139 
1 9 13 23 24 41 42 43 44 73 74 75 76 77 78 143 144 145 146 147 148 
1 8 13 25 26 42 43 44 45 76 77 78 79 80 147 148 149 150 151 152 153 154 
3 4 5 11 18 33 34 35 51 52 53 54 99 100 101 199 200 201 202 203 204 205 206 
5 10 18 35 36 54 55 101 102 103 207 208 209 210 212 
6 7 20 21 40 64 65 66 67 68 119 120 121 122 123 124 125 126 127 128 129 
1 8 9 23 24 41 42 43 44 74 75 76 77 143 144 145 146 147 148 
2 86 87 88 166 167 168 169 170 
2 3 16 30 47 48 90 91 176 177 178 179 
2 3 4 15 17 31 48 49 91 92 93 180 181 182 183 184 185 186 187 
2 3 4 16 31 32 33 49 50 94 190 191 192 193 194 195 
4 10 11 34 35 52 53 54 100 101 203 204 205 206 207 
6 39 57 58 59 109 110 112 113 114 115 
6 12 40 62 63 64 119 120 121 
12 22 68 130 131 132 133 134 135 136 137 
1 7 21 69 70 138 139 140 141 
1 8 13 24 41 42 73 74 75 143 144 
1 8 13 23 41 42 73 74 75 143 144 145 
1 9 26 27 28 45 79 80 81 154 155 
1 9 25 27 28 45 46 81 82 83 155 156 157 
1 25 26 28 45 46 81 82 83 155 156 157 
1 25 26 27 45 46 81 82 83 155 156 157 
46 82 83 84 85 158 159 160 161 162 
2 3 15 47 48 89 90 176 
2 3 4 16 17 32 49 50 94 95 187 188 189 190 191 192 193 
3 4 17 31 33 50 95 190 191 192 193 194 195 196 
4 10 17 32 34 51 96 97 98 99 196 197 198 199 
4 10 18 33 35 51 52 53 99 199 200 201 202 203 
10 11 18 34 53 54 100 101 205 206 207 
5 11 37 38 104 105 212 213 214 215 
5 36 38 106 215 216 
5 36 37 106 107 216 
6 19 57 58 59 109 110 111 112 113 114 115 
6 20 63 64 65 119 120 121 122 123 
1 8 13 23 24 42 43 73 74 75 143 144 145 
1 8 9 13 23 24 41 43 76 145 146 147 
1 8 9 13 41 42 76 77 145 146 147 148 
1 8 9 13 76 77 78 148 149 150 
1 9 25 26 27 28 80 81 154 155 
26 27 28 29 82 83 156 157 158 159 
2 15 30 48 90 176 177 
2 3 15 16 30 47 177 178 179 180 
2 3 4 16 17 31 32 50 93 94 95 187 188 189 190 
3 17 31 32 49 94 95 187 188 189 190 191 
4 10 33 34 52 96 99 199 200 201 
10 18 51 53 99 201 202 203 204 
10 18 34 52 100 101 203 204 205 
10 11 18 35 100 101 205 206 207 
5 11 102 103 208 209 210 211 
5 218 219 220 
19 39 58 109 110 111 
19 39 57 109 110 112 113 
6 19 39 60 61 112 113 114 115 116 
6 59 61 62 116 117 118 
6 59 60 62 116 117 118 
6 20 60 61 117 118 
6 20 64 119 
6 20 40 63 119 120 121 122 
6 12 40 66 67 122 123 124 125 126 127 
12 65 67 123 124 125 126 127 128 
12 65 66 123 124 125 126 127 128 
7 12 21 129 130 131 132 
7 22 70 139 140 141 
22 69 140 141 142 
1 72 
1 71 
1 8 23 24 41 74 
1 8 13 23 24 41 73 75 143 144 
1 8 13 23 24 41 74 143 144 
1 8 9 13 42 43 44 77 145 146 148 
1 8 9 13 43 44 76 78 147 148 149 
1 8 9 44 77 149 150 
1 9 25 80 150 151 152 153 154 
1 9 25 45 79 151 152 153 154 
25 26 27 28 45 
26 27 28 29 83 156 157 158 
26 27 28 29 46 82 156 157 158 159 
29 85 161 162 163 
29 84 161 162 163 164 165 
14 87 165 166 168 
14 86 165 166 167 168 
2 14 170 
2 30 90 171 172 173 174 175 
2 30 47 89 175 176 
2 3 15 16 48 177 178 179 180 181 182 
2 16 93 182 183 184 185 
2 3 16 49 92 185 186 187 
3 4 17 31 49 50 187 188 189 190 
3 4 17 31 32 49 50 190 191 
4 33 51 97 98 196 197 198 
4 33 96 98 197 198 
4 33 96 97 197 198 
10 33 34 51 52 199 200 201 202 
10 18 53 54 101 205 206 
10 11 18 35 53 54 100 205 206 
11 55 103 208 209 210 211 
11 55 102 210 211 
5 36 105 213 214 215 
5 36 213 214 215 
5 37 38 107 216 
5 38 106 108 
5 107 217 108 
19 39 58 110 111 
19 39 57 58 109 
19 39 57 58 109 112 
19 39 58 111 113 114 
19 39 58 59 112 114 115 
19 39 59 113 115 
19 39 59 113 114 116 
59 60 61 115 
6 60 61 62 118 
6 60 61 62 
6 12 20 40 63 64 120 121 
6 12 20 40 64 119 121 122 
6 12 20 40 64 119 120 122 
6 12 64 65 120 121 
12 40 65 66 67 124 125 126 127 
12 65 66 67 123 125 126 127 
12 65 66 67 123 124 126 127 128 
12 65 66 67 123 124 125 127 128 
12 65 66 67 123 125 126 128 
12 67 125 126 127 
12 68 130 
7 21 68 129 131 
7 21 68 130 
7 21 68 133 134 135 136 137 
7 21 132 134 135 136 137 
7 21 132 133 135 136 137 
7 21 132 133 134 136 137 
21 132 133 134 135 137 
7 21 132 133 134 135 
7 22 139 
7 22 69 138 
22 69 70 141 142 
69 70 140 142 
70 140 141 
1 8 13 24 41 74 75 144 
1 8 13 24 41 74 75 143 
1 8 13 23 24 41 42 43 76 146 
1 8 13 42 43 76 145 147 
1 8 9 13 42 43 76 77 146 148 
1 8 9 13 43 44 76 77 147 
9 44 77 78 150 
1 9 44 78 79 149 151 152 153 
1 9 79 80 150 152 153 
1 9 79 80 150 151 153 
1 9 79 80 150 151 152 154 
1 9 25 45 79 80 153 
25 27 45 81 
26 27 28 46 82 83 157 
26 27 28 46 82 83 156 
29 46 82 83 159 160 
29 83 158 160 
29 158 159 
29 84 85 162 163 
29 84 85 161 163 164 
84 85 161 162 164 165 
85 162 163 165 
85 86 87 163 164 166 
14 86 87 165 167 
14 86 87 166 168 
14 86 87 167 
14 170 
88 169 
2 88 89 172 173 174 
2 89 171 173 174 
2 89 171 172 174 175 
2 89 171 172 173 175 
2 30 89 90 173 174 
2 15 30 47 90 
2 3 15 47 48 91 179 
2 3 15 48 177 179 
2 3 15 48 91 177 178 180 
2 3 16 48 91 179 181 182 183 
2 3 16 91 180 182 183 
2 3 16 91 92 180 181 183 184 
2 3 16 92 180 181 182 184 
2 3 16 92 182 183 185 
2 3 16 92 93 184 186 
3 16 93 185 
3 16 31 49 50 93 94 188 189 
3 31 49 50 94 187 189 
31 49 50 94 187 188 
3 4 17 31 32 49 50 94 95 
4 17 31 32 50 95 192 193 
4 17 31 32 191 193 194 195 
4 17 31 32 191 192 194 195 
4 17 32 192 193 195 
4 17 32 192 194 
4 32 33 96 197 
4 33 96 97 98 196 
4 33 96 97 98 197 
10 33 34 51 99 200 
10 34 51 99 199 
10 34 51 52 99 202 203 
10 34 51 52 99 201 203 
18 52 53 201 202 204 
10 18 34 52 53 
10 18 35 53 54 100 101 206 
10 18 35 54 100 101 205 
11 18 35 54 
11 55 102 210 
11 55 102 208 210 
11 55 102 103 208 211 
11 55 102 103 210 
5 11 36 
5 36 105 214 
5 36 104 105 213 215 
5 36 37 104 105 214 
5 37 38 106 
5 107 108 
56 218 219 220 
56 218 220 219 
218 219 

