46 253
32 8 23 41 
25 26 42 18 
25 36 43 19 
44 5 6 7 17 24 
44 4 6 7 24 
44 4 5 7 24 
44 4 5 6 24 27 
32 9 10 1 
32 8 10 
8 9 11 12 40 
10 12 13 40 
10 11 13 40 
37 11 12 14 15 40 
33 45 46 13 15 
33 37 45 46 13 14 34 
33 37 38 45 46 34 35 
44 4 
25 26 42 2 
25 36 43 3 
25 36 21 
25 36 43 20 22 
43 44 
32 28 31 29 41 1 
44 4 5 6 7 
26 36 42 43 44 2 3 18 19 20 21 
25 36 42 2 18 
32 7 
32 30 31 29 23 41 
32 28 31 23 41 1 
32 28 31 
30 28 29 23 41 
8 9 27 28 31 29 23 41 1 
37 38 39 45 46 14 15 16 34 35 
33 37 38 45 46 15 16 35 
33 37 38 45 46 16 34 
25 26 43 3 19 20 
33 38 45 46 13 14 16 34 35 
33 37 39 45 46 16 35 
33 37 39 
10 11 12 13 
32 28 31 29 23 1 
25 26 2 18 
25 36 3 19 20 21 22 
25 4 5 6 7 22 17 24 
33 37 38 46 14 15 16 34 35 
33 38 45 14 15 16 34 35 

