63 381
56 2 3 
56 1 3 
56 1 2 
56 33 5 
56 4 
56 33 34 35 36 
52 53 54 57 38 39 40 41 8 9 10 
53 57 7 38 39 40 9 
53 57 7 40 41 8 10 
52 53 54 7 41 
53 57 
55 59 60 61 62 44 17 18 19 
55 60 61 62 45 46 20 
63 30 47 48 49 24 25 26 
52 58 44 16 
58 59 44 15 17 
59 12 44 16 18 
59 60 61 12 17 
55 59 60 61 62 12 
55 13 45 46 
55 46 
55 47 23 
47 22 
14 47 48 25 26 
14 48 24 26 
14 48 25 
63 30 50 28 
63 50 27 29 
63 50 28 
63 14 48 49 50 
52 54 43 51 32 
52 54 43 51 31 
53 56 34 35 36 4 6 
53 56 33 35 36 6 
53 56 33 34 36 6 
53 56 33 34 35 6 
53 57 
53 57 7 39 40 8 
53 57 7 38 40 8 
53 57 7 39 8 9 
52 53 57 7 9 10 
52 54 58 
52 54 51 32 
52 58 59 12 15 17 
55 62 13 46 20 
55 13 45 20 21 
55 14 48 22 23 24 
14 47 24 25 26 
63 14 30 27 
63 30 27 28 29 
52 54 43 31 32 
53 54 55 57 58 59 7 41 43 51 44 10 31 32 42 15 
54 56 57 7 33 34 35 36 37 38 39 40 41 11 8 9 
52 53 57 58 7 41 43 51 10 31 32 54 42 
52 59 60 61 62 12 13 45 46 47 19 20 21 22 
53 33 34 35 36 1 2 3 4 5 6 
52 53 54 7 37 38 39 40 41 11 8 9 
52 54 59 44 42 15 16 
52 55 58 60 62 12 16 17 18 19 
55 59 61 62 12 13 18 19 
55 59 60 62 12 13 18 19 
55 59 60 61 12 13 45 46 19 20 
14 30 49 50 27 28 29 63 

