159 1240
143 2 21 22 23 24 25 58 59 100 101 102 103 
1 23 24 25 26 27 102 103 104 105 106 107 
144 147 4 116 117 118 
144 147 3 5 29 118 119 120 121 122 123 
144 147 4 30 63 124 125 126 127 128 
147 148 7 31 32 65 130 131 132 133 134 
148 6 8 32 33 65 66 135 136 137 138 139 
148 7 32 33 66 67 68 137 138 139 140 
143 145 153 154 10 11 34 35 36 69 
143 145 153 154 9 11 34 35 36 69 
143 145 153 154 9 10 12 36 69 70 71 72 
143 145 146 154 11 13 37 38 73 
143 145 146 153 154 12 37 38 39 40 73 
143 146 155 15 41 42 74 75 76 
155 14 42 43 76 77 78 79 
143 149 156 44 45 80 81 82 83 84 85 
143 150 156 157 158 87 88 89 90 
150 157 158 159 19 47 91 92 93 
143 150 158 159 18 47 93 
143 151 49 50 51 52 53 95 96 97 98 
1 54 55 56 57 99 100 
1 23 24 58 59 100 101 
1 2 22 24 58 59 101 102 103 
1 2 22 23 25 102 103 
1 2 24 26 27 104 105 106 
2 25 27 104 105 106 107 108 
152 2 25 26 60 105 106 107 108 109 110 
144 152 61 113 114 115 
144 147 3 4 117 118 
144 147 5 62 63 64 124 125 126 127 128 
147 6 130 131 132 133 134 
148 6 7 8 65 66 135 136 137 138 
148 7 8 67 68 140 141 142 
143 145 153 10 35 
143 145 9 10 34 
143 145 153 154 9 10 11 69 70 71 72 
143 146 153 154 12 13 38 39 40 73 
143 146 12 13 37 39 40 73 
143 146 13 37 40 
143 146 13 37 38 39 
143 146 155 14 
143 146 155 14 15 43 74 75 76 
143 15 42 76 77 78 79 
143 149 16 45 80 82 83 
143 149 16 44 80 81 83 
143 149 156 84 
143 150 158 159 18 19 91 92 93 
143 151 94 
151 20 50 51 52 95 
151 20 49 51 52 95 
151 20 49 50 52 53 95 96 
151 20 49 50 51 95 
151 20 51 52 54 96 97 
21 53 55 56 57 97 98 99 
21 54 56 57 99 
21 54 57 99 
21 54 55 56 99 100 
1 22 23 59 100 101 
1 22 23 58 100 101 
152 27 109 110 111 112 
144 152 28 115 
144 147 5 123 124 125 126 
147 5 30 64 127 128 129 
147 30 63 127 128 129 
148 6 7 32 66 134 135 
148 7 32 65 135 136 137 138 139 
148 33 68 140 141 142 
148 8 33 67 140 141 
143 145 153 154 9 10 11 36 70 71 
143 145 153 154 11 36 69 71 72 
143 145 153 154 11 36 69 70 72 
143 145 153 154 11 36 70 71 
143 146 153 154 12 13 37 38 
143 146 155 14 42 75 
143 14 42 74 
143 155 14 15 42 43 77 
143 15 43 76 78 79 
143 15 43 77 79 
143 77 78 
143 149 16 44 45 81 
143 149 16 45 80 
143 149 16 44 45 83 
143 16 44 45 82 84 
143 149 156 16 46 83 85 
143 149 156 16 46 84 
143 149 46 
156 157 17 88 89 90 
156 157 17 87 89 90 
143 156 157 17 87 88 
143 150 157 17 87 88 89 
143 150 157 158 159 18 47 92 93 
143 150 158 18 47 91 93 
150 158 159 18 19 47 91 92 
151 48 
151 20 49 50 51 52 
151 20 51 52 53 97 98 
20 53 54 96 98 
20 53 54 96 97 
21 54 55 56 57 
1 21 22 57 58 59 
1 22 59 
1 2 23 24 103 
1 2 23 24 102 
2 25 26 105 106 
2 25 26 27 104 106 107 
2 25 26 27 104 105 107 108 
2 26 27 105 106 108 
26 27 106 107 
152 27 60 110 111 
27 60 109 
152 60 109 112 
152 60 111 
152 28 114 
152 28 61 113 115 
144 152 28 61 114 
144 3 
144 3 29 
144 3 4 29 
144 147 4 120 121 122 
144 147 4 119 121 122 
144 147 119 120 122 123 
144 147 4 119 120 121 123 
144 147 4 62 121 122 
147 5 30 62 125 
147 5 30 62 124 126 127 
147 5 30 62 125 127 
147 5 30 63 64 125 126 128 
147 5 30 63 64 127 
147 63 64 
6 31 131 132 
6 31 130 132 
6 31 130 131 133 
6 31 132 134 
6 31 65 133 
148 7 32 65 66 136 
148 7 32 135 
148 7 8 32 66 139 
148 7 8 32 66 139 
148 7 8 66 137 138 
148 8 33 67 68 
148 33 67 68 142 
148 33 67 68 141 
144 145 146 147 149 150 151 153 154 155 156 157 158 159 1 9 10 11 12 13 14 15 16 17 18 19 20 34 35 36 37 38 39 40 41 42 43 44 45 46 47 48 69 70 71 72 73 74 75 76 77 78 79 80 81 82 83 84 85 86 87 88 89 90 91 92 93 143 
143 147 152 3 4 5 28 29 30 61 62 115 116 117 118 119 120 121 122 123 
143 146 153 154 9 10 11 12 13 34 35 36 69 70 71 72 
143 145 153 154 155 12 13 14 37 38 39 40 41 42 73 74 
143 144 148 3 4 5 6 29 30 31 62 63 64 119 120 121 122 123 124 125 126 127 128 129 
147 6 7 8 32 33 65 66 67 68 135 136 137 138 139 140 141 142 
143 156 157 16 44 45 46 80 81 82 83 84 85 86 
143 156 157 158 159 17 19 47 90 91 92 93 
143 20 48 49 50 51 52 53 94 95 96 97 
144 27 28 60 61 109 111 112 113 114 115 
143 145 146 154 9 10 11 12 13 34 36 37 69 70 71 72 73 
143 145 146 153 9 10 11 12 13 36 37 69 70 72 73 
143 146 14 15 41 42 75 76 
143 149 150 157 16 17 46 84 85 86 87 88 89 90 
143 149 150 156 158 159 17 18 87 88 89 91 
143 150 157 159 17 18 19 47 91 92 93 
143 150 157 158 18 19 47 91 92 93 

