189 1216
180 2 69 70 71 72 73 
180 1 27 72 73 74 
180 4 5 29 30 31 32 77 78 79 80 81 82 83 84 
3 5 30 31 32 80 81 82 83 84 
3 4 31 32 33 80 82 83 84 85 
7 37 91 92 93 94 
6 8 95 96 
7 9 38 39 95 96 8 97 
8 38 39 40 41 97 98 99 100 101 
182 183 11 44 45 102 
182 183 10 12 44 45 46 102 103 
175 184 11 45 46 47 104 105 
175 184 48 50 
175 176 185 53 108 109 
176 186 54 110 
177 17 55 56 57 58 114 115 116 
177 16 56 57 58 59 60 115 116 117 118 
174 177 181 188 126 127 128 129 130 
174 189 63 64 131 132 
174 133 
173 174 178 141 142 
173 23 67 145 147 148 149 150 151 152 
173 22 24 67 145 146 147 148 149 150 151 152 153 154 155 
173 179 23 25 26 68 153 154 155 156 157 
173 179 24 26 68 157 158 159 160 161 
173 179 24 25 68 157 158 159 160 161 
180 2 28 74 75 76 
180 29 74 76 77 
180 3 28 30 76 77 78 79 
180 3 4 29 77 78 79 80 81 
180 3 4 5 30 77 78 79 80 81 
3 4 5 33 82 83 84 85 86 
5 32 34 82 84 85 86 87 
33 85 86 87 88 
36 88 89 90 
37 89 90 91 
6 36 91 92 93 94 
8 9 39 97 98 99 100 101 
8 9 38 40 97 98 99 100 101 
182 9 39 41 42 43 99 100 101 
182 9 40 42 43 100 101 
182 40 41 43 
182 40 41 42 
182 183 10 11 45 102 
182 183 10 11 12 44 46 102 103 
11 12 45 47 104 
175 184 12 46 104 105 
175 184 13 106 
175 184 13 48 106 
175 13 51 52 
175 50 52 107 
175 185 50 51 107 
176 185 14 
176 186 15 110 
186 16 56 112 113 114 115 
16 17 55 57 58 115 116 
16 17 56 58 115 116 117 
16 17 56 57 116 117 
177 187 17 60 117 118 119 120 
177 187 17 59 117 118 119 
177 181 187 62 121 122 
177 181 187 188 61 121 122 123 
174 19 64 
174 19 63 
173 178 66 142 143 144 
173 178 65 143 144 
173 22 23 145 146 147 148 149 150 
173 179 24 25 26 156 157 158 
70 71 
1 69 71 
69 70 72 
180 1 2 71 73 
1 2 72 
180 2 27 28 75 76 
180 2 27 74 
180 27 28 74 
180 3 28 29 30 31 78 79 
180 3 29 30 31 77 79 
180 3 29 30 31 77 78 
3 4 5 30 31 81 
3 4 5 30 31 80 
3 4 5 32 33 83 84 85 
3 5 32 82 84 85 
3 4 32 33 82 83 85 
5 32 33 34 82 83 84 86 87 
32 34 85 87 
33 34 85 86 
34 35 89 
35 36 88 90 
35 36 89 
6 36 37 92 93 94 
6 37 91 93 94 
6 37 92 94 
6 37 91 92 93 
8 96 
8 
8 9 38 39 98 
9 38 39 97 99 100 101 
9 38 40 98 100 101 
9 38 39 40 41 98 99 101 
9 38 39 40 41 98 99 100 
182 183 10 11 44 45 103 
182 183 10 11 44 45 102 
184 12 46 47 105 
184 104 
175 184 48 49 
175 185 50 51 52 
185 14 
185 14 108 
176 15 54 
176 186 
186 55 113 114 
186 112 114 
16 55 112 113 
16 17 56 57 116 
16 17 56 57 58 115 
177 17 57 58 59 60 118 119 120 
17 60 117 119 
177 187 59 60 117 118 120 
177 187 59 60 117 119 
177 187 61 62 122 
177 181 187 61 62 121 123 
177 181 187 188 62 122 124 
181 187 123 125 
177 181 188 124 126 
174 177 181 188 18 125 
174 181 18 128 129 130 
127 129 130 
174 18 127 128 130 
174 18 127 128 129 
19 132 
174 131 
174 189 20 
20 135 
174 134 136 137 138 
135 137 138 
135 136 138 
135 136 137 
178 140 
178 139 
178 21 
178 21 65 143 
178 65 66 142 
65 66 
173 22 23 67 146 147 148 149 150 151 
173 22 23 145 147 148 149 150 
173 22 23 67 145 146 148 149 150 151 
173 22 23 67 145 146 147 149 150 151 
173 22 23 67 145 146 147 148 150 151 152 
173 23 67 145 146 147 148 149 152 
173 22 23 145 147 148 149 150 152 
173 22 148 149 150 151 153 
173 23 24 152 154 155 
173 23 24 153 155 
173 23 24 153 154 
173 24 68 157 
173 179 24 25 26 68 156 158 
173 179 25 26 68 157 159 
173 179 26 158 
173 179 25 26 161 
173 179 25 26 160 162 
173 179 161 163 
173 179 162 
165 167 168 170 171 172 179 
164 171 
167 166 169 162 163 
164 166 168 169 170 
164 169 170 
166 167 168 170 
164 167 168 169 
165 172 
164 171 
164 165 166 167 168 169 170 171 172 174 177 178 179 21 22 23 24 25 26 65 66 67 68 144 145 146 147 148 149 150 151 152 153 154 155 156 157 158 159 160 161 162 163 
173 176 177 178 181 187 188 189 19 20 21 63 64 126 127 128 129 130 131 132 133 134 135 
176 184 185 12 13 14 47 48 49 50 51 52 106 107 
174 175 185 186 14 15 53 54 110 111 
173 174 181 187 188 16 17 18 59 60 61 62 119 120 121 122 123 124 125 126 
21 65 66 139 140 141 142 143 
164 166 167 168 169 170 173 24 25 26 68 157 158 159 160 161 162 163 
2 3 27 28 29 30 31 72 73 74 75 76 77 78 79 
174 177 187 188 18 61 62 122 123 125 126 127 
183 10 11 40 41 42 43 44 45 102 103 
182 10 11 44 45 102 103 
175 12 13 47 49 104 105 106 
175 176 14 52 53 107 108 109 
176 15 54 55 111 112 113 
174 177 181 188 59 60 61 62 119 120 121 122 123 124 
174 177 181 187 18 62 124 125 126 
174 19 20 133 

