55 321
54 55 2 4 
54 55 1 4 
50 7 38 
54 1 2 5 
4 6 
5 6 
50 12 37 38 3 39 
46 15 41 42 44 45 49 
33 43 47 18 19 20 27 28 
33 43 47 48 21 23 24 25 53 
50 12 30 31 32 34 35 36 
50 7 11 34 35 36 37 
46 14 39 40 
46 13 40 41 
8 16 17 45 49 52 22 26 
33 15 17 18 52 22 26 27 
33 15 16 18 52 22 26 27 
33 9 16 17 19 26 27 
33 9 18 27 
33 43 47 9 28 51 
43 47 48 10 29 53 
15 16 17 52 26 
33 43 47 48 10 24 25 53 
23 25 54 
33 10 23 24 54 55 
15 16 17 18 52 22 27 
33 9 17 18 19 26 
33 43 47 9 20 51 
33 47 48 21 51 
11 31 32 
11 30 32 
50 11 12 30 31 34 35 36 
43 47 48 9 10 17 18 19 20 21 23 24 25 27 28 29 53 
50 11 12 32 35 36 
50 11 12 34 36 
50 11 12 32 34 35 37 
50 7 12 36 38 
50 37 3 
7 13 
46 13 14 
46 8 14 42 
46 8 41 44 
33 47 48 9 10 19 20 21 23 28 51 29 53 
46 8 42 
46 8 15 44 49 
8 13 14 40 41 42 44 45 
33 43 48 9 10 20 21 23 28 51 29 53 
33 43 47 10 21 23 24 29 53 
8 15 45 
7 11 12 32 34 35 36 37 38 3 
33 43 20 21 28 29 
16 17 22 26 
33 43 47 48 10 21 
24 1 2 4 
25 1 2 

