31 208
16 17 25 2 12 13 15 
25 1 14 
17 3 
18 26 27 28 29 5 6 
16 18 27 4 6 
18 19 20 26 27 5 
16 19 21 26 28 6 8 
18 19 20 21 7 9 10 
20 22 
21 22 
16 23 24 31 
1 2 13 14 15 
12 15 
25 12 
2 12 
17 18 19 20 21 22 23 24 25 26 27 28 29 30 31 1 4 5 6 7 8 9 10 11 16 
16 24 25 1 2 3 12 13 14 15 
16 19 20 26 27 28 29 30 5 6 7 8 
16 18 20 21 22 27 28 30 6 7 8 9 
16 19 21 22 26 28 29 30 7 9 10 
18 19 20 26 27 28 29 30 8 9 10 
16 19 23 31 9 10 22 11 
16 22 31 11 23 
16 17 23 
16 2 12 13 15 
16 18 20 21 28 29 30 4 5 6 7 
16 18 19 21 26 28 30 6 7 
20 30 5 6 7 
16 19 27 30 6 
16 18 19 20 21 26 28 29 6 7 8 
23 11 

