36 176
2 9 10 6 36 35 24 25 
1 10 11 12 24 26 
7 8 17 18 20 
7 5 
8 9 4 6 36 21 22 23 
1 9 5 36 35 21 22 23 
8 3 4 18 19 20 
7 3 4 5 19 20 
1 5 6 36 35 21 22 23 
1 25 
2 32 26 27 28 29 
2 11 32 26 27 29 30 31 
33 34 13 
15 16 17 
14 16 17 
14 15 17 
3 14 15 16 18 
7 3 17 
7 8 3 18 20 
7 8 3 19 
9 5 6 36 22 
9 6 21 23 
9 5 6 36 21 22 
1 2 10 35 25 
1 10 24 
2 11 12 32 27 28 
11 32 28 29 
11 12 32 26 27 29 
11 12 32 26 27 28 
32 31 
12 32 33 30 
11 12 26 27 28 29 30 
13 31 33 
13 34 
1 6 36 24 
1 9 5 6 35 21 23 

