41 267
34 41 7 9 1 
24 16 17 18 32 3 4 
24 27 16 17 18 32 2 4 
24 27 17 18 2 3 
34 30 31 18 25 
34 27 30 31 41 19 20 25 
34 41 1 20 
34 30 31 41 20 25 6 
1 10 
33 9 
35 33 26 12 
35 26 11 13 
35 26 
35 15 
35 14 21 
24 27 17 18 36 37 38 39 40 32 2 3 
24 27 16 18 38 39 40 32 2 3 4 
24 27 30 16 17 25 2 3 4 5 
34 27 30 31 41 20 6 8 
34 30 31 41 19 25 6 8 7 
28 29 21 
28 29 21 23 
29 22 
27 30 16 17 18 36 37 38 39 40 32 2 3 4 
34 27 30 31 41 18 19 20 5 6 8 
35 33 11 12 13 
34 24 30 31 41 16 17 18 19 25 3 4 6 
35 21 22 
28 21 22 23 
34 24 27 31 41 18 19 20 25 5 6 8 
34 27 30 41 19 20 25 5 6 8 
16 17 39 40 2 3 
35 26 10 11 
27 30 31 41 1 19 20 5 6 8 7 
33 26 28 11 12 13 14 15 
24 16 37 
24 16 36 38 39 40 
16 17 37 39 40 
24 16 17 37 38 40 32 
16 17 37 38 39 32 
34 27 30 31 1 19 20 25 6 8 7 

