41 267
39 40 2 6 7 8 28 26 25 11 
40 1 3 9 10 29 30 36 37 23 12 34 35 
40 2 10 29 30 36 37 34 35 13 
6 31 32 33 
39 27 16 17 18 19 
39 1 7 8 27 31 32 33 4 26 
40 6 8 28 26 25 
40 1 6 7 9 28 26 25 
40 1 2 8 28 11 23 
40 2 3 30 37 13 14 38 
1 9 
40 29 23 
40 3 10 14 38 
10 37 13 38 
41 21 24 
39 5 27 17 18 19 
39 5 27 16 18 19 
39 5 27 16 17 19 
5 27 16 17 
41 20 
41 22 24 15 
41 21 24 
40 2 9 29 12 
41 21 22 15 
1 7 8 28 26 
1 6 7 8 
39 5 6 31 32 33 16 17 18 
40 1 7 8 9 25 
2 3 30 23 12 34 35 
40 2 10 29 36 37 34 35 
39 6 27 32 33 4 
39 6 27 31 33 4 
39 6 27 31 32 4 
40 2 3 29 30 35 
40 2 29 30 36 34 
40 2 3 10 30 37 35 
40 2 3 10 30 36 13 14 38 
10 37 13 14 
40 41 1 5 6 27 31 32 33 16 17 18 19 39 
39 1 2 3 7 8 9 10 28 29 30 36 37 11 23 12 34 35 13 
39 20 21 22 24 15 

