30 287
2 3 4 5 7 9 10 11 12 13 28 29 17 18 19 20 21 22 23 24 
1 3 4 6 8 9 10 27 28 15 16 17 18 19 
1 2 4 6 9 16 17 18 
1 2 3 5 6 7 9 10 11 12 28 29 19 20 21 22 23 24 
1 4 6 7 10 11 12 13 14 28 29 30 25 
1 2 3 4 5 7 9 10 11 12 28 29 19 20 21 22 23 24 
1 4 5 6 10 11 12 13 28 29 22 23 24 
2 27 15 8 
1 2 4 6 10 28 18 19 20 
1 2 4 5 6 7 9 11 12 28 29 20 21 22 23 24 
1 4 5 6 7 10 12 28 29 20 21 22 23 24 
1 4 5 6 7 10 11 13 28 29 22 23 24 
1 5 7 12 14 30 25 
13 30 25 26 
2 8 27 
2 3 
1 2 3 16 18 
1 2 3 9 17 
1 2 3 4 6 9 
4 6 9 10 11 28 21 22 
1 4 6 10 11 28 29 20 22 23 24 
1 4 6 7 10 11 12 28 29 20 21 23 24 
1 4 6 7 10 11 12 28 29 21 22 24 
1 4 6 7 10 11 12 28 29 22 23 
5 13 14 30 
14 30 
2 15 
1 2 4 5 6 7 9 10 11 12 29 20 21 22 23 24 
1 4 5 6 7 10 11 12 28 21 23 24 
13 14 25 26 

