116 835
2 3 4 5 6 10 11 12 13 14 15 16 17 18 20 21 22 23 35 36 37 38 39 40 41 42 43 44 45 46 47 48 49 50 51 71 72 73 74 75 76 77 78 79 80 81 82 83 84 85 86 87 88 89 90 91 
1 12 13 14 15 20 21 22 44 45 78 79 80 81 82 83 84 
1 10 11 33 68 
1 5 16 17 50 51 89 90 91 92 93 
1 4 6 17 23 50 51 52 53 54 93 94 95 96 97 98 99 
1 5 18 23 24 25 54 55 101 102 103 104 
8 9 19 65 66 
7 9 19 65 66 
7 8 19 30 31 66 67 
1 3 11 34 68 69 
1 3 10 34 68 69 70 
1 2 20 36 37 38 39 40 41 42 43 72 73 74 75 
1 2 14 20 21 43 44 76 77 78 79 80 
1 2 13 44 45 80 81 82 83 84 
1 2 22 46 47 48 49 85 86 87 88 
1 89 90 
1 4 5 50 51 91 92 93 94 95 
1 6 25 26 55 56 57 58 105 106 
7 8 9 65 66 
1 2 12 13 43 76 77 78 79 
1 2 13 44 79 80 81 
1 2 46 47 48 85 86 
1 5 6 24 52 53 54 97 98 99 100 102 103 104 
6 23 25 103 104 
6 18 24 55 56 57 58 105 
18 27 28 59 60 61 106 107 108 109 110 111 112 
26 28 59 60 61 108 109 110 111 112 
26 27 29 60 61 62 63 64 111 112 113 
28 62 63 64 113 114 115 116 
9 31 32 33 67 
9 32 33 67 
3 30 31 33 67 
3 30 31 67 
3 10 11 68 69 
71 35 
1 12 37 38 39 40 71 72 
1 12 36 38 39 40 41 71 72 
1 12 36 37 39 40 41 42 71 72 
1 12 36 37 38 40 41 42 72 73 
1 12 36 37 38 39 41 42 72 73 
1 12 37 38 39 40 42 73 
1 12 38 39 40 41 73 
1 13 20 74 75 76 77 
1 2 13 14 21 79 80 81 
1 2 14 81 82 83 84 
1 15 22 48 85 86 87 
1 15 22 46 49 85 86 87 
15 22 46 47 49 87 88 
15 47 48 87 88 
4 5 17 51 91 92 93 
1 4 5 17 50 93 94 
5 23 53 54 94 95 96 97 98 99 100 
5 23 52 54 96 97 98 99 100 101 
5 6 23 52 53 97 98 99 100 101 102 
18 25 56 57 58 
18 25 55 57 58 105 
18 25 55 56 58 105 
18 55 56 57 
26 27 60 106 107 108 109 110 111 
26 27 28 61 110 111 112 
26 27 28 62 112 113 
28 29 61 63 64 113 114 
28 29 62 64 113 114 
28 29 62 63 113 114 115 
7 19 
7 8 9 19 
9 31 32 33 
3 10 11 34 69 
10 11 34 68 
11 70 
1 35 36 38 
1 12 36 37 38 39 40 
1 39 40 41 42 
1 12 43 75 
1 12 43 74 
1 13 20 43 77 
1 13 20 43 
1 2 13 20 79 
1 2 13 20 21 44 78 
1 2 13 14 21 44 
1 2 14 21 44 45 
1 2 14 45 83 84 
1 2 14 45 82 84 
1 2 14 45 82 83 
1 15 22 46 47 86 
1 22 46 47 85 87 
1 15 22 46 47 48 49 85 86 
1 15 48 
1 16 
1 4 16 91 
1 90 92 
4 17 50 91 
4 5 17 50 51 94 95 
5 17 51 52 93 95 96 
5 17 93 94 96 97 
52 53 95 97 98 
23 52 54 95 96 98 
5 23 52 53 54 96 97 99 100 
5 23 52 53 54 98 100 101 
52 53 54 98 99 101 102 
6 23 53 54 99 100 102 103 
6 23 54 100 101 103 104 
6 23 24 101 
6 23 24 102 103 
18 25 56 57 58 
18 26 59 107 108 
26 59 106 108 109 
26 27 59 106 107 109 
26 27 59 107 108 110 
27 59 60 109 111 
26 27 59 61 110 112 
26 27 60 61 111 
28 29 61 62 63 64 114 
29 62 63 64 113 115 
29 64 114 116 
29 115 

