61 353
2 3 4 5 8 11 12 13 14 54 55 56 57 58 59 60 61 25 26 27 28 29 30 31 32 33 34 
5 8 14 59 60 61 32 33 34 35 36 
1 4 6 10 11 47 48 49 50 51 52 21 22 23 
1 3 11 47 48 49 50 51 52 53 21 22 23 24 
1 2 8 59 60 32 33 34 
3 7 9 10 44 45 46 18 
6 9 10 44 45 46 18 
1 2 5 57 58 31 32 
6 7 10 44 45 46 17 
3 6 7 9 18 19 20 
1 3 4 50 51 52 53 23 24 
1 13 54 55 25 26 27 
1 12 54 55 25 26 27 28 
1 2 15 16 61 37 38 
14 16 37 38 
37 38 39 
9 44 
6 7 10 19 20 
10 18 20 
10 18 19 
3 4 47 48 49 22 
4 47 48 49 21 
3 4 11 50 51 52 24 
4 11 50 51 52 23 
1 13 54 26 
1 12 13 55 25 27 
1 12 13 55 26 
1 56 29 30 
1 56 28 30 
1 56 28 29 
1 8 57 
1 2 5 8 59 33 
1 2 5 59 32 
2 5 
2 60 61 36 
2 61 
15 38 
14 15 16 37 
16 40 41 42 
39 41 42 43 
39 40 42 43 
39 40 41 43 
41 42 
6 7 9 45 46 17 44 
6 7 9 44 46 
6 7 9 44 45 
3 48 49 21 22 
3 4 47 49 22 
3 4 47 48 21 22 
3 4 11 49 51 52 23 24 
3 4 11 50 52 24 
3 4 11 50 51 53 23 24 
4 11 52 53 
1 12 13 25 
1 12 13 26 27 28 
1 28 29 30 31 
1 8 58 31 
1 8 57 
1 5 32 33 
1 2 5 34 35 
1 2 14 35 36 

