62 441
4 10 11 12 13 14 15 16 18 40 41 42 43 44 33 
4 5 17 18 19 20 21 45 35 36 37 
61 22 23 24 47 52 49 51 
1 2 16 17 18 19 20 21 34 35 36 37 
61 2 6 21 22 45 47 62 
61 5 22 23 47 62 48 
54 55 56 8 
54 55 56 7 
56 57 58 59 60 25 
1 11 12 13 14 15 38 39 40 41 42 32 
1 10 12 13 14 15 42 43 44 
1 11 13 14 15 42 43 44 
1 10 11 12 14 16 42 43 44 
1 10 11 12 13 15 16 17 42 43 44 33 
1 10 11 12 13 14 16 17 42 43 44 33 
1 4 13 14 15 17 18 42 43 44 33 34 
1 2 4 14 15 16 18 44 33 35 
1 2 4 17 19 33 34 35 
2 4 18 20 35 36 37 
2 4 19 21 36 37 
2 4 5 20 45 37 
61 3 6 23 47 62 48 
3 6 22 47 62 48 49 50 51 
61 3 51 
55 56 57 58 59 60 9 26 
58 59 25 26 
46 28 29 
46 27 29 
46 27 28 30 
46 38 39 29 
38 39 40 41 32 
10 38 40 41 31 
1 4 14 15 16 17 18 44 34 
4 16 17 18 33 
2 4 17 18 19 36 
2 4 35 
4 19 20 21 
10 40 41 30 31 32 
10 38 40 41 30 31 32 
1 10 38 39 41 31 32 
1 10 38 39 40 31 32 
1 10 11 12 13 14 15 16 43 44 
1 11 12 13 14 15 16 42 44 
1 11 12 13 14 15 16 17 42 43 33 
5 21 
27 28 29 30 
61 3 5 6 22 23 62 48 49 50 
61 22 23 47 62 49 
61 3 23 47 48 50 51 
61 3 23 47 49 51 
61 3 23 24 49 50 
61 3 53 54 
61 52 54 53 
52 53 7 
56 57 58 59 60 7 8 9 25 
55 57 58 59 60 7 8 9 25 
56 58 59 60 9 25 
55 56 57 59 9 25 
55 56 57 58 60 9 25 
55 56 57 58 59 9 25 26 
3 5 6 22 23 24 47 52 53 48 50 51 
61 5 6 22 23 47 48 

