80 688
76 77 79 10 11 12 13 34 35 36 55 56 57 58 59 60 
3 4 9 27 28 29 30 31 48 49 50 51 52 
2 4 9 28 29 30 31 49 50 51 52 
2 3 5 9 29 31 49 50 51 52 53 
76 4 10 11 31 32 33 53 54 
76 77 79 80 7 14 15 40 61 62 63 64 65 66 67 
77 79 80 6 8 16 40 41 69 70 71 72 73 74 75 
77 79 80 7 16 41 68 69 70 71 72 73 74 75 
2 3 4 26 27 28 29 46 48 49 
76 1 5 11 12 13 32 33 34 54 55 56 
76 1 5 10 12 13 32 33 34 54 55 56 
1 10 11 13 34 55 56 57 58 
76 1 10 11 12 34 35 55 56 57 58 
76 77 79 80 6 15 38 39 61 62 63 64 
76 77 79 80 6 14 40 63 64 65 66 67 
77 80 8 40 41 69 70 71 
18 19 42 
78 17 19 20 42 
78 17 18 20 21 42 
78 18 19 21 22 42 43 
78 19 20 22 
78 20 21 43 
78 24 44 
23 25 26 44 45 
24 26 27 46 47 
9 24 25 27 46 47 
2 9 25 26 28 46 47 48 
2 3 9 27 46 48 
2 3 4 9 30 49 50 
2 3 4 29 49 50 51 52 
2 3 4 5 50 51 52 53 
76 5 10 33 54 
76 5 10 11 32 54 55 
76 1 10 11 12 13 35 56 57 58 
76 1 13 34 57 58 59 
76 1 37 38 60 
76 36 38 39 61 
76 79 14 36 37 39 61 62 
76 79 6 14 37 38 61 62 
77 79 80 6 7 15 16 41 66 67 68 69 
77 79 80 7 8 16 40 68 69 70 71 
78 17 18 19 20 
78 20 21 22 
23 24 45 
24 44 
9 25 26 27 28 47 48 
9 25 26 27 46 
2 9 27 28 
2 3 4 9 29 30 
2 3 4 29 30 31 51 52 
2 3 4 30 31 50 52 
2 3 4 30 31 50 51 
4 5 31 53 
76 5 10 11 32 33 55 
76 1 10 11 12 33 54 56 
76 1 10 11 12 34 55 57 
76 1 12 13 34 35 56 58 
76 1 12 13 34 35 57 
76 1 35 60 
76 1 36 59 
76 79 6 14 37 38 39 62 
76 79 6 14 38 39 
77 79 6 14 15 64 65 
79 80 6 14 15 63 65 
77 79 80 6 15 63 64 66 67 
77 79 80 6 15 40 65 67 
77 79 6 15 40 65 66 
77 79 80 7 8 16 40 41 69 70 
77 79 80 7 8 16 40 68 70 71 
77 79 80 7 16 41 68 69 71 
77 79 80 7 8 16 41 69 70 
77 80 7 8 73 74 75 
77 80 7 8 72 74 75 
77 80 7 8 72 75 
77 80 7 8 72 73 74 
77 80 1 5 6 10 11 12 13 14 15 32 33 34 35 36 37 38 39 54 55 56 57 58 59 60 61 62 
76 79 80 1 6 7 8 14 15 16 40 41 64 65 66 67 68 69 70 71 72 73 74 75 
17 18 19 20 21 22 23 42 43 78 
76 77 80 1 6 7 8 14 15 16 38 39 40 41 61 62 63 64 65 66 67 68 69 70 71 
76 77 79 6 7 8 14 15 16 40 41 64 65 66 67 68 69 70 71 72 73 74 75 

