125 996
119 122 124 2 3 9 10 20 21 22 40 41 42 100 101 102 103 104 105 
119 1 3 10 20 21 22 40 41 42 43 103 104 105 
1 2 10 21 22 23 40 42 43 44 45 46 106 107 
118 121 5 13 27 28 52 53 54 55 56 57 
118 121 125 4 13 14 15 28 54 55 56 57 58 
118 120 123 7 18 30 31 32 33 72 73 74 
118 120 123 6 18 33 72 73 74 75 76 77 78 
119 122 124 36 86 87 88 89 90 
119 122 124 1 19 37 38 39 95 96 97 98 99 
1 2 3 21 22 40 41 42 43 44 104 105 
121 12 
121 11 12 
118 121 125 4 5 14 15 16 28 56 57 58 
118 121 125 5 13 15 16 28 58 59 
118 125 5 13 14 16 58 59 60 
118 125 13 15 60 
118 123 125 29 61 62 63 64 66 67 68 
118 120 123 6 7 31 32 72 
119 122 124 9 37 38 39 95 96 97 98 
119 1 2 40 101 102 103 
1 2 3 10 22 40 41 42 43 104 105 
1 2 3 10 21 40 41 42 43 
44 45 46 106 107 108 109 110 111 112 113 
25 26 47 113 
24 26 47 48 114 115 
24 25 47 48 114 115 
118 121 52 
118 121 4 5 13 14 54 55 56 57 58 
118 120 123 17 30 68 69 70 71 
118 120 29 31 71 
118 120 123 6 18 30 
120 123 6 7 18 72 73 
120 123 6 7 72 73 74 75 76 77 78 
120 35 79 80 81 82 83 
120 34 80 81 82 83 
122 8 
119 122 124 9 19 91 92 93 94 95 
119 122 124 9 19 39 96 
119 122 124 9 19 38 97 98 99 
1 2 3 10 20 21 22 41 42 104 105 
2 10 21 22 40 42 104 105 
1 2 3 10 21 22 40 43 
2 3 10 21 22 42 
3 10 23 45 106 
3 23 44 46 106 107 108 109 
3 23 45 108 109 110 111 112 113 
24 25 26 114 115 
25 26 47 114 116 117 
121 50 51 
121 49 51 
49 50 
121 4 
121 4 27 54 
118 121 4 5 28 53 55 56 57 
118 121 4 5 28 54 56 57 
118 121 4 5 13 28 54 55 57 
121 4 5 13 28 54 55 56 
118 5 13 14 15 28 
118 125 14 15 16 60 
118 125 15 16 59 
118 125 17 62 63 64 
118 125 61 63 64 
118 125 17 61 62 64 65 
118 125 61 62 63 65 66 67 
118 125 17 62 63 64 66 67 
118 64 65 67 
118 17 64 65 66 68 
118 17 29 67 69 70 
118 29 68 70 
118 29 68 71 
118 123 29 30 
120 123 6 7 18 32 33 73 74 75 
120 123 6 7 32 33 72 74 
120 123 6 7 33 72 75 76 77 78 
120 7 33 72 73 74 76 77 78 
120 7 33 74 77 78 
120 7 33 75 76 
120 7 33 74 75 76 
120 81 82 83 
120 34 35 79 81 82 83 
120 34 35 79 82 83 
120 34 35 79 80 81 83 
120 34 35 79 80 81 82 
119 85 
119 84 
119 122 8 36 87 
119 122 8 86 
119 122 8 89 90 
119 122 8 88 90 
119 124 8 89 
119 122 124 37 92 
119 122 124 37 91 93 94 
119 122 124 37 91 92 94 
119 124 37 92 93 95 
119 122 124 9 19 37 38 94 96 
119 122 124 9 19 38 95 
119 122 124 9 19 38 39 98 
122 124 9 19 39 99 
9 39 98 
101 102 
1 20 100 102 
20 100 101 
1 2 20 
1 2 10 21 40 41 105 
1 2 21 40 41 104 
3 23 44 45 107 
3 44 45 106 
23 45 46 109 110 111 112 
23 45 46 108 110 111 112 
23 46 108 109 111 112 113 
23 46 108 109 110 112 113 
23 46 108 109 110 111 
23 24 46 110 111 112 
25 26 47 48 115 
25 26 47 48 114 116 117 
48 115 117 
48 115 116 
119 120 121 122 123 125 4 5 6 7 13 14 15 16 17 18 27 28 29 30 31 54 55 56 57 58 59 60 61 62 63 64 65 66 67 68 69 70 71 
118 120 122 123 124 2 8 9 19 20 36 37 38 39 84 85 86 87 88 89 91 92 93 94 95 96 97 
118 119 121 122 123 125 6 7 18 29 30 31 32 33 34 35 72 73 74 75 76 77 78 79 80 81 82 83 
118 120 125 4 5 11 12 13 14 27 28 49 50 51 52 53 54 55 56 57 
118 119 120 124 1 8 9 19 36 37 38 39 86 87 88 89 90 91 92 93 94 95 96 97 98 
118 119 120 125 6 7 17 18 29 30 31 32 33 71 72 73 74 
119 1 8 9 19 37 38 39 88 90 91 92 93 94 95 96 97 98 
118 120 121 123 5 13 14 15 16 17 59 60 61 62 63 64 65 66 

