62 462
36 13 2 3 
36 13 1 3 
7 36 1 2 
14 21 30 31 26 43 44 45 46 
14 21 22 23 38 47 
14 18 32 48 49 
8 19 27 28 3 
19 27 28 29 7 35 36 13 1 2 3 
15 20 24 10 53 54 55 56 
15 20 24 9 56 
15 24 25 34 60 
25 35 61 62 
27 28 7 35 36 1 2 3 
15 18 20 21 22 23 24 37 30 31 32 33 26 4 5 38 39 6 16 17 47 48 49 50 
14 18 24 25 32 33 34 16 17 9 10 11 50 51 52 53 54 55 56 57 58 59 60 
14 15 18 20 33 17 50 51 
14 15 18 20 33 16 50 51 
14 15 20 24 32 33 6 16 17 48 49 50 51 52 
8 27 28 29 7 35 36 13 1 2 3 
14 15 18 24 33 16 17 9 10 50 51 52 53 54 55 56 
14 22 23 37 30 31 26 4 5 42 43 44 45 46 47 
14 21 23 30 31 5 38 39 47 
14 21 22 31 5 38 
14 15 18 20 25 34 9 10 11 56 57 58 59 60 
15 24 34 35 11 12 61 
14 21 37 30 31 4 42 43 44 45 46 
8 19 28 7 13 1 2 3 
8 19 27 29 7 13 
8 28 
14 21 22 31 26 4 42 43 44 45 
14 21 22 23 30 26 4 43 44 45 46 47 
14 15 18 33 6 48 49 
14 15 18 20 32 16 17 50 51 
15 24 25 11 57 59 60 
19 25 36 12 13 62 1 2 
19 27 7 35 13 1 2 3 
14 21 30 26 40 41 42 
14 21 23 47 
14 22 39 
37 41 
37 40 
21 37 30 26 43 44 
21 31 26 42 44 45 46 
21 30 31 26 4 42 43 45 46 
21 30 31 26 4 43 44 46 
21 30 31 26 4 43 44 45 
14 21 22 23 31 5 38 
14 18 32 6 49 
14 18 6 48 
14 15 18 20 33 16 17 
15 18 20 33 16 17 52 
15 20 53 54 
15 20 52 54 55 56 
15 20 9 52 53 55 56 
15 20 9 53 54 56 
15 20 24 9 10 53 54 55 
15 24 34 58 59 
15 24 57 59 
15 24 34 57 58 60 
15 24 25 11 59 
25 12 
35 12 

