262 2004
2 3 4 6 262 
1 3 4 6 7 262 
1 2 4 5 6 7 262 
1 2 3 5 6 262 
3 4 7 
1 2 3 4 7 
2 3 4 5 6 
9 10 11 12 13 14 15 17 18 19 20 21 22 23 24 30 31 32 33 34 35 36 37 38 39 40 41 42 64 65 66 67 68 69 70 71 72 73 74 75 76 77 78 79 80 115 116 117 118 119 120 121 122 123 124 125 126 127 128 129 130 131 132 133 204 205 208 209 210 211 212 213 214 215 216 217 218 219 220 221 222 223 224 225 226 227 228 229 230 231 232 233 234 235 236 237 238 239 240 241 242 243 244 
8 10 11 13 15 19 20 21 22 35 36 37 38 39 40 41 64 65 66 116 118 119 120 121 122 123 124 210 211 212 213 214 215 216 217 
8 9 15 21 22 23 24 42 70 71 72 73 74 75 77 78 79 128 129 130 131 132 133 235 236 237 238 239 240 241 242 243 244 245 246 247 248 
8 9 13 14 17 18 28 29 30 31 32 59 60 61 62 63 108 109 110 183 184 185 186 187 188 189 
8 26 52 53 54 99 100 101 102 103 166 167 168 169 170 171 172 
8 9 11 14 17 18 30 31 32 61 62 63 110 111 188 189 190 
8 11 13 17 26 27 28 29 57 58 59 60 106 107 108 178 179 180 181 
8 9 10 21 22 23 42 68 70 71 72 128 228 229 230 231 232 233 234 235 
25 45 46 47 48 88 89 90 91 147 148 149 150 
8 11 13 14 29 30 59 60 61 108 109 182 183 184 185 186 187 
8 11 13 32 33 62 63 111 112 190 191 192 193 
9 38 39 40 41 64 65 116 117 118 119 120 121 122 209 210 
8 9 
8 9 10 15 66 67 68 69 124 125 126 127 218 219 220 221 222 223 
8 9 10 15 42 70 71 128 228 229 230 231 232 233 234 
8 10 15 71 72 73 74 75 76 129 130 131 239 240 241 242 243 244 
8 10 79 80 81 134 249 252 253 24 
16 88 89 90 144 145 146 147 148 
12 27 55 56 104 105 173 174 175 
14 26 55 56 57 104 105 106 175 176 177 
11 14 29 57 58 59 107 178 179 180 
11 14 28 58 59 60 107 108 179 180 181 
8 11 13 17 31 61 110 187 188 
8 11 13 30 32 61 62 110 189 
8 11 13 18 31 62 63 110 111 190 
8 18 34 113 114 193 194 195 196 197 198 199 200 
8 33 35 36 198 199 200 201 202 203 
8 9 34 37 115 204 205 206 
8 9 34 35 37 115 204 205 206 207 
8 9 35 36 38 115 116 204 205 206 207 208 
8 9 19 37 39 40 41 64 116 117 118 208 209 
8 9 19 38 40 41 64 116 117 118 119 209 
8 9 19 38 39 41 64 118 119 209 
8 9 19 38 39 40 64 65 118 119 120 121 122 210 
8 10 15 22 68 228 229 
44 87 141 142 143 144 
25 43 87 144 
16 46 47 48 49 91 149 150 151 153 154 
45 47 48 49 91 151 152 153 154 
16 45 46 48 49 91 151 152 153 154 
16 45 46 47 91 151 152 153 154 
45 46 47 48 50 91 92 151 152 153 154 
49 92 93 155 156 
94 95 157 158 159 160 161 162 
12 53 97 98 99 100 166 167 168 
12 52 54 99 100 101 166 167 168 169 
12 53 101 102 169 
26 56 104 105 106 174 175 
26 27 55 104 105 175 
14 27 28 106 176 177 178 
14 28 29 59 107 179 180 
11 14 17 28 29 58 60 107 108 179 181 182 
11 14 17 29 59 108 182 183 184 
13 17 30 31 110 189 
11 13 18 31 32 63 111 190 
11 13 32 62 111 190 191 
8 9 19 38 39 40 41 118 119 209 
8 9 19 120 121 122 210 
8 9 21 67 124 125 126 127 219 220 221 222 223 
8 21 66 68 69 126 127 221 222 223 224 
8 15 21 42 67 69 224 225 226 227 
8 21 67 68 224 225 226 227 
8 10 15 22 71 128 230 231 232 233 234 235 
8 10 15 22 23 70 72 73 74 235 236 237 238 
8 10 15 23 71 73 74 235 236 237 238 
8 10 23 71 72 74 75 129 239 240 
8 10 23 71 72 73 75 76 129 130 239 240 241 242 
8 10 23 73 74 76 129 130 239 240 241 242 243 
8 10 23 74 75 129 130 131 240 241 242 243 244 
8 10 78 132 133 246 247 248 
8 10 77 79 133 247 248 
8 24 78 249 250 251 252 
8 24 81 134 253 254 255 
24 80 82 134 253 254 255 
80 81 83 135 137 256 
82 84 86 135 136 137 138 256 257 258 259 
83 85 86 137 138 139 259 260 
83 84 86 139 260 261 262 
83 84 85 138 139 261 262 
43 44 142 143 
16 25 44 89 144 145 147 
16 25 88 145 146 147 
16 25 148 149 
16 45 46 47 48 49 149 150 151 152 
49 50 93 155 156 
50 92 94 155 156 157 158 
51 93 155 156 157 158 159 
51 96 160 161 162 163 
51 95 160 161 162 163 164 
52 163 164 165 
52 97 99 
12 52 53 98 100 166 
12 52 53 99 167 168 
12 53 54 
12 54 
12 103 173 
26 27 56 105 174 
26 27 56 104 175 
14 27 55 57 175 176 177 178 
14 28 29 58 59 179 180 181 
11 14 29 59 60 181 182 
11 17 30 185 186 187 
11 13 30 31 32 61 188 
13 18 32 62 63 190 
18 191 192 193 
33 114 193 194 195 
113 195 196 197 
8 35 36 37 204 206 207 
8 9 19 37 38 39 117 208 209 
19 38 39 116 208 209 
8 9 19 38 39 40 41 64 209 
8 9 19 39 40 41 64 120 121 210 
8 9 19 41 65 119 121 122 210 
8 9 19 41 65 119 120 122 210 
8 9 19 41 120 121 210 
8 9 214 216 
8 21 66 125 218 219 220 221 
66 124 126 219 220 221 222 
8 66 67 125 127 221 222 223 
8 21 66 67 126 221 222 223 
8 10 15 22 42 70 229 230 231 232 
8 10 23 73 74 75 76 130 239 240 241 242 243 
8 10 23 74 75 76 129 239 240 241 242 243 
8 10 23 76 244 245 
8 10 77 246 
8 10 77 78 132 247 248 
24 80 81 253 254 255 
82 83 136 137 135 256 257 258 259 
82 83 135 137 256 257 258 259 
82 83 84 135 136 256 257 258 259 
83 84 85 139 261 
84 85 138 260 261 
141 142 
43 140 142 143 
43 87 140 141 143 
43 87 142 
25 43 44 88 145 
25 88 89 144 146 147 
25 88 89 145 147 
16 25 88 89 145 146 
16 25 90 
16 45 90 91 150 
16 45 91 149 
45 46 47 48 49 152 153 
45 46 47 48 49 91 151 153 
45 46 47 48 49 151 152 154 
45 46 47 48 49 153 
50 92 93 94 
50 92 93 94 155 157 
51 93 94 156 158 159 
51 93 94 157 159 
51 94 157 158 
51 95 96 161 162 
51 95 96 160 
51 95 96 160 161 
95 96 97 165 
96 97 163 165 
97 163 164 
12 52 53 99 100 167 168 
12 52 53 99 100 166 168 
12 52 53 100 166 167 
12 53 54 101 
171 172 
12 170 172 
12 170 171 
26 173 174 
26 55 104 
26 27 55 56 105 106 
27 57 106 177 
27 57 106 176 178 
14 28 57 106 177 
14 28 29 59 107 180 
14 28 29 58 107 179 
14 29 59 107 108 
17 59 60 108 
11 17 60 184 
11 60 183 
11 17 109 186 
11 17 109 185 
11 17 30 109 
11 13 30 31 61 110 189 
13 31 61 110 188 
13 18 32 62 63 111 
18 63 112 192 
18 112 191 
18 33 112 113 194 
33 193 
33 113 114 196 197 
33 114 195 197 
33 114 195 196 198 199 
33 34 197 199 200 
33 34 197 198 200 201 
33 34 198 199 201 
34 199 200 202 
34 201 203 
34 201 202 
8 35 36 37 115 
8 35 36 37 115 206 207 
35 36 37 205 207 
36 37 115 205 206 
8 37 38 116 117 
8 19 38 39 40 64 117 118 
8 9 19 41 65 119 120 121 122 
9 20 
8 9 213 
8 9 212 
8 9 123 
8 9 123 216 217 
8 123 215 217 
8 9 215 216 
8 21 124 219 220 
8 21 66 124 125 218 220 
8 21 66 124 125 218 219 
8 21 66 67 124 125 126 127 222 223 
8 21 66 67 125 126 127 221 223 
8 21 66 67 126 127 221 222 
8 67 68 69 225 
8 68 69 224 226 227 
8 69 224 225 227 
8 68 69 225 226 
8 15 22 42 229 
8 15 22 42 128 228 
8 15 22 70 128 231 
8 15 22 70 128 230 232 233 234 
8 15 22 128 231 233 234 
8 15 22 70 231 232 234 
8 22 70 231 232 233 
8 10 71 72 236 237 
8 10 71 235 237 238 
8 10 71 72 235 236 238 
8 10 71 72 73 236 237 
8 10 23 73 74 75 129 130 240 241 
8 10 23 73 74 75 76 129 130 239 241 242 
8 10 23 74 75 76 129 130 239 240 242 243 
8 10 23 74 75 76 129 130 241 243 
8 10 23 75 76 129 130 241 242 
10 76 131 245 246 
10 131 244 246 
10 77 132 244 
10 77 78 133 248 
10 77 78 133 247 
24 79 251 252 
249 252 
79 249 250 252 
24 79 249 250 251 
24 80 
80 81 134 255 
80 81 134 254 
82 83 135 136 137 257 258 259 
83 135 136 137 256 258 259 
135 136 137 256 257 259 
83 84 135 136 137 256 258 
84 85 86 138 139 261 
85 86 138 139 260 
6 85 86 

