50 323
3 4 5 43 44 
3 4 5 13 14 39 40 41 42 43 18 19 
2 4 5 13 41 42 43 19 20 1 
3 5 42 43 44 45 46 20 1 10 
2 3 4 42 43 44 45 46 20 1 10 
7 21 24 25 23 47 32 33 34 35 
6 8 24 25 23 48 27 
7 22 48 49 50 27 28 29 30 31 
21 45 
4 5 44 45 46 
12 11 
11 16 
2 3 14 39 40 41 15 17 18 
2 13 39 40 41 17 18 
13 39 40 16 17 
39 12 15 17 
13 14 39 40 16 15 18 
2 13 14 39 40 17 
2 3 41 42 
3 4 5 43 44 1 
6 24 25 46 47 9 33 34 
8 48 49 50 29 30 31 36 
6 7 24 25 27 
6 7 21 25 23 47 26 32 33 34 35 
6 7 21 24 23 47 34 35 
21 24 46 47 32 
8 23 48 
8 48 49 50 29 
8 22 48 49 50 28 30 31 
8 22 50 29 31 
8 22 29 30 
6 21 24 47 26 33 34 
6 21 24 47 32 34 
6 21 24 25 47 32 33 35 
6 24 25 47 34 
22 37 38 
36 38 
36 37 
2 13 14 40 16 15 17 18 
2 13 14 39 15 17 18 
2 3 13 14 42 19 
2 3 4 5 41 43 19 20 
2 3 4 5 42 20 1 
3 4 5 45 20 1 10 
4 5 44 46 10 9 
4 5 21 45 10 9 26 
6 21 24 25 26 32 33 34 35 
7 8 22 49 50 27 28 29 
8 22 48 50 28 29 
8 22 48 49 28 29 30 

