43 227
2 4 5 6 7 29 32 33 16 17 
7 8 35 36 37 38 39 21 22 23 24 25 
4 31 11 12 13 14 15 
1 3 5 6 31 16 
1 4 6 16 
1 5 29 16 
1 2 33 34 35 18 19 20 21 22 23 
2 9 30 36 37 38 39 40 41 42 25 
8 40 41 42 43 26 27 28 
11 10 
3 10 12 
3 11 
3 31 14 15 
3 31 13 15 
3 13 14 
1 5 6 
1 29 32 33 18 
7 33 34 17 
7 33 34 18 20 
7 33 34 18 19 
2 7 35 22 23 
2 7 35 21 23 24 
2 7 35 21 22 24 
2 35 22 23 
2 8 36 37 38 39 
9 30 43 27 28 
9 30 43 26 28 
9 30 43 26 27 
1 6 32 17 
8 9 42 43 27 28 
3 13 14 15 
29 33 17 
1 7 32 34 17 18 19 20 
7 33 18 19 20 
2 7 21 22 23 24 
2 8 37 38 39 25 
2 8 36 38 39 25 
2 8 36 37 39 
2 36 37 38 25 
8 9 41 42 
40 42 
8 30 40 41 
9 30 27 28 

