296 2114
58 59 178 2 3 4 5 6 10 11 12 13 14 18 19 20 21 22 23 24 25 26 36 37 38 39 40 41 42 43 44 45 
1 3 8 9 10 15 16 17 30 31 32 33 34 
1 2 4 10 17 18 32 33 34 35 36 
1 3 5 11 18 19 20 21 36 37 38 39 
1 4 6 11 12 19 20 21 37 38 39 40 
1 5 11 12 13 22 23 24 40 41 42 
8 9 27 28 29 
2 7 9 27 28 29 
2 7 8 15 16 27 28 29 30 
1 2 3 4 18 19 36 37 
1 4 5 6 12 13 22 23 40 41 
1 5 6 11 13 22 23 40 41 
1 6 11 12 22 23 42 
1 24 25 26 44 
2 8 9 16 30 31 
2 9 15 30 31 
2 3 33 34 
1 3 4 10 19 36 37 
1 3 4 5 10 18 20 36 37 38 
1 4 19 21 37 38 
1 4 5 20 38 39 
1 6 11 12 13 23 24 41 42 
1 6 11 12 13 22 41 42 
1 6 14 22 25 43 44 
1 14 24 43 44 
1 14 45 
7 8 9 28 29 
7 8 9 27 29 
7 8 9 27 28 
2 9 15 16 31 
2 15 16 30 
2 3 17 33 34 35 
2 3 17 32 34 35 
3 17 32 33 35 
2 3 33 34 
1 3 4 10 18 19 
1 4 5 10 18 19 20 
1 4 5 19 20 21 37 39 
1 4 5 20 21 38 
1 5 6 11 12 
1 6 11 12 13 22 23 42 
1 6 13 22 23 41 
1 14 24 25 44 
1 14 25 43 
178 1 26 
47 51 56 57 66 67 68 74 75 103 104 105 106 107 162 163 164 165 166 167 168 169 170 171 267 268 269 270 271 272 273 274 275 276 277 278 279 
46 51 56 63 64 65 66 73 101 102 152 153 154 155 156 157 158 159 160 255 256 257 258 259 260 261 
49 52 53 54 60 87 130 131 132 133 199 200 201 202 203 204 205 
48 50 53 54 60 71 87 88 89 90 131 132 133 134 204 205 206 207 208 209 210 211 212 
49 55 61 71 91 92 93 94 95 136 137 221 222 223 224 225 226 227 228 229 230 
46 47 56 66 67 74 103 105 106 162 163 164 165 267 268 269 270 271 272 
48 53 54 60 83 84 85 86 127 128 129 130 197 198 
48 49 52 54 60 85 86 129 130 199 200 201 
48 49 52 53 60 130 131 199 200 201 202 
50 61 72 94 95 137 138 139 227 228 230 231 232 
46 47 51 66 102 161 162 263 264 265 266 
46 68 109 110 174 175 176 177 287 288 289 290 291 292 293 294 295 
59 76 111 112 178 179 180 
58 111 112 113 179 180 
48 49 52 53 54 87 131 132 200 201 202 203 
50 55 71 91 92 93 94 136 221 222 223 224 225 227 
97 98 99 144 145 146 147 148 149 150 241 242 243 244 
47 64 65 100 101 151 152 248 249 250 251 252 253 254 
47 63 65 100 101 152 153 154 155 252 253 254 
47 63 64 73 101 152 153 154 155 156 157 255 256 257 
46 47 51 56 102 161 261 262 263 264 
46 51 74 103 104 105 106 164 165 166 270 271 272 273 274 275 
46 57 109 110 174 175 176 286 287 288 289 290 291 292 293 
70 80 81 82 120 121 122 123 188 189 190 191 192 193 
69 80 81 82 83 120 121 122 123 124 125 126 191 192 193 194 
49 50 61 91 92 93 135 136 216 217 218 219 220 221 222 
55 95 96 138 139 140 141 233 234 235 236 237 
47 65 157 158 159 258 259 260 
46 51 67 75 106 166 167 168 169 170 275 276 277 278 279 
46 74 107 108 171 172 279 280 281 
58 59 77 78 112 113 114 181 
76 78 79 113 114 181 182 
76 77 79 114 115 181 182 183 
77 78 114 115 181 182 183 184 
70 118 119 120 121 122 188 189 190 191 
69 70 80 82 120 121 122 123 188 189 190 191 
69 70 81 120 121 122 123 124 191 192 193 194 
52 70 84 124 125 126 127 128 195 196 
52 83 124 125 126 127 128 195 196 
52 53 86 129 197 198 
52 53 85 129 197 198 
48 49 60 131 132 133 203 204 205 206 207 
49 89 90 210 211 
49 88 90 134 212 213 214 
49 88 134 212 213 214 
50 61 71 135 216 217 218 219 220 
50 61 71 91 135 219 220 221 
50 61 71 136 221 223 224 
50 55 61 224 225 226 227 228 
50 55 72 138 139 233 
72 139 140 141 142 234 235 236 237 
62 143 144 145 146 241 242 243 
62 99 146 147 148 149 150 
62 98 148 150 245 
63 64 151 152 251 252 253 
47 63 64 65 152 153 154 253 254 
47 56 66 161 263 
46 51 67 163 267 268 269 
46 51 67 105 164 165 270 271 272 273 
46 51 67 104 106 164 165 271 272 273 274 
46 51 67 74 105 165 166 167 274 275 276 
46 75 108 172 280 281 282 283 
107 172 280 281 282 283 284 
57 68 110 176 288 289 290 291 292 293 
57 68 109 176 177 292 293 295 
58 59 112 180 
58 59 76 111 113 
59 76 77 112 
77 78 79 181 
79 116 182 183 184 185 
117 118 184 185 186 187 
116 118 119 185 186 
116 117 119 186 187 188 
117 118 187 188 189 190 
69 70 80 82 121 122 123 188 189 190 191 
70 80 81 82 120 122 123 191 
69 70 80 81 82 120 121 123 191 
69 70 81 82 120 121 122 191 192 193 
70 82 83 84 125 126 192 193 194 195 196 
70 83 84 124 126 194 195 196 
70 83 84 125 127 195 196 
52 83 84 126 128 195 196 
52 84 127 
52 53 85 86 197 
48 52 53 54 199 
48 49 54 60 87 132 203 204 205 
48 49 60 87 131 203 204 205 206 
48 49 87 207 208 209 210 
49 89 90 135 212 213 214 215 216 
71 91 92 134 215 216 217 218 219 
50 61 71 93 222 223 224 
50 55 227 228 229 230 231 232 
55 72 95 
55 72 95 96 140 141 233 234 235 236 
72 96 139 141 233 234 235 236 
72 96 139 140 233 234 235 236 237 
96 143 238 
97 142 238 239 240 
97 145 241 
62 97 144 146 147 241 242 243 244 
62 97 98 145 147 241 242 243 244 
62 98 145 146 241 242 243 244 
62 98 99 149 150 
62 98 99 148 150 
62 98 148 149 
63 100 245 247 248 249 250 
47 63 64 65 100 101 153 253 254 
47 64 65 152 154 
47 64 65 101 153 155 
47 64 65 154 156 255 
47 65 155 255 256 257 258 
47 65 73 158 257 258 259 
47 73 157 159 259 260 
47 73 158 260 
47 261 
56 66 102 263 264 
46 51 56 
46 51 103 267 268 269 
46 67 104 105 165 270 271 272 
46 51 67 104 105 106 164 271 272 273 274 
46 67 74 106 167 276 277 278 
46 74 106 166 168 169 170 277 278 
46 74 167 169 170 277 278 279 
46 74 167 168 170 277 278 279 
46 74 167 168 169 278 279 
46 75 279 
75 107 108 281 282 283 
174 284 285 
57 68 173 175 285 286 
57 68 174 286 287 
57 68 109 110 177 290 291 292 293 
57 110 176 295 296 
58 179 45 
58 59 178 
58 111 
76 77 78 79 114 182 
77 78 79 115 181 183 
78 79 115 182 184 
79 116 183 185 
115 116 117 184 186 
116 117 118 185 
116 117 118 119 186 
69 80 81 118 119 120 189 190 
69 80 81 119 120 188 190 
69 80 81 119 120 188 189 
69 70 80 81 82 120 121 122 123 
69 70 82 123 124 193 194 
69 70 124 192 194 
70 82 124 125 192 193 
83 84 124 125 126 127 196 
83 84 124 125 126 127 195 
52 85 86 129 
52 85 86 129 
48 53 54 130 
48 53 54 60 
48 53 54 60 200 
48 54 60 
48 60 87 131 132 204 
48 49 87 131 132 203 205 206 
48 49 87 131 132 204 206 
49 87 132 204 205 
49 87 133 208 
49 133 207 209 210 211 
49 133 208 210 211 
49 88 208 211 
49 88 208 209 210 
49 89 134 213 
89 90 134 212 214 
89 134 213 215 
134 135 214 216 218 
71 91 134 135 215 217 218 219 
71 91 135 215 216 218 219 
71 135 215 216 217 219 
71 91 92 135 216 217 218 220 
71 91 92 219 
50 61 71 93 
50 61 71 93 
50 61 93 136 224 
50 61 93 94 136 223 225 226 
50 61 94 224 226 
50 61 94 224 225 
55 61 94 137 
50 55 94 137 227 
50 55 137 230 231 232 
50 55 137 229 231 232 
55 137 229 230 232 
55 137 229 230 231 
95 139 140 141 234 235 
139 140 141 233 235 236 
72 96 139 140 141 233 234 236 
72 96 139 140 234 235 237 
72 96 236 
142 143 239 240 
143 238 240 
143 238 239 
62 97 144 145 146 147 242 243 
62 97 145 146 147 243 244 
62 97 145 146 147 241 242 244 
62 145 146 147 242 243 
99 151 246 247 
245 247 
151 245 246 248 249 
63 151 249 250 
63 151 247 248 250 
63 151 248 249 
63 100 
64 100 253 
63 64 100 101 152 252 254 
63 64 101 152 253 
47 65 155 156 256 257 
47 65 156 255 257 258 
47 65 156 157 255 256 258 
47 73 156 157 256 257 259 
47 73 158 258 
47 73 158 159 
47 66 160 262 
66 261 
66 102 161 
56 66 161 265 
56 264 266 
56 265 
46 51 103 163 
46 51 103 163 
46 51 103 163 
46 51 67 164 271 
46 51 67 104 105 164 165 270 272 
46 51 67 104 105 164 165 271 273 
46 67 104 105 165 272 274 
46 67 105 106 165 273 
46 67 74 106 166 276 
46 74 106 166 275 
46 74 166 167 168 169 
46 74 166 167 168 169 170 277 
46 74 75 168 169 170 
75 107 108 281 
75 107 108 172 280 282 283 
107 108 172 281 
107 108 172 281 282 
173 285 
173 174 284 286 
68 173 174 175 285 
57 68 175 288 
57 68 109 287 289 
57 68 109 288 291 292 
57 176 289 291 292 
57 68 109 176 289 290 292 
57 68 110 176 289 290 291 293 
57 68 109 110 176 292 
57 177 295 296 
57 110 177 294 296 
177 294 295 

