226 1761
205 226 25 62 132 133 
205 3 4 63 65 66 133 134 135 
205 2 4 26 65 66 67 
205 2 3 26 66 67 136 
207 222 82 83 167 168 169 170 
208 84 85 171 172 173 174 175 6 
208 8 35 36 37 87 88 181 182 183 184 185 186 187 
208 215 7 36 37 38 88 89 185 186 187 188 189 190 
199 201 202 215 39 40 41 42 43 90 91 92 195 196 197 
216 11 93 94 95 
217 10 95 96 97 
206 209 210 211 212 13 48 106 107 
206 211 212 224 12 49 106 107 108 
206 212 224 15 51 109 110 111 112 
206 212 213 14 17 52 112 
206 212 213 15 17 52 112 113 
206 212 213 15 16 52 113 
206 213 116 
206 219 225 20 53 54 55 56 57 58 117 118 119 120 
219 225 19 21 56 58 121 122 123 124 
219 225 20 58 121 122 123 124 125 
220 225 59 60 126 127 
205 220 24 25 60 61 129 130 
205 23 25 61 62 130 131 132 
205 226 1 23 62 131 132 
205 3 4 67 136 137 
205 28 68 138 140 
205 221 27 68 69 70 140 
205 221 30 72 73 142 143 144 145 146 147 
205 29 72 73 74 145 146 147 148 
207 214 32 76 77 78 79 153 154 155 
207 214 31 33 79 155 156 157 158 
207 214 222 32 34 80 159 160 161 162 
207 214 222 33 80 81 159 160 161 162 163 
208 7 36 86 87 176 178 179 180 
208 7 8 35 87 88 181 182 183 184 185 186 
208 215 7 8 38 89 187 188 189 190 191 
208 215 8 37 89 188 189 190 191 
215 9 40 41 42 43 90 192 193 194 
215 9 39 41 42 43 90 192 193 194 
215 9 39 40 42 43 90 192 193 194 
215 9 39 40 41 43 90 91 92 192 193 194 195 196 
215 39 40 41 42 90 91 92 192 193 194 195 196 197 
217 218 223 45 98 100 
209 210 217 218 44 100 101 102 
209 210 211 218 223 47 101 102 103 104 
209 210 211 218 46 48 103 104 105 
209 210 211 12 105 
206 211 212 224 12 107 108 
206 212 224 13 49 108 109 
206 212 224 14 109 110 111 
206 213 15 16 17 113 114 
206 219 18 19 55 117 
219 19 53 55 56 57 118 119 120 
219 19 53 54 56 57 118 119 120 
219 19 20 54 55 57 118 119 120 
219 225 19 20 54 55 56 118 119 120 
219 225 19 20 21 121 122 123 
220 22 60 127 128 
220 22 23 59 127 128 129 
220 23 24 129 130 
205 226 1 24 25 131 
205 2 64 65 133 134 135 
205 2 63 65 133 134 135 
205 2 3 63 64 66 135 
205 2 3 4 65 
205 3 4 26 136 
205 27 28 138 139 
205 221 28 70 71 140 
205 221 28 69 71 141 
205 221 69 70 141 
205 221 29 30 73 143 144 145 146 147 
29 30 72 74 75 146 147 148 
30 73 75 148 149 150 
214 73 74 148 150 151 152 
214 31 77 78 153 154 
214 31 76 78 153 154 
214 31 76 77 153 
207 214 31 32 153 155 156 157 
207 222 33 34 159 160 161 162 163 
207 34 162 163 164 165 
207 222 5 83 167 168 
207 5 82 167 168 
208 6 171 172 173 174 175 
208 6 86 174 175 176 
208 35 85 176 177 
208 7 35 36 180 
208 7 8 36 181 182 183 184 185 186 187 
215 8 37 188 189 190 191 
215 9 39 40 41 42 43 91 192 193 194 195 
215 9 42 43 90 92 193 194 195 196 197 
202 215 9 42 43 91 195 196 197 
216 10 94 
216 10 93 
10 11 96 97 
11 95 97 
11 95 96 
209 217 223 44 99 100 
217 223 98 100 
209 217 218 223 44 45 98 99 
209 210 217 218 223 45 46 102 
209 210 218 223 45 46 101 
209 210 211 218 46 47 104 
209 210 211 218 46 47 103 105 
209 211 218 47 48 104 
210 211 12 13 
211 12 49 106 
206 224 13 49 50 
206 212 224 14 50 51 110 
206 212 224 14 51 109 111 
206 212 14 51 110 
206 212 14 15 16 
206 213 16 17 52 114 
206 213 52 113 
206 213 18 116 
206 213 18 
219 19 53 54 
219 19 54 55 56 57 119 
219 19 54 55 56 57 118 120 
19 54 55 56 57 118 119 
219 225 20 21 58 122 123 124 
219 20 21 58 121 123 124 
219 225 20 21 58 121 122 124 125 
219 225 20 21 121 123 125 
225 21 123 124 
220 225 22 
22 59 60 128 
220 59 60 127 
220 23 60 61 
23 24 61 
226 24 25 62 132 
226 1 24 25 131 
205 1 2 63 64 134 
205 2 63 64 133 135 
205 2 63 64 65 134 
205 4 26 67 137 138 
205 26 136 
205 27 68 136 137 139 
205 27 68 138 
205 28 69 
205 221 70 71 142 143 
221 29 143 144 
221 29 72 141 142 144 
221 142 143 145 
221 29 30 72 144 146 147 
29 30 72 73 145 147 
29 30 72 73 145 146 
73 74 75 149 150 
214 74 75 148 150 151 152 
74 75 148 149 151 152 
214 75 149 150 152 
214 75 149 150 151 
31 76 77 78 79 154 155 
214 31 76 77 78 153 155 
207 214 31 32 79 153 154 156 
207 214 32 79 155 157 
207 214 32 79 156 158 
207 214 32 
207 34 80 160 161 
207 33 34 80 159 
207 33 80 159 160 
207 222 33 34 80 81 163 
207 222 34 80 81 162 164 
207 222 81 163 165 
207 222 81 164 166 
207 222 167 
207 222 5 82 83 166 
5 82 83 
5 170 
5 170 169 
6 84 172 
6 84 171 173 174 
6 84 172 175 
208 6 84 85 172 173 175 
6 84 85 173 174 
208 35 85 86 177 
85 86 176 
208 35 180 
208 35 178 180 
208 35 87 178 179 
208 7 36 88 182 183 184 185 186 
208 7 36 88 181 183 184 185 
208 7 36 88 181 182 184 185 186 
7 36 88 181 182 183 185 186 
208 7 8 88 181 183 184 186 
208 7 8 36 88 181 183 184 187 
7 8 37 88 186 188 189 
8 37 38 89 187 189 
8 37 38 89 187 188 
215 8 37 38 89 191 
37 38 89 190 
215 39 40 41 42 43 90 193 194 
215 39 40 41 42 43 90 91 192 194 195 
215 39 40 41 42 43 90 91 192 193 195 
215 9 42 43 90 91 92 193 194 196 
9 42 43 91 92 195 197 
215 9 43 91 92 196 
199 200 201 202 203 204 9 42 43 91 92 196 197 
198 200 201 202 203 9 43 92 196 197 
198 199 203 204 200 
198 199 202 
198 199 201 
198 199 200 204 
198 200 203 
206 207 214 219 220 221 225 226 1 2 3 4 23 24 25 26 27 28 29 30 62 63 64 65 66 67 68 69 70 71 72 133 134 135 136 138 139 140 141 
205 209 210 211 212 213 218 219 224 225 12 13 14 15 16 17 18 19 49 50 51 52 53 108 109 110 111 112 113 114 115 116 
205 208 214 222 5 31 32 33 34 79 80 81 82 83 155 156 157 158 207 159 160 161 162 164 165 166 167 
207 215 6 7 8 35 36 37 38 84 85 86 87 88 174 175 176 177 178 179 180 181 182 183 184 185 186 
206 210 211 212 217 218 223 12 44 46 47 48 98 99 100 101 102 103 104 105 
209 211 212 217 223 12 45 46 47 48 101 102 103 104 105 106 
206 209 210 212 217 218 223 12 13 46 47 48 49 103 104 106 107 
206 209 210 211 213 224 12 13 14 15 16 17 49 51 108 109 110 111 112 
206 212 219 15 16 17 18 52 113 114 115 116 
205 207 222 31 32 33 34 75 76 77 78 79 149 151 152 153 154 155 156 157 158 
198 199 201 208 8 9 37 38 39 40 41 42 43 89 90 91 92 190 192 193 194 195 196 197 
10 93 94 216 
209 210 211 218 223 11 44 45 99 100 101 
206 209 210 211 217 223 44 45 46 47 100 101 102 103 104 105 
205 206 213 220 19 20 21 53 54 55 56 57 58 117 118 119 120 121 122 123 124 
205 219 225 22 23 59 60 61 126 127 128 
205 28 29 30 69 70 71 72 141 142 143 144 145 
207 214 5 33 34 80 81 82 162 163 164 165 166 167 
209 210 211 217 218 44 45 46 98 99 100 101 102 
206 211 212 13 14 49 50 51 108 109 110 
205 206 219 220 19 20 21 22 57 58 121 122 123 124 125 126 
205 1 24 25 62 131 132 

