62 364
57 58 12 31 32 61 62 
57 58 11 12 28 29 55 46 56 26 38 
58 17 34 4 
58 17 35 3 
59 13 20 21 
54 13 37 7 
54 13 37 6 
54 13 
54 22 23 24 25 41 42 43 44 10 14 
9 22 23 42 43 
57 2 27 28 52 53 55 46 
57 58 2 29 30 32 45 60 61 62 1 
59 21 37 5 8 6 7 
9 24 25 43 
16 15 47 48 
15 47 48 49 50 
58 59 18 35 3 4 
59 17 35 
59 20 21 36 
59 19 21 36 5 
54 13 19 20 5 8 
54 23 39 40 41 42 43 10 
54 9 22 40 41 42 43 10 
9 25 44 14 
9 44 14 
57 2 56 38 
11 49 50 52 53 
2 11 53 55 46 
57 58 2 12 30 
57 58 12 29 45 61 
57 58 12 32 61 62 1 
57 58 12 31 33 61 62 
58 32 34 
58 33 3 
59 17 18 4 
59 19 
54 13 6 7 
57 2 56 26 
54 22 40 
54 22 23 39 41 42 
54 9 22 23 40 42 
9 22 23 40 41 43 10 
9 22 23 42 10 14 
9 24 25 
57 58 12 29 30 60 61 62 
2 11 28 55 46 
15 16 48 
15 16 
16 27 50 51 52 
16 27 49 51 52 
27 49 50 52 
11 27 49 50 51 53 
11 27 28 52 
59 9 13 21 22 23 37 39 40 41 8 6 7 54 
2 11 28 46 
57 2 26 38 
58 2 11 12 29 30 31 32 56 26 38 45 60 61 62 1 
57 59 2 12 17 29 30 31 32 33 34 45 61 62 1 3 4 
54 58 13 17 18 19 20 21 36 5 
57 58 12 30 45 61 62 
57 58 12 30 31 32 45 60 62 1 
57 58 12 32 45 60 61 1 

