54 449
2 4 7 11 12 13 42 43 44 45 54 27 28 29 30 31 1 
1 3 4 5 6 8 9 10 13 14 15 16 17 47 48 49 33 34 36 
2 4 5 6 8 9 10 15 16 17 18 47 48 49 50 51 52 35 36 37 38 
1 2 3 5 8 13 14 15 16 46 47 32 33 34 
2 3 4 6 8 9 10 15 16 17 18 48 49 50 35 36 37 38 
2 3 5 9 10 17 18 19 50 51 52 53 39 40 6 
1 11 41 20 21 22 23 24 25 26 
2 3 4 5 9 10 15 16 47 48 35 36 
2 3 6 8 10 16 17 18 48 49 50 51 36 37 38 
2 3 5 6 8 9 17 18 19 49 50 51 52 37 38 39 
1 7 12 41 42 43 23 24 25 26 27 
1 11 41 43 27 
1 2 4 14 15 46 32 33 34 
2 4 13 15 46 32 33 34 
2 3 4 5 8 13 14 16 47 
2 3 4 5 8 9 15 47 48 35 
2 3 5 6 9 10 18 19 49 50 51 52 38 39 
3 5 6 9 10 17 19 49 50 51 52 53 39 
6 10 17 18 51 52 53 39 40 
7 21 22 
7 20 
7 20 21 
11 41 24 25 26 
7 11 41 23 25 26 
7 41 23 24 26 
7 41 23 24 25 
1 11 12 43 
1 44 45 29 30 
1 44 45 28 30 
1 44 45 54 28 
1 54 31 
13 14 
2 4 13 14 34 
2 4 13 14 33 
2 3 5 8 16 48 
2 3 5 8 9 16 48 
2 3 5 9 10 48 49 38 
3 5 9 10 17 49 50 37 
6 10 17 18 19 50 51 52 
6 19 53 
1 7 11 12 42 23 24 25 26 
1 11 12 41 43 27 
1 11 12 42 27 
1 45 28 29 
1 44 54 28 29 30 
4 13 14 31 32 
2 3 4 8 15 16 
2 3 5 8 9 16 35 36 37 
2 3 5 9 10 17 18 50 51 37 38 
3 5 6 9 10 17 18 49 51 52 38 39 
3 6 9 10 17 18 19 49 50 52 39 
3 6 10 17 18 19 50 51 39 
6 18 19 40 
1 45 30 31 

