139 1056
2 4 11 12 16 17 18 25 26 27 28 29 30 31 32 33 34 35 36 37 38 39 60 61 62 63 64 65 66 67 68 69 70 71 73 74 75 115 116 117 118 119 120 121 122 123 124 125 126 128 129 130 131 132 133 134 135 136 137 138 139 
1 3 5 6 7 8 9 13 44 45 46 47 48 49 50 51 52 87 88 89 90 91 92 93 94 
2 5 6 7 8 9 13 48 49 50 51 52 90 91 92 93 94 95 
1 12 18 39 40 79 80 81 
2 3 6 9 20 50 51 52 53 94 95 96 97 98 99 
2 3 5 9 10 20 21 22 23 53 54 100 101 102 103 104 105 
2 3 8 13 19 42 43 45 46 84 85 86 87 88 
2 3 7 19 44 45 46 86 87 88 
2 3 5 6 20 52 53 95 96 97 98 
6 20 21 22 23 54 100 101 102 103 104 105 106 
1 12 17 27 28 29 31 32 33 70 71 72 73 
1 4 11 17 32 33 34 35 36 37 38 73 74 75 
2 3 7 8 47 48 89 90 
15 24 55 56 57 109 110 
14 24 58 59 111 112 114 
1 25 26 60 62 63 64 65 120 139 
1 11 12 32 33 34 35 36 37 38 73 74 75 
1 4 38 39 76 77 78 
2 7 8 41 42 43 83 84 85 
5 6 9 10 21 100 101 
6 10 20 100 101 102 
6 10 23 54 102 103 104 105 106 
6 10 22 54 105 106 107 
14 15 58 111 112 
1 16 60 61 62 63 
1 16 63 64 65 66 67 68 
1 11 28 29 30 31 68 69 70 71 72 
1 11 27 29 30 68 69 70 71 72 
1 11 27 28 30 31 69 70 71 72 
11 27 29 31 69 71 72 
1 11 27 29 30 32 72 
1 11 12 17 31 33 73 
1 12 17 34 73 
1 12 17 33 35 36 37 73 74 
1 12 17 34 36 37 38 74 75 
1 12 17 34 35 37 38 74 75 
1 12 17 34 35 36 38 39 74 75 76 77 
1 12 17 18 35 36 37 39 74 75 76 77 78 
1 4 18 37 38 75 76 77 78 
4 79 80 81 
19 42 
7 41 43 83 
7 19 42 44 83 
2 7 8 43 45 84 85 86 
2 7 8 44 
2 7 8 87 88 
2 13 48 89 
2 3 47 89 
2 3 92 93 
2 3 5 51 93 94 
2 3 5 50 94 
2 3 5 9 95 96 
5 6 9 97 98 99 
6 10 22 23 105 106 
14 56 57 108 109 
14 55 57 109 
14 55 56 109 110 
24 59 111 112 113 114 
15 58 113 114 
1 16 25 138 139 
16 62 139 
1 16 25 60 61 
1 16 25 26 64 65 66 67 
1 16 26 63 65 66 
1 16 26 63 64 66 
1 26 63 64 65 67 
1 26 63 65 66 68 
1 26 27 28 67 69 70 
1 27 28 29 30 68 70 71 
1 11 27 29 30 68 69 71 
1 11 27 28 29 30 69 70 72 
1 11 27 28 29 30 31 71 
1 11 12 17 33 34 
1 12 17 34 35 36 37 38 75 
1 12 17 35 36 37 38 39 74 76 77 78 
18 37 38 39 75 77 78 
18 37 38 75 76 78 
18 38 39 75 76 77 
4 40 80 
4 40 79 
4 40 82 
81 82 
19 41 42 43 
7 19 43 85 
19 43 44 84 86 
7 44 45 84 85 
7 8 46 
2 8 46 
13 47 48 
2 13 
2 3 49 92 
2 3 91 93 
2 3 49 50 92 
2 3 5 50 51 
5 9 52 96 
5 9 52 95 
5 9 
5 9 53 99 
5 53 98 
6 10 20 21 101 
6 10 20 21 100 
6 10 21 22 103 
6 10 22 102 104 
6 10 22 102 103 
6 10 22 23 54 
10 22 23 54 
23 108 
55 107 
14 55 56 57 110 
14 57 109 
15 24 112 113 
15 24 58 113 
15 58 59 111 112 114 
15 58 59 113 
16 25 116 117 119 120 121 122 123 124 125 126 127 128 129 130 131 132 133 134 135 136 137 138 139 
115 117 119 121 122 123 128 129 130 131 132 
115 116 118 119 120 122 123 124 125 126 131 132 133 134 135 136 
16 25 60 61 62 115 117 120 124 125 126 133 134 135 136 137 138 139 
115 116 117 118 122 123 124 125 131 132 133 134 
16 25 60 61 62 115 117 125 126 134 135 136 137 138 139 
115 127 128 129 
115 116 117 119 123 130 131 132 
115 116 117 119 122 124 125 131 132 133 
115 117 118 119 123 125 133 134 135 
115 117 118 119 120 123 124 126 133 134 135 136 137 
115 117 118 120 125 134 135 136 138 139 
115 121 128 
116 121 127 129 
115 116 121 128 
115 116 131 
115 116 117 119 122 123 130 132 
115 116 119 122 123 131 
115 117 118 119 123 124 125 134 135 136 
115 117 118 119 120 124 125 126 133 135 136 
115 117 118 120 124 125 126 133 134 136 
115 117 118 120 125 126 133 134 137 138 
115 118 120 125 126 134 135 136 138 
115 118 120 126 136 137 139 
60 61 115 118 120 126 138 

