137 841
2 3 5 6 11 14 15 16 28 29 48 49 50 51 52 53 102 103 104 105 106 107 108 109 110 111 112 113 114 115 116 
1 3 4 9 10 11 24 25 26 27 43 44 84 85 86 87 88 89 90 91 
1 2 9 10 11 14 26 27 43 44 88 89 90 91 92 
2 22 23 40 41 74 75 77 
1 11 14 15 28 29 49 50 51 52 101 102 103 104 105 106 107 108 
1 16 17 30 31 32 54 55 56 57 119 120 121 122 123 124 
8 13 21 36 37 65 66 67 68 69 
7 13 21 36 37 68 69 70 
2 3 10 24 25 26 43 82 83 84 85 86 87 
2 3 9 43 44 88 89 
1 2 3 5 14 27 45 46 47 93 94 95 96 97 98 99 
20 35 60 61 62 135 136 
7 8 21 36 37 65 66 67 68 
1 3 5 11 15 27 45 46 47 95 96 97 98 99 100 
1 5 14 28 48 49 50 101 102 104 
1 6 17 30 31 54 55 116 117 118 119 
6 16 30 31 32 56 57 120 121 122 123 124 
19 58 59 128 129 
18 33 129 130 131 
12 33 60 132 133 
7 8 13 36 37 66 67 68 
4 38 39 72 73 
4 40 75 77 
2 9 25 82 83 
2 9 24 82 83 
2 3 9 43 84 85 86 
2 3 11 14 45 93 94 
1 5 15 49 50 51 52 102 103 104 105 106 107 
1 5 53 110 111 113 114 
6 16 17 31 54 55 56 57 119 120 
6 16 17 30 54 55 56 57 120 
6 17 122 123 124 125 126 
19 20 34 130 132 
19 20 33 132 133 
12 61 62 63 64 137 
7 8 13 21 65 66 67 68 
7 8 13 21 69 
22 39 70 71 
22 71 72 
4 23 41 78 
4 42 78 
41 78 79 
2 3 9 10 26 84 85 86 87 
2 3 10 89 90 91 92 
11 14 27 46 47 93 94 95 96 97 
11 14 45 47 93 94 95 96 97 98 
11 14 45 46 94 95 96 97 98 
1 5 15 49 100 101 102 
5 15 28 48 50 102 103 104 
1 5 15 28 49 51 103 104 105 
1 5 28 50 52 105 106 107 108 109 
1 5 28 51 105 106 107 108 109 
1 110 111 112 
6 16 55 119 
6 16 30 31 54 56 119 
6 17 30 31 55 57 120 
6 17 30 31 56 120 121 
18 59 126 127 128 
58 126 127 128 
12 20 133 60 134 
12 35 62 136 
12 35 61 63 136 
35 61 62 136 
35 137 
7 13 36 66 67 
7 13 21 36 65 67 
7 13 21 65 66 
7 8 21 36 
7 8 21 37 
8 38 
38 39 72 
22 38 39 73 
22 39 72 
4 75 76 
4 74 76 
4 74 75 
4 23 
40 41 42 
42 80 81 
79 81 
79 80 
9 25 83 
9 24 82 
2 9 26 43 85 86 
2 9 26 43 84 86 87 
2 9 26 43 84 85 87 
2 9 26 43 85 86 
2 3 10 
3 10 44 90 91 92 
44 89 91 92 
2 3 44 89 90 92 
44 89 90 91 
11 27 45 46 94 95 
11 27 45 46 47 93 95 96 97 
11 14 45 46 47 93 94 96 97 
11 14 45 46 47 94 95 97 
11 14 45 46 47 94 95 96 
11 14 47 99 
11 14 98 100 
14 99 
5 15 48 100 
1 5 15 28 48 49 103 104 
1 5 15 28 50 102 104 
1 5 15 28 49 50 102 103 
1 5 28 50 51 52 106 107 
5 28 52 105 107 
1 5 28 51 52 105 106 108 
1 5 52 107 109 
1 51 52 108 110 
1 29 53 109 
1 29 53 112 113 
1 53 113 
1 29 111 112 114 115 
1 29 113 
1 113 114 
1 16 117 118 
116 118 
16 116 117 
6 16 30 54 55 
6 17 30 31 56 57 121 122 
6 17 57 120 122 
6 32 120 121 123 124 
17 32 122 
6 17 32 122 123 
32 125 
32 59 127 
58 126 
18 58 59 
18 19 
19 33 131 
19 33 130 
20 33 34 133 
20 34 60 132 
12 60 135 
12 134 
12 61 63 
35 64 

