37 187
2 3 32 33 34 13 14 15 16 17 25 26 
1 3 18 34 16 17 25 26 20 
1 2 18 34 35 17 25 26 20 21 
28 5 6 7 
28 4 7 8 
28 4 5 7 8 
28 29 4 5 8 
28 29 5 6 7 
29 30 
27 30 11 31 
30 31 
27 32 33 
1 32 33 14 15 
1 32 33 13 15 16 
13 14 16 
1 2 14 15 
1 3 16 
2 3 19 34 35 36 21 22 23 24 
36 37 23 24 19 
2 3 34 
3 18 34 35 22 
18 35 21 23 
18 19 35 36 22 24 
18 36 37 23 
1 2 3 17 
1 2 3 20 
30 31 32 10 11 12 
29 4 5 6 7 8 
28 7 8 9 
27 31 9 10 11 
27 30 10 11 31 
27 33 12 13 14 
1 32 13 
1 2 3 18 35 20 21 
3 18 34 21 23 
18 19 37 23 24 
18 19 36 23 24 

