52 343
3 52 14 35 36 37 38 39 32 33 34 6 
52 35 36 
1 14 29 39 40 6 7 8 9 10 11 12 
5 16 17 31 47 48 19 26 27 28 
4 49 51 23 24 
3 39 7 
3 14 8 
14 39 7 9 
3 14 29 40 8 10 11 12 
3 14 29 40 9 11 12 
3 14 29 40 9 10 12 
3 14 29 40 9 10 11 
15 16 29 42 18 
1 3 15 29 39 40 41 7 8 9 10 11 12 
14 16 29 30 41 42 43 44 45 46 13 18 22 25 21 
4 29 30 41 42 43 44 45 46 47 13 18 20 22 25 21 
4 30 31 26 27 28 23 
15 16 41 42 13 22 
4 30 31 48 
15 16 42 43 13 18 22 25 
15 16 30 42 43 44 45 46 47 
16 42 43 44 18 20 25 
5 17 49 
5 51 
15 16 42 43 44 22 
4 17 31 27 
4 17 31 28 
4 17 
3 14 15 16 40 10 13 
4 17 31 45 46 47 21 19 
17 30 19 26 27 
1 52 35 36 37 33 
1 52 35 36 37 32 
1 38 
1 52 36 37 2 32 
1 52 35 37 2 32 33 
1 52 38 35 36 32 33 
52 38 37 34 
1 3 14 6 7 8 
3 14 29 9 11 12 
14 15 16 29 42 13 18 20 
15 16 41 43 44 45 13 18 20 22 25 21 
15 16 42 44 45 20 25 
15 16 42 43 45 46 22 25 21 
15 16 30 42 43 44 46 47 21 
15 16 30 44 45 47 48 21 
16 30 45 46 48 21 
4 30 19 
5 50 51 23 24 
5 49 51 24 
5 49 50 24 
1 35 36 37 38 32 

