45 241
26 27 28 
7 29 30 31 32 
5 7 33 3 
6 10 11 12 13 42 43 44 45 1 18 19 20 21 22 24 25 26 
7 8 14 15 3 35 36 37 
4 9 10 11 41 42 
5 8 2 3 29 30 32 33 
5 7 14 15 34 35 
6 38 39 40 16 
4 11 41 17 18 
4 6 12 42 18 19 
4 11 42 43 44 18 19 20 21 
4 12 43 44 45 20 21 22 23 24 25 
5 8 15 34 
5 8 14 34 35 36 37 
38 39 
6 10 41 
4 10 11 42 19 
4 11 12 42 18 
4 12 13 43 21 
4 12 13 43 44 20 
4 13 44 45 23 24 25 
4 13 44 45 22 24 
4 13 44 45 22 23 25 
4 13 44 45 24 26 
4 1 25 
29 30 
1 27 29 30 
7 2 27 28 30 32 
7 2 28 29 31 32 
7 2 29 32 
7 2 30 31 
7 3 
5 8 14 15 
15 36 37 
5 15 37 
15 35 36 
39 16 38 
9 38 40 16 
9 39 40 
6 10 17 
4 6 10 11 12 18 19 
4 12 13 20 21 
4 12 13 45 21 22 23 24 25 
4 13 44 22 23 24 

