30 195
8 9 28 30 
21 11 3 
12 21 11 2 4 
12 21 11 2 3 
13 16 22 23 
13 14 15 16 17 18 24 25 
13 14 15 16 17 18 24 25 
9 10 28 29 30 1 
20 8 10 30 1 
12 20 8 9 
12 21 2 4 
20 21 9 10 11 2 3 4 12 
14 15 16 17 18 19 5 6 7 22 23 25 26 
13 15 16 17 18 19 6 7 25 26 
13 14 16 17 18 19 6 24 26 
13 14 15 17 18 19 5 6 7 22 23 24 25 
13 14 15 16 18 19 6 7 24 25 26 
13 14 15 16 17 19 6 7 25 26 
13 14 15 16 17 18 26 27 
12 8 9 10 28 29 30 1 
4 12 2 3 
13 16 5 
13 16 
13 14 15 16 17 6 7 25 
13 14 15 16 17 18 6 7 24 
13 14 15 17 18 19 27 
19 26 28 
8 27 29 1 
20 8 28 30 
20 9 29 1 

