41 268
2 3 26 27 33 34 35 36 37 38 16 17 18 20 21 
1 3 24 25 31 32 33 6 8 9 10 11 12 13 
1 2 33 34 35 13 14 15 16 17 
24 30 
24 30 
24 30 31 7 8 9 10 11 
24 30 31 6 8 9 10 11 
2 24 31 6 7 9 10 11 12 
2 24 31 6 7 8 10 11 12 
2 24 31 6 7 8 9 11 12 
2 25 31 32 6 7 8 9 10 12 
2 25 31 32 8 10 11 
2 3 33 14 15 
3 33 13 
3 33 34 13 14 
1 3 33 34 17 
3 33 34 16 
1 26 27 36 37 19 20 21 
1 26 27 37 20 21 
1 26 27 36 37 18 19 21 
1 27 36 37 18 19 20 
38 39 
39 22 29 
2 30 31 4 5 6 7 8 9 10 
2 3 31 11 
27 35 36 37 18 19 21 
1 26 36 37 18 19 20 21 
39 41 29 
28 39 40 23 
24 4 5 6 7 
2 24 25 6 7 8 10 11 12 
2 25 31 11 12 
1 2 3 35 13 14 16 17 
1 3 33 13 14 15 17 
1 3 26 33 34 36 16 17 
1 26 27 35 37 18 19 20 21 
1 26 27 36 18 19 20 21 
1 22 
28 40 41 22 23 
28 39 41 29 
28 39 40 

