63 387
2 51 63 
3 4 8 48 49 50 51 52 17 18 19 20 21 63 1 
2 8 47 48 49 50 15 16 17 18 19 
2 9 26 25 62 53 54 4 30 31 27 28 29 32 
6 7 9 11 22 23 56 57 58 35 36 37 38 46 
5 7 10 11 12 22 23 58 59 38 46 39 
5 6 11 12 13 23 24 59 60 61 39 40 41 42 43 
49 50 17 18 19 20 21 
4 10 62 54 55 56 57 34 33 35 36 37 
5 9 11 22 23 57 58 38 46 
5 6 7 10 22 23 58 38 46 11 
6 7 13 24 59 60 61 39 40 41 42 43 
7 12 60 61 42 43 44 45 
47 16 
3 47 48 14 16 
47 14 
2 8 49 18 19 
2 3 8 49 
2 3 8 50 17 18 
2 8 
2 8 
5 6 10 11 23 57 58 38 46 
5 6 10 11 22 59 
7 12 13 61 43 44 45 
4 26 62 28 29 
25 53 30 31 27 28 
4 26 53 31 
4 26 25 53 
25 62 54 32 
4 26 31 
4 26 
4 25 62 54 29 
9 55 56 35 
9 54 55 
5 9 56 33 36 37 
5 56 57 35 37 
5 9 56 57 35 36 
5 6 10 11 22 58 46 
6 7 59 60 40 41 
7 59 39 41 
7 12 59 60 39 
7 12 13 60 61 43 
7 13 24 60 61 42 
13 24 
13 24 
5 6 10 11 22 58 38 
3 14 15 16 
2 3 16 
2 3 8 50 17 18 19 
2 3 8 49 19 
2 52 63 1 
2 51 63 1 
26 25 27 28 
4 9 62 55 29 32 34 
54 34 33 
5 9 57 33 36 37 
5 9 22 56 36 37 
5 6 10 11 22 38 46 
6 7 11 23 60 39 40 41 
7 12 13 59 61 39 40 41 42 43 
7 12 13 24 60 42 43 
4 9 25 32 
2 51 52 1 

