142 976
2 3 5 9 10 11 12 28 29 30 31 32 51 52 53 54 55 56 57 58 59 60 98 99 100 101 102 103 104 105 106 107 108 109 
1 3 4 6 15 16 17 18 19 20 37 70 71 72 73 74 75 76 124 125 126 127 128 129 130 131 
1 2 5 12 13 33 34 122 64 65 66 67 68 116 117 118 119 120 121 
2 6 14 15 16 17 18 72 73 74 75 76 126 127 128 129 130 
1 3 11 12 32 60 61 62 63 111 112 113 
2 15 16 17 18 19 20 37 38 39 77 78 131 132 133 
22 43 82 84 
24 26 46 89 
1 27 28 47 48 49 50 51 91 92 93 94 
1 28 52 53 99 
1 5 12 32 60 61 110 111 112 
1 3 5 11 13 32 33 61 62 63 64 112 113 114 115 
3 12 33 64 65 66 67 115 116 117 118 119 
2 4 35 36 69 70 71 123 124 125 
2 4 6 16 17 18 19 37 75 76 77 130 131 132 
2 4 6 15 17 18 19 37 38 39 77 131 132 133 
4 6 15 18 19 37 38 39 77 131 132 133 
2 4 6 15 16 17 19 20 37 38 39 77 78 132 
2 6 15 16 17 18 20 37 38 39 77 132 133 
2 6 18 19 37 38 39 40 78 79 
142 40 41 42 80 81 138 139 140 141 
43 44 82 
8 24 25 44 45 46 85 86 87 88 
8 23 25 44 45 46 85 86 87 88 
8 23 24 45 46 86 87 88 
8 47 89 90 
9 26 47 48 49 50 89 90 91 
1 9 10 51 52 94 95 96 97 
1 30 31 54 55 57 58 104 
1 29 31 54 56 57 58 104 105 
1 29 30 56 57 58 104 105 
1 5 11 12 61 62 63 111 112 113 
3 12 64 65 115 116 117 118 
122 68 121 
2 14 36 69 70 71 123 124 125 
2 14 35 70 71 124 125 
2 6 15 16 17 18 19 20 38 39 77 78 133 
6 16 17 18 19 20 37 39 78 133 
6 16 17 18 19 37 38 77 78 
20 21 79 80 134 135 136 137 
142 21 42 81 138 139 140 141 
142 21 41 81 139 140 141 
7 22 82 83 
7 22 23 24 45 82 83 84 85 
23 24 25 44 46 85 86 87 88 
23 24 25 86 87 
9 26 27 48 49 50 91 92 
9 27 47 49 50 91 92 
9 47 48 50 91 92 93 
9 27 47 48 91 92 93 
1 28 52 95 96 97 
1 10 28 51 98 99 
10 52 98 99 
1 29 55 56 57 101 102 
1 29 54 56 57 103 104 
1 29 31 54 55 57 58 103 104 
29 30 31 55 56 58 104 
1 29 30 31 56 57 104 
1 105 106 107 108 109 
5 11 110 
11 12 32 111 
5 12 32 112 113 114 
12 112 113 114 
3 12 13 33 65 115 116 117 118 
3 13 33 64 115 116 117 118 
3 13 33 67 118 119 
3 13 68 119 120 
3 34 67 120 121 
14 35 122 
2 14 35 36 71 124 125 
2 14 35 36 70 124 125 
2 4 127 
2 4 74 128 
2 4 75 129 
2 4 15 74 76 129 130 
2 4 15 129 130 
6 15 16 17 18 19 37 38 39 78 132 133 
6 18 19 20 37 38 39 77 
20 40 79 134 
21 40 134 135 136 137 138 
142 21 41 42 139 140 141 
7 22 43 44 83 84 
22 43 44 82 84 
7 22 44 82 83 85 
24 44 45 84 
23 24 25 45 46 87 88 
23 24 25 45 86 88 
23 24 25 46 86 
8 26 27 
26 27 89 
9 27 47 48 49 50 92 93 
9 47 48 49 50 91 93 
9 49 50 91 92 
9 28 
28 51 96 97 
28 51 95 
28 95 96 
1 10 52 53 99 
1 10 52 53 98 
1 101 102 
1 102 103 
1 54 100 101 
1 55 101 
1 29 30 54 55 56 57 58 
1 30 31 59 
1 59 105 107 108 
1 59 106 108 
1 59 106 107 
1 59 60 110 
11 109 
5 32 
5 11 12 32 62 63 113 
12 32 63 112 
12 62 63 
12 13 33 64 65 116 
3 13 33 65 115 117 
3 13 33 64 65 116 118 
3 13 33 64 65 66 119 
3 13 66 67 118 
3 67 68 
34 68 
122 69 
14 35 70 
2 14 35 36 70 71 125 
2 14 35 36 70 71 124 
2 72 127 
4 72 126 128 
2 4 73 127 
2 4 74 75 76 
2 4 15 75 76 
2 6 16 17 
6 15 16 17 18 19 77 
6 16 17 18 19 37 38 39 77 
40 79 80 135 136 
40 80 134 
40 80 134 135 137 
80 135 136 
21 41 80 
21 41 42 81 140 141 
21 41 42 81 139 141 
21 41 81 139 140 
81 140 141 

