39 233
2 3 4 5 7 8 29 30 31 32 33 34 35 16 17 18 19 20 21 
1 3 6 7 8 33 34 35 36 20 21 22 23 24 
1 9 36 37 24 25 
1 5 6 29 30 31 15 16 17 
1 4 28 10 11 12 13 15 
1 2 4 7 30 31 32 18 
1 2 6 32 34 18 19 20 
1 2 7 33 34 19 20 
3 37 38 39 26 27 
5 28 11 12 13 
5 28 10 12 
5 10 11 
5 28 10 11 12 
5 28 15 
4 5 29 14 16 
1 4 29 15 17 
1 4 29 30 16 
1 6 7 31 32 19 
1 7 8 32 33 18 
1 2 7 8 33 35 21 
1 2 35 20 
2 35 23 
2 35 36 22 24 
2 3 36 23 25 
3 24 
9 38 39 27 26 
9 38 26 
5 10 11 12 13 14 
1 4 30 15 17 
1 6 29 31 17 
1 4 30 32 18 
1 6 7 31 18 19 
1 2 7 8 34 19 20 
1 2 7 8 33 20 
1 2 36 20 21 22 23 
2 3 35 22 23 24 
3 9 38 37 
9 37 39 26 27 
9 38 37 26 27 

