30 200
3 4 13 14 17 18 25 26 27 28 29 30 7 8 9 10 12 15 16 5 2 24 19 
1 3 17 28 29 5 24 
1 4 13 14 17 18 26 27 28 29 30 10 11 12 15 5 2 24 19 
3 13 14 6 7 8 9 10 
1 28 29 2 24 
4 13 
1 4 13 8 
4 13 7 
1 13 
1 3 4 14 26 
1 3 14 26 12 15 16 
1 3 26 11 16 
1 3 4 25 6 7 8 9 
1 3 4 26 10 11 
1 3 26 27 11 12 16 
1 3 26 27 11 12 15 
18 27 28 29 30 2 24 19 20 
1 3 17 30 19 20 21 22 
1 3 17 18 30 20 
17 18 30 19 
18 21 22 23 
18 21 23 
22 23 
1 3 17 27 28 29 5 2 
1 13 25 
1 3 14 10 11 12 15 16 
1 3 29 16 5 2 24 
1 3 17 27 29 5 2 24 
1 3 17 28 5 2 24 
1 3 17 18 19 

