129 1030
12 28 46 47 82 83 2 3 
12 28 46 83 1 3 
12 1 2 
48 5 
48 84 
13 29 49 50 
13 29 6 
13 30 52 9 
13 52 86 8 
13 31 55 
56 87 
13 14 15 19 20 26 27 28 29 40 41 42 43 44 45 46 47 48 49 76 77 78 79 80 81 82 83 84 115 116 117 118 119 120 121 122 123 124 125 126 127 128 129 1 2 3 
12 14 28 29 30 31 48 49 50 51 53 54 55 56 84 85 86 87 7 8 9 10 
12 13 19 20 26 27 40 41 42 43 44 45 75 76 77 78 115 116 117 118 119 
12 17 18 24 25 36 37 38 39 69 71 105 106 107 108 109 110 111 
17 18 21 22 23 24 34 35 62 64 65 66 95 96 97 98 99 
15 16 18 23 24 64 65 67 68 69 70 100 101 102 103 104 
15 16 17 23 24 35 65 66 67 68 69 70 100 101 102 103 104 
12 14 20 26 40 41 72 73 74 75 76 113 114 115 
12 14 19 26 27 41 42 43 44 77 115 116 117 118 119 
16 22 23 60 61 62 63 94 95 96 97 
16 21 23 34 60 61 62 63 64 94 95 96 97 
16 17 18 21 62 63 64 65 66 95 96 97 98 99 
15 16 17 18 35 66 67 68 69 70 100 101 102 103 104 
15 36 37 38 39 71 105 106 108 109 110 
12 14 19 27 41 42 76 77 115 116 117 118 
12 14 20 26 42 43 44 45 78 79 119 120 
12 13 46 47 80 81 82 83 124 126 127 128 129 1 2 
12 13 49 50 85 6 7 
13 31 51 53 85 86 8 9 
13 30 53 54 55 87 
33 59 89 32 58 
21 32 34 59 60 61 89 90 91 92 93 
21 22 33 60 61 62 94 
16 17 18 23 65 66 67 68 69 100 101 102 103 
15 25 37 38 105 106 107 108 
15 25 36 39 71 105 106 107 108 110 
15 25 36 37 39 71 106 107 108 109 110 
15 25 37 38 71 109 110 111 112 
12 14 19 72 73 74 75 114 
12 20 42 76 77 115 116 117 
12 14 20 26 27 41 43 77 115 116 117 118 119 
12 14 20 27 42 45 78 79 
12 14 20 43 45 78 79 120 121 
12 14 27 43 44 78 120 121 
12 28 47 80 81 82 83 125 126 127 128 129 1 2 
12 28 46 82 83 127 128 129 1 2 
12 13 29 49 84 4 
12 13 29 48 6 7 
13 29 49 51 52 85 86 
13 29 30 52 85 86 
13 30 50 51 86 9 
30 31 54 55 10 
13 31 53 55 87 10 
53 10 
57 87 88 11 
56 88 
32 59 
32 33 58 89 90 91 92 
21 22 33 61 94 
21 22 33 34 60 94 
16 21 22 23 34 63 94 95 96 97 
16 22 23 62 95 96 97 
17 22 23 65 98 99 
16 17 18 23 35 64 66 98 99 100 
16 17 18 23 24 35 65 100 
17 18 24 35 68 69 101 102 103 
17 24 35 67 69 70 101 102 
15 17 18 24 35 67 68 70 103 104 
17 18 24 68 69 103 104 
15 25 37 39 109 111 112 
19 73 74 113 114 
19 40 72 74 75 113 
40 72 73 75 113 114 
14 19 40 73 114 
12 14 26 41 77 115 
14 20 26 41 42 115 116 117 118 
12 14 27 43 44 45 79 120 121 
12 27 43 44 45 78 120 121 
12 28 45 81 122 123 124 126 127 
12 28 46 80 122 123 124 125 126 128 
12 28 46 83 127 128 129 1 
28 46 47 82 129 1 2 
13 48 4 5 
13 29 30 50 51 52 
13 50 51 52 85 8 9 
31 54 56 11 
57 88 
32 33 90 
32 33 59 89 91 92 
33 59 89 90 92 93 
59 90 93 
33 91 92 
34 60 61 62 
16 21 23 62 63 96 97 
16 21 22 23 62 63 95 97 
16 22 23 62 63 95 96 
16 23 64 65 99 
16 23 64 65 98 
17 18 24 35 65 66 101 
17 18 24 35 67 68 100 102 103 
17 18 24 35 67 68 101 103 
17 18 24 35 67 68 69 70 101 102 
18 24 69 70 
15 37 106 107 
15 25 36 37 38 105 107 108 
15 25 36 37 38 105 106 108 
15 25 36 37 38 106 107 109 
15 25 37 39 71 108 110 
15 25 37 38 39 71 109 
15 71 112 
39 71 111 
19 40 72 74 114 
19 40 73 74 75 113 
12 14 20 26 41 42 76 77 116 
12 14 20 26 41 42 77 117 
12 14 20 26 42 77 116 118 119 
12 14 20 42 77 116 117 119 
12 14 27 117 118 
12 27 44 45 79 121 
44 45 78 120 
12 45 80 81 123 124 
12 81 124 125 
12 28 80 81 122 123 125 126 
12 28 46 80 81 123 124 126 127 128 
12 28 46 81 124 125 127 128 
12 28 46 47 80 81 82 125 126 128 129 
12 28 47 81 82 125 127 129 
12 28 82 83 127 128 

