85 535
2 8 11 12 18 19 20 21 40 41 42 43 44 45 46 74 75 76 
1 3 9 11 12 21 22 45 46 76 77 78 
2 9 23 24 25 47 48 79 80 81 82 83 84 
5 13 14 15 16 26 27 28 50 51 52 53 54 55 56 57 58 
4 6 10 15 16 58 59 60 
5 7 10 30 31 32 33 59 60 
6 30 31 32 33 34 35 36 37 61 62 63 64 
1 17 8 39 40 41 69 70 71 72 73 
2 3 23 47 79 81 
5 59 60 
1 2 12 18 19 20 21 22 44 45 46 76 
1 2 11 21 22 45 46 76 
4 14 27 28 50 51 52 
4 13 26 27 28 50 51 52 53 54 
4 5 16 29 58 
4 5 15 58 
8 38 66 67 68 
1 11 19 20 42 43 44 74 75 
1 11 18 20 21 42 43 44 74 75 
1 11 18 19 42 43 44 74 75 
1 2 12 19 20 44 45 76 
2 11 12 77 78 
3 9 79 80 81 82 
3 25 48 49 85 
24 49 85 
4 13 14 50 26 
4 13 14 28 50 51 52 53 54 55 56 
4 13 14 27 50 51 52 53 54 55 56 57 
4 15 56 57 
6 7 10 31 32 33 34 
6 7 30 32 33 34 
7 30 31 33 34 
31 32 
7 30 31 32 33 61 
7 36 37 38 63 64 65 
7 35 37 38 65 
7 35 36 38 65 66 67 
17 35 36 37 65 66 67 68 
8 69 70 71 73 
1 8 41 
1 8 40 
1 18 19 20 43 44 74 75 
18 19 20 42 74 75 
1 11 18 19 20 21 42 43 75 
1 11 12 21 76 
1 2 11 76 
9 23 80 
3 83 84 
24 85 
4 13 14 26 28 51 52 
4 13 14 27 28 52 53 54 55 
4 13 14 27 28 50 51 53 54 55 56 
4 14 27 28 51 52 54 56 57 
4 14 27 28 51 52 53 55 56 57 
4 28 53 54 57 
27 28 29 52 54 55 57 
28 29 53 54 56 
4 5 15 16 
6 10 60 
5 6 10 59 
7 34 62 63 
7 61 63 64 
7 61 62 64 
7 35 62 
35 36 37 38 66 67 
17 36 37 38 65 67 68 
17 37 38 65 66 68 
17 38 66 
8 39 70 71 
8 39 69 72 73 
8 39 69 70 72 73 
8 39 70 71 73 
8 39 70 71 72 
1 18 19 20 42 43 75 
1 18 19 20 42 43 44 74 
1 2 11 21 46 
2 22 78 
2 22 
23 47 80 
3 9 23 47 79 
3 9 82 
3 9 23 81 
3 48 
3 48 83 
25 49 

