25 188
2 10 11 12 13 21 22 23 24 25 3 4 5 6 7 8 9 14 
1 10 12 13 21 22 23 24 25 3 4 5 6 7 8 9 
1 2 10 11 12 21 4 5 
1 2 11 12 21 3 5 6 
1 2 11 12 21 3 4 6 
1 2 12 21 4 5 
1 2 12 13 24 25 8 
1 2 13 22 23 24 25 7 
1 2 13 22 23 24 
1 11 12 21 3 10 
1 2 10 12 21 3 4 5 
1 10 11 13 21 22 23 25 3 4 5 6 7 
1 2 12 22 23 24 25 7 8 
1 15 17 
14 17 16 
15 17 19 18 
17 16 19 18 
16 17 19 20 
16 18 20 
19 18 
1 2 10 11 12 3 4 5 6 
1 2 12 13 23 24 7 9 
1 2 12 13 22 24 25 7 8 9 
2 13 22 23 25 7 8 9 
1 2 12 13 22 23 24 7 8 

