38 234
20 21 2 12 
20 1 12 
15 20 21 12 13 
15 22 3 14 
15 16 22 23 30 31 
16 17 32 33 
18 24 25 26 8 9 34 
18 25 26 27 7 35 
18 25 26 27 7 8 35 
18 19 26 27 28 11 36 37 38 
19 28 37 38 
20 21 1 2 3 13 
15 12 
15 22 
16 17 20 21 22 23 3 4 5 13 14 29 30 31 
15 17 22 23 24 5 6 30 31 32 33 34 
15 16 18 24 25 6 7 32 33 34 
17 19 25 26 27 7 8 9 10 35 36 
18 26 27 28 10 11 36 37 38 
15 21 1 3 12 
15 20 1 2 3 12 13 
15 16 23 4 5 22 14 29 
15 16 22 5 29 31 
16 17 6 7 32 33 34 
17 18 24 26 27 7 8 9 35 
18 19 25 27 7 8 9 10 35 36 
18 19 25 26 9 10 35 36 
19 10 28 
15 22 23 5 
15 16 23 
15 23 5 30 
16 17 24 6 33 
16 24 6 32 
16 17 24 
18 25 26 27 8 9 36 
18 19 26 27 10 35 
19 28 10 11 38 
19 28 10 11 37 

