39 299
3 8 9 10 26 27 
3 4 6 31 32 28 
4 5 6 7 8 9 10 11 31 32 1 2 24 25 26 27 28 
3 6 8 9 10 11 31 32 2 28 36 35 
3 7 9 34 29 33 30 37 38 13 14 15 16 17 18 19 
3 4 8 11 31 32 2 28 36 35 
3 5 8 9 29 33 30 37 38 39 14 15 16 17 18 19 20 21 
3 4 6 7 9 10 31 1 24 25 26 27 
3 4 5 7 8 10 29 33 30 38 39 1 21 22 23 24 25 26 
3 4 8 9 31 1 24 25 26 27 
3 4 6 35 
34 12 
5 37 
5 7 29 37 15 16 17 18 
5 7 29 14 16 17 18 
5 7 29 14 17 18 
5 7 29 33 14 15 16 18 
5 7 29 33 30 38 14 15 16 17 
5 7 29 30 38 18 20 
7 29 33 30 38 19 
7 9 33 30 38 39 20 22 
9 39 21 23 
9 39 22 24 
3 8 10 23 25 
3 8 9 10 26 
3 9 10 1 25 
3 10 1 
3 4 6 32 2 
5 7 9 33 30 38 14 16 17 18 19 20 
5 7 9 29 33 38 39 18 19 20 21 
3 4 6 8 10 2 
3 4 6 2 28 36 
5 7 9 29 30 38 17 18 19 20 21 
5 12 
4 6 11 
4 6 35 
7 13 14 
5 7 9 33 30 39 18 19 20 21 
7 9 33 30 38 21 22 23 

