65 385
42 65 33 35 2 
42 65 59 33 35 1 
47 48 14 
5 9 20 21 36 37 49 50 13 8 
4 9 20 21 36 37 38 49 50 51 8 11 15 16 31 
10 25 40 46 54 55 56 57 27 28 
26 44 45 60 61 62 63 64 7 29 30 
4 5 9 21 36 37 50 12 11 
4 5 20 21 36 37 49 50 12 
6 24 40 52 53 54 19 
5 21 37 50 8 12 
5 9 21 37 50 11 
4 3 14 
48 3 13 
5 51 16 
5 38 51 15 31 
22 23 24 52 39 19 
22 23 24 52 17 19 
10 22 23 24 52 17 
4 5 9 21 37 49 
4 5 9 20 37 49 50 8 12 11 
10 23 24 39 52 17 19 
10 40 52 53 17 18 19 
10 22 23 40 52 17 18 19 
6 42 56 57 65 28 58 32 
7 43 44 60 61 62 29 
6 46 55 
6 25 56 28 57 
7 26 44 45 62 
7 45 63 64 
5 38 51 16 
25 42 57 65 58 33 34 35 
42 65 32 34 35 1 2 
42 65 32 33 35 
65 32 33 34 1 2 
4 5 9 20 21 37 49 50 8 
4 5 9 20 21 36 50 8 12 11 
5 39 51 16 31 41 
22 38 41 39 
6 10 24 53 54 
38 39 41 
6 25 57 65 59 58 32 33 34 1 
26 44 59 60 61 
7 26 43 60 61 62 29 
7 63 64 29 30 
6 54 55 27 
48 3 
47 3 14 
4 5 9 20 
4 5 21 36 37 8 12 11 
5 38 15 16 31 
10 22 23 24 39 17 18 19 
23 24 40 
6 10 46 
6 46 54 27 
25 28 
6 25 42 28 58 32 
25 57 32 
42 43 65 2 
7 26 43 44 61 62 
7 26 43 44 60 62 
7 26 44 60 61 29 
7 64 30 
7 45 63 
25 42 59 32 33 34 35 1 2 

