61 396
35 41 
35 42 43 44 23 3 
35 42 43 2 
35 36 44 23 25 5 
35 36 25 4 
36 30 29 
24 8 39 
24 37 40 7 9 10 45 
37 40 8 10 11 12 45 46 
24 37 40 8 9 11 12 46 47 
24 37 40 9 10 12 45 46 47 
24 37 9 10 11 46 47 48 49 
24 37 14 48 49 51 52 
24 13 52 53 
24 38 16 17 54 55 
31 38 15 17 19 54 55 
38 15 16 19 54 55 
27 30 29 6 18 
31 38 16 17 
19 56 
31 32 28 56 
32 33 34 57 58 59 
35 36 41 42 43 44 2 3 4 
31 32 37 38 39 40 7 8 9 10 11 12 13 14 15 45 46 48 49 50 51 52 53 
35 44 26 4 
36 25 4 5 
18 6 
31 32 21 
27 36 30 6 
27 29 6 
32 33 34 38 16 19 20 21 28 56 57 
24 31 33 34 35 41 21 28 22 57 58 59 60 61 
31 32 34 35 41 22 58 59 60 61 
31 32 33 35 41 22 58 59 60 61 
32 33 34 36 41 42 43 44 23 25 1 2 3 4 5 
18 27 35 42 43 44 23 25 26 4 5 6 
24 8 9 10 11 12 13 45 46 47 48 49 50 
24 31 15 16 17 19 54 55 
24 39 
24 37 8 9 12 45 46 47 48 49 50 
32 33 35 42 43 44 23 1 
35 36 43 44 1 2 
35 36 41 42 23 2 3 
35 41 43 23 2 3 4 
24 37 40 8 9 10 11 46 47 
24 37 40 9 10 11 12 45 47 
24 37 40 9 10 11 12 45 46 
24 37 12 13 49 50 51 
37 40 12 13 51 
24 37 40 13 48 49 51 
24 13 48 49 
24 13 14 
24 14 52 
38 15 16 17 55 
38 15 16 17 54 
31 20 21 
31 21 28 22 
32 33 34 22 59 
32 33 34 22 58 
33 34 61 
32 33 34 

