90 631
2 6 10 17 19 20 21 22 41 42 43 44 45 46 47 48 83 84 85 86 87 88 89 90 
1 4 5 6 15 16 17 18 19 20 21 40 41 42 43 44 75 76 77 78 79 80 81 82 83 84 85 86 
8 11 12 26 27 28 54 55 56 57 58 59 
2 5 7 14 33 34 35 36 37 38 64 66 67 68 69 70 71 
2 4 7 14 15 16 35 36 37 38 39 69 70 71 72 5 
1 2 10 19 20 21 43 44 45 46 47 48 87 88 89 90 
4 5 8 9 13 32 33 34 35 36 64 65 66 67 68 7 
3 7 9 12 13 27 28 29 30 31 32 60 61 62 
7 8 12 13 29 30 31 60 61 62 63 
1 6 22 47 48 90 10 
3 23 24 25 49 50 51 52 53 
3 8 9 13 27 28 29 30 31 59 60 61 
7 8 9 12 31 32 61 62 63 
4 5 15 16 38 39 72 
2 5 14 16 39 73 74 
2 5 14 15 39 73 74 
1 2 18 40 75 76 77 78 79 80 
2 17 40 75 76 77 78 79 80 
1 2 6 20 41 42 43 44 83 84 85 86 
1 2 19 21 42 43 44 45 85 
1 6 20 22 45 46 88 89 
1 6 10 21 46 47 48 88 89 
25 23 49 50 
11 23 25 49 50 51 52 53 
11 24 49 50 52 53 
3 54 55 56 57 
3 8 12 28 29 30 59 60 
3 27 29 30 59 60 
8 9 12 27 28 30 60 
8 9 12 27 28 29 31 60 
8 30 60 61 62 
9 13 63 
4 7 34 35 66 67 68 
7 33 66 67 
4 5 7 33 36 67 68 
5 7 69 
4 5 38 69 70 
4 5 14 70 71 
14 16 73 74 
2 17 18 75 77 78 79 80 
1 19 80 81 82 
2 19 20 43 44 84 85 86 
1 2 6 19 20 44 45 86 87 
1 2 6 19 20 42 43 45 86 87 
1 6 20 21 43 44 46 87 
1 6 21 88 
1 10 48 90 
6 10 22 47 90 
11 23 24 25 50 51 52 53 
11 23 24 25 49 52 53 
11 24 25 49 50 52 
11 24 25 49 50 51 53 
25 50 51 
3 26 55 56 
3 26 54 56 
3 26 54 55 57 58 
26 56 58 
3 26 56 57 
3 12 27 28 29 
8 9 27 29 30 
12 13 31 62 
8 9 13 31 32 63 
13 32 62 
4 65 
7 64 
4 7 33 34 67 
7 33 34 35 66 68 
4 7 33 34 36 
4 5 35 36 37 
4 38 
4 5 37 38 
5 14 
15 16 39 74 
16 73 
2 17 18 40 76 
2 17 18 40 75 77 
2 17 18 40 78 
2 17 18 40 77 79 80 81 
2 17 18 40 78 80 81 82 
2 17 18 41 78 79 81 82 
2 41 78 79 80 
2 79 80 81 
1 2 19 41 84 
1 2 19 42 83 
1 2 19 20 42 84 86 
1 20 42 43 44 85 
1 6 20 43 44 
1 6 21 22 46 89 
1 6 21 22 88 
1 10 47 48 

