110 704
3 4 5 8 16 17 18 19 20 21 41 42 43 44 45 46 72 73 74 75 76 77 
6 7 9 26 27 28 29 54 55 56 89 90 91 92 93 94 95 96 2 
1 4 9 21 22 23 47 48 49 50 51 79 80 81 82 83 
1 3 9 21 22 23 47 48 49 50 51 52 79 80 81 82 83 
1 15 36 37 38 39 65 66 67 68 69 70 71 
2 26 27 28 29 54 55 56 89 90 91 92 93 94 95 96 
2 11 12 13 30 31 32 57 99 100 101 102 103 
1 16 17 18 19 41 42 72 
2 3 4 10 23 24 25 52 53 84 85 86 87 
9 23 24 25 53 86 87 88 
12 13 30 31 32 57 101 102 103 
7 11 13 30 31 32 57 102 103 
7 11 12 57 58 59 102 103 104 105 
15 34 62 
5 34 35 61 62 63 64 65 
1 8 17 39 40 42 
1 8 42 72 
1 8 19 20 43 72 73 74 
1 8 18 20 72 74 
1 18 19 43 44 45 73 74 75 76 
1 3 4 46 47 48 77 78 
4 48 49 50 51 80 81 
3 4 9 10 24 25 84 85 86 87 
9 10 23 52 84 85 86 87 
9 10 23 24 86 87 88 
2 6 27 54 55 89 90 91 
2 6 26 54 55 56 89 90 91 
2 6 29 56 92 93 94 95 96 97 98 
2 6 28 30 94 96 97 98 
7 11 12 29 31 32 99 100 101 
7 11 12 30 32 100 101 
7 11 12 30 31 57 102 103 
13 58 60 104 105 106 
14 15 35 61 62 63 64 
5 15 34 64 66 
5 37 38 65 66 67 68 69 
5 36 38 67 68 69 
5 37 69 
5 16 40 71 
16 39 41 
1 8 16 17 40 
1 8 16 17 72 
1 19 20 44 45 74 75 76 
1 20 45 75 76 
1 20 43 44 46 75 76 77 
1 21 45 77 78 
3 4 21 48 79 80 
3 4 21 22 47 49 50 79 80 
3 4 22 48 50 79 80 81 
3 4 22 48 49 80 81 
3 4 22 82 
4 9 23 24 83 84 85 
9 25 87 
2 26 27 55 
6 26 54 89 90 
2 6 27 28 91 92 93 
7 11 12 13 32 58 103 
13 59 105 
13 33 58 105 
107 108 109 33 106 
14 15 34 
14 15 34 61 63 
15 34 62 64 
34 35 63 
5 15 35 36 67 
5 35 36 65 67 
5 36 37 38 65 66 68 
5 36 37 38 67 69 
5 36 37 68 
5 71 
39 70 
1 8 17 19 42 
1 18 19 20 74 
1 18 19 20 43 73 
1 20 43 44 45 76 
1 20 43 45 
1 21 45 46 78 
21 46 77 
3 4 21 47 48 49 80 
3 4 22 47 49 50 79 81 
3 4 22 49 50 80 
3 4 51 83 
3 4 52 82 
24 85 
9 23 24 52 84 
9 10 23 24 25 85 87 
9 10 23 24 86 
9 10 25 88 
2 26 27 54 90 
2 26 27 55 89 
2 6 26 27 
2 6 28 56 
2 6 28 56 92 
2 6 28 29 96 97 
2 6 28 94 97 
2 28 29 94 95 97 
28 29 94 95 96 98 
28 29 97 
31 101 
7 30 31 99 101 
7 30 31 99 100 
11 12 13 32 57 103 
7 11 12 13 32 57 102 
13 33 58 59 105 
13 58 104 
108 33 60 
108 109 110 60 106 
109 110 106 
107 108 
107 109 

