46 471
13 14 15 17 20 21 2 31 32 
13 14 15 17 20 21 3 33 
13 14 15 17 20 21 22 23 2 4 34 35 
13 15 20 21 22 24 25 3 5 34 35 
22 23 24 25 4 36 
24 25 26 27 7 8 9 10 36 37 
24 25 26 27 6 8 9 10 36 37 
24 25 27 6 7 9 10 37 
24 25 26 27 28 6 7 8 10 37 
24 25 26 27 28 6 7 8 9 11 
27 10 12 38 
28 11 38 
14 15 16 17 18 19 20 21 22 23 42 43 44 45 46 1 2 3 4 31 32 33 34 35 
13 15 16 17 18 19 20 21 22 42 43 44 45 46 1 2 3 31 32 33 
13 14 16 17 20 21 22 23 46 1 2 3 4 31 32 33 34 35 
13 14 15 17 18 19 39 40 41 42 43 44 45 46 29 30 31 
14 15 16 20 21 22 46 1 2 3 31 32 33 
13 14 16 19 39 40 41 42 43 44 45 29 30 
13 14 16 18 39 40 42 43 44 45 30 
13 14 17 21 22 23 1 2 3 4 33 34 35 
13 14 15 17 20 22 23 2 3 4 34 
13 14 15 17 20 21 23 24 3 4 5 34 35 
15 20 21 22 24 3 4 5 34 35 
22 23 25 26 27 4 5 7 8 9 36 37 
24 26 27 4 5 6 7 8 9 10 36 37 
24 25 28 6 7 8 9 10 36 37 
24 25 26 28 6 7 8 9 10 11 37 38 
27 9 10 11 12 38 
16 18 19 39 40 41 42 30 
16 18 40 41 42 29 
13 14 15 16 43 44 45 46 1 32 33 
13 14 15 17 46 1 31 33 
13 14 15 17 20 46 1 2 31 32 
13 15 20 21 22 23 3 4 35 
13 15 20 21 22 23 3 4 34 
24 25 26 5 6 7 37 
25 26 27 6 7 8 9 36 
27 28 11 12 
16 18 19 40 41 42 29 30 39 
16 18 19 41 42 29 30 
16 18 19 39 40 42 29 30 
13 14 16 18 19 39 40 41 43 44 29 30 
13 14 16 18 19 42 44 45 46 31 
13 14 16 18 19 45 46 31 
13 14 16 18 19 43 44 46 31 
13 14 15 16 17 43 44 45 1 31 32 33 

