43 314
2 3 7 8 32 9 33 34 35 10 11 12 13 14 15 16 17 18 19 
1 3 4 5 6 33 34 35 37 38 19 20 21 
1 2 4 5 35 36 37 19 
2 5 6 36 37 
2 3 4 6 37 38 20 21 22 
2 4 5 36 37 20 21 22 23 
1 8 32 9 10 11 12 13 14 15 16 17 
1 7 32 9 11 12 13 14 15 16 17 
1 7 8 32 17 18 
1 7 11 
1 7 8 10 12 13 14 15 16 17 
1 7 8 11 13 14 15 16 17 
1 7 32 11 12 15 16 17 
1 7 8 32 11 13 16 17 
1 7 8 32 9 11 12 13 14 16 17 
1 7 8 32 9 11 12 13 14 15 17 
1 7 8 9 11 12 14 15 16 
1 32 9 33 
1 2 3 35 
2 4 5 6 36 38 21 22 
2 5 6 36 37 38 22 
5 6 36 38 20 21 
6 38 39 24 25 26 
39 40 23 25 26 27 
39 40 23 24 26 27 
39 40 23 24 25 27 
39 40 24 25 26 28 29 
41 27 29 
39 40 42 43 27 28 30 
41 29 31 
41 30 
1 7 8 9 13 14 15 16 17 18 
1 2 34 18 
1 2 33 19 
1 3 
2 3 4 5 6 37 38 21 22 
2 4 5 6 36 38 20 21 22 
2 5 6 36 37 20 21 22 23 
40 23 24 25 26 27 28 
39 41 42 24 26 27 28 29 
40 42 43 28 29 30 31 
40 41 29 30 
41 42 29 30 31 

