71 501
20 39 40 71 2 3 
20 39 40 71 1 35 3 
20 39 40 71 1 35 2 
20 24 42 43 5 51 52 17 
24 31 43 44 4 50 7 
20 42 47 48 
24 31 43 44 45 5 50 16 
31 45 46 9 10 11 16 15 
31 45 8 11 12 15 14 13 
31 45 46 8 9 11 12 15 13 
31 45 46 8 9 10 12 14 13 
46 9 10 11 14 13 
46 9 10 11 12 14 
46 9 10 11 13 
31 45 46 8 9 10 
31 44 45 7 8 
24 43 4 5 50 
20 23 27 29 36 37 38 64 65 66 26 68 69 70 55 56 57 58 59 60 61 67 19 21 22 25 30 32 
18 23 65 66 60 61 67 
18 24 39 40 41 42 71 1 6 47 4 35 2 3 48 49 
18 23 65 66 26 22 25 
18 23 65 26 21 25 
18 36 37 64 65 66 26 55 57 58 59 61 67 19 21 22 25 30 
31 41 42 43 44 45 47 4 5 50 7 49 51 52 17 
18 23 26 21 
18 23 21 22 25 30 32 
18 28 29 62 27 
27 29 62 63 53 54 
27 28 36 62 63 53 54 
18 23 26 32 
24 43 44 45 46 5 50 7 8 9 10 11 16 15 
18 26 68 30 
38 70 34 
39 40 33 35 
20 39 40 71 34 2 3 
18 23 29 63 64 55 56 57 58 
68 69 70 32 
37 39 68 69 70 33 
20 38 40 71 1 33 34 35 2 3 
20 71 1 34 35 2 3 
20 24 42 
20 24 41 47 4 48 51 
24 31 44 45 4 5 50 7 17 
24 31 43 45 5 50 7 16 
24 31 43 44 46 7 8 9 10 11 16 15 
31 45 8 9 10 11 12 15 14 13 
20 24 41 42 48 
6 48 
20 24 47 51 
24 43 44 5 7 17 
24 4 49 52 
24 4 51 
27 29 62 63 54 
28 29 62 53 
18 23 36 64 57 58 
18 36 64 58 
23 36 64 55 56 58 59 
18 23 36 64 55 56 57 59 
18 64 65 57 58 60 
18 64 65 66 59 61 67 19 
18 23 66 59 60 67 19 
27 28 29 63 53 54 
28 29 36 62 54 
18 23 36 65 55 56 57 58 59 60 
18 23 64 66 59 60 61 67 19 22 
18 23 65 60 61 21 
18 23 66 60 19 
18 37 38 69 32 
18 37 38 68 70 
18 37 38 69 
39 40 1 2 3 

