62 388
2 3 7 11 12 13 14 49 50 51 20 21 22 23 24 26 27 28 
1 3 7 8 14 15 51 52 53 27 28 29 30 
1 2 4 8 10 15 16 52 54 30 31 
3 5 8 9 10 17 18 19 56 57 58 59 60 34 35 36 38 39 
4 19 60 61 39 40 41 42 
47 43 6 
1 2 49 50 20 23 24 25 26 
2 3 4 9 10 16 17 54 55 31 32 
3 4 8 10 16 17 54 55 31 32 33 
3 4 8 16 17 18 54 55 56 32 33 34 
1 12 47 48 45 
11 13 48 44 46 45 
1 11 12 48 44 46 45 
1 2 51 52 27 28 29 
2 3 53 30 
3 8 9 10 54 31 
3 4 8 9 18 54 55 56 57 32 33 34 35 
4 10 17 56 57 58 34 35 36 37 
4 5 59 60 38 39 40 
1 49 21 
1 7 49 50 20 23 
1 49 50 21 23 
1 7 49 50 21 22 
1 7 25 26 
1 7 24 26 
7 24 25 
1 2 14 
1 2 14 
2 14 51 52 
3 15 53 
3 8 9 16 
9 10 17 54 55 56 33 
9 10 17 54 55 56 32 
4 10 17 18 56 57 35 
4 17 18 56 57 34 
4 18 58 59 37 
4 18 36 
4 19 59 
4 5 19 60 40 
5 19 60 39 41 42 
5 40 42 
5 40 41 42 
6 47 62 
11 12 13 48 46 
11 12 13 46 
11 12 13 48 44 45 
6 11 48 62 43 
11 12 13 47 44 46 
1 7 50 21 22 23 
1 7 49 21 22 23 
1 2 14 29 
2 14 15 51 53 29 
2 3 15 52 30 
3 8 9 10 16 17 55 32 33 
8 10 17 56 32 
10 18 55 57 32 35 
4 10 17 18 56 58 34 35 
4 18 57 59 36 37 
4 19 58 36 37 38 
5 19 39 40 
5 61 
6 47 43 

