44 246
2 10 20 26 27 29 40 41 42 43 23 24 30 31 32 33 1 
8 9 10 25 35 36 37 3 4 6 2 7 34 18 19 11 12 
2 35 36 4 5 6 
2 35 36 3 5 6 
35 36 3 4 6 
2 35 36 3 4 5 
25 34 
2 9 10 25 37 38 19 11 12 13 
2 8 10 37 38 11 12 13 14 
1 2 8 9 37 39 14 15 16 17 
2 8 9 37 12 
2 8 9 37 11 
8 9 37 38 
9 10 38 15 16 17 
10 39 14 17 
10 39 15 17 
10 14 15 16 
2 25 7 34 19 
2 8 7 34 
1 20 
26 27 40 41 22 23 
26 27 40 41 21 
1 26 27 40 41 21 22 24 
1 28 41 
2 8 35 36 7 34 
27 40 44 21 22 23 
1 26 40 21 
29 42 24 
28 42 
1 43 31 
1 43 30 32 
43 30 31 
1 33 
2 25 7 18 19 
2 25 3 4 5 6 
2 25 35 3 4 5 6 
2 8 9 10 38 11 12 13 
8 9 10 13 
10 14 15 16 17 
1 26 27 41 21 22 23 
1 26 27 28 40 21 22 23 24 
1 28 29 
1 30 31 32 
26 44 

