59 347
24 58 29 17 
25 34 3 31 32 33 14 18 
25 34 2 31 32 33 14 18 
25 45 
20 35 36 6 7 38 
20 35 5 7 38 
20 8 38 
20 21 35 36 7 9 10 
20 36 8 10 
20 21 36 8 9 
37 47 42 
19 39 42 43 44 48 
19 27 39 40 15 51 50 52 53 
34 2 3 33 18 
19 27 28 40 22 13 52 53 54 55 
24 29 17 
1 16 
25 34 2 3 
27 28 39 40 22 23 12 13 15 42 43 44 48 49 51 50 52 53 54 55 
21 25 26 35 36 5 6 7 9 10 38 
20 26 35 36 7 8 10 41 
19 27 28 40 13 15 50 52 53 54 
19 27 28 24 56 57 58 59 
58 59 1 29 17 16 
20 34 2 3 4 18 45 
20 21 37 41 26 
19 28 40 22 23 13 15 50 52 53 55 
19 27 40 22 23 15 53 54 55 
24 1 17 16 
30 31 
2 30 32 
2 31 
34 3 18 
25 2 3 31 32 33 18 45 
20 21 25 36 5 6 7 8 38 
20 21 35 5 6 7 8 9 10 38 
26 46 11 47 
20 35 36 5 6 7 
27 40 12 13 43 44 48 49 51 50 
19 27 28 39 22 13 15 51 50 52 53 54 
21 26 
19 11 43 
19 39 42 44 48 
19 39 12 43 48 49 
25 34 4 
37 11 47 
37 46 11 
12 43 44 49 
19 39 48 51 
19 27 39 40 13 15 51 52 53 
19 39 40 13 50 
19 40 22 13 15 50 53 
19 27 28 40 13 15 50 52 
19 27 28 22 15 53 55 
19 27 28 22 54 
23 57 
23 56 58 
24 57 59 1 
23 24 

