61 454
22 23 2 18 19 20 
22 52 1 20 21 
12 14 16 17 25 34 35 
12 13 16 17 26 27 55 5 6 36 37 38 
13 17 27 55 6 39 
13 17 27 55 5 39 40 
13 15 28 29 56 8 43 44 
13 15 29 56 7 43 44 
30 47 48 49 50 
12 53 11 
12 53 
13 14 15 16 17 24 25 26 27 53 54 55 3 4 10 11 12 31 32 33 34 35 
12 14 15 16 17 25 26 27 28 29 30 55 56 4 5 6 7 8 36 37 38 39 40 41 42 43 
12 13 16 17 25 26 53 54 55 3 31 32 33 34 35 
12 13 16 17 27 28 29 30 56 7 8 39 40 41 42 43 44 45 46 
12 13 14 15 17 25 26 27 54 55 3 4 34 35 36 37 
12 13 15 16 25 26 27 55 3 4 5 6 36 37 38 
22 1 19 
1 18 
22 1 21 
22 23 52 2 20 57 
23 24 52 1 2 18 19 20 21 57 58 
22 24 52 1 2 20 21 57 58 
12 22 23 52 53 59 60 61 24 
12 13 14 16 17 26 54 3 32 33 34 35 
12 13 14 16 17 27 55 3 4 34 35 36 37 38 
12 13 15 16 17 26 55 56 4 5 6 39 40 
13 15 29 30 56 7 8 43 44 45 46 
13 15 28 30 7 8 43 44 45 46 
13 28 29 45 46 47 
12 14 54 
12 14 25 54 33 
12 14 25 54 32 
14 16 26 3 35 
12 14 16 17 25 26 3 34 
13 16 26 55 4 37 38 
13 16 17 26 55 4 36 38 
13 26 27 55 5 36 37 
15 27 5 6 40 
13 15 27 6 39 
13 15 56 42 
13 15 56 41 
13 15 28 29 56 7 8 44 
15 28 29 7 8 43 45 
15 28 29 30 44 46 
15 28 30 45 
30 9 
9 47 49 50 51 
9 48 50 
9 48 49 51 
48 49 50 
22 23 24 2 57 58 59 60 61 
12 14 24 10 11 
12 14 16 25 31 32 
12 13 14 16 17 26 27 4 6 36 37 38 
13 15 27 28 7 8 41 42 43 
52 21 58 
22 52 57 
24 60 61 
52 59 61 
24 52 59 

