523 4686
2 3 4 5 6 7 8 9 10 12 17 18 29 47 381 397 427 454 1 
1 2 
1 6 7 
1 8 
1 5 
1 3 7 
1 3 6 
1 4 
10 11 12 13 15 18 19 20 29 
9 11 20 
9 10 13 
9 14 16 12 
9 11 15 
12 16 
9 13 
12 14 
1 9 10 11 12 13 14 15 18 19 20 17 21 22 23 24 25 26 27 29 30 31 32 33 34 47 48 49 51 381 397 427 
9 10 11 12 13 15 17 19 20 27 29 31 32 34 47 49 
17 18 20 21 23 
17 18 19 26 27 
17 19 
17 22 
17 19 
17 25 
17 24 
17 20 
17 18 20 
1 9 10 11 12 13 17 18 19 20 21 22 23 29 30 31 32 33 34 35 36 37 38 39 40 41 42 43 44 45 46 47 48 49 50 51 52 53 55 59 60 61 62 63 65 84 103 104 125 158 203 214 261 300 329 375 381 396 397 426 427 428 429 454 476 496 511 
9 10 18 19 20 17 21 28 30 31 32 33 34 42 43 44 45 46 47 49 
28 29 31 32 33 35 36 37 38 39 
28 29 30 32 33 35 36 39 
28 29 30 31 33 34 40 41 42 
28 29 30 31 32 
28 29 32 46 
28 30 31 38 
28 30 31 39 
28 30 
28 30 35 
28 30 31 36 
28 32 
28 32 
28 29 32 
28 29 44 
28 29 43 
28 29 
28 29 34 
18 29 48 49 50 51 52 53 54 55 56 57 58 47 
47 49 50 51 54 57 58 
47 48 51 52 53 55 59 60 61 62 63 
47 48 57 
47 48 49 52 53 55 59 60 61 62 63 
47 49 51 53 55 60 61 62 63 
47 49 51 52 55 61 62 63 
47 48 56 
47 49 51 52 53 59 
47 54 
47 48 50 
47 48 
49 51 55 
49 51 52 
49 51 52 53 62 
49 51 52 53 61 
49 51 52 53 
1 2 3 4 9 10 11 12 13 14 17 18 19 20 21 28 29 30 31 32 33 34 35 36 40 42 46 47 48 49 50 51 52 53 54 55 56 57 59 60 61 63 65 66 67 68 69 70 71 72 73 74 75 76 77 78 79 80 81 82 83 84 85 86 87 88 89 90 91 92 93 94 95 96 97 98 99 100 101 102 103 104 105 106 107 108 109 110 111 112 113 114 115 116 117 118 119 120 125 126 127 129 130 131 132 133 134 135 143 144 145 146 147 157 158 159 160 161 162 163 165 167 168 172 173 174 175 176 177 178 179 189 190 191 192 193 194 195 196 203 204 205 206 207 214 215 216 220 221 222 223 229 230 231 232 233 234 235 236 251 252 253 261 262 263 264 277 278 279 280 281 292 293 300 301 313 314 315 329 330 331 332 341 342 343 344 345 346 355 356 357 358 359 375 381 382 383 384 385 386 396 397 398 399 400 401 402 412 413 414 415 416 424 425 426 427 428 429 430 431 445 446 447 453 454 455 456 457 463 464 465 476 477 478 479 480 481 496 497 498 499 500 501 504 511 512 513 514 515 516 64 
64 66 67 69 70 71 72 73 74 75 80 81 82 83 84 89 104 
64 65 68 69 77 78 79 89 94 
64 65 73 74 75 
64 66 76 94 
64 65 66 79 
64 65 71 
64 65 70 
64 65 
64 65 67 74 82 83 
64 65 67 73 83 
64 65 67 
64 68 
64 66 
64 66 
64 66 69 
64 65 81 
64 65 80 
64 65 73 
64 65 73 74 
65 66 67 68 69 70 64 76 77 78 85 86 87 88 89 92 93 94 84 100 101 102 104 107 
84 90 95 96 
84 87 88 91 92 97 98 99 
84 86 88 91 97 98 
84 86 87 92 93 97 98 99 
84 94 100 
85 95 96 
86 87 91 
84 86 88 93 99 
84 88 92 
68 84 89 101 102 
85 90 96 
85 90 95 
86 87 88 
86 87 88 
86 88 92 
84 89 
84 94 
84 94 
1 17 65 66 67 84 85 86 87 88 89 90 91 92 104 105 106 107 108 109 110 111 112 113 114 115 125 158 381 396 426 427 511 
65 84 103 105 106 107 108 109 110 111 112 
103 104 106 108 112 
103 104 105 108 112 
103 104 113 114 115 107 
103 104 105 106 
103 104 
103 104 
103 104 
103 104 105 106 
103 107 
103 107 
103 107 
117 118 119 121 122 126 127 131 135 142 158 
116 118 119 120 123 126 135 158 
116 117 123 
116 117 
117 120 
116 122 
116 121 
117 118 
1 2 9 10 11 12 13 14 17 18 19 20 28 29 30 31 32 33 34 47 48 49 50 51 52 53 55 64 65 66 67 68 69 70 71 72 73 74 75 79 80 84 85 86 87 88 89 90 91 92 93 94 97 100 101 103 104 105 106 107 108 109 110 111 112 113 114 116 117 118 119 120 121 122 123 125 126 127 128 129 130 131 132 133 134 135 136 137 138 139 140 141 142 143 144 145 146 147 148 149 150 151 152 153 154 155 156 157 158 159 160 161 162 163 164 165 166 167 168 169 170 171 172 173 174 175 176 177 178 179 180 181 182 183 184 185 186 187 188 189 190 191 192 193 194 195 196 197 198 199 200 201 202 203 204 205 206 207 208 209 210 211 212 213 214 215 216 217 218 219 220 221 222 223 224 225 229 230 231 232 233 234 235 236 237 238 239 240 241 242 243 244 245 247 250 251 252 253 254 255 256 258 261 262 263 264 265 266 267 272 276 277 278 279 280 281 282 283 284 285 286 287 288 290 292 293 294 295 296 297 298 300 301 302 303 304 305 313 314 315 316 317 318 319 329 330 331 332 333 334 341 342 343 344 345 346 347 349 350 355 356 357 358 359 360 363 364 365 375 376 381 382 383 384 385 386 387 396 397 398 399 400 401 402 404 406 407 412 413 414 415 416 424 425 426 427 428 429 430 431 432 434 435 436 445 446 447 448 453 454 455 456 457 463 464 465 466 467 476 477 478 479 480 481 483 496 497 498 499 500 501 504 511 512 513 514 515 516 517 124 
116 117 124 126 127 128 129 130 131 132 133 136 137 138 139 143 144 145 146 147 156 157 158 159 172 175 189 203 
124 125 127 128 129 130 137 138 143 144 145 
124 125 126 129 130 137 138 143 144 
124 125 126 136 
124 125 126 127 
124 125 126 127 138 
124 125 132 133 
124 125 131 133 
124 125 131 132 134 140 141 
124 133 
124 142 
124 125 128 
124 125 126 127 
124 125 126 127 130 
124 125 
124 133 141 
124 133 140 
124 135 
126 127 144 143 145 146 147 148 149 151 152 153 154 155 159 
126 127 143 145 146 152 156 159 
143 144 146 152 155 156 
143 144 145 156 
143 148 149 150 
143 147 151 
143 147 150 
147 149 
143 148 
143 144 145 153 
143 152 154 155 
143 153 155 
143 145 153 154 
144 145 146 
143 158 159 160 161 162 163 164 165 166 167 169 172 173 174 175 176 188 189 
116 117 126 127 143 144 145 146 147 157 159 160 161 162 163 165 166 167 168 170 172 173 174 175 176 189 
143 144 157 158 161 162 163 167 168 175 
157 158 164 160 176 188 
157 158 159 162 165 169 176 
157 158 159 161 163 167 170 171 
157 158 159 162 167 170 171 
157 160 
157 158 161 166 
157 158 165 
157 158 159 162 163 
158 159 
157 161 
158 162 163 171 
162 163 170 
157 158 173 174 175 176 177 178 179 180 181 185 189 190 191 193 194 195 196 204 
172 174 175 177 178 179 180 185 190 195 
172 173 175 176 177 178 179 180 181 182 186 
159 160 161 164 172 173 174 176 183 184 175 188 
160 161 164 172 174 175 188 
172 173 174 185 
172 173 174 
172 173 174 
172 173 174 181 186 
172 174 180 186 
174 182 
175 184 187 
175 183 187 
172 173 177 
174 180 181 
183 184 
175 176 
157 158 159 172 173 174 175 176 177 178 190 191 192 193 194 195 196 189 202 204 214 
173 189 191 192 193 194 195 197 198 199 200 201 204 
189 190 192 193 194 195 197 200 201 204 
189 190 191 193 192 
189 190 191 192 194 197 198 199 200 
189 190 191 193 201 
189 190 191 196 202 
189 195 202 
190 191 193 198 199 
190 193 197 199 
190 193 197 198 
190 191 193 
190 191 194 
189 195 196 
125 157 158 172 173 174 175 189 190 191 192 193 204 205 206 207 208 209 203 210 211 212 214 229 230 261 
190 191 192 203 205 206 207 208 209 204 213 
203 204 206 207 210 211 
203 204 205 207 208 212 
203 204 205 206 
203 204 206 
203 204 213 
203 205 
203 205 
203 206 
204 209 
189 215 216 214 220 222 223 229 230 
214 216 217 218 219 222 223 
214 215 219 216 
215 218 
215 217 
215 216 
214 221 222 223 220 224 225 226 227 228 229 230 231 235 236 250 
220 224 
220 223 
220 222 
220 221 228 
220 226 227 
220 225 227 
220 225 226 
220 224 
214 215 220 221 222 223 230 231 232 233 234 235 236 237 238 239 240 241 244 245 246 247 248 249 250 251 264 
214 215 220 221 222 223 224 225 226 227 228 229 231 232 233 234 235 236 240 241 247 248 249 250 251 264 
229 230 232 233 234 235 236 238 239 240 241 244 245 246 251 
229 230 231 233 234 237 232 242 
229 230 231 232 234 237 238 242 
229 230 231 232 233 238 239 243 244 
229 230 231 236 241 247 
229 230 231 235 247 248 249 
229 232 233 242 
229 231 233 234 239 243 
229 231 234 238 
229 230 231 245 246 
229 230 231 235 
232 233 237 
234 238 
229 231 234 
229 231 240 246 
229 231 240 245 
229 230 235 236 
229 230 236 
229 230 236 
229 230 
231 252 251 254 255 257 258 259 260 264 
251 253 256 
252 256 
251 257 
251 258 259 
252 253 
251 254 
251 255 259 
251 255 258 260 
251 259 
203 214 220 229 230 231 232 233 234 235 251 252 253 254 256 262 263 264 265 266 267 271 272 273 274 261 275 276 278 279 280 281 288 292 300 329 375 381 397 427 
261 263 264 268 269 270 271 278 281 288 
261 262 264 270 271 278 281 288 
251 252 253 261 262 263 265 266 267 275 276 
261 264 272 
261 264 
261 264 
262 269 
262 268 
262 263 
261 262 263 
261 265 
261 274 
261 273 
261 264 
261 264 
1 9 10 17 18 28 29 30 31 32 47 48 49 65 66 67 84 103 104 116 117 118 125 126 127 143 144 145 146 157 158 159 160 161 162 163 172 173 174 175 176 189 190 191 192 193 194 195 196 203 204 205 206 207 208 209 214 215 216 217 218 219 220 221 222 223 224 225 226 227 228 229 230 231 232 233 234 235 236 237 238 239 240 241 242 243 244 245 246 247 248 249 250 251 252 253 254 255 256 257 258 259 260 261 262 263 264 265 266 267 268 269 270 271 272 273 274 275 276 278 279 280 281 282 283 284 285 286 287 288 289 290 291 292 293 294 295 296 297 298 299 300 301 302 303 304 305 306 307 308 309 310 311 312 313 314 315 316 317 318 319 320 321 323 324 325 326 327 328 329 330 331 332 333 334 335 339 341 342 343 344 345 346 347 348 349 350 356 357 358 359 360 361 363 364 365 366 375 376 381 382 383 384 385 386 396 397 398 399 400 401 402 407 413 414 415 416 424 425 426 427 428 429 430 431 445 446 447 453 454 455 456 463 464 476 477 478 496 497 498 511 513 515 277 
262 263 277 279 280 281 285 286 287 289 
277 278 282 283 298 
277 278 281 286 287 290 
277 278 280 288 291 
277 279 298 
277 279 284 
277 283 
277 278 286 289 
277 278 280 285 
277 278 280 
277 281 
277 278 285 
277 280 
277 281 
293 294 295 296 297 299 301 305 314 
292 294 299 305 
292 293 295 
292 294 
292 297 296 
292 296 
282 298 
292 293 
214 229 230 261 262 263 264 278 279 280 292 293 294 295 296 297 299 301 300 302 303 304 305 306 307 308 309 310 311 312 313 314 315 319 328 329 330 331 343 344 345 375 381 382 397 427 
300 302 303 304 306 307 308 309 310 311 312 314 
300 301 306 
300 301 308 309 
300 301 
299 300 
300 301 302 
300 301 
300 301 303 309 
300 301 303 308 
300 301 
300 301 
300 301 
314 315 316 330 331 334 
301 313 315 318 319 323 324 314 325 326 327 331 
313 314 316 317 320 
313 315 317 320 
315 316 321 322 
314 323 
314 327 328 
315 316 
317 322 
317 321 
314 318 324 
314 323 
314 326 
314 325 
314 319 
319 328 
261 292 300 301 313 314 315 316 330 331 332 333 334 329 335 336 337 338 339 340 341 342 343 344 345 346 349 350 354 356 357 375 381 382 397 427 
313 329 331 332 333 334 338 339 343 344 345 346 
313 314 315 329 330 334 339 331 344 345 
329 330 333 335 336 
329 330 332 335 336 337 
329 330 331 
329 332 333 336 
329 332 333 335 337 
329 333 336 
329 330 
329 330 331 340 
329 339 
342 343 344 345 347 348 351 352 356 357 364 365 366 
341 343 344 345 346 347 348 353 356 357 365 
330 341 342 344 345 346 347 348 349 353 356 357 
330 331 332 341 342 343 345 346 349 350 354 356 357 
330 331 332 329 341 342 343 344 346 349 350 354 
329 342 343 344 345 349 350 354 
341 342 343 348 
341 342 343 347 
343 344 345 346 
329 344 345 346 
341 352 
341 351 
342 343 
344 345 346 
1 9 10 11 12 17 18 19 20 28 29 30 31 32 33 34 47 48 49 50 51 52 53 64 65 66 67 84 86 89 103 104 105 107 116 117 118 125 126 127 131 143 144 145 146 157 158 159 160 161 162 163 172 173 174 175 176 189 190 191 192 193 194 195 196 203 204 205 206 207 214 215 216 217 220 221 222 223 224 229 230 231 232 233 234 235 236 237 238 239 240 241 251 252 253 254 255 256 258 261 262 263 264 265 266 267 270 271 272 276 277 278 279 280 281 282 283 284 285 286 287 288 289 290 291 292 293 294 295 296 297 298 299 300 301 302 303 304 305 306 307 308 309 310 311 312 313 314 315 316 317 318 319 320 321 322 323 324 325 326 327 328 329 330 331 332 333 334 335 336 337 338 339 340 341 342 343 344 345 346 347 348 349 350 351 352 353 354 356 357 358 359 360 361 362 363 364 365 366 355 367 368 369 370 371 372 373 374 375 376 377 378 379 380 381 382 383 384 385 386 387 388 389 390 391 392 393 394 395 396 397 398 399 400 401 402 403 404 405 406 407 408 409 410 411 412 413 414 415 416 417 418 419 421 422 423 424 425 426 427 428 429 430 431 432 433 434 435 436 439 443 445 446 447 448 449 453 454 455 456 457 458 459 463 464 465 466 467 476 477 478 479 480 481 483 496 497 498 499 500 501 504 511 512 513 514 515 516 
341 342 343 344 355 357 358 359 360 361 362 363 364 365 367 368 369 370 
341 342 343 344 355 356 358 359 363 364 365 366 370 371 372 373 374 
355 356 357 359 360 361 362 
355 356 357 358 363 367 
355 356 358 361 362 
355 356 358 360 362 
355 356 358 360 361 
355 356 357 359 367 368 
355 356 357 365 371 372 373 
355 356 357 364 366 374 
355 357 365 374 
355 356 359 363 
355 356 363 
355 356 
355 356 357 
355 357 364 
355 357 364 
355 357 364 
355 357 365 366 
261 300 329 341 342 343 344 356 357 358 376 375 381 382 383 384 385 386 387 388 391 392 393 394 395 397 414 427 
375 377 380 
376 378 379 380 
377 379 380 
377 378 380 
376 377 378 379 
1 17 261 300 329 330 331 341 342 343 344 345 346 356 357 358 359 360 375 376 377 382 383 384 385 386 381 387 388 389 390 391 392 393 394 395 397 398 399 400 401 402 413 414 424 427 428 429 454 
356 357 375 381 383 384 385 386 387 388 391 392 393 394 395 414 
381 382 387 389 
381 382 385 386 388 391 392 393 394 395 
381 382 384 386 395 
381 382 384 385 395 
381 382 383 390 
381 382 384 
381 383 
381 387 
381 382 384 
381 382 384 
381 382 384 
381 382 384 
381 382 384 385 386 
1 17 18 103 203 214 229 230 261 292 300 314 329 330 331 341 342 343 344 345 356 357 358 375 381 382 383 384 385 386 387 397 398 399 400 401 402 403 404 405 406 407 408 396 409 410 411 413 414 415 416 412 417 418 422 424 425 426 427 428 429 430 431 445 453 454 455 478 511 
1 17 261 300 329 356 375 381 382 383 384 385 386 396 398 399 400 401 402 403 404 405 406 407 409 410 411 413 414 415 416 424 427 428 429 454 
396 397 399 400 401 402 404 405 406 409 410 411 413 414 
396 397 398 400 401 402 405 406 407 413 414 
396 397 398 399 404 405 409 410 
396 397 398 399 402 406 407 
396 397 398 399 401 407 
396 397 408 
396 397 398 400 409 
396 397 398 399 400 410 
396 397 398 399 401 
396 397 399 401 402 
396 403 
396 397 398 400 404 
396 397 398 400 405 
396 397 398 
1 2 9 10 11 12 17 18 19 20 28 29 30 31 32 33 34 47 48 49 50 51 52 53 64 65 66 67 84 86 89 103 104 105 107 116 117 125 126 127 143 144 145 157 158 159 161 162 172 173 174 175 176 189 190 191 192 193 194 195 203 204 205 206 214 215 216 220 221 222 223 229 230 231 232 233 234 235 236 251 252 253 254 261 262 263 264 265 266 267 277 278 279 280 281 282 283 285 287 288 292 293 294 295 296 298 300 301 302 303 304 305 313 314 315 316 317 318 319 320 329 330 331 332 333 334 335 339 341 342 343 344 345 346 347 348 349 350 351 353 354 355 356 357 358 359 360 361 362 363 364 365 366 367 368 369 370 371 372 373 374 375 376 377 378 379 380 381 382 383 384 385 386 387 388 389 390 391 392 393 394 395 396 397 398 399 400 401 402 403 404 405 406 407 408 409 410 411 413 414 415 416 417 418 419 420 421 422 423 424 425 426 427 428 429 430 431 432 433 434 435 436 437 438 439 440 441 442 443 444 445 446 447 448 449 450 451 452 453 454 455 456 457 458 459 461 462 463 464 465 466 467 468 469 473 476 477 478 479 480 481 482 483 484 496 497 498 499 500 501 502 503 504 511 512 513 514 515 516 517 518 412 
398 399 400 403 412 414 415 416 418 422 423 424 
398 399 400 401 403 404 408 396 412 413 415 416 418 422 424 
412 413 414 416 418 422 
412 413 414 415 422 423 
412 421 
412 413 414 415 
412 420 
412 419 
412 417 
412 413 414 415 416 423 
412 413 416 422 
413 414 425 424 
424 425 
1 17 103 261 300 329 375 381 382 396 397 398 413 414 424 427 428 429 430 431 432 433 434 435 436 437 438 439 440 441 442 443 445 446 447 448 449 450 452 453 454 455 456 463 464 478 511 
1 17 261 300 329 375 381 382 397 398 399 413 414 415 424 425 426 428 429 430 431 432 433 434 435 436 438 439 440 441 442 443 444 445 446 447 448 453 454 455 456 464 478 
426 427 429 430 431 432 433 434 435 436 437 438 439 440 441 442 445 446 447 453 454 
424 426 427 428 430 431 432 434 435 436 439 440 441 442 443 444 445 446 454 
426 427 428 429 431 432 433 445 446 447 
426 427 428 429 430 432 433 434 438 
426 427 428 429 430 431 
426 427 428 430 431 
426 427 428 429 431 
426 427 428 429 
436 426 427 428 429 444 
426 428 
426 427 428 431 
426 427 428 429 440 441 
426 427 428 429 439 441 
426 427 428 429 439 440 442 
426 427 428 429 441 
426 427 429 
427 429 436 
430 446 447 448 445 450 451 452 453 
445 447 448 449 452 
445 446 447 
445 446 449 
446 448 
445 451 
445 450 
445 446 
445 453 
428 429 445 453 455 456 457 459 461 462 463 464 478 454 
454 456 457 458 459 460 461 464 
454 455 457 459 461 462 464 
454 455 456 458 460 
455 457 458 
454 455 456 461 
455 457 
454 455 456 459 
454 456 
464 463 465 466 469 470 471 472 478 
455 456 457 463 467 468 473 474 475 464 478 
463 466 471 472 
463 465 472 
464 468 473 
464 467 473 
463 470 
463 469 
463 465 
463 465 466 
464 467 468 
464 475 
464 474 
1 9 17 18 28 29 47 49 65 84 103 125 158 189 203 214 229 230 261 292 300 329 344 356 375 381 382 396 397 398 399 413 414 424 426 427 428 429 430 431 432 445 446 447 453 454 455 456 457 458 459 460 461 462 463 464 465 466 467 468 469 470 471 472 473 474 475 477 478 479 480 481 482 483 484 485 486 487 488 489 490 491 492 493 476 494 495 496 497 498 499 500 501 502 503 504 506 507 508 509 510 511 512 513 514 515 516 517 518 519 522 
476 478 479 480 482 485 486 487 498 504 
463 464 465 476 477 481 483 484 495 
476 477 480 482 487 
476 477 479 481 488 
476 478 480 489 490 491 
476 477 479 487 
476 478 494 
476 478 495 
476 477 
476 477 
476 477 479 482 
476 480 
476 481 
476 481 
476 481 
476 493 
476 492 
476 483 
476 478 484 
1 9 17 18 28 29 47 49 65 84 103 125 158 203 214 229 230 261 300 329 375 381 382 396 397 398 413 414 424 426 427 428 429 430 431 445 446 453 454 455 456 457 463 464 465 466 467 469 476 477 478 479 480 481 482 483 484 485 486 487 488 489 490 491 492 493 495 497 498 499 500 501 502 503 504 505 506 507 508 509 496 510 511 512 513 514 515 516 517 518 519 520 521 522 523 
496 498 499 500 501 502 506 513 514 515 
477 496 497 501 504 507 508 509 
496 497 500 505 515 
496 497 499 505 515 
496 497 498 503 
496 497 506 
496 501 
496 498 510 
496 499 500 
496 497 502 
496 498 
496 498 
496 498 
496 504 
1 17 18 29 103 300 329 375 381 396 397 426 427 428 429 453 454 455 463 464 477 478 479 480 481 497 498 499 500 501 502 503 504 512 513 514 515 516 517 518 519 520 521 522 523 511 
511 516 520 
511 514 515 517 518 519 
511 513 515 518 519 
499 500 505 511 513 514 522 523 
511 512 521 
511 513 
511 513 514 519 
511 513 514 518 
511 512 
511 516 
511 515 523 
511 515 522 

