40 267
10 1 
3 4 8 10 
2 4 5 8 9 10 
2 3 4 5 8 9 10 
2 3 4 6 8 9 14 
5 14 15 
8 9 10 11 12 13 20 21 28 
2 3 4 5 7 9 10 11 12 15 
3 4 5 7 8 10 11 12 13 15 
1 2 3 4 7 8 9 11 15 
7 8 10 12 13 15 20 21 27 28 
7 8 9 11 14 15 21 23 27 28 
7 9 11 12 14 15 24 28 
5 6 12 15 27 
6 7 8 9 10 11 12 13 14 27 
17 18 31 
16 18 31 
17 31 34 
20 21 22 25 28 32 19 
7 11 19 21 22 25 28 
7 11 12 19 20 22 25 27 28 
19 20 21 25 28 32 35 
12 13 24 27 28 29 
13 23 27 28 29 
19 20 21 22 27 28 29 
29 36 
11 12 13 14 15 21 23 24 25 28 29 
7 11 12 13 19 20 21 22 23 24 25 27 29 
24 25 26 27 28 
31 32 33 34 35 38 39 
16 17 18 30 33 34 35 
19 22 30 31 33 34 35 
30 31 32 34 35 38 39 
16 18 30 31 32 33 35 39 
18 19 22 30 31 32 33 34 
26 37 38 39 40 
36 38 39 40 
30 33 36 37 39 40 
30 34 36 37 38 40 
36 37 38 39 

