58 295
4 40 41 2 
4 58 1 
4 27 28 38 39 54 55 56 57 29 
3 27 28 38 39 40 41 56 57 58 1 2 4 
23 6 
23 42 5 
17 18 24 25 34 35 36 37 21 
10 13 
11 33 43 44 45 12 
11 33 42 13 10 
17 23 33 43 44 45 8 13 9 12 
11 33 44 9 
10 11 8 
34 49 50 15 
34 50 
17 18 47 48 19 
7 11 18 46 47 48 20 16 19 
7 17 46 47 48 49 20 16 19 
18 16 
17 18 46 
7 24 35 36 22 
7 35 36 21 
10 11 5 6 23 
7 36 21 22 
7 37 51 52 30 31 32 26 25 
25 51 52 53 
4 3 28 38 39 53 54 55 56 29 
4 3 27 38 39 54 55 56 29 
3 27 28 38 39 55 56 
25 32 
25 30 32 
25 51 30 31 
10 11 43 44 45 12 
7 49 50 14 15 
7 24 21 22 
7 24 35 37 21 22 
7 25 
4 3 28 39 55 56 29 
4 3 27 28 38 55 56 29 
4 3 41 57 58 1 
4 40 57 58 1 
10 5 6 
11 9 
11 45 9 12 
11 33 44 9 12 
17 20 
17 18 48 16 19 
17 18 47 49 16 19 
34 48 50 14 
34 49 14 15 
25 52 32 
25 51 26 
27 54 26 
3 27 28 38 53 
3 27 28 38 39 56 29 
4 27 28 38 39 55 29 
4 3 40 41 
4 40 41 1 2 

