98 758
31 34 42 51 65 66 
31 32 34 42 67 3 
32 35 67 4 
32 67 68 3 5 
32 35 67 68 4 6 7 8 
32 35 67 68 5 8 9 
32 35 68 5 6 8 9 
32 35 5 6 7 9 
35 68 6 
32 43 69 70 11 
43 52 69 70 10 
43 52 70 
44 73 74 14 
33 36 44 45 53 73 74 13 15 
33 36 44 45 53 74 14 16 
33 36 44 53 74 15 17 
33 36 44 45 53 75 15 16 
37 46 54 76 19 
37 46 54 
37 54 55 21 22 
37 46 22 
37 38 46 55 56 57 77 20 21 
38 55 56 57 78 22 
38 47 79 25 
47 79 26 
47 79 25 29 
47 28 29 
47 26 27 29 
47 26 27 28 
31 32 34 39 40 41 48 49 50 59 60 61 62 63 64 86 87 88 89 90 91 92 93 94 
30 32 34 35 40 41 42 49 50 51 63 64 65 66 67 94 95 96 97 31 98 1 2 
30 31 33 34 35 42 43 51 52 65 67 68 69 70 2 3 4 5 6 7 8 9 10 
32 36 37 44 45 46 53 54 71 72 73 74 75 76 13 14 15 16 17 
30 31 32 40 41 42 49 50 51 63 65 66 94 95 96 97 98 1 2 
31 32 34 42 43 52 67 68 3 4 5 6 7 8 9 
33 37 44 45 46 53 54 71 72 73 74 75 76 13 14 15 16 17 
33 36 38 46 54 55 56 57 76 77 78 18 19 20 21 22 23 
37 46 55 56 57 77 78 79 22 23 24 
30 48 58 59 80 81 82 83 84 85 
30 31 34 41 49 61 62 63 64 90 91 92 93 
30 31 34 40 49 50 62 63 64 93 94 95 96 97 
31 32 34 35 51 65 66 67 1 2 3 
32 35 69 10 11 12 
33 36 45 53 71 73 74 75 13 14 15 16 17 
33 44 74 76 13 14 15 16 17 
33 36 37 38 54 55 56 57 76 18 19 20 21 22 
38 79 24 25 26 27 28 29 
30 39 80 81 82 83 84 85 
30 34 40 41 50 62 63 64 93 94 95 96 97 
30 31 34 41 49 63 64 94 95 96 97 
32 34 42 66 31 98 1 
32 35 43 69 70 10 11 12 
33 36 44 45 73 74 75 13 14 15 16 17 
33 36 37 46 76 19 20 
37 38 46 56 57 77 78 20 22 23 
37 38 55 57 77 78 22 23 
37 38 46 56 77 78 22 23 
39 58 
30 39 85 
30 86 87 88 89 
30 89 90 
30 31 41 49 91 92 93 
30 31 34 40 41 49 50 64 93 94 95 96 
30 34 40 41 49 50 63 94 95 96 
32 34 42 51 66 98 
31 34 42 51 65 98 1 
31 32 35 42 68 2 3 4 5 6 
32 35 4 5 6 7 8 
32 43 52 70 10 11 
32 43 52 69 10 11 12 
33 36 44 72 73 
33 36 71 73 
33 36 44 71 72 13 14 
36 44 53 75 13 14 15 16 17 
33 36 44 53 74 76 17 
33 36 37 46 54 75 18 
37 38 55 56 57 78 22 23 
37 38 55 56 57 77 
38 24 25 26 
39 81 82 83 
39 48 80 82 83 
39 48 80 81 83 
39 48 80 81 82 84 85 
39 48 82 85 
39 48 59 82 84 
30 60 87 88 
30 60 86 88 89 
30 60 86 87 89 
30 61 86 87 89 
30 40 61 
30 40 62 92 93 
30 40 62 93 
30 40 49 62 63 92 
30 31 34 49 50 63 64 95 96 
31 41 50 63 64 94 96 
31 34 41 49 50 63 64 94 95 97 
31 34 41 49 50 96 
31 34 65 66 

