64 404
57 2 3 
56 57 1 3 4 
56 57 19 1 2 4 
56 57 19 20 2 3 
35 43 44 24 22 
43 44 58 22 
35 58 59 
45 9 10 
36 8 10 
36 45 8 9 
36 46 12 
36 46 11 
16 26 47 48 49 21 40 23 53 54 35 36 46 51 52 12 14 15 
46 51 52 15 
21 46 51 52 14 
13 17 26 27 50 30 28 29 32 31 33 34 
16 26 27 38 50 29 31 33 34 
41 42 39 60 61 62 63 
35 55 56 20 3 4 
35 43 57 19 4 
47 48 40 15 
43 44 58 24 5 6 
13 48 40 53 25 54 
35 43 44 22 5 
13 37 23 53 54 
13 16 17 27 37 49 30 
16 17 26 38 50 30 28 32 31 
16 27 30 29 32 
16 17 28 31 
16 26 27 28 
16 17 27 50 32 
16 17 27 28 29 31 
16 17 38 50 34 
16 17 38 50 33 
13 36 41 42 43 44 45 55 56 57 58 59 19 20 24 22 4 6 7 
35 45 46 59 52 8 9 10 36 11 12 
13 26 49 53 25 54 
16 17 27 50 33 34 
41 42 18 60 61 62 63 
13 47 48 23 53 
35 42 56 18 39 60 61 62 63 64 
35 41 55 57 18 60 61 62 63 64 
35 44 19 24 5 6 
35 43 58 24 22 6 
35 36 59 8 9 10 
47 48 21 36 51 46 52 11 12 14 15 
13 48 21 40 14 15 
13 47 21 40 23 15 
13 26 37 
16 17 27 38 31 33 34 
37 47 48 21 40 23 36 46 52 14 15 
36 46 51 14 15 
13 40 23 25 54 
13 37 23 53 25 
35 41 42 56 57 19 64 1 2 3 
35 41 42 55 57 1 2 3 4 
35 42 55 56 19 20 1 2 3 4 
35 43 44 59 6 7 
35 36 45 58 7 
41 18 39 61 
41 42 18 39 60 62 
41 42 18 39 61 63 
41 18 39 
41 42 55 56 

