128 816
2 3 4 9 10 16 17 21 31 125 40 41 42 43 44 45 46 76 78 79 80 81 82 83 85 84 86 87 88 89 90 91 92 93 94 95 96 97 124 
1 6 7 8 9 15 16 38 39 40 68 69 70 71 72 73 74 75 76 124 
1 4 5 10 11 12 13 26 27 28 53 54 55 56 114 115 116 117 118 
1 3 5 10 12 25 51 52 107 108 109 110 111 112 
3 4 10 11 13 26 27 28 53 54 55 56 114 115 116 117 118 
2 7 9 14 32 33 34 58 59 60 61 62 
6 8 9 14 32 33 34 35 58 59 60 61 62 63 64 
2 6 7 9 14 15 32 33 34 35 36 37 58 59 60 61 62 63 64 65 
1 2 6 7 8 15 33 34 35 36 37 38 60 61 62 63 64 65 66 67 
1 3 4 11 12 25 52 110 111 112 113 
3 5 10 26 27 28 53 54 55 114 115 116 
4 10 25 52 111 113 
3 5 57 120 121 122 123 
6 8 32 33 59 
2 8 9 35 36 37 66 67 68 
1 76 80 
21 44 91 92 93 
126 19 
126 18 20 
126 127 18 19 
1 17 31 45 92 93 95 96 
124 128 23 24 
124 128 24 
124 128 22 
4 10 12 52 110 111 112 
3 5 11 27 53 114 
3 5 11 26 28 53 54 55 114 115 116 
3 5 11 27 53 54 55 56 115 116 117 118 
125 30 50 100 101 102 103 104 
125 101 104 105 106 
1 21 45 94 95 96 97 
33 58 59 
6 7 8 9 14 32 58 59 60 61 
6 7 8 9 35 61 63 64 65 
7 9 15 34 36 37 63 64 65 66 67 
8 9 15 35 37 63 64 65 66 67 
9 15 35 36 38 65 66 67 
2 9 15 37 68 
2 70 71 
1 2 72 74 75 
1 42 86 87 88 89 
1 41 43 44 89 90 
1 42 89 90 
1 17 42 44 91 
1 21 96 97 
1 45 47 48 
1 46 48 49 98 99 
46 47 49 50 98 99 
125 47 48 50 99 100 
125 29 48 49 100 
4 107 108 
4 10 12 25 110 111 112 113 
3 5 11 26 27 28 54 114 115 
3 5 11 27 28 53 55 56 115 116 117 
3 5 11 28 53 54 56 116 117 118 
3 5 28 55 116 118 
13 121 123 
6 7 8 14 33 59 
6 7 8 14 32 33 
6 7 9 33 61 
6 7 8 9 33 34 60 62 
6 7 8 9 34 61 63 
8 9 35 36 62 64 65 
7 8 9 34 35 36 63 65 
8 9 34 35 36 37 64 67 
9 15 35 36 37 65 67 
9 15 35 36 37 65 66 
2 15 38 69 
2 68 69 
2 39 69 
2 72 
2 71 73 
2 40 72 75 
2 40 73 75 
2 40 73 74 
1 2 16 77 
16 76 78 
1 16 77 79 
1 16 78 
1 81 82 83 
1 80 82 83 
1 81 83 
1 80 81 82 
1 85 84 
84 
41 87 88 
1 41 88 
1 86 87 89 90 
1 41 42 43 90 
43 88 89 
1 17 44 
1 17 
1 17 21 92 
1 21 31 95 
1 21 31 94 
1 21 31 45 97 
1 31 45 96 
47 48 99 
47 48 50 98 
125 49 50 
125 29 30 102 103 104 
125 29 30 101 103 104 
125 29 30 101 102 104 105 
29 30 101 102 103 105 106 
30 103 104 106 
30 105 
4 51 108 
4 51 107 109 
4 107 108 
4 10 12 25 52 
4 10 12 25 52 110 112 
4 10 12 25 111 113 
10 12 52 112 
3 5 11 26 27 53 
3 5 27 28 53 54 
3 5 11 27 28 54 55 56 117 118 
3 5 28 55 56 118 
3 5 28 55 56 116 
13 120 121 
13 119 121 
13 57 119 120 
13 57 123 
57 122 
6 7 8 9 14 32 33 58 59 60 127 128 22 23 24 124 
1 29 30 49 50 100 101 102 103 104 
127 18 19 20 
124 126 
124 22 23 24 

