233 1691
9 36 117 118 119 233 2 
3 4 9 36 117 118 119 233 1 
4 2 
3 2 
6 7 8 9 10 11 12 13 14 15 24 25 26 27 28 29 30 31 32 33 47 48 49 50 51 52 53 83 84 85 86 87 88 89 90 91 92 93 94 95 96 181 182 183 184 185 186 187 188 189 190 191 192 193 194 195 196 197 198 199 200 201 
5 7 8 19 20 21 22 37 38 39 40 41 42 43 65 66 67 68 69 70 71 123 124 125 126 127 128 129 130 131 132 133 134 135 136 137 138 139 
5 6 8 11 12 13 24 25 44 45 73 74 75 76 77 78 79 152 153 154 155 156 157 158 159 160 7 
5 6 7 11 12 13 14 24 25 26 27 28 29 30 46 47 48 80 81 82 83 84 85 86 161 162 165 166 167 168 169 170 171 172 173 174 175 176 178 179 180 181 182 183 184 
5 16 17 18 35 60 61 62 63 113 114 115 116 117 118 119 226 227 228 229 230 231 232 233 1 2 
5 15 16 17 34 55 56 57 58 59 105 106 107 108 109 110 111 214 216 217 218 219 220 221 222 223 
5 7 12 13 23 78 155 156 157 158 160 
5 7 11 13 78 155 156 157 158 159 160 
5 7 8 11 12 24 160 161 
5 8 31 32 33 49 92 93 195 196 197 198 199 
5 10 52 53 54 98 99 100 101 103 104 206 207 208 209 210 211 
9 10 17 18 34 59 60 112 113 224 
9 10 16 18 34 59 60 112 113 
9 16 17 60 61 113 224 225 
6 39 69 135 136 137 
6 19 40 70 71 139 
6 22 42 43 140 
6 21 42 43 140 141 142 
7 11 44 45 75 76 77 152 153 
5 7 8 13 25 80 81 82 161 162 163 164 166 167 168 169 170 171 172 173 
5 24 80 81 82 167 168 169 171 173 
5 8 27 28 46 47 83 84 177 178 179 
5 8 26 28 46 47 83 84 177 178 179 180 
5 8 26 27 46 47 85 180 181 
5 30 48 86 87 88 187 188 189 190 
5 8 29 48 86 87 88 187 189 190 
5 14 32 33 48 49 89 90 91 92 191 192 193 194 195 
5 14 31 33 48 49 89 90 91 92 191 192 193 194 195 
5 14 31 32 49 90 91 92 195 196 197 
10 16 17 57 58 59 107 108 109 110 111 112 221 222 223 
9 36 62 63 114 115 116 229 230 231 
9 35 62 63 115 116 117 118 119 229 230 231 232 233 1 2 
6 64 65 120 121 122 
6 67 68 126 127 128 129 130 131 132 
6 19 20 40 70 137 138 
6 39 70 71 139 
6 21 42 
6 21 41 140 
6 21 22 42 140 141 
7 23 44 75 152 
7 23 75 76 77 152 
5 8 26 27 28 47 83 84 176 177 178 180 
26 27 28 46 83 84 177 178 179 180 
5 8 29 30 31 32 87 89 190 191 192 
31 32 33 90 91 92 194 195 196 197 
5 50 200 
5 94 95 201 51 202 203 
5 15 53 99 100 205 206 
5 15 52 98 99 100 101 206 207 
15 102 103 104 209 210 211 212 54 
10 56 57 105 106 54 213 214 215 216 217 218 
55 105 106 214 215 216 217 218 
10 34 55 56 58 105 106 107 108 218 219 
10 34 57 106 107 108 219 220 
16 17 34 110 111 112 
9 16 17 224 225 
9 18 226 
9 35 36 63 114 115 116 229 230 231 
35 36 62 114 115 116 229 230 231 
37 64 120 121 
6 37 66 123 
6 65 123 
6 38 126 127 128 129 130 131 132 
6 38 133 134 
6 134 135 136 
6 39 
20 40 70 139 
145 146 147 148 149 150 
7 151 73 74 
7 73 
7 23 44 45 76 77 152 
23 45 75 77 152 
45 75 76 
7 11 12 79 154 155 
7 11 12 78 155 156 
8 24 25 81 165 166 167 168 169 170 171 172 173 
8 24 25 80 82 169 170 171 172 173 
8 24 25 80 81 171 172 
5 8 26 27 47 84 176 177 178 
5 8 26 27 46 47 83 177 178 179 
5 8 28 
5 8 29 30 87 187 188 189 
5 29 30 48 86 88 188 189 190 
5 29 30 48 87 189 190 
5 31 32 48 90 192 193 
5 31 32 33 49 89 91 192 193 
5 31 32 33 49 90 92 194 195 
5 31 32 33 49 91 195 196 197 
5 14 33 197 198 
51 95 96 97 202 203 204 
5 51 94 96 97 203 
5 94 95 97 204 205 
94 95 96 204 205 
15 52 53 99 205 206 
15 52 53 100 206 
53 101 
15 53 100 102 103 104 208 209 
15 54 101 103 104 207 208 209 210 
15 54 101 104 208 209 210 211 
15 54 101 102 103 208 209 210 211 
10 55 56 57 106 214 215 216 217 218 
10 55 56 57 58 105 107 218 219 
34 57 58 106 108 218 219 
10 34 57 58 107 219 220 
10 110 111 221 222 223 
10 34 59 109 111 112 221 
10 34 59 109 110 112 221 222 223 
16 17 34 59 110 
9 16 17 18 60 61 224 225 
9 35 62 63 115 228 
9 35 36 62 63 116 229 231 
9 35 62 63 115 229 230 231 232 
9 118 119 232 233 1 2 
36 117 119 233 1 2 
9 36 117 118 233 2 
37 64 121 
37 120 
37 122 
6 124 
6 123 125 126 
6 124 126 127 128 
6 38 67 124 125 127 128 
6 38 67 125 126 128 
6 38 67 125 126 127 
6 130 131 132 
6 38 67 129 131 132 
6 38 67 129 130 132 
6 38 130 131 
6 68 
6 68 69 135 
6 69 134 
6 19 69 
6 19 39 138 
6 19 39 137 
6 20 70 71 
21 22 42 43 141 
22 43 140 
22 143 
142 144 145 146 
143 145 146 147 
72 143 144 146 147 148 
72 143 145 147 
72 144 145 146 
72 145 146 147 149 
72 150 
72 149 
73 74 
7 23 75 76 
7 23 78 154 
7 78 153 
7 11 12 78 79 
11 12 79 
7 11 12 156 158 159 
7 11 12 156 157 159 
7 11 12 157 158 
7 11 13 
8 13 162 163 164 
8 24 163 164 165 
24 161 162 164 165 166 
24 161 162 163 165 166 
8 24 80 162 163 164 167 
8 24 163 164 165 167 
8 24 25 80 165 166 168 169 170 171 
8 24 25 80 167 169 170 171 173 
8 24 25 80 81 167 168 170 171 172 173 
8 24 25 81 167 169 171 172 173 
8 24 80 81 82 167 168 169 170 172 173 
8 24 25 80 81 82 169 170 171 173 
8 24 25 80 81 82 168 169 171 
8 175 176 
8 174 176 
8 46 83 174 175 
26 27 46 47 83 84 178 179 
8 26 27 46 47 83 84 177 179 
8 26 27 46 47 84 177 178 180 
8 26 27 28 46 47 179 
5 8 28 85 
5 8 85 183 
5 8 182 
5 8 185 
5 186 
5 185 
5 29 30 86 
5 29 30 86 87 189 
29 30 86 87 88 188 190 
5 29 30 48 87 88 189 
5 31 32 48 89 192 193 
5 32 48 89 90 191 193 
5 31 32 89 90 191 192 194 
5 31 32 49 89 90 91 193 
5 14 31 32 33 49 91 92 196 
5 14 33 49 92 195 
5 14 33 49 92 93 
5 14 93 
5 14 198 
5 50 
5 51 
51 94 203 
51 94 95 202 204 
94 95 96 97 203 
52 96 98 
15 52 53 98 99 
15 53 100 101 102 208 
15 101 102 103 104 207 209 
15 54 101 102 103 104 208 
15 54 102 103 104 211 212 
15 54 102 103 104 210 212 
54 210 211 
55 54 214 216 
10 55 56 105 213 215 216 217 
56 105 213 214 216 217 
10 56 105 213 214 215 217 
10 55 56 105 215 216 
10 55 56 57 105 106 107 219 
10 57 58 106 107 108 218 
10 34 108 109 221 
10 34 109 110 111 220 222 
10 34 109 110 111 223 
10 34 221 222 
18 60 225 
18 60 113 224 
61 227 228 
114 226 228 
9 114 226 227 
9 35 36 62 63 115 116 230 
9 35 36 62 63 115 116 229 231 
9 35 36 62 63 115 116 230 232 
116 231 
9 36 117 118 119 1 2 

