71 454
34 35 36 44 70 7 
6 11 45 71 3 
11 45 2 8 
6 37 17 21 26 5 19 40 41 43 
37 4 9 
11 37 38 39 45 2 8 12 17 21 24 26 4 5 10 3 27 19 40 41 43 9 
35 36 44 70 1 
11 12 3 
6 37 38 5 10 
38 39 9 13 15 18 
6 36 37 44 45 2 8 12 17 42 16 20 23 25 71 3 27 
6 11 8 17 21 27 
38 39 10 14 15 
38 39 10 13 15 18 
38 39 10 13 14 18 
11 36 44 45 42 20 23 25 71 
6 11 37 12 21 24 26 4 27 19 41 
38 10 13 14 
6 37 12 17 21 26 4 27 40 41 
45 16 23 25 71 
6 37 12 17 24 26 4 19 40 41 43 
30 31 59 60 48 49 50 51 52 
11 36 45 16 20 25 71 
6 37 17 21 26 4 19 40 41 43 
11 45 16 20 23 71 
6 17 21 24 4 5 40 41 43 
6 11 8 12 17 19 
29 57 58 46 
28 57 58 46 47 
22 31 48 49 50 51 
22 30 32 51 52 
31 33 53 54 55 
32 61 54 55 56 62 63 
35 61 64 66 67 68 69 70 1 
34 36 67 68 70 1 7 
11 35 44 70 1 7 42 16 20 23 
6 11 38 17 21 24 26 4 5 19 40 41 43 9 
6 39 10 9 13 14 15 18 
6 38 10 13 14 15 18 39 
6 37 17 21 24 26 4 19 41 
6 37 17 21 24 26 4 19 40 
11 36 16 
6 37 21 24 26 4 41 
11 36 70 1 42 16 
6 11 2 16 20 23 25 71 3 
29 57 58 47 
29 57 58 59 46 
22 30 60 49 50 
22 30 60 48 50 
22 30 60 48 49 51 
30 50 52 
22 30 31 
32 54 
32 33 53 
32 33 
61 55 62 63 65 
28 29 58 
28 29 57 46 47 
22 60 47 
22 30 59 48 49 50 
33 34 64 56 62 65 66 67 
33 61 56 63 65 
61 64 56 62 65 
34 63 65 66 67 
61 64 56 62 63 66 
34 64 65 67 
34 35 61 66 68 
34 67 69 
34 68 70 
34 35 36 44 69 1 7 
11 45 2 16 20 25 

