36 212
5 25 26 11 4 
5 6 26 27 29 35 12 13 14 15 
6 10 30 31 32 20 21 22 23 
5 25 26 11 
2 25 26 28 11 1 4 
2 3 10 29 35 16 17 18 19 
24 8 
24 7 
3 6 10 29 30 31 20 21 
3 6 9 30 31 36 20 21 22 
5 26 1 4 
27 28 13 
2 27 28 12 14 
2 28 35 13 15 
29 35 14 
6 29 35 17 18 
6 29 35 16 18 19 
6 29 17 19 
6 29 18 
3 9 10 30 31 36 21 
3 10 30 36 20 22 23 
3 10 30 31 36 21 23 
3 10 31 36 21 22 
25 7 8 
5 24 26 33 34 11 1 4 
5 25 27 11 1 4 
2 5 26 28 12 13 
2 5 27 12 13 14 
2 6 9 35 15 16 17 19 
3 9 10 31 36 20 21 22 
3 9 10 30 32 36 20 21 22 23 
3 36 23 
24 25 34 
5 25 33 11 
2 6 29 14 15 16 17 
3 9 10 30 31 32 20 21 22 23 

