34 208
16 20 
3 4 19 24 21 28 29 30 31 32 9 10 11 12 
2 4 19 24 29 30 31 32 9 10 11 12 
2 3 21 22 33 12 13 14 15 
4 22 23 33 15 
17 18 25 26 27 8 
17 18 26 27 8 
18 26 27 
2 3 19 24 28 29 30 31 10 
2 24 29 30 31 32 9 11 
2 3 31 32 10 
2 3 4 13 
4 21 12 14 
4 21 12 13 
4 5 21 22 33 
23 34 1 20 
18 25 26 17 6 7 
17 19 26 27 7 8 
2 3 18 24 28 29 9 
23 34 1 16 
2 4 5 22 33 12 13 14 15 
4 5 21 23 33 15 
5 22 34 16 20 
2 3 30 31 32 9 10 11 
17 26 27 6 
17 18 27 6 7 8 
17 18 25 26 6 8 
2 19 9 
3 19 24 30 31 32 9 10 
2 24 29 31 32 9 10 
3 24 29 30 32 9 10 11 
2 3 24 29 30 31 10 11 
4 21 22 15 
5 1 16 20 

