26 180
12 2 15 
12 1 
12 13 14 22 21 23 24 4 5 6 
12 13 22 21 23 24 5 6 18 
12 13 22 21 23 24 3 4 6 18 
12 13 21 23 24 3 4 5 18 
13 14 8 19 20 
13 14 7 20 
13 14 10 26 
9 11 26 
10 26 25 
13 14 21 23 24 1 2 3 4 5 6 15 16 17 18 
12 14 22 21 23 24 3 4 5 6 7 8 9 18 19 20 
12 13 23 24 3 7 8 9 18 19 20 
12 1 15 2 
12 22 17 
12 22 16 
13 14 21 23 3 4 5 6 19 
13 14 23 24 7 18 20 
13 14 8 19 
12 13 22 23 24 3 4 5 6 18 
12 13 21 23 3 4 6 16 17 
12 13 14 22 21 24 3 4 5 18 19 
12 13 14 21 23 3 4 5 6 7 18 
11 26 
9 10 25 

