108 780
3 5 6 7 8 26 27 28 29 30 31 32 33 53 54 56 57 58 59 60 92 93 94 95 96 97 
4 9 10 19 38 39 40 41 42 43 75 76 77 78 79 2 
1 5 6 7 16 17 22 23 24 25 26 27 28 29 52 53 54 55 90 91 92 
2 9 12 13 18 19 36 37 38 39 40 41 73 74 75 76 
1 3 6 7 11 14 15 16 17 20 22 23 47 48 49 50 51 52 87 89 90 
1 3 5 7 14 15 16 17 20 21 22 23 48 49 50 51 52 87 88 89 90 
1 3 5 6 16 17 21 22 23 24 25 49 50 51 52 88 89 90 
1 35 63 64 65 66 67 68 69 70 71 101 102 103 104 105 106 
2 4 12 18 36 37 
2 11 14 15 44 45 80 81 82 
5 10 14 15 20 44 45 46 47 80 81 82 83 84 85 86 
4 9 18 36 37 72 
2 4 19 39 40 41 42 75 
5 6 10 11 15 20 45 46 47 80 82 83 84 85 86 
5 6 10 11 14 20 46 83 84 85 86 
3 5 6 7 17 21 22 23 49 50 51 52 89 90 
3 5 6 7 16 22 23 50 51 52 90 
4 12 36 72 
2 4 13 39 40 75 
6 11 14 15 46 47 48 84 85 86 87 
5 6 7 16 22 48 49 50 87 88 89 
3 5 7 16 17 21 23 49 50 51 52 90 
3 5 6 16 17 22 50 52 90 
3 7 25 26 52 53 
3 7 26 53 
1 24 25 53 91 
1 3 28 29 54 55 92 
1 3 29 55 92 
1 27 28 30 56 93 
29 31 56 94 95 
1 30 57 96 97 98 
1 33 59 60 61 99 100 
1 60 62 99 100 
62 63 66 67 
8 69 70 71 104 105 106 107 108 
4 9 12 18 37 73 
9 12 36 38 74 
2 4 37 73 74 
2 4 13 40 75 
2 4 13 19 39 75 
2 4 13 42 43 76 77 
2 4 13 41 43 76 77 78 
2 41 76 77 78 79 
10 11 14 45 80 82 
10 11 14 44 80 81 
11 14 15 20 83 84 85 86 
11 14 15 20 
5 20 21 87 
5 6 7 16 21 22 50 88 89 
7 16 17 21 22 23 49 51 
5 6 7 17 22 23 50 90 
3 5 6 7 16 17 22 23 24 90 
1 3 24 25 26 54 91 
1 3 27 53 55 92 
1 3 27 28 92 
1 30 93 94 
1 31 58 95 96 98 
1 31 57 59 97 98 
1 32 58 60 98 
1 32 59 61 60 99 
32 33 60 62 99 100 
33 34 61 63 99 
8 62 64 65 
34 63 66 67 
8 34 63 64 66 67 
8 34 64 65 67 68 101 
8 34 65 66 68 101 
66 67 69 101 102 103 
8 35 68 70 101 102 103 104 
8 35 69 104 105 
8 105 106 107 108 
9 12 
4 9 36 38 74 
38 73 
2 4 13 19 39 40 
2 4 41 42 43 77 
2 41 42 43 76 78 
2 43 77 
2 43 
10 11 14 44 45 81 82 
10 11 44 45 80 82 
10 11 14 44 45 80 81 
11 14 15 46 84 85 86 
11 14 15 46 83 85 86 
11 14 15 20 46 83 84 86 
11 14 15 20 46 47 83 84 85 
5 6 20 21 48 
5 6 7 21 48 49 89 
5 6 7 16 21 49 88 
3 5 16 17 23 51 52 
3 25 53 
3 27 28 54 55 
1 30 56 94 
1 29 30 56 93 
1 30 31 57 96 
31 57 95 97 
1 57 58 96 98 
1 31 57 58 59 
32 33 60 61 62 100 
32 33 61 99 
8 66 67 68 69 102 103 
68 69 103 
8 68 69 101 102 
8 69 70 
8 70 71 106 
8 35 71 
35 71 105 106 108 
35 71 107 

