146 856
60 103 145 146 
69 82 104 
60 69 82 83 105 106 
60 69 83 85 106 107 
60 70 
70 112 113 7 8 
70 112 113 6 8 
86 113 6 7 
10 11 
71 87 9 
71 87 
72 87 114 
72 87 88 114 115 116 117 
72 88 117 118 15 16 
72 117 118 14 16 17 
72 118 14 15 17 
73 118 15 
73 89 90 
68 73 89 90 119 
68 119 21 22 
68 119 20 22 
68 119 20 21 
68 120 24 25 
68 120 25 
68 120 24 26 
68 91 120 25 27 
68 91 26 28 
91 27 
74 29 
64 92 
63 64 92 
63 75 93 122 123 124 33 
63 123 124 32 
123 124 33 
36 37 38 39 45 46 52 53 75 123 124 125 33 34 
35 37 38 39 45 46 52 53 54 55 
35 40 45 47 52 53 54 55 56 57 
35 36 
35 36 37 40 45 46 47 54 55 56 57 
37 41 42 47 56 57 
40 42 44 48 58 
40 41 43 44 
41 42 44 48 58 
41 42 43 48 49 
35 36 37 39 46 52 53 54 
35 36 37 39 45 53 54 55 
37 39 40 55 56 57 
41 42 58 
43 44 50 51 58 59 
51 59 
50 59 
35 36 37 45 46 53 
35 37 45 46 52 
36 37 39 45 46 
36 37 39 46 47 56 
37 39 40 47 55 57 
37 40 47 56 
41 42 43 44 48 49 
49 50 51 
62 66 67 69 70 71 82 83 84 85 86 102 103 104 105 106 107 108 109 110 111 112 145 146 1 2 3 4 5 
62 65 76 77 78 79 80 81 94 95 96 127 128 129 130 131 132 
61 66 67 96 97 98 99 100 101 134 135 136 137 138 
35 36 38 64 74 75 92 121 122 123 124 125 31 32 33 34 
63 68 74 75 91 92 93 121 29 30 31 
61 76 77 78 94 95 126 127 
60 62 67 100 101 102 138 139 140 141 
60 66 99 100 101 102 138 139 140 141 
64 73 89 90 91 119 120 19 20 21 22 23 25 26 27 
60 82 83 84 85 104 105 106 2 3 4 
60 110 111 112 5 6 7 
60 86 87 9 10 11 
87 88 114 115 116 117 118 12 13 14 15 16 
68 89 90 119 17 18 19 
63 64 91 92 29 
63 64 93 121 122 32 
61 65 77 94 95 
65 76 94 95 
61 65 126 127 128 129 
61 131 
61 79 81 131 
79 80 131 132 
60 69 83 84 85 105 106 107 2 3 4 
60 69 82 84 85 106 107 3 4 
60 69 82 83 85 106 107 108 109 110 111 4 
60 69 82 83 84 106 107 108 109 110 111 4 
71 113 9 
71 72 88 115 10 11 12 13 
72 87 114 115 116 117 118 13 14 
68 73 90 119 18 19 
68 73 89 119 18 19 
64 68 26 27 28 91 
63 64 121 30 31 
63 64 75 121 122 32 
61 76 95 
61 65 76 77 94 
61 62 97 133 134 
62 96 133 134 
62 99 135 137 
62 66 67 98 100 101 138 
62 66 67 99 101 137 138 
62 66 67 99 138 
60 66 67 102 142 
60 142 143 144 145 146 1 
60 69 105 2 
60 69 82 104 2 
60 69 82 83 84 85 3 4 
60 82 83 84 85 108 109 110 111 4 
60 84 107 109 110 111 
60 84 85 107 108 111 
60 70 84 85 107 108 109 111 
60 70 84 85 107 108 109 110 
60 70 86 113 6 7 8 
86 112 6 7 8 
72 87 88 115 116 117 12 13 
72 87 88 114 116 117 13 
72 87 88 114 115 117 13 
72 88 114 115 116 118 13 14 15 
72 88 14 15 16 17 
68 73 89 90 19 20 21 22 
68 23 24 25 26 
63 64 75 93 
63 75 93 32 
63 124 125 32 33 34 
123 125 32 33 34 
123 124 
65 78 127 
61 65 78 126 128 129 
61 78 127 129 130 
61 78 127 128 130 
61 129 
61 79 80 
61 80 81 133 
96 132 
62 96 97 
62 98 136 
62 135 137 
98 99 100 136 
62 66 99 100 
66 140 141 
66 67 141 
66 67 102 139 140 
102 103 143 144 145 
103 142 145 
103 142 143 145 146 
60 103 143 146 1 
60 103 144 145 1 

