68 471
27 68 2 3 4 
68 1 3 4 5 37 38 
27 28 29 68 1 2 4 5 37 38 39 
27 28 29 68 1 2 3 5 37 38 39 
27 28 29 2 3 4 37 38 39 40 
20 30 7 40 41 42 43 45 
20 30 31 44 45 
21 23 31 32 47 48 49 
21 22 51 52 53 54 55 
26 35 36 14 67 62 15 16 
19 24 25 33 34 63 
25 34 64 65 
64 65 66 
26 35 66 14 67 62 10 
26 35 36 62 10 16 
26 35 36 62 10 15 17 
35 36 16 18 
35 36 17 
21 22 24 25 33 34 11 59 60 61 19 63 
21 22 23 27 30 31 32 6 7 8 43 44 45 46 47 48 
19 20 22 23 32 9 47 48 49 50 51 52 
19 20 21 23 32 9 50 51 52 53 54 55 56 57 58 59 60 
20 21 22 31 32 8 46 47 49 
19 25 33 11 63 
19 24 34 11 12 63 
35 36 14 66 67 62 10 15 
20 28 29 30 68 1 2 3 4 5 6 37 38 39 40 41 42 
27 29 30 3 4 5 39 40 42 
27 28 30 3 4 5 39 40 41 
20 27 28 29 31 6 7 40 41 42 43 44 45 
21 23 30 7 8 46 47 
20 21 22 23 8 9 49 50 51 52 53 
19 24 25 11 
19 25 33 11 12 63 
26 36 14 67 62 10 15 16 17 18 
26 35 67 62 10 15 16 17 18 
68 1 2 3 4 5 38 
27 68 1 2 3 4 5 37 
27 28 29 3 4 5 
27 28 29 30 5 6 41 42 
27 28 29 30 6 40 
27 28 40 
20 30 6 7 44 45 
20 6 7 43 45 
20 30 6 7 43 44 
20 23 31 47 
20 21 23 31 8 46 48 
20 21 23 8 47 49 
21 23 32 8 48 50 
21 22 32 51 
21 32 9 52 
21 22 32 9 51 53 54 55 
22 32 9 52 54 55 
9 52 55 
22 9 52 53 54 56 57 58 
22 55 58 59 
22 55 56 58 59 
22 55 57 59 60 
19 22 56 57 58 60 
19 22 59 61 
19 60 
26 35 36 14 67 10 15 16 
19 24 25 33 11 
12 13 65 
12 13 64 65 
26 13 14 
26 35 36 62 10 15 
27 1 2 3 4 37 

