318 2274
2 4 9 13 14 15 27 45 46 47 48 49 50 51 52 53 54 55 56 57 58 95 96 98 99 100 101 102 173 174 175 176 177 178 179 181 182 183 184 185 186 187 188 
1 6 7 8 9 24 25 26 39 40 41 42 86 87 88 154 155 156 157 158 159 160 
6 11 12 19 20 21 22 23 36 37 76 77 78 79 135 136 137 138 139 
1 5 16 17 27 28 29 30 63 64 65 106 107 108 109 110 111 112 207 208 209 210 211 212 213 214 
4 16 17 29 30 31 109 110 111 112 113 114 115 116 117 213 214 215 216 217 218 219 220 
2 3 11 12 22 23 37 38 80 81 82 83 84 139 140 141 142 143 144 145 146 147 148 149 
2 8 24 25 26 39 40 86 155 156 157 
2 7 24 25 26 39 40 86 87 156 157 158 
1 2 42 43 44 90 91 92 93 161 162 163 164 165 
17 18 32 66 67 68 69 70 72 118 119 120 121 221 222 
3 6 12 19 20 21 22 23 36 77 78 79 136 137 138 
3 6 11 20 21 22 23 36 37 80 81 139 140 141 142 
1 14 46 47 48 49 51 96 97 173 174 175 
1 48 49 51 98 99 173 174 175 176 
1 52 53 54 55 56 57 58 100 101 184 185 186 187 
4 5 28 29 63 64 106 108 109 209 210 211 212 
4 5 10 30 31 65 113 114 115 116 117 118 216 217 218 219 220 
237 10 70 71 72 73 121 122 223 224 
11 35 76 77 133 135 
3 11 12 21 36 78 79 136 137 138 
3 11 36 78 79 137 138 
3 6 11 12 23 37 80 140 
3 6 11 12 22 80 81 139 140 141 142 
2 7 8 25 151 152 153 154 
2 8 24 39 154 155 
7 8 40 41 42 87 88 89 159 160 
1 4 28 59 60 61 62 199 200 201 202 203 204 205 
4 16 61 62 63 106 107 205 206 
4 5 16 108 109 110 111 210 211 212 213 214 
4 5 17 31 65 113 114 115 116 117 215 216 217 218 219 220 
5 17 30 65 114 115 116 117 217 218 219 220 
10 18 70 71 120 121 
34 74 75 123 124 
33 35 75 124 125 126 127 128 129 131 132 
19 34 127 128 129 130 132 
3 11 12 20 21 78 79 137 138 
3 6 11 22 23 139 
6 84 85 149 150 
2 7 8 24 25 155 156 
2 7 8 26 41 87 88 158 159 160 
2 26 40 42 87 89 160 
2 9 26 41 43 89 161 
9 42 44 90 91 161 162 
9 43 90 91 92 93 162 163 164 165 
1 46 47 94 95 167 168 169 170 171 172 
1 45 47 48 95 96 97 170 171 172 
1 13 45 48 95 96 97 170 171 172 
1 13 14 46 47 49 50 96 97 98 
1 13 14 48 50 96 97 98 173 
1 13 14 48 49 51 98 173 
1 13 14 50 99 174 176 177 
1 15 53 54 55 182 183 
1 52 54 55 183 
1 15 52 53 55 183 
1 15 52 53 56 57 100 183 184 185 186 
1 15 55 57 100 184 185 186 187 
1 15 55 56 100 186 187 
1 15 101 102 188 189 190 191 192 
60 61 104 105 197 198 199 200 201 202 
27 59 62 199 200 201 202 203 204 
27 28 60 62 201 202 203 204 205 206 
27 28 60 61 203 204 205 206 
4 16 28 64 107 207 208 
4 16 63 106 107 207 208 209 
4 5 17 30 31 111 112 113 114 115 116 117 215 216 217 
67 68 69 118 119 
10 66 68 69 119 120 221 222 
10 66 67 69 119 120 222 
10 66 67 68 119 222 
10 18 32 71 121 122 223 
10 18 32 70 121 122 223 
250 277 10 18 73 122 223 224 225 
251 276 277 18 72 122 225 
33 75 74 123 124 
33 34 74 123 124 125 126 
3 19 77 133 134 135 
3 11 19 76 135 136 
11 21 36 79 138 
3 11 20 21 36 78 
6 12 22 23 81 82 140 141 142 143 144 145 146 
6 12 80 82 140 141 143 144 145 
80 143 144 145 146 147 
6 38 148 
6 38 83 148 149 150 
38 85 
2 7 8 157 
2 8 26 40 41 158 159 
2 26 40 87 158 
9 41 
9 43 44 91 161 162 
9 43 44 90 
9 44 93 163 164 166 
9 44 163 164 165 166 
45 168 169 
1 45 46 170 171 172 
1 13 46 48 49 97 98 
1 13 46 47 48 96 98 
1 13 14 48 49 50 96 97 173 
1 13 14 51 174 177 179 
1 15 55 56 57 184 185 187 
1 15 58 189 190 191 192 
58 101 190 192 
105 193 194 196 197 
59 103 105 196 197 198 
59 103 104 196 197 198 
4 16 28 63 64 107 207 208 209 
4 28 63 64 106 207 208 209 
4 16 29 109 210 211 212 
4 5 16 29 108 211 212 213 
4 29 111 112 213 214 
4 29 65 110 112 214 
5 65 110 111 113 215 
5 17 30 65 112 114 115 215 216 
5 17 30 31 65 113 115 116 117 215 216 217 
5 17 30 31 65 113 114 116 117 216 217 
17 30 31 65 114 115 117 217 218 219 220 
5 17 30 31 65 114 115 116 217 218 219 220 
10 17 66 221 
10 66 67 68 120 222 
10 32 66 67 68 69 119 222 
32 71 
18 70 71 72 73 223 224 225 
74 124 
33 34 74 75 123 125 126 
34 75 124 126 127 
34 124 125 127 
34 35 125 126 128 129 
34 35 127 129 130 131 132 
34 127 128 130 131 132 
34 35 128 129 131 
34 35 128 129 
34 35 128 129 130 131 
134 135 
19 76 135 
3 76 77 133 
3 20 77 137 
3 11 20 36 136 138 
3 11 20 21 36 78 137 
3 6 12 23 37 
6 12 22 23 80 81 141 142 143 144 
6 12 80 81 140 142 143 144 
6 12 23 81 140 141 143 144 
6 80 81 82 141 142 144 145 146 
6 80 81 82 140 141 142 143 145 146 
6 80 81 82 143 144 
6 80 82 143 144 145 147 
6 82 146 148 
6 83 84 147 
6 38 83 84 150 
38 84 149 
24 152 153 
24 151 153 
24 151 152 
24 25 
25 39 156 
8 39 155 
2 8 158 
2 40 157 159 
2 26 40 87 88 158 
2 26 40 
9 42 43 90 
9 43 44 90 91 
9 44 92 93 164 165 
9 44 92 93 163 165 
9 44 92 93 163 
92 93 
45 94 168 169 
45 94 167 
45 167 168 
45 46 47 171 172 
46 47 95 170 172 
45 46 47 95 171 
1 13 14 49 50 
13 14 51 99 175 
1 13 14 51 
1 14 51 99 177 178 179 
1 51 99 178 
1 99 176 177 179 180 181 
99 176 178 181 
178 179 
1 178 180 
1 52 182 
1 52 53 54 55 184 
1 15 55 56 100 185 
1 15 55 56 100 184 
15 55 56 57 100 187 
1 15 56 57 100 186 
1 58 101 189 190 
58 101 102 188 191 192 
58 101 102 188 189 191 192 
58 101 102 189 192 
58 101 102 189 190 191 
103 194 195 
103 193 195 
103 193 194 196 
103 104 105 195 197 
59 104 105 198 
59 105 197 
27 59 200 201 
27 59 60 199 201 202 
27 59 60 61 199 200 202 
27 59 60 61 199 200 203 
27 60 61 62 202 204 205 
27 60 61 62 203 205 
27 28 61 62 204 206 
27 28 61 205 
4 63 64 106 107 208 209 
4 63 64 107 207 209 
4 16 64 106 107 207 208 
4 16 29 108 211 
4 16 29 108 109 210 212 
4 16 29 108 211 
4 5 29 109 110 214 
4 5 29 110 111 213 
5 30 65 112 113 114 216 
5 17 30 114 115 215 
5 17 30 31 65 114 115 116 218 219 
5 17 30 31 116 117 217 219 220 
5 17 30 31 116 117 217 218 220 
5 17 30 31 116 117 218 219 
10 66 67 118 
10 66 67 68 69 119 120 
18 70 71 72 73 122 224 
18 72 122 223 
276 72 122 
227 228 229 230 231 232 233 234 235 236 241 242 243 244 245 246 247 248 255 256 257 258 259 260 261 262 263 292 294 295 296 297 298 299 300 301 
229 230 237 250 251 252 253 276 277 278 279 280 281 10 18 72 73 225 
226 231 236 238 248 249 264 265 266 267 268 269 270 271 302 303 304 305 306 307 308 
226 227 230 240 241 242 243 244 252 253 254 282 283 285 286 287 288 
226 227 229 232 240 241 242 243 244 245 246 254 255 283 284 285 286 287 288 289 290 291 
226 228 238 249 268 269 270 271 272 307 308 309 310 311 
226 230 233 234 245 246 247 255 257 258 294 295 296 297 298 
232 247 258 259 296 297 298 
226 232 233 247 258 259 296 297 298 
226 236 261 262 263 301 
226 228 235 248 261 262 263 
227 250 251 276 277 278 72 73 225 
228 239 272 273 311 312 313 314 315 
238 274 275 316 317 318 239 
227 229 230 252 253 280 282 
226 229 230 242 243 244 254 285 286 287 288 
226 229 230 241 243 287 288 289 
226 229 230 241 242 244 287 288 289 
226 230 243 245 255 289 290 
226 230 232 244 255 256 290 291 293 294 
226 230 232 245 247 255 256 257 292 293 294 
226 232 233 246 257 258 295 296 
226 228 236 264 265 302 303 
228 231 269 270 271 308 
227 237 276 277 225 
227 237 277 278 
227 229 240 253 280 281 
227 229 240 252 282 
229 230 241 282 283 284 285 286 
226 230 232 244 245 246 256 257 292 293 294 
226 245 246 255 257 293 294 
226 232 246 247 255 256 292 293 294 
226 232 233 234 247 296 297 298 
226 233 234 260 299 300 
226 259 299 300 
226 235 236 262 263 
226 235 263 
226 235 236 261 262 
228 248 265 302 303 
228 264 302 303 
228 304 305 306 
228 266 268 305 306 307 
228 231 267 269 307 
228 231 249 268 307 
228 231 249 271 308 
228 231 249 270 272 308 309 
231 238 271 309 310 311 
273 313 314 315 316 
239 275 314 315 316 317 318 
239 274 318 275 
227 237 250 277 
227 237 250 251 276 
227 237 251 279 
227 278 
227 240 252 
227 252 280 
229 240 253 254 283 
229 230 254 282 284 285 
229 230 254 282 283 285 
229 230 241 254 283 284 286 287 
229 241 254 285 287 
229 230 241 242 243 285 286 
229 230 242 243 
242 243 244 290 291 
244 245 289 291 
230 244 245 290 
226 245 246 255 257 293 294 
245 246 255 256 257 292 294 
226 232 245 246 255 256 257 292 293 
226 232 247 258 296 
226 232 233 234 247 295 
226 232 233 234 258 298 
226 232 233 234 258 297 
226 259 260 
226 259 260 301 
226 300 
228 264 265 303 
248 264 265 302 304 
228 303 305 
228 266 267 304 306 
228 266 267 305 
228 267 268 269 
228 231 249 270 271 
231 272 310 
231 272 309 
231 238 272 312 
238 311 
238 314 315 316 
238 273 274 313 315 316 
238 273 314 
239 274 313 314 315 317 318 
239 274 316 318 
239 274 316 317 

