64 416
31 48 20 64 2 
31 48 64 1 3 
48 20 21 2 4 5 6 7 8 
48 20 21 3 5 6 7 8 9 
48 21 3 4 6 7 8 9 
21 4 5 7 8 9 
22 3 4 5 6 8 9 
21 22 3 4 5 7 9 
21 22 4 5 6 7 8 
32 38 49 22 
32 38 50 23 12 
32 38 50 23 11 13 
38 50 23 11 12 
32 38 50 15 17 
32 38 50 16 17 
32 50 14 15 17 
32 14 15 16 
51 24 
39 25 
31 48 64 1 2 3 4 
49 22 3 4 5 6 7 8 9 
49 21 7 8 9 10 
32 38 49 50 11 12 13 
32 51 18 
39 52 26 19 27 
39 52 25 19 27 
39 25 28 
39 52 27 29 30 
39 52 28 30 
52 29 
32 33 34 35 36 37 38 43 44 45 46 47 48 49 40 41 42 20 55 56 57 58 59 60 61 62 63 64 1 2 
31 38 39 49 50 23 24 10 11 12 13 14 15 16 17 32 
31 35 36 37 53 33 54 
31 33 35 53 
31 33 34 53 54 
33 35 37 43 44 45 40 41 54 55 56 57 
31 33 36 43 44 45 46 40 41 42 55 56 57 58 
31 32 49 50 23 10 11 12 13 14 15 
32 51 52 25 26 19 27 28 29 
36 37 43 44 41 55 56 
31 36 37 44 40 55 56 
37 46 
31 33 36 37 44 45 40 41 55 56 57 
31 36 37 43 45 40 41 56 57 58 
31 36 37 43 44 46 42 57 58 
37 45 42 59 
31 59 60 61 62 
31 20 64 1 2 3 4 5 6 7 
31 32 38 21 22 23 10 
32 38 23 11 12 13 14 15 16 17 
32 39 18 51 
39 25 26 27 29 30 
33 34 35 
33 35 
31 36 37 41 56 
36 37 43 44 40 41 55 
31 36 43 44 45 58 
31 37 44 45 42 57 
31 46 47 
31 61 62 63 
31 47 60 62 63 
31 47 60 61 63 
31 47 61 62 
31 20 1 2 

