127 1115
108 118 119 3 4 5 
96 108 119 1 3 4 5 
96 108 119 1 2 4 5 
96 108 119 1 2 3 5 
96 108 119 1 2 3 4 
95 96 101 102 120 7 
95 101 102 6 8 
94 95 101 102 120 7 
94 95 98 109 122 10 
95 98 109 110 122 9 11 
94 95 98 109 110 111 122 10 12 
94 95 98 109 110 111 10 11 
97 98 99 103 112 123 124 125 14 15 
94 97 99 103 123 124 13 
97 98 99 103 123 124 125 13 16 
94 97 99 103 123 124 125 126 15 
18 19 20 21 22 23 24 25 26 27 29 30 31 32 33 34 35 36 37 38 40 41 42 43 44 45 46 47 48 49 50 51 52 53 54 55 61 62 63 64 65 66 67 68 69 70 71 72 73 74 75 76 77 78 94 95 96 97 98 99 103 109 123 126 
17 19 20 21 22 23 24 25 26 27 28 29 32 33 34 37 38 39 40 41 42 43 44 50 51 52 53 54 55 64 66 67 68 70 71 72 73 74 75 76 77 78 94 95 97 
17 18 21 26 27 28 29 34 44 53 54 55 78 79 80 81 82 83 84 
17 18 22 23 31 32 36 45 46 47 48 49 61 62 63 97 
18 19 29 30 35 56 57 59 91 92 
17 18 20 36 45 61 
17 18 20 24 32 48 49 50 64 65 66 67 68 
17 18 23 25 32 33 37 38 50 51 64 65 66 67 68 70 
17 18 23 24 32 33 37 38 51 52 65 66 67 68 69 70 
17 18 27 33 39 40 41 42 43 53 74 75 76 77 
17 18 19 26 41 43 53 54 75 76 77 78 
17 18 19 29 34 44 55 79 80 81 82 83 84 85 
17 18 19 21 28 34 84 85 86 87 88 
17 21 58 60 91 92 93 
17 20 36 45 46 61 62 63 
17 18 20 23 24 25 49 50 64 65 
17 18 24 25 26 37 38 39 40 41 51 52 71 72 73 
17 18 19 28 29 82 83 84 85 86 
17 21 29 56 87 88 89 90 
17 22 45 
18 24 25 33 39 51 70 71 
18 24 25 37 39 51 52 71 
17 18 26 33 37 38 40 41 52 71 73 
17 18 26 33 37 39 41 72 74 
17 18 26 27 39 40 42 43 72 73 74 
17 18 26 27 41 43 53 74 75 
17 18 26 27 41 42 53 74 75 
17 18 19 28 55 79 80 81 
17 20 22 31 36 61 62 
17 20 31 47 61 62 63 
17 20 48 
17 32 47 49 
17 20 23 32 
17 23 24 32 64 
17 18 24 25 33 37 38 52 70 
17 18 25 33 37 38 51 71 
17 18 19 26 27 42 75 76 77 
17 18 19 27 78 
17 18 19 28 44 79 80 
21 35 90 
21 91 
21 30 91 
21 30 60 
30 59 93 
17 20 22 31 45 46 62 63 
31 45 46 61 63 
17 20 31 46 61 
17 18 23 24 32 65 
17 23 24 25 32 64 
17 18 23 24 25 67 68 
18 23 24 25 66 68 69 
17 18 23 24 25 66 67 69 
17 24 51 67 68 70 
17 18 24 25 37 51 69 
17 18 37 39 52 
17 18 39 40 41 73 
18 33 39 40 41 72 
17 18 26 40 41 43 
17 18 26 27 42 43 53 76 77 
17 18 26 27 53 75 77 
18 26 27 53 75 76 
17 18 19 27 
19 28 44 55 80 81 
19 55 79 81 
19 55 79 
19 28 34 83 
28 34 
28 29 34 85 
29 84 86 
29 34 85 87 
29 35 
35 90 
88 90 
35 56 88 89 
21 30 57 
21 58 
30 93 
20 22 31 95 96 97 98 99 101 102 103 109 111 112 120 121 122 123 124 125 126 127 8 9 10 11 12 13 14 15 16 
94 96 97 98 99 100 101 102 103 108 109 110 111 112 120 121 122 6 7 8 10 11 12 
94 95 100 101 102 104 105 106 107 108 118 119 120 1 2 3 4 5 6 
20 22 31 36 94 95 98 99 103 109 110 111 112 123 124 125 126 127 13 14 15 16 
94 95 97 99 103 109 110 111 122 123 124 125 9 10 11 12 13 14 15 
94 95 97 98 103 109 110 111 112 123 124 125 126 127 13 14 15 16 
95 96 104 105 106 107 108 115 116 117 118 119 
94 95 96 102 120 121 7 8 
94 95 96 101 120 121 6 7 
94 95 97 98 99 109 110 111 112 123 125 126 127 13 14 15 16 
96 100 105 113 114 115 116 
96 100 104 106 107 116 117 118 
96 100 104 107 117 118 
96 100 104 105 117 118 
95 96 100 118 119 1 3 4 5 
94 95 97 98 99 103 110 111 112 122 9 10 11 12 
94 95 97 99 103 109 111 112 10 11 12 
94 95 97 98 99 103 109 110 112 11 12 
94 95 97 98 99 103 109 110 111 123 13 
104 114 115 116 
104 113 115 116 114 
104 113 114 116 
100 104 105 113 114 115 
96 105 106 107 118 
96 100 105 106 107 108 117 119 1 
96 100 108 1 2 3 4 5 
94 95 96 101 102 6 8 
94 95 101 102 
94 95 98 109 110 9 10 11 
94 97 98 99 103 112 124 125 126 13 14 15 16 
94 97 98 99 103 123 125 13 14 15 16 
94 97 98 99 103 123 124 126 13 15 16 
97 103 123 125 15 16 
97 99 103 125 126 

