64 469
19 25 37 38 49 50 64 29 30 31 32 33 
19 26 51 59 45 
27 53 54 55 4 5 39 40 41 
27 53 54 55 3 5 39 40 41 
27 55 3 39 40 41 42 43 44 
25 36 37 38 
18 21 57 11 
18 21 57 17 
18 21 57 10 
21 57 9 
18 21 57 22 
24 56 
24 56 47 14 
24 56 47 13 
24 15 
21 57 17 8 
21 16 8 
19 21 24 25 57 36 37 38 48 7 60 61 62 63 8 9 10 11 22 23 20 46 58 
18 25 26 36 37 38 49 50 51 52 64 1 2 29 30 31 32 33 34 35 59 
18 48 60 61 62 63 23 
18 24 48 7 60 17 8 9 10 11 22 
18 21 48 7 60 11 23 
18 48 60 22 20 
18 21 56 47 12 13 14 15 
18 19 36 37 38 49 50 51 64 1 6 28 29 30 31 32 33 34 
19 27 51 52 2 59 45 
26 53 54 55 3 4 5 39 40 41 42 
25 36 37 38 64 29 
19 25 38 64 1 28 
19 25 37 38 49 50 64 1 31 32 33 
19 25 38 49 1 30 32 33 
19 50 1 30 31 33 
19 25 50 30 31 32 
19 25 49 50 51 
19 50 51 34 
18 19 25 38 48 61 62 63 64 46 58 6 28 
18 19 25 38 49 64 6 28 29 30 
18 19 25 36 37 49 64 1 6 28 29 30 31 
27 54 55 3 4 5 40 41 
27 54 55 3 4 5 39 41 42 
27 54 55 3 5 39 40 
27 54 55 5 40 43 44 
55 5 42 44 
55 42 43 44 
26 52 2 59 
18 36 48 62 20 58 
24 56 12 13 14 
21 60 61 62 23 20 46 58 
19 25 37 38 50 51 64 1 30 31 32 33 34 
19 25 1 30 32 33 34 35 
19 25 26 49 50 2 34 35 
19 26 52 
27 54 3 4 
27 53 55 3 5 39 40 41 42 
27 3 4 5 39 40 41 42 43 44 
24 47 12 13 14 
18 21 7 16 8 9 10 11 
48 46 
19 26 2 45 
18 21 48 61 62 22 23 20 
18 36 48 60 62 63 23 20 46 
18 36 48 61 63 23 20 46 
18 36 48 61 62 20 46 58 
25 36 37 49 1 28 29 30 

