142 912
82 83 105 2 
106 1 
59 71 4 
59 70 71 3 
59 71 
59 108 7 8 
59 108 109 8 
59 109 6 7 
72 9 10 
84 9 11 
72 84 110 10 12 13 14 
72 84 110 11 13 14 
72 84 110 11 12 14 
84 110 11 13 
67 73 85 86 
62 67 68 87 111 17 
62 63 68 87 88 112 16 
62 63 68 87 88 89 112 113 
62 63 68 88 89 113 114 20 
62 63 68 88 89 113 114 19 
62 63 68 114 115 22 
62 63 90 116 
91 116 117 24 
91 116 117 23 
74 91 24 
58 74 27 
58 74 26 
92 93 119 
58 60 92 93 120 
60 94 
96 97 122 123 32 33 34 
96 97 123 31 33 34 
96 97 31 32 34 35 
76 97 31 32 33 35 
76 97 124 34 
76 97 124 125 126 
61 77 127 128 129 38 39 
77 128 129 
61 77 37 38 40 
61 77 130 39 
61 98 132 133 
64 65 100 136 
64 65 100 136 42 
64 65 66 45 
64 65 66 44 
64 65 66 137 47 48 49 
64 65 66 137 46 48 49 
65 66 137 46 47 49 
65 66 137 47 48 
66 51 
65 66 50 
101 53 54 
52 54 
101 52 
78 101 56 
101 55 
78 79 101 
60 62 63 68 74 75 91 92 93 94 95 118 119 120 26 27 28 29 
70 71 72 82 83 108 109 3 4 5 6 7 8 
58 61 75 76 92 93 94 95 96 120 121 123 30 
60 64 65 66 76 77 98 99 127 128 129 130 131 132 133 134 135 37 38 39 40 41 
58 63 67 68 73 74 87 88 89 90 91 111 112 113 114 115 116 16 17 18 19 20 21 22 
58 62 67 68 74 87 89 90 91 112 113 114 115 116 117 17 18 19 20 21 22 
61 65 66 99 100 134 135 136 137 42 43 44 45 46 47 
61 64 66 78 100 101 136 137 42 43 44 45 46 47 48 49 50 51 
61 64 65 78 100 101 136 137 43 44 45 46 47 48 49 50 51 66 52 
62 68 72 73 84 85 86 110 111 15 16 
58 62 63 67 87 88 89 90 111 112 113 114 115 16 17 18 19 20 21 
78 101 103 138 69 
59 71 82 83 105 106 107 1 2 3 4 
70 107 3 4 5 
59 67 73 84 85 110 9 10 11 12 13 14 
62 67 72 84 85 86 111 73 15 
58 62 63 91 118 25 
58 60 94 96 121 122 30 
60 61 97 124 125 126 127 35 36 
61 128 129 130 131 77 37 38 39 40 
65 66 69 80 101 138 55 56 
69 78 80 101 102 103 138 57 
69 78 79 102 103 138 
82 104 139 140 141 142 
59 70 81 83 104 105 106 142 
59 70 81 82 105 1 
67 72 85 110 10 11 12 13 14 73 
67 72 73 84 86 15 
67 85 
62 63 67 68 88 89 111 112 113 16 17 
62 63 68 87 89 112 113 114 17 18 19 20 
62 63 68 87 88 90 112 113 114 18 19 20 
62 63 89 91 114 115 116 117 22 
58 62 63 74 90 115 116 23 24 25 
58 60 93 119 120 29 
58 60 92 94 95 120 28 29 
58 60 75 93 95 30 
58 60 93 94 
75 97 121 122 123 31 32 33 
76 96 124 125 126 31 32 33 34 35 36 
61 64 99 132 133 134 135 41 
61 64 98 132 133 134 135 
64 65 66 42 
65 66 69 78 79 80 52 53 54 55 56 57 
69 78 79 80 103 
69 79 80 102 138 
81 82 139 140 141 142 
82 106 1 
70 82 83 105 1 2 
59 70 5 
59 6 7 
59 7 8 
67 84 11 12 13 14 73 
62 67 68 73 87 16 
62 63 87 88 89 113 17 18 
62 63 87 88 89 112 114 18 19 20 
62 63 68 88 89 90 113 19 20 21 
62 63 68 90 91 116 117 21 22 
62 63 91 115 117 23 24 
90 91 115 116 22 23 24 
58 74 118 
58 92 28 
58 60 92 93 29 
60 75 96 122 
75 96 123 
60 96 31 32 
97 125 35 36 
76 97 124 36 
76 97 124 125 
61 76 77 128 37 
61 77 127 129 37 38 
61 77 127 37 38 39 
61 77 131 40 
61 77 130 
61 98 99 133 41 
61 99 132 41 
61 64 98 99 135 
61 64 98 99 
64 65 66 100 42 43 
64 65 46 47 48 49 
69 78 79 80 102 103 
81 104 140 141 
81 104 139 141 
104 139 
81 82 

