56 298
43 47 48 55 56 2 33 28 35 36 
43 47 55 56 1 33 28 35 36 
44 34 37 3 38 39 
40 29 5 6 
40 29 4 6 
40 4 5 7 
40 6 
40 9 
40 49 8 
40 41 49 50 
41 12 13 
13 14 15 
41 11 12 14 15 
41 12 13 15 16 
41 51 12 13 14 16 
41 51 14 15 
42 19 
42 52 17 19 
42 52 17 18 20 
45 52 19 
46 21 22 
53 30 21 
53 30 
53 54 30 31 32 
43 47 54 31 32 26 
43 47 54 32 25 
43 47 56 1 
43 47 48 1 2 33 35 
40 4 5 
53 31 32 23 
54 30 24 
43 53 54 30 31 24 25 26 
43 44 1 2 35 36 
44 3 37 39 
43 1 2 33 28 36 
1 2 35 
44 3 34 
44 3 34 39 
44 3 34 38 39 
41 42 49 50 29 4 5 6 7 8 9 10 
40 42 49 50 51 10 11 12 13 14 15 16 
40 41 45 51 52 18 19 20 
44 47 48 53 54 55 56 1 2 32 33 25 26 27 28 35 
43 3 33 34 37 38 39 
42 46 52 
45 21 
43 48 54 55 56 1 2 26 27 28 
47 54 56 1 27 28 
40 41 50 8 9 
40 41 10 
41 15 51 
42 45 17 18 19 20 52 
43 54 30 31 22 23 
43 47 48 53 55 56 31 32 24 25 26 
43 47 48 54 56 1 2 27 
43 47 54 55 1 2 27 

