94 526
2 7 9 10 14 26 27 28 29 50 51 52 53 54 55 56 57 58 59 60 
1 3 4 11 15 16 30 31 32 66 67 68 69 70 71 72 73 74 75 76 
2 4 5 16 17 74 75 76 77 78 79 80 3 
2 3 5 17 33 34 35 82 83 84 85 
3 4 6 17 18 19 20 33 35 36 37 85 86 87 
5 38 39 90 91 92 93 
1 8 12 13 21 22 40 41 43 44 45 
7 12 13 21 40 41 42 43 44 
1 10 14 55 56 57 58 59 
1 9 14 56 57 58 59 60 
2 15 30 31 63 64 65 66 
7 8 13 21 22 42 44 45 
7 12 21 22 23 24 45 46 47 48 
1 9 10 55 56 
62 63 64 65 66 
2 3 32 69 71 72 
3 5 18 33 34 81 82 83 84 
4 5 17 19 34 35 85 86 
5 20 35 36 37 87 
5 19 36 37 87 88 89 
7 8 12 13 22 43 44 45 46 
7 12 13 21 45 46 47 48 
13 24 25 26 47 49 
13 23 25 26 48 49 
23 24 26 27 49 50 
1 23 24 25 27 28 49 50 51 
25 26 28 49 50 51 
1 26 27 50 51 52 
61 62 
2 11 67 68 
2 67 68 
2 3 16 72 73 74 
4 5 17 81 82 83 84 
4 5 17 18 33 84 
4 5 18 19 85 87 
5 19 20 37 87 88 
5 19 20 36 89 
6 39 90 91 92 93 94 
6 38 92 93 94 39 
7 8 41 42 
7 42 
7 8 12 40 41 43 
7 8 12 21 42 44 
8 12 43 
7 12 46 
13 21 22 45 47 48 
13 22 23 46 48 
13 22 23 24 46 
23 24 25 26 27 50 
1 25 27 28 49 
1 26 50 
1 28 53 54 
1 52 54 
1 52 53 
1 9 
9 10 14 
9 10 58 59 
1 9 10 57 59 
1 10 57 58 60 
10 59 
29 61 
15 29 61 63 64 
11 15 62 64 
11 15 62 63 
11 15 
2 11 15 30 
2 30 31 68 69 
2 30 31 67 
2 16 67 68 
2 16 72 
16 70 72 
2 16 32 70 71 73 
2 16 32 
2 3 32 75 76 
2 3 32 74 76 
2 3 74 75 
78 79 
3 77 79 
3 77 78 80 
3 79 
4 17 33 82 84 
4 17 33 81 83 84 
4 17 33 81 82 84 
4 17 33 34 81 82 83 
4 5 18 35 86 
5 18 35 85 
5 20 35 36 
20 36 37 89 
20 37 88 89 
6 91 
6 38 
6 38 39 93 
6 38 39 94 
38 92 93 

