520 3723
2 3 4 5 7 8 9 10 11 12 18 19 20 21 22 23 39 40 41 42 43 78 79 80 81 82 83 84 85 86 87 88 137 140 142 143 144 145 146 147 148 149 150 151 152 153 154 155 156 157 158 159 160 264 269 270 298 328 
1 14 28 29 30 61 62 63 96 97 98 99 100 101 197 198 199 200 201 202 203 204 205 206 207 208 209 210 
1 4 8 18 19 20 21 39 77 78 79 126 127 128 129 130 131 132 133 134 135 136 137 138 139 140 141 142 269 270 298 328 
1 3 8 9 10 11 21 22 40 41 83 84 148 149 151 152 153 154 155 
1 12 13 44 45 46 47 48 49 50 90 168 169 170 171 172 173 174 175 
16 17 33 34 35 36 70 71 72 73 74 117 237 238 239 240 241 242 243 244 245 
1 3 8 18 19 20 39 78 79 129 130 131 132 133 134 135 136 137 138 139 140 141 142 
1 3 4 7 9 20 21 80 81 82 83 143 144 145 146 147 148 
1 4 8 10 11 21 22 40 41 84 148 150 151 152 153 
1 4 9 11 22 40 
1 4 9 10 22 40 41 85 155 156 
1 5 44 45 46 89 90 167 168 169 170 
5 24 49 50 51 52 53 54 55 91 93 94 176 177 178 179 180 
2 15 30 31 63 64 65 66 103 104 105 106 212 213 214 215 216 
14 32 64 65 66 67 68 107 108 218 219 220 221 222 223 224 225 
6 32 69 110 111 112 113 114 115 116 230 231 232 233 234 235 
6 37 38 74 75 76 120 121 122 123 252 253 254 255 256 
1 3 7 77 126 127 128 129 130 131 132 133 
1 7 20 39 79 136 137 138 140 141 142 
1 3 7 8 19 39 78 79 80 142 143 144 
1 3 4 8 9 80 81 82 83 145 146 147 148 149 
1 4 9 10 11 40 41 84 150 151 152 
1 42 43 86 87 88 159 161 162 163 
13 25 26 53 54 55 92 93 94 181 182 183 184 
24 26 27 56 184 185 186 187 188 189 190 
24 25 27 56 57 58 184 185 186 187 188 189 190 
25 26 56 57 58 187 188 189 190 191 
2 29 63 100 101 102 208 209 210 211 
2 28 63 101 102 209 210 211 
2 14 31 64 103 104 212 213 214 
14 30 63 64 65 66 103 104 105 106 213 214 215 216 
15 16 69 226 227 228 229 
6 34 35 70 71 72 238 239 240 241 242 243 
6 33 35 36 70 72 239 240 241 242 243 
6 33 34 36 71 72 241 242 243 
6 34 35 73 74 117 118 119 244 245 246 247 248 249 
17 38 75 76 121 122 123 254 255 256 257 
17 37 123 124 257 258 38 
1 3 7 19 20 78 79 137 138 139 140 141 142 
1 9 10 11 22 41 84 150 151 152 153 
1 4 9 10 11 22 40 154 155 
1 23 86 87 159 160 
1 23 88 160 162 163 164 165 166 43 
5 12 45 46 89 90 167 168 
5 12 44 46 89 90 167 168 
5 12 44 45 169 170 
5 48 49 175 
47 49 175 
5 13 47 48 50 51 52 91 176 
5 13 49 52 91 177 
13 49 50 52 53 54 91 92 176 177 178 179 180 
13 49 50 51 53 54 91 176 177 178 179 180 
24 51 52 54 91 92 93 177 178 179 180 
13 24 51 52 53 55 92 93 94 
13 24 54 92 93 94 181 
25 26 27 57 58 191 
26 27 56 58 191 192 193 
26 27 56 57 191 192 193 
60 193 194 195 
59 95 194 195 196 
2 62 97 99 199 200 
2 61 99 201 202 203 204 205 206 
2 14 28 29 30 31 103 104 212 
14 15 30 31 65 66 104 105 106 214 215 216 217 
14 15 64 66 105 106 216 217 218 219 220 221 
14 15 31 64 65 106 107 216 217 218 219 220 221 
15 107 108 109 222 223 224 
15 32 109 225 226 227 228 
16 32 110 111 112 230 231 232 233 234 
6 33 71 72 238 239 241 
6 33 34 35 70 239 240 241 242 243 
6 33 34 35 70 71 239 240 241 242 243 
6 36 74 117 118 244 245 246 247 248 249 
6 17 36 73 117 118 119 120 247 248 249 250 251 
17 37 76 121 122 123 253 254 255 256 
17 37 75 122 123 253 254 255 256 257 
18 126 127 
1 3 7 19 20 39 79 137 138 139 140 141 142 
1 3 7 19 20 78 137 138 139 140 141 142 
1 8 20 21 81 143 144 145 
1 8 21 80 82 144 145 146 
1 8 146 147 
1 4 8 21 82 147 
1 9 22 40 148 149 150 151 
1 86 156 157 158 
1 23 42 85 158 159 
1 23 42 159 
1 23 43 160 161 162 163 164 165 
12 44 45 167 
5 12 45 46 168 
13 49 50 51 52 176 177 179 
13 24 51 52 54 55 93 180 
13 24 52 53 54 55 92 
13 24 54 55 181 182 
59 60 194 195 196 
2 197 
2 61 98 99 
2 61 97 99 199 200 201 
2 62 97 98 200 201 202 
2 28 207 208 
2 28 29 102 209 
2 28 29 210 211 
14 30 31 104 212 213 
14 30 31 63 64 103 212 214 
14 31 64 65 66 106 214 215 216 
14 31 64 65 66 105 216 217 218 
66 67 108 221 222 223 
15 67 107 223 224 225 
15 67 68 108 223 224 225 
16 69 111 112 232 233 234 235 
16 69 110 112 232 233 234 235 
16 69 110 111 113 114 232 233 234 235 
16 114 116 236 
16 112 113 115 236 
16 114 237 
16 113 114 115 236 
6 36 73 74 118 244 245 246 247 248 249 
36 73 74 117 119 246 249 250 251 
36 74 118 246 247 248 249 250 251 
17 74 121 252 
37 75 120 252 253 
17 76 123 254 255 256 257 
17 37 38 75 76 122 256 257 
38 259 260 262 263 
77 126 
3 18 77 127 
3 18 77 126 
3 18 
7 130 
3 7 18 129 131 132 133 134 
3 7 18 130 132 133 134 135 
3 7 18 130 131 133 134 135 
3 7 18 130 131 132 134 135 136 
3 7 130 131 132 136 
3 7 131 133 134 
3 7 133 134 135 
1 3 7 19 39 78 79 138 139 140 
3 19 39 78 79 137 139 140 141 
3 7 19 39 78 79 137 138 140 141 
1 3 7 19 39 78 79 137 139 141 142 
3 7 19 39 78 137 138 139 142 
1 3 7 19 20 39 78 140 141 
1 8 20 80 144 
1 8 20 80 81 143 145 
1 8 21 80 81 144 
8 21 81 82 83 147 
1 8 21 82 83 146 
1 4 8 9 21 83 149 
1 4 21 83 84 148 
1 4 9 22 40 84 152 
1 4 84 152 
1 4 9 22 40 150 151 153 
1 4 9 40 152 
1 4 10 11 41 155 
1 4 10 11 
1 11 85 157 158 
1 85 156 158 
1 85 86 156 
1 23 42 86 87 
1 23 42 43 88 161 162 163 
23 88 160 162 163 
23 43 88 160 161 163 164 
23 43 160 161 162 164 165 
43 88 162 165 
43 88 163 164 166 
165 43 
12 44 45 
12 44 45 46 90 
5 46 171 
5 12 46 169 171 
5 169 170 172 173 174 
5 174 
5 172 174 
171 172 173 
5 47 48 
13 49 50 51 52 91 177 
13 50 51 52 53 91 176 178 179 180 
13 51 52 53 91 177 179 
13 51 52 53 91 177 178 180 
13 51 53 92 177 178 179 
24 55 94 182 183 
24 94 
24 181 182 
25 185 186 
25 26 184 186 187 188 
25 184 185 187 188 189 
25 26 27 185 186 188 189 190 
25 26 27 185 186 187 189 190 
25 26 27 187 188 190 
25 26 27 187 188 189 
27 56 57 58 
57 58 59 193 
57 58 59 192 
59 60 195 196 
59 60 194 196 
60 95 194 195 
2 198 
2 96 197 
2 61 97 98 200 
2 61 97 98 99 199 
2 61 62 99 202 
2 62 99 201 203 
2 62 202 204 206 
2 202 203 205 206 
2 203 204 206 207 
2 62 204 205 207 
2 100 204 205 206 
28 100 
2 101 
2 28 29 102 
28 29 102 210 
14 31 63 103 104 
30 31 103 212 214 
14 30 31 64 104 105 213 215 
14 64 104 105 214 
14 31 64 65 66 105 106 218 219 
64 65 106 216 218 219 
15 65 66 216 217 219 220 
15 65 66 216 217 218 220 221 
15 65 66 217 218 219 221 
15 65 66 107 219 220 222 
15 67 221 
15 67 107 108 109 224 
15 67 108 109 225 
15 68 108 224 
32 227 228 
32 68 226 229 
32 68 227 229 
32 68 226 228 
32 69 231 
16 69 230 
16 69 110 111 112 233 234 235 
16 69 110 111 112 232 235 
16 69 110 111 112 232 233 235 
16 110 111 112 
113 114 115 116 237 
6 115 116 236 
6 33 70 237 
6 33 34 70 71 72 240 241 242 
6 33 34 70 71 72 239 241 242 
6 33 34 35 70 71 72 239 240 242 
33 34 35 71 72 239 241 
6 33 34 35 71 72 
6 36 73 117 245 
6 36 73 117 
36 73 74 117 118 119 247 
36 73 74 117 119 246 248 
36 73 74 117 118 246 247 249 250 251 
36 73 74 117 118 119 246 247 248 250 251 
74 118 248 249 251 
74 118 119 248 249 250 
74 120 121 
17 37 75 76 121 254 255 
17 37 75 76 122 253 256 
17 37 75 122 253 254 
37 75 76 122 123 254 257 
37 38 76 122 123 256 
38 259 
124 258 260 261 262 
124 259 262 263 
259 260 262 263 
124 260 263 
124 260 261 262 
265 268 272 273 276 277 278 279 280 293 294 312 313 314 315 316 317 348 350 351 352 353 354 355 356 357 358 359 360 453 454 455 456 457 458 459 460 461 462 463 464 465 466 467 468 469 470 471 472 473 
264 266 271 274 275 283 284 285 286 287 288 330 331 332 333 334 335 404 405 406 407 408 409 410 411 412 
265 267 271 274 275 282 283 284 285 299 300 301 302 303 329 391 392 393 394 395 396 397 
266 271 282 299 387 
264 272 276 292 310 311 312 346 347 348 443 444 445 446 447 448 449 450 452 
270 281 297 298 328 380 381 382 383 384 385 509 510 269 511 512 513 514 515 516 517 518 
7 269 298 328 384 385 386 511 512 513 514 516 517 518 519 270 520 
266 267 274 282 283 284 285 300 301 302 329 391 392 393 394 395 396 
264 268 276 291 292 310 311 346 347 439 440 441 442 443 444 445 446 447 448 
264 281 295 296 321 322 323 324 371 372 373 374 375 376 490 491 492 493 494 495 496 497 498 499 
265 266 271 275 282 283 284 285 300 301 302 329 392 393 394 395 396 
265 266 271 274 283 284 285 300 301 302 303 329 395 396 397 
264 268 291 292 310 311 346 347 440 441 442 443 444 445 446 447 448 
264 293 294 314 315 352 353 457 458 459 460 461 462 463 
264 294 355 356 357 358 468 469 
264 280 317 361 362 363 364 477 478 479 
264 279 363 364 365 366 478 479 481 482 483 484 485 
269 273 297 324 325 326 327 377 378 379 503 504 505 506 507 
266 267 271 299 300 391 
265 266 271 274 275 284 285 302 303 329 396 397 
265 266 271 274 275 283 285 303 330 397 398 399 400 
265 266 271 275 283 284 302 303 330 397 398 399 400 
265 287 304 334 335 407 408 409 410 411 
265 286 288 411 412 
265 287 412 413 288 
290 305 306 339 421 422 423 424 
289 305 339 421 422 423 424 
268 272 276 309 310 341 342 343 344 345 437 438 
264 268 272 276 346 347 447 448 449 450 451 
264 277 313 314 351 352 455 456 457 
264 277 278 314 315 353 354 355 463 464 465 466 467 
273 318 320 367 368 369 370 486 487 
273 321 322 323 373 374 375 492 493 494 495 496 497 498 
269 281 325 326 327 377 378 379 505 506 507 
125 269 270 328 385 386 520 
266 267 282 387 388 389 390 
266 271 274 275 282 329 392 393 394 395 
266 271 274 275 300 329 392 393 394 395 
266 271 274 275 283 284 285 303 329 397 
266 275 283 284 302 
265 286 335 406 407 408 409 
289 290 306 339 422 423 424 425 
289 305 307 339 424 425 427 428 429 
306 339 340 427 428 429 430 431 
309 340 430 431 432 433 434 435 
291 308 341 342 343 436 
268 272 276 291 311 344 345 437 438 439 
268 272 276 310 346 439 440 441 442 443 444 445 
268 349 
264 293 350 351 
264 277 293 294 315 457 458 459 460 461 462 463 
264 277 294 314 353 461 462 463 464 
264 359 360 471 472 473 
264 280 362 363 364 477 478 
295 319 368 486 
295 318 320 369 370 488 
295 369 370 487 488 
273 370 371 372 488 489 490 491 492 
296 323 373 374 375 493 494 495 496 497 
273 296 322 373 374 375 493 494 495 497 498 
273 325 326 376 377 500 501 502 503 
281 297 324 326 377 378 501 502 505 
281 297 324 325 377 378 502 503 504 505 
281 297 506 507 
77 125 269 270 298 386 520 
271 274 275 283 300 301 302 394 395 396 
265 284 285 398 399 400 401 402 403 
265 330 401 402 403 404 
333 405 
265 332 405 406 
265 335 407 408 
265 286 304 334 408 410 
338 415 416 
336 338 414 415 416 
336 337 414 415 416 417 
289 290 305 306 307 424 425 426 427 428 
306 307 308 428 430 431 432 
309 342 436 
291 309 341 343 436 
309 341 342 
291 310 345 437 438 
291 310 344 437 438 
268 272 276 292 311 443 444 445 446 
272 276 447 448 
264 268 312 349 452 
312 348 452 
264 453 
264 293 313 352 453 454 455 
264 277 293 351 455 456 
264 277 294 315 354 464 465 466 467 
264 294 353 355 464 465 466 467 468 
264 278 294 465 466 467 468 469 
264 278 
264 278 358 359 470 
264 278 357 470 471 472 
264 316 358 470 471 
264 316 473 474 
264 279 477 
279 280 317 363 364 477 478 
279 280 317 362 364 478 479 
279 280 362 363 478 
280 366 480 481 482 483 484 
280 365 482 483 484 485 
295 486 
295 318 486 
295 319 320 370 487 488 
295 319 320 321 369 371 372 488 489 
273 321 370 372 488 489 490 
273 321 370 371 488 489 490 491 
273 296 322 323 374 375 494 495 497 
273 296 322 323 373 375 494 496 497 498 499 
273 296 322 323 373 374 494 496 498 499 
273 324 500 
324 325 326 378 501 502 503 504 505 
281 297 325 326 327 377 379 506 
281 297 327 378 506 
281 381 508 
269 380 382 508 
269 380 381 509 510 
510 269 
269 270 385 514 515 516 517 518 
269 270 298 384 518 519 
270 298 328 520 
267 299 388 387 
299 387 389 390 
299 388 390 
299 388 389 
266 271 282 
266 274 300 301 393 
266 271 300 392 
266 271 274 275 300 395 396 
266 271 274 275 301 329 394 
266 271 274 275 283 329 394 395 
266 275 283 284 285 302 303 398 
284 285 303 330 397 399 400 
284 285 330 398 400 402 
284 285 330 398 401 402 403 
331 399 400 403 
330 331 399 400 401 403 
330 331 401 402 
265 331 
332 333 
265 304 333 407 
265 286 304 334 406 408 
265 286 304 334 335 
265 286 304 335 410 
265 286 335 409 411 
265 286 287 410 
265 287 288 413 
288 412 
336 337 338 415 416 
336 337 338 414 416 
336 337 338 414 415 
338 418 420 
417 419 420 
417 418 420 
417 418 419 421 
289 290 420 
289 290 305 423 
289 290 422 424 
289 290 305 306 339 423 425 426 
305 306 424 426 427 
306 339 424 425 427 
307 425 428 
306 307 339 427 429 
306 307 340 428 
307 308 340 431 432 
307 308 340 430 432 
308 340 430 431 433 
308 432 434 435 
308 433 435 
433 434 
309 342 
291 310 344 345 438 439 
291 310 344 345 437 439 
272 310 311 437 438 440 
272 276 311 439 442 443 
272 276 311 442 444 
272 276 311 440 441 443 444 
268 272 276 311 346 440 441 442 444 445 
268 272 276 311 346 441 443 445 
268 272 276 311 346 442 444 
268 272 276 346 
268 292 
268 272 276 292 347 447 449 450 451 
268 292 448 450 451 
268 292 448 449 451 
268 292 449 
312 348 349 
264 350 351 454 
264 313 351 453 455 
264 293 351 352 454 456 
264 293 352 455 
264 277 293 314 459 460 
264 314 457 459 
264 277 314 457 458 460 
264 277 314 457 458 459 
264 277 314 315 462 463 
264 277 314 461 463 
264 277 294 314 461 462 
294 315 353 354 
264 294 353 354 355 466 467 468 
264 353 354 355 467 468 
264 294 353 354 355 465 466 468 469 
264 278 354 465 466 467 469 
264 278 355 468 
264 357 358 359 471 472 
264 316 358 359 470 472 
264 316 358 359 470 471 
264 316 474 475 476 
360 473 475 476 
473 474 
473 474 475 
279 317 361 
279 280 317 362 363 364 479 
279 280 363 364 478 480 481 
280 364 365 479 481 482 483 
280 365 479 480 483 484 
280 365 366 480 481 483 484 
280 365 366 480 482 484 
280 365 366 481 482 483 
280 365 366 
295 367 368 
319 369 
319 320 321 369 370 372 
321 370 372 488 
273 321 372 491 492 
273 321 372 490 
273 296 321 490 491 493 
273 322 323 373 492 
273 296 322 323 373 374 375 495 496 497 
273 296 322 323 373 374 494 497 
296 322 323 373 374 375 494 495 497 498 
273 296 322 373 374 375 494 495 496 498 499 
273 296 322 323 375 496 497 499 
273 374 375 497 498 
376 501 502 
324 325 377 500 502 
324 325 326 377 500 501 504 
281 324 325 326 377 502 505 
281 325 326 377 502 503 505 
281 297 325 326 377 378 503 504 
281 297 327 378 
281 297 327 
380 381 
269 382 510 
269 382 383 
269 270 512 513 
269 270 511 513 
269 511 512 
269 270 515 516 517 
269 270 384 514 516 517 
270 384 514 515 517 
270 384 514 515 516 
269 270 385 
385 518 270 
270 298 328 386 

