196 1247
2 3 7 12 19 20 21 35 36 37 38 39 40 41 42 43 44 84 85 86 87 88 89 90 91 92 93 94 95 96 168 169 170 171 172 173 174 175 176 177 178 179 180 181 1 
1 3 12 19 20 21 43 44 45 90 91 92 93 94 96 97 98 177 178 179 180 181 182 183 184 185 
1 2 12 19 20 21 43 44 45 46 47 97 98 99 100 185 186 187 188 
8 14 115 116 117 118 119 120 121 4 
9 14 24 25 26 27 61 123 124 125 126 
15 16 17 31 63 131 132 133 134 135 136 137 
1 36 37 38 39 40 80 81 82 83 84 85 166 167 168 
4 22 23 52 53 54 55 56 111 112 113 114 115 
5 27 28 29 125 126 127 
32 33 69 70 71 72 147 148 149 150 151 152 153 154 155 156 
18 34 75 76 161 162 163 164 
1 2 3 13 21 45 46 47 99 100 101 187 188 189 190 
12 48 49 50 102 191 192 13 
4 5 24 25 26 58 59 60 122 123 
6 16 29 30 128 129 130 131 
6 31 130 131 132 
6 31 63 64 135 136 137 138 139 
11 76 164 
1 2 3 20 43 44 96 182 184 
1 2 3 19 43 44 96 182 183 184 185 
1 3 12 44 45 97 98 99 
8 23 52 53 104 105 106 107 108 109 110 111 
8 22 52 53 54 55 56 108 109 110 111 112 113 
5 14 25 26 58 59 60 122 
5 14 24 26 59 60 123 
5 14 24 25 60 123 
9 124 125 126 
9 29 30 61 62 127 128 
9 15 28 30 62 128 
15 29 62 128 129 130 
16 17 63 132 133 134 135 
10 65 66 67 68 140 141 142 143 144 145 146 
10 69 70 71 72 152 153 154 155 156 157 
11 18 77 78 164 165 
1 36 37 38 80 81 82 83 166 167 
1 7 37 38 80 81 82 166 167 
1 7 35 36 38 81 82 83 166 167 
1 35 36 39 84 167 
1 7 84 
1 7 41 85 86 87 168 
1 40 42 85 86 87 88 89 
1 41 87 88 89 172 
1 2 3 19 20 44 96 97 98 185 186 
1 2 19 20 21 43 45 97 98 185 186 
12 21 44 97 98 99 
3 12 47 100 101 187 188 189 190 
3 12 46 100 101 188 
13 49 102 
13 48 102 191 
13 51 103 193 194 195 
50 103 194 195 196 
22 23 53 54 106 107 108 109 110 111 112 
8 22 52 54 108 109 110 111 112 113 
8 23 52 53 55 110 111 112 113 
23 53 111 112 113 
8 23 114 
4 116 117 118 119 120 121 
24 59 122 
14 24 122 
5 14 24 25 26 123 
5 9 28 127 
28 29 30 128 
6 17 31 133 134 135 136 
17 65 66 138 139 
32 64 66 67 139 140 141 
32 64 67 68 140 141 142 143 144 
32 65 66 68 140 141 144 145 
32 66 67 140 141 142 144 145 
10 33 70 71 149 150 151 
10 33 69 71 151 152 
10 33 70 152 153 155 
10 33 73 156 157 158 159 160 
72 158 159 160 
11 75 159 160 161 162 
74 161 
11 18 34 77 163 164 165 
18 34 76 165 
34 79 
35 78 80 
7 35 36 79 81 82 166 
7 35 36 37 80 82 83 167 
7 35 36 37 80 81 166 167 
7 35 37 38 81 82 166 167 
1 7 38 
1 7 40 41 86 87 168 169 
1 40 41 85 87 88 
1 41 42 85 86 88 89 
1 41 42 86 87 89 
1 41 42 87 
1 2 91 92 93 175 176 
1 2 90 92 93 94 175 176 177 178 
1 2 90 91 93 94 175 176 177 178 
1 90 91 92 94 175 176 177 178 
1 92 93 178 179 
1 2 180 181 
1 2 19 20 43 182 184 
2 3 21 44 45 98 185 186 
2 3 21 43 44 45 97 186 
3 12 21 45 
3 12 46 47 101 188 189 190 
12 46 100 190 
13 48 
51 194 195 
22 105 
22 104 
22 52 107 108 
22 52 106 109 110 
22 23 52 53 106 107 109 110 111 112 
22 23 52 53 107 108 110 111 
22 52 53 54 108 109 111 112 
8 22 23 52 53 54 55 108 109 110 112 113 
8 23 52 54 55 108 109 110 111 113 
23 53 54 55 111 112 
8 56 
4 8 
4 57 117 118 
4 118 
4 57 116 117 119 120 
4 118 120 121 
4 57 118 119 121 
4 120 
24 58 
5 14 24 25 60 
5 27 
5 9 27 
5 9 27 125 
9 127 
15 28 29 30 62 
15 30 130 
15 16 30 129 
6 132 
6 31 131 
31 63 134 
6 31 63 
6 17 31 63 136 
6 17 63 135 137 
6 17 
17 64 139 
17 64 65 138 
32 65 66 67 68 141 142 143 144 145 
32 65 66 68 140 142 143 144 
32 66 67 68 141 143 144 
32 66 68 140 141 142 144 145 
32 66 67 68 140 141 142 143 145 
32 67 68 140 141 142 143 144 
32 147 
10 146 148 149 150 
10 147 149 150 
10 69 147 148 150 
10 69 147 148 151 
69 70 150 
10 33 69 70 71 153 154 155 
10 33 70 71 152 154 155 
10 71 152 153 155 
10 33 71 152 153 154 
10 33 72 157 
33 72 156 158 
72 73 
72 73 74 158 160 
72 73 74 159 
11 74 75 
11 74 75 161 
11 18 76 164 
11 18 34 163 165 
18 34 76 77 
7 35 36 37 80 81 82 83 167 
7 35 36 37 81 82 83 166 
7 40 
1 85 168 
1 42 171 172 
1 42 170 172 173 
1 42 170 171 173 
1 172 174 
1 174 
1 90 91 92 93 176 
1 90 92 93 175 
1 2 91 92 94 
1 2 91 92 93 94 177 179 
1 2 94 178 
1 2 95 181 
1 2 95 180 
2 19 20 184 
2 19 96 182 184 
19 20 96 183 
2 3 20 43 44 97 186 
3 43 44 97 98 
3 12 
3 12 46 47 100 189 
12 46 47 100 101 188 190 
12 46 47 100 101 189 
13 192 
13 49 191 193 
192 194 
50 51 103 195 
50 103 194 196 
50 51 103 195 

