38 312
23 18 37 2 3 4 
18 19 1 3 4 5 
18 19 1 2 4 5 
18 1 2 3 5 
19 2 3 4 
20 24 25 28 7 8 
24 25 28 6 8 
20 24 25 6 7 9 
20 24 25 26 28 8 29 
20 21 26 27 11 12 29 30 31 32 33 
20 21 26 27 10 12 30 31 32 33 
20 21 26 27 10 11 13 33 34 
20 21 22 26 27 12 14 34 35 
20 21 22 23 27 13 34 35 
21 22 16 17 36 
22 23 17 
22 23 15 16 36 37 38 
22 23 19 37 38 1 2 3 4 
18 2 3 4 5 
21 22 23 24 25 26 27 28 6 8 10 11 12 13 14 29 30 31 32 33 34 35 
20 22 23 26 27 12 13 14 15 29 30 31 32 33 34 35 
20 21 23 26 27 13 15 16 17 18 34 37 38 
20 21 22 27 14 15 16 17 18 36 37 38 1 
25 28 6 7 8 9 
20 24 6 7 8 9 
20 22 27 9 10 11 12 13 30 31 32 33 
20 21 22 23 26 10 11 12 13 14 30 31 32 33 34 35 
20 25 6 7 8 9 
20 21 26 9 10 30 31 
20 21 26 27 10 29 31 32 33 
20 21 26 27 10 11 29 30 32 33 
20 21 26 27 10 11 29 30 33 
20 21 26 27 10 11 12 30 31 32 
20 21 22 27 12 13 14 35 
20 21 27 13 14 34 
22 23 15 16 
22 23 17 18 38 1 
22 23 17 18 37 1 

