79 499
26 44 5 2 3 4 17 18 
1 3 4 15 16 17 18 
1 2 15 16 17 
2 3 16 17 
10 26 44 5 1 2 18 
7 10 19 20 28 29 45 46 47 48 49 50 
6 8 9 11 21 30 31 51 52 53 54 55 56 57 58 59 60 61 
7 9 11 12 21 22 23 31 32 33 34 35 66 67 68 69 70 71 72 
7 8 11 21 22 23 31 32 33 62 63 64 65 66 67 
5 6 19 27 28 29 
7 8 21 22 23 31 32 33 62 63 64 65 66 67 
8 13 34 35 36 71 72 73 74 75 76 
12 14 37 38 75 76 77 
13 24 37 38 39 40 41 77 
2 3 4 
2 3 4 17 
1 2 3 4 16 
1 2 
6 10 28 29 
6 46 49 50 20 
7 8 9 11 22 31 32 33 60 61 62 63 64 65 
8 9 11 21 23 31 32 33 66 67 
8 9 11 22 33 67 
14 25 38 39 40 41 42 43 78 
41 42 
5 44 
10 27 
6 10 19 29 45 
6 10 19 28 
7 56 57 59 
7 8 11 21 22 32 33 61 62 63 64 65 
8 9 11 21 22 31 33 62 63 64 65 
8 9 11 21 22 23 31 32 62 63 64 66 
8 12 35 68 69 70 72 73 74 
8 12 34 68 69 70 71 72 74 
12 13 37 76 77 
13 36 38 39 77 
13 14 24 37 39 77 
24 37 
14 24 39 41 
14 24 25 40 42 43 78 79 
24 25 41 43 78 79 
24 41 42 78 79 
5 26 
6 19 28 29 
6 20 47 48 49 
6 46 48 49 50 
6 46 47 49 50 
6 20 47 50 
6 20 46 47 48 49 
7 52 53 54 
51 54 
7 51 52 54 55 
7 51 52 55 
7 53 54 56 
7 30 55 57 
7 30 56 
7 30 57 59 
7 58 
21 59 61 
7 21 31 60 
9 11 21 31 32 33 63 64 65 
9 11 21 32 33 62 64 65 
9 11 21 31 32 33 62 63 65 
9 11 21 31 32 33 62 63 64 
8 9 11 22 23 33 
8 9 11 22 23 
8 35 70 71 72 
8 34 35 68 70 71 72 
8 35 68 69 71 72 
8 12 34 68 69 70 72 73 
8 12 34 35 68 69 70 71 73 
12 34 35 71 72 74 
12 34 35 72 73 
13 36 76 
12 13 36 75 
13 36 37 38 
24 25 41 42 43 79 
25 42 43 78 

