31 200
10 11 12 13 14 15 16 17 18 
11 12 22 1 15 16 17 18 19 20 
22 4 5 6 19 21 23 
22 3 5 6 23 
22 3 6 23 
22 3 5 7 23 26 
22 6 26 25 28 
24 9 27 29 31 30 
24 8 31 
11 12 22 1 2 13 14 15 16 17 18 19 
12 22 1 2 13 14 15 16 17 18 19 
10 11 22 1 2 14 15 16 17 18 19 
10 11 1 14 
10 11 12 1 13 15 
10 11 12 2 14 16 17 
11 1 15 17 
10 11 12 1 2 15 16 18 
10 11 12 1 16 
10 11 12 22 3 20 21 
22 2 3 21 
22 3 19 
10 11 12 2 3 4 5 6 7 19 21 23 
22 3 4 
7 8 9 26 28 27 29 31 30 
24 7 26 28 27 29 
24 6 7 25 28 
24 8 25 29 31 30 
24 7 26 25 27 29 
24 8 25 28 27 31 30 
24 8 9 27 29 31 
24 8 27 

