29 230
20 12 13 
20 25 26 13 
20 25 26 4 
20 22 25 14 3 
19 20 21 22 27 15 
19 21 22 27 28 15 
21 23 24 29 16 17 8 
19 23 24 29 16 17 7 9 
19 23 24 29 16 17 18 8 
19 23 18 11 
23 18 10 
20 13 1 
20 25 12 1 2 
19 20 22 25 26 4 
20 21 22 27 5 
19 21 23 24 29 17 18 7 8 9 
19 21 23 24 29 16 18 7 8 9 
19 23 24 29 16 17 9 10 11 
20 21 22 23 24 25 26 27 28 29 14 15 16 17 18 11 6 7 8 9 10 
19 21 22 25 26 27 12 13 14 15 1 2 3 4 5 
19 20 22 23 24 27 28 29 15 16 17 5 6 7 
19 20 21 24 25 26 27 28 14 15 4 5 6 
19 21 24 16 17 18 7 8 9 10 11 
19 21 22 23 28 29 16 17 18 7 8 9 
19 20 22 26 13 14 2 3 4 
19 20 22 25 14 2 4 
19 20 21 22 15 5 6 
19 21 22 24 6 
19 21 23 24 16 17 18 7 8 9 

