80 503
2 3 4 5 10 11 23 24 25 26 27 28 29 30 31 32 54 55 56 57 58 59 60 61 62 63 64 
1 3 7 9 10 11 18 19 20 21 22 23 24 25 26 27 51 52 53 54 55 56 57 58 
1 2 4 10 11 27 28 29 30 56 57 58 59 60 61 62 63 
1 2 3 10 19 20 21 22 23 25 26 52 53 54 55 56 
1 8 12 13 35 36 37 38 39 69 70 71 72 73 
8 14 41 6 79 
2 9 17 44 45 46 47 48 49 50 
5 6 13 14 38 39 40 41 74 75 76 77 78 
2 7 18 51 
1 2 3 4 11 26 54 55 56 57 58 
1 2 3 10 27 28 58 59 
5 35 36 69 70 71 72 
5 8 38 39 40 74 75 76 77 
6 8 41 
16 42 43 79 80 
15 42 43 79 80 
7 45 46 47 48 49 50 
2 9 18 51 
2 4 20 21 22 51 52 
2 4 19 21 22 51 52 
2 4 19 20 22 23 52 53 
2 4 19 20 21 23 52 53 
1 2 4 21 24 25 26 52 
1 2 4 23 26 53 
1 2 4 23 24 26 
1 4 10 23 24 25 54 
1 2 11 28 59 60 
1 3 11 27 59 60 
1 3 61 62 63 
1 3 31 32 33 64 65 66 
30 32 33 64 65 66 
1 30 31 33 64 65 66 
30 31 32 34 66 67 
33 66 67 68 
5 12 36 68 69 
5 12 35 69 70 
5 12 38 71 72 73 
5 8 13 37 39 74 
8 13 38 40 74 
8 13 39 74 75 76 77 
6 8 14 78 41 
15 16 43 79 80 
15 16 42 
7 45 
7 17 44 46 47 48 
7 17 45 48 49 
17 45 46 48 49 50 
7 17 45 46 47 50 
46 47 48 50 
7 17 47 48 49 
2 9 18 19 20 
2 19 20 22 23 53 
2 4 21 22 23 24 52 
1 2 4 26 55 
1 2 10 54 
1 2 3 4 10 57 58 
3 11 56 58 
2 3 10 11 57 
1 3 11 27 28 60 
3 27 28 59 61 
3 29 60 63 
3 29 61 63 
1 3 29 61 
1 30 31 32 65 
30 31 32 
30 32 33 34 67 
33 34 66 67 
34 35 67 
5 12 35 36 
36 71 72 
5 12 70 72 
5 12 37 70 71 
5 37 38 39 
8 13 38 40 75 
39 40 74 
13 77 
8 13 76 
8 14 41 
6 15 42 80 
15 79 

