28 240
17 18 22 27 8 12 10 2 
17 18 22 27 8 12 10 1 3 4 
17 18 22 27 12 10 2 4 5 
17 22 23 27 11 2 3 6 
17 23 27 11 3 4 6 7 
17 22 23 27 11 3 4 5 7 
17 22 23 11 15 13 4 5 6 16 
17 18 22 27 12 10 1 2 3 
22 23 15 13 14 
17 18 22 27 8 12 1 2 3 
17 22 23 27 28 15 13 4 5 6 16 
17 18 22 27 8 10 1 2 
17 22 23 28 11 15 14 7 16 9 
23 28 15 13 
17 22 28 11 13 14 7 16 9 
17 22 23 28 11 15 13 7 
18 22 23 27 28 24 8 12 10 11 15 13 1 2 3 4 5 6 7 16 
17 22 27 21 24 8 12 10 1 2 3 
25 26 20 21 
26 19 21 
18 19 20 24 
17 18 23 27 28 8 12 10 11 15 13 1 2 3 4 5 6 16 9 
17 18 22 27 28 11 15 13 14 4 5 6 7 
17 18 21 
26 19 20 
25 19 20 26 
17 22 23 8 12 10 11 1 2 3 4 5 6 
17 22 23 15 13 7 16 9 

