114 684
2 3 9 18 19 20 21 22 23 24 25 39 40 41 42 43 68 69 70 71 72 73 74 75 76 78 79 80 81 82 
1 3 6 7 10 11 12 50 51 96 98 99 100 101 102 103 104 105 106 107 108 
1 2 7 10 11 12 26 27 28 29 48 49 50 90 91 92 93 94 95 96 
5 13 14 30 31 32 54 
4 8 13 15 31 32 55 56 57 
2 3 10 26 27 29 48 49 90 91 92 93 
2 3 11 12 51 100 101 102 103 104 105 106 
5 15 16 33 8 58 
1 19 20 41 71 72 73 74 75 
2 3 6 11 27 28 29 49 92 93 94 95 
2 7 10 12 50 96 97 98 99 
2 3 7 11 50 51 96 98 99 
4 5 14 30 31 32 55 56 57 
4 5 13 31 55 56 57 
5 33 8 58 
33 34 35 58 59 60 
16 34 35 36 61 62 63 
1 19 38 39 40 67 68 69 70 
9 18 20 39 40 41 69 70 
1 9 19 41 71 72 73 75 
1 9 22 42 76 77 78 79 80 81 
1 21 23 42 77 78 79 80 
1 21 24 42 82 
82 83 
1 44 45 85 86 87 
3 6 27 47 48 90 
3 6 10 26 28 48 91 92 
3 6 10 27 49 92 93 94 
3 6 10 28 49 93 94 95 
4 5 13 54 30 
4 5 13 14 32 55 56 57 
4 5 13 14 31 55 56 57 
8 15 16 34 35 58 59 60 
16 17 33 35 59 60 
17 34 60 
17 62 64 
38 64 65 66 
18 37 65 66 67 
1 18 19 40 41 68 69 70 
1 18 19 39 41 69 70 
1 9 19 20 39 40 70 71 72 
1 21 22 23 78 79 80 81 
1 25 44 84 86 
25 85 86 
25 46 87 45 
45 89 
26 88 89 
3 6 27 90 91 
3 6 10 28 29 93 94 95 
2 3 11 96 97 98 99 
2 7 12 100 101 102 103 104 
53 112 113 114 
113 114 52 53 
4 30 
4 5 14 31 32 56 57 
5 13 14 32 57 
5 14 31 32 56 
8 15 16 33 59 
16 33 34 58 60 
16 33 34 35 59 
17 62 63 
17 36 61 63 
17 36 61 62 
36 37 65 
37 38 64 66 
38 65 
38 68 
1 18 39 67 
1 18 19 39 70 
1 18 19 39 41 69 
9 20 41 72 73 
1 9 20 41 71 73 
1 9 20 71 72 74 
1 9 20 75 
20 74 
1 21 22 77 78 79 80 
1 21 22 76 78 79 80 81 
1 22 42 76 77 79 80 81 
1 21 22 42 76 77 80 
1 21 22 42 76 77 78 79 81 
1 21 22 42 77 79 80 
1 23 24 
24 83 84 
43 83 
44 86 
25 43 44 87 
25 45 
46 45 
46 47 88 
6 26 48 
3 27 48 
6 10 27 28 
3 10 29 49 92 94 
3 10 28 29 49 93 
3 10 29 49 
2 3 11 12 50 97 
11 12 50 96 98 
2 11 12 50 96 97 99 
2 11 12 50 98 
2 7 12 51 101 
2 7 51 100 103 
2 7 101 103 
2 7 51 101 102 104 
2 7 51 103 105 106 
2 7 104 
7 104 105 
2 108 
2 108 107 109 
108 110 111 
109 112 113 
108 109 110 112 113 
52 110 111 113 114 
52 53 110 111 112 114 
52 53 112 113 

