107 698
42 47 53 69 70 106 107 2 3 4 
47 70 1 3 4 
42 47 70 1 2 4 
42 43 47 70 1 2 3 
42 43 71 73 6 7 
42 43 54 72 73 7 
42 43 54 71 72 73 5 6 8 9 
42 43 54 71 72 73 7 9 10 
42 43 54 73 7 8 10 
43 54 8 9 
55 74 75 76 78 
77 78 13 14 
56 77 78 12 14 
56 78 13 15 16 
56 14 16 17 
56 14 15 17 
56 79 15 16 
39 57 19 
57 18 
39 44 57 58 
39 40 44 45 48 57 58 22 
39 40 44 45 48 21 
39 40 44 48 59 
40 48 59 
40 45 59 24 
40 26 
60 61 
49 29 
49 62 82 28 
49 62 82 28 29 
49 82 83 
63 84 85 33 
63 64 84 86 32 
63 64 
50 87 
87 88 37 38 
88 36 38 
88 89 37 
40 44 45 48 56 57 58 59 79 80 81 18 19 20 21 22 23 
39 44 45 48 57 58 59 60 21 22 23 25 26 
46 51 52 65 66 67 95 96 97 98 99 100 
43 47 51 52 53 54 69 70 71 72 73 106 107 1 2 3 5 6 7 8 9 
42 47 54 70 71 72 73 74 4 5 6 7 8 9 10 
39 40 45 48 57 58 59 20 21 22 23 
39 40 44 48 57 58 59 21 22 23 24 25 
41 51 52 66 67 68 96 97 98 99 100 
42 43 51 52 53 69 70 71 101 103 104 105 106 107 1 2 4 
39 40 44 45 57 58 59 21 22 23 24 
62 82 83 84 28 29 30 
64 87 34 35 50 
41 42 46 47 52 53 67 68 69 99 100 101 102 103 104 105 106 
41 42 46 47 51 68 69 101 102 103 104 105 106 
47 51 52 68 69 70 101 102 103 104 105 106 107 1 
42 43 71 72 73 74 5 6 7 8 9 10 
74 75 76 77 78 11 
39 80 81 13 14 15 16 17 
39 40 44 45 48 58 18 19 20 21 
39 40 44 45 48 20 21 
39 40 44 45 48 23 24 25 
40 61 62 27 
60 27 
60 82 27 28 29 30 
50 64 84 85 86 32 33 34 
50 63 84 85 86 34 
41 66 92 93 94 95 
46 65 95 96 
41 51 68 97 98 99 
41 46 51 52 53 67 99 101 
42 47 51 52 53 70 102 103 104 105 106 107 1 2 
42 43 47 53 69 106 107 1 3 4 
42 43 47 54 72 73 5 6 7 8 
42 43 54 71 73 6 7 8 
42 43 54 71 72 5 6 7 8 9 
43 54 55 75 76 
55 74 76 11 
55 74 75 77 11 
55 76 78 11 12 13 
55 77 11 12 13 14 
39 56 80 81 17 
39 79 
39 56 80 
49 62 83 29 30 31 
82 31 
49 63 64 85 86 32 33 
63 64 84 86 32 33 
63 64 84 85 33 
50 35 36 
36 37 38 
88 89 
91 92 
90 92 93 
65 90 91 93 94 
91 92 
65 93 95 
41 65 66 94 
41 46 66 97 
41 46 67 96 98 
41 46 67 97 
41 51 67 68 100 
41 46 51 67 68 99 
51 52 53 68 69 102 103 104 
51 52 53 69 101 103 104 
47 51 69 101 102 104 105 
47 51 52 53 69 101 102 103 105 106 
47 51 52 53 69 70 103 106 107 
42 51 53 69 70 104 105 107 1 
42 47 53 69 70 105 106 1 2 

