192 1351
2 3 4 5 6 7 8 10 11 12 13 15 16 17 18 19 20 21 28 29 30 31 32 33 34 35 36 59 60 61 62 63 64 65 66 67 68 69 105 106 108 109 110 111 112 113 114 115 116 117 118 119 120 121 122 123 124 125 126 127 128 129 130 131 132 133 134 135 136 137 
1 3 7 8 22 23 24 39 40 41 42 77 79 154 155 156 158 159 160 161 162 163 164 165 2 
1 2 14 22 23 24 25 42 43 44 45 80 81 82 83 84 85 86 167 168 169 170 171 172 173 174 
1 5 10 11 15 51 52 53 54 55 97 98 99 4 
1 4 10 11 12 15 16 28 29 58 59 101 103 104 105 106 107 108 109 110 111 
1 7 13 20 32 33 34 35 36 68 69 70 71 72 136 137 138 139 140 141 142 
1 2 6 8 20 21 34 35 36 37 38 72 73 74 142 143 144 145 146 147 148 
1 2 7 20 21 38 39 75 76 150 151 152 153 8 
26 27 47 48 91 92 93 94 95 185 186 187 188 189 190 
1 4 5 11 15 51 52 53 54 55 56 57 97 98 99 
1 4 5 10 15 51 52 53 54 55 56 57 58 97 98 99 100 
1 5 16 17 29 30 31 60 61 112 113 114 116 117 118 119 
1 6 19 66 67 125 126 127 128 129 
3 46 87 88 176 177 178 
1 4 5 10 11 28 55 56 57 58 100 101 102 103 
1 5 12 29 108 109 110 111 112 
1 12 18 31 120 121 122 124 
1 17 62 63 122 123 
1 13 62 63 64 65 125 126 127 
6 8 21 36 37 73 74 145 146 148 
1 7 8 20 37 38 73 74 75 76 148 149 150 
3 23 24 42 79 80 165 166 167 168 169 170 
2 3 22 24 25 168 169 170 171 
2 3 23 25 43 80 81 172 
3 23 24 43 44 81 82 172 
9 27 47 94 95 186 188 189 190 
9 26 48 49 50 96 191 192 
1 5 15 59 102 103 104 105 
1 12 16 109 110 111 112 
1 12 31 60 61 113 114 115 116 117 118 119 
12 17 30 60 61 119 121 
1 6 13 33 66 67 128 129 130 131 132 133 135 
1 6 32 66 67 130 131 132 134 135 136 
1 35 68 69 70 71 140 141 
1 6 7 34 36 69 70 71 72 141 142 
1 7 20 35 72 142 144 145 
7 20 21 73 74 147 148 
7 8 21 75 76 149 150 151 152 
2 153 
2 41 77 78 154 155 156 157 158 
2 40 159 160 162 
2 3 22 79 165 166 167 
3 23 24 25 81 171 172 
3 25 45 82 83 84 85 173 
3 82 84 85 86 173 174 175 
14 87 88 89 176 177 178 179 
9 26 92 93 94 185 186 187 188 
27 49 50 191 
27 48 50 96 191 192 
27 49 96 191 192 
4 10 11 52 53 54 55 98 99 
4 10 11 51 53 54 55 97 98 99 
10 11 52 54 97 98 99 
4 10 11 51 52 53 97 98 99 
4 11 15 51 52 53 54 56 99 
10 11 15 55 57 58 100 
10 11 15 56 58 100 101 
5 11 15 56 57 100 101 102 
1 5 28 103 104 105 
1 30 31 61 114 115 116 117 118 119 
1 12 30 31 60 119 120 
1 18 19 63 
18 62 64 65 125 
1 19 63 65 125 
19 63 64 126 127 
1 13 32 33 128 129 130 
1 13 32 33 66 128 129 130 131 132 
1 34 35 70 71 140 
1 6 34 35 68 70 71 140 141 
6 34 35 68 71 141 
6 68 69 70 141 142 
6 36 143 144 
7 20 21 37 74 147 
20 148 
8 21 38 76 149 150 151 
8 21 38 75 150 
40 78 2 155 156 157 
2 40 77 154 155 156 157 
2 3 22 42 80 166 167 168 
3 22 23 24 79 168 169 170 
3 24 25 43 171 172 
3 25 44 83 173 
3 82 173 
3 44 45 82 85 86 173 174 
3 44 45 84 86 174 175 
3 45 84 85 174 175 
14 46 176 177 
14 46 90 178 179 
46 88 90 178 179 180 
88 89 179 180 181 182 
9 184 
9 47 93 185 
9 47 185 186 187 
9 47 188 189 
9 26 190 95 
27 48 49 50 191 192 
4 10 11 52 53 54 98 
4 10 11 51 52 53 54 97 99 
4 10 11 51 52 53 55 98 
10 11 15 56 57 58 101 102 
15 57 58 100 102 
5 15 28 58 100 101 
15 28 59 104 
5 28 59 
1 5 28 59 107 108 
1 5 105 108 
5 105 106 
1 5 16 105 106 107 109 
5 16 29 108 110 111 
1 5 16 29 109 111 
1 5 16 29 109 110 112 
1 12 16 29 111 113 
1 12 30 112 114 115 116 
1 12 30 60 113 116 
1 30 113 114 116 
1 12 60 113 114 115 117 
1 30 60 116 118 
1 12 30 117 
1 12 30 60 61 
1 17 31 61 121 
1 31 120 
18 123 124 
1 17 18 124 
17 18 122 123 
1 13 19 63 64 65 126 
1 13 19 64 65 125 127 
1 13 19 65 126 
1 13 32 67 129 
1 13 32 66 67 
1 32 33 66 67 131 132 133 134 
1 32 33 67 130 132 133 134 
1 32 33 67 130 131 133 134 
1 32 33 131 132 134 135 
1 32 33 130 132 133 135 
1 32 33 131 132 133 134 
1 6 33 137 138 
1 6 138 139 
6 136 137 139 
6 136 137 138 
6 34 68 69 70 
6 34 69 70 71 
6 35 36 71 143 144 
7 36 142 144 
7 36 72 142 143 
7 20 146 
7 20 
7 20 37 73 74 
7 20 21 37 73 74 
21 38 75 
8 21 38 75 151 
8 38 75 76 150 152 
8 76 152 
8 39 
40 77 78 2 155 
40 154 
2 40 77 78 
2 77 78 156 158 
2 40 78 156 157 
41 161 
2 41 159 161 162 
2 41 160 162 
2 41 160 161 
2 164 
2 163 
22 42 166 
22 42 165 167 
3 22 42 79 166 168 
3 22 23 79 80 167 169 170 
3 22 23 79 80 168 170 
22 23 80 168 169 
3 23 24 25 43 81 
3 24 25 81 
3 44 45 82 83 
3 45 85 86 175 
45 85 86 174 
14 87 177 
14 46 87 
14 46 88 89 179 
46 88 89 90 178 
89 90 181 182 183 
90 180 182 183 
90 180 183 
180 181 184 
91 183 184 
9 47 92 93 
9 26 47 93 187 
9 47 186 187 
9 26 47 94 189 
9 26 188 
9 26 95 
48 49 50 96 192 
27 48 49 50 96 191 

