46 260
32 19 20 45 46 2 
32 19 20 45 46 1 3 
32 20 2 
28 33 36 21 5 
28 33 36 4 
28 29 33 22 
29 34 22 23 8 9 
34 7 9 10 
34 7 8 10 
34 7 8 9 
35 24 12 
35 24 12 11 
35 37 24 25 26 14 15 
35 37 24 25 26 13 15 
37 24 25 26 14 16 
37 25 26 15 
38 39 
30 31 17 38 39 40 
30 31 32 20 43 44 45 46 1 2 
32 19 45 46 1 2 3 
32 33 36 4 5 
28 29 34 23 6 7 
34 22 7 
35 37 25 11 12 13 14 15 
35 37 24 26 13 14 15 16 
37 24 25 27 13 14 15 16 
37 26 27 
29 32 33 34 36 21 22 4 5 6 
28 33 22 23 7 
31 17 18 19 39 40 41 42 
30 32 19 40 41 42 43 44 
28 31 19 20 21 44 46 1 2 3 
28 29 36 4 5 6 
28 29 35 22 23 7 8 9 10 
34 24 25 11 12 13 14 
29 32 33 4 5 
35 24 25 26 27 13 14 
30 18 39 
17 18 38 
30 31 18 41 42 
30 31 40 42 43 
30 31 40 43 
30 31 19 41 42 
31 32 19 20 45 
32 19 20 46 1 2 
32 19 20 45 2 

