60 504
7 12 13 17 44 45 60 2 3 
7 12 13 17 44 45 1 3 4 
17 44 45 60 1 2 4 
17 44 45 2 3 
10 56 
9 14 32 33 34 48 49 50 51 52 21 22 23 24 
10 11 12 13 15 16 17 36 37 38 39 44 45 57 58 59 60 1 2 8 47 46 
7 11 12 16 37 38 39 58 47 
14 32 33 34 48 49 50 51 52 19 20 21 22 23 
7 11 15 16 36 37 54 55 56 57 29 30 31 5 40 
7 10 12 13 15 16 36 37 38 57 58 40 41 42 43 8 47 
7 11 13 15 16 17 37 38 39 44 45 58 59 60 1 2 8 47 46 
7 11 12 16 17 39 44 45 58 59 60 1 2 3 
6 9 34 35 52 53 24 25 26 27 28 
7 10 11 12 16 36 37 38 39 56 57 5 40 41 42 43 
7 10 11 12 13 15 36 37 38 39 57 58 40 41 42 43 8 47 
7 12 44 45 60 1 2 3 4 
32 18 19 
9 32 33 18 20 
9 32 33 48 19 
6 9 33 48 49 22 
6 9 50 21 
6 9 34 50 51 52 
6 14 34 52 25 
14 34 24 
14 53 27 28 
14 53 28 
14 53 26 27 
10 35 54 55 31 
10 54 29 31 
10 55 56 29 30 
6 9 33 48 18 19 20 
6 32 48 49 19 20 21 
6 9 14 50 51 52 23 24 25 
53 54 55 
7 10 11 15 16 37 38 39 57 41 42 43 
7 10 11 12 15 16 36 38 39 57 58 40 41 42 43 8 
7 11 12 15 16 36 37 39 57 58 43 8 47 
7 11 12 13 15 16 36 37 38 57 8 
10 11 15 16 36 37 57 41 42 43 
11 15 16 36 37 57 40 42 43 
11 15 16 36 57 40 41 43 
11 15 36 37 38 57 40 41 
7 12 13 17 45 60 1 2 3 4 
7 12 13 17 44 60 1 2 3 4 
7 12 13 58 59 
7 11 12 16 38 39 58 8 
6 33 49 19 20 21 
6 9 33 48 21 
6 34 51 22 23 
6 9 34 50 52 23 
6 9 14 34 51 23 
14 26 27 28 
10 35 55 30 
10 35 54 56 29 30 31 
10 15 55 30 5 
7 10 11 15 16 36 37 38 39 40 41 42 43 
7 11 12 13 16 37 38 39 59 8 47 
7 12 13 58 60 
7 13 17 44 45 59 1 2 3 

