23 202
2 3 4 15 16 19 20 21 22 23 5 6 7 8 9 10 11 12 13 14 
1 3 4 15 16 21 22 23 5 7 8 9 10 11 12 13 14 17 
1 2 4 15 16 19 20 21 5 6 7 8 9 
1 2 3 15 16 22 6 8 9 10 11 12 
1 2 15 21 
1 2 3 4 15 5 7 
1 2 3 4 15 6 8 
1 3 15 16 9 
1 2 3 4 16 8 10 
1 2 4 16 9 11 12 
1 2 4 16 22 10 12 13 14 17 
1 2 4 16 22 10 11 13 14 17 
1 2 16 22 23 11 12 14 17 
1 2 16 22 23 11 12 13 17 
1 2 3 4 6 7 8 
1 2 3 4 22 23 8 9 10 11 13 14 17 
2 16 22 23 11 12 13 14 18 
22 23 
1 20 21 
1 3 19 21 
1 3 15 19 20 5 
1 2 4 16 23 11 12 13 14 17 18 
1 2 16 22 12 13 14 17 18 

