28 286
2 7 19 20 21 22 23 24 25 26 27 3 4 5 6 8 9 11 10 13 12 14 15 16 
1 7 19 20 21 22 23 24 25 26 27 3 4 5 6 8 9 11 10 12 14 15 16 
1 2 19 20 21 22 4 
1 2 19 20 21 22 3 5 
1 2 19 21 22 6 8 
1 2 19 20 21 22 26 27 5 8 9 11 
1 2 23 24 25 26 27 28 10 12 15 16 17 18 
1 2 19 20 21 22 25 27 5 6 9 11 
1 2 21 22 25 26 27 6 8 11 
1 2 7 25 26 11 13 12 
1 2 21 22 25 26 6 8 9 10 
1 7 23 24 13 14 
1 2 7 25 26 27 10 12 
1 2 7 23 24 12 15 16 
1 2 7 23 14 16 17 
7 23 24 14 15 17 
7 23 24 28 15 16 18 
7 23 24 28 17 
1 20 22 25 3 6 8 
1 2 19 21 22 3 4 5 6 8 
1 2 19 20 22 25 26 27 3 4 5 6 8 9 
1 2 19 20 21 25 26 27 3 4 5 8 9 
1 2 7 24 28 12 14 15 16 18 
1 2 7 23 28 12 14 15 16 18 
1 2 7 20 21 22 26 27 6 8 9 11 10 13 
1 2 7 21 25 27 6 8 9 11 10 13 
1 2 7 21 22 26 6 8 9 11 10 13 
23 18 

