62 475
2 3 4 11 16 17 18 52 53 54 55 56 57 58 59 60 61 31 32 33 34 35 36 37 38 39 40 
1 3 5 11 16 17 18 52 53 54 55 57 58 59 60 61 31 33 34 35 36 38 39 40 
1 2 4 15 16 48 49 50 51 52 26 27 28 29 30 
1 2 3 16 17 52 53 54 28 29 30 31 32 33 
1 2 11 18 59 60 61 62 41 
7 8 9 10 6 43 45 
6 8 9 10 43 44 45 
6 7 9 10 44 45 
6 7 10 12 45 46 19 20 
6 7 8 9 12 13 45 46 19 20 21 
1 2 5 18 56 57 58 60 61 38 39 40 
9 10 13 45 46 47 19 20 21 22 
10 14 46 47 48 20 21 22 23 24 25 
3 13 47 48 49 50 23 24 26 
3 48 49 50 51 26 27 
2 3 52 53 28 29 30 
1 2 4 54 55 31 32 34 
1 2 5 11 56 57 58 59 60 38 39 
9 10 12 46 20 21 
9 10 12 13 46 21 22 
10 12 13 46 47 19 20 22 
12 13 46 20 21 
13 14 47 24 25 
13 14 47 23 25 
13 14 48 49 50 23 24 26 
3 14 15 48 49 50 25 27 
3 15 48 49 50 26 
3 4 16 52 29 30 
3 4 16 52 28 30 
3 4 16 52 29 
1 2 4 17 53 54 33 
1 4 17 53 54 31 33 
1 2 4 17 54 55 31 32 
2 17 35 36 
1 2 55 34 36 37 
2 34 35 37 
1 2 35 36 
1 2 11 18 56 57 58 39 
1 2 11 18 56 57 58 59 40 
1 2 5 11 18 59 60 39 
62 42 
62 41 
6 7 8 
6 43 
6 7 8 9 10 12 
10 12 13 47 19 20 21 22 
12 13 14 46 21 22 23 24 
3 13 15 49 50 26 27 
3 14 15 48 50 25 26 27 
3 14 15 48 49 25 26 27 
3 15 
2 3 16 53 28 29 
2 4 16 17 52 54 31 32 
1 2 4 17 53 55 31 32 33 
1 2 17 54 33 34 35 
1 2 11 18 58 38 39 
1 11 18 56 58 38 39 
1 2 11 18 56 57 38 
1 2 5 11 18 57 58 60 38 39 40 
1 2 5 11 59 40 
1 2 5 11 62 
61 41 42 

