73 499
2 3 5 8 6 7 12 34 60 65 66 67 36 35 1 57 58 59 
1 3 8 6 12 34 60 73 65 66 67 68 57 58 59 69 39 40 
1 2 9 10 11 30 31 32 33 70 71 43 44 45 46 47 48 49 50 51 52 
72 13 38 
1 8 20 21 22 23 6 63 64 19 25 24 26 27 28 29 5 72 
1 2 8 7 12 38 36 37 
8 6 12 36 37 35 
1 2 5 6 7 12 34 38 36 37 35 
3 10 30 31 32 70 43 44 45 47 48 
3 9 30 31 32 33 70 48 49 50 51 
3 33 71 52 53 54 55 56 
1 2 8 6 7 34 35 
72 4 38 
20 61 15 
20 61 14 16 
20 61 62 15 
20 21 62 63 18 
21 62 63 17 
63 25 24 
21 61 14 15 16 17 18 
5 20 22 23 62 63 64 17 19 25 24 26 
5 21 23 64 19 25 24 26 27 28 
5 21 64 25 24 26 27 28 29 
5 21 22 23 64 19 25 26 
21 22 63 64 24 26 
5 21 22 23 64 25 24 
5 22 23 64 28 29 
5 22 23 27 
5 23 64 27 28 
3 9 10 31 32 70 45 47 48 
3 9 10 30 32 44 45 46 47 48 
31 33 70 47 48 49 50 
3 10 32 51 52 
1 2 8 12 35 
1 8 7 12 34 
1 8 6 7 37 
8 7 36 
8 6 72 4 13 
2 60 73 68 40 41 42 
2 73 68 39 41 42 
60 73 68 39 40 42 
60 73 68 39 40 41 
3 9 
3 9 31 45 46 
3 9 30 31 70 44 46 47 
3 9 30 31 70 45 47 
3 9 30 31 32 45 46 
9 10 31 32 70 
3 32 33 70 48 50 51 
3 10 33 49 51 
3 10 33 49 
3 11 71 53 54 55 
11 71 54 
11 71 52 53 55 
11 71 52 53 54 56 
11 71 
1 65 58 
1 65 66 67 57 59 
1 2 60 66 67 69 
2 73 66 67 68 59 69 39 40 41 42 
20 14 16 
20 21 61 63 16 17 18 
5 21 22 62 17 19 25 
21 22 23 25 24 26 27 28 29 
1 2 66 57 58 
1 2 60 65 59 69 
1 2 60 66 58 59 69 
60 69 39 40 41 42 
2 60 66 67 59 
3 9 10 30 31 32 45 46 47 48 49 
3 11 52 53 54 55 56 
4 38 
2 60 68 39 40 41 42 

