57 380
11 19 51 16 
19 42 52 22 
20 53 
20 41 
20 41 
12 50 7 
12 50 
12 48 44 50 9 10 
12 48 44 50 8 10 
12 48 44 50 8 9 
17 18 19 20 12 48 49 42 43 44 45 51 52 15 57 16 1 22 21 
11 18 48 49 44 45 50 6 7 8 9 10 13 14 
17 18 12 48 44 14 
18 12 48 44 13 
11 48 49 45 
11 17 18 19 51 1 
18 19 12 48 49 44 45 51 13 14 15 57 16 
11 17 19 12 49 44 45 13 14 15 57 16 
11 17 18 20 49 43 51 52 1 21 2 
11 19 30 42 41 53 3 4 5 
11 19 42 43 52 22 2 
11 19 52 2 
30 54 
30 37 55 
30 27 37 38 
27 28 38 46 47 
28 37 38 39 46 47 56 26 29 31 
30 27 38 39 46 47 56 26 29 31 32 33 
27 28 38 46 47 26 
20 27 28 41 37 38 46 54 55 23 24 25 
27 28 39 56 32 33 34 
28 39 56 31 33 34 
28 39 56 31 32 34 
39 56 31 32 33 
34 36 40 
39 35 36 
20 30 27 38 46 54 24 25 
30 27 28 37 46 47 55 25 26 29 
27 28 56 34 35 36 40 
39 35 36 40 
20 30 53 3 4 5 
11 19 20 43 52 53 21 
11 19 20 42 53 21 
11 17 18 12 48 50 8 9 10 13 14 
17 18 12 48 15 
30 27 28 37 38 47 55 25 26 29 
27 28 38 26 29 
11 17 18 12 49 44 45 50 8 9 10 13 14 15 
11 17 18 19 12 48 45 51 15 57 
17 12 48 6 7 9 10 
11 17 18 19 49 16 1 
11 19 42 22 21 
20 42 43 41 3 
20 37 5 23 
30 37 38 46 24 25 
27 28 39 31 32 33 34 
11 17 18 19 49 

