312 2107
269 293 
269 276 294 
285 298 299 297 
271 286 301 5 6 
286 4 6 
271 301 4 5 7 
271 302 6 8 9 
271 287 301 302 7 
271 287 301 302 7 8 
271 277 302 303 11 
271 277 288 303 10 12 13 
271 288 11 
268 271 274 277 288 303 11 12 14 
268 271 274 277 288 13 
272 274 289 16 
268 272 274 289 15 
270 273 274 
268 272 273 17 
268 270 272 273 20 21 
268 270 273 21 
268 270 20 22 
268 270 290 20 21 
268 275 290 
268 270 275 278 304 305 25 26 
268 270 275 278 305 24 26 
268 270 275 304 305 24 25 
141 266 27 
29 33 39 48 49 66 67 68 69 70 71 103 104 105 161 162 163 164 165 166 167 168 169 171 172 173 174 175 176 
28 31 34 37 40 41 42 43 50 52 77 78 108 109 110 111 112 113 29 194 195 196 197 198 199 200 201 202 
31 32 35 44 45 55 56 57 58 59 87 88 89 90 91 92 131 132 133 135 244 245 246 247 248 249 250 251 252 253 254 
29 30 32 34 44 53 54 81 82 83 84 85 86 121 122 123 124 125 126 127 128 220 221 222 223 224 225 226 227 228 229 230 
30 31 44 82 83 84 85 86 87 126 127 128 129 224 227 228 229 230 231 232 233 234 
28 36 38 62 63 64 95 96 97 148 149 150 151 152 153 154 155 156 270 
29 31 42 43 50 51 52 53 79 80 113 114 115 116 203 34 204 205 
30 45 58 59 91 92 93 134 135 136 137 138 252 253 254 255 256 257 258 260 261 262 263 264 
33 38 46 47 60 61 94 142 143 144 145 275 278 
29 40 41 108 109 190 191 192 193 
33 36 46 47 61 94 143 144 145 146 275 
28 65 66 67 101 102 103 159 160 162 163 164 
29 37 74 75 76 184 185 186 187 188 189 
29 37 40 108 109 190 191 192 193 
29 34 51 52 77 78 113 199 200 202 
29 34 52 80 114 115 116 205 206 207 
30 31 32 84 85 86 126 127 129 229 230 231 232 233 
30 35 55 56 57 90 132 245 246 247 248 249 
36 38 60 61 142 143 144 
36 38 46 61 94 143 144 145 
28 67 161 162 164 
28 48 67 68 69 70 103 104 165 166 167 168 
29 34 42 51 77 78 110 111 112 194 195 196 197 198 199 200 201 
29 34 42 50 77 112 195 196 197 198 199 200 201 
34 42 43 79 113 114 203 204 
31 80 81 117 118 119 120 212 214 215 216 217 
31 121 219 220 221 222 
30 45 56 57 89 90 131 132 244 245 
30 45 55 57 90 132 245 247 248 
30 35 45 55 56 90 91 133 247 248 249 251 
30 35 91 134 252 253 254 
30 35 92 135 136 137 138 256 257 258 259 260 
36 46 304 
36 46 47 94 143 144 145 
33 95 96 150 151 152 153 
33 64 97 155 156 157 
33 63 97 155 156 157 
39 66 98 99 101 158 159 
28 39 65 101 102 159 160 
28 39 48 49 103 104 163 164 165 166 
49 69 70 104 168 169 170 
28 49 68 70 105 169 170 
28 49 68 69 105 169 170 171 
28 175 176 
73 106 177 
72 74 106 177 178 
40 73 75 76 107 178 179 181 182 183 184 185 
40 76 107 180 182 183 185 186 187 
40 74 75 184 185 186 187 
29 42 50 51 78 111 112 194 195 196 198 
29 42 50 77 112 199 200 
34 43 52 114 115 116 
34 43 53 117 118 205 206 207 208 209 210 211 212 
31 53 119 120 215 216 217 
32 83 123 124 125 224 225 
31 32 82 84 85 224 225 226 227 228 
31 32 44 83 85 86 126 127 227 228 
31 44 83 86 126 228 229 
31 32 44 84 85 127 229 230 
32 88 130 239 240 241 
30 87 89 242 243 
30 55 131 
30 45 55 56 57 132 133 245 246 247 248 250 
30 35 57 58 251 252 253 254 
30 35 59 137 138 260 261 262 263 264 
35 92 138 139 140 261 262 263 264 265 
36 38 61 146 
33 62 96 149 150 151 152 
33 95 97 153 154 
33 63 64 96 154 155 
65 99 100 158 
65 98 100 158 
98 99 158 
65 66 159 160 
66 101 159 160 
28 39 48 67 163 164 
28 49 67 68 165 166 167 168 
68 69 70 169 171 
72 73 
40 74 75 76 184 185 186 187 
37 40 41 190 191 192 
29 37 41 193 
29 50 77 111 112 194 195 196 197 
29 50 51 112 194 195 196 197 198 
29 50 51 77 78 110 111 195 196 197 198 
29 34 52 
34 43 52 79 115 116 204 
34 79 114 
34 114 115 
53 80 118 208 209 210 211 212 214 
53 80 117 211 212 213 214 
53 81 120 215 216 217 218 
53 81 119 215 216 217 218 
31 54 221 223 
31 82 123 125 
31 82 124 125 
82 122 123 125 
31 82 83 122 124 224 
31 32 44 84 85 86 127 228 
31 32 44 84 85 86 126 229 230 
31 32 44 129 231 233 
32 44 128 231 232 233 
32 87 235 236 237 238 239 240 
30 55 89 244 
30 45 55 56 90 245 
30 250 251 
30 35 58 135 136 254 255 
30 35 59 136 255 257 
35 134 135 255 256 257 
35 59 138 258 259 260 
35 59 92 93 137 261 262 263 264 
93 140 141 265 266 267 
93 139 141 265 267 
27 139 140 266 267 
36 46 60 
36 46 47 61 
36 38 46 47 61 
36 38 47 61 94 
38 94 147 
147 148 
33 147 149 
33 95 148 150 
33 62 95 149 151 
62 95 150 152 
33 62 95 153 
33 62 95 96 152 
33 63 96 97 
63 64 154 
33 63 64 157 
63 64 
65 99 
39 65 66 102 160 
39 66 101 102 159 
28 39 48 163 164 
28 39 48 161 163 164 
28 39 48 67 103 162 164 
28 39 48 67 103 161 162 163 
28 49 104 166 167 168 
28 49 67 104 165 167 168 
28 49 104 165 168 
28 49 68 104 165 166 
28 70 105 170 
28 68 69 105 169 
28 105 172 
171 173 174 
28 172 174 
28 172 173 
28 71 176 
28 71 175 
72 73 106 
73 74 179 180 181 182 
73 74 178 180 182 
74 75 178 181 182 183 
74 75 178 179 180 182 183 
74 75 178 179 180 181 183 184 
74 75 180 181 182 184 
40 74 75 76 107 182 183 185 186 
40 74 75 76 107 184 186 187 
40 75 76 107 184 185 187 
40 75 76 107 185 186 
40 189 
40 188 
37 41 108 191 
37 41 108 190 192 193 
37 41 108 191 193 
37 41 109 191 192 
77 110 111 195 
29 51 77 110 111 112 194 196 197 198 
29 50 51 77 110 111 112 195 197 198 
29 50 51 77 110 111 112 195 196 198 
29 50 51 77 78 111 112 195 196 197 
29 42 50 51 78 200 201 
29 42 50 51 78 199 201 
42 50 51 199 200 202 
29 42 201 
34 52 204 
34 52 114 203 
34 80 206 208 209 
43 80 205 209 
80 208 210 
80 117 205 206 207 209 210 
117 206 207 208 210 
80 117 205 207 208 209 211 
80 117 118 209 212 213 
53 80 117 118 211 213 214 
53 117 118 212 214 
117 118 212 213 
53 81 119 120 216 217 
53 81 119 120 215 217 
53 81 119 120 215 216 218 
119 120 219 
54 218 
31 54 221 
31 54 121 220 222 
54 221 223 
31 121 222 
31 82 83 125 226 227 
31 82 83 224 226 227 
31 83 224 225 227 
31 32 83 224 225 226 228 
31 32 83 84 85 126 227 
31 32 44 86 126 127 230 
31 32 44 86 127 229 
32 44 128 232 233 
32 44 128 129 231 233 
32 44 128 129 231 
32 235 236 
130 234 
235 237 238 
130 235 236 238 
87 236 239 240 
87 240 
87 130 238 239 241 
87 88 240 242 
87 243 
88 242 
30 55 131 
55 56 90 132 
30 45 57 90 245 247 248 
30 45 90 246 248 
30 45 57 90 246 247 249 250 
30 45 57 90 248 250 
30 45 57 90 133 248 249 
30 91 133 
30 35 58 91 253 
30 35 91 252 254 
30 35 58 91 134 253 
35 134 135 136 256 
35 59 135 136 255 257 258 
35 59 135 136 256 258 259 
35 59 137 256 257 260 
35 137 257 258 260 
35 59 92 137 258 259 
35 92 93 138 262 263 264 
35 92 93 138 261 263 264 
35 92 93 138 261 262 264 
35 92 93 138 261 262 263 
93 139 
139 140 141 267 
140 141 266 
28 29 33 36 38 39 46 47 60 61 62 63 94 95 142 143 144 145 146 269 270 271 272 273 274 275 277 278 285 287 288 289 290 303 304 305 13 14 15 16 17 18 19 20 21 22 23 24 25 26 
268 276 279 280 281 282 283 284 292 293 294 310 311 312 1 2 
33 36 38 46 60 268 271 272 273 274 275 278 290 304 305 17 19 20 21 22 24 25 26 
268 270 272 273 274 277 285 286 287 288 289 301 302 303 4 6 7 8 9 10 11 12 13 14 15 
268 270 271 273 274 275 277 288 289 15 16 17 18 19 
268 270 271 272 274 275 289 290 17 18 19 20 
268 270 271 272 273 277 288 289 13 14 15 16 17 
38 46 47 60 142 268 272 273 278 290 304 305 23 24 25 26 
284 293 294 295 296 2 
268 271 272 273 274 287 288 289 303 11 12 13 14 
60 268 270 275 290 305 24 25 26 
269 291 306 308 309 
269 281 282 283 310 
269 280 282 283 
269 280 281 283 
269 280 281 292 
276 292 293 311 312 
268 271 286 298 299 300 3 
271 285 300 4 5 
268 271 277 301 302 303 7 8 9 10 
268 271 272 274 277 303 11 12 13 14 
268 271 272 273 274 277 15 16 
268 275 278 22 23 
291 306 
269 283 284 312 
269 276 284 1 
269 276 295 2 
276 294 
276 297 
296 297 3 
285 297 299 300 3 
285 298 
285 286 298 299 
271 287 4 5 6 7 8 9 
271 287 301 7 8 10 
268 271 277 287 288 10 11 12 13 
268 270 275 278 305 24 25 26 
268 270 275 278 304 24 25 26 
279 291 
279 308 309 
279 307 309 
279 307 308 
269 280 281 283 
269 284 292 312 
269 292 

