92 589
2 3 6 8 13 14 15 16 17 18 26 27 28 29 54 55 56 57 58 59 60 61 
1 3 6 13 15 16 17 18 19 20 27 28 29 56 57 58 59 60 61 62 63 64 
1 2 5 19 20 21 30 31 32 33 34 65 66 67 68 69 70 
5 7 12 23 24 25 40 41 42 43 78 79 80 81 82 83 84 85 
3 4 9 10 11 23 35 36 37 38 39 72 73 75 76 77 
1 2 8 26 50 51 54 
4 12 24 25 40 41 42 43 44 81 82 83 84 85 86 87 
1 6 13 14 8 26 50 51 52 53 54 
3 10 35 36 37 71 72 73 9 
5 9 11 35 36 37 38 72 73 74 
5 10 23 37 39 75 76 
4 7 40 41 42 83 84 85 86 
1 2 6 8 14 15 26 27 54 55 
1 6 8 13 15 27 54 55 
1 2 13 14 27 28 
1 2 28 56 57 58 59 60 
1 2 16 18 61 62 
1 2 17 19 62 63 64 
2 3 18 20 21 64 
2 3 19 21 
3 19 20 22 30 65 
21 31 65 66 67 68 69 
4 5 11 39 75 76 77 
4 40 78 79 80 81 
4 7 43 44 45 88 
1 6 8 13 51 52 53 54 
1 2 13 15 
1 2 15 56 
1 2 16 56 57 58 59 60 
3 21 22 65 66 67 
22 32 33 68 69 70 
3 31 33 70 
3 31 32 34 
3 33 70 
5 9 10 71 
5 9 10 35 71 72 
5 9 10 11 38 72 73 74 
10 37 74 
5 11 23 76 77 
4 7 12 24 41 81 82 83 
4 7 40 83 
4 7 12 43 44 84 85 86 87 
4 7 25 42 44 86 87 88 
7 42 86 87 88 
25 46 89 
45 47 48 49 89 90 91 92 
46 48 49 89 90 91 92 
46 47 49 89 90 91 92 
46 48 49 91 
6 8 
6 26 52 53 
6 8 26 51 53 
6 8 51 52 
1 6 13 14 
1 14 
1 2 16 28 29 57 58 59 60 
1 2 16 29 56 58 59 60 
1 2 16 29 57 59 60 
1 2 16 29 56 57 58 60 
2 16 29 56 
1 2 17 
2 17 18 
2 18 62 64 
2 18 19 63 64 
3 21 22 30 67 
3 22 65 
3 22 30 65 66 68 
3 22 30 31 67 69 
3 22 31 32 68 
3 31 32 33 34 
9 35 
5 9 10 36 37 73 74 
5 9 10 37 72 74 
5 10 37 38 73 
5 11 23 76 
5 11 23 39 75 
5 23 39 
4 24 
4 24 80 
4 24 79 
4 7 24 40 82 
4 7 40 81 
4 12 40 41 
7 12 42 85 86 
4 7 12 42 84 86 
7 12 42 43 44 84 87 
7 43 44 86 
25 43 44 
45 46 47 48 90 
46 47 48 49 89 91 92 
46 47 48 49 90 92 
47 48 49 91 

