29 220
7 11 12 14 15 16 17 
7 8 9 11 19 20 
7 8 9 23 4 21 22 28 29 
8 23 24 3 5 6 29 
8 23 24 3 4 6 29 
8 23 24 4 5 25 
8 10 11 23 1 2 12 13 14 15 16 17 18 19 20 21 22 28 
7 9 10 11 23 24 2 3 4 5 6 20 21 22 28 29 25 
7 8 10 11 23 24 2 3 4 5 6 20 22 28 25 
7 8 9 23 24 6 25 26 27 
7 8 9 1 2 14 15 16 17 18 19 20 
1 13 14 
12 14 
7 11 1 12 13 15 
7 1 14 16 17 18 
7 11 15 17 
7 11 1 15 16 18 
7 11 1 16 17 
7 11 
8 9 11 2 19 21 
7 8 9 23 3 20 22 28 29 
7 8 23 3 21 28 29 
7 8 9 10 24 3 4 5 6 21 22 28 29 
8 9 10 23 4 5 6 25 26 27 
8 9 10 24 6 26 
10 24 25 27 
10 24 25 26 
7 9 23 3 21 22 29 
8 9 23 3 4 21 22 

