98 625
2 4 6 7 8 9 10 11 12 20 21 22 35 36 54 56 57 58 59 60 61 62 63 64 65 
1 6 7 8 9 10 11 20 21 35 54 55 56 57 58 59 60 
5 13 15 26 27 28 29 30 39 40 41 42 71 72 73 75 77 79 
1 12 22 23 24 25 37 38 67 
3 15 16 31 43 44 45 46 80 81 82 84 85 
1 2 7 8 34 35 54 
1 2 6 8 19 34 35 54 
1 2 6 7 34 35 54 55 56 57 
1 2 10 11 20 21 60 61 
1 2 9 11 20 21 60 61 62 63 64 
1 2 9 10 20 36 61 62 63 64 
1 4 22 23 24 36 37 38 
3 14 26 27 28 29 30 39 71 73 
3 13 28 29 30 39 40 71 72 73 74 75 76 77 
3 5 40 41 42 43 78 79 80 81 
5 31 46 47 48 49 84 86 87 88 89 90 91 
32 51 52 53 
33 95 96 97 98 
6 7 
2 9 10 11 58 59 
9 10 11 61 63 64 65 
1 4 12 23 36 37 66 
4 22 24 38 
4 12 23 25 38 67 
4 26 67 68 70 
3 13 25 27 28 29 67 68 69 70 
3 13 26 28 29 
3 13 14 26 27 29 39 71 72 
3 13 14 26 27 28 39 72 
3 13 14 39 73 74 75 76 
5 44 45 46 47 84 85 86 87 88 89 
17 50 51 52 92 
18 93 94 95 
6 7 8 19 
1 2 6 7 8 54 55 
1 11 12 37 66 
4 22 
4 12 23 24 
3 13 14 28 29 30 71 72 73 74 75 
3 14 15 41 76 77 78 
3 15 40 42 77 78 79 
3 15 41 78 79 
5 15 44 80 81 
5 31 43 82 83 
44 46 82 83 84 85 
5 16 31 45 47 84 85 86 87 88 89 
16 31 46 84 85 86 87 88 89 90 
16 49 50 91 48 
16 50 
32 48 49 
17 32 52 92 
17 32 
17 33 93 94 
1 2 6 7 8 35 55 56 
8 56 
1 2 54 55 57 
1 2 8 56 
1 20 
1 2 9 20 60 
1 2 10 20 
1 9 10 11 21 62 63 
1 10 11 21 61 63 64 65 
1 10 11 61 64 
1 10 11 21 62 63 65 
1 11 21 62 63 64 
22 36 
4 24 25 26 68 70 
26 69 70 
26 67 68 70 
25 67 68 69 
3 14 27 28 29 39 72 73 
3 13 28 29 39 71 
3 13 14 30 39 71 72 74 
3 14 30 73 75 
3 14 30 39 74 76 
3 14 30 40 77 
3 14 40 41 76 
3 15 40 41 42 79 
3 15 78 
15 81 
15 43 
44 45 
5 44 45 82 
5 16 31 45 46 85 86 87 
31 45 46 47 84 86 87 88 
16 31 46 47 84 85 87 88 89 
16 31 46 47 84 85 86 88 89 
16 31 46 47 84 85 86 87 89 
16 31 46 47 86 87 88 90 
47 89 91 
48 90 
17 32 51 
53 94 
33 53 93 
96 97 
95 98 
18 96 98 
95 97 18 98 

