217 1552
156 160 161 2 
160 161 1 3 
156 160 161 2 
155 162 184 5 6 
155 162 4 6 
155 162 184 4 5 7 
155 157 162 184 6 
155 184 7 
154 155 157 163 164 165 
154 155 157 163 164 165 185 11 12 
154 157 163 164 165 185 186 10 12 
154 155 157 163 164 165 185 186 187 10 11 
154 155 186 187 
157 186 
155 157 174 188 
154 155 168 169 170 191 192 17 
154 155 168 169 170 191 192 16 18 
154 155 168 169 170 191 192 17 
154 175 193 194 195 196 20 21 
154 175 193 194 195 196 19 21 
154 194 195 19 20 
154 175 196 
154 175 22 
175 198 25 
154 197 24 26 
154 176 197 198 27 
154 176 199 26 28 
176 199 27 
154 171 200 201 
154 171 202 203 31 
154 171 203 30 
154 203 34 
154 177 202 203 32 34 
154 177 32 33 35 
154 177 204 34 
204 36 
205 37 
39 40 41 44 45 46 48 49 50 54 55 56 57 73 74 75 76 77 78 79 80 81 82 83 84 85 86 107 108 109 110 111 112 113 114 115 116 117 118 119 120 121 122 123 124 154 155 156 157 171 177 202 204 205 206 36 37 
38 40 45 46 48 50 58 86 87 88 125 126 127 128 
38 39 45 49 50 85 86 87 88 125 126 127 
38 42 43 46 51 52 59 61 62 64 65 66 89 90 91 92 93 94 95 130 131 132 133 134 
41 43 51 52 67 96 97 98 99 100 137 138 139 140 141 142 
51 52 67 96 97 98 99 100 137 138 139 140 141 142 
38 54 75 205 206 
38 39 40 48 57 85 86 122 124 45 125 
38 39 41 58 59 60 61 62 89 90 91 129 130 
53 70 71 72 102 103 104 105 145 146 147 148 149 
38 39 45 56 57 83 84 121 122 123 124 
38 40 87 126 127 
38 39 40 49 87 88 128 
41 42 43 52 62 63 64 65 66 92 93 94 95 132 133 134 135 136 
41 42 43 51 64 65 66 95 133 134 135 136 
47 69 70 101 102 144 145 146 147 148 
38 44 74 75 76 77 107 108 
38 79 111 112 
38 48 57 83 119 120 121 122 
38 45 48 56 83 84 122 123 124 
39 46 129 
41 46 60 61 90 91 130 
41 46 59 61 62 89 90 91 129 
41 46 59 60 62 89 90 91 130 
41 46 51 60 61 63 64 65 90 91 92 93 94 130 131 
41 64 90 91 92 93 94 130 131 
41 51 52 62 63 65 66 92 93 131 132 133 134 
41 51 52 62 64 66 92 93 94 132 133 
41 51 52 64 65 95 132 133 134 135 
42 43 68 100 67 
67 143 
53 101 143 144 
47 53 71 102 103 145 146 147 149 
47 70 103 104 149 
47 104 105 106 150 
38 44 74 
38 44 54 73 75 
38 44 74 
38 44 54 74 75 107 108 
38 54 76 107 108 109 
38 55 79 109 110 111 
38 55 78 109 
38 55 81 82 112 113 114 115 116 
38 80 82 113 114 115 116 117 
80 81 113 114 115 116 117 
38 48 56 57 84 120 
38 48 56 57 83 121 122 
38 39 40 45 86 125 
38 39 45 85 125 126 
40 49 50 
39 40 128 
41 46 59 61 129 
41 46 59 60 61 62 63 89 91 130 
41 46 59 60 61 62 63 90 130 
41 51 63 64 65 94 131 132 133 
41 51 62 63 64 65 92 94 132 133 
41 51 62 63 64 65 92 93 131 133 
51 52 66 136 
42 43 97 138 139 
42 43 96 137 138 139 
42 43 99 140 
43 98 100 140 141 142 
42 43 99 67 
53 69 143 144 
47 53 70 103 145 146 147 148 
47 70 71 102 149 
71 72 105 149 
47 104 150 
151 153 
38 54 76 108 
38 77 107 
38 77 79 
55 78 79 111 
38 55 78 79 110 
38 80 
38 80 81 82 114 115 116 117 118 
38 80 81 82 113 115 116 117 118 
38 80 81 82 113 114 116 117 118 
38 80 81 82 113 114 115 117 118 
38 81 113 114 115 116 118 
38 114 115 117 
83 120 
38 83 
38 48 56 83 84 
38 45 48 56 57 84 123 
38 48 57 84 122 
38 57 
39 40 45 85 
40 49 86 127 
40 49 126 
39 50 88 
46 58 59 60 89 
41 46 59 60 61 63 90 91 
41 62 63 64 92 93 94 
41 51 64 65 66 92 93 94 133 134 
41 51 52 64 66 92 93 94 132 134 
41 51 52 64 65 66 132 
51 52 66 95 
52 95 
43 96 
96 97 139 
42 43 96 97 138 
42 43 
42 43 98 99 140 
42 43 99 100 
68 69 101 
53 69 101 143 
47 53 70 146 147 148 
47 53 70 102 145 147 
47 53 70 145 146 148 
47 53 70 102 145 146 147 
47 70 71 103 104 
72 105 152 
72 106 150 152 153 
106 150 151 153 
151 152 
38 39 40 44 155 156 157 160 161 162 163 164 165 168 169 170 171 174 175 176 177 184 185 186 187 188 189 190 191 192 193 194 195 196 197 198 199 201 202 203 204 9 10 11 12 13 14 15 16 17 18 19 20 21 22 23 24 25 26 27 28 29 30 31 32 33 34 35 
154 156 157 160 161 162 163 164 165 168 169 170 174 175 183 184 185 186 187 188 189 190 191 192 193 194 4 5 6 7 8 9 10 11 12 13 14 15 16 17 18 
154 155 157 160 162 166 167 173 181 182 183 212 213 214 215 217 1 2 3 
154 155 156 162 163 164 165 168 174 184 185 186 187 188 7 9 10 11 13 15 
159 178 207 208 
172 178 179 207 208 209 
154 155 156 161 162 173 183 1 2 3 
154 156 160 162 183 1 2 3 
154 155 157 160 161 164 183 162 184 4 6 7 
154 155 157 162 164 165 184 185 186 9 11 12 
154 155 157 162 163 185 186 9 10 11 12 
155 157 163 164 185 186 187 9 10 11 12 
156 159 172 179 180 209 210 211 166 
156 181 212 213 214 
154 155 157 169 170 174 189 190 191 192 16 17 18 
154 155 170 190 191 192 193 16 17 18 
154 155 168 169 191 192 193 194 16 17 18 
154 176 199 200 201 202 203 29 30 
166 179 209 210 
156 160 182 
154 155 157 168 188 189 190 15 
154 155 194 195 196 19 21 22 23 24 
154 171 199 200 201 26 27 28 
154 203 204 32 33 34 35 
158 159 207 178 
159 166 172 180 209 210 211 
166 172 179 209 210 211 
156 167 
216 182 
155 160 161 162 
154 155 157 162 163 5 6 7 8 
154 155 157 163 164 165 186 187 10 11 12 
154 155 157 164 165 187 11 12 13 14 
154 155 157 165 185 12 13 14 
154 155 174 189 15 
154 155 168 174 188 190 
154 155 168 169 174 189 
154 155 168 169 170 192 16 17 18 
154 155 168 169 170 191 16 17 18 
154 155 168 169 170 194 195 196 19 20 
154 155 175 193 195 196 19 20 21 
154 175 193 196 19 20 21 
175 194 195 20 21 22 
154 175 198 24 25 26 
154 197 24 25 26 
154 171 176 200 27 28 
154 176 199 201 29 
154 171 176 199 200 29 
154 171 177 203 30 31 32 33 
154 171 177 202 31 32 33 
154 177 35 36 
154 205 206 37 
73 205 
158 159 178 208 
158 159 207 
159 166 172 179 180 210 
166 172 179 180 209 211 
166 180 210 
156 167 181 213 
156 167 212 215 
156 167 213 216 217 
213 214 216 217 
156 182 214 215 217 
156 214 215 216 182 

