50 320
43 47 48 29 30 8 9 10 
43 47 48 1 3 31 32 33 10 11 12 
43 47 48 2 31 32 33 11 12 
44 45 41 21 22 23 24 
27 28 
29 7 
29 30 6 
43 1 29 
43 1 8 
43 48 2 3 31 11 
43 47 48 2 3 31 32 10 12 
43 48 2 3 32 33 11 
48 34 14 
33 34 13 
49 50 36 
49 50 36 37 17 18 
49 50 37 38 16 18 
44 49 50 37 39 16 17 19 
44 37 38 39 40 18 20 
44 38 39 40 19 
44 4 40 22 23 24 
4 21 23 24 
44 4 41 21 24 
44 4 41 22 23 
45 42 26 
45 42 25 
46 28 
5 27 
43 1 30 6 8 
43 1 29 7 
43 47 48 2 3 32 33 10 12 
43 47 48 2 3 31 33 34 11 12 13 
43 47 48 2 3 31 32 34 12 13 14 
48 32 33 35 13 14 15 
49 50 34 36 14 15 
49 50 35 15 16 
44 49 50 39 16 17 18 19 
44 50 37 39 16 17 18 19 20 
44 50 37 38 40 18 20 
44 39 20 21 
44 4 21 23 24 
45 4 26 
47 48 1 2 29 30 31 32 33 7 8 9 10 11 12 
45 50 4 37 38 39 40 41 18 19 20 21 22 23 24 
46 4 42 25 26 45 
45 5 27 46 
43 48 2 3 31 32 33 10 11 12 
43 47 1 2 3 31 32 33 34 10 11 12 13 
44 50 34 35 36 37 38 15 16 17 18 
44 49 35 36 37 38 39 15 16 17 18 

