128 967
45 59 60 88 128 
28 29 45 59 62 
28 29 89 
29 30 46 63 90 91 5 6 
29 30 46 63 90 91 4 6 
30 39 46 63 64 91 4 5 
29 30 39 65 8 
30 39 64 65 7 
30 39 65 66 92 93 
66 92 93 94 11 
94 10 12 13 
94 10 11 13 
32 47 95 11 12 14 15 
32 47 95 96 13 15 
32 47 95 96 13 14 
32 47 96 17 
32 47 96 
32 19 
97 18 
40 98 21 22 
40 98 20 22 
40 98 
48 67 68 69 100 101 24 25 26 
48 68 100 101 25 
48 68 69 101 23 26 
68 69 100 23 25 
28 31 33 34 35 41 42 43 44 51 52 53 54 73 74 75 76 77 78 79 106 110 111 112 113 114 115 116 117 118 
27 29 30 31 32 35 36 37 38 39 45 46 55 56 57 58 59 60 61 62 63 83 84 85 86 87 88 89 122 123 124 125 126 128 1 2 3 127 
28 30 32 39 45 46 58 59 60 62 63 64 65 88 89 90 91 3 4 5 6 
28 29 32 39 45 46 63 64 65 66 89 90 91 92 93 4 5 6 7 8 9 
27 28 43 44 53 77 78 113 114 115 116 117 
28 29 30 39 40 47 94 95 96 97 13 14 15 16 17 18 19 32 
27 34 49 50 51 70 71 72 102 103 104 
27 33 49 70 102 103 104 
27 28 36 37 38 55 56 57 83 84 85 86 122 123 
28 35 37 38 56 57 85 87 123 124 
28 35 36 38 56 57 85 86 87 123 124 125 126 
28 35 37 56 57 85 86 87 124 126 
28 29 30 32 46 63 64 66 91 92 93 6 7 8 9 
32 48 67 68 98 99 20 21 
27 42 51 52 73 74 75 76 105 106 107 108 109 110 111 
27 41 74 76 110 111 112 
27 31 44 53 54 77 114 115 116 117 
27 31 43 53 54 77 78 79 116 117 
28 29 30 58 60 61 62 88 89 128 1 2 
28 29 30 39 63 64 89 90 91 4 5 6 
32 94 95 96 13 14 15 16 17 
40 67 68 69 98 99 100 101 23 24 25 
33 34 50 70 102 
33 34 49 70 103 
27 33 41 71 72 104 
27 41 42 73 74 75 110 111 112 
27 31 43 44 54 77 78 116 117 
27 31 43 44 53 79 117 118 
35 83 84 120 121 
28 35 36 37 38 55 57 85 122 123 
28 35 36 37 38 86 123 
28 45 59 88 127 
28 29 45 58 62 88 128 1 2 
28 29 59 61 62 88 128 1 2 
28 29 45 59 60 62 
28 29 45 59 60 61 89 2 
28 29 30 39 46 64 90 91 4 5 6 
29 30 39 46 63 91 6 7 8 
29 30 39 64 66 92 7 8 9 
30 39 65 92 93 94 9 10 
40 48 68 98 99 100 101 23 
40 48 67 69 100 101 23 24 25 
48 68 100 101 25 26 
33 34 49 50 
34 104 
71 104 
27 41 42 52 74 75 76 105 106 107 108 109 110 111 
27 41 42 52 73 75 76 106 107 108 109 110 111 
27 41 42 52 73 74 76 106 107 108 109 110 111 112 
27 41 42 52 73 74 75 110 111 112 
31 43 44 53 78 113 114 115 116 
27 31 43 44 77 114 115 
27 44 54 80 118 
79 81 82 119 
80 82 119 
80 81 119 82 120 
28 35 55 84 120 121 
28 35 55 83 121 
28 35 36 37 38 56 57 122 123 
28 36 37 38 57 87 124 125 
28 36 37 38 86 124 125 126 
28 29 45 58 59 60 128 1 
28 29 30 45 46 61 62 3 
29 46 63 91 4 5 
29 30 39 46 63 64 90 4 5 6 
30 39 65 93 10 
30 39 66 9 
32 47 66 95 10 11 12 13 
32 47 94 96 13 15 
32 47 95 14 15 16 
32 40 19 
40 48 67 20 21 22 
40 98 
48 67 68 69 101 23 24 25 26 
48 67 68 69 100 23 24 25 26 
49 50 103 
33 34 50 102 
33 34 51 71 72 
41 73 
41 73 74 75 107 108 109 
73 75 106 108 109 110 
41 73 74 75 106 107 109 110 
41 73 74 75 107 108 110 
27 41 42 52 73 74 75 76 106 107 108 109 111 
27 41 42 52 73 74 75 76 110 112 
27 75 76 111 
27 31 77 
31 43 78 115 
27 31 43 77 78 114 
27 31 43 44 53 77 78 
27 31 43 44 54 
27 54 79 
80 81 82 
55 83 120 121 
55 83 120 
35 85 
28 36 37 56 57 85 
28 36 37 38 86 87 125 126 
28 37 38 86 87 124 126 
28 37 38 86 87 124 125 
28 58 
28 60 88 1 

