33 193
26 19 33 
26 19 1 
27 13 19 20 21 4 
26 27 13 14 22 3 
26 27 28 13 14 22 
28 29 23 
28 9 6 8 10 
28 29 6 7 
29 23 6 7 8 10 11 12 
29 9 7 8 11 12 
29 9 10 12 
9 10 11 
27 28 14 20 21 22 3 5 
26 27 28 13 22 4 
24 25 16 17 31 32 
24 25 17 31 32 
15 16 32 
26 17 32 
26 27 20 21 33 1 2 3 
26 27 13 21 3 
26 27 13 19 20 3 4 
26 27 28 13 14 21 4 5 
27 28 29 6 
15 16 30 
24 15 16 17 30 31 
27 28 29 13 14 18 19 20 21 22 33 1 2 3 4 5 
26 28 29 13 14 19 20 21 22 23 3 4 5 
26 27 29 13 14 9 22 23 5 6 7 8 
28 9 23 6 7 8 10 11 
24 25 
25 15 16 17 32 
15 16 17 18 
26 18 19 1 

