45 237
2 10 30 31 32 
1 11 30 31 32 34 35 
28 36 4 14 15 16 
28 29 36 41 42 3 15 16 17 18 
28 29 42 19 20 
33 43 6 13 22 
33 44 45 23 
9 10 25 27 21 26 
8 10 21 26 
1 9 21 26 
2 12 34 35 38 11 
11 38 39 
33 6 22 
28 36 41 3 15 16 
28 36 41 4 14 16 
28 36 41 3 14 15 
28 36 42 4 
28 29 36 42 4 17 
28 42 5 20 
28 29 42 5 19 
9 10 26 
33 37 6 
33 37 44 45 7 
44 45 25 
8 24 27 25 
8 9 10 21 
8 25 
29 36 41 42 43 3 4 5 14 15 16 17 18 20 
28 36 41 42 43 4 5 18 19 20 6 
1 2 31 32 
1 2 30 32 
1 2 30 31 40 
37 44 45 6 7 13 22 23 24 
2 11 40 35 
2 11 40 34 
29 3 14 15 16 17 18 
44 45 6 7 13 22 23 
11 12 39 
38 11 
2 32 35 
28 29 36 42 3 4 14 15 16 17 18 
28 29 36 4 5 17 19 20 
29 6 
33 37 45 7 23 24 
33 37 44 7 

