33 180
32 24 26 19 20 
32 33 3 26 27 8 9 
32 33 2 28 10 11 12 
32 33 29 30 16 
29 30 31 17 18 5 
22 23 7 6 
32 22 23 6 19 
32 26 21 9 
32 2 8 10 
2 3 9 
32 33 3 28 12 
32 33 3 28 11 
33 28 14 15 16 
33 28 13 15 16 
33 4 28 13 14 16 
33 4 13 14 15 
5 31 18 
31 17 
32 1 22 23 25 7 
1 26 27 21 
32 26 27 20 8 
32 23 24 6 7 19 
32 22 24 6 7 19 
1 22 23 25 7 
32 1 24 19 
32 1 2 27 20 21 8 
32 26 21 8 
32 3 11 12 13 14 15 
33 4 5 30 
4 5 29 
5 17 
33 1 2 3 4 22 23 24 25 26 27 28 7 20 21 9 10 11 12 
32 2 3 4 28 29 11 12 13 14 15 16 

