152 890
101 112 124 152 
113 3 
113 2 
104 128 129 
98 100 105 108 115 132 7 24 25 26 27 44 45 46 47 48 88 89 90 91 92 93 94 95 96 97 
10 11 12 15 16 17 18 29 30 51 52 53 54 55 56 
5 8 9 13 14 21 22 23 33 34 35 36 37 38 39 73 74 75 76 77 78 
7 9 13 14 21 22 33 34 35 36 8 73 74 75 76 
7 8 14 21 22 33 34 35 36 37 38 73 74 75 76 77 
6 15 28 51 52 
6 12 16 17 18 29 30 53 54 55 
6 11 16 17 18 30 53 54 55 56 57 
7 8 19 20 21 71 72 
7 8 9 21 22 33 34 35 36 37 73 74 75 76 77 
6 10 29 51 52 
6 11 12 17 18 30 53 54 55 56 
6 12 16 18 30 53 54 55 56 
6 11 12 16 17 30 53 54 55 56 
13 20 32 69 70 71 
13 32 71 72 
7 8 9 13 14 33 34 35 73 74 
7 8 9 14 34 35 36 37 38 75 76 77 
7 38 39 40 41 42 78 79 80 81 
5 25 44 45 46 87 88 
24 46 88 89 
5 27 47 48 90 91 95 
5 26 47 48 92 93 95 
10 49 50 28 
6 15 
6 11 12 16 17 18 53 54 55 56 
60 61 62 63 64 
19 20 69 70 71 
7 8 9 14 21 34 73 74 75 
7 8 9 14 21 35 36 73 74 75 
7 8 9 14 21 22 33 34 36 73 74 75 
7 8 22 34 35 75 76 77 
7 9 22 38 77 
7 9 22 37 39 78 
7 23 38 40 41 78 79 80 81 
23 41 78 79 80 81 
23 39 40 42 79 80 81 
23 41 81 
82 83 85 
5 85 86 87 
5 24 25 46 88 
5 45 
5 26 27 48 92 93 94 
5 26 27 47 95 96 
28 50 
28 49 
10 15 
6 10 15 
6 11 12 16 17 18 30 54 55 56 
6 11 12 16 17 18 30 55 56 
11 16 17 30 53 54 56 
11 12 16 17 18 53 54 
12 58 59 60 
57 59 60 
57 58 60 
31 57 58 
62 63 
31 61 63 64 
31 62 64 65 66 
31 62 65 66 67 
31 63 64 66 67 
63 64 65 68 
66 68 
66 67 69 
32 68 70 
19 69 
13 19 20 32 72 
13 71 
7 8 9 14 21 33 35 74 
7 8 9 21 34 73 75 
7 8 9 14 22 33 35 36 74 
7 8 9 36 77 
7 9 14 22 36 37 
7 38 39 79 80 
39 40 41 78 80 81 
39 40 41 42 78 79 81 
23 39 40 41 42 79 80 
43 83 84 
43 84 85 
43 82 85 
43 44 83 86 
44 85 87 
24 86 
5 24 25 45 46 
5 25 91 
5 26 89 91 
5 26 89 90 
5 26 27 47 
5 26 27 47 92 94 
5 27 47 93 95 
5 26 48 94 96 97 
5 48 95 97 
132 5 95 
100 105 108 115 132 98 133 26 27 47 48 94 95 96 97 
101 111 112 121 122 124 144 145 147 148 149 151 152 
98 102 105 109 116 117 118 119 134 135 136 137 138 139 
99 112 121 122 123 124 125 126 148 149 150 151 152 1 
100 106 107 109 119 140 102 
101 104 114 127 128 129 130 4 
103 113 114 127 128 129 130 
98 100 109 116 117 136 137 138 
102 107 110 140 141 142 
102 106 120 141 142 107 
98 115 96 97 
100 102 105 119 138 139 
106 107 120 141 142 
120 143 144 
99 101 122 123 124 125 152 1 
103 104 126 127 2 3 
104 128 129 130 131 
98 108 132 
100 105 117 118 136 137 
100 105 116 136 137 
100 105 116 117 136 
100 102 138 139 
107 110 111 143 120 
99 101 145 146 147 148 149 
101 123 124 150 151 152 
99 101 112 122 124 150 151 152 
99 101 112 122 123 152 1 
101 112 126 
101 113 
103 113 129 4 
103 104 114 127 129 4 
103 104 127 128 130 4 
103 104 129 131 
114 130 
98 108 115 97 
98 133 
100 135 
100 134 
100 105 116 117 118 
100 116 117 118 
100 105 109 119 139 
109 119 138 
102 106 
106 110 
106 107 141 
111 120 
99 111 
99 121 146 
99 121 147 148 
99 145 146 
99 101 121 146 147 149 
99 101 121 148 
123 151 
99 101 122 123 150 
99 101 112 122 123 124 1 

