118 1011
80 2 3 
80 1 3 4 
1 4 
80 2 3 4 
57 67 6 
57 67 5 7 
57 81 82 83 6 8 
57 68 81 82 7 9 
57 67 68 82 83 84 
68 84 85 86 87 
86 87 88 89 12 
86 87 89 
58 69 90 91 92 93 14 15 
69 90 91 92 93 13 
58 90 91 92 93 13 14 
58 69 93 95 
58 69 94 95 16 
55 58 70 71 98 99 
55 71 72 100 20 21 
55 71 72 100 19 21 
72 100 19 
61 101 103 
55 61 103 22 24 
55 103 22 23 
55 61 
55 62 104 105 
55 59 62 63 104 105 28 
55 59 62 63 106 27 29 30 
55 59 62 63 73 106 28 30 31 
59 62 63 73 106 28 29 31 
55 59 63 73 106 29 30 32 
55 59 63 64 73 74 106 31 
55 56 59 63 64 65 73 74 107 
55 56 59 64 65 75 108 109 35 36 
55 56 76 108 109 110 111 34 36 37 38 
55 56 75 76 108 109 110 111 34 35 37 38 
55 56 75 76 108 109 110 35 36 38 
55 56 75 76 110 111 112 35 36 37 39 
55 56 75 76 77 110 111 38 
55 56 75 76 77 78 112 113 41 42 
55 56 77 78 112 113 114 40 42 
55 56 77 78 113 114 40 
55 56 115 44 
60 115 116 43 45 46 
60 66 115 116 44 46 
60 66 115 116 44 45 
60 66 116 
60 66 47 
60 79 50 51 52 
60 79 117 49 51 
60 79 118 49 50 52 53 54 
60 79 118 49 50 51 53 54 
60 79 118 51 52 54 
60 79 118 51 
56 57 58 59 60 61 62 63 64 65 66 69 70 71 72 73 74 75 76 77 78 79 96 98 99 100 101 102 103 104 105 106 107 108 109 110 111 112 113 114 115 116 18 19 20 21 22 23 24 25 26 27 28 29 30 31 32 33 34 35 36 37 38 39 40 41 42 43 
55 59 60 62 63 64 65 66 73 75 76 77 78 107 108 109 110 111 112 113 114 115 33 34 35 36 37 38 39 40 41 42 43 
58 67 68 80 81 82 83 84 85 5 6 7 8 
55 57 69 70 71 90 91 92 93 94 95 96 97 98 99 100 15 16 17 18 
55 62 63 64 65 73 74 75 104 105 106 107 108 109 27 28 29 30 31 32 33 34 
55 56 66 79 115 116 117 118 44 45 46 47 48 49 50 51 52 53 54 
55 72 101 102 103 22 23 24 
55 56 59 63 73 104 105 106 26 27 28 29 30 
55 56 59 62 64 65 73 74 106 107 27 28 29 30 31 32 33 
55 56 59 63 65 73 74 106 107 32 33 34 
55 56 59 63 64 73 74 75 107 108 109 33 34 
55 56 60 115 116 117 44 45 46 47 48 
57 68 81 82 83 5 6 7 8 9 
57 81 82 83 84 85 8 9 10 
55 58 90 91 92 93 94 95 13 14 15 16 
55 58 71 96 97 98 99 18 
55 58 70 98 99 18 19 20 
55 61 100 101 19 20 21 22 
55 56 59 63 64 65 74 106 107 29 30 31 33 
55 56 59 63 64 65 73 106 107 32 33 
55 56 65 76 77 108 109 110 111 112 34 35 36 37 38 39 40 
55 56 75 77 78 110 111 112 113 35 36 37 38 39 40 
55 56 75 76 78 110 111 112 113 114 38 39 40 41 
56 76 77 112 113 114 40 41 42 43 
55 60 117 118 49 50 51 52 54 
57 1 3 4 
57 67 68 82 83 6 7 
57 67 68 81 84 7 8 9 
57 67 68 81 82 84 7 8 9 
68 82 83 85 86 9 10 
57 68 84 87 10 
84 85 87 88 10 11 12 
85 86 11 12 
86 87 11 12 
88 90 91 11 12 
58 69 88 89 91 92 93 13 14 15 
58 69 89 90 92 93 13 14 15 
58 69 90 91 93 13 14 15 
58 69 90 91 92 94 95 13 14 15 16 
58 69 95 16 17 
58 69 93 94 16 17 
55 58 70 97 
58 70 96 98 
58 70 71 96 97 99 18 
55 58 70 71 98 100 18 
55 58 71 72 99 19 20 21 
55 61 102 22 
55 61 72 101 22 
55 61 22 23 24 25 
55 59 62 105 26 
55 59 62 104 26 27 
55 59 62 63 64 73 28 29 30 31 32 
56 59 63 64 65 73 74 108 33 
55 56 59 64 65 75 107 109 110 34 35 36 37 
55 56 59 65 75 108 110 34 35 36 37 
55 56 75 76 77 108 109 111 112 35 36 37 38 39 
55 56 75 76 77 110 112 35 36 37 38 39 
55 56 75 76 78 111 113 38 39 40 
55 56 76 77 78 112 114 40 41 42 
56 77 78 113 40 41 42 
55 56 60 66 116 43 44 45 46 47 115 
55 60 66 115 44 45 46 47 48 
79 49 
60 79 51 53 54 

