39 228
15 2 16 
15 1 16 
15 13 19 14 
15 17 36 20 21 
17 37 6 21 22 
17 37 5 22 23 24 
17 37 38 6 8 23 24 25 
17 18 37 38 7 23 24 25 
18 39 26 27 28 
18 39 9 27 28 29 30 
12 30 31 32 34 35 
11 31 33 34 35 
15 3 13 
36 3 19 
36 1 2 3 4 16 13 19 14 20 15 
15 1 2 16 
15 18 36 37 38 4 5 6 7 8 20 21 22 23 24 25 
17 37 38 39 8 9 10 25 26 27 28 29 30 
15 36 3 14 
15 17 36 4 21 
4 20 
17 37 5 6 21 
37 38 7 8 24 
17 37 38 6 7 8 23 25 
17 18 37 38 7 8 24 
18 9 27 28 
18 39 9 10 26 28 
18 39 9 26 27 29 
18 9 10 28 30 31 
18 10 29 31 
11 12 29 30 32 
11 12 30 31 
11 12 34 35 
11 12 33 
11 12 33 34 
15 17 3 4 19 20 
17 18 38 5 6 7 8 22 23 24 25 
17 18 37 39 7 8 23 25 
38 9 10 26 27 28 

