106 693
2 6 10 11 15 16 17 33 34 35 36 37 59 60 61 62 
1 3 4 6 7 12 17 18 19 20 21 22 38 39 40 41 42 43 44 64 65 66 67 68 69 70 71 
2 4 5 7 8 12 22 23 24 25 45 46 47 48 72 73 74 76 77 78 79 
2 3 5 7 8 12 24 25 26 48 49 50 74 75 76 77 78 79 80 
3 4 7 8 9 13 24 25 27 50 51 52 78 79 80 81 82 83 84 
1 2 11 16 35 36 37 60 61 62 
2 3 4 5 12 22 23 45 46 47 48 72 73 75 76 
3 4 5 9 13 25 26 27 50 51 52 82 83 84 
91 5 8 13 14 27 28 53 54 86 87 88 
1 15 29 30 31 55 56 57 58 
1 6 16 34 60 
2 3 4 7 23 45 46 47 72 73 74 75 76 
8 9 14 27 52 53 85 86 87 
91 92 94 9 13 28 53 54 88 
10 29 30 31 32 58 
1 6 11 35 60 61 62 
1 2 18 19 20 38 39 63 64 65 
2 20 38 39 40 64 65 
17 18 38 39 40 64 65 66 
2 17 18 19 38 39 40 41 65 66 
2 40 41 42 43 44 67 68 
2 3 7 23 45 71 22 
3 7 12 22 45 46 47 72 
3 4 5 25 78 79 
3 4 5 8 24 50 79 80 81 82 
4 8 50 51 82 83 
5 8 9 13 52 85 86 
91 92 94 95 9 14 53 54 88 
10 30 56 57 58 
10 15 31 58 
10 15 30 32 58 
15 33 
1 32 34 59 33 
1 33 59 
1 16 36 
1 6 35 37 
1 6 35 36 
2 17 18 19 20 39 63 64 65 
2 17 18 19 20 38 64 65 
2 18 19 20 21 41 66 67 
2 20 21 40 66 
2 21 41 43 67 68 
2 21 68 
2 21 68 70 
3 7 12 22 23 46 47 72 
3 7 12 23 45 47 72 
3 7 12 23 45 46 72 73 
3 4 7 12 74 75 76 
3 4 24 77 78 
4 8 25 80 81 82 83 
5 8 26 83 
5 8 13 27 84 85 
9 13 14 28 87 
9 14 28 88 
10 56 57 
10 29 55 
10 29 55 56 
15 29 31 
33 34 
1 6 11 16 61 62 
1 6 16 60 62 
1 6 16 60 61 
17 64 
2 17 18 19 38 39 63 65 
2 17 18 19 20 38 39 64 
2 18 19 40 41 
2 21 40 41 42 43 
2 21 42 43 44 
44 70 71 
2 22 69 71 
2 22 
7 12 23 45 46 47 
3 7 12 46 47 
3 4 7 12 48 75 
3 4 7 12 48 74 
3 4 7 48 
3 4 49 
4 5 24 49 
3 4 5 24 25 80 
4 25 50 79 81 
5 25 50 80 82 
8 50 81 
5 8 26 50 51 
5 8 52 
13 27 52 86 
9 13 27 85 
13 53 
14 28 54 
90 92 93 96 97 102 103 104 105 106 
89 92 93 96 97 98 99 100 101 
92 94 95 28 54 88 
89 90 91 94 95 96 98 99 100 28 
89 90 92 97 100 101 
91 92 95 98 
92 94 
89 90 97 99 100 101 
89 90 93 96 101 102 103 
90 92 94 99 
90 92 96 98 100 
90 92 93 96 99 
89 90 93 96 97 
89 93 97 103 104 
102 104 105 106 
89 103 105 
89 102 103 104 105 
89 104 105 

