44 356
40 42 28 29 30 4 5 6 7 
8 9 10 
38 39 31 11 12 13 14 15 16 
41 42 1 28 
40 42 1 28 29 30 6 7 
40 1 30 5 7 
40 1 28 29 30 5 6 
40 2 9 10 
40 8 10 
40 2 8 9 
43 3 12 
38 39 43 3 31 11 13 14 
38 39 43 3 31 12 14 16 
38 39 43 3 31 12 13 15 16 
38 39 43 3 31 16 
38 39 43 3 31 13 14 15 
38 39 43 44 32 33 18 19 
38 39 43 44 32 33 17 19 20 
38 32 33 17 18 20 21 22 
38 39 44 32 33 18 19 21 22 
38 44 32 33 34 19 20 22 23 
38 39 44 32 33 34 19 20 21 23 24 
44 33 34 21 22 24 
39 44 22 23 
35 36 37 26 27 25 
36 37 25 27 
36 37 25 26 
40 41 42 29 30 4 5 6 7 
40 41 42 1 30 5 6 7 
42 1 28 29 6 7 
38 39 43 44 3 12 13 14 15 16 17 
38 39 43 44 33 17 18 19 20 21 22 
38 39 44 32 34 17 18 19 20 21 22 23 
38 39 44 33 35 21 22 23 24 
34 36 25 
35 26 27 25 
25 26 27 
39 40 43 44 2 3 31 32 33 34 11 12 13 14 15 16 17 18 19 20 21 22 
38 40 43 44 3 31 32 33 34 35 12 13 14 15 16 17 18 19 20 21 22 23 24 
38 39 41 42 1 2 28 29 30 5 6 7 8 9 10 
40 42 1 28 29 4 
40 41 42 1 28 29 30 4 5 
38 39 44 31 32 33 11 12 13 14 15 16 17 18 
38 39 43 31 32 33 34 17 18 19 20 21 22 23 24 

