61 440
57 10 29 
34 38 44 3 18 19 20 21 33 53 48 47 
44 2 18 19 20 21 22 33 53 48 49 
34 44 45 5 31 26 11 
34 45 54 4 26 27 
34 54 55 7 8 9 28 14 15 30 25 
34 54 6 9 28 15 30 25 
34 54 55 6 7 9 28 15 30 25 
34 55 56 7 8 28 25 
55 56 57 58 59 60 61 1 
34 44 45 4 31 26 
34 5 26 
34 54 5 27 
34 54 6 27 15 
34 6 7 8 14 30 
17 35 16 
38 42 16 35 36 
38 2 3 19 46 32 33 53 
2 3 18 20 21 33 53 
2 3 19 21 48 
44 2 3 19 20 22 23 24 48 47 49 50 
34 44 3 21 23 24 48 47 49 50 51 52 
34 21 22 24 48 47 49 50 51 52 
34 44 22 23 47 49 50 51 52 
34 55 6 7 8 9 28 30 
34 45 4 31 11 12 
54 6 13 14 
34 55 56 6 8 9 25 
1 29 
34 6 7 8 15 25 
34 44 45 26 11 
38 42 18 46 
2 3 18 19 53 
44 45 54 55 56 57 2 4 5 6 7 8 9 22 23 24 31 26 27 28 11 12 13 14 15 30 25 
16 17 36 
38 42 17 35 
38 43 36 39 40 
42 43 2 17 18 36 37 39 40 41 46 
38 42 43 37 40 41 
38 42 43 37 39 41 
42 43 39 40 
38 43 17 37 39 40 41 46 32 
38 42 40 41 
45 2 3 4 22 24 31 26 48 47 49 50 51 52 11 
34 44 54 4 5 31 26 11 12 
38 43 18 32 
44 2 3 21 22 23 24 48 49 50 
44 2 3 19 20 21 22 23 47 49 
44 3 21 22 23 24 48 47 50 
44 21 22 23 24 47 49 51 52 
44 22 23 24 49 50 52 
22 23 24 51 
2 3 18 19 33 
34 45 5 6 7 8 27 12 13 14 15 
34 56 6 7 8 9 10 28 58 
34 55 57 9 10 28 58 
34 56 10 29 58 59 60 61 1 
55 56 10 59 
56 57 10 58 60 61 
57 10 59 61 
10 59 60 1 

