310 2219
5 11 19 21 51 52 53 94 95 97 98 
12 22 23 24 25 55 56 57 58 59 60 
4 6 33 34 35 36 37 71 72 73 74 75 76 
3 6 7 8 9 37 76 77 78 79 
1 19 20 21 51 52 53 96 97 98 
3 4 7 36 37 75 76 
4 6 8 9 18 38 77 78 79 
4 7 9 18 38 39 40 77 78 79 80 
4 7 8 18 39 40 41 43 45 79 80 
11 47 48 49 50 83 85 86 87 
1 10 49 85 86 87 88 89 90 91 92 
2 13 22 23 54 55 56 57 
2 12 22 23 24 54 55 56 57 58 310 
25 26 27 28 29 61 62 63 64 
16 17 29 30 65 68 69 70 
15 17 30 31 32 68 69 70 
15 16 30 31 32 68 70 
4 7 8 9 38 39 77 78 79 
1 5 20 94 96 97 
1 5 19 97 
1 5 51 52 97 
2 12 13 23 54 55 56 
2 12 13 22 55 56 57 58 310 
2 13 25 58 59 60 
2 14 24 59 60 61 62 
14 27 28 61 62 63 64 
14 26 28 29 63 64 
14 26 27 29 63 64 
14 15 27 28 63 65 66 67 68 
15 16 17 31 32 69 70 
16 17 30 32 33 70 71 
16 17 30 33 34 71 
3 31 32 34 35 71 72 
3 32 33 72 73 
3 33 34 36 72 73 74 75 
3 35 72 73 74 75 37 
3 4 6 37 76 
4 7 8 18 77 78 79 
7 8 18 40 80 
8 9 39 41 42 43 44 45 80 
9 40 42 43 44 45 80 
9 40 41 43 44 45 80 
9 40 41 42 44 45 80 81 
9 40 41 42 43 45 80 81 
9 40 41 42 43 44 46 80 81 
45 81 83 
10 48 82 83 84 
10 85 
10 11 50 85 86 
10 11 49 87 88 89 
1 5 21 52 53 97 98 
1 5 21 51 98 
1 5 21 51 98 
12 13 22 55 310 
2 12 13 22 23 54 310 
2 12 13 22 23 57 58 
2 12 13 23 56 58 
2 13 23 24 56 57 
24 25 60 
2 24 25 59 61 
25 26 60 62 
14 25 26 61 
14 26 27 28 29 64 
14 26 27 29 63 65 
15 29 64 66 67 68 
15 29 65 67 68 
15 68 
15 16 17 29 65 66 67 
15 16 17 30 70 
15 16 17 30 31 32 69 
3 31 32 33 34 
3 34 35 36 73 74 75 
3 34 35 36 72 74 75 
3 35 72 73 75 
3 6 35 36 72 73 74 
6 37 
4 7 8 38 78 
4 7 8 18 77 79 
4 7 8 9 38 39 78 
8 9 39 40 41 42 43 44 45 
43 44 45 46 82 
46 47 81 83 84 
46 47 48 82 84 
47 48 82 83 
10 11 48 49 86 
10 11 49 85 
10 11 50 88 89 
11 50 87 
11 50 87 88 90 91 92 93 
11 89 91 92 93 
11 89 90 92 93 
11 89 90 91 93 
89 90 91 92 
1 95 96 
1 94 
1 5 19 94 95 
5 19 20 21 51 
5 21 51 53 
100 102 106 107 109 110 115 116 118 119 120 121 122 123 134 135 136 162 163 164 165 166 167 168 169 227 228 229 230 231 232 233 234 235 236 237 238 
99 101 103 104 105 108 111 112 125 127 145 146 147 191 192 193 194 195 196 273 274 275 276 277 278 279 280 281 282 283 284 285 
100 111 112 113 129 130 148 150 151 152 153 199 200 201 202 203 204 205 206 207 208 209 210 211 294 295 296 297 298 299 300 301 
99 106 107 110 117 118 119 120 121 122 134 135 162 164 165 166 227 228 229 230 231 232 233 234 235 
100 104 105 125 126 127 142 143 144 183 184 185 186 187 188 189 190 263 264 265 266 267 268 269 270 271 272 
100 105 108 127 145 190 191 192 193 273 274 275 276 277 278 
100 103 108 127 128 145 146 147 191 192 193 194 195 275 276 277 278 279 280 
99 102 109 114 115 116 132 133 158 159 160 161 221 222 223 224 
99 102 110 120 121 122 134 135 164 165 166 167 168 232 233 234 236 237 238 
100 104 105 111 128 146 147 195 196 279 280 281 282 283 284 285 286 287 
99 106 114 115 132 133 158 159 160 220 221 
99 102 123 136 167 168 169 170 238 239 240 241 242 243 244 245 246 
100 101 108 112 128 196 197 198 287 288 
100 101 111 148 149 197 198 289 290 291 
101 130 131 152 153 154 155 156 212 213 214 215 216 302 303 304 305 306 307 
106 109 132 157 217 114 218 219 
99 106 109 132 133 158 159 160 221 222 
99 106 161 225 226 
99 116 118 162 
117 119 162 163 227 228 229 
99 102 118 163 227 228 230 231 
99 102 107 121 122 134 135 164 165 166 232 233 234 235 236 
99 102 107 120 122 134 135 164 165 166 232 233 234 235 236 
99 102 107 120 121 134 135 164 165 166 232 233 234 235 236 
110 124 136 137 169 170 242 243 244 245 246 247 
123 137 138 171 248 249 124 
100 103 126 143 144 183 184 185 186 187 263 264 265 266 267 268 
103 125 142 143 144 184 185 186 187 263 264 265 266 267 268 
103 104 105 145 191 192 193 274 275 276 277 
100 105 108 111 147 196 283 284 285 286 287 
101 199 200 292 129 293 
101 113 152 153 154 155 209 210 211 212 213 214 302 303 
113 155 156 215 216 304 305 306 307 308 309 
106 109 114 115 133 158 159 
106 109 115 132 158 159 160 221 
99 102 107 120 121 122 135 164 165 166 232 233 234 235 
99 102 107 120 121 122 134 166 235 236 
99 110 123 137 170 244 245 246 247 
124 136 247 248 249 
124 139 140 171 172 173 174 250 251 
140 171 172 173 174 250 251 
138 139 141 171 172 173 174 250 252 253 
138 140 172 173 174 175 176 177 251 252 253 
103 125 126 182 263 
103 125 126 144 184 185 186 187 188 189 265 266 267 268 269 
103 125 126 143 186 187 188 189 266 267 268 269 270 
100 105 275 276 277 278 
100 105 108 194 195 279 280 281 
100 105 108 128 281 282 283 284 285 
101 111 112 149 198 289 290 291 
112 148 198 289 291 
101 151 204 205 206 207 298 299 300 
101 150 207 298 299 300 301 
101 130 153 154 207 208 209 210 211 212 302 
101 113 130 152 154 211 212 213 214 302 303 
113 130 152 155 212 213 214 302 303 
113 130 131 154 156 213 214 304 305 
113 131 155 215 216 305 306 307 308 
114 217 
106 109 115 132 133 159 
106 109 115 132 133 158 
109 115 221 222 
106 116 225 226 
99 102 117 118 
99 102 118 119 228 229 230 231 
99 102 107 120 121 122 134 165 232 233 
99 102 107 120 121 122 134 164 166 232 233 234 235 
99 102 107 120 121 122 134 165 235 236 
99 107 110 237 
99 107 110 237 238 
99 110 123 170 239 240 241 242 243 
110 123 136 169 242 243 244 245 246 
124 138 139 140 172 250 
138 139 140 141 171 174 250 251 252 
138 139 140 141 174 250 251 252 253 
138 139 140 141 172 251 252 253 
141 176 252 253 
141 175 177 254 
141 175 176 254 255 256 
179 254 256 257 258 259 
178 258 260 
179 181 260 262 
180 182 261 262 
142 181 182 261 
103 125 126 142 184 263 264 
103 125 126 143 183 185 263 264 265 266 
103 125 126 143 184 186 264 265 266 267 
103 125 126 143 144 185 187 188 265 266 267 268 269 
103 125 126 143 144 186 188 266 267 268 269 
103 143 144 186 187 189 269 270 
103 143 188 190 269 270 
103 104 189 270 271 
100 104 127 193 273 274 275 
100 104 105 127 193 273 274 275 
100 104 105 127 191 192 273 274 275 
100 105 108 146 195 279 280 
100 105 108 146 194 279 280 281 
100 108 111 287 288 
111 112 
111 112 148 149 289 290 291 
101 129 149 292 293 
101 129 292 293 
101 202 203 295 296 
101 201 203 295 296 
101 201 202 204 205 296 297 
101 150 203 205 206 296 297 
101 203 204 297 
101 150 205 297 
101 151 208 301 
152 209 210 211 301 
101 130 152 208 210 211 
101 152 209 
101 152 153 208 209 210 212 302 
113 152 154 211 213 302 303 
113 130 153 154 155 212 214 303 
113 153 154 155 213 304 
113 131 155 156 216 308 
113 131 156 215 307 308 309 
114 157 
114 219 220 
114 218 220 
109 114 132 218 219 
109 133 160 222 
106 115 221 223 224 
106 222 224 
222 223 
116 161 226 
116 161 225 
99 118 119 163 
118 119 163 227 229 230 
99 102 118 119 163 228 230 
99 102 119 163 228 
102 119 163 
99 102 107 120 121 122 134 165 233 
99 102 107 120 121 122 134 164 165 232 
99 102 120 121 122 134 165 235 
102 107 120 121 122 134 135 165 234 
99 107 120 121 122 135 166 
99 107 167 168 238 
99 107 110 167 168 237 
110 169 240 242 243 
110 169 239 242 243 
110 169 239 240 242 243 
123 169 170 239 240 241 243 
110 123 169 170 239 240 241 242 
110 123 136 170 245 246 
110 123 136 170 244 246 
110 123 136 170 244 245 247 
123 136 137 
124 137 249 
137 248 124 
139 140 171 
138 139 140 141 172 173 174 253 
140 172 173 174 175 251 
140 141 173 174 175 251 252 
176 177 178 255 256 257 
177 254 256 257 
177 254 255 257 258 
178 254 255 256 258 
178 179 256 257 
178 179 180 260 
179 180 259 
180 181 262 261 
180 181 261 
103 125 126 142 183 264 
126 183 184 185 263 
103 125 126 143 185 186 266 267 
103 125 126 143 144 184 185 186 187 265 267 268 
103 125 126 143 144 185 186 187 265 266 268 
103 125 126 143 144 186 187 266 267 
103 143 144 186 187 188 189 270 
103 144 188 189 190 269 
103 190 272 
103 271 
100 104 191 192 193 
100 104 105 127 191 192 193 275 
100 104 105 127 145 191 192 193 274 276 277 
100 104 105 127 275 277 
104 105 127 145 275 276 
100 104 105 127 145 
100 105 108 146 194 280 
100 105 108 146 194 195 
100 146 147 195 
100 147 283 
100 108 128 147 282 284 
100 108 128 147 285 
100 108 128 284 
108 128 
108 111 196 288 
111 196 287 
112 148 149 198 290 
112 198 289 
112 148 149 198 
129 199 200 293 
200 292 129 294 
101 200 293 
101 202 
101 202 203 204 
204 205 206 
101 150 151 299 300 
101 150 151 298 300 
101 150 151 298 299 
101 151 207 208 
113 130 152 153 154 211 303 
113 130 153 154 302 
113 131 214 305 306 
113 131 155 156 304 306 
131 155 156 304 305 
113 131 156 215 216 308 309 
131 215 216 309 
131 216 307 308 310 
54 55 309 

