87 652
50 51 
50 51 52 61 1 
51 52 53 62 63 64 
46 53 62 63 64 
54 65 6 
46 54 65 5 7 
46 54 66 6 8 
46 54 66 67 7 
47 67 11 12 
47 67 9 11 12 
47 67 9 10 12 13 14 15 
47 67 9 10 11 13 14 15 
45 47 55 11 14 15 16 
45 47 55 11 12 15 16 
45 47 55 11 12 13 14 16 
47 55 13 15 
45 55 56 
44 45 48 56 57 20 21 
44 45 48 56 57 18 20 21 
44 45 48 56 57 18 19 21 
44 45 48 56 57 18 19 20 
44 45 48 57 68 69 
44 58 68 69 70 71 72 73 24 25 
44 58 70 71 72 73 23 25 
44 58 70 72 73 74 75 23 24 26 27 
44 58 72 73 74 75 25 27 
44 58 72 73 74 75 76 25 26 28 
44 58 75 76 77 27 
49 59 60 78 79 30 
49 60 79 29 
49 80 81 82 32 33 34 35 36 37 
80 81 82 31 33 34 35 
49 80 81 82 31 32 34 36 
49 80 81 82 31 32 33 35 
49 80 81 82 83 31 32 33 34 36 38 39 40 
49 82 83 31 33 34 35 37 38 39 
49 83 31 35 36 38 39 
83 35 36 37 40 
83 35 36 37 40 
83 36 37 38 39 
83 84 85 42 
83 84 85 
84 86 87 
45 47 48 56 57 58 59 68 69 70 71 72 73 74 75 76 77 18 19 20 21 22 23 24 25 26 27 28 
44 46 47 48 55 56 57 68 69 13 14 15 16 17 18 19 20 21 22 
45 54 64 65 66 67 4 5 7 8 
44 45 55 67 9 10 11 12 13 14 15 16 
44 45 56 57 68 70 18 19 20 22 
59 60 78 79 80 81 82 83 29 31 32 33 34 35 36 37 
51 52 61 1 2 
50 52 53 61 62 63 1 2 
50 53 61 62 63 64 2 3 
51 52 61 62 63 64 3 4 
46 65 66 67 5 6 7 8 
45 47 13 14 15 17 
44 45 48 57 68 17 18 19 20 21 
44 48 56 68 69 70 18 19 20 21 22 
44 70 71 72 73 74 75 76 23 24 25 26 27 28 
44 49 60 78 79 29 
49 59 78 29 30 
50 51 52 53 1 2 
51 52 53 63 64 3 4 
51 53 62 64 4 
46 52 53 62 63 65 3 4 
46 54 64 5 6 
46 54 7 8 9 
46 47 54 8 10 
45 48 56 69 70 22 23 
44 45 48 57 70 71 22 23 
44 48 57 58 68 69 71 73 23 24 25 
44 58 68 69 70 72 73 23 24 25 
44 58 70 71 73 74 75 23 24 25 26 27 
44 58 70 71 72 74 75 23 24 25 26 27 
44 58 72 73 76 25 26 27 
44 58 73 74 76 25 26 27 28 
44 58 74 75 77 27 28 
44 76 28 
49 60 79 29 30 
49 59 60 78 29 30 
49 79 81 82 31 33 34 35 
49 80 82 31 32 33 34 35 
49 80 81 31 32 33 34 35 36 
49 85 35 36 37 38 39 40 41 
83 85 86 41 42 43 
83 84 87 41 43 
84 85 87 43 
85 86 

