28 216
18 19 22 23 12 
18 19 20 23 25 11 3 
18 19 24 25 11 2 4 
18 19 20 25 26 13 2 3 
18 20 25 26 13 14 17 6 
18 20 26 13 17 5 
20 21 7 
21 27 28 16 9 10 
15 16 8 10 
28 8 9 
18 19 20 23 24 25 12 2 3 
18 19 22 23 24 11 1 
18 19 20 26 17 4 5 6 
18 19 20 25 26 13 17 4 5 6 
21 27 28 16 8 9 
27 28 15 8 9 
18 20 25 26 13 14 5 6 
19 20 21 22 23 24 25 26 12 11 13 14 17 2 3 4 5 6 
18 20 22 23 24 25 26 12 11 13 14 1 2 3 4 
18 19 21 24 25 26 11 13 14 17 2 4 5 6 7 
18 20 28 15 16 7 8 
18 19 1 
18 19 24 12 11 1 2 
18 20 23 25 12 11 2 3 
18 19 20 24 26 11 13 14 17 2 3 4 5 
18 20 25 13 14 17 4 5 6 
21 28 15 8 
21 27 15 16 8 9 10 

