42 289
3 15 16 17 18 
1 3 15 16 17 18 
37 1 2 4 21 
37 3 21 
12 38 39 6 23 24 25 26 27 
12 13 39 5 7 25 26 27 30 28 29 
12 13 6 8 28 29 31 32 33 
12 13 7 29 31 32 33 
13 14 19 40 41 10 35 
20 40 41 9 11 35 36 
14 19 20 40 41 10 35 36 
13 14 19 39 40 5 6 7 8 25 26 27 30 28 29 31 32 33 42 
12 14 19 40 6 7 8 9 30 28 29 31 32 33 34 
12 19 20 40 41 9 10 11 34 35 36 
1 2 16 18 
1 2 15 17 18 
1 2 15 18 
1 15 17 
12 13 14 20 40 41 10 11 34 35 36 
14 19 40 41 9 10 35 36 
37 3 4 
37 38 39 23 
38 39 5 22 24 25 
39 5 23 25 26 
12 39 5 6 23 24 26 27 
12 5 24 25 
39 5 6 25 26 30 28 
12 13 6 7 27 30 29 
12 13 6 7 8 30 28 31 32 
12 13 6 28 29 
12 13 7 29 32 
12 13 7 8 31 33 
12 13 7 8 31 32 42 
13 14 19 40 42 
14 19 20 41 10 11 
14 19 20 10 
38 3 4 21 22 
39 5 38 22 23 
12 38 5 6 22 23 24 25 26 27 
12 13 19 20 41 9 10 11 34 35 
14 19 20 9 10 11 35 36 
12 13 33 

