208 1591
2 3 4 6 7 8 13 14 15 19 20 21 22 23 41 42 43 44 45 46 47 48 49 50 51 52 53 82 83 84 85 86 87 88 89 90 143 144 145 146 147 148 149 150 151 152 153 154 155 156 157 158 159 160 161 162 163 
1 7 8 14 15 22 23 24 48 49 50 51 52 53 54 55 56 86 87 88 89 90 91 157 158 159 160 161 162 163 164 165 166 167 168 169 170 171 172 173 174 175 
1 4 5 6 10 11 12 17 18 35 36 37 68 69 70 71 72 73 74 75 123 124 125 126 127 
1 3 6 10 11 12 17 18 35 36 37 69 70 71 72 73 74 123 124 125 126 127 
3 31 32 33 34 62 63 64 65 66 114 115 116 117 118 119 120 121 
1 3 4 11 12 37 38 39 40 77 78 130 131 132 133 134 135 
1 2 8 21 44 45 46 47 48 49 83 84 85 151 152 153 154 155 
1 2 14 15 48 49 85 86 155 156 157 158 
30 105 106 107 108 9 
3 4 11 17 18 35 36 68 69 70 71 72 123 124 125 126 
3 4 6 10 12 36 37 72 73 74 75 76 77 127 128 
3 4 6 11 38 39 40 76 77 78 128 129 130 131 132 133 
1 19 20 21 41 42 43 82 137 138 139 140 141 
2 8 15 22 50 51 159 160 161 
2 14 22 50 51 160 161 
26 27 28 29 58 59 60 97 98 99 100 101 183 184 185 186 187 
3 4 10 18 67 68 122 123 
3 4 10 17 35 67 68 123 124 
1 13 20 41 80 81 82 136 
1 13 19 21 41 42 43 82 136 138 139 140 141 142 
1 7 13 20 42 43 44 83 139 140 141 142 144 145 146 147 
1 2 14 15 52 87 88 89 90 163 164 165 166 167 168 
1 2 52 53 54 55 56 92 174 175 179 178 
1 2 25 26 57 92 93 180 181 
24 26 27 28 57 93 94 95 96 180 181 182 61 
16 24 25 27 28 57 93 94 95 96 97 180 181 182 61 
16 25 26 28 58 95 96 98 61 183 
16 25 26 27 58 97 98 183 
16 58 59 60 99 100 101 102 187 188 190 
9 62 106 107 108 109 110 111 
5 32 63 64 65 113 114 115 116 117 118 
5 31 65 115 116 117 118 119 
5 34 66 120 121 
5 33 
3 4 10 18 36 68 69 70 124 125 
3 4 10 11 35 69 70 72 125 126 
3 4 6 11 12 75 76 127 128 
6 12 39 40 78 133 134 
6 12 38 40 78 133 134 135 
6 12 38 39 133 134 135 
1 13 19 20 81 82 
13 19 20 21 43 82 137 138 139 140 141 
1 13 20 42 139 140 141 142 143 
1 7 21 83 84 144 145 146 147 148 149 150 
1 7 46 47 84 85 151 152 153 154 
1 7 45 47 84 85 151 152 153 154 
1 7 45 46 85 151 153 154 
2 7 8 49 85 86 155 156 
1 2 7 8 48 86 156 157 
1 2 14 15 51 159 161 
2 15 50 160 161 162 
1 2 22 23 53 54 55 91 169 170 171 172 173 174 175 
2 23 54 55 56 175 179 
2 23 52 55 56 175 179 
2 23 52 53 56 175 179 
2 23 53 54 55 92 178 
24 25 26 93 94 95 180 181 
16 27 28 29 59 60 99 183 185 186 187 
16 29 58 100 184 185 186 187 
16 29 58 59 99 100 101 187 188 190 
25 26 95 96 182 
5 30 63 64 109 111 112 113 
5 31 62 64 112 113 114 
5 31 63 112 113 114 
5 31 32 117 118 119 120 
5 33 34 65 120 121 
3 17 122 
3 4 17 18 35 123 124 
3 10 35 36 70 71 125 
3 4 10 35 36 69 71 72 125 126 
3 4 10 36 69 70 72 125 126 
3 4 10 11 36 70 71 73 125 126 
3 4 11 72 126 127 
3 4 37 75 76 127 
3 37 74 76 127 
11 12 37 77 128 129 
6 11 12 76 128 129 130 131 
6 12 38 39 131 132 133 
80 79 
19 79 81 
19 41 
1 13 19 20 41 42 136 137 138 
1 7 21 44 144 145 146 147 148 149 150 
1 7 44 45 46 151 152 153 
1 7 8 45 46 47 48 
1 2 8 48 49 157 
1 2 22 88 89 90 163 164 165 166 167 
1 2 22 87 89 90 163 165 166 167 
1 2 22 87 90 165 166 167 169 
1 2 22 87 88 89 91 167 168 169 170 
2 52 90 169 170 171 172 173 
23 24 56 178 92 
24 25 26 57 94 180 
25 26 93 180 
24 25 26 27 57 96 180 181 182 61 
25 26 27 28 95 182 61 
16 27 28 98 
16 27 28 97 
16 29 58 59 100 184 185 186 187 
16 29 59 60 99 101 187 188 190 
16 29 60 100 102 190 
29 103 188 192 
102 104 192 191 193 
103 191 
9 30 106 107 
9 105 108 
9 30 105 
30 106 107 109 
30 62 108 110 111 112 
30 62 109 111 112 
30 62 109 110 112 
62 64 109 111 113 
31 62 63 64 112 114 
5 31 63 64 113 
5 31 116 
5 31 32 115 117 
5 31 32 65 115 116 118 119 
5 31 32 65 116 117 119 
5 31 32 117 118 
5 33 121 
5 66 120 
17 67 
3 4 10 17 18 68 
3 4 10 18 35 68 
3 4 10 35 36 69 70 71 72 126 
3 10 36 70 71 125 
3 4 11 37 73 74 75 
11 12 37 
6 12 76 130 131 
6 12 77 129 131 
6 12 77 78 129 130 132 
6 38 78 131 
6 12 38 39 40 78 
6 38 39 135 
6 39 40 134 
13 19 20 41 82 
13 20 42 82 138 
13 20 42 82 137 
13 42 43 140 
13 20 21 42 43 139 141 142 
13 20 21 42 43 139 140 142 
20 21 43 140 141 143 
1 21 43 142 144 
1 21 44 83 143 145 146 147 
21 44 83 144 147 
1 21 44 83 144 145 147 
1 21 44 83 144 145 146 
1 44 83 146 149 150 
1 44 83 148 150 
1 44 83 148 149 
1 7 45 46 47 84 152 153 
1 7 45 84 153 
1 7 45 47 84 151 152 154 
1 7 45 46 47 153 
1 7 8 48 156 
1 8 48 49 155 
1 2 8 49 86 
1 2 8 14 
1 2 14 15 50 51 160 
1 14 15 50 51 159 161 162 
1 14 15 50 51 160 162 
1 2 51 160 161 
2 87 88 164 165 
2 22 87 88 163 165 166 167 
2 22 87 88 89 163 164 166 167 
2 22 89 164 165 
2 22 88 89 90 164 165 166 168 
2 22 88 89 167 169 170 
2 52 89 90 168 170 
2 52 90 91 168 169 
2 52 91 172 
2 52 91 171 173 174 
2 52 91 171 172 174 
2 23 52 53 54 172 175 179 
23 52 53 54 55 174 179 
177 189 196 197 203 204 205 206 207 
176 196 197 204 205 206 207 208 
23 92 
23 52 53 54 55 174 
24 25 26 57 93 94 95 181 182 
24 25 26 57 95 180 
25 95 96 181 61 
16 27 28 58 184 185 
16 58 99 183 185 186 
16 58 59 99 183 184 186 
16 58 59 99 184 185 187 
16 29 58 59 60 99 100 186 
29 60 100 101 102 190 
176 195 202 
29 100 101 188 
198 103 193 
102 103 104 
198 103 191 
199 193 
189 200 201 202 
176 177 197 203 204 205 206 207 208 
176 177 196 204 205 207 208 
194 200 191 
194 200 
195 198 199 
189 195 202 
189 195 201 
176 177 196 204 205 
176 177 196 197 203 205 206 
176 177 196 197 203 204 206 
176 177 196 197 204 205 207 208 
176 177 196 206 208 
176 177 196 197 206 207 

