210 1548
121 210 
42 74 
122 4 
122 3 5 
43 4 6 
43 5 
43 75 123 
75 123 10 
123 8 10 11 
8 9 11 
9 10 12 
124 11 
76 124 125 126 
54 76 77 78 126 127 15 16 
54 76 77 78 127 14 16 17 18 
76 77 78 127 14 15 17 18 
54 77 78 127 128 16 19 20 
54 78 127 128 15 16 17 19 20 
54 78 79 127 128 17 18 20 
54 78 79 127 128 17 18 19 
55 80 131 
44 55 80 130 131 21 23 
44 131 22 24 
44 23 25 26 27 28 
44 24 26 27 28 
44 132 24 25 27 28 
24 25 26 28 
132 25 26 27 
30 35 36 59 60 61 93 94 95 96 97 98 99 100 101 156 157 158 159 160 162 163 164 165 166 167 168 169 
29 31 32 37 49 66 67 68 69 70 107 108 109 110 111 185 186 187 188 190 191 192 193 194 
30 32 33 34 37 38 39 40 41 42 51 52 53 74 117 118 119 120 121 203 204 205 206 207 208 209 
30 31 33 34 38 39 40 41 49 50 51 52 72 73 112 113 114 115 116 117 118 119 195 196 197 198 199 200 201 202 203 
31 32 34 37 38 39 40 41 42 53 119 120 121 203 204 205 206 208 209 
31 32 33 38 39 40 41 42 53 74 120 121 206 207 208 209 210 1 2 
29 36 60 96 97 98 99 100 158 159 160 161 162 163 164 165 
29 61 100 101 165 167 168 169 170 
30 31 32 33 38 49 50 51 52 71 72 73 112 113 114 115 37 195 196 197 198 
31 32 34 37 39 40 41 52 114 116 117 118 119 199 200 201 202 203 
31 32 33 34 38 40 41 118 119 203 204 
31 32 33 34 38 41 53 120 204 205 206 207 208 
31 32 33 34 38 39 40 53 120 121 204 205 206 207 208 
31 33 34 74 122 2 
75 122 123 4 5 6 7 
54 55 80 129 130 131 21 22 23 24 25 26 
46 47 56 81 138 139 
45 47 56 83 138 141 
45 46 57 83 84 85 86 87 139 140 141 142 143 144 145 146 147 148 150 
62 63 64 65 104 105 176 177 178 179 180 
30 32 37 50 51 52 71 72 73 112 195 196 
32 37 49 51 52 73 195 197 
31 32 37 49 50 52 73 112 113 114 115 196 197 198 
31 32 37 38 49 50 51 73 112 113 114 115 116 196 197 198 199 
31 33 34 40 41 42 120 121 209 210 
44 55 76 77 78 79 126 127 128 14 15 16 17 18 19 20 
44 54 80 129 130 131 21 22 
45 46 81 83 138 139 
47 84 85 86 87 88 145 146 147 149 150 
59 88 89 90 151 152 
58 89 90 91 92 93 153 154 155 
29 35 96 97 98 99 160 161 162 163 164 
29 102 103 171 172 173 
48 63 64 65 104 105 176 177 178 
48 62 64 65 104 105 176 178 
48 62 65 105 177 178 179 
48 62 63 64 105 178 179 180 
30 106 183 184 
30 68 107 108 109 185 186 187 
30 67 69 108 109 110 111 186 187 188 189 
30 68 109 110 111 188 190 
30 191 192 193 
37 49 72 71 
32 37 49 50 71 112 195 
32 37 49 50 51 52 112 113 114 115 196 197 198 
34 122 2 
43 123 75 7 8 
54 77 78 124 125 127 13 14 15 16 
54 76 78 126 127 14 15 16 17 
54 76 77 127 128 14 15 16 17 18 19 20 
44 54 55 78 127 128 129 130 19 20 
55 130 21 22 23 
45 56 133 134 135 136 137 
81 136 
45 46 47 138 139 140 
47 57 85 86 87 88 146 147 148 149 150 
47 57 84 87 146 147 148 149 150 
47 57 84 85 87 146 147 148 149 150 
47 57 84 85 86 146 147 148 149 150 
57 58 84 151 152 
58 90 153 154 
58 59 91 92 153 154 
59 89 90 93 94 153 154 155 
89 90 91 93 153 154 155 
29 59 91 92 155 156 
29 91 92 93 155 156 
29 157 158 
29 35 60 97 98 158 159 160 161 
29 35 96 98 99 159 160 161 162 
29 35 60 96 97 99 160 161 162 163 
29 35 60 97 162 163 
29 35 36 101 165 166 167 168 169 
29 36 100 166 168 169 
103 175 
61 175 
48 62 63 104 176 
48 62 63 64 65 178 179 180 
66 106 183 184 
30 67 108 185 186 107 
30 68 107 185 186 
30 67 68 69 110 111 188 189 
30 68 69 111 188 189 
30 68 69 109 188 189 190 
32 37 49 50 51 52 72 73 195 196 
32 49 50 51 52 112 196 
32 37 38 51 52 73 115 116 117 197 198 199 200 201 202 
32 51 52 73 114 116 117 197 198 199 200 201 202 
32 52 114 115 117 118 199 200 201 
31 32 38 114 115 118 199 200 201 202 
31 32 39 116 117 119 200 201 202 
31 32 33 38 39 118 203 
31 33 34 40 41 53 205 206 207 208 
31 33 34 41 53 209 210 1 
42 43 74 3 4 
43 75 7 8 9 
76 125 126 12 13 
76 124 126 13 125 
54 76 77 124 125 13 14 
54 76 77 78 79 128 14 15 16 17 18 19 20 
54 55 78 79 127 129 17 18 19 20 
44 55 79 128 130 
44 55 79 80 129 21 22 
44 55 80 21 22 23 
26 27 132 
81 134 135 136 137 
81 133 136 137 
81 133 134 136 137 
81 82 133 134 135 137 
81 82 133 134 135 136 
45 46 56 83 
45 46 56 83 140 
45 46 47 83 139 141 142 
46 47 140 142 143 144 145 
47 140 141 143 145 146 
47 141 142 144 145 146 
47 141 142 143 146 
47 57 141 142 143 144 146 147 
47 57 84 85 86 87 142 143 144 145 147 148 149 
47 84 86 87 145 146 148 149 
47 57 84 85 86 87 146 147 149 150 
47 57 84 85 86 87 146 147 150 
47 57 84 85 86 87 148 149 
57 88 152 
58 151 
59 89 90 91 92 154 
59 89 90 91 92 
59 92 93 94 
29 93 94 
157 95 
29 35 95 96 159 
29 35 96 97 158 160 161 
29 35 60 96 98 161 162 
29 35 60 96 97 159 160 162 
29 35 60 97 98 99 160 161 
35 60 97 99 162 
29 60 165 
29 35 36 100 166 
29 36 101 165 168 
29 36 100 101 166 168 169 
29 36 100 101 167 169 
36 100 101 167 168 
36 61 172 173 174 
61 170 172 173 174 
61 173 174 
61 171 172 174 
61 170 171 172 173 
102 103 
48 62 63 104 177 
62 63 64 176 
48 62 63 64 65 105 179 
48 64 65 105 
48 65 105 181 180 182 
180 
180 181 183 
66 106 182 
66 106 183 
30 67 107 108 186 
30 67 68 107 108 185 187 
30 67 68 108 109 186 
30 68 69 109 110 111 189 
30 68 69 110 111 188 
30 69 
30 70 190 192 
30 70 191 193 194 
70 192 194 
30 70 192 
32 37 49 50 72 112 113 
32 37 49 50 51 52 112 113 195 
32 37 50 51 52 73 114 115 198 
32 37 51 52 73 114 115 
32 38 52 114 115 116 117 200 202 
32 38 114 115 116 117 118 201 202 
32 38 114 116 117 118 199 200 202 
32 38 114 115 116 117 118 199 200 201 
31 32 33 38 39 
31 33 39 40 41 205 
31 33 34 40 41 120 204 206 207 208 
31 33 34 40 41 205 207 208 
31 33 34 40 41 120 205 206 208 
31 33 34 40 120 205 206 207 
31 33 53 121 210 
34 53 209 

