39 214
2 7 35 
3 7 8 9 34 35 12 13 14 1 16 
2 5 6 34 10 11 12 14 
38 37 39 32 25 26 27 28 30 31 
3 6 10 5 
3 5 10 11 
2 8 1 16 17 18 
2 7 9 16 17 19 
2 7 8 16 17 18 19 
3 6 
3 6 34 12 13 
2 3 34 11 13 14 
2 3 34 11 12 14 
2 3 34 12 13 
33 36 21 15 22 23 24 
2 7 8 9 17 18 
7 8 9 18 
7 8 9 16 17 
7 9 20 
19 21 
15 36 20 
15 33 36 23 
15 33 36 22 24 
15 33 22 23 
4 33 37 39 26 28 
4 38 39 25 27 28 29 
4 38 39 25 26 28 29 
4 38 39 25 26 27 29 
4 38 39 26 27 28 30 31 
4 38 32 29 31 
4 38 29 30 
4 38 30 
15 36 37 24 25 
2 3 6 11 13 14 
2 1 
33 15 22 23 
4 15 33 39 24 25 
4 39 32 26 27 28 29 30 31 
4 38 37 25 26 27 28 29 30 

