104 799
2 3 4 5 8 9 10 11 12 17 18 19 20 21 22 36 37 39 40 41 42 71 72 73 74 75 76 78 79 
1 3 5 8 15 16 30 31 32 33 34 35 61 62 63 64 65 66 67 68 69 103 104 
1 2 5 8 15 16 30 31 32 33 34 35 60 61 62 63 64 65 66 67 68 69 103 104 
1 6 14 26 27 51 52 53 90 91 92 
1 2 3 8 70 71 
4 7 14 55 56 57 96 97 98 99 
6 28 29 58 100 101 102 
1 2 5 34 35 8 70 
1 10 11 17 36 37 38 72 74 
1 9 11 17 18 38 39 40 76 77 78 79 
1 9 10 18 19 38 39 40 41 75 76 77 78 79 
1 13 22 23 24 25 42 43 44 45 46 47 48 49 50 81 82 83 84 85 86 
4 12 23 25 45 46 47 48 49 50 81 82 83 84 85 86 87 88 89 
4 6 27 53 54 55 93 94 95 
2 3 16 30 31 32 65 
2 3 15 30 31 32 65 66 
1 9 10 36 37 38 72 73 74 
1 10 11 19 20 40 41 76 78 79 
1 18 20 40 41 79 
1 18 19 21 
1 20 22 42 80 
1 12 21 23 24 42 43 44 80 
13 22 24 25 42 43 44 45 46 47 81 82 
12 22 23 25 42 43 44 45 47 81 82 
12 13 23 24 44 45 46 47 48 49 81 82 83 84 85 86 
51 91 
4 14 52 54 92 93 
7 29 58 100 101 
7 28 102 
2 3 15 16 31 32 65 
2 3 16 30 32 
3 15 16 30 31 33 66 67 
2 3 32 34 66 67 68 
2 3 8 33 66 67 68 69 
2 3 8 
1 9 17 37 71 72 73 
1 9 17 36 72 73 74 
1 9 10 11 17 75 
1 10 11 38 40 75 76 77 78 
1 10 11 18 19 39 41 76 77 78 79 
1 11 18 19 40 76 77 78 79 
1 12 22 23 24 43 44 45 80 
12 22 23 24 42 44 45 80 
12 22 23 24 25 42 45 46 81 
12 13 23 24 42 43 44 46 47 48 81 82 83 84 
12 13 23 24 25 44 45 47 48 81 82 84 85 
12 13 23 24 25 45 46 48 81 82 83 84 85 
12 13 25 45 47 81 82 83 84 85 86 
12 25 50 86 87 88 89 
12 13 49 86 87 88 89 
4 26 90 91 
4 27 
14 27 54 93 94 95 
27 53 93 94 95 
6 14 56 55 96 97 98 
6 55 57 96 97 98 99 
6 56 96 97 98 99 57 
7 28 100 101 58 
60 61 
3 59 61 62 63 
59 60 62 63 64 
2 3 59 60 61 63 64 
2 3 60 62 64 
2 3 61 62 63 65 
2 3 15 16 30 64 
2 3 16 31 32 33 34 67 
2 3 32 33 66 69 
2 3 33 34 67 69 
2 3 34 67 68 
5 8 
1 5 36 
1 9 17 36 37 73 
1 9 17 36 37 72 74 
1 9 17 37 72 73 
1 10 11 38 39 
1 10 11 18 39 41 77 78 79 
1 10 11 18 39 40 41 76 78 79 
1 10 11 18 39 40 41 76 77 
1 10 11 18 19 40 76 78 
21 22 42 43 
12 13 23 24 25 44 45 46 47 48 82 84 
12 13 23 24 45 46 47 48 81 83 84 85 
12 13 25 45 46 48 82 84 85 
12 25 45 46 47 48 81 82 85 
12 13 25 46 47 48 82 83 84 
12 13 25 48 49 50 87 88 
13 49 50 86 88 89 
13 49 50 86 87 89 
13 49 87 88 
4 51 90 
4 26 
4 27 52 
14 27 53 54 94 95 
14 53 93 95 
14 54 93 94 
6 55 57 97 98 99 
6 56 57 
6 55 56 57 96 97 
6 56 57 96 
28 58 101 
7 28 58 
7 29 
59 60 61 62 63 64 104 
59 60 103 

