34 221
12 22 31 32 33 34 3 5 
12 22 32 33 34 1 3 5 
12 22 32 33 34 1 2 5 
11 12 18 19 20 21 22 28 29 30 31 32 33 25 
12 34 1 2 6 
24 5 7 
23 6 
25 14 10 
25 26 8 15 16 
14 13 
4 27 28 26 
4 19 20 21 30 31 32 33 34 1 2 3 5 
25 8 9 10 15 
8 10 
25 26 9 13 16 
25 26 9 15 
25 26 
11 27 28 29 
4 12 20 21 22 30 32 33 34 
4 12 19 21 22 30 31 32 33 
4 12 19 20 22 30 31 32 33 34 
4 12 19 20 21 31 32 33 34 1 2 3 5 
24 6 7 
23 7 
4 11 18 27 28 8 9 13 16 17 
11 18 27 25 9 15 16 17 
11 18 28 
4 11 27 29 
4 18 28 30 
4 12 19 20 21 29 31 
4 12 19 20 21 22 30 34 1 
4 12 19 20 21 22 31 33 34 1 2 3 
4 12 19 20 21 22 31 32 34 1 2 3 
12 19 22 31 32 33 1 2 5 

