205 1373
43 44 115 116 42 2 
43 115 42 1 
43 116 5 
116 3 5 6 
43 47 3 4 6 7 
43 4 5 
43 47 5 6 
43 63 117 9 10 
43 47 117 8 10 
43 47 63 117 118 119 8 9 11 
43 47 63 118 119 10 12 
47 63 118 119 120 11 13 
43 48 63 119 120 121 12 14 
43 48 80 120 121 122 13 
43 47 48 80 120 121 122 14 
43 48 53 80 122 123 
43 48 53 123 124 125 126 
43 48 53 126 127 128 19 20 
43 127 18 20 
43 53 128 18 19 
43 54 64 65 129 130 131 26 
205 27 32 33 81 24 25 
43 54 64 65 66 132 
81 25 
66 81 24 
43 54 64 130 131 
22 32 33 
205 34 35 36 
28 36 37 38 
199 37 38 39 41 
44 61 79 200 
205 22 27 33 34 
205 22 27 34 35 
28 32 33 35 
199 205 33 
199 28 29 35 
199 29 30 38 39 40 
199 29 30 37 40 
199 30 38 40 
30 38 39 
199 30 
43 44 114 115 116 1 2 
199 205 22 44 47 48 51 52 53 54 59 60 61 62 63 64 65 66 79 80 81 106 107 109 110 111 112 113 114 115 116 117 118 119 120 121 122 123 124 125 126 127 128 129 130 131 132 133 194 195 197 198 31 200 201 202 203 204 42 1 2 3 4 5 6 7 8 9 10 11 12 13 14 15 16 17 18 19 20 21 26 23 
43 47 48 51 52 53 59 60 61 62 63 102 103 104 105 106 107 108 109 110 111 112 113 114 115 116 184 185 186 187 188 189 190 191 192 193 194 195 196 197 198 31 200 201 202 203 204 42 1 
67 68 69 82 83 134 135 137 138 139 
55 56 71 72 86 87 143 46 144 145 146 147 148 
43 44 48 53 63 80 117 118 119 120 121 122 5 7 8 9 10 11 12 13 14 15 
43 44 47 53 54 63 80 120 121 122 123 124 125 126 127 128 13 14 15 16 17 18 
50 75 90 91 92 163 49 
76 92 93 49 
43 44 57 58 59 78 95 96 97 172 173 174 175 176 
44 59 60 100 102 103 104 105 106 181 182 183 184 185 186 187 
43 44 48 54 80 121 122 123 124 125 126 127 128 129 16 17 18 19 20 
43 48 53 64 65 66 81 129 130 131 132 133 21 26 23 
45 69 70 71 84 85 142 143 
46 72 74 87 88 147 149 
51 58 77 94 168 169 170 171 
51 57 78 95 96 172 174 
43 44 52 78 97 98 99 100 101 178 179 180 
43 44 52 102 103 104 105 106 183 184 185 186 187 
43 44 79 109 110 193 194 195 197 198 31 200 
43 44 79 111 112 113 114 203 204 
43 44 47 48 117 120 8 9 10 11 12 13 
43 53 54 65 66 81 130 131 132 133 21 26 23 
43 64 66 81 131 132 133 21 23 
205 22 43 54 64 65 81 132 133 23 25 
68 82 135 136 
67 69 83 137 139 
45 55 68 83 140 141 
55 84 142 143 
46 55 86 143 144 
56 73 87 147 148 149 
56 72 74 87 88 149 150 151 152 
73 87 88 149 150 151 152 
89 90 91 160 161 162 163 
50 92 93 94 164 165 
57 94 166 167 
51 58 59 97 98 174 175 177 
43 61 62 110 197 198 31 201 
43 47 48 53 120 121 122 123 124 14 15 16 
22 27 32 43 54 64 65 66 133 25 
67 82 134 
45 68 69 138 139 
55 70 85 142 
55 84 
46 71 144 145 146 
46 56 72 73 74 88 149 
56 73 74 87 149 150 151 
75 90 159 161 162 
49 75 89 91 163 
49 75 90 163 
49 50 76 93 
50 76 92 
57 77 165 166 167 
51 58 96 172 173 
51 58 95 174 
51 59 78 98 99 176 177 
59 78 97 99 
59 98 
52 59 101 178 179 180 181 
100 178 179 
44 52 60 103 104 105 181 182 183 184 
44 52 60 102 104 105 183 184 
44 52 60 102 103 105 183 184 
44 52 60 102 104 184 
43 44 52 60 187 188 189 190 191 
43 44 106 108 189 190 191 192 
44 106 107 189 191 192 
43 44 61 193 195 196 
43 44 61 79 197 198 31 200 
44 79 112 202 203 204 
43 44 62 111 204 
43 44 62 114 204 
43 44 62 115 42 
43 44 114 116 42 1 2 
43 115 42 1 2 3 4 
43 47 118 8 9 10 
43 47 63 117 119 11 12 
47 63 118 120 12 
43 47 48 63 119 121 122 12 13 14 15 
43 47 48 53 80 122 13 14 15 
43 47 48 53 80 120 121 123 14 15 16 
43 48 53 80 122 124 125 16 17 
43 48 53 123 125 126 17 
43 48 53 123 124 126 
43 53 124 125 127 128 18 
43 48 53 126 128 18 
43 48 53 127 129 18 19 20 
53 54 128 130 131 21 
43 54 64 129 131 21 26 
43 54 64 65 129 130 21 26 
43 54 64 65 66 133 23 
43 54 64 65 66 81 132 24 
45 82 
45 67 136 
45 67 135 
45 68 83 138 
45 83 137 
45 68 69 83 
69 141 
69 140 
55 84 85 
46 55 70 71 
46 71 86 145 
46 86 144 146 
46 86 145 
46 56 72 148 
46 56 72 147 
56 72 73 87 88 
73 74 88 151 152 
73 74 88 150 152 153 
73 74 88 150 151 153 
151 152 154 155 157 158 
153 155 156 157 158 
153 154 156 157 158 159 
154 155 157 159 
153 154 155 156 158 159 160 
153 155 156 157 159 160 
89 154 155 156 157 158 160 161 162 
89 157 158 162 
75 89 159 160 162 
75 89 160 
49 91 
76 165 
76 94 164 166 167 
77 165 167 
94 165 166 
57 170 171 
168 170 171 
168 169 171 
57 170 
51 58 173 
51 58 95 96 172 
58 78 96 
51 78 97 174 176 177 
51 78 97 175 177 
78 97 175 176 
59 99 100 179 
59 100 101 180 
100 181 182 
52 100 101 102 180 
52 102 180 
52 60 102 103 104 184 
44 103 104 105 183 
44 52 60 105 186 
44 52 60 185 187 188 
44 52 60 106 186 188 
44 106 186 187 
44 106 107 108 190 191 192 
44 106 107 189 191 
44 106 107 108 189 190 192 
44 107 108 189 
44 61 109 194 
43 44 61 109 193 195 196 
43 44 61 194 196 
44 61 109 194 
43 44 61 79 110 198 31 200 
43 61 79 110 197 31 200 
205 28 29 30 35 36 37 38 39 40 41 
43 44 61 79 110 197 198 31 
43 44 79 111 112 202 
43 44 62 111 112 201 204 
43 44 62 111 113 204 
44 62 111 112 
22 27 28 32 33 34 35 66 81 24 25 

