38 199
2 32 33 34 10 11 15 
1 5 34 13 14 15 
6 7 8 9 36 22 23 24 25 
3 7 8 9 36 37 38 25 26 27 28 29 30 31 
2 35 5 16 
3 7 19 20 21 22 
3 4 6 8 9 36 22 23 24 25 
3 7 9 36 37 23 24 25 26 
4 7 8 36 37 25 26 27 
1 33 11 
1 32 33 12 
34 11 13 14 15 
1 2 12 14 15 
1 2 34 12 13 15 
1 2 34 12 13 14 
5 35 17 18 
16 18 19 
17 18 19 20 
6 17 18 20 21 
6 18 19 21 
6 19 20 
3 6 7 23 
3 7 8 22 24 
7 8 23 
3 4 8 9 36 
9 36 37 27 
26 28 
4 27 29 30 31 
4 38 28 30 31 
4 38 29 31 
4 38 28 29 30 
1 10 32 
1 32 10 11 
1 2 11 12 14 15 
2 5 16 
3 4 7 8 9 37 25 26 
4 9 36 26 27 
4 29 31 

