51 387
48 50 51 6 10 11 41 
47 49 3 7 28 29 30 31 14 16 17 18 
47 49 2 29 30 31 32 33 17 18 19 
5 8 9 34 40 45 
4 8 9 40 44 45 38 20 
48 50 51 10 11 41 42 24 1 35 
47 49 2 25 26 27 28 12 13 14 15 
48 4 5 9 40 44 45 
4 5 8 45 38 20 
48 50 51 11 41 42 43 1 35 36 37 
48 50 51 6 10 41 42 1 35 36 
47 49 7 25 12 13 
47 49 7 25 26 12 
47 49 2 7 26 27 28 29 15 16 
47 49 7 27 28 16 
49 2 28 29 14 15 
47 49 2 3 29 18 
2 3 30 17 
3 30 31 32 33 
8 38 
48 38 39 22 
48 50 38 39 46 21 23 
50 51 39 46 24 
48 50 51 6 
47 49 26 28 12 13 
47 49 7 25 27 28 14 
49 7 25 26 28 14 15 
47 49 2 7 25 26 27 14 15 16 
47 2 3 14 16 17 
47 49 31 32 33 18 19 
2 3 30 32 18 19 
3 30 31 33 19 
3 30 34 19 
4 33 40 
48 50 51 6 10 11 41 42 36 
10 11 41 42 43 35 37 
10 36 
48 50 5 9 39 46 20 21 22 
48 50 38 46 21 22 23 
4 5 8 34 44 45 
48 50 51 6 10 11 42 1 35 36 
48 50 51 6 10 11 41 35 36 
10 37 
4 5 8 40 45 
4 8 9 40 44 
50 51 39 21 23 
49 2 3 7 25 27 28 29 30 12 13 14 15 17 
50 51 5 6 8 9 10 11 38 39 46 41 42 20 21 22 23 24 1 35 
47 2 3 7 25 26 27 28 29 30 12 13 14 15 16 17 18 
48 51 6 10 11 38 39 46 41 42 21 22 23 24 1 35 
48 50 6 10 11 39 46 41 42 23 24 1 35 

