27 208
24 26 27 2 3 14 15 16 17 5 6 7 8 9 
24 26 27 1 3 14 15 17 18 8 9 10 
24 26 27 1 2 14 15 16 17 18 8 10 
24 20 21 4 
26 1 6 
26 1 5 7 
26 14 
26 1 2 3 14 15 16 17 9 
24 26 27 1 2 3 14 16 17 8 10 
24 26 27 2 3 15 17 18 9 
24 27 19 12 13 
24 19 11 
24 27 19 11 12 
24 27 1 2 3 16 17 7 8 9 
24 26 1 2 3 14 16 17 9 10 
24 26 27 1 3 14 15 17 8 10 
24 26 27 1 2 3 14 15 16 18 8 9 10 
24 26 2 3 17 10 
24 27 11 12 13 
4 21 
4 20 
24 25 23 
22 25 
26 27 1 2 3 4 14 15 16 17 18 19 22 9 10 11 12 13 25 23 
24 22 23 
24 27 1 2 3 14 15 17 18 5 6 7 8 9 10 
24 26 2 3 14 16 17 18 19 9 10 11 12 13 

