60 333
50 13 14 27 51 1 
50 14 28 29 30 52 53 54 55 56 57 58 59 60 
15 16 31 32 5 6 7 11 10 3 
39 33 9 4 
3 15 16 31 6 
3 15 16 31 5 
3 15 16 31 11 10 
39 4 33 12 
39 4 33 8 
39 3 16 7 11 
3 16 10 
39 32 
50 1 24 26 27 43 44 45 46 47 
50 1 2 28 51 53 54 
16 29 5 6 7 
39 3 15 31 5 6 11 10 
22 23 41 18 34 35 36 38 
17 22 23 41 34 35 36 38 
49 42 
49 37 
49 40 
17 23 41 18 34 35 36 38 
19 42 17 22 18 35 38 
50 26 43 
21 40 
50 13 24 43 44 45 46 
50 1 13 48 
2 14 52 53 54 
2 15 30 59 60 
2 29 60 
39 3 15 16 5 6 7 11 10 
39 3 12 
39 4 12 8 9 
17 22 41 18 
17 22 41 18 34 36 38 
17 22 23 41 18 35 38 
49 20 42 
17 22 23 41 18 35 36 
3 4 16 31 32 33 10 12 8 9 
49 21 25 
17 22 18 34 35 38 
49 37 19 
50 13 24 26 44 45 46 
13 26 43 45 46 47 
50 13 26 43 44 47 
50 13 26 43 44 45 47 
50 13 44 45 46 48 
50 1 13 27 47 
50 37 19 20 21 25 40 42 23 
49 1 2 13 14 24 26 27 43 44 46 47 48 51 
50 1 14 51 
2 14 28 53 54 
14 28 52 54 
2 14 28 52 53 55 
2 54 56 57 58 
2 55 57 
2 55 56 58 59 
2 55 59 
29 57 58 60 
2 30 59 

