56 394
44 9 10 51 3 
44 56 9 10 16 51 
44 10 51 46 
56 12 49 50 
44 45 54 55 13 26 27 20 21 
44 45 7 15 37 33 18 19 28 
44 6 8 32 28 29 30 31 
44 45 32 29 30 31 8 
44 45 56 10 48 53 2 47 52 46 1 3 
44 56 9 16 48 51 2 46 1 3 
56 4 12 40 49 50 
11 4 49 50 
44 45 54 55 5 14 27 21 22 
55 13 22 
44 45 6 34 36 33 18 19 
44 56 10 17 51 2 38 39 41 43 
44 56 16 38 39 41 42 43 17 
45 6 15 34 36 37 25 19 
45 6 15 18 
54 55 5 26 27 
54 55 5 13 22 
45 55 13 21 
45 34 35 36 24 25 
45 34 35 36 25 
45 34 36 23 24 
54 5 13 20 
54 5 13 26 
45 6 7 33 
44 45 7 8 32 31 
44 7 32 29 31 
7 8 32 29 30 
44 45 7 8 29 30 31 
45 6 15 37 28 
44 15 35 36 24 25 18 
34 36 23 24 25 
45 34 35 23 24 25 18 
44 45 6 15 33 19 
44 56 16 17 39 41 
44 56 16 17 38 41 42 43 
11 40 
56 16 38 39 42 
56 16 17 38 39 41 43 
56 16 17 38 39 41 42 
45 54 56 5 6 7 8 9 10 11 13 15 16 17 34 37 33 32 48 53 51 2 38 28 29 30 31 47 52 46 1 3 39 
44 54 55 5 7 8 9 13 14 15 34 35 36 37 33 32 22 23 24 25 18 19 28 29 
44 9 10 51 1 3 
44 9 48 53 
44 9 10 53 47 52 
56 11 4 12 50 
12 49 
44 56 9 10 16 2 46 1 3 
9 48 
44 48 47 
44 55 5 13 26 27 20 21 54 
44 45 54 5 13 14 26 27 20 21 22 
44 9 10 11 16 17 51 2 38 4 39 41 42 43 49 

