121 868
2 14 58 60 61 62 1 
1 3 61 62 
2 15 20 21 3 35 36 37 64 65 66 
118 119 5 6 16 17 22 23 24 41 70 71 72 73 74 75 76 77 78 79 
118 119 4 6 7 17 23 24 26 41 42 80 81 82 83 
118 119 4 5 7 17 23 24 25 26 41 42 80 81 82 83 
118 120 5 6 27 43 44 45 84 85 86 87 
120 9 29 48 49 92 93 94 95 
120 8 29 30 49 50 92 93 94 95 96 97 
121 18 29 31 32 51 52 103 104 105 
121 12 13 19 33 52 53 54 55 108 109 110 111 112 
121 11 13 19 33 55 56 108 109 110 111 112 113 114 
121 11 19 56 57 113 114 115 116 13 
1 34 58 117 
3 20 36 37 38 63 64 65 66 
119 4 22 39 40 68 69 70 
118 119 4 5 6 22 23 24 25 41 42 75 76 77 78 79 
121 10 31 32 51 52 104 105 
121 11 12 13 33 55 57 110 112 113 114 115 
3 15 21 35 36 37 63 64 65 
3 15 20 37 38 66 67 
118 119 4 16 17 23 24 70 71 72 74 75 76 
118 119 4 5 22 24 41 75 76 77 78 79 
118 119 4 6 17 22 23 41 76 77 78 79 
118 119 5 6 17 26 41 80 81 
119 5 6 25 81 82 
118 120 7 28 44 45 46 85 86 87 
120 46 47 88 89 90 
8 9 10 30 31 32 49 50 97 98 99 100 101 102 103 
10 29 31 49 50 98 99 100 101 102 103 
10 18 29 30 32 50 51 100 101 102 103 
10 18 31 51 103 
121 11 12 108 110 111 
14 34 
3 20 36 63 65 
3 15 20 37 64 65 
3 15 20 21 36 38 66 
15 21 37 66 68 
16 40 68 69 
119 16 69 40 70 
118 119 4 5 6 17 24 25 42 77 78 79 80 
118 119 5 6 17 25 26 41 80 81 
118 7 44 45 84 
118 120 7 27 43 45 84 85 86 
120 7 27 43 44 84 85 86 
120 27 28 47 88 
28 88 
120 91 
9 29 30 50 95 96 97 
9 29 30 49 97 98 99 100 101 
10 18 31 32 103 104 
121 10 11 18 53 54 106 107 
121 11 52 54 106 107 
121 11 52 106 107 
121 12 19 33 108 111 112 
12 13 19 57 113 114 116 
13 56 
1 14 34 59 60 
58 61 
1 58 59 61 
1 59 60 
1 2 
3 15 64 
3 15 20 35 36 63 65 
3 15 20 35 36 
3 15 20 21 38 
38 68 
16 39 67 68 
39 40 
119 4 16 22 40 72 73 74 
119 4 22 70 72 73 74 
119 4 22 70 71 73 74 
119 4 22 70 71 72 74 
119 4 22 70 71 72 73 
119 4 17 22 23 76 
119 4 22 23 24 75 77 
119 4 17 24 41 76 78 79 
118 119 4 17 23 24 77 79 
118 119 4 17 23 24 41 77 78 
118 119 5 6 17 41 42 
26 42 
118 5 6 26 
118 6 
118 7 43 44 85 
7 27 44 45 86 
120 27 44 45 85 87 
120 7 27 86 
46 90 
120 28 47 88 90 
120 28 88 89 
120 48 
8 9 93 94 
8 94 95 
8 9 92 93 
8 9 49 93 94 96 
9 29 49 95 
29 30 98 99 100 101 
29 30 50 97 99 
29 30 50 97 98 100 101 
29 30 50 97 98 99 102 
29 30 31 50 97 98 99 100 102 
29 30 31 100 101 103 
10 18 29 31 32 51 
10 18 32 51 
121 18 
121 53 54 107 
121 52 53 54 106 
11 12 33 55 109 
121 12 
11 12 19 33 55 111 
121 12 19 33 55 110 
121 11 12 19 55 111 113 114 
12 19 56 112 114 
12 13 19 56 113 
19 56 57 116 
13 56 57 115 
14 34 117 
119 120 4 5 6 7 17 22 23 24 25 26 27 41 42 43 44 78 79 80 81 82 83 84 
118 4 5 6 16 17 22 23 24 25 26 40 41 42 70 71 72 73 74 75 76 77 78 79 80 
118 7 8 9 27 28 44 45 46 47 48 86 87 88 89 90 91 
10 11 12 18 19 33 52 53 54 55 105 106 107 108 109 110 111 112 

