105 742
2 7 8 12 14 22 23 24 25 43 44 46 
104 105 1 3 4 9 15 16 17 27 28 53 54 55 56 
104 105 2 4 15 16 17 27 28 55 56 57 58 59 60 
104 105 2 3 18 29 30 31 60 61 62 63 64 65 66 67 
80 89 90 91 93 94 95 104 105 6 10 11 20 21 39 40 77 78 79 81 82 83 84 85 86 87 88 
80 89 90 91 93 94 95 104 105 5 11 20 21 39 40 81 82 83 84 85 86 87 88 
1 8 24 25 45 46 7 
1 7 12 14 22 23 24 41 42 43 44 45 
2 26 47 48 49 50 51 52 
104 105 5 11 20 36 38 72 74 75 76 
104 105 5 6 10 20 21 36 38 39 74 75 76 77 
1 8 13 14 22 23 41 42 
1 8 12 14 22 23 41 42 43 
1 12 13 22 23 41 42 43 44 
2 27 28 54 55 
2 3 17 27 28 56 57 
2 3 16 28 56 
104 105 4 61 62 63 64 65 66 
104 105 32 33 34 35 70 71 
104 105 5 6 10 11 21 37 38 39 75 76 77 78 79 
5 6 11 20 39 78 79 81 82 83 
1 8 12 13 14 23 41 42 43 
1 8 12 13 14 22 41 42 43 
1 7 8 45 46 
1 7 47 
9 47 49 50 
2 3 15 16 28 55 56 
2 15 17 27 56 
104 105 30 31 66 67 
104 105 4 29 31 68 
104 105 29 30 68 
104 105 19 33 35 71 
104 105 19 32 34 35 
104 105 19 32 33 35 72 
104 105 19 32 33 34 72 73 
105 10 11 37 72 74 
104 105 10 11 20 36 38 74 75 76 
10 20 37 75 76 
5 6 11 20 21 77 78 79 81 82 
93 94 5 6 85 86 87 88 
8 12 13 14 22 23 42 
8 12 14 22 23 43 
1 8 12 13 14 22 42 
1 8 14 
1 7 24 46 
1 7 24 45 
9 25 26 48 
9 47 
9 26 50 51 52 
9 26 51 
9 49 50 52 
9 49 51 
2 54 
2 15 53 
2 3 27 
3 16 17 27 28 
3 16 17 58 59 
3 57 59 60 
3 57 58 60 
3 4 59 
4 18 61 62 63 
4 18 61 63 64 
4 18 64 
4 18 61 62 63 
104 4 18 66 
104 65 67 
104 4 29 66 
104 105 31 69 
104 105 68 
104 105 
104 105 19 32 70 
104 105 10 34 35 36 73 
104 105 72 
104 105 10 11 36 37 75 
10 11 20 74 76 
10 20 37 38 
11 20 21 39 78 79 81 
5 20 21 39 77 81 
5 20 21 39 77 78 81 
90 91 92 102 103 80 
5 6 21 39 77 78 79 82 
5 6 21 39 81 83 
5 6 21 82 84 
5 6 83 
5 6 40 86 87 
40 85 87 88 
93 94 95 5 6 40 85 86 88 
93 94 5 6 40 86 87 
90 91 93 94 95 96 40 85 87 88 
80 89 91 94 95 96 97 98 99 100 101 40 
80 89 90 96 98 99 100 
80 102 103 
89 94 95 87 88 
89 93 95 87 88 
89 90 93 94 87 
89 90 91 97 98 99 100 101 
90 91 96 98 99 100 101 
90 91 96 97 100 101 
90 91 96 97 98 100 101 
90 91 96 97 98 99 101 
90 91 96 97 98 99 100 
80 92 
80 92 102 
105 2 3 4 5 6 10 11 18 19 20 29 30 31 32 33 34 35 36 37 65 66 67 68 69 70 71 72 73 74 
104 2 3 4 5 6 10 11 18 20 30 31 32 33 34 35 36 37 68 69 70 71 72 73 74 

