60 350
53 2 
53 1 2 
53 30 4 
53 3 
53 30 32 33 
49 50 51 54 35 36 37 38 7 8 9 
50 54 6 36 37 8 
50 54 6 37 38 7 9 
49 50 51 6 38 
52 56 57 58 59 41 16 17 
52 57 58 59 42 43 18 
60 27 44 45 46 21 22 23 
49 41 14 
55 56 41 13 15 
10 41 14 16 
56 57 58 10 15 
52 56 57 58 59 10 
52 11 42 43 
52 44 20 
44 19 
12 44 45 22 23 
12 45 21 23 
12 45 22 
60 27 47 25 
60 47 
60 47 25 
12 45 46 47 
49 51 40 48 29 
49 51 40 48 28 
50 53 31 33 3 5 
50 53 30 33 5 
50 53 30 31 33 5 
50 53 30 32 5 
50 54 
50 54 6 36 37 7 
50 54 6 35 37 
50 54 6 7 8 
49 50 54 6 8 9 
49 51 55 
49 51 48 29 
49 55 56 10 13 15 
52 59 11 43 
52 11 42 43 
52 12 45 19 20 21 
12 44 21 22 23 
60 12 27 24 
60 27 24 25 26 
49 51 40 28 29 
50 51 52 54 55 56 6 38 40 48 41 9 28 29 39 13 
51 53 54 6 30 31 32 33 34 35 36 37 38 50 7 8 
49 50 54 55 6 40 48 9 28 29 39 
49 56 57 58 59 10 11 42 43 44 17 18 19 
50 30 31 32 33 1 2 3 4 5 
49 50 51 6 34 35 36 37 38 7 8 
49 51 56 41 39 13 14 
49 52 55 57 59 10 14 15 16 17 
52 56 10 11 16 17 
52 56 57 59 10 11 16 17 
52 56 58 10 11 42 43 17 18 
12 27 46 47 24 25 26 60 

