158 1169
142 2 21 22 23 24 58 59 100 101 102 103 
1 24 25 26 27 102 103 104 105 106 107 
143 146 3 116 117 
143 146 3 5 29 117 118 119 120 121 122 
143 146 4 30 63 123 124 125 126 127 
146 147 7 31 32 129 130 132 133 
147 6 8 32 33 65 66 134 135 136 137 138 
147 7 32 33 66 68 136 137 138 139 
142 144 152 153 10 11 34 35 36 69 
142 144 152 153 9 34 35 36 69 
142 144 152 153 9 10 12 36 69 70 71 72 
142 144 145 153 11 13 37 38 73 
142 144 145 152 153 12 37 38 39 40 73 
145 154 15 41 42 74 75 76 
154 14 42 43 76 77 79 
142 148 155 44 45 80 81 83 84 85 
142 149 155 156 157 87 88 89 90 
149 156 157 19 47 91 92 93 
142 149 157 158 18 47 93 
142 150 49 50 51 52 53 95 96 98 
1 54 55 56 57 99 100 
1 23 24 58 59 100 101 
1 2 24 58 59 101 102 103 
1 2 22 23 25 102 103 
1 2 24 26 27 104 105 106 
2 25 27 104 105 106 107 108 
151 2 25 26 60 105 106 107 108 109 110 
143 151 61 113 114 115 
143 146 3 4 116 117 
143 146 5 62 63 64 123 124 125 126 127 
146 6 129 130 132 133 
147 6 7 8 65 66 134 135 136 137 
147 7 8 67 68 139 140 141 
142 144 10 
142 144 9 10 34 
142 144 152 153 9 10 69 70 71 72 
142 145 152 153 12 13 38 39 40 73 
142 145 12 13 37 39 40 73 
142 145 13 37 40 
142 13 37 38 39 
142 145 154 14 
142 145 154 14 15 43 74 75 76 
15 42 76 77 78 79 
142 16 45 80 82 83 
142 148 16 44 80 81 83 
142 148 155 84 
142 149 157 158 18 19 91 92 93 
150 94 
150 20 51 52 
150 20 49 51 52 95 
150 20 49 50 52 53 95 96 
150 20 49 50 51 95 
150 20 51 52 54 96 97 
21 53 55 56 57 97 98 99 
21 54 56 57 99 
21 54 57 99 
21 54 55 56 99 100 
1 22 23 59 100 101 
1 22 23 58 100 101 
151 27 109 110 111 112 
143 151 28 
143 146 5 122 123 124 125 
146 5 30 64 126 128 
146 30 63 126 127 128 
147 6 7 32 66 133 134 
147 7 32 65 134 136 137 138 
147 33 68 139 140 141 
147 8 33 67 139 140 
142 144 152 153 9 10 11 36 71 
142 144 152 153 11 36 69 71 72 
142 144 152 153 11 36 69 70 72 
142 144 152 153 11 36 70 71 
142 145 152 153 12 37 38 
142 154 14 42 75 
142 14 42 
142 154 14 15 42 77 
142 15 76 78 79 
142 15 43 77 79 
142 77 78 
142 148 16 44 45 81 
142 148 16 45 80 
142 148 16 44 45 83 
142 16 44 45 82 84 
142 148 155 16 83 85 
142 155 16 46 84 
142 148 
155 156 17 88 89 90 
155 156 17 87 89 90 
142 155 156 17 87 88 
149 17 87 89 
142 149 156 157 158 18 47 92 93 
142 149 157 18 47 91 93 
149 157 158 18 19 47 91 92 
150 48 
150 20 49 50 51 52 
150 20 51 52 53 97 98 
20 53 54 96 98 
20 53 54 96 97 
21 55 56 57 
1 21 22 57 58 59 
1 59 
1 2 23 24 
1 2 23 24 102 
2 25 105 106 
2 25 26 27 104 106 107 
2 25 26 27 104 105 107 108 
2 26 27 106 108 
27 106 107 
151 27 60 110 111 
27 60 109 
151 60 109 112 
151 60 
151 28 
151 61 115 
143 151 28 61 114 
143 3 29 
143 3 4 29 
143 146 119 120 121 
143 4 118 120 121 
143 146 118 119 121 122 
143 146 4 118 119 120 122 
143 146 4 62 120 121 
146 5 30 62 124 
146 5 30 62 123 125 126 
146 5 30 124 126 
146 5 30 63 64 124 125 127 
146 5 30 63 64 126 
146 64 
6 31 130 131 
6 31 129 131 
6 31 129 130 132 
6 31 131 133 
6 65 
147 7 32 66 135 
7 32 134 
7 8 32 66 138 
32 66 138 
147 7 8 66 
147 8 33 67 
147 33 67 68 141 
147 33 67 68 140 
143 144 145 146 148 149 150 152 153 154 155 156 157 158 1 9 10 11 12 13 14 15 16 17 18 19 20 34 35 36 37 38 39 40 41 42 43 44 45 46 47 48 69 70 71 72 73 74 75 76 77 78 79 80 81 82 83 84 85 86 87 88 89 90 91 92 93 142 
142 146 151 3 4 5 29 30 61 62 115 116 117 118 119 120 121 122 
142 145 152 153 9 10 11 12 13 34 35 36 69 70 71 72 
142 144 152 153 154 12 13 14 37 38 39 40 41 42 73 74 
142 143 147 3 4 5 6 29 30 31 62 63 64 118 119 120 121 122 123 124 125 126 127 128 
146 6 7 8 32 33 65 66 67 68 134 135 136 137 138 139 140 141 
142 155 156 16 44 45 46 80 81 82 83 84 85 86 
142 155 156 157 158 17 19 47 90 91 92 93 
142 20 48 49 50 51 52 53 94 95 96 97 
143 27 28 60 61 109 111 112 113 114 115 
142 144 145 153 9 10 11 12 13 34 36 37 69 70 71 72 73 
142 144 145 152 9 10 11 12 13 36 37 69 70 72 73 
142 145 14 15 41 42 75 76 
142 148 149 156 16 17 46 84 85 86 87 88 89 90 
142 148 149 155 157 158 17 18 87 88 89 91 
142 149 156 158 17 18 47 91 92 93 
142 149 157 18 19 47 91 

