177 1111
168 2 68 69 70 
168 1 26 70 71 
168 4 5 28 29 30 31 74 75 76 77 78 79 80 81 
3 5 29 30 31 77 78 79 80 81 
3 4 30 31 32 77 79 80 81 82 
7 36 88 89 90 91 
6 8 92 93 
7 9 37 38 92 93 8 
8 37 38 39 40 94 95 96 97 98 
170 171 11 43 99 
170 171 10 12 43 44 45 99 100 
163 172 11 44 45 46 101 
163 172 47 49 
163 164 52 14 104 
164 174 53 
165 17 54 55 56 57 108 110 
165 16 55 56 57 58 59 109 111 112 
162 165 169 176 120 121 122 123 124 
177 62 63 162 
161 162 166 132 20 
161 22 66 134 136 137 138 139 140 141 
161 21 23 66 134 135 136 137 138 139 140 141 142 143 144 
161 167 22 24 25 67 142 143 144 145 146 
161 167 23 25 67 146 147 148 149 150 
161 167 23 24 67 146 147 148 149 150 
168 2 27 71 72 73 
168 28 71 74 
168 3 27 29 73 74 75 76 
168 3 4 28 74 75 76 77 78 
168 3 4 5 29 74 75 76 77 78 
3 4 5 32 79 80 81 82 83 
5 31 33 79 81 82 83 84 
32 82 83 84 85 
35 85 87 
36 86 87 88 
6 35 88 89 90 91 
8 9 38 94 95 96 97 98 
9 37 39 94 95 97 
170 9 38 41 42 96 97 98 
170 9 39 41 42 97 98 
170 39 40 42 
170 39 40 41 
170 171 10 44 99 
170 171 10 11 12 43 45 99 100 
12 44 101 
163 172 12 45 101 
163 172 102 
163 172 13 47 102 
163 50 51 
49 51 103 
163 173 49 50 103 
164 173 14 
164 174 15 105 
174 16 55 106 107 108 109 
16 17 54 56 57 109 
16 55 57 110 111 
16 17 55 56 111 
165 175 17 59 111 112 113 114 
165 175 17 58 111 112 
169 175 61 115 116 
165 169 175 176 60 115 116 117 
162 19 63 
162 19 62 
161 166 65 132 133 
161 166 64 133 65 
161 21 22 134 135 136 137 138 139 
161 23 24 25 145 146 147 
1 68 
168 1 2 68 70 
1 2 69 
168 2 26 27 72 73 
168 2 26 71 
168 26 27 71 
168 3 27 28 29 30 75 76 
168 3 28 29 30 74 76 
168 3 28 29 30 74 75 
3 4 5 29 30 78 
3 4 5 29 30 77 
3 4 5 32 80 81 82 
3 5 31 79 81 82 
3 4 31 32 80 82 
5 31 32 33 79 80 81 83 84 
31 33 82 84 
33 82 83 
33 34 
34 35 85 87 
35 86 
6 35 36 90 91 
6 36 88 90 91 
6 36 89 91 
6 36 88 89 90 
8 93 
8 
8 37 38 95 
9 37 38 94 96 97 98 
9 37 39 95 97 98 
9 37 38 39 40 95 96 
9 37 39 40 95 96 97 
170 171 10 11 43 44 100 
170 171 10 11 43 44 99 
172 12 45 46 
163 47 48 
173 49 50 51 
173 14 
164 15 53 
174 54 107 108 
174 106 
54 107 
16 17 55 56 110 
16 17 55 56 57 109 
165 17 56 57 58 59 112 113 114 
17 111 113 
165 175 58 59 111 112 114 
165 175 58 59 111 113 
165 175 60 61 116 
165 169 175 60 61 115 117 
165 169 175 176 61 116 118 
169 175 117 119 
165 169 176 118 
162 165 169 176 18 119 
162 169 18 122 123 124 
121 123 124 
162 18 121 122 124 
162 18 121 122 123 
162 177 
162 127 
162 126 128 129 
127 128 129 
127 128 
166 131 
166 130 
166 20 64 133 
166 64 65 
161 21 22 66 135 137 138 139 140 
161 21 22 134 136 137 138 139 
161 21 22 66 134 135 137 138 139 140 
161 21 22 66 134 135 136 138 139 140 
161 21 22 66 134 135 136 137 139 140 141 
161 22 66 134 135 136 137 138 141 
161 21 134 136 137 138 139 141 
161 21 137 138 139 140 142 
161 22 23 141 143 144 
161 22 23 142 144 
161 23 142 143 
161 23 67 146 
161 167 23 24 25 67 145 147 
161 167 24 25 67 146 148 
161 167 25 147 
161 167 24 25 
161 167 24 25 149 151 
161 167 150 
161 167 151 
153 155 156 158 159 160 167 
155 154 157 151 152 
153 154 156 157 158 
153 157 158 
154 155 156 158 
153 155 156 157 
153 160 
153 159 
153 154 155 156 157 158 159 160 162 165 166 167 20 21 22 23 24 25 64 65 66 67 134 135 136 137 138 139 140 141 142 143 144 145 146 147 148 149 150 151 152 
161 164 165 166 169 175 177 19 162 20 62 63 120 121 122 123 124 125 126 127 
164 172 173 12 13 14 46 47 48 49 50 51 102 103 
162 163 173 174 14 15 52 53 105 
161 162 169 175 176 16 17 18 58 59 60 61 113 114 115 116 117 118 119 120 
20 64 130 131 133 
153 154 155 156 157 161 23 24 25 67 146 147 148 149 150 151 
2 3 26 27 28 29 30 69 70 71 72 73 74 75 76 
162 165 175 176 18 60 61 117 120 121 
171 10 11 39 40 41 42 43 44 99 100 
170 10 11 43 44 99 100 
163 12 13 46 48 101 172 102 
163 164 14 51 52 103 104 
164 15 53 106 107 
162 165 169 176 58 59 61 113 114 115 116 117 118 
162 165 169 175 18 61 118 119 120 
162 19 125 

