54 299
53 54 2 
53 54 3 
53 1 2 4 
3 4 
49 11 36 37 39 38 
45 14 40 41 43 44 48 
32 42 46 17 18 19 26 27 
42 46 47 20 22 23 24 52 
45 12 
11 29 30 31 33 34 35 
49 5 10 33 34 35 36 
45 13 38 9 
45 12 40 
6 15 16 44 48 51 21 25 
32 14 16 17 51 21 25 26 
32 14 15 17 51 21 25 26 
32 7 15 16 18 25 26 
32 7 17 26 
32 42 46 7 50 
42 8 28 52 
14 15 16 51 25 
32 42 46 47 8 23 24 52 
22 24 53 
32 8 22 23 53 54 
14 15 16 17 51 21 26 
32 7 16 18 25 
32 42 7 19 50 
32 47 20 
10 30 31 
10 29 31 
49 10 11 29 30 33 35 
42 46 47 7 8 16 17 18 19 20 22 23 24 26 27 28 52 
49 10 11 31 34 35 
49 10 11 33 35 
49 10 11 31 33 34 36 
49 5 11 35 37 
49 36 39 
5 12 
49 5 37 
45 6 13 41 
6 40 43 
32 46 47 7 8 18 19 20 22 27 50 28 52 
45 6 41 
45 6 14 43 
6 12 13 9 40 41 43 44 
32 42 47 7 8 19 20 22 27 50 28 52 
32 42 46 8 20 22 23 28 52 
6 14 44 
5 10 11 31 33 34 35 36 37 39 
32 20 27 28 
15 16 21 25 
32 46 47 8 20 
23 1 3 
24 1 2 

