87 662
2 3 4 5 6 9 10 11 12 20 21 22 23 37 38 39 40 41 42 67 68 69 70 71 72 73 74 
1 3 4 5 6 8 9 18 19 20 21 34 35 36 37 60 2 61 62 63 64 65 66 
1 2 4 5 6 7 9 10 11 20 21 22 37 38 39 67 68 69 70 71 72 
1 2 3 5 6 9 10 19 20 21 35 36 37 38 64 65 66 67 68 69 
1 2 3 4 6 7 9 10 11 22 38 39 40 70 71 72 73 
2 3 4 5 7 9 11 21 22 39 40 41 71 72 73 
1 3 5 6 12 13 23 24 25 42 43 44 74 75 76 77 78 79 80 81 82 
2 30 31 32 33 54 55 56 58 59 
1 2 3 4 5 6 21 37 38 67 68 69 
3 4 5 6 11 21 22 39 70 71 72 
1 3 5 6 10 22 39 71 72 73 
1 7 13 23 24 25 44 45 46 81 82 83 84 85 86 87 
7 12 25 45 46 82 83 84 85 86 87 
15 16 26 27 28 29 47 48 49 50 51 
14 16 17 27 28 29 48 49 50 51 
14 15 17 30 48 49 50 51 52 53 
15 16 30 31 51 52 53 
2 19 34 60 61 
2 4 18 34 61 62 63 
1 2 3 4 35 36 64 65 
1 2 3 4 5 6 9 10 22 38 69 70 
3 5 6 10 11 21 70 72 
1 7 12 24 25 77 78 79 80 81 82 
7 12 23 25 43 44 80 81 82 
7 12 13 23 24 44 45 82 83 84 
27 28 29 47 
14 26 28 29 47 48 
14 15 27 29 47 48 
14 15 26 27 28 48 49 
8 16 17 31 32 52 53 54 55 
8 17 30 32 54 55 56 57 
8 30 31 54 55 
58 59 
18 19 61 62 63 
4 20 36 64 
2 4 20 35 65 
1 2 4 66 67 
1 3 4 5 9 21 69 
1 3 5 6 11 73 
1 6 41 42 73 
1 6 40 42 73 
7 40 41 74 
7 23 24 44 77 78 79 80 81 
7 12 23 24 25 43 81 82 
12 13 25 46 85 86 87 
12 13 45 84 85 86 87 
14 27 28 
14 15 16 27 28 29 49 50 51 
14 15 16 29 50 51 
14 15 16 17 49 51 52 
14 15 16 17 48 49 50 52 
16 17 30 50 51 53 
16 17 30 52 
8 17 30 31 32 55 56 
8 30 31 32 54 57 
8 31 32 54 55 57 58 
8 31 32 55 56 58 
8 56 57 
8 33 59 
2 18 
2 18 19 34 62 
19 34 
2 19 34 62 
2 4 20 35 
2 4 36 66 
2 4 37 
1 3 4 9 37 68 
1 3 4 67 
1 21 38 
1 3 5 10 21 22 
1 3 5 10 11 22 72 
1 3 5 10 22 71 
1 5 6 11 40 41 
1 7 42 
7 76 
7 75 
7 23 43 78 79 80 
7 23 43 77 79 80 
7 23 43 77 80 
7 23 24 43 77 78 79 81 
7 12 23 24 44 80 
7 12 13 23 24 25 44 83 
12 13 25 45 84 85 86 
12 13 25 45 46 83 85 86 
12 13 45 46 83 84 86 
12 13 45 46 84 85 87 
12 13 46 86 

