26 207
20 26 7 1 
14 9 10 11 19 5 
14 16 9 10 11 19 2 5 
20 17 25 11 15 
14 16 10 11 2 3 
20 16 17 26 12 13 15 
20 26 1 13 
20 17 25 26 13 15 6 
14 16 10 11 21 22 23 24 18 19 2 3 
14 16 9 11 23 18 19 2 3 5 
14 16 17 9 10 2 3 5 4 
16 17 25 26 13 6 8 
20 17 25 26 12 15 6 8 7 
16 17 9 10 11 21 22 23 24 18 19 2 3 5 
20 16 17 25 26 11 12 13 4 6 8 
20 17 25 26 9 10 11 12 15 3 5 6 
20 14 16 25 26 11 12 13 15 4 6 8 
9 10 22 23 24 19 
9 10 24 18 2 3 
16 17 25 26 1 12 13 4 6 8 7 
14 22 
14 9 21 23 24 18 
9 10 22 24 18 
14 9 10 22 23 18 19 
20 16 17 26 12 13 15 4 6 8 
20 16 17 25 1 12 13 15 6 8 7 

