41 256
39 40 2 6 7 8 28 25 26 11 
40 1 3 9 10 29 30 36 37 23 12 34 35 
40 2 10 29 30 36 37 34 35 13 
27 32 33 
39 31 16 17 18 19 
39 1 7 8 31 27 32 33 4 25 
40 6 8 28 25 26 
40 1 6 7 9 28 25 26 
40 1 2 8 28 11 23 
40 2 3 30 37 13 14 38 
1 9 
40 29 23 
40 3 10 14 38 
10 37 13 38 
41 21 24 
39 5 31 17 18 19 
39 5 31 16 18 19 
39 5 31 16 17 19 
5 31 16 17 
41 20 
41 22 15 
41 21 24 
40 2 9 29 12 
41 21 22 15 
1 6 7 8 
1 7 8 28 25 
39 6 31 32 33 4 
40 1 8 9 26 
2 3 30 23 12 34 35 
40 2 10 29 37 34 35 
39 5 27 32 16 17 18 
39 6 31 27 33 4 
39 6 31 27 32 4 
40 2 3 29 30 35 
40 2 29 30 36 34 
40 2 3 10 30 37 35 
2 3 10 30 36 13 14 38 
10 37 13 14 
40 41 1 6 31 27 32 33 16 17 18 19 
39 1 2 3 7 8 10 28 29 30 37 11 23 12 34 35 13 
39 20 21 22 24 15 

