142 886
2 5 6 7 10 11 12 21 35 36 37 38 66 67 68 69 70 71 72 73 74 123 124 126 127 131 132 133 134 135 136 139 140 141 142 
1 13 14 24 25 26 27 39 40 41 42 81 82 83 84 85 
4 9 19 31 32 33 60 61 114 115 116 117 
3 8 18 31 57 58 59 108 4 109 110 111 112 113 
1 10 11 36 37 72 73 74 
1 7 12 21 22 23 38 75 
1 6 12 21 22 23 76 77 78 80 
4 18 29 30 56 57 58 105 106 108 
3 19 20 33 34 61 62 63 64 65 118 120 121 122 
1 5 11 36 71 72 73 
1 5 10 36 72 73 
1 6 7 21 22 23 12 75 76 
2 24 25 39 40 81 82 
2 26 27 41 42 43 44 85 86 87 
16 46 92 93 94 95 96 97 
15 17 28 46 47 48 49 99 100 102 
16 28 48 49 50 51 52 53 54 55 102 103 
4 8 57 58 108 109 
3 9 32 33 60 61 115 116 117 
9 34 64 65 120 121 
1 6 7 12 22 23 76 77 
6 7 12 21 23 77 
6 7 12 21 76 77 78 79 80 
2 25 40 81 82 
13 24 26 40 41 83 84 
2 14 25 27 40 41 83 85 
2 14 26 42 43 44 85 86 
16 17 48 49 50 51 52 53 54 102 
8 56 103 104 
8 57 107 
3 4 59 112 114 
3 9 19 61 62 116 117 
3 9 19 32 61 62 63 117 
9 20 62 118 119 120 121 122 
1 66 136 
1 5 10 11 37 74 
5 36 74 
1 6 12 75 
2 13 81 39 
2 13 24 25 26 41 83 84 
2 14 25 26 83 84 
2 14 27 43 44 85 86 87 
2 14 27 42 86 87 88 
14 27 42 43 86 87 88 89 
88 89 90 91 92 
15 16 47 96 97 99 
16 48 98 99 100 101 
16 17 28 47 49 50 98 99 100 101 102 
16 17 28 48 51 102 
17 28 48 49 51 102 
17 28 49 50 52 53 54 
17 28 51 53 54 55 103 
17 28 51 52 54 55 103 
17 28 51 52 53 55 103 
17 28 51 52 53 54 103 
8 29 104 
4 8 18 30 58 105 106 107 108 
4 8 57 105 106 107 108 
3 4 31 113 114 
3 19 60 
3 9 19 32 33 62 116 117 
9 32 33 34 61 63 117 118 119 
9 33 34 61 62 118 
9 20 65 121 122 
20 64 
1 35 67 
1 66 69 
1 67 69 70 
1 67 68 70 
1 68 69 71 
10 70 
1 11 73 
1 5 10 11 72 
1 5 
6 12 38 
6 7 12 21 22 23 77 
7 21 22 23 76 
7 79 80 
23 78 80 
7 23 
13 39 
2 13 24 81 
2 25 26 40 41 84 
2 25 40 41 83 
2 14 26 27 42 
14 27 42 43 44 87 
14 42 43 44 86 88 89 
43 44 45 87 89 
44 87 88 90 
45 88 89 91 
45 90 92 
15 45 91 
15 94 95 
15 93 95 96 97 
15 93 94 96 97 
15 46 94 95 97 
15 46 94 95 96 
16 46 47 48 99 101 
16 47 48 98 100 101 
16 48 98 99 101 
16 47 48 98 99 100 
16 28 49 50 
17 29 52 53 54 
29 56 
8 30 57 58 106 107 
8 30 57 58 105 107 
30 57 58 105 106 
4 8 18 57 58 
4 18 
4 111 112 
4 110 
4 31 110 113 
4 31 59 112 
3 31 59 
3 19 60 
3 19 32 33 61 117 
33 62 116 
9 34 62 63 119 
9 34 62 63 118 
9 20 34 122 
9 20 34 64 120 122 
9 20 34 64 120 121 
5 10 11 35 66 67 68 69 124 125 126 127 131 132 133 134 135 136 139 140 141 142 
123 125 126 127 129 130 131 132 133 137 139 
123 126 127 129 130 131 138 
123 124 125 128 129 137 138 
123 125 131 132 139 
126 128 
124 125 126 137 138 
124 125 126 129 137 138 
123 125 132 133 139 140 
123 124 127 131 133 134 135 139 140 141 
123 124 131 132 134 135 140 141 142 
123 132 133 135 136 140 141 
123 132 136 140 141 142 
35 123 134 135 142 
124 125 126 130 138 
124 125 126 129 130 137 
123 124 127 131 132 
123 131 132 133 134 135 141 
123 132 133 134 135 140 
123 133 134 135 136 

