29 275
2 3 4 5 7 9 10 11 12 13 27 28 17 18 19 20 21 22 23 24 
1 3 4 6 8 9 10 27 15 16 17 18 19 
1 2 4 6 9 16 17 18 
1 2 3 5 6 7 9 10 11 12 27 28 19 20 21 22 23 24 
1 4 6 7 10 11 12 13 14 27 28 29 25 
1 2 3 4 5 7 9 10 11 12 27 28 19 20 21 22 23 24 
1 4 5 6 10 11 12 13 27 28 22 23 24 
2 15 
1 2 4 6 10 27 18 19 20 
1 2 4 5 6 7 9 11 12 27 28 20 21 22 23 24 
1 4 5 6 7 10 12 27 28 20 21 22 23 24 
1 4 5 6 7 10 11 13 27 28 22 23 24 
1 5 7 12 14 29 25 
13 29 25 26 
2 8 15 
2 3 
1 2 3 16 18 
1 2 9 17 
1 2 3 4 6 9 
4 6 9 10 27 21 22 
1 4 6 10 11 27 28 20 22 23 24 
1 4 6 7 10 11 12 27 28 20 21 23 24 
1 4 6 7 10 11 27 28 21 22 24 
1 4 6 7 10 11 12 28 22 23 
5 13 14 29 
14 29 
1 2 4 5 6 9 10 11 12 28 21 22 23 24 
1 4 5 6 7 10 11 12 27 21 23 24 
14 25 26 

