60 329
2 3 4 5 8 11 12 13 14 53 54 55 56 57 58 59 60 25 26 27 28 29 30 31 32 33 34 
5 8 14 58 60 32 33 34 35 36 
1 4 6 10 11 46 47 48 49 50 51 21 22 23 
1 3 11 46 47 48 49 50 51 52 21 23 24 
1 2 8 58 59 32 33 34 
3 7 9 10 43 44 45 18 
6 9 10 43 44 45 18 
1 2 5 56 57 31 32 
6 7 10 43 44 17 
3 6 7 9 18 19 20 
1 3 4 49 50 51 52 23 24 
13 53 54 25 27 
1 12 53 54 25 26 27 28 
1 2 15 16 37 
14 16 37 38 
37 38 39 
9 43 
6 7 10 19 20 
10 18 20 
10 18 
3 4 46 47 48 22 
4 46 48 21 
3 4 11 49 50 51 24 
4 11 49 50 51 23 
1 13 53 26 
1 12 13 54 25 27 
1 12 13 54 26 
1 55 29 30 
1 55 28 30 
1 28 29 
1 8 56 
2 5 8 58 33 
1 2 5 58 
2 5 
2 59 60 36 
2 60 
15 38 
14 15 16 37 
16 40 41 
39 41 42 
39 40 42 
39 40 41 42 
6 7 9 44 45 17 43 
6 9 45 
6 7 9 43 44 
3 47 48 21 22 
3 4 46 48 22 
3 4 46 47 21 22 
3 4 48 50 51 23 24 
3 4 11 49 51 24 
3 4 49 50 52 23 24 
4 11 51 52 
1 12 25 
1 12 13 26 27 28 
1 28 29 30 31 
1 8 57 31 
1 8 56 
1 5 32 33 
1 2 5 34 35 
2 14 36 

