69 601
4 7 28 
4 1 3 47 33 
4 67 43 1 2 47 33 35 
9 68 7 22 24 39 40 41 42 43 44 29 31 34 69 1 2 3 47 30 46 17 23 27 28 33 35 
9 67 68 24 25 44 45 12 11 10 13 14 
67 68 24 43 44 37 
4 9 67 39 40 41 42 34 69 1 46 17 27 28 
9 67 68 44 37 6 11 10 
4 67 68 7 24 25 26 43 44 45 5 12 6 8 11 10 13 14 15 16 18 48 50 36 
9 67 24 44 5 8 11 
9 67 68 24 44 5 10 
9 67 68 25 26 45 5 13 14 15 16 
9 67 68 25 26 45 5 12 14 15 
9 67 68 25 26 45 5 13 15 16 
9 67 68 25 45 12 13 14 16 
9 67 68 25 26 45 12 14 15 
4 39 40 41 34 46 23 
9 68 25 26 48 50 36 
20 21 38 61 62 63 64 65 53 54 55 56 66 
19 21 38 62 63 64 65 54 55 56 66 
19 20 22 38 63 65 54 55 66 32 
4 21 39 40 65 29 31 32 30 
4 7 41 42 34 69 17 27 
4 9 67 68 25 43 44 5 33 35 37 6 8 11 10 
9 67 68 24 26 45 5 12 14 15 16 18 50 36 
9 67 68 25 45 12 13 14 15 16 18 48 50 36 
4 7 41 42 34 69 23 
4 7 69 28 
4 22 39 31 30 
4 22 39 40 31 46 
4 22 39 40 29 30 46 
22 65 
4 67 43 2 3 47 35 
4 7 39 40 41 42 69 17 23 27 
4 67 24 43 3 47 
9 68 25 26 18 48 50 
9 67 24 43 44 6 8 
19 20 21 60 61 62 63 51 53 54 
4 7 22 40 41 42 29 31 34 30 46 17 
4 7 22 39 41 42 29 31 34 30 46 
7 39 40 42 34 46 17 23 27 
4 7 39 40 41 34 69 46 17 23 27 
4 9 67 68 24 44 3 47 33 35 37 6 
4 9 68 24 43 5 37 6 8 10 
9 68 26 5 12 14 15 16 
4 7 39 40 41 30 
4 67 24 43 2 3 33 35 
9 68 25 26 18 50 36 
57 58 
9 68 25 26 18 36 
38 59 60 61 62 52 53 
38 59 60 61 51 
38 61 62 
19 20 21 38 63 64 
19 20 21 63 64 65 56 66 
19 20 21 64 65 55 66 
58 49 
57 59 60 49 
58 60 61 52 
38 58 59 51 52 
19 38 59 60 62 51 52 
19 20 38 61 53 
19 20 21 38 64 54 55 
19 20 21 63 54 66 
19 20 21 22 55 56 66 32 
19 20 21 64 65 55 56 
4 68 7 25 26 43 44 45 3 47 5 12 33 35 37 8 11 10 13 14 15 16 
4 9 67 24 25 26 43 44 45 5 12 6 8 11 10 13 14 15 16 18 48 50 36 
4 7 42 34 23 27 28 

