124 954
118 121 123 2 3 9 10 20 21 22 40 41 42 99 100 101 102 103 104 
118 1 3 10 20 21 22 40 41 42 43 102 103 104 
1 2 10 21 22 23 40 42 43 44 45 46 105 106 
117 120 5 13 27 28 51 52 53 54 55 56 
117 120 124 4 13 14 15 28 53 54 55 56 
117 119 122 7 18 30 31 32 33 71 72 73 
117 119 122 6 18 33 71 73 74 75 76 77 
118 121 123 36 85 86 87 88 89 
118 121 123 1 19 37 38 39 94 95 96 97 98 
1 2 3 21 22 40 41 42 43 44 103 104 
120 12 
120 11 12 
117 120 124 4 5 14 15 16 28 55 56 57 
120 124 5 15 16 28 57 58 
117 124 5 13 14 16 57 58 59 
117 124 13 15 59 
117 122 124 29 60 61 62 63 65 66 67 
117 119 122 6 7 31 32 71 
118 121 123 9 37 38 39 94 95 96 97 
118 1 2 40 100 101 102 
1 2 3 10 22 40 41 42 43 103 104 
2 3 10 40 41 42 43 
44 45 46 105 106 107 108 109 110 111 112 
25 47 112 
26 47 48 113 114 
24 25 47 48 113 114 
117 120 51 
117 120 4 5 14 53 54 55 56 57 
117 119 122 30 67 68 69 70 
117 119 29 31 70 
117 119 122 6 18 30 
119 122 6 7 18 71 72 
119 122 6 7 71 72 73 74 75 76 77 
119 35 78 79 80 81 82 
119 34 79 80 81 82 
121 8 
118 121 123 9 19 90 91 92 93 94 
118 121 123 9 95 
118 121 123 9 19 38 96 97 98 
1 2 3 10 20 21 22 41 42 103 104 
2 10 21 22 40 42 103 104 
1 2 3 10 22 40 43 
2 3 10 21 22 42 
3 10 23 45 105 
3 23 44 46 105 106 107 108 
3 23 45 107 108 109 110 111 
24 25 26 113 114 
26 47 113 115 116 
50 
120 49 50 
120 4 
120 4 27 53 
117 120 4 5 28 52 54 55 56 
117 120 4 5 28 53 55 
117 120 4 5 13 28 53 54 56 
120 4 5 13 28 53 54 
117 5 13 14 15 28 
117 124 14 15 16 59 
117 124 15 16 58 
117 124 17 61 63 
117 124 60 62 63 
117 124 17 60 61 63 64 
117 124 60 61 62 64 65 66 
117 124 17 61 62 63 65 66 
117 63 64 
117 17 63 64 65 67 
117 17 29 66 68 69 
117 29 67 69 
117 29 67 70 
117 122 29 30 
119 122 6 18 32 33 72 73 74 
119 6 7 32 33 71 73 
119 122 6 7 33 71 74 75 76 77 
119 7 33 71 72 73 75 76 77 
119 33 73 76 77 
119 7 33 74 75 
119 7 33 73 74 75 
119 81 82 
119 34 35 78 81 82 
119 34 35 78 81 82 
119 34 35 78 79 80 82 
119 34 35 79 80 81 
118 84 
118 83 
118 121 8 36 
118 121 8 85 
118 121 8 88 89 
118 121 8 87 89 
123 8 88 
118 121 123 37 91 
118 121 123 37 90 92 93 
118 121 123 37 90 91 93 
118 123 37 91 92 94 
118 121 123 9 19 37 38 93 95 
118 121 123 9 19 38 94 
118 121 123 9 19 38 39 97 
121 123 9 19 39 98 
9 39 97 
100 101 
1 20 99 101 
99 100 
1 2 20 
1 2 10 21 40 41 104 
1 2 21 40 41 103 
3 44 45 
3 44 45 105 
23 45 46 108 109 110 111 
23 45 46 107 109 110 111 
23 46 107 108 110 111 112 
23 46 107 109 111 
23 46 107 108 109 110 
23 24 46 109 110 111 
25 26 47 48 114 
25 26 47 48 113 115 116 
48 114 116 
48 114 115 
118 119 120 121 122 124 4 5 6 7 13 14 15 16 17 18 27 28 29 30 31 53 54 55 56 57 58 59 60 61 62 63 64 65 66 67 68 69 70 
117 119 121 122 123 2 8 9 19 20 36 37 38 39 83 84 85 86 87 88 90 91 92 93 94 95 96 
117 118 120 121 122 124 7 18 29 30 31 32 33 34 35 71 72 73 74 75 76 77 78 79 80 81 82 
117 119 124 4 5 11 12 13 14 27 28 49 50 51 53 54 55 56 
117 118 119 123 1 8 9 19 36 37 38 39 85 86 87 88 89 90 91 92 93 94 95 96 97 
117 118 119 124 6 7 18 29 30 32 33 70 71 72 73 
118 1 8 9 19 37 38 39 87 89 90 91 92 93 94 95 96 97 
119 120 122 5 13 14 15 16 17 58 59 60 61 62 63 64 65 

