252 1883
2 3 4 5 6 7 8 10 11 12 13 14 15 16 17 23 24 25 26 27 28 29 30 31 32 33 34 35 57 58 59 60 61 62 63 64 65 66 67 68 69 70 71 72 73 107 108 109 110 111 112 113 114 115 116 117 118 119 120 121 122 123 124 125 196 197 200 201 202 203 204 205 206 207 208 209 210 211 212 213 214 215 216 217 218 219 220 221 222 223 224 225 226 227 228 229 230 231 232 233 234 235 
1 3 6 8 12 13 14 15 28 29 30 31 32 33 34 57 58 59 108 110 111 112 113 114 115 116 202 2 203 204 205 206 207 208 
1 2 8 14 15 16 17 35 63 64 65 66 67 68 70 71 72 120 121 122 123 124 125 226 227 228 229 230 231 232 233 234 235 236 237 238 239 
1 2 6 7 10 11 21 22 23 24 25 52 53 54 55 56 100 101 102 175 176 177 178 179 180 181 
1 19 45 46 47 92 93 94 5 95 158 159 160 161 162 163 164 
1 2 4 7 10 11 23 24 25 54 55 56 102 103 180 181 182 
1 4 6 10 19 20 21 22 50 51 52 53 98 99 100 170 171 172 173 
1 2 3 14 15 16 35 61 63 64 65 120 219 220 221 222 223 224 225 226 
18 38 39 40 41 81 82 83 84 139 141 142 
1 4 6 7 22 23 52 53 54 100 101 174 175 177 178 179 
1 4 6 25 26 55 56 103 104 182 183 184 185 
2 31 32 33 34 57 58 108 109 110 111 112 113 114 201 
1 2 
1 2 3 8 59 60 61 62 116 117 118 119 209 210 211 212 213 214 
1 2 3 8 35 63 64 120 219 220 221 222 223 224 225 
1 3 8 64 65 66 67 68 69 121 122 123 230 231 232 233 234 235 
3 72 73 74 126 240 242 243 17 
9 81 82 83 136 137 138 139 140 
5 20 48 49 165 166 167 
7 19 48 49 50 96 97 98 167 168 169 
4 7 22 50 51 52 99 170 171 172 
4 7 21 51 52 53 100 171 172 173 
1 4 6 10 24 54 102 179 180 
1 4 23 25 54 55 102 181 
1 4 6 11 24 55 56 102 103 182 
1 11 27 105 106 185 186 187 188 189 190 191 192 
1 26 28 29 190 191 192 193 194 195 
1 27 30 107 196 197 198 
1 2 27 28 30 107 196 197 198 199 
1 2 28 29 31 107 108 196 197 198 199 200 
1 2 30 32 33 34 57 108 109 110 200 201 
1 2 12 31 33 34 57 108 109 110 111 201 
1 2 12 31 32 57 110 111 201 
1 2 12 31 32 33 57 58 110 111 112 113 114 202 
1 3 15 61 219 220 
37 80 133 134 136 
80 136 
9 39 40 41 42 84 141 142 143 145 146 
38 40 41 42 84 143 144 145 146 
9 38 39 41 42 84 143 144 145 146 
9 38 40 84 143 144 145 146 
38 39 40 41 43 84 85 143 145 146 
42 85 86 147 148 
87 88 149 150 152 153 154 
5 46 90 91 92 93 158 159 160 
5 45 47 92 93 94 158 159 160 161 
5 46 94 161 
19 49 96 97 98 166 167 
19 20 48 96 97 167 
7 20 21 98 168 169 170 
7 21 22 52 99 171 172 
4 7 10 21 22 51 53 99 100 171 173 174 
7 10 22 100 174 175 176 
6 10 23 24 102 181 
4 6 11 24 25 56 103 182 
4 6 25 55 103 182 183 
1 2 12 31 32 33 34 110 111 201 
1 2 12 112 113 114 202 
1 2 14 60 116 117 118 119 210 211 213 214 
1 14 59 61 62 118 119 212 213 214 215 
1 8 14 35 60 62 215 216 217 218 
1 14 60 61 215 216 217 218 
1 3 8 15 64 120 221 222 223 224 225 226 
1 3 8 15 63 65 66 67 226 227 229 
1 3 8 16 64 66 67 226 227 228 229 
1 3 64 65 67 68 121 230 231 
1 3 16 64 65 66 68 69 121 122 230 231 232 233 
1 3 16 66 67 69 121 122 230 231 232 233 234 
1 3 16 68 121 122 123 231 232 233 234 235 
1 3 71 124 125 237 238 239 
1 3 70 72 125 238 239 
1 17 240 241 242 
1 17 74 126 243 245 
17 73 75 126 243 244 245 
73 74 76 127 129 246 
75 77 79 127 128 129 130 246 247 248 249 
78 79 129 130 131 249 250 
76 77 79 131 250 251 252 
76 77 78 130 131 251 252 
36 37 134 135 
9 18 37 82 136 137 139 
9 18 81 137 138 139 
9 18 140 141 
9 38 39 40 41 42 141 142 143 144 
42 43 147 148 
43 85 87 147 148 149 150 
44 86 147 148 149 150 151 
44 89 152 154 155 
44 88 152 153 154 155 156 
45 155 156 157 
45 90 92 
5 45 46 91 93 158 
5 45 46 92 159 160 
5 46 47 
5 95 165 
19 49 97 166 
19 20 49 96 167 
7 20 48 50 167 168 169 170 
7 21 22 51 52 171 172 173 
4 7 22 52 53 173 174 
4 10 23 177 178 179 
4 6 23 24 25 54 180 
6 11 25 55 56 182 
11 183 184 185 
26 106 185 186 
105 187 188 189 
1 29 30 196 198 199 
1 2 12 30 31 32 109 200 201 
12 31 32 108 200 201 
1 2 12 31 32 33 34 57 201 
1 2 32 33 34 57 112 113 202 
1 2 12 34 58 111 113 114 202 
1 2 12 34 58 111 112 114 202 
1 2 12 34 112 113 202 
1 2 207 
1 14 59 117 209 210 211 212 
59 116 118 210 211 212 213 
1 59 60 117 119 212 213 214 
1 14 59 60 118 212 213 214 
1 3 8 15 35 220 221 222 223 
1 3 16 66 67 68 69 122 230 231 232 233 234 
1 3 16 67 68 69 121 230 231 232 233 234 
1 16 69 235 236 
1 3 70 237 
1 3 70 71 124 238 239 
17 73 74 243 244 245 
75 76 128 129 246 247 248 249 
75 127 129 246 247 248 249 
75 76 77 127 128 246 247 248 249 
76 77 78 131 251 
77 78 130 250 251 
133 134 
36 132 134 135 
36 80 132 133 135 
36 134 
36 37 81 137 
18 81 136 138 139 
18 81 82 139 
9 18 81 82 137 138 
9 18 83 
9 83 84 142 
9 38 84 141 
38 39 40 41 42 144 145 
38 39 40 41 42 84 143 145 
39 40 41 42 143 144 146 
38 39 40 41 42 
43 85 86 87 
43 85 86 87 147 149 
44 86 87 148 150 151 
44 86 87 149 151 
44 87 149 150 
44 88 89 153 154 
44 88 89 152 
44 88 89 152 153 
88 89 90 157 
89 90 155 157 
90 155 156 
5 45 46 92 93 160 
5 45 46 92 93 158 160 
5 45 46 93 158 159 
5 46 47 94 
163 164 
5 162 164 
5 162 163 
19 165 166 
19 96 
19 20 48 49 97 98 
20 50 98 169 
20 50 98 168 170 
7 21 50 98 169 
7 21 22 52 99 
7 22 51 99 171 
7 22 52 99 100 
10 52 53 100 
4 10 53 176 
4 53 175 
4 101 178 
4 10 101 177 
4 10 23 101 
4 6 23 24 54 102 181 
6 24 54 102 180 
6 11 25 55 56 103 
11 56 104 184 
11 104 183 
11 26 104 105 186 
26 185 
26 105 106 188 
26 187 
26 106 187 188 190 191 
26 27 189 192 
26 27 189 190 192 193 
26 27 190 191 193 
27 191 192 194 
27 193 195 
27 193 194 
1 28 29 30 107 
1 28 29 30 107 198 199 
28 29 30 197 199 
29 30 107 197 198 
1 30 31 108 109 
1 12 31 32 33 57 109 110 
1 2 12 34 58 111 112 113 114 
1 2 204 
1 2 
1 115 
1 2 115 207 208 
1 115 206 208 
2 206 207 
1 14 116 210 211 
14 59 116 209 211 
1 59 116 117 209 210 
14 59 60 116 117 118 119 213 214 
1 14 59 60 117 118 119 212 214 
1 14 59 60 118 119 212 213 
1 61 62 216 
1 61 62 215 217 218 
1 62 215 216 218 
1 61 62 216 217 
8 15 35 220 
8 15 35 120 219 
1 8 15 63 120 222 
1 8 15 63 120 221 223 224 225 
1 8 15 120 222 224 225 
8 15 63 222 223 225 
15 63 222 223 224 
1 3 64 65 227 228 
1 3 64 226 228 229 
1 64 65 226 227 229 
1 3 64 65 66 227 228 
1 3 16 66 67 68 121 122 231 232 
1 3 16 66 67 68 69 121 122 230 232 233 
1 3 16 67 68 69 121 122 230 231 233 234 
1 3 16 67 68 69 121 122 232 234 
3 16 68 69 121 122 232 233 
3 69 123 236 237 
3 123 235 237 
70 124 235 
3 70 71 125 239 
3 70 125 238 
17 72 241 242 
72 240 242 
17 72 240 241 
17 73 
73 74 126 245 
73 74 126 244 
75 76 127 128 129 247 248 249 
76 127 128 129 246 248 249 
127 128 129 246 247 249 
76 77 127 128 129 246 248 
77 78 79 130 131 251 
78 79 130 131 250 
78 79 

