46 297
3 4 5 40 
3 4 5 11 12 35 36 37 38 39 16 
2 4 5 11 37 38 17 18 1 
3 5 38 39 40 41 42 18 1 10 
2 3 4 38 39 40 42 18 1 10 
7 19 22 23 21 43 29 30 31 32 
6 8 22 23 21 44 
7 20 44 45 46 25 26 27 28 
19 41 
4 5 40 41 42 
2 3 12 35 36 37 13 15 16 
2 11 35 36 37 15 16 
11 35 36 15 
35 13 15 
11 12 35 36 14 13 16 
2 11 12 35 36 15 
2 3 37 38 
3 5 39 40 1 
6 22 23 42 43 9 30 31 
8 44 46 26 27 28 33 
6 7 23 44 
6 7 19 23 21 43 24 29 30 32 
6 7 22 21 43 31 32 
19 22 42 43 29 
8 44 45 46 26 
8 20 44 45 46 25 27 28 
8 20 46 26 
8 20 26 27 
6 19 22 43 24 30 31 
6 19 22 43 29 31 
6 19 22 23 43 29 30 32 
6 22 23 43 31 
20 34 
33 34 
2 11 12 36 14 13 15 16 
2 11 12 35 13 15 16 
2 3 11 12 38 17 
3 4 5 37 39 17 18 
2 3 4 5 38 18 1 
3 4 5 41 18 1 10 
4 5 40 42 10 9 
4 5 19 41 10 9 24 
6 19 22 23 24 30 31 32 
7 8 20 45 46 44 25 26 
8 20 44 46 25 26 
8 20 44 45 25 26 27 

