172 1173
53 54 113 2 3 4 5 6 10 11 12 13 14 18 19 20 21 22 23 24 25 26 36 37 38 39 40 41 42 43 44 45 
1 3 8 9 10 15 16 30 31 32 33 
1 2 4 10 17 18 32 33 34 35 36 
1 3 5 11 18 19 20 21 36 37 38 39 
1 4 6 11 12 19 20 21 37 38 39 40 
1 5 11 12 13 22 23 24 40 41 42 
8 9 27 28 29 
2 7 9 27 28 29 
2 7 8 15 16 27 28 29 30 
1 2 3 4 18 19 36 37 
1 4 5 6 12 13 22 23 40 41 
1 6 11 13 22 23 40 41 
1 6 11 12 22 23 42 
1 24 25 26 44 
2 8 9 16 30 31 
2 9 15 30 31 
3 33 
1 3 4 10 19 36 37 
3 4 5 10 18 20 36 38 
1 4 19 21 37 38 
1 5 20 38 39 
1 6 11 12 13 23 24 41 42 
1 6 11 12 13 22 41 42 
1 6 14 22 43 44 
1 14 24 43 44 
1 14 45 
7 8 9 28 29 
7 8 9 27 29 
9 27 28 
9 15 16 31 
2 16 30 
2 3 17 33 
2 3 17 32 34 35 
3 17 33 35 
2 3 34 
1 4 10 18 19 
1 4 5 18 19 
1 5 19 20 21 37 39 
1 5 20 21 38 
1 6 11 12 
1 6 11 12 13 23 42 
1 6 13 22 23 41 
1 14 24 25 
1 14 25 43 
1 26 
47 49 50 51 55 72 101 102 103 104 134 135 136 137 138 139 140 
46 48 50 51 55 59 72 73 74 75 102 103 104 105 139 140 141 142 143 144 145 146 147 
47 52 56 59 76 77 78 79 80 107 108 156 157 158 159 160 161 162 163 164 165 
46 50 51 55 68 69 70 71 99 100 101 132 133 
46 47 49 51 55 70 100 101 134 135 136 
46 47 49 50 55 101 102 134 135 136 137 
48 56 60 79 80 108 109 110 162 163 165 166 167 
54 61 82 83 113 114 115 
53 82 83 84 114 115 
46 47 49 50 51 72 102 103 135 136 137 138 
48 52 59 76 77 78 79 107 156 157 158 159 160 162 
58 65 66 67 91 92 93 94 123 124 125 127 128 
57 65 66 67 68 91 92 93 94 95 96 97 126 127 128 129 
47 48 56 76 78 106 107 151 152 153 154 155 156 157 
52 80 81 109 110 111 112 168 169 170 171 172 
53 54 62 63 83 84 85 116 
61 63 64 84 85 116 117 
61 62 64 85 86 116 117 118 
62 63 85 86 116 117 118 119 
58 89 90 91 92 93 123 124 125 126 
57 58 65 67 91 92 93 94 123 124 125 126 
57 58 66 91 92 93 94 95 126 127 128 129 
49 58 69 95 96 97 98 99 130 131 
49 95 96 97 98 130 131 
49 50 71 100 132 133 
49 50 70 132 133 
46 47 55 102 103 104 138 139 140 141 142 
74 75 145 146 
47 73 75 105 147 148 149 
47 73 105 147 149 
48 56 59 106 151 152 154 
48 56 59 76 106 154 155 156 
48 56 59 107 158 159 
48 52 56 159 160 161 162 163 
48 52 60 109 110 168 
60 110 111 112 169 170 171 172 
53 54 83 115 
53 54 61 82 84 
54 61 62 
62 64 116 
64 87 117 118 119 120 
88 89 119 120 122 
87 89 90 120 121 
87 88 90 121 122 123 
88 89 122 124 125 
57 58 65 67 92 93 94 124 125 126 
58 65 66 91 94 126 
57 58 65 66 67 91 92 126 
57 58 66 67 91 92 93 126 127 128 
58 67 68 69 96 97 127 128 129 130 131 
68 69 95 97 129 130 131 
58 68 69 96 98 130 131 
49 68 97 99 130 131 
49 98 
70 71 
46 49 50 51 134 
46 47 51 55 72 103 138 139 140 
46 47 55 72 102 138 139 140 141 
46 47 72 142 143 144 145 
47 74 75 106 147 149 150 151 
59 77 105 150 151 152 153 154 
48 56 59 78 157 158 159 
48 52 162 163 164 165 167 
52 60 80 
52 60 80 81 111 112 168 169 170 171 
60 81 110 112 168 169 170 171 
60 81 110 111 168 169 170 171 172 
53 114 45 
53 54 113 
53 82 
61 62 63 64 85 117 
62 63 64 86 116 118 
63 64 86 117 119 
64 87 118 120 
86 87 88 119 121 
87 89 
87 88 89 90 121 
57 65 66 89 90 91 124 125 
65 66 90 91 123 125 
57 65 66 90 91 123 124 
57 58 65 66 67 91 92 93 94 
57 58 67 94 95 128 129 
57 58 127 129 
58 67 95 96 127 128 
68 69 95 97 98 131 
68 69 95 96 97 98 130 
49 70 71 100 
49 70 71 100 
46 50 101 
46 50 51 55 
46 50 51 55 135 
51 55 
46 55 72 102 103 139 
46 47 72 102 103 138 140 141 
46 47 72 102 103 139 141 
47 72 103 139 140 
47 72 104 143 
47 104 142 144 145 146 
47 104 143 145 146 
47 73 143 146 
47 73 143 144 145 
47 74 105 148 
74 105 147 149 
74 105 148 
105 106 149 151 153 
59 76 105 106 150 152 153 154 
59 76 106 150 153 154 
59 106 150 151 152 154 
59 76 77 106 151 152 153 155 
59 76 77 154 
48 59 78 
48 56 59 78 
48 56 78 107 159 
48 56 78 79 107 158 160 161 
56 79 159 161 
48 79 159 160 
52 56 79 108 
52 79 108 162 
48 52 108 165 166 167 
48 52 108 164 166 
52 108 164 165 167 
52 165 166 
80 110 111 169 170 
110 111 112 168 170 
60 81 110 111 112 168 169 
60 81 110 111 169 170 172 
60 81 171 

