120 812
2 3 4 5 10 11 14 15 22 23 24 25 26 49 50 51 52 53 54 55 56 57 1 91 92 93 94 95 96 97 98 99 100 101 102 103 
1 3 4 7 8 9 10 13 20 21 40 41 42 43 44 45 46 47 79 80 81 82 83 84 85 
1 2 4 10 11 14 22 24 25 49 50 51 52 91 92 93 94 95 96 
1 2 3 10 21 48 49 87 88 89 90 
1 12 28 29 60 61 62 63 111 112 113 114 115 116 117 118 119 
17 18 32 33 34 35 36 37 38 67 68 69 70 
2 8 9 19 20 39 40 73 74 75 7 76 77 78 
2 7 9 19 20 40 41 42 43 76 77 78 
2 8 13 20 40 41 42 43 44 45 79 80 81 
1 2 3 4 21 48 85 86 87 88 
1 3 14 22 23 24 25 51 52 53 94 95 96 97 98 99 
1 5 28 29 60 61 62 110 111 112 113 114 115 116 117 
2 9 45 46 47 82 83 84 
1 3 11 15 25 53 54 55 56 57 99 100 101 102 103 
1 14 26 27 58 103 104 105 
6 31 32 33 34 67 68 69 
6 18 34 35 36 37 38 
6 17 36 38 71 
7 8 39 40 76 77 
2 7 8 9 40 41 42 77 78 
2 4 48 87 
1 3 11 50 91 92 93 
1 3 11 24 51 52 94 95 96 97 
1 3 11 23 25 51 52 95 96 97 98 
1 3 11 14 24 52 53 54 98 99 100 
1 15 27 58 104 105 106 107 
26 58 104 105 106 107 108 
5 12 29 62 112 113 114 115 116 117 
12 28 62 63 116 117 119 
31 64 
16 30 64 65 66 
16 33 67 
6 16 32 34 35 67 69 70 
6 16 17 33 35 67 68 69 70 
6 17 33 34 67 68 69 70 
6 17 18 37 38 
6 17 18 36 38 
6 17 36 37 
7 19 71 72 73 74 75 
2 7 8 9 19 20 41 77 78 
2 8 9 40 42 
2 9 20 41 43 
2 8 9 42 44 79 
2 9 43 79 80 81 82 
2 9 13 46 81 82 83 
2 13 45 47 83 84 
2 13 46 84 
4 10 21 87 88 
1 3 
1 3 91 92 93 
1 11 23 24 52 94 95 96 
1 3 11 23 24 25 51 95 96 97 98 
1 11 14 25 54 100 101 102 
1 14 25 53 55 56 57 101 102 
54 57 101 102 103 
1 14 54 55 57 101 103 
1 14 54 55 56 103 
15 26 27 106 107 
60 108 109 
5 12 59 61 109 110 
5 12 60 110 111 
5 12 28 29 63 114 115 116 117 
5 62 119 120 
30 31 65 66 
31 64 66 
31 64 65 
6 16 32 33 34 35 68 69 
6 16 33 34 35 69 70 
6 16 33 34 35 67 68 70 
6 33 34 35 68 69 
18 39 72 71 
71 73 74 
7 39 75 
7 39 72 73 75 
7 39 73 74 
8 77 
7 8 19 20 40 76 78 
7 8 20 40 77 
2 9 43 44 80 81 
2 9 44 79 82 
2 9 44 45 79 80 82 
2 13 44 45 80 81 83 
13 46 82 
2 13 46 47 
2 10 85 86 
10 85 
10 48 
4 10 48 
4 88 90 
4 89 
1 3 50 
1 3 22 50 
3 22 50 
3 11 51 95 
1 11 23 51 52 94 
1 3 11 23 24 51 52 95 
1 11 23 52 96 98 
1 11 24 25 52 97 
1 14 53 100 
1 14 25 53 99 
1 14 53 54 55 56 
1 14 53 54 55 56 57 101 
1 14 15 55 56 57 
15 26 27 105 
15 26 27 58 104 106 107 
27 58 105 
26 27 58 105 106 
59 109 
59 60 108 110 
12 59 60 61 109 
5 12 61 112 
5 12 111 113 
5 12 28 112 116 
5 62 115 116 
5 12 28 62 113 114 
5 12 29 62 113 114 115 117 
5 12 28 29 62 116 
5 63 119 
5 29 63 118 120 
63 118 119 

