225 1668
204 225 62 131 132 
204 3 63 65 66 132 133 134 
204 4 26 65 66 67 
204 2 3 26 66 135 
206 221 82 83 166 167 168 169 
207 84 85 170 171 172 173 174 
207 8 35 36 37 87 88 180 181 182 183 184 185 186 
207 214 7 36 37 38 88 89 185 187 188 189 
198 200 201 214 39 40 41 42 43 90 91 92 194 195 196 
215 11 93 95 
216 10 95 96 97 
205 208 209 210 211 13 48 106 107 
205 210 211 223 12 106 107 108 
205 211 223 15 51 109 110 111 112 
205 211 212 14 17 52 112 
205 211 212 15 52 112 113 
205 211 212 15 16 52 113 
205 212 116 
205 218 224 20 53 54 55 56 57 58 117 118 119 120 
218 224 19 21 56 58 121 122 123 124 
218 224 20 58 121 123 124 125 
219 224 59 60 126 
204 219 24 25 60 61 128 129 
204 23 25 61 62 130 131 
204 225 1 23 62 130 131 
204 3 4 67 135 136 
204 28 68 137 139 
204 220 27 68 69 70 139 
204 220 30 72 73 141 142 143 144 145 146 
204 29 72 73 74 144 145 146 147 
213 32 76 77 78 79 152 153 154 
206 213 31 33 79 154 155 156 157 
206 213 221 32 34 80 158 159 160 161 
206 213 221 33 80 81 158 159 160 161 162 
207 7 36 87 175 177 178 179 
207 7 8 35 87 88 180 181 182 183 184 185 
207 214 7 8 38 89 186 187 188 189 190 
207 214 8 37 89 187 188 189 190 
214 9 40 41 42 43 90 191 192 193 
214 39 41 42 43 90 191 192 193 
214 9 39 40 42 43 90 191 192 193 
214 9 39 40 41 43 90 91 92 191 192 193 194 195 
214 39 40 41 42 90 91 92 191 192 193 194 195 196 
216 217 222 45 98 100 
208 209 216 217 44 100 101 102 
208 209 217 222 47 101 102 103 104 
208 209 210 217 46 48 103 104 105 
208 209 210 12 105 
205 210 211 223 12 107 108 
205 211 223 13 49 109 
205 211 223 14 109 110 111 
205 212 15 16 17 113 114 
205 218 18 19 55 117 
218 19 53 55 56 57 118 119 120 
218 19 53 54 56 57 118 119 120 
218 19 20 54 55 57 118 119 120 
218 224 19 20 54 55 56 118 119 120 
218 224 19 20 21 121 122 123 
219 22 60 126 127 
219 22 23 59 126 127 128 
219 23 24 129 
204 225 1 24 25 130 
204 2 64 65 132 133 134 
204 2 63 65 133 134 
204 2 3 63 64 66 134 
204 2 3 4 65 
204 3 4 26 135 
204 27 28 137 138 
204 220 28 70 71 139 
204 220 28 69 71 
204 69 70 140 
204 220 29 30 73 142 143 144 145 146 
29 30 72 74 75 145 
30 73 75 147 148 
213 73 74 147 149 150 151 
213 31 77 78 152 153 
213 31 76 78 152 153 
213 31 76 77 152 
213 31 32 152 154 155 156 
206 221 33 34 158 159 161 162 
206 34 161 162 163 164 
206 221 5 83 166 167 
206 5 82 166 167 
207 6 170 171 172 174 
207 6 86 173 174 175 
207 35 85 175 176 
7 35 36 179 
207 7 8 36 180 181 182 183 184 185 186 
214 8 37 187 188 189 190 
214 9 40 41 42 43 91 191 192 193 194 
214 9 42 43 90 92 192 193 194 195 196 
201 9 42 43 91 194 195 196 
10 94 
215 10 93 
11 97 
11 95 97 
11 95 96 
208 216 222 44 99 100 
216 222 98 100 
208 216 217 222 44 45 98 99 
208 209 216 217 222 45 102 
208 209 217 222 45 101 
208 209 210 217 47 104 
208 209 210 217 46 47 103 105 
208 210 217 47 48 104 
209 210 12 13 
210 12 49 106 
205 223 13 49 50 
205 211 223 14 50 51 110 
205 211 223 14 51 109 111 
205 211 14 51 110 
205 211 14 16 
212 16 17 52 114 
205 212 113 
205 212 116 
205 212 18 
218 19 53 54 
218 19 54 55 56 57 
218 19 54 55 56 57 118 120 
19 54 55 56 57 118 119 
218 20 58 122 123 124 
218 20 58 121 123 124 
218 224 21 58 121 122 124 125 
224 20 21 121 123 125 
224 21 123 124 
59 60 127 
219 60 126 
219 23 60 61 
23 24 61 
225 24 25 62 131 
225 1 24 25 130 
204 1 2 64 133 
204 2 63 64 132 134 
204 2 63 64 65 133 
204 4 26 67 136 137 
204 26 135 
204 27 68 135 136 138 
204 27 68 137 
204 28 69 
204 220 71 141 
220 29 142 143 
220 29 72 140 141 143 
141 142 144 
220 29 30 72 143 145 146 
29 30 72 144 146 
29 30 72 73 144 145 
73 74 75 148 149 
213 74 75 147 149 150 151 
74 75 147 148 150 151 
213 75 148 149 151 
213 75 148 149 150 
31 77 78 79 153 
213 31 76 77 78 152 154 
213 31 32 79 152 153 155 
206 213 32 79 154 156 
206 213 32 79 155 157 
206 213 32 
206 34 80 159 
206 33 34 80 158 
206 33 80 158 159 
206 221 33 34 80 81 162 
206 221 34 80 81 161 163 
206 221 81 162 164 
221 81 
206 221 166 
206 221 5 82 83 165 
82 83 
5 169 
5 169 168 
6 84 171 
6 84 170 172 173 
6 84 171 174 
207 6 84 85 171 172 174 
6 84 173 
207 35 85 86 176 
85 86 175 
207 179 
207 35 177 179 
207 35 87 177 178 
207 7 36 88 181 182 183 184 185 
207 7 36 88 180 182 183 184 
207 7 36 88 180 181 183 184 185 
7 88 180 181 182 184 185 
207 8 88 180 183 185 
207 7 8 36 88 180 182 183 186 
7 8 37 88 185 187 188 
8 37 38 89 186 188 
8 37 38 186 187 
214 8 37 38 89 190 
37 38 89 189 
214 39 40 41 42 43 90 192 193 
214 39 40 41 43 90 91 191 193 194 
39 40 41 42 43 90 91 191 192 194 
214 9 42 90 91 92 192 193 195 
9 42 43 91 194 196 
214 9 91 92 
198 199 200 201 202 203 9 42 43 91 92 195 196 
197 199 200 201 9 43 92 195 196 
197 198 202 203 199 
197 201 
197 198 200 
197 198 199 
197 199 202 
205 206 213 218 219 220 224 225 1 2 3 4 23 24 25 26 27 28 29 30 62 63 64 65 66 67 69 70 71 72 132 133 134 135 137 138 139 140 
204 208 209 210 211 212 217 218 223 224 12 13 14 15 16 17 18 19 49 51 52 53 108 109 110 111 112 113 114 115 116 
204 207 213 221 5 31 32 33 34 79 80 81 82 83 154 155 156 157 206 158 159 160 161 163 164 165 166 
206 214 6 7 8 36 37 38 84 85 86 87 88 173 174 175 176 177 178 179 181 182 183 184 185 
205 209 210 211 216 217 222 12 44 46 47 98 99 100 101 102 103 104 105 
208 210 211 216 222 12 45 46 47 48 101 102 103 104 105 106 
205 208 209 211 216 217 222 12 13 46 47 48 49 103 104 106 107 
205 208 209 210 212 223 12 13 14 15 16 17 49 51 108 109 110 111 112 
205 211 218 15 16 17 18 52 113 114 115 116 
204 206 221 31 32 33 34 75 76 77 78 79 148 150 151 152 153 154 155 156 157 
197 198 200 207 8 9 37 38 39 40 41 42 43 89 90 91 92 189 191 192 193 194 195 
10 93 94 215 
208 209 210 217 222 11 44 45 99 100 101 
205 208 209 210 216 222 45 46 47 100 101 102 103 104 105 
204 205 212 219 19 20 21 53 54 55 56 57 58 117 118 119 120 122 123 124 
204 218 224 22 23 59 60 61 126 
204 28 29 30 69 70 71 72 140 141 142 143 144 
206 213 5 33 34 80 81 82 161 162 163 164 165 166 
208 209 210 216 217 44 45 46 98 99 100 101 102 
205 210 211 13 14 49 50 51 108 109 110 
204 205 218 219 19 20 21 22 57 58 121 122 123 124 125 
204 1 25 62 130 131 

