53 422
2 4 7 11 12 13 41 42 43 44 53 28 29 30 1 
1 3 4 5 6 8 9 10 13 14 15 16 17 46 47 48 32 33 35 
2 4 5 8 9 10 15 16 17 18 46 47 48 49 50 51 34 35 36 37 
1 2 3 5 8 13 14 15 16 45 46 31 32 33 
2 3 4 6 8 9 10 15 16 17 18 47 48 49 34 35 36 37 
2 3 5 9 10 17 18 19 49 50 51 52 38 39 6 
11 20 21 22 23 24 25 26 
2 3 4 5 9 10 15 16 46 47 34 35 
2 3 6 8 10 16 18 47 48 49 50 35 36 37 
2 3 5 6 8 9 17 18 19 48 49 50 51 36 37 38 
1 7 40 41 42 24 25 26 27 
1 11 42 27 
1 2 4 14 15 45 31 32 33 
2 4 13 15 45 31 32 33 
2 3 4 5 8 13 14 16 46 
2 3 4 5 8 9 15 46 47 34 
2 3 5 6 9 10 19 48 49 50 51 37 38 
3 5 6 9 10 17 19 48 50 51 38 
6 10 17 18 50 51 52 38 39 
7 21 22 
7 20 
7 20 21 
11 40 24 25 26 
7 11 40 25 26 
7 40 23 24 26 
7 40 23 24 25 
1 11 12 42 
1 43 44 30 
1 43 44 28 30 
1 43 44 53 28 
13 14 
2 4 13 14 33 
2 4 14 32 
2 5 47 
2 3 5 8 9 16 47 
2 3 5 9 10 47 48 37 
3 5 9 10 48 49 36 
6 10 17 18 19 49 50 51 
19 52 
1 7 11 12 41 23 24 25 26 
1 11 12 40 42 27 
1 11 12 41 27 
1 44 28 29 
1 43 53 28 29 30 
4 14 31 
2 3 4 8 15 16 
2 3 5 8 9 16 34 35 36 
2 3 5 9 10 49 50 36 37 
3 5 6 9 10 17 18 48 50 51 37 38 
3 6 9 10 17 18 19 48 49 51 38 
3 6 10 17 18 19 49 50 38 
6 18 19 39 
1 44 30 53 

