120 925
2 4 11 12 14 15 16 22 23 24 25 26 27 28 29 30 31 32 33 34 35 36 51 52 53 54 55 56 57 58 59 60 61 62 64 65 66 96 97 98 99 100 101 102 103 104 105 106 107 109 110 111 112 113 114 116 117 118 119 120 
1 3 5 6 7 8 13 40 41 42 43 44 45 46 47 48 76 77 78 79 80 81 82 83 
2 5 6 7 8 9 44 45 46 47 48 79 80 81 82 83 84 
1 12 16 36 37 71 
2 3 6 9 18 46 47 48 49 84 85 86 87 88 
2 3 5 9 10 18 19 20 21 49 50 89 90 91 92 93 94 
2 3 8 13 17 38 39 41 42 73 74 76 77 
2 3 7 17 40 41 42 75 76 77 
2 3 5 6 18 48 49 84 85 86 87 
6 18 19 20 21 50 90 91 93 94 95 
1 12 15 24 25 26 28 29 30 61 63 64 
1 4 11 15 29 30 31 32 33 34 35 64 65 66 
2 3 7 8 43 44 78 79 
1 22 23 51 53 54 55 56 101 120 
1 11 12 29 31 32 33 34 35 64 65 66 
1 35 36 67 68 69 
2 7 8 38 39 72 73 74 
5 6 9 10 19 89 90 
6 10 18 89 90 91 
6 10 21 50 91 92 93 94 95 
10 50 95 21 
1 14 51 52 
1 14 54 55 56 57 58 59 
1 11 25 26 27 28 59 60 61 62 63 
1 11 24 26 27 59 60 61 62 63 
1 11 24 25 27 28 60 61 62 63 
11 24 26 28 60 62 63 
11 24 26 27 29 63 
1 11 12 15 28 30 64 
1 12 31 64 
1 12 15 30 32 33 34 64 65 
1 12 15 31 33 34 35 65 66 
1 12 15 31 32 34 65 66 
1 12 15 31 32 33 35 36 65 66 67 68 
1 12 15 16 32 33 34 36 65 66 67 68 69 
1 4 16 34 35 66 67 68 69 
4 70 71 37 
38 39 72 
7 17 38 40 72 
2 7 8 39 41 73 74 75 
2 7 8 
2 7 8 76 77 
2 13 44 
2 3 43 78 
2 3 81 82 
2 3 5 47 82 83 
2 3 5 46 83 
2 3 5 9 84 85 
5 6 9 86 87 88 
10 20 21 
1 14 22 119 120 
14 53 120 
1 14 22 51 52 
1 14 22 23 55 56 57 58 
1 23 54 56 57 
14 23 54 55 57 
1 23 54 55 56 58 
1 23 54 56 57 59 
1 23 24 25 58 60 61 
1 24 25 26 27 59 61 62 
1 11 24 26 27 59 60 62 
1 11 24 25 26 27 60 61 63 
1 11 24 25 26 27 28 62 
1 11 12 15 30 31 
1 15 32 33 34 35 66 
1 12 15 32 33 34 35 36 65 67 68 69 
16 34 35 36 66 68 69 
16 34 35 66 67 69 
16 35 67 68 
4 37 71 
4 37 70 
17 38 39 
7 17 39 74 
17 39 40 75 
7 40 41 73 74 
7 8 42 
2 42 
13 43 44 
2 13 
2 3 81 
2 3 80 82 
2 3 45 46 81 
2 3 5 46 47 
5 9 48 85 
5 9 48 
5 9 
5 9 49 88 
5 49 87 
6 10 18 19 90 
6 10 18 19 89 
6 10 19 20 92 
6 10 20 91 93 
10 20 91 92 
6 10 20 50 
10 20 21 50 
14 22 97 98 100 101 102 103 104 105 106 107 108 109 110 111 112 113 114 115 116 117 118 119 120 
96 98 100 102 103 104 109 110 111 112 113 
96 97 99 101 103 105 106 107 112 114 115 116 117 
14 22 51 52 53 96 98 101 105 106 107 114 115 116 117 118 119 120 
96 97 98 99 103 104 105 106 112 114 115 
14 22 51 52 53 96 98 106 107 115 116 117 118 119 120 
96 108 109 110 
96 97 98 100 104 111 112 113 
96 97 98 100 103 105 106 112 113 
96 98 99 100 106 114 115 116 
96 98 99 100 101 104 105 107 114 115 116 117 118 
96 98 99 101 106 115 116 117 119 120 
96 109 
97 102 108 110 
96 97 102 109 
96 112 
96 97 98 100 103 104 111 113 
96 97 100 103 104 112 
96 98 99 100 104 105 106 115 116 117 
96 98 99 100 101 105 106 107 114 116 117 
98 99 101 105 107 114 115 117 
96 98 99 101 106 107 114 115 118 119 
96 99 101 106 107 115 116 117 119 
96 99 101 107 117 118 120 
51 52 96 99 107 119 

