126 771
2 3 5 6 11 14 15 16 28 29 46 47 48 49 50 51 93 94 95 96 97 98 99 100 101 102 103 104 105 106 107 
1 3 4 9 10 11 24 25 26 27 41 42 76 77 78 79 80 81 82 83 
1 2 9 10 11 14 26 27 41 42 80 81 82 83 84 
2 22 23 40 4 72 73 74 
1 11 14 15 28 29 47 48 49 92 93 94 95 96 97 98 99 
1 16 17 30 31 32 52 53 54 110 111 112 113 114 115 
8 13 21 36 37 63 64 65 66 67 
7 13 21 36 37 66 67 68 
2 3 10 24 25 26 41 75 76 77 78 79 
2 3 9 41 42 80 81 
1 2 3 5 14 27 43 44 45 85 86 87 88 89 90 91 
20 35 58 59 60 124 125 
7 8 21 36 37 63 64 65 66 
1 3 5 11 15 27 44 45 87 88 89 90 91 
1 5 14 28 46 47 48 92 93 95 
1 6 17 30 31 52 53 107 108 109 110 
6 16 30 31 32 54 55 111 112 113 114 115 
19 56 57 118 18 
18 33 119 120 
12 58 121 122 
7 8 13 36 37 64 65 66 
4 38 39 70 71 
4 40 73 74 
2 9 25 75 
2 9 24 75 
2 9 41 76 77 78 
2 3 14 43 85 86 
1 5 15 47 48 49 50 93 94 95 96 97 98 
5 51 101 102 104 105 
6 16 17 31 52 53 54 55 110 111 
6 16 17 30 52 53 54 55 111 
6 17 113 114 115 32 116 
19 20 34 119 121 
19 20 33 121 122 
12 59 60 61 62 126 
7 8 13 21 63 64 65 66 
7 13 21 
22 39 68 69 
22 69 70 
4 23 
2 3 9 10 26 76 77 78 79 
2 3 10 81 82 83 84 
11 14 27 44 45 85 86 87 88 89 
11 14 43 85 86 87 88 89 90 
11 14 43 44 86 87 88 89 90 
1 5 15 47 91 92 93 
5 15 28 46 48 93 94 95 
1 5 15 28 47 49 94 95 96 
1 5 28 48 50 96 97 98 99 100 
1 5 28 49 96 97 98 99 100 
1 102 103 
6 16 110 
6 16 30 31 52 54 110 
6 17 30 31 53 55 111 
6 17 30 31 54 111 112 
18 116 117 118 
56 116 117 118 
12 20 122 58 123 
12 35 60 125 
12 35 59 61 125 
35 59 60 125 
35 126 
7 13 36 64 65 
7 13 36 63 65 
7 13 21 63 64 
7 8 21 36 
7 8 21 37 
8 38 
38 39 
22 38 39 71 
22 39 70 
73 
4 72 73 
4 23 
9 25 75 
2 9 26 41 77 78 
2 9 26 41 76 78 79 
2 9 26 41 76 77 
2 9 26 41 77 78 
3 10 
3 42 83 84 
42 81 83 84 
2 3 42 82 84 
42 81 82 83 
11 27 43 86 87 
11 27 43 44 45 85 87 88 89 
11 14 43 45 85 86 88 89 
11 14 43 44 45 86 87 89 
11 14 43 44 45 86 87 88 
11 14 45 
11 14 90 91 
15 46 91 
1 5 15 28 46 47 94 95 
1 5 15 28 48 93 95 
1 5 15 28 47 48 93 94 
1 5 28 48 49 50 97 98 
5 28 50 96 98 
1 5 28 49 50 96 97 99 
1 5 100 
1 49 50 99 101 
1 29 51 100 
1 29 103 104 
1 51 104 
1 29 102 103 105 106 
1 29 104 
1 104 105 
1 16 108 109 
107 109 
16 107 108 
6 16 30 52 53 
6 17 54 55 112 113 
6 17 55 111 113 
6 32 111 112 114 115 
17 113 
32 113 114 
32 57 117 
56 116 
18 56 57 
19 33 120 
19 33 119 
20 33 122 
20 34 58 121 
12 58 124 
12 123 
12 59 61 
35 62 

