147 803
2 4 5 10 11 12 22 23 24 25 26 27 28 29 30 49 50 51 52 53 54 55 56 57 58 59 60 61 62 63 64 96 97 98 99 100 101 102 103 104 105 106 107 108 109 110 111 112 113 114 115 116 117 118 119 120 
1 3 6 7 8 9 13 14 15 16 17 18 19 32 34 35 36 37 38 39 40 41 66 68 69 70 71 72 73 74 75 76 77 78 79 80 81 82 83 120 125 
2 16 17 18 77 78 79 80 
1 24 25 26 51 52 53 54 106 107 108 109 110 
1 12 28 29 30 60 61 62 63 113 114 115 
2 31 32 33 34 35 65 
2 16 73 74 
2 9 41 42 85 86 87 
2 8 41 42 85 86 87 
1 20 21 45 46 47 90 91 92 
1 48 93 94 95 
1 5 28 60 113 114 
2 14 34 35 36 66 67 
2 13 15 36 37 38 68 69 70 
2 14 37 38 70 71 72 
2 3 17 74 75 76 
2 3 7 16 75 76 77 
2 3 78 
2 81 
10 45 90 
10 46 47 91 92 
1 49 96 97 
1 50 100 101 
1 50 51 104 105 106 107 
1 4 26 52 53 54 108 109 
1 4 25 53 54 55 109 110 111 
1 56 57 112 
1 5 12 29 60 61 113 114 
1 5 28 30 60 61 62 63 115 
1 5 29 62 63 64 115 116 117 
6 32 33 65 
2 6 31 33 34 65 
6 31 32 34 35 65 
2 6 13 32 35 66 
2 6 13 33 34 66 67 
2 13 14 69 
2 14 15 38 68 69 70 71 
14 15 37 70 
2 40 82 84 
2 39 83 84 
2 8 9 85 86 87 
8 9 43 87 
42 44 88 
88 89 
10 20 90 
10 21 47 92 
10 92 
11 93 48 
22 96 97 
1 24 51 101 102 103 104 
1 4 24 50 104 105 
4 25 53 108 
1 4 25 26 52 108 109 
1 4 25 26 55 109 110 111 
26 56 111 
1 27 55 
1 27 59 
1 57 59 
1 57 58 
1 5 12 28 29 61 62 114 115 
1 5 28 29 60 62 115 
1 5 29 30 60 61 63 115 
1 5 29 30 62 64 116 117 118 119 
1 30 63 116 117 118 119 
6 31 32 33 
2 13 34 35 67 
13 35 66 
2 14 36 37 69 70 
2 14 36 68 
2 14 15 37 38 68 
2 15 37 38 72 
2 15 71 
2 7 74 
2 7 16 73 
2 16 17 76 
2 16 17 75 
2 3 17 78 
2 18 77 
2 3 
2 3 
2 19 
2 39 83 
2 39 40 82 84 
39 40 83 
8 9 86 
8 9 41 85 
8 9 41 42 
43 44 89 
44 88 
10 20 45 
10 21 92 
10 21 46 47 91 
48 94 95 
11 93 
11 93 94 
1 22 
1 22 49 
1 99 100 
1 98 100 
1 23 98 99 
1 23 50 102 103 
1 50 101 103 
1 101 102 
1 24 50 51 
1 24 51 106 
1 4 24 105 107 
1 4 24 106 
1 4 25 52 53 
1 4 25 26 53 54 
1 4 54 
26 54 
1 27 
1 5 12 28 
1 5 12 28 60 
1 5 29 30 60 61 62 
1 30 63 64 117 118 
1 30 64 116 118 119 
1 63 64 116 117 119 
1 63 64 117 118 
6 121 122 123 124 125 127 128 129 130 131 132 133 134 138 139 140 141 142 143 144 145 
120 122 126 127 128 134 135 136 137 138 
120 121 127 128 129 
131 143 
120 125 132 143 144 
120 124 133 145 146 147 
121 126 
120 121 122 138 
120 121 122 
120 122 130 139 140 
120 129 139 140 141 142 
120 123 143 
120 124 143 144 
120 125 145 146 147 
120 121 135 136 137 
121 134 136 137 
121 134 135 137 
121 134 135 
120 121 
120 129 130 140 
120 130 139 141 
120 130 140 142 
120 130 141 
120 123 124 131 132 144 
124 132 143 
120 125 146 147 
133 145 147 
125 133 145 146 

