84 526
2 3 6 7 8 12 13 16 29 30 31 32 33 34 55 56 57 58 59 60 61 62 
1 3 6 7 8 9 10 13 14 16 18 33 34 35 36 37 38 63 64 65 66 67 
1 2 8 9 10 11 14 17 19 20 39 40 41 42 68 69 70 71 72 73 74 75 
5 11 15 21 22 23 44 45 46 79 80 81 82 83 
4 15 21 22 23 24 25 45 46 47 48 49 82 83 84 
1 2 13 16 31 32 60 61 
1 2 8 9 13 34 36 63 64 65 
1 2 3 7 9 17 35 36 63 64 65 66 67 
2 3 7 8 14 17 18 37 38 67 
2 3 14 39 40 41 42 69 70 72 73 
3 4 20 43 77 11 
1 26 27 50 51 52 
1 2 6 7 16 32 33 34 62 
2 3 9 10 68 69 
4 5 21 22 23 44 80 81 
1 2 6 13 30 31 32 61 62 
2 3 8 9 18 37 38 67 
9 17 38 67 
3 20 43 75 76 
3 11 19 43 
4 5 15 22 23 45 80 81 82 83 
4 5 15 21 23 45 80 81 82 83 
4 5 15 21 22 45 46 80 81 82 83 
25 47 48 49 84 
5 49 84 
12 50 51 52 
12 28 29 53 54 
27 29 53 54 
1 27 28 53 54 29 
1 16 31 
1 16 30 32 61 
1 6 13 16 31 61 62 
1 2 13 34 
1 7 13 33 
2 7 8 36 63 64 
2 7 8 35 64 65 
2 9 17 18 67 
2 9 17 18 37 
3 10 41 42 73 
3 10 39 42 73 
3 10 39 40 42 
3 10 39 40 41 74 
11 19 20 77 
4 15 78 79 
4 5 21 22 23 46 81 82 83 
4 5 23 45 82 83 
5 24 48 49 
5 24 47 49 84 
5 24 25 47 48 
26 51 52 
12 26 50 52 
12 26 50 51 
27 28 29 54 
27 28 29 53 
1 29 56 
1 55 57 58 59 60 
1 56 58 59 60 
1 56 57 59 60 
1 57 60 
1 6 56 57 58 59 
1 6 16 31 32 62 
1 13 16 32 61 
2 7 8 35 
2 7 8 35 65 
2 7 8 36 64 
2 8 
2 8 9 17 18 37 
3 14 
3 10 14 
3 10 71 72 
3 10 70 72 
3 10 70 71 73 
3 10 39 40 72 
3 75 
3 19 74 76 
19 75 
11 43 
44 79 
4 44 78 
4 21 22 23 81 
4 15 21 22 23 45 80 82 
4 5 21 22 23 45 46 81 83 
4 5 21 22 23 45 46 82 
5 24 25 48 49 

