95 541
2 3 4 9 10 11 12 22 23 24 25 26 38 39 40 41 42 43 44 45 46 47 81 82 83 84 85 86 87 88 89 90 91 92 93 94 95 1 
1 3 4 5 6 13 14 15 16 27 28 50 51 52 53 54 55 56 57 58 59 60 
1 2 4 5 6 7 14 15 16 17 27 28 29 30 52 53 54 55 56 57 58 59 60 61 62 63 
1 2 3 5 7 8 17 18 19 20 29 30 31 32 33 34 35 63 66 67 68 69 70 71 72 73 
2 3 4 14 15 16 27 52 53 54 55 56 57 
2 3 13 48 49 50 
3 4 17 31 32 66 67 68 69 70 71 
4 19 20 21 35 36 75 
1 25 41 42 43 84 85 
1 11 26 44 45 87 88 10 
1 10 44 45 46 
1 46 89 90 
2 6 13 
3 5 27 51 
2 3 5 16 
2 5 15 57 58 59 60 
3 4 7 31 32 66 67 68 69 70 
4 33 34 72 
4 8 20 35 36 74 
4 8 19 21 35 36 74 75 
8 20 36 75 
1 37 76 77 78 
37 38 79 80 
1 39 40 81 82 83 
1 9 26 42 43 85 86 
1 10 25 44 86 87 88 
2 3 5 14 52 
2 3 60 61 
3 4 30 62 63 65 
3 4 29 63 64 65 
4 7 17 66 67 
4 7 17 70 71 
4 18 72 
4 18 72 73 
4 8 19 20 36 74 
8 19 20 21 35 75 
22 23 76 77 78 79 
1 23 
1 24 40 81 82 
1 24 39 81 82 
1 9 83 84 
1 9 25 43 85 
1 9 25 42 85 
1 10 11 26 45 88 
1 10 11 44 88 
1 11 12 
1 95 
6 49 50 
6 48 50 
2 6 48 49 
2 14 
2 3 5 27 
2 3 5 54 56 
2 3 5 53 55 56 
3 5 53 54 56 
2 3 53 54 55 
2 3 5 16 58 59 60 
2 3 16 57 59 60 
2 16 57 58 60 
2 3 16 28 57 58 59 
3 28 
3 29 
3 4 29 30 64 65 
29 30 63 65 
29 30 63 64 
4 7 17 31 67 
4 7 17 31 66 
4 7 17 31 69 
4 7 17 
4 7 17 32 71 
4 7 32 70 
4 18 33 34 
4 34 
19 20 35 
8 20 21 36 
22 37 
22 37 76 78 
22 37 76 77 
23 37 80 
23 79 
1 24 39 40 82 
1 24 39 40 81 
1 24 41 
1 9 41 
1 9 25 42 
1 25 26 
1 10 26 88 
1 10 26 44 45 87 
1 12 90 
1 12 89 
1 92 93 94 
1 91 93 94 
1 91 92 
1 91 92 93 
1 47 

