169 957
114 2 3 5 6 7 12 23 24 25 26 27 28 29 30 31 32 33 34 49 51 52 53 54 55 56 57 58 59 60 89 90 91 92 93 94 95 96 97 98 99 100 101 1 102 103 104 105 106 107 
1 12 29 30 31 32 33 34 59 60 61 102 103 104 105 106 107 108 109 110 111 112 113 
1 4 8 9 13 14 15 36 37 38 39 40 41 67 68 69 70 
3 9 13 14 36 37 68 69 70 
1 6 10 11 19 20 43 44 76 77 78 79 80 
1 5 11 19 20 21 42 43 44 45 79 80 81 
1 22 23 48 85 86 
13 35 62 63 64 65 66 
3 4 13 14 67 68 
5 11 76 
5 6 10 19 42 43 76 77 78 79 
1 2 28 29 30 31 57 58 94 95 96 97 98 99 100 101 
3 4 8 9 14 67 
3 4 9 13 67 
3 16 17 18 73 74 
15 17 18 73 74 
15 16 18 74 
15 16 17 75 
5 6 10 11 42 43 77 78 
5 6 21 44 45 81 82 
6 20 45 46 82 83 
7 47 48 83 84 85 
1 7 24 25 49 50 87 88 
23 26 49 50 51 87 88 
1 23 24 26 49 50 51 88 
1 24 25 51 52 53 
1 54 55 89 90 91 
1 12 29 57 58 93 94 95 
1 2 12 28 30 31 57 58 94 95 96 97 98 
1 2 12 29 31 57 58 96 98 99 100 101 
1 2 12 29 30 98 99 100 
1 2 102 103 
1 2 59 60 61 107 108 109 110 
1 2 61 111 112 113 
8 65 
4 69 70 
3 4 38 
3 37 39 40 
38 40 41 71 72 
3 38 39 41 71 72 
3 39 40 71 72 
5 6 11 19 43 77 78 79 
5 6 11 19 42 78 
5 6 20 79 80 
6 20 21 46 82 
21 45 83 
7 22 83 84 85 
7 22 85 86 
1 23 24 25 50 87 88 
23 24 25 49 87 88 
1 24 25 26 
1 26 
1 52 54 89 
1 27 53 55 89 90 
1 27 54 56 90 91 
1 27 55 91 
1 12 28 29 30 93 94 96 97 
1 12 28 29 30 57 94 95 96 97 
1 2 105 106 107 108 
1 2 33 108 109 
2 33 34 110 111 112 
8 63 64 
8 62 64 
8 62 63 
8 35 66 
8 65 
3 9 13 14 68 
3 4 9 67 
3 4 36 70 
3 4 69 
39 40 72 
39 40 41 71 
15 16 
15 16 17 
18 75 
10 11 19 77 
5 11 19 42 76 78 
5 11 19 42 43 77 
5 6 11 42 44 80 
5 6 44 79 
6 20 82 
6 20 21 45 
21 22 47 
22 47 85 
7 22 47 48 84 
7 48 
23 24 49 50 88 
23 24 25 49 50 87 
1 27 53 54 90 
1 27 54 55 89 
1 27 55 56 92 
1 91 
1 57 94 
1 12 29 57 58 93 95 97 
1 12 28 29 57 58 94 96 97 
1 12 29 30 57 58 94 95 97 
1 12 29 57 58 94 95 96 
1 29 30 31 99 101 
1 12 30 31 98 100 101 
1 12 30 31 99 101 
1 12 30 31 98 99 100 
1 2 
1 32 
1 2 105 
1 2 59 104 106 
1 2 59 105 
1 2 33 59 108 
2 33 59 60 107 
2 33 60 
2 33 111 112 
2 34 61 110 112 
2 34 61 110 111 
2 34 
115 116 120 121 122 123 124 125 131 132 133 134 135 136 149 150 151 152 153 154 155 157 158 159 1 2 
114 121 122 131 132 133 134 148 149 
114 126 127 137 138 161 162 163 
118 129 140 141 142 167 168 
117 119 140 141 142 143 167 168 169 
118 142 143 144 145 169 
114 146 147 
114 115 122 133 134 149 150 
114 115 121 134 150 
123 152 
114 135 153 154 155 
114 125 
116 137 138 160 161 
116 128 138 162 163 
127 129 139 164 165 
117 128 139 164 165 166 
119 144 145 169 
114 115 120 132 148 
114 115 131 133 148 149 
114 115 121 132 149 
114 115 121 122 149 
114 124 154 155 
114 159 
116 126 
116 126 127 160 161 162 
128 129 164 166 
117 118 167 
117 118 140 167 
117 119 143 168 169 
118 119 142 144 145 169 
119 130 143 145 169 
119 130 143 144 169 
120 147 
120 146 
115 131 132 
114 115 121 132 133 134 
114 121 122 
114 151 
123 153 
114 124 152 
114 124 135 155 
114 124 135 154 
114 157 158 
114 156 158 
114 156 157 
136 159 
116 126 138 161 
116 126 138 160 
116 127 138 163 
116 127 162 
128 129 139 165 166 
128 129 139 164 166 
129 139 164 
117 118 140 141 168 
117 118 142 167 
118 119 130 142 143 144 145 

