49 344
10 12 14 15 49 2 3 
12 14 15 16 30 49 1 3 
12 14 16 30 1 2 
10 12 14 16 30 
10 12 13 16 17 20 31 
10 13 17 20 21 22 32 7 8 
13 22 32 6 8 
13 22 32 6 7 
33 34 
11 12 13 14 15 16 17 18 19 20 21 22 28 29 30 31 42 44 45 46 47 48 49 1 2 3 4 5 6 
10 23 24 25 26 27 35 36 37 38 39 40 
10 13 14 15 16 17 19 20 21 28 29 30 31 48 49 1 2 3 4 5 
10 12 14 16 17 20 21 22 31 32 33 34 5 6 7 8 
10 12 13 15 16 17 19 29 30 48 49 1 2 3 4 
14 16 19 28 29 47 48 49 1 2 
10 12 13 14 15 17 20 30 31 2 3 4 5 
10 12 13 14 20 21 22 31 5 6 
10 11 26 27 41 42 43 44 
10 12 14 15 28 29 46 47 
10 12 13 16 17 21 22 31 5 6 
10 12 13 17 20 31 6 
10 13 17 20 32 33 6 7 8 
11 24 35 23 
11 23 35 
11 36 
11 18 27 38 39 40 41 
11 18 26 40 41 
10 12 15 19 46 47 
10 12 14 15 48 49 
10 12 14 16 2 3 4 
10 12 13 16 17 20 21 5 
13 22 6 7 8 
13 22 32 34 9 
13 33 9 
11 23 24 
11 25 
11 38 39 
11 26 37 39 
11 26 37 38 40 
11 26 27 39 41 
18 26 27 40 
10 18 43 44 45 
18 42 44 
10 18 42 43 45 
10 44 
10 19 28 47 
10 15 19 28 46 
10 12 14 15 29 
10 12 14 15 29 1 2 

