43 298
14 18 19 27 43 
14 18 19 27 28 
17 27 28 29 30 
17 20 30 31 32 33 
17 20 31 32 33 34 6 
17 33 34 35 5 7 
21 34 35 36 6 8 
10 21 35 36 7 
10 11 22 23 24 37 38 12 
11 17 21 22 23 24 35 36 37 38 39 40 41 8 9 12 15 
10 21 22 23 24 37 38 39 40 41 9 12 15 
10 11 22 23 38 39 9 
40 41 13 
16 18 19 26 27 28 42 43 1 2 
10 11 
14 25 26 
10 20 29 30 31 32 33 34 3 4 5 6 
14 19 26 27 42 43 1 2 
14 18 27 28 42 43 1 2 
29 30 31 32 33 34 35 4 5 6 
10 11 22 35 36 37 7 8 
10 11 21 23 24 37 38 9 12 
10 11 22 38 39 9 12 
10 11 22 23 38 39 9 12 
16 25 
14 16 18 42 
14 18 19 28 1 2 3 
14 19 27 29 2 3 
17 20 28 30 31 32 3 4 
17 20 29 31 32 3 4 
17 20 29 32 33 34 4 5 
17 20 29 30 31 33 34 4 5 
17 20 31 32 34 4 5 6 
17 20 31 32 35 5 6 7 
10 20 21 34 36 6 7 8 
21 35 37 7 8 
10 11 21 22 36 9 
10 11 22 23 24 39 9 12 
10 11 23 24 38 12 15 
10 11 41 15 13 
10 11 40 13 
14 18 19 26 43 
14 18 19 42 1 

