32 177
2 4 5 10 13 17 18 19 20 
1 6 10 11 14 21 22 23 24 
6 7 8 11 12 29 30 31 
1 5 13 17 18 19 
1 4 13 17 18 19 
2 3 7 11 14 15 23 24 25 26 27 
3 6 11 12 14 15 26 27 28 29 
3 9 12 16 32 
8 32 9 
1 2 20 
2 3 6 7 14 15 24 25 26 27 28 
3 7 8 29 31 
1 4 5 17 18 
2 6 7 11 15 24 25 26 27 
6 7 11 14 24 25 26 
8 9 32 
1 4 5 13 18 
1 4 5 13 17 
1 4 5 
1 10 19 
2 22 
2 21 
2 6 
2 6 11 14 15 25 26 
6 11 14 15 24 26 27 
7 11 14 15 24 25 27 
6 7 11 14 15 25 26 28 
7 11 27 
3 7 12 30 
12 29 31 
3 12 30 
8 9 16 

