48 403
2 3 4 5 6 7 8 9 10 11 16 17 18 19 20 27 28 29 30 40 42 43 44 
1 3 4 5 6 8 9 10 11 12 18 19 20 21 22 28 29 30 31 32 33 45 46 
1 2 4 5 6 8 9 10 11 16 17 18 19 28 29 30 44 
1 2 3 5 6 7 8 9 10 16 17 18 27 40 42 43 44 
1 2 3 4 10 11 19 20 21 22 28 29 30 31 45 
1 2 3 4 7 8 9 16 17 18 25 26 27 40 41 42 43 44 
1 4 6 16 24 25 26 40 
1 2 3 4 6 9 16 17 18 27 42 43 44 
2 3 4 6 8 10 16 17 18 44 
1 2 3 4 5 9 11 18 28 
1 2 3 5 10 19 28 29 30 
2 13 14 15 23 34 35 36 47 48 
12 14 23 34 35 36 47 48 
12 13 15 23 34 35 36 47 48 
12 14 23 37 48 15 
1 3 4 6 7 8 9 17 27 40 41 42 43 44 
1 3 4 6 8 9 16 27 42 43 44 
1 2 3 4 6 8 9 10 
1 2 3 5 11 20 21 22 29 30 31 45 
1 2 5 19 21 22 31 45 
2 5 19 20 22 31 45 
5 19 20 21 31 45 
12 13 14 15 34 35 36 37 48 
7 38 39 
6 7 26 25 
6 7 25 
1 4 6 8 16 17 40 41 42 43 
1 2 3 5 10 11 
1 2 3 5 11 19 30 
1 2 3 5 11 19 29 
2 5 19 20 21 22 45 
2 33 46 
2 32 46 
12 13 14 23 47 
13 14 23 36 
12 13 14 23 35 48 
15 23 48 
24 39 
24 38 
1 4 6 7 16 27 41 42 
16 27 40 42 
1 4 6 8 16 17 40 41 43 
1 4 6 16 17 27 42 
1 3 4 6 8 9 16 17 
2 5 19 21 22 31 
2 32 33 46 
12 13 14 34 
12 13 14 15 23 35 36 37 

