32 230
18 24 32 
15 18 19 20 21 25 
15 16 17 22 30 4 5 6 
15 16 17 22 30 3 5 
15 16 17 22 30 3 4 6 7 
16 17 22 30 3 5 7 
16 17 22 5 6 
16 17 22 23 9 
16 17 22 23 8 10 11 
16 17 23 28 9 11 
16 17 23 28 9 10 
28 31 13 
28 31 12 14 
31 13 
16 17 18 19 20 21 22 23 24 25 26 27 29 30 2 3 4 5 
15 17 22 23 27 28 30 31 3 4 5 6 7 8 9 10 11 
15 16 22 23 28 30 31 3 4 5 6 7 8 9 10 11 
15 19 20 21 24 25 32 1 2 
15 18 20 21 25 26 29 2 
15 18 19 21 25 26 29 2 
15 18 19 25 26 29 2 
15 16 17 30 3 4 5 6 7 8 9 
15 16 17 22 28 8 9 10 11 
15 18 32 1 
18 19 20 21 26 29 2 
15 19 20 21 25 29 
15 16 
16 17 31 10 11 12 13 
15 19 20 21 25 26 
15 16 17 3 4 5 6 7 
16 17 28 12 13 14 
18 24 1 

