37 255
2 3 4 5 9 10 11 12 17 18 19 20 21 28 29 30 31 32 33 34 35 36 
1 3 5 9 10 11 15 16 17 18 19 20 26 27 28 29 30 31 32 33 34 35 
1 2 6 7 8 14 15 16 22 23 24 25 
1 13 37 4 
1 2 9 10 11 18 19 30 31 32 33 
3 22 6 
3 8 14 23 24 25 
3 7 14 15 23 24 25 
1 2 5 10 11 18 19 28 29 30 31 32 33 
1 2 5 9 11 19 30 31 32 33 
2 5 9 10 19 31 32 33 34 
1 21 36 
4 37 
3 7 8 23 25 
2 3 8 16 25 26 
2 3 15 26 27 
1 2 18 26 27 28 29 
1 2 5 9 17 28 29 30 
2 5 9 10 11 31 32 33 
1 2 34 35 
1 12 36 
3 6 
3 7 8 14 24 25 
3 7 8 14 23 25 
3 7 8 14 23 24 
2 15 16 17 27 
2 16 17 26 
1 2 9 17 18 29 
1 2 9 17 18 28 30 
1 2 5 9 10 18 
1 2 5 9 10 11 19 32 
1 2 5 9 10 11 19 31 33 
1 2 5 9 10 11 19 32 
1 2 11 20 35 
20 34 
1 12 21 
4 13 

