498 3113
2 3 4 7 
1 3 4 2 
1 2 5 
1 2 3 5 
3 4 5 
1 2 7 8 9 6 10 13 14 15 16 17 21 24 28 30 44 
1 2 6 8 9 11 12 14 7 
6 7 10 
6 7 
6 8 
7 12 
7 11 
1 2 6 7 8 9 14 15 16 17 18 19 20 24 27 28 30 31 35 44 46 47 62 84 492 13 
7 13 15 16 17 18 19 22 23 25 26 35 44 14 
13 14 22 35 15 
13 14 17 20 16 
13 14 20 27 
13 14 19 23 25 26 
13 18 
13 16 17 
13 24 28 21 
14 15 
14 18 25 
13 21 
14 18 23 
14 18 23 
13 17 
13 21 
1 2 3 6 7 8 9 13 14 15 16 17 18 19 20 21 30 31 32 33 34 35 36 37 38 39 40 41 42 44 45 46 47 48 49 50 51 52 53 54 55 56 57 58 62 63 64 66 67 68 69 70 83 84 85 114 135 154 168 169 195 196 227 245 305 373 389 401 422 445 452 463 472 473 474 488 492 493 
1 6 7 13 14 15 16 17 18 29 31 32 33 34 35 36 37 38 39 41 42 43 44 45 46 47 48 49 50 62 84 492 30 
29 30 32 41 
29 30 31 32 
29 30 
29 30 
29 30 
29 30 
30 40 
29 30 
29 30 
29 37 
29 31 
29 30 
30 43 
14 31 45 46 47 48 49 50 51 53 54 55 56 57 44 58 59 60 62 
44 46 52 62 64 69 70 
44 45 47 48 49 50 51 62 46 
44 46 48 49 50 51 57 47 62 
46 47 49 50 51 53 54 55 44 58 59 
44 46 47 48 50 51 53 54 55 58 59 
44 46 47 48 49 51 54 55 56 60 
44 46 47 48 49 50 54 55 56 60 
45 52 70 
44 48 49 
44 48 49 50 51 55 59 
48 49 50 51 54 59 
44 50 51 
44 47 
44 49 
44 48 49 54 55 
44 50 51 
1 2 3 6 7 8 13 14 15 16 17 29 30 31 32 33 34 35 44 45 46 47 48 49 50 51 52 53 54 62 63 64 65 66 67 68 69 70 71 72 73 74 75 76 77 78 79 80 81 82 83 84 85 92 106 107 114 115 116 117 119 127 128 135 136 137 154 155 168 169 195 196 197 220 227 230 245 259 288 305 314 352 354 355 373 389 401 411 422 445 452 453 462 463 472 473 474 475 488 492 493 61 
45 47 52 61 64 66 67 68 69 70 82 
61 72 80 63 
61 62 66 68 69 70 
61 76 77 
61 64 75 81 
61 62 64 66 
61 62 64 69 
61 62 64 70 82 
52 61 62 64 69 82 
61 78 
61 63 80 
61 74 
61 73 
61 66 
61 65 
61 65 
61 71 
61 79 
61 63 72 
61 66 
61 62 69 70 
6 13 30 44 62 84 85 86 87 88 89 90 91 92 93 94 95 96 97 98 99 100 101 102 103 104 105 107 108 109 114 115 116 117 119 127 128 135 137 154 169 196 401 83 
13 30 44 83 85 86 89 90 91 92 93 95 96 97 98 99 100 103 104 105 107 109 114 116 117 154 
83 84 86 87 89 90 91 94 95 96 85 101 107 
83 84 85 87 
83 85 86 88 87 
83 87 
83 85 
83 84 85 91 97 102 
83 84 
83 84 93 100 104 
83 84 92 100 105 
83 85 
83 84 85 
83 84 85 
83 84 90 
83 84 
83 84 
83 84 92 93 
83 85 
83 90 91 
83 84 
83 84 92 
83 84 93 
1 6 7 13 14 15 29 30 44 45 46 47 48 61 62 63 64 83 84 85 86 87 88 89 90 91 92 93 94 95 96 97 98 99 100 107 108 109 110 111 112 113 114 115 116 117 118 119 120 121 122 123 124 125 126 127 128 129 130 131 135 136 137 138 154 155 156 157 168 169 170 195 196 197 220 227 228 229 230 245 259 287 288 305 314 352 354 355 373 389 401 411 422 445 452 453 462 463 472 473 474 488 492 106 
106 107 113 
106 108 
106 110 
106 109 
106 112 
106 111 
106 107 
107 115 116 117 118 119 122 123 126 114 127 128 
114 116 118 120 121 122 125 127 128 115 
114 115 117 122 123 116 126 
114 116 119 117 
114 115 125 
114 116 117 119 
115 121 124 
115 120 124 
114 115 116 122 
114 116 
120 121 
115 118 
114 116 
115 128 129 130 131 132 133 134 
115 127 129 128 
127 128 132 133 129 
127 130 
127 134 
127 129 133 132 
127 129 132 
127 131 
136 137 138 139 140 141 142 143 144 145 146 149 150 151 154 155 156 157 158 169 170 135 
135 137 139 140 141 148 155 156 157 158 160 167 
135 136 138 142 143 144 145 146 147 152 153 155 157 137 
135 137 143 146 
135 136 140 148 
136 139 
135 136 
135 137 
138 147 
135 137 
135 137 
135 137 138 
137 143 
136 139 
135 149 
135 151 
135 150 
137 153 
137 152 
84 135 136 137 138 139 140 141 142 155 156 157 158 159 160 161 162 163 164 165 166 167 169 170 174 154 
139 140 154 156 157 158 160 166 167 
154 155 161 163 
154 155 158 166 167 
154 155 166 167 
154 159 
154 155 157 162 165 
154 156 163 164 
154 155 160 
154 156 161 164 
154 161 163 
154 160 162 
155 157 158 
154 155 157 158 
6 13 29 30 83 84 85 114 127 135 136 137 138 139 142 143 154 155 156 157 158 159 160 161 169 170 171 172 173 174 175 176 177 178 179 180 181 182 183 184 185 186 187 188 189 190 191 192 193 194 195 196 197 198 220 227 228 229 230 245 246 259 287 288 305 314 373 389 401 445 168 
135 136 137 154 155 156 157 168 170 171 172 173 174 176 177 179 180 181 182 183 184 185 189 190 191 192 
168 169 172 173 174 182 183 192 193 
168 169 177 178 
168 169 170 173 189 
168 169 170 172 180 190 
168 169 170 183 192 193 
168 186 
169 187 
168 171 178 
168 171 177 
168 169 188 
168 169 173 
168 169 
168 169 170 
168 169 
168 169 185 
168 169 184 194 
168 175 
168 176 
168 179 
168 169 172 
168 169 173 
168 169 
168 169 170 174 
168 170 174 
168 185 
29 30 83 84 135 136 137 154 155 168 169 170 196 197 198 199 200 201 202 203 204 205 206 207 208 209 210 211 212 213 214 215 216 217 220 221 223 224 225 226 227 228 229 230 231 232 245 246 259 260 261 262 287 288 305 314 373 389 401 445 195 
83 84 135 137 154 169 170 195 197 198 199 200 201 202 203 204 206 207 208 209 210 212 213 215 216 217 218 219 220 221 222 225 228 229 230 245 246 259 261 288 305 401 196 
195 196 198 199 200 201 202 203 207 208 209 215 216 197 217 220 221 
195 196 197 211 221 
195 196 197 207 214 215 
195 196 197 210 
195 196 197 
195 196 197 204 205 206 
195 196 197 208 217 
195 202 
195 202 206 
196 202 205 
195 196 197 199 215 
195 196 197 203 
195 196 197 
195 196 200 
195 198 
195 196 
195 196 
195 199 
195 196 197 199 207 
195 196 
195 196 197 
196 219 
196 218 
197 198 199 221 222 223 224 225 226 230 220 
220 225 
220 221 224 
220 223 
220 222 
221 225 
220 221 
29 30 83 84 135 137 154 168 169 195 196 197 198 220 221 228 229 230 231 232 233 234 235 236 237 238 239 240 241 242 243 244 245 246 247 248 249 250 251 252 253 257 258 259 260 261 262 263 264 265 266 281 282 287 288 289 305 314 373 389 401 445 227 
227 229 230 231 233 234 236 246 252 258 245 
227 228 230 231 233 234 235 236 229 246 252 
220 227 228 229 231 232 238 239 240 241 242 244 
228 229 238 227 
227 230 242 
227 228 229 
227 228 229 
227 229 237 
227 228 229 
235 243 
227 230 231 
227 230 240 244 
227 230 239 241 
230 240 
230 232 
227 237 
227 230 239 
197 220 228 229 230 231 232 233 234 235 236 237 246 247 248 249 250 251 252 253 256 257 258 245 259 260 261 262 264 287 288 
233 236 245 250 251 252 258 
245 249 
245 254 255 
245 247 249 
245 246 253 256 
245 246 251 257 
245 246 
245 250 
248 255 
248 254 
245 250 
245 251 
245 246 
228 229 230 245 246 260 261 262 263 264 265 266 267 268 269 270 271 272 274 275 276 282 287 288 259 
259 261 262 263 264 265 266 267 268 270 271 274 275 276 
259 260 262 264 265 272 273 280 261 
260 261 264 265 262 280 
259 260 263 269 
259 260 261 262 265 268 272 273 278 279 
259 260 261 262 264 272 273 277 278 
259 267 270 275 
259 260 266 270 271 
259 260 268 
259 263 269 
259 267 271 
259 260 267 270 
259 261 264 265 
261 264 265 279 
259 260 
260 266 276 
259 260 266 275 
264 265 278 
264 265 277 
264 273 
261 262 
282 284 281 286 297 288 
281 283 285 282 
282 285 
281 284 286 
282 283 285 
281 284 
281 282 288 289 290 291 292 293 294 295 296 298 299 300 301 287 
260 281 282 283 284 285 287 289 290 291 295 297 303 304 288 
287 288 290 293 294 295 298 299 300 301 
287 288 289 291 295 290 
287 288 290 291 
287 292 
287 289 
287 289 298 
287 288 290 296 295 
287 290 295 
288 303 304 
287 294 
287 289 301 302 
287 289 
287 289 299 302 
299 301 
288 297 
288 297 303 
306 307 308 309 311 314 318 325 326 352 305 
305 307 306 
305 306 308 309 310 312 313 
305 307 309 310 312 313 
305 307 308 309 
307 308 312 313 
305 
307 308 310 
307 310 
305 306 315 316 317 318 319 320 321 323 324 325 326 327 352 314 
316 317 319 322 315 
314 315 319 322 
314 315 
314 324 
314 315 316 
314 317 323 
314 321 
315 316 
314 320 
314 318 
326 327 328 329 331 
315 316 327 330 332 333 
326 330 332 333 
325 329 331 
325 328 
326 327 
325 329 
326 327 
326 327 
335 341 
334 335 
1 2 3 6 7 13 14 15 29 30 31 44 45 46 47 48 61 62 83 84 85 106 107 114 115 116 117 127 128 135 136 137 154 155 157 168 169 170 195 196 197 198 220 221 227 228 229 230 231 232 245 246 259 260 261 262 263 264 281 282 283 287 288 289 290 291 305 306 307 308 309 310 311 314 315 316 317 318 319 320 321 322 323 324 325 326 327 328 329 330 331 332 333 334 335 337 338 339 340 341 342 343 344 345 346 347 348 349 350 351 352 353 354 355 356 357 358 359 362 363 373 374 375 376 377 378 379 380 381 384 385 389 390 391 392 393 398 399 401 402 403 404 405 411 412 413 414 415 422 423 424 425 426 427 428 429 431 432 434 445 446 448 452 453 454 461 462 463 464 472 473 474 475 476 488 489 492 493 336 
334 335 336 338 339 343 345 337 351 
336 337 342 350 
336 337 346 
336 348 349 
336 347 
336 338 350 
336 337 344 
336 337 343 
336 337 
336 339 
336 341 
336 340 349 
336 340 348 
336 338 342 
336 337 
305 314 337 353 352 355 356 
352 353 
1 6 7 13 14 29 30 44 61 83 84 85 106 114 135 137 154 168 169 195 196 197 220 227 228 229 230 245 259 261 287 288 305 306 314 315 317 318 325 326 327 334 335 337 338 336 339 340 341 342 343 352 353 355 356 357 358 359 360 361 362 363 364 365 366 367 368 369 370 371 372 373 374 375 376 377 378 379 380 381 382 383 384 385 389 390 391 392 393 398 401 402 403 404 405 411 412 413 414 415 422 423 425 427 445 446 452 453 462 463 472 473 474 488 492 354 
352 354 356 357 360 364 365 366 374 375 379 380 
354 355 358 359 363 368 369 370 371 372 
354 355 362 367 
356 368 369 
354 356 372 
354 355 361 
355 360 
354 357 367 
354 356 
354 355 
354 355 
354 355 
354 357 362 
354 356 358 
354 358 
354 356 
354 356 
354 356 359 
305 314 337 352 355 356 374 375 376 377 378 379 380 381 382 383 384 385 373 386 387 388 390 392 393 389 398 401 402 411 422 445 
373 375 376 377 378 379 381 383 386 
373 374 376 377 378 379 381 384 387 388 
373 374 375 377 378 382 383 
373 374 375 376 378 381 386 
373 375 376 377 381 
373 374 385 
360 361 373 380 
373 374 375 377 378 
373 376 
373 374 376 377 
373 375 
373 379 
373 374 
373 375 
373 375 
6 13 29 30 83 84 135 154 168 169 195 196 227 245 259 288 305 314 325 326 334 335 337 336 352 353 355 356 357 358 359 354 373 374 375 376 377 378 379 380 381 382 383 384 385 386 387 388 390 391 392 393 394 395 396 397 398 399 401 402 403 404 405 411 412 413 414 415 422 423 445 452 453 462 463 473 474 488 492 389 
389 394 395 
389 390 396 
389 397 
389 393 
389 390 
389 390 
389 391 
389 392 
399 400 402 403 404 405 401 411 398 
398 400 
398 399 
83 196 305 314 352 355 356 373 374 375 398 399 400 402 403 404 405 406 407 408 409 410 411 412 413 414 415 416 417 422 423 445 452 401 
398 401 413 414 415 417 402 
401 404 405 410 
401 403 407 
401 403 409 
401 408 
403 410 
401 406 
401 405 
401 403 407 
398 402 403 412 413 414 415 416 417 419 421 423 411 
411 
411 414 415 416 418 419 420 
411 413 415 416 419 
411 413 414 415 
411 413 414 418 
411 421 
413 416 
413 414 420 
413 419 
411 417 
402 411 412 423 424 425 426 427 428 429 430 431 432 433 434 435 437 441 442 443 444 445 452 422 
422 428 431 432 444 423 
422 424 
422 426 429 440 
422 425 429 430 441 442 443 
422 423 428 431 427 
422 427 431 
422 425 426 
422 426 
422 423 427 428 444 
422 433 437 
422 423 432 437 
422 434 
422 436 
435 438 439 
422 432 433 437 
436 439 
436 438 
425 440 
422 426 
422 426 
422 426 
422 423 428 431 
411 422 446 447 448 449 452 453 454 455 463 445 
445 447 449 450 451 446 
445 446 455 
445 448 
445 446 
446 451 
446 450 
422 445 446 447 448 453 454 455 456 457 458 459 460 461 462 463 452 
446 447 452 454 455 456 453 459 461 463 
452 453 455 454 
453 454 
452 453 
452 458 460 
452 457 460 
452 453 
452 457 458 
452 461 
463 465 466 468 470 473 474 
453 462 464 467 469 463 471 473 
463 467 464 
462 468 
462 470 
463 464 469 471 
462 465 
463 467 471 
462 466 
463 467 469 
473 474 475 477 488 489 490 472 
462 472 474 475 476 477 478 479 480 481 483 484 488 473 
462 472 473 476 480 481 482 484 485 486 487 488 
472 473 474 476 480 483 475 
473 474 475 480 481 485 
472 473 477 
473 479 
473 478 
473 474 475 476 484 
473 474 476 482 487 
474 481 
473 475 
473 474 480 
474 476 486 
474 485 
474 481 
472 473 474 475 491 488 
488 491 
488 490 
488 489 
1 2 6 7 13 30 472 473 474 488 493 494 495 496 497 492 
492 494 495 498 493 
492 493 498 494 
492 493 497 
492 496 
492 495 
493 494 

