75 377
2 5 6 7 9 10 12 13 14 15 16 17 18 26 27 28 29 51 52 53 54 55 56 57 58 59 60 61 62 
1 3 6 7 10 18 19 30 31 32 33 34 35 65 66 67 68 69 70 
2 36 37 38 39 40 73 74 75 
8 11 20 41 42 43 4 
1 12 23 24 25 45 46 47 
1 2 16 17 27 28 59 60 61 62 
1 2 10 32 33 34 65 66 
4 11 21 22 23 42 43 44 
1 12 14 48 49 50 
2 7 32 33 34 65 66 
8 21 22 42 43 44 
1 5 9 47 48 
1 9 14 48 49 50 
1 9 13 48 49 50 
1 51 52 
1 6 26 27 55 56 57 58 
1 6 27 60 61 62 
1 2 28 29 30 31 63 64 
2 35 70 71 72 
4 41 
8 11 22 44 
8 11 21 
5 8 24 44 
5 23 25 45 46 
5 24 45 46 
1 16 55 58 
1 6 16 17 59 60 61 
1 6 18 29 63 
18 28 30 63 
2 18 29 31 63 64 
18 30 64 
2 7 10 33 65 
2 7 32 65 
2 7 10 66 
2 19 70 71 
3 73 
3 38 39 74 75 
3 37 39 40 75 
3 37 38 40 75 
3 37 38 39 75 
4 20 
4 8 11 43 
4 8 11 42 
8 11 21 23 
5 24 46 
5 24 25 45 
5 12 
9 12 13 14 49 50 
9 13 14 48 50 
9 14 48 49 
1 15 52 
1 15 51 
1 54 
1 53 
1 16 26 56 
1 16 26 55 
1 26 56 58 
1 16 26 57 
1 6 27 
1 6 17 27 59 61 62 
6 17 27 60 62 
1 6 17 60 61 
18 28 29 30 
18 30 
2 7 10 32 33 
2 7 10 
2 68 69 
2 67 69 
2 67 68 
2 35 
19 35 72 
19 71 
3 36 73 
3 37 
3 38 39 40 

