35 183
13 2 3 
13 1 3 
13 18 1 2 4 
13 14 18 3 5 
13 18 4 
14 19 7 
14 19 
9 10 15 16 20 21 26 27 
8 10 11 12 16 17 22 23 24 25 28 29 30 31 32 
8 9 15 20 26 27 
9 12 13 17 23 24 25 32 33 34 35 
9 11 13 25 32 33 34 35 
11 12 14 18 35 1 2 3 4 5 
13 18 19 4 5 6 
8 20 
8 9 21 28 
9 22 23 24 28 29 30 
13 14 3 4 5 
14 6 7 19 
8 10 15 
8 16 
9 17 28 29 30 31 
9 11 17 24 25 30 31 
9 11 17 23 25 31 
9 11 12 23 24 32 
8 10 26 
10 26 
9 16 17 22 29 
9 17 22 28 30 31 
9 17 22 23 29 31 
9 17 22 23 24 29 30 
9 11 12 25 33 
11 32 
11 12 35 
11 12 13 34 

