40 231
2 3 4 5 6 7 9 10 15 16 30 31 32 33 34 
1 3 6 7 9 10 11 12 16 17 33 34 35 36 
1 2 6 7 10 11 12 17 18 35 36 37 38 39 
1 5 8 25 4 
1 4 26 27 28 29 
1 2 3 7 10 11 12 17 35 36 
1 2 3 6 10 11 12 17 35 36 
4 13 14 23 24 
2 15 16 31 32 33 
1 3 6 7 11 12 17 35 36 
2 3 6 7 10 12 17 36 37 
2 3 6 7 10 11 17 36 37 38 
8 21 22 23 
8 23 
1 9 16 30 31 32 
1 2 9 15 30 32 33 
2 3 6 7 10 11 12 35 36 
3 19 37 38 39 40 
20 39 40 
19 40 
13 22 
13 21 23 
8 13 14 22 24 
8 14 23 
4 25 
5 27 28 29 
5 26 28 29 
5 26 27 29 
5 26 27 28 
1 9 15 16 31 
1 9 15 30 
1 9 15 16 
1 2 9 16 34 
1 33 
2 3 6 7 10 17 
2 3 6 7 10 11 12 
3 11 12 18 38 
3 12 18 37 
3 19 40 
18 19 20 

