99 571
53 99 
51 61 3 4 41 
51 61 2 4 41 
51 54 61 62 2 3 
56 64 5 
45 46 56 64 65 
45 46 66 
45 57 67 9 
45 57 67 8 
45 77 11 12 13 
77 10 12 13 
77 10 11 13 14 
77 10 11 12 14 
77 12 13 15 
14 15 
78 16 
47 80 81 
47 81 
47 50 
50 84 21 
50 69 84 20 
48 69 23 
48 69 22 
48 70 71 25 
48 70 71 24 
44 48 
44 48 72 85 
44 72 86 29 
44 72 86 28 
44 52 31 
44 52 30 
44 87 88 
44 58 89 90 
44 58 91 35 
44 58 34 
44 49 58 91 93 37 38 
44 49 91 92 36 38 
44 49 91 92 93 36 37 
44 49 73 93 
53 59 95 96 97 
51 2 3 
51 54 55 61 62 76 
63 43 
45 46 47 48 49 50 51 52 53 54 58 59 60 69 70 71 72 73 85 86 87 88 89 90 91 92 93 94 26 27 28 29 30 31 32 33 34 35 36 37 38 39 44 
44 46 47 56 57 64 65 66 67 77 6 7 8 9 10 
44 45 56 57 64 65 66 5 6 7 
44 45 48 50 68 80 81 82 83 17 18 19 47 
44 47 50 69 70 71 72 85 86 22 23 24 25 26 27 
44 52 53 58 59 60 73 91 92 93 94 95 96 36 37 38 39 
44 47 48 82 83 84 19 20 21 
44 53 54 55 61 62 63 76 2 3 4 41 42 
44 48 49 58 87 88 89 30 31 52 32 
49 51 59 60 74 75 96 97 98 99 1 40 
44 51 55 61 62 76 4 42 
51 54 62 76 42 
45 46 64 65 66 6 
45 46 67 8 9 
44 49 52 90 91 92 33 34 35 36 
44 49 53 60 74 75 95 96 97 98 40 
44 53 59 74 75 96 97 98 99 
51 54 55 62 76 2 3 4 42 
51 54 55 61 76 4 42 
51 43 
45 46 56 65 5 6 
45 46 56 64 66 6 
45 46 56 65 7 
45 46 57 8 9 
47 79 80 
44 48 50 84 21 22 23 
44 48 71 24 25 
44 48 70 24 25 
44 48 86 27 28 29 
44 49 93 39 
53 59 60 97 98 99 
53 59 60 74 98 99 
51 54 55 61 62 42 
45 10 11 12 13 14 
79 16 
68 78 
47 17 
47 17 18 
47 50 
47 50 82 
50 69 20 21 
44 48 72 27 
44 48 72 28 29 
44 52 88 32 
44 52 87 89 32 
44 52 88 90 33 
89 33 
44 49 58 92 34 36 37 38 
44 49 58 91 93 36 37 38 
44 49 73 92 36 38 39 
44 49 73 
49 59 96 40 
49 53 59 60 95 97 98 40 
53 59 60 74 96 98 40 
53 59 60 74 75 96 97 
53 60 75 1 

