32 187
21 29 30 2 3 
21 29 30 1 3 
21 29 30 1 2 
23 25 31 
19 20 32 6 
20 5 
19 20 32 8 9 
19 20 9 10 
19 20 7 8 10 11 
19 20 26 8 9 11 12 13 
19 20 26 9 10 12 13 14 
19 20 26 10 11 13 14 
19 20 26 10 11 12 14 
19 20 26 27 11 12 13 
19 27 
19 28 17 18 
28 16 18 
28 16 17 
20 25 26 27 28 32 5 7 8 9 10 11 12 13 14 15 16 19 
19 25 26 27 32 5 6 7 8 9 10 11 12 13 14 15 
22 29 30 1 2 
21 23 24 25 31 4 
22 24 25 31 4 
22 23 25 31 4 
19 20 22 23 24 31 4 
19 20 27 10 11 12 13 14 
19 20 26 14 15 
19 16 17 18 
21 30 1 2 3 
21 29 1 2 
22 23 24 25 4 
19 20 5 6 7 8 

