75 440
21 2 
21 1 3 
18 21 2 
18 49 50 51 5 
18 50 51 
18 52 
18 26 53 54 55 56 
18 26 27 57 
18 27 57 10 11 
18 27 57 9 11 
18 27 9 10 12 
18 27 35 11 
35 37 
36 37 38 15 
38 14 
28 16 
28 58 
19 20 21 25 26 27 28 33 34 35 36 37 38 49 50 51 52 53 54 55 56 57 3 4 5 6 7 8 9 10 11 12 13 18 
18 20 22 23 29 30 40 41 59 60 61 62 63 64 65 66 67 68 
18 19 21 25 31 32 33 34 43 44 45 46 47 48 73 74 
18 20 34 48 49 75 1 2 3 
19 23 29 30 40 41 61 62 63 64 65 66 
19 22 41 67 68 
19 31 32 42 69 70 71 72 
18 20 31 32 42 43 44 45 46 73 
18 27 53 54 55 56 57 7 8 
18 26 35 57 8 9 10 12 
18 39 58 16 17 
19 22 40 59 60 61 
19 22 40 41 62 63 64 65 66 
20 24 25 32 42 43 44 
20 24 25 31 42 43 
18 20 21 34 45 46 47 48 74 
18 20 33 74 75 
18 27 36 37 38 12 13 
18 35 37 38 13 14 
18 35 36 38 13 14 
18 35 36 37 14 15 
28 58 
19 22 29 30 61 62 
19 22 23 30 66 67 
24 25 31 32 
20 25 31 32 44 45 73 
20 25 31 43 45 73 
20 25 33 43 44 46 47 73 
20 25 33 45 47 73 
20 33 45 46 73 
20 21 33 34 74 75 
18 21 50 4 
18 49 51 4 5 
18 50 4 5 
18 6 
18 26 54 55 56 7 
18 26 53 55 56 7 
18 26 53 54 56 7 
18 26 53 54 55 7 
18 27 8 9 10 
28 39 17 
29 60 59 
19 29 59 61 
19 22 29 40 60 
19 22 30 40 63 64 
19 22 30 62 64 65 
19 22 30 62 63 65 
19 22 30 63 64 66 
19 22 30 41 65 
19 23 41 
19 23 
24 70 71 72 
24 69 71 72 
24 69 72 
24 69 70 71 
20 25 43 44 45 46 47 
20 33 34 48 75 
21 34 48 74 

