134 834
2 3 4 5 6 8 9 10 20 21 22 23 24 25 26 27 40 41 42 43 44 45 46 47 48 80 81 82 83 84 85 86 87 88 89 90 91 1 
1 7 14 15 16 34 65 66 67 68 69 123 124 125 126 127 128 129 130 131 132 133 134 
1 5 6 10 26 27 28 46 47 48 49 50 51 91 92 93 94 95 
1 8 9 22 23 24 25 40 41 42 43 44 84 85 86 
1 3 29 50 51 52 53 96 97 98 99 100 
1 3 8 10 26 46 47 48 89 90 91 93 
2 13 14 34 63 64 65 66 117 118 119 120 121 122 123 
1 4 6 9 10 44 45 86 87 88 
1 4 8 10 44 45 86 87 88 
1 3 6 8 9 46 47 88 89 90 
12 32 55 56 57 105 106 107 
11 33 56 57 58 59 108 109 110 
7 60 61 62 111 112 113 114 115 116 
2 7 34 63 64 65 66 121 122 123 
2 16 67 68 69 129 130 131 132 133 134 
2 15 67 68 69 129 130 131 132 133 134 
18 35 
17 35 18 70 
35 36 70 71 72 73 
1 21 38 39 76 77 78 79 
1 20 39 
1 4 23 80 81 82 83 
1 4 22 24 25 40 84 
1 4 23 25 40 41 42 43 84 85 
4 23 24 40 42 43 84 85 
1 3 6 46 47 48 91 92 93 
1 3 28 49 50 94 
3 27 
5 53 54 98 99 100 
31 32 54 101 102 103 
30 32 101 102 103 104 
11 30 31 103 104 
12 58 59 109 110 
2 7 14 63 64 65 120 121 122 
17 18 19 36 70 71 72 
19 37 72 73 
36 73 74 
20 74 75 76 
20 21 76 77 78 79 
1 4 23 24 25 41 42 84 85 
1 4 24 25 40 42 43 85 
1 4 25 40 41 43 
1 4 24 25 41 42 
1 4 8 9 45 86 87 
1 8 9 44 86 87 
1 3 6 10 26 47 48 90 
1 3 6 10 26 46 48 91 
1 3 6 26 46 47 91 
3 27 28 94 
3 5 27 28 51 52 95 
3 5 50 52 95 
5 50 51 95 96 
5 29 98 99 100 
29 30 101 
11 56 105 106 107 
11 12 55 57 107 
11 12 56 58 59 108 109 
12 33 57 59 108 109 
12 33 57 58 108 109 
13 61 111 112 113 
13 60 111 112 113 114 
13 114 115 116 
14 34 64 117 118 119 120 
7 14 34 63 118 119 120 121 
2 7 14 34 66 121 122 
2 14 65 123 
2 15 16 68 129 130 131 
2 15 16 67 130 131 132 133 134 
2 15 16 68 130 131 132 133 134 
18 19 35 71 
19 35 70 
19 35 36 73 
19 36 37 72 
37 38 75 
38 74 
20 38 39 77 
20 39 76 78 79 
20 76 77 79 
20 21 39 77 78 
1 22 81 
1 22 80 
1 22 83 
1 22 23 82 
1 4 23 24 25 40 85 
1 4 24 25 40 41 84 
1 4 8 9 44 45 87 
1 8 44 45 86 
1 8 10 
1 6 10 90 
1 6 10 46 89 
1 3 6 26 47 48 92 93 
3 6 26 91 93 
3 6 26 91 92 
3 27 28 49 
3 28 50 51 52 
5 52 97 
5 96 
5 29 53 99 100 
5 29 53 98 100 
5 29 53 98 99 
31 54 102 
30 31 
31 32 
11 31 32 103 
11 55 106 
11 55 105 
11 55 
12 57 58 59 109 
12 33 57 58 59 108 
12 33 
13 60 61 112 113 
13 61 111 113 
13 60 61 111 112 114 
13 61 113 115 
13 114 
13 62 117 
7 63 116 118 119 
63 64 117 119 120 
7 63 64 117 118 120 
7 34 63 64 119 
7 14 34 64 65 122 
7 14 34 65 121 
2 7 14 66 124 
2 123 125 
2 126 127 
2 125 127 
2 125 126 128 
2 127 
2 15 16 67 
2 15 16 67 68 69 131 132 133 
2 15 16 67 68 69 130 132 133 
2 15 16 68 69 130 131 133 134 
2 15 16 68 69 130 131 132 134 
2 15 16 68 69 132 133 

