83 459
2 3 4 5 6 10 11 12 13 14 15 16 23 26 27 28 29 59 60 61 62 63 64 65 66 67 68 69 70 71 72 73 
1 4 9 10 22 23 24 25 26 51 52 53 54 2 55 56 57 
1 7 17 18 30 31 32 33 34 35 76 77 78 79 80 81 82 
1 2 8 9 19 20 21 22 47 48 49 50 51 
1 6 14 15 29 66 67 68 69 70 
1 5 13 14 27 28 65 66 67 68 
3 17 30 76 
4 19 44 45 46 47 
4 53 54 2 
1 2 11 12 59 60 62 63 
1 10 12 61 62 63 
1 10 11 61 62 63 
1 6 27 65 
1 5 6 28 66 67 69 
1 5 29 70 71 72 
1 29 73 75 74 
3 7 76 
3 36 37 38 83 
4 8 46 47 48 
4 21 48 49 50 
4 20 49 50 
2 4 51 52 
1 2 24 25 55 56 57 58 
2 23 25 55 56 58 
2 23 24 55 56 57 58 
1 2 58 59 
1 6 13 64 65 
1 6 14 66 
1 5 15 16 71 72 73 
3 7 
3 32 77 78 79 80 81 
3 31 77 78 79 80 81 
3 34 35 36 82 
3 33 35 36 83 
3 33 34 36 83 
18 33 34 35 83 
18 38 83 
18 37 
40 39 
39 41 
40 42 44 45 
41 43 44 45 
41 42 44 45 46 
8 41 42 43 45 46 
8 41 42 43 44 46 
19 43 44 45 
4 8 19 
4 19 
4 20 21 50 
4 20 21 49 
2 4 22 52 
2 22 51 53 
2 9 52 
2 9 
2 23 24 25 56 57 
2 23 24 25 55 57 
23 24 25 55 56 58 
23 24 25 26 57 
1 26 60 
1 10 59 
1 10 11 12 63 
1 10 12 61 63 
1 10 11 12 61 62 
1 27 
1 6 13 27 
1 5 6 28 67 68 69 
1 5 6 14 66 68 69 
1 5 6 14 66 67 69 
1 5 14 66 67 68 
1 5 15 
1 15 29 72 
1 15 29 71 
1 16 
16 75 
75 74 
3 7 17 
3 31 32 78 79 80 
3 31 32 77 79 80 
3 31 32 77 78 80 81 
3 31 32 77 79 81 
3 31 32 79 80 82 
3 33 81 
18 34 35 36 37 

