67 505
21 28 66 67 2 
13 21 27 28 36 1 3 
13 21 28 36 2 
13 21 37 5 
21 37 4 
14 38 
14 17 38 
14 17 
16 29 30 39 40 10 11 
16 29 30 39 40 9 11 
16 29 30 39 40 41 9 10 
45 46 
14 15 17 20 21 24 25 26 27 28 36 37 62 63 64 65 66 67 1 2 3 4 
13 16 17 21 29 30 38 39 6 7 8 
13 18 19 20 22 23 24 31 32 33 34 35 56 57 58 59 60 61 
14 17 29 30 39 40 41 42 43 44 45 46 9 10 11 
13 14 16 29 38 7 8 
15 19 22 23 31 32 33 34 35 52 53 54 55 56 57 58 59 
15 18 22 23 24 32 33 34 35 58 59 60 
13 15 25 26 62 63 64 
13 14 27 28 36 37 1 2 3 5 
15 18 19 23 31 32 33 50 51 52 53 54 55 56 57 58 
15 18 19 22 31 32 33 34 55 56 57 58 59 
13 15 19 60 61 
13 20 26 27 28 63 64 65 66 
13 20 25 27 28 63 64 65 66 67 
21 25 26 28 36 64 65 66 67 1 2 
13 25 26 27 36 66 67 1 2 3 
14 16 17 30 39 40 41 9 10 11 
14 16 29 39 40 41 9 10 11 
15 18 22 23 47 48 49 50 51 52 53 54 55 56 
15 18 19 22 23 33 34 56 57 58 
15 18 19 22 23 34 56 57 58 
15 18 19 23 32 33 35 58 59 
15 19 34 59 60 
13 21 27 28 37 2 3 
13 21 36 4 5 
14 17 6 7 
14 16 29 30 40 41 9 10 11 
16 29 30 39 41 9 10 11 
16 29 30 39 40 11 
16 44 42 
16 42 44 
16 42 43 45 46 12 
16 44 46 12 
16 44 45 12 
31 48 49 50 51 
31 47 49 50 51 
47 48 50 52 
22 31 47 48 49 51 52 
22 47 48 49 50 52 53 
18 22 31 49 50 51 53 54 55 
18 22 31 51 52 54 55 56 
18 22 31 52 53 55 56 
18 22 23 31 52 53 54 56 57 
15 18 22 23 31 32 33 53 54 55 57 
15 18 22 23 32 33 55 56 
15 18 19 22 23 32 33 34 59 
15 18 19 23 34 35 58 
15 19 35 
15 24 
13 20 
13 20 25 26 64 
13 20 25 26 27 63 65 
13 25 26 27 64 
13 25 26 27 28 67 1 
13 26 28 66 1 

