49 279
18 19 21 22 2 3 
18 19 21 22 1 3 
18 19 21 22 1 2 
14 20 34 
6 7 
35 5 7 
35 5 6 9 
10 11 12 13 15 16 23 24 25 26 27 28 29 36 37 38 39 40 41 14 18 19 21 20 34 35 4 5 6 7 9 
36 35 7 
8 15 16 24 25 26 27 28 29 39 40 41 
8 12 16 30 31 32 42 43 44 45 46 
8 11 17 30 31 32 33 45 46 47 48 49 
8 36 35 9 
18 19 20 34 35 4 14 
8 10 24 25 26 27 28 40 
8 10 11 28 29 41 42 43 
12 33 47 48 49 
14 19 21 22 1 2 3 
14 18 21 22 1 2 3 
14 34 4 
18 19 22 1 2 3 
18 19 21 1 2 3 
8 37 38 
8 10 15 25 39 
8 10 15 24 26 27 
8 10 15 25 27 40 
8 10 15 25 26 40 
8 10 15 16 29 40 41 
8 10 16 28 41 
11 12 45 46 
11 32 45 46 
11 12 31 45 
12 17 47 48 49 
20 4 
14 5 6 7 9 
13 9 
8 38 
8 23 37 39 
8 10 38 
8 10 15 26 27 28 
8 10 16 28 29 
11 16 43 
11 16 42 44 
11 43 
11 12 30 31 32 46 
11 12 30 31 32 45 
17 33 48 49 
12 17 33 47 49 
12 17 33 47 48 

