66 346
15 39 40 41 
18 42 43 
18 42 43 44 
18 30 45 46 
22 30 47 
22 31 47 5 7 
22 31 
19 23 49 9 10 
19 49 10 
23 49 8 9 
23 50 51 52 
20 32 13 14 
20 32 53 12 14 
20 32 53 12 13 
16 18 26 27 28 29 38 39 40 41 42 62 63 64 65 66 1 
15 17 26 27 38 39 62 63 64 65 
16 21 25 36 37 57 58 59 60 61 
15 22 28 42 43 44 45 46 2 3 4 
22 23 31 48 49 8 9 
23 32 33 51 52 53 12 13 14 
17 24 25 34 35 36 54 55 56 
18 19 30 31 46 47 48 5 6 7 
19 20 49 50 51 9 10 11 
21 25 34 35 36 54 55 56 
17 21 24 35 55 56 
15 16 27 
15 16 26 38 62 
15 18 29 41 
15 28 41 
18 22 45 46 47 4 5 
19 22 48 7 
20 33 53 12 13 14 
20 32 53 
21 24 54 34 
21 24 25 36 54 55 56 
17 21 24 25 35 55 56 
17 60 61 
15 16 27 62 63 64 
15 16 40 41 65 1 
15 39 41 66 1 
15 28 29 39 40 1 
15 18 43 44 3 
18 42 44 2 3 
18 42 43 3 
18 30 46 4 
18 22 30 45 47 4 5 
22 30 46 5 6 
19 22 31 
19 23 50 9 10 
23 49 51 52 
20 23 50 52 11 
20 50 51 11 
20 32 33 12 13 14 
21 24 34 35 
21 24 25 35 36 56 
21 24 25 35 36 55 
17 58 59 
17 57 
17 57 
17 37 61 
17 37 60 
15 16 27 38 63 
15 38 62 64 
15 16 38 63 
15 16 39 66 
15 39 40 65 

