43 195
2 9 11 12 20 21 22 23 38 39 40 41 42 1 
1 3 4 7 8 9 16 17 18 28 29 30 31 32 33 
2 5 6 14 15 27 
2 7 28 29 
3 6 14 15 27 
3 5 14 15 27 
2 4 8 16 30 
2 7 16 17 32 
1 2 10 18 19 34 35 36 37 9 
1 9 20 36 37 38 
1 22 41 42 
1 23 24 43 
25 26 
3 5 6 15 25 26 
3 5 6 14 27 
2 7 8 17 30 31 
2 8 16 32 
2 9 19 33 18 34 
9 18 34 36 
1 10 38 
39 40 
1 11 41 
1 12 24 43 
12 23 43 
13 14 26 
13 14 25 
3 5 6 14 15 
2 4 29 
2 4 28 
2 7 16 31 
2 7 16 30 
2 8 17 
2 18 
9 18 19 35 
9 19 34 36 
9 10 19 35 37 
9 10 
1 10 20 
1 21 40 
1 39 
1 11 22 42 
1 11 22 41 
12 23 24 

