51 309
18 25 35 
25 26 27 3 4 5 6 
26 27 2 4 5 6 
26 27 3 5 6 
16 27 2 3 4 6 7 
16 26 27 2 3 4 5 7 
16 5 6 
16 28 9 
16 28 37 8 
16 19 
13 20 29 38 12 
13 20 29 38 39 40 11 
14 16 17 19 20 21 29 38 39 40 41 42 11 12 
15 22 23 24 30 31 44 45 46 47 13 17 20 21 29 41 42 43 
22 23 24 31 44 45 46 47 48 
13 19 26 27 28 37 5 6 7 8 9 10 
15 22 30 13 14 20 21 29 41 42 43 
25 26 27 35 36 1 
13 16 20 38 10 
13 14 17 19 21 29 38 39 40 41 11 12 
14 17 20 41 42 43 
15 23 30 44 45 46 47 
15 22 24 31 47 48 
15 23 31 32 33 
18 26 27 35 36 2 
16 18 25 27 36 2 3 4 5 6 
16 18 25 26 36 2 3 4 5 6 
16 37 8 9 
13 14 17 20 38 39 40 41 11 12 
22 43 
15 23 24 32 47 48 
24 31 33 
32 34 
33 49 50 51 
18 25 36 1 
18 25 26 27 35 
16 28 9 
13 19 20 29 39 40 11 12 
13 20 29 38 40 11 12 
13 20 29 38 39 41 12 
13 14 17 20 21 29 40 
13 14 17 21 43 
30 14 17 21 42 
15 22 45 46 
15 22 44 46 
15 22 44 45 
15 22 23 31 48 
15 23 31 47 
34 50 51 
34 49 51 
34 49 50 

