45 260
16 18 32 2 
18 32 1 
20 29 30 
20 30 5 6 7 8 
20 30 4 6 7 
20 4 5 8 
20 4 5 6 8 
20 4 5 6 7 
17 20 33 
17 20 33 11 
17 10 
17 12 
21 14 15 
21 13 15 
21 13 14 
17 18 19 20 23 24 25 26 27 28 29 32 36 39 40 41 42 43 44 45 1 
16 18 20 21 29 30 33 9 10 11 12 
16 17 19 20 26 27 28 29 32 40 41 42 43 44 45 1 2 
16 18 22 23 24 25 26 27 36 37 38 
16 17 18 29 30 33 4 5 6 7 8 9 10 
17 13 14 
19 31 34 35 
19 24 25 36 37 
16 19 23 25 26 36 37 38 
16 19 23 24 26 27 36 37 38 
16 18 19 24 25 27 28 38 39 40 
16 18 19 25 26 28 38 39 40 
16 18 26 27 40 
16 17 18 20 30 3 
17 20 29 3 4 5 
22 34 35 
16 18 45 1 2 
17 9 10 11 
22 31 35 
22 31 34 
16 19 23 24 25 37 38 
19 23 24 25 36 38 
19 24 25 26 27 36 37 39 
16 26 27 38 
16 18 27 28 
16 18 28 42 43 
16 18 41 43 
16 18 41 42 
16 18 45 
16 18 32 44 

