40 214
21 24 26 27 28 
21 24 28 3 4 
21 28 2 4 
21 28 29 2 3 5 
21 29 4 6 
21 5 7 
21 25 6 
20 21 25 30 
20 25 31 36 10 
20 31 36 9 11 
20 31 10 
20 32 38 
22 33 39 40 14 
19 22 40 13 15 
19 22 40 14 
19 17 18 
19 16 18 
19 16 17 
20 22 33 34 35 39 40 13 14 15 16 17 18 19 
19 21 22 25 29 30 31 32 36 37 38 8 10 11 12 
20 23 24 25 26 27 28 29 30 1 2 3 4 5 6 7 8 
19 20 39 40 13 14 15 
21 24 26 
21 26 27 28 1 2 
20 21 29 30 36 7 8 9 
21 23 24 27 28 1 
24 26 28 1 
21 24 26 27 1 2 3 4 
20 21 25 30 4 5 6 7 
20 21 25 29 36 7 
20 36 37 9 10 11 
20 38 12 
19 22 39 40 13 
19 35 
19 34 35 
20 25 30 31 9 10 
20 31 
20 12 
19 22 33 13 
19 22 33 13 14 15 

