34 178
2 4 20 
1 3 4 20 
1 2 4 
1 2 3 
29 6 
25 29 30 5 7 
25 29 30 31 6 8 
25 30 31 7 9 10 
25 30 31 8 10 
31 8 
21 27 32 
21 27 
21 22 23 28 
21 22 23 28 
22 23 16 
22 23 15 
22 23 24 26 33 
24 26 34 19 
26 34 18 
1 2 3 34 
22 23 24 25 27 28 32 11 12 13 14 
21 23 24 26 27 28 33 13 14 15 16 17 
21 22 24 26 27 28 33 13 14 15 16 17 
21 22 23 26 33 34 17 18 19 
21 29 30 31 6 7 8 9 10 25 
22 23 24 33 34 17 18 19 
21 22 23 32 11 12 
21 22 23 13 14 
25 30 5 6 7 
25 29 31 6 7 8 9 
25 30 7 8 9 10 
21 27 11 
22 23 24 26 17 
24 26 18 19 20 

