35 179
15 23 
7 10 11 22 3 
7 10 11 22 2 
7 11 17 27 5 
17 18 4 
30 6 
10 11 17 18 22 26 27 2 3 4 15 23 24 32 1 16 
21 35 9 
21 35 8 
7 11 22 26 27 2 3 23 24 
7 10 17 22 26 27 2 3 4 24 
25 31 
15 14 19 
15 13 19 
10 11 22 26 2 3 21 23 24 32 1 13 14 20 16 
15 23 24 32 
7 11 18 28 29 30 4 5 
7 17 28 29 30 5 
15 13 20 
15 19 
15 25 31 33 34 35 8 9 
7 10 11 26 2 3 
15 24 32 1 16 
22 15 23 32 16 
21 31 33 34 12 
7 10 11 22 
7 10 11 4 
17 18 29 
17 18 28 30 
17 18 29 6 
21 25 33 34 12 
15 23 24 1 16 
21 25 31 12 
21 25 31 35 
21 34 8 9 

