41 168
27 28 32 33 
28 33 
22 34 
22 34 3 5 
22 34 4 
36 37 7 
37 6 
24 30 38 9 10 11 
24 8 10 11 
30 38 8 9 11 
24 30 38 8 9 10 
31 39 13 14 
31 39 14 
26 31 12 13 15 
26 31 14 
26 31 40 
23 18 19 
23 17 19 20 
23 17 18 20 
23 18 19 
23 41 
24 28 29 33 34 35 36 37 3 4 5 6 22 
26 40 41 17 18 19 20 21 23 
22 30 38 8 9 10 11 24 25 
24 39 
23 31 14 15 16 
28 32 1 
22 27 33 1 2 
22 35 
24 25 38 8 10 11 
26 12 13 14 15 16 
27 1 
22 28 1 2 
22 3 4 5 
22 29 36 
22 35 6 
22 6 7 
24 30 8 9 10 11 
25 12 13 
23 26 16 
23 21 

