63 411
38 39 25 
38 39 
40 48 
26 29 31 32 41 42 50 
26 34 43 53 6 
26 34 43 53 5 
26 44 45 46 54 55 
26 45 46 54 55 9 10 
26 46 55 56 8 10 
26 46 55 56 8 9 
26 35 57 12 
26 35 57 11 
26 35 
27 36 58 15 16 
36 14 16 
36 14 15 
27 33 37 18 
27 37 17 
33 59 60 19 
28 47 61 21 22 
47 61 62 20 22 
28 47 61 62 20 21 
28 47 63 24 25 
28 47 63 23 25 
1 28 47 63 23 24 
27 29 30 31 32 33 34 35 36 37 40 41 42 43 44 45 46 49 50 51 52 53 54 55 56 57 58 4 5 6 7 8 9 10 11 12 13 28 
26 33 35 36 37 59 14 17 18 19 
29 38 39 1 2 47 61 62 63 20 21 22 23 25 
26 30 31 32 40 41 42 49 50 51 4 29 48 
26 29 31 32 34 41 42 49 50 51 52 4 
26 29 30 32 41 42 49 50 51 4 
26 29 30 31 41 42 49 50 51 52 4 
26 27 37 59 60 17 19 
26 30 43 44 53 5 6 
26 27 36 57 58 11 12 13 
26 27 35 58 14 15 16 
26 27 33 17 18 
39 1 2 47 63 23 24 25 
38 1 2 63 23 24 25 
26 29 48 3 
26 29 30 31 32 42 49 50 4 
26 29 30 31 32 41 50 51 
26 34 53 5 6 
26 34 45 54 7 
26 44 46 54 55 7 8 
26 45 54 55 56 7 9 10 
38 28 61 62 63 20 21 22 23 24 25 
40 3 
26 29 30 31 32 41 50 
26 29 30 31 32 41 42 49 4 
26 29 30 31 32 42 52 
26 30 32 51 
26 34 43 5 6 
26 44 45 46 55 7 8 
45 46 54 56 7 8 9 10 
26 55 9 10 
26 35 11 12 
26 35 36 14 
27 33 60 19 
33 59 19 
47 62 20 22 
28 47 61 20 21 22 
1 28 47 23 24 25 

