117 795
2 3 4 5 8 9 14 15 16 17 18 19 37 38 40 41 42 43 44 45 46 81 82 83 84 85 86 
1 3 5 8 9 10 19 20 21 47 48 49 50 51 52 53 89 90 91 92 93 94 95 
1 2 5 11 22 23 24 53 55 56 57 58 59 60 96 97 98 99 100 101 
1 7 13 31 32 33 34 35 66 67 68 69 70 71 72 73 74 75 76 
1 2 3 9 10 19 20 21 47 48 49 50 51 89 90 
12 27 28 63 114 115 116 
4 13 30 31 65 66 
1 2 9 18 19 42 43 44 45 46 86 
1 2 5 8 10 19 46 47 87 88 
2 5 9 19 20 47 48 49 50 89 
3 23 24 25 26 60 61 62 104 105 106 107 108 109 110 
6 27 28 63 115 116 
4 7 29 30 
1 15 16 17 36 37 38 77 78 79 80 81 
1 14 16 17 36 37 38 78 79 80 81 
1 14 15 17 36 37 38 78 79 80 81 
1 14 15 16 37 38 39 40 41 79 80 81 82 
1 8 42 43 44 85 86 
1 2 5 8 9 10 46 47 87 88 
2 5 10 21 49 50 51 90 
2 5 20 90 91 92 93 
3 57 58 97 
3 11 24 60 61 101 102 103 104 105 106 107 
3 11 23 61 102 103 104 105 106 107 
11 26 62 108 109 111 
11 25 62 109 110 111 112 113 
6 12 28 63 115 116 117 
6 12 27 63 115 116 117 
13 64 
7 13 65 
4 7 32 65 66 
4 31 33 67 68 69 
4 32 34 67 68 69 70 71 72 73 74 
4 33 72 73 74 75 76 
4 35 
14 15 16 77 78 
1 14 15 16 17 38 39 79 80 81 
1 14 15 16 17 37 39 81 
1 37 38 40 41 81 
1 17 39 41 82 83 84 
1 17 39 40 82 83 84 
1 8 18 43 44 85 86 
1 8 18 42 44 45 86 
1 8 18 42 43 45 86 
1 8 43 86 
1 8 9 19 87 88 
2 5 9 10 19 
2 5 10 49 50 89 
2 5 10 20 48 50 51 89 
2 5 10 20 48 49 
2 20 49 50 90 
2 21 91 92 93 94 95 
2 3 54 96 
3 96 
3 56 57 
3 55 57 
3 22 55 56 
3 22 97 
3 98 99 100 
3 11 23 24 61 102 103 104 105 106 107 
11 23 24 60 104 105 106 107 
11 25 26 110 111 112 113 
6 12 27 28 115 116 117 
29 64 
4 7 30 31 66 
4 7 31 65 
4 32 33 68 69 70 
4 32 33 67 69 70 
4 32 33 67 68 70 71 
4 33 67 68 69 71 72 
4 33 69 70 72 73 
4 33 34 70 71 73 74 75 
4 33 34 71 72 74 75 76 
4 33 34 73 75 76 
4 34 72 73 74 76 
4 34 73 74 75 
14 78 
14 15 16 36 77 
14 15 17 37 80 81 
14 15 16 17 37 38 79 81 
14 15 16 17 37 38 39 79 80 
17 40 41 84 
1 40 41 82 84 
1 40 41 82 83 
1 18 42 
1 8 18 42 43 44 45 
9 19 46 88 
9 19 46 87 
2 5 10 48 49 
2 5 20 21 51 
2 21 52 92 93 
2 21 52 91 93 
2 21 52 91 92 
2 52 95 
2 52 94 
53 54 
3 22 58 
3 59 99 100 
3 59 98 100 101 
3 59 98 99 101 
3 23 99 100 102 
23 24 60 101 103 104 105 
23 24 60 102 104 105 106 
11 23 24 60 61 102 103 105 106 
23 24 60 61 102 103 104 106 107 
11 23 24 61 103 104 105 107 
11 23 24 60 61 105 106 108 
11 25 107 109 
11 25 26 108 110 
11 25 26 62 109 111 112 
25 26 62 110 112 
26 62 110 111 
26 62 114 
6 113 
6 12 27 28 63 
6 12 27 28 63 117 
27 28 63 116 

