71 381
21 49 71 
21 25 
21 50 4 
21 25 35 51 3 5 
25 35 51 4 
25 35 51 7 
25 35 6 
52 9 
52 8 
52 53 54 
22 28 36 56 57 12 13 
22 28 36 57 11 13 
22 28 36 57 11 12 
22 26 28 29 36 
22 26 29 16 17 
22 26 29 58 17 18 
22 26 29 58 15 16 18 
22 26 29 58 17 19 
22 26 30 58 18 
26 30 59 
22 24 25 35 46 47 48 49 50 51 69 70 2 3 4 
21 25 26 29 30 36 53 55 56 57 58 11 12 13 14 15 16 17 18 19 
24 27 31 38 39 40 41 63 64 65 
21 23 27 32 33 34 40 41 42 43 44 45 65 66 67 
21 22 35 50 51 2 3 4 5 6 7 
22 28 29 30 36 58 59 14 15 17 18 19 20 
24 39 40 41 65 
22 26 29 36 55 57 11 12 13 14 
22 26 28 30 58 14 15 16 17 18 
22 26 29 58 59 19 20 
23 27 38 63 64 
24 42 43 44 66 67 
24 34 45 67 68 
24 33 45 68 
21 25 51 4 5 7 
22 26 28 29 55 56 57 11 12 13 14 
60 61 62 
23 31 62 63 64 
23 27 40 65 
23 24 27 39 41 65 
23 24 27 40 65 66 
24 32 44 66 
24 32 42 44 66 
24 32 42 43 
24 33 34 68 
21 47 48 
21 46 
21 46 47 69 
21 70 71 1 
21 25 2 3 
21 25 35 4 5 7 
53 8 9 10 
22 52 54 10 
53 10 
22 28 36 56 
28 36 55 11 
22 28 36 11 12 13 
22 26 29 30 16 17 18 19 
26 30 20 
37 61 
37 60 
37 38 
23 31 38 64 
23 31 38 63 
23 24 27 39 40 41 
24 32 41 42 43 
24 32 33 44 
33 34 45 
21 48 
21 49 71 
21 49 70 1 

