42 212
22 30 
11 12 21 23 26 40 39 
15 22 25 35 4 
15 3 5 6 
15 4 6 
15 27 38 4 5 
27 38 8 
15 27 38 7 
15 27 10 
15 27 9 
2 12 21 23 41 
11 21 23 41 42 
15 29 14 
15 29 28 13 16 17 
22 24 25 27 29 28 35 38 3 4 5 6 7 8 9 10 13 14 
29 28 14 
29 28 37 14 16 18 
28 37 39 17 19 20 
28 37 39 18 20 
31 28 37 39 18 19 
2 11 12 26 36 40 
15 24 25 34 35 1 30 3 
2 11 12 41 
15 22 25 34 35 
15 22 24 34 35 3 
2 21 36 40 
15 38 6 7 8 9 10 
15 29 37 39 14 16 17 18 19 20 
15 28 13 14 16 17 
22 1 
33 20 
31 33 36 
31 32 36 
22 24 25 35 
15 22 25 3 
21 26 32 33 40 
31 28 39 17 18 19 20 
15 27 6 7 8 
31 32 33 28 37 18 19 20 
2 21 26 36 
11 12 23 42 41 
12 41 

