50 336
2 3 6 7 8 9 14 15 20 21 35 36 37 38 39 40 41 42 
1 3 6 7 8 14 15 20 21 33 34 35 36 37 38 39 40 
1 2 7 8 9 10 16 22 23 43 44 45 46 47 
5 6 11 12 17 18 26 27 28 29 
4 6 11 12 13 17 18 27 28 29 
1 2 4 5 11 12 13 19 28 29 
1 2 3 8 9 10 16 22 23 43 44 45 46 47 
1 2 3 7 9 14 15 21 41 42 
1 3 7 8 22 42 43 44 
3 7 16 23 24 25 47 48 49 50 
4 5 6 12 17 18 27 28 
4 5 6 11 28 29 
5 6 19 30 31 32 
1 2 8 15 21 38 39 40 41 
1 2 8 14 21 38 39 40 41 
3 7 23 24 47 48 
4 5 11 18 26 27 
5 11 17 26 27 
6 13 30 31 32 
1 2 35 
1 2 8 14 15 38 39 40 41 
3 7 9 43 44 45 46 
3 7 10 16 24 25 47 48 49 50 
10 16 23 25 48 49 50 
10 23 24 49 50 25 
4 17 18 27 
4 5 11 17 18 26 
4 5 6 11 12 29 
4 5 12 28 
13 19 31 32 
13 19 30 32 
13 19 30 
2 34 
2 33 
1 2 20 
1 2 
1 2 
1 2 14 15 39 40 
1 2 14 15 21 38 40 41 
2 14 15 21 38 39 41 
1 8 14 15 21 39 40 
1 9 
3 7 9 22 44 
3 7 9 22 43 
3 7 22 46 
3 7 22 45 
3 7 10 16 24 48 
10 16 23 24 47 49 50 
10 23 24 25 48 50 
23 24 48 49 

