88 528
62 2 
62 1 
59 62 76 4 
59 62 76 3 
59 70 77 78 79 
59 60 70 78 79 
59 60 66 70 80 
63 66 9 10 
60 63 66 8 10 
60 63 66 8 
63 64 71 81 82 12 13 14 
63 64 71 81 82 11 13 
63 64 71 81 82 11 12 14 
63 64 65 81 82 11 13 15 16 
64 81 82 14 16 
64 65 82 14 15 
65 67 72 83 84 
58 85 
58 61 86 
58 61 86 21 22 
61 20 22 
61 20 21 
61 87 22 23 
25 26 28 31 36 37 42 43 44 45 46 47 48 49 
24 27 28 29 32 33 34 39 54 55 
24 30 35 36 68 69 74 75 88 
25 28 29 32 33 39 54 55 
24 25 27 31 32 38 28 51 52 53 
25 27 32 33 39 55 
26 30 35 
24 28 38 
25 27 28 29 33 54 
25 27 29 32 39 
25 40 41 56 57 
26 30 36 
26 35 
24 49 50 
28 31 
25 27 29 33 55 
34 41 56 57 
34 40 56 57 41 
24 43 
24 42 44 
24 43 45 
24 44 46 
24 45 
24 48 
24 47 
24 37 50 
37 49 
28 52 53 
28 51 53 
28 51 52 
25 27 32 
25 29 39 
34 40 41 57 
40 41 56 
59 60 61 63 64 65 67 68 72 73 83 84 85 86 18 19 20 
58 60 62 63 66 70 76 77 78 79 80 3 4 5 6 7 
58 59 62 63 64 66 70 71 77 78 79 80 6 7 8 9 10 
58 67 68 86 87 19 20 21 22 23 
59 60 70 76 1 2 3 
58 59 60 64 65 66 67 71 81 82 8 9 10 11 12 13 14 
58 60 63 65 67 71 72 73 81 82 83 84 11 12 13 14 15 16 17 
58 63 64 71 72 73 81 82 83 84 85 14 15 16 17 
59 60 70 79 80 7 8 10 
58 61 63 64 65 72 73 84 85 17 
58 61 69 74 75 88 68 
30 68 74 75 88 
59 60 62 66 76 77 78 79 80 5 6 7 
60 63 64 65 81 82 11 12 13 
58 64 65 67 73 83 84 17 
58 64 65 67 72 83 84 85 
68 69 75 88 
69 74 88 
59 62 70 77 3 4 
59 60 70 76 78 79 5 
59 60 70 77 79 5 6 
59 60 66 70 77 78 80 5 6 
59 60 66 70 79 7 
63 64 65 71 82 12 13 14 15 
64 65 71 81 11 12 13 14 15 16 
58 64 65 67 72 73 84 17 
58 65 67 72 73 83 17 
65 67 73 18 
58 61 19 
61 23 
68 69 74 75 

