36 186
35 36 2 11 12 20 21 22 
35 36 1 12 13 22 23 24 
7 8 9 16 30 31 
5 17 18 19 32 33 34 
4 10 18 19 33 34 
35 7 8 14 15 27 28 
3 6 8 15 27 28 29 
3 6 7 9 15 16 27 28 29 30 
3 8 16 30 
4 5 18 19 32 33 
35 1 
35 1 2 13 22 
35 36 2 12 22 23 24 
6 25 26 
6 7 8 27 28 29 
3 8 9 30 
4 31 
4 5 10 32 
4 10 33 34 
35 1 21 
35 1 20 
35 36 1 2 12 13 
35 36 2 13 24 
35 36 2 13 23 
14 26 
14 25 
6 8 15 28 29 
6 7 8 15 27 29 
7 8 15 27 28 
3 8 9 16 
3 17 31 
4 10 18 
4 5 10 19 34 
4 5 19 
36 1 2 6 11 12 13 20 21 22 23 24 
35 1 2 12 13 22 23 24 

