97 569
2 3 4 5 6 7 8 9 13 14 15 16 17 18 19 20 21 24 25 26 27 28 29 30 31 39 40 41 42 43 44 45 46 47 48 49 50 51 52 53 54 55 70 71 72 73 74 75 76 77 79 87 88 89 90 91 92 93 94 95 96 97 1 
1 3 4 10 23 35 36 37 65 
1 2 4 10 11 12 37 38 66 67 68 69 
1 2 3 10 11 12 36 37 38 66 
1 13 39 76 
1 14 15 25 26 27 28 29 47 48 49 
1 16 17 18 19 53 54 
1 19 20 30 31 55 56 57 58 
1 21 22 32 60 9 
2 3 4 11 12 37 38 66 
3 4 10 12 66 67 68 69 
3 4 10 11 66 67 68 69 
1 5 39 76 
1 6 25 45 46 
1 6 16 27 28 29 49 50 51 52 
1 7 15 17 18 53 
1 7 16 18 53 54 
1 7 16 17 53 54 
1 7 8 30 19 55 56 
1 8 30 31 56 57 
1 9 22 32 59 
9 21 32 60 
2 34 64 65 
1 41 42 
1 6 14 26 46 47 48 
1 25 27 48 49 
1 6 15 26 28 29 49 
1 6 15 27 29 49 50 51 52 
1 6 15 27 28 50 51 52 
1 8 19 20 55 56 57 
1 8 20 58 
9 21 22 59 
61 62 63 
62 63 64 
2 65 
2 4 10 
3 4 10 38 
3 4 10 37 66 
1 5 13 
1 24 41 
1 24 40 
1 24 43 44 
1 42 44 
42 43 
1 14 46 
1 14 25 45 
1 6 25 48 
1 6 26 47 
1 6 15 26 27 28 
1 15 28 29 51 52 
1 15 28 29 50 52 
1 15 28 29 50 51 
1 7 16 17 18 
1 17 18 
1 8 19 30 56 
8 19 20 57 
8 30 56 
8 31 58 
21 32 
9 22 
33 62 
33 34 61 63 
33 62 
23 34 
23 35 
3 4 10 11 12 38 
3 11 12 68 
3 12 67 69 
3 11 12 67 68 
71 72 75 80 81 82 83 84 85 86 70 
70 75 85 86 71 
5 70 73 74 76 78 79 89 90 91 92 93 94 95 96 
72 74 76 77 78 79 88 89 90 91 92 93 94 
72 73 76 78 79 90 91 92 93 94 95 96 
70 71 85 86 
13 72 73 74 94 95 96 97 
73 87 88 
72 73 74 79 90 91 92 93 
72 73 74 78 91 92 93 
70 81 
70 80 
83 84 
82 84 
70 82 83 85 
70 71 75 
70 71 75 
77 88 
73 77 87 89 
72 73 88 90 
72 73 74 78 89 91 92 
72 73 74 78 90 92 
73 74 79 90 91 93 
72 73 74 78 79 92 94 
72 73 74 76 93 95 96 
72 74 76 94 96 97 
72 74 76 94 95 97 
76 95 96 

