57 334
41 2 15 
41 15 16 
41 44 45 50 4 18 19 20 
41 44 45 50 51 3 5 20 
41 45 46 50 51 4 21 
41 45 46 52 
48 53 8 23 24 
48 53 7 23 24 
42 49 10 28 
42 49 9 29 30 31 
43 12 33 34 
42 43 11 33 34 
47 57 14 37 38 39 40 
57 13 14 
41 1 2 
41 44 2 
41 44 
41 44 3 19 
41 44 45 3 18 
41 44 45 50 51 3 4 
41 45 46 50 51 5 
46 53 
48 53 7 8 24 
48 53 7 8 23 
54 25 
42 49 54 55 
42 49 54 55 26 28 
49 9 27 
42 49 10 30 31 
42 10 29 31 
42 10 29 30 
42 43 
42 43 11 12 34 
42 43 11 12 33 
43 56 36 
43 56 35 
47 13 38 39 40 
47 13 37 39 40 
47 13 37 38 40 
47 13 37 38 39 
42 44 45 46 50 51 52 1 2 3 4 5 6 15 16 17 18 19 20 21 
41 43 47 49 54 55 9 10 11 12 26 27 28 29 30 31 32 33 34 
42 47 49 56 11 12 32 34 35 36 43 
45 46 50 51 3 4 16 17 18 19 20 
41 44 46 50 51 52 3 4 5 6 18 19 20 21 
41 44 45 50 51 52 5 6 21 
42 43 56 13 37 38 39 40 
53 7 8 23 24 48 
42 54 55 9 10 26 27 28 29 
41 44 45 46 51 3 4 5 20 21 
41 44 45 46 50 4 5 20 21 
41 45 46 6 22 
48 7 8 22 23 24 
42 49 55 25 26 27 
42 49 54 26 27 
43 47 35 36 
13 14 

