68 363
17 18 19 20 48 54 56 57 
50 22 23 24 25 58 61 62 63 64 65 
50 53 55 35 36 37 39 38 40 13 14 
49 59 
49 51 52 27 
49 51 52 7 28 
6 29 
9 10 29 30 31 
60 8 30 31 
60 8 9 30 31 
60 12 32 33 34 
60 11 34 
53 3 35 36 37 
53 3 35 36 37 13 
50 53 41 68 
26 55 40 
1 18 44 45 46 47 48 
1 17 47 48 54 
1 20 21 22 56 57 58 
1 21 22 57 
19 20 22 58 61 
2 19 20 21 23 58 61 62 
50 2 22 24 25 62 63 64 65 
50 2 23 25 63 64 65 
50 2 23 24 63 64 65 
59 16 
51 52 5 
49 51 6 
7 8 
8 9 10 31 
8 9 10 30 
60 11 33 34 
60 11 32 34 
60 11 12 32 33 
50 53 3 36 37 66 67 13 14 
50 53 3 35 37 66 67 13 14 
53 3 35 36 39 38 13 14 
55 3 37 39 
55 38 
55 16 
50 53 15 
43 44 45 46 
42 44 45 
17 43 45 46 
17 42 43 44 46 
17 42 44 45 47 
17 18 46 48 
1 18 47 54 
51 52 4 5 6 27 28 55 
53 2 3 23 24 25 15 35 36 64 65 41 68 66 67 
49 52 5 6 28 
49 51 5 6 27 28 
50 55 3 15 35 36 37 41 68 66 67 13 14 
1 18 48 56 
59 4 26 53 3 39 38 16 
1 19 54 57 
1 19 20 56 
2 20 21 22 61 62 
4 26 16 
9 10 11 12 33 34 
2 21 22 58 62 
2 22 23 58 61 
2 23 24 25 65 
50 2 23 24 25 63 65 
50 2 23 24 25 63 64 
50 53 35 36 
50 53 35 36 66 
50 53 15 41 

