42 222
35 13 
31 35 36 
29 31 36 14 
29 31 5 14 15 16 
29 4 6 16 
29 37 7 17 
29 37 6 17 18 
30 32 9 10 21 
30 32 8 10 21 22 
30 32 8 9 22 
30 32 33 22 23 24 
33 34 40 41 42 28 
35 1 
29 31 36 3 4 15 
4 14 
29 4 5 
29 37 6 7 18 
29 37 7 17 
29 37 
38 39 
30 32 8 9 
32 9 10 11 
30 32 33 11 24 
32 33 11 23 
33 40 26 
33 34 40 25 
33 34 40 41 42 
34 41 42 12 
31 36 37 38 3 4 5 6 7 14 15 16 17 18 19 
32 33 39 40 8 9 10 11 21 22 23 
29 35 36 3 4 14 
30 33 40 8 9 10 21 22 23 
30 32 34 40 41 42 11 12 23 24 25 26 27 
33 40 41 42 12 26 27 28 
31 1 2 13 35 
29 31 2 3 14 
29 6 7 17 18 19 
29 39 20 
30 38 20 
30 32 33 34 41 42 25 26 27 
33 34 40 42 12 27 28 
33 34 40 41 12 27 28 

