41 195
36 2 3 16 17 18 
36 1 3 16 17 18 
36 1 2 4 19 20 
3 5 19 20 21 
38 4 6 21 
38 5 22 
32 8 24 
32 37 7 9 
32 37 8 
35 37 40 25 26 
33 35 41 28 29 
33 34 41 13 30 
33 34 12 14 30 
33 34 13 15 
34 14 31 
36 1 2 18 
36 1 2 16 18 
36 1 2 16 17 
36 3 4 
3 4 19 
4 5 
38 6 
32 39 
32 39 7 
35 37 40 10 26 
35 10 25 27 
35 40 25 26 28 
35 40 11 27 
33 35 11 
33 34 12 13 
34 15 
35 37 38 39 7 8 9 23 24 
34 35 40 41 11 12 13 14 29 30 
33 41 12 13 14 15 30 31 
32 33 34 37 40 10 11 25 26 27 28 
1 2 3 16 17 18 19 
32 35 40 7 8 9 10 25 
32 5 6 22 
32 23 24 
33 35 37 10 25 26 27 28 
33 34 11 12 

