62 342
55 62 5 6 7 8 16 36 37 38 
56 61 3 8 40 41 
56 61 2 17 40 41 
55 11 12 23 4 
62 1 6 7 16 36 37 
55 62 1 5 7 16 36 37 
1 5 6 8 16 38 39 
1 2 7 38 39 
56 57 61 44 45 46 
11 21 22 
4 10 
55 4 23 
55 58 24 25 
55 59 60 29 30 31 
55 60 62 32 33 
62 1 5 6 7 36 37 
56 61 3 41 42 43 
57 47 48 49 
57 20 51 52 53 54 
19 53 54 
10 22 
10 21 
55 4 
58 13 25 
55 58 13 24 26 
55 58 13 25 
55 58 59 26 28 
55 58 59 27 
55 59 60 14 30 31 
55 60 14 29 31 
55 60 14 29 30 
55 60 15 33 
55 62 15 32 34 
55 62 33 35 
62 33 34 
62 1 5 6 16 
1 5 6 16 
1 7 8 39 
7 8 38 
2 3 
56 3 17 42 
56 61 17 
56 61 17 
56 61 9 45 
56 57 9 44 46 
57 9 45 47 48 49 
57 18 46 48 49 
57 18 46 49 
57 18 46 47 48 
57 51 52 
57 19 50 52 53 54 
57 19 50 51 53 54 
57 19 20 52 54 
19 20 51 52 
56 58 59 60 1 4 5 6 12 13 14 15 23 24 25 26 27 28 29 30 31 32 33 34 
55 57 61 2 3 9 17 41 42 43 44 45 
56 61 9 18 19 45 46 47 48 49 51 52 53 
55 59 60 13 24 25 26 27 
55 58 14 27 28 29 
55 58 59 62 14 15 29 30 31 32 
56 57 2 3 9 17 42 43 44 
55 60 1 5 6 15 16 33 34 35 36 

