42 199
40 41 4 
40 41 42 3 7 2 
41 2 
42 1 
23 5 
40 42 8 
41 2 
42 6 
40 42 10 11 12 
40 9 11 12 
40 9 10 12 
9 10 11 
21 29 34 
40 15 16 19 20 14 
42 1 14 17 18 15 
14 19 
15 18 
15 17 
14 16 
14 21 22 23 24 25 26 27 28 29 30 31 32 33 34 36 37 38 39 
20 22 23 24 25 26 28 29 30 32 33 34 36 37 38 39 13 
20 21 24 27 
20 21 26 29 30 31 35 5 
21 22 25 27 24 
20 21 24 32 25 
20 21 23 35 
20 22 24 27 
20 21 25 32 33 
20 21 23 30 34 13 
20 21 23 29 34 
20 23 26 
20 21 25 28 
20 21 28 36 
20 29 13 
23 26 
20 21 33 
20 21 
20 21 
20 21 
41 42 1 2 4 6 8 9 10 11 14 15 40 
40 42 1 2 3 7 15 41 
40 41 1 2 4 6 8 9 15 42 

