49 255
2 3 4 5 6 7 8 9 16 17 18 19 20 21 31 33 34 35 36 37 38 39 40 41 
1 5 6 14 15 16 27 28 29 30 
1 7 8 33 35 36 37 
1 10 42 43 44 45 
1 2 6 14 15 24 25 26 27 28 
1 2 5 15 27 28 29 30 
1 8 36 37 
3 7 9 37 
1 8 17 18 38 
4 11 22 45 46 
10 12 13 22 23 47 48 49 
11 13 22 23 47 48 49 
11 12 48 49 13 
5 15 24 25 26 
2 5 6 14 26 27 28 29 30 
1 2 31 32 
1 9 18 39 
1 9 17 38 39 
1 20 21 40 41 
1 19 21 41 
1 19 20 
10 11 12 23 46 47 
11 12 22 47 
5 14 25 
5 14 24 26 
2 5 14 15 25 
2 5 6 15 28 29 30 
2 5 6 15 27 29 30 
2 6 15 27 28 30 
6 15 27 28 29 
1 16 32 
1 16 31 
1 3 34 
1 3 33 35 36 
1 3 34 36 
1 3 7 34 35 
1 3 7 8 
1 9 18 
1 17 18 40 41 
1 19 39 41 
1 19 20 39 40 
4 43 
4 42 44 
4 43 
4 10 
10 22 
11 12 22 23 
11 12 13 49 
11 12 13 

