38 186
3 4 7 8 9 10 17 32 33 34 35 
5 11 19 20 21 22 23 24 
1 4 10 17 32 33 34 35 36 
1 3 10 17 18 36 37 38 
2 12 23 24 25 
14 15 28 29 
1 8 9 15 16 29 30 31 
1 7 9 15 16 31 
1 7 8 15 16 
1 3 17 34 35 
2 19 21 22 
5 14 26 27 28 
12 14 26 27 28 
6 12 13 27 28 
6 7 8 9 16 29 30 31 
7 8 9 15 29 30 31 
1 3 4 10 35 36 
37 38 18 
2 20 
2 11 19 21 
2 11 20 22 
2 21 
2 5 24 
2 5 23 25 
5 24 
12 13 27 
12 13 14 26 28 
12 13 14 27 
7 15 16 30 31 
7 15 16 29 31 
7 8 15 16 29 30 
1 3 33 34 
1 3 32 34 
1 3 10 32 33 
1 3 10 17 
3 4 17 
4 18 38 
18 37 

