55 297
5 1 
3 4 8 11 12 13 24 25 26 27 28 40 42 43 44 45 46 47 
2 5 14 15 29 30 31 32 33 34 50 51 52 53 
2 8 12 24 25 26 40 41 42 43 44 
3 16 33 34 53 54 55 1 
17 18 35 36 
9 10 19 20 21 22 
2 4 25 26 42 43 
7 10 18 19 20 37 
7 9 19 37 
2 23 40 
2 4 13 26 27 44 45 46 47 
2 12 27 28 48 
3 29 30 49 50 
3 14 29 30 49 
3 5 34 53 54 55 
6 18 35 36 
6 9 17 19 36 37 
7 9 10 37 
7 9 21 22 38 
7 20 22 
7 20 23 38 39 
11 22 38 39 
2 4 8 25 26 42 43 
2 4 8 24 26 42 43 
2 4 8 12 24 25 42 43 44 45 46 
2 12 13 46 
2 13 48 
3 14 15 49 50 
3 15 29 31 49 
3 30 50 51 
3 52 
3 5 52 
3 5 16 54 55 
6 17 36 
6 17 18 35 
9 10 18 19 
20 22 23 39 
22 23 38 
2 4 11 41 
2 4 40 
2 4 8 24 25 26 43 44 
2 4 8 24 25 26 42 44 
2 4 12 26 42 43 45 46 47 
2 12 26 44 46 47 
2 12 26 27 44 45 47 
2 12 27 44 45 46 
13 28 48 
14 15 29 30 
3 14 29 30 31 
3 31 
3 32 33 
3 5 16 33 
5 16 34 55 
5 16 34 54 

