55 295
50 6 25 1 
51 52 3 14 15 16 17 41 42 
51 52 2 17 18 19 43 
53 55 5 21 22 46 47 
53 55 4 22 47 
50 1 7 8 9 25 26 27 
50 6 9 25 26 27 
50 6 7 9 25 26 
50 6 7 8 26 27 
11 29 30 
50 10 28 29 30 
50 13 33 34 
50 35 36 
51 52 2 15 40 
51 52 2 14 40 41 
51 52 2 17 41 42 
51 52 2 3 16 18 42 43 
17 43 
3 44 
55 19 21 44 45 
53 4 20 46 
53 4 5 23 47 48 
53 22 24 48 49 
53 23 48 49 
1 6 7 8 26 27 
6 7 8 9 25 27 
6 7 8 9 25 26 
50 10 11 29 30 
50 10 28 30 
50 10 11 28 29 31 
50 30 32 33 
50 31 33 
50 12 31 32 34 
50 12 33 
50 12 13 
50 13 37 
50 13 36 38 
54 37 
51 54 39 
51 52 2 14 15 41 
51 52 2 14 15 40 
51 52 2 16 
3 17 18 
19 45 
19 20 44 
53 55 4 21 
53 4 5 22 
53 22 23 24 49 
23 48 49 
51 52 54 1 6 7 8 9 10 11 12 13 28 29 30 31 32 33 34 35 36 37 
50 52 54 2 3 14 15 16 17 39 40 41 42 
50 51 2 3 14 15 16 17 40 41 42 
55 4 5 21 22 23 24 46 47 48 
50 51 38 54 
53 4 5 20 21 46 

