54 343
10 11 15 2 
10 11 3 
53 11 2 4 
53 11 13 14 34 35 3 
53 11 13 14 34 35 6 7 
53 14 34 35 5 7 
53 14 34 5 6 
45 19 20 21 40 41 42 
45 52 32 30 39 48 38 49 
45 11 33 15 54 1 
53 10 13 14 34 35 1 2 3 4 5 
45 52 
53 11 14 35 3 4 5 
53 11 13 34 35 4 5 6 7 
10 33 54 1 
43 23 24 25 6 7 
43 18 36 
43 17 36 
8 20 21 40 41 
8 40 41 
45 8 19 22 26 27 28 41 42 44 
45 21 26 27 28 29 42 44 
43 24 25 
16 23 25 
43 16 23 24 
45 21 22 27 28 29 44 46 47 
45 21 22 26 28 29 42 44 46 47 
45 21 22 26 27 29 44 46 39 
45 22 26 27 28 44 46 47 39 
45 52 9 31 48 49 50 51 
45 52 30 50 51 
45 48 
10 15 54 
53 11 13 14 35 4 5 6 7 
53 11 13 14 34 4 5 6 
43 17 18 37 
43 36 
45 9 32 48 
45 9 28 29 46 47 
8 19 20 41 
8 19 20 21 40 
45 8 21 22 26 27 44 
16 17 23 24 25 18 36 37 53 
45 21 22 26 27 28 29 42 46 
52 8 9 10 21 22 26 27 28 29 32 30 31 42 44 46 47 39 48 38 49 50 51 12 
45 26 27 28 29 44 47 39 
45 26 27 28 29 46 39 
45 9 32 30 38 
45 52 9 30 50 
45 52 30 31 49 51 
45 52 30 31 50 
9 30 31 49 50 51 12 
16 23 11 13 14 34 35 3 4 5 6 7 
10 33 15 

