45 236
39 7 8 20 21 22 
40 43 10 11 24 25 26 
40 42 44 45 14 37 38 
42 45 5 
42 45 4 15 
39 41 18 19 
39 1 8 9 20 21 22 
39 1 9 20 21 22 
7 9 
43 2 23 
40 2 25 26 
40 42 13 32 33 34 35 
40 42 44 12 33 34 35 36 
42 44 3 
45 4 
39 41 17 
39 41 16 18 
39 41 6 17 19 
39 41 6 18 
39 1 7 8 21 22 
39 1 7 8 20 22 
39 1 7 8 20 21 
43 10 
2 25 
2 11 24 
40 11 27 
40 26 
40 29 30 
40 28 30 
40 28 29 31 
40 30 32 
40 44 12 31 
40 44 12 13 34 35 
40 42 44 12 13 33 35 
40 42 44 12 13 33 34 36 
42 44 13 35 
42 3 38 
42 37 
41 43 1 6 7 8 16 17 18 19 20 21 22 
42 44 2 3 11 12 13 26 27 28 29 30 31 32 33 34 35 
39 6 16 18 19 
40 44 45 3 4 5 12 13 14 34 35 36 37 38 
39 2 10 23 43 
40 42 3 12 13 14 32 33 34 35 36 
42 3 4 5 15 

