48 286
2 13 14 15 39 40 1 
46 47 1 5 15 26 41 42 
4 10 18 19 20 21 22 23 28 29 46 47 48 2 5 6 7 8 16 17 27 45 
3 9 11 34 35 
46 47 48 2 6 7 16 17 26 27 43 44 
46 47 48 5 7 8 16 17 27 43 44 45 
18 46 47 48 5 6 8 16 17 45 
18 46 47 48 6 7 16 17 45 
4 11 12 25 36 
3 30 
4 9 36 
9 25 36 37 38 
1 14 15 39 13 
1 13 39 40 
2 13 26 41 42 
46 47 48 5 6 7 8 17 27 43 44 
46 47 48 5 6 7 8 16 45 
3 28 
3 20 21 22 29 
3 19 21 22 29 
3 19 20 22 29 
3 19 20 21 23 29 
3 22 29 
4 33 34 35 
9 12 36 37 38 
46 2 5 15 41 42 
46 47 5 6 16 43 44 
3 18 
3 19 20 21 22 23 
10 30 
32 33 34 
31 34 
24 32 34 
4 31 32 33 
4 24 
9 12 25 37 
12 25 36 
12 25 37 
1 13 14 40 
1 13 14 39 
2 26 42 
2 15 26 41 
46 47 5 16 27 44 
46 47 5 6 16 27 43 
48 6 8 17 
47 48 2 5 6 7 8 16 17 26 27 43 44 
46 48 2 5 6 7 8 16 17 27 43 44 
18 19 20 28 46 47 5 6 7 8 16 17 45 

