103 669
2 3 5 9 13 14 15 33 34 35 36 37 38 39 40 56 57 58 59 60 61 62 63 
1 3 4 6 7 8 10 11 16 22 23 24 25 26 46 47 48 49 80 82 83 84 85 86 2 
1 2 5 9 13 14 15 36 37 38 39 40 41 56 57 58 59 60 61 62 63 64 65 66 67 
2 10 19 20 21 22 44 45 76 77 78 79 
1 3 13 14 33 34 35 56 57 
2 7 16 24 25 26 27 48 49 50 85 86 87 88 89 90 
2 6 8 11 16 26 27 28 50 51 52 90 91 92 93 94 95 
2 7 11 12 16 17 18 29 30 53 54 97 98 99 
1 3 40 41 42 67 68 69 70 71 72 
2 4 22 79 80 81 82 
2 7 8 12 16 17 18 28 29 30 95 96 97 
8 11 17 18 29 30 53 54 55 98 99 100 
1 3 5 33 34 35 56 
1 3 5 36 37 38 39 59 60 61 62 
1 3 63 64 65 66 
2 6 7 8 11 27 28 51 52 93 94 95 
8 11 12 18 29 30 97 98 
8 11 12 17 30 53 54 55 98 99 100 101 
4 20 21 43 44 75 
4 19 21 43 44 75 
4 19 20 44 45 75 76 77 78 
2 4 10 79 
2 47 
2 6 25 48 85 
2 6 24 48 49 85 86 
2 6 7 50 87 88 89 
6 7 16 50 51 52 90 91 92 93 94 
7 11 16 51 52 94 95 96 
8 11 12 17 30 97 
8 11 12 17 18 29 97 
32 54 55 102 103 
31 32 
1 5 13 34 35 
1 5 13 33 35 56 
1 5 13 34 56 
1 3 14 37 57 58 59 60 61 
1 3 14 36 38 39 59 60 61 
1 3 14 37 39 61 
1 3 14 37 38 62 
1 3 9 41 40 67 68 
3 9 40 67 68 
9 73 74 
19 20 
4 19 20 21 45 75 76 
21 44 77 78 
2 83 84 
2 23 
2 6 24 25 85 
2 6 25 86 87 
6 7 26 27 90 91 92 
7 16 27 28 52 93 94 
16 27 28 51 94 
8 12 18 54 55 98 99 100 101 
8 12 18 31 53 55 99 100 101 102 103 
12 18 53 54 99 100 101 102 103 
1 3 5 13 34 35 
1 3 5 36 58 
1 3 36 57 
1 3 14 36 37 60 61 
1 3 14 36 59 61 
1 3 14 36 37 38 59 60 
1 14 39 
1 3 15 64 65 66 
3 15 63 65 66 
3 15 63 64 66 
3 15 63 64 65 
3 9 40 41 68 
9 40 41 67 69 
9 70 
9 69 71 
9 70 
9 73 74 
42 72 74 
42 72 73 
19 20 21 44 
21 44 45 77 78 
4 21 78 
4 21 45 76 77 
10 22 
2 10 81 
10 80 
2 10 
2 46 
2 46 
2 6 24 25 48 
2 6 25 49 
6 26 49 
6 26 89 
6 26 88 
7 27 50 91 92 
27 50 90 92 
7 27 50 90 91 
7 16 27 51 94 
7 16 27 28 51 52 
7 11 16 28 96 
11 28 95 
8 11 17 29 30 
8 12 17 18 53 
8 12 18 53 54 55 100 101 
12 18 53 55 99 101 
18 53 54 55 99 100 102 
31 54 55 101 103 
31 54 55 102 

