41 268
33 35 36 37 38 22 
33 35 36 38 12 
33 34 35 4 5 26 27 28 29 
33 35 3 5 27 28 29 
33 34 35 3 4 6 28 29 
34 40 5 13 30 31 
40 41 14 15 16 17 18 
19 8 
37 10 19 20 
37 9 19 20 
36 37 38 1 21 22 
33 34 35 36 39 2 23 
40 6 31 
40 7 15 16 17 32 
41 7 14 16 17 
41 7 14 15 17 
41 7 14 15 16 18 
41 7 17 18 
37 8 9 10 
37 9 10 
37 11 
36 38 1 2 11 
33 34 35 36 39 12 
33 34 35 39 
33 34 35 39 
33 34 35 3 
33 34 35 3 4 28 29 
33 34 35 3 4 5 29 
34 4 5 27 28 
40 6 
40 6 13 
40 41 14 
34 35 36 37 38 39 40 1 2 3 4 12 23 24 25 26 27 28 
33 35 36 38 39 40 3 4 5 6 12 23 24 25 26 27 28 29 
33 34 36 38 39 1 2 3 4 5 12 23 24 25 26 27 28 
33 34 35 37 38 39 1 2 11 12 22 23 
33 36 38 1 9 10 11 19 20 21 
33 34 35 36 37 1 2 11 22 
33 34 35 12 23 24 25 
33 34 41 6 7 13 14 30 31 32 
40 7 14 15 16 17 18 32 

