47 311
11 47 2 
11 47 1 
42 44 4 5 28 29 30 
42 44 3 5 28 29 
42 3 4 28 29 30 
42 43 45 7 16 31 32 33 34 35 36 
42 43 45 6 8 17 37 38 
42 43 7 9 17 18 39 40 
42 43 8 17 39 40 
11 19 20 23 24 25 21 22 41 46 
12 13 14 26 10 20 41 47 1 2 
42 14 26 
42 12 26 
42 12 13 26 27 
42 44 27 
42 45 6 31 32 33 34 35 36 
42 43 7 8 9 38 39 40 
43 8 9 
10 20 23 24 25 21 22 46 
10 11 19 22 41 46 
10 19 24 25 22 46 
10 19 20 21 46 
10 19 24 25 23 
10 19 23 25 21 
10 19 23 24 21 22 46 
12 13 14 
42 13 14 15 
42 44 3 4 5 
42 3 4 5 30 
42 3 5 29 
42 45 6 32 33 34 35 
42 45 6 16 31 33 34 35 
42 45 6 16 31 32 34 35 36 
42 45 6 16 31 32 33 35 36 
42 45 6 16 31 32 33 34 36 
42 45 6 16 33 34 35 
42 45 7 
43 45 7 17 
43 8 9 17 40 
43 8 9 17 39 
10 11 20 
43 44 45 3 4 5 6 7 8 9 12 13 14 15 16 17 27 28 29 30 31 32 33 34 35 36 37 10 11 
42 45 6 7 8 9 17 18 38 39 40 43 
42 3 4 5 15 28 
42 43 6 7 16 31 32 33 34 37 38 
10 19 20 25 21 22 
11 1 2 

