61 303
3 4 8 14 17 18 19 61 39 40 41 58 2 
9 10 11 15 25 21 23 24 38 22 43 44 45 46 
1 4 5 6 7 12 30 31 32 33 34 49 50 51 52 
1 3 7 12 34 35 51 52 53 
6 26 27 28 29 47 48 
3 5 27 28 29 48 
3 4 30 31 32 49 50 
1 14 17 18 19 40 41 57 58 59 
2 11 15 23 24 46 9 
20 2 25 
2 9 15 21 23 24 38 43 44 45 46 
3 4 34 35 53 
1 14 17 39 
1 8 13 17 40 
2 9 11 21 23 24 44 45 46 
61 55 56 
1 8 13 14 40 
1 8 41 57 
1 8 20 42 60 
19 42 10 60 
2 11 15 38 22 43 44 
2 21 38 
2 9 11 15 24 45 46 
2 9 11 15 23 45 46 
2 10 
5 47 
5 6 28 48 
5 6 27 29 48 
5 6 27 28 
3 7 49 50 
3 7 32 33 
3 7 31 33 
3 31 32 
3 4 12 
4 12 53 54 
37 54 
36 37 54 
2 11 21 22 43 
1 13 
1 8 14 17 57 
1 8 18 58 59 
19 20 60 
2 11 21 38 44 
2 11 15 21 43 
2 11 15 24 46 
2 9 11 15 23 24 45 
5 26 
5 6 27 28 
7 30 
3 7 30 
4 52 
3 4 51 
4 12 35 
35 36 37 
16 61 56 
16 61 55 
1 8 18 40 
1 8 41 59 
8 41 58 
19 20 42 60 
1 16 55 56 

