92 640
2 4 5 11 12 13 14 15 20 21 22 23 42 43 44 45 46 47 48 
1 6 7 24 25 26 27 52 53 54 55 56 57 58 
10 18 19 35 36 37 78 79 80 81 82 83 
1 20 4 40 41 42 
1 11 12 13 14 15 21 22 23 45 46 
2 7 27 54 55 56 57 58 
2 6 16 17 58 7 59 60 
16 17 28 29 61 62 63 64 65 66 67 
18 30 31 32 33 34 35 68 69 70 71 72 73 74 
3 37 38 78 79 80 81 82 83 84 85 
1 5 12 13 21 22 44 45 46 
1 5 11 13 21 22 45 46 
1 5 12 21 22 23 46 
1 5 47 48 
1 5 23 47 48 
7 8 17 28 59 60 61 63 64 65 
7 8 16 28 59 61 62 63 64 
3 9 19 31 32 33 34 35 36 73 74 75 76 77 
3 18 35 36 75 77 
1 4 40 41 42 43 
5 11 12 13 22 45 46 
1 5 11 12 13 21 23 46 
1 13 14 15 22 47 48 
2 25 26 49 50 51 52 53 
2 24 26 49 50 51 52 53 
2 24 25 49 50 51 52 53 
2 6 55 56 57 
8 16 17 61 62 63 64 65 66 
8 67 68 
9 31 32 33 68 69 70 71 72 73 
9 18 30 32 33 34 70 71 72 73 
9 18 30 31 33 34 73 74 
9 18 30 31 32 34 73 
9 18 31 32 33 35 73 74 75 
3 9 18 19 34 36 74 75 76 77 
3 18 19 35 75 76 77 
3 10 38 81 82 83 84 85 86 87 
10 37 39 85 86 87 88 89 90 91 92 
38 86 87 88 89 90 91 92 
4 20 41 
4 20 40 
1 4 20 43 44 
1 20 42 44 
1 11 42 43 45 
1 11 12 21 
1 5 11 12 13 21 22 
1 14 15 23 48 
1 14 15 23 47 
24 25 26 50 51 52 
24 25 26 49 51 52 
24 25 26 49 50 52 
2 24 26 49 50 51 53 
2 24 25 26 52 54 
2 6 53 55 
2 27 54 56 
2 6 27 55 57 
2 6 27 
6 7 
7 17 60 
7 16 17 61 62 
8 16 17 28 60 62 63 
8 16 17 28 60 61 63 
8 16 17 28 61 62 64 
8 16 17 28 63 65 66 
8 16 28 64 66 
8 28 64 65 
8 68 
9 29 30 67 69 70 71 72 
30 68 70 71 72 
9 30 31 68 69 71 72 
9 30 31 68 69 70 72 
9 30 31 68 69 70 71 
9 18 30 31 32 33 34 74 
9 18 32 33 34 35 73 75 
18 19 34 35 36 74 76 77 
18 35 36 75 77 
18 19 35 36 75 76 
10 79 
3 10 78 80 
3 10 79 81 82 83 
3 10 37 80 82 83 84 
3 10 80 81 83 84 
3 10 37 80 81 82 
3 10 37 81 82 83 
10 37 38 86 87 88 
37 38 39 85 87 88 
37 38 39 85 88 89 90 
38 39 85 86 87 89 90 91 
38 39 87 88 90 91 92 
38 39 87 88 89 91 92 
38 39 88 89 90 92 
38 39 89 90 91 

