128 1070
2 3 4 5 6 7 8 9 10 11 12 13 14 15 18 19 20 21 22 23 24 25 36 37 38 39 40 41 42 43 44 45 46 47 48 49 50 51 52 53 87 88 89 90 91 92 93 94 95 96 97 98 99 100 101 102 103 104 105 106 107 108 109 110 
1 3 5 6 7 11 12 13 31 32 33 34 35 36 37 77 78 79 80 81 82 83 84 85 86 
1 2 5 6 7 13 14 18 19 20 37 38 39 40 41 87 88 89 90 91 92 93 
1 9 10 26 27 28 61 62 63 64 65 118 119 120 121 123 
1 2 3 6 7 13 33 34 35 36 37 38 39 80 81 82 83 84 85 86 87 88 89 90 
1 2 3 5 7 13 36 37 38 39 83 84 85 86 87 88 89 90 
1 2 3 5 6 13 14 37 38 39 40 87 88 89 90 91 
1 9 24 25 51 52 53 54 55 110 111 112 113 
1 4 8 26 27 56 57 58 59 60 115 116 117 
1 4 28 62 63 64 65 66 122 123 124 
1 2 16 17 30 69 70 71 72 
1 2 17 31 32 73 74 75 76 77 
1 2 3 5 6 7 37 38 39 84 85 86 87 88 89 90 
1 3 7 18 19 40 41 91 92 93 94 
1 18 19 20 21 22 42 43 44 45 46 98 99 100 
11 17 30 69 70 71 
2 11 12 16 31 72 73 74 75 76 
1 3 14 15 19 20 42 43 92 93 94 95 96 97 
1 3 14 15 18 20 42 43 93 95 96 97 
1 15 18 19 42 43 95 96 97 
1 15 22 23 44 45 46 47 99 100 101 
1 15 21 23 44 45 46 47 99 100 101 102 
1 21 22 24 47 48 49 50 101 102 103 104 105 106 107 
1 8 23 48 49 50 105 106 107 108 109 
1 8 51 52 110 111 112 113 
4 9 27 61 117 118 119 
4 9 26 61 118 119 
4 10 62 63 64 65 66 123 
67 68 126 127 128 
11 16 69 70 71 
2 12 17 76 77 
2 12 33 35 78 79 
2 5 32 34 35 36 78 79 80 
2 5 32 33 35 36 78 80 
2 5 32 34 36 80 81 
1 2 5 6 34 35 80 81 82 83 84 
1 2 3 5 6 7 13 38 84 85 86 87 
1 3 5 6 7 13 37 39 87 88 89 90 
1 3 5 6 7 13 38 87 88 89 90 
1 3 7 14 41 91 92 
1 3 14 40 91 92 
1 15 18 19 20 43 95 96 97 
1 15 18 20 42 95 96 97 
1 15 22 45 46 98 99 100 
1 15 21 22 46 99 100 
1 15 21 22 44 45 47 100 101 
1 21 22 23 46 101 102 103 104 
1 23 24 47 49 50 101 102 103 104 105 106 107 
1 23 24 48 50 104 105 106 108 109 
1 23 24 48 49 104 105 106 107 108 109 
1 8 25 110 111 
1 8 25 53 54 55 112 114 
1 8 52 54 55 112 113 114 
8 52 53 55 112 113 114 115 
8 52 53 54 114 115 
9 55 57 115 116 
56 115 116 
9 59 60 116 117 
58 60 59 
9 58 59 117 
4 26 27 118 119 120 
4 28 63 64 123 
4 10 28 62 64 122 123 
4 10 28 62 63 65 123 
4 10 28 64 66 124 
28 65 67 124 125 
29 66 124 125 126 127 
29 128 68 
11 16 70 71 
11 16 30 69 71 
11 16 30 69 70 
11 17 73 74 
12 17 72 74 75 76 
12 17 72 73 75 76 
12 17 73 74 76 
12 17 31 73 74 75 
2 12 31 
2 32 33 34 79 
2 32 33 78 
2 5 33 34 35 36 81 82 83 
2 35 36 80 82 83 
2 5 36 80 81 83 
2 5 6 36 80 81 82 84 
2 5 6 13 36 37 83 85 86 
2 5 6 13 37 84 86 
2 5 6 13 37 84 85 
1 3 5 6 7 13 37 38 39 88 89 
1 3 5 6 7 13 38 39 87 89 90 
1 3 6 13 38 39 87 88 90 
1 5 6 7 13 38 39 88 89 
1 3 7 14 40 41 92 
1 3 14 18 40 41 91 93 
1 3 14 18 19 92 94 
1 14 19 92 
1 18 19 20 42 43 96 97 
1 18 19 20 43 95 97 
1 18 19 20 42 43 95 96 
1 15 44 99 
1 15 21 22 44 45 98 100 
1 15 21 22 44 45 46 99 
1 21 22 23 46 48 102 103 
1 22 23 47 48 101 103 104 
23 47 48 101 102 104 105 
1 47 48 49 50 102 103 105 106 107 
1 23 24 48 49 50 103 104 106 107 
1 23 24 48 49 50 104 105 
1 23 24 48 49 50 104 105 106 
1 24 49 50 109 
1 49 50 108 
1 8 25 51 52 111 112 
8 25 51 110 
8 25 52 53 54 110 113 
8 25 52 53 54 
8 52 53 54 55 115 
9 54 55 56 57 114 
9 56 57 58 
9 26 27 58 60 
4 26 27 61 119 
26 27 61 118 
61 121 
4 120 
4 62 63 123 
4 10 28 62 63 64 122 
10 65 66 67 125 
66 67 124 126 127 
29 67 125 127 
29 67 125 126 
29 68 

