39 261
25 28 29 11 12 
25 26 27 30 31 
27 4 5 32 33 34 35 36 16 
3 5 6 34 35 36 37 38 16 17 18 
3 4 6 34 35 36 37 38 16 17 18 
4 5 7 8 36 37 38 17 18 19 20 21 22 23 
6 8 9 10 39 19 20 21 22 23 
6 7 10 39 20 21 22 23 24 
7 10 39 24 
7 8 9 39 
1 28 29 12 
1 28 11 
25 26 27 14 
32 13 15 
27 32 33 14 
3 4 5 33 34 
4 5 6 35 36 37 38 18 
4 5 6 35 36 37 38 17 
6 7 8 37 38 20 21 22 
6 7 8 38 19 21 22 23 
6 7 8 19 20 22 23 
6 7 8 39 19 20 21 23 24 
6 7 8 39 20 21 22 24 
7 8 9 39 22 23 
26 27 1 2 30 31 13 
25 27 2 30 31 13 
25 26 2 3 32 33 13 14 
1 29 11 12 28 
1 28 11 12 
25 26 2 31 
25 26 
27 3 33 14 15 
27 3 32 34 15 16 
3 4 5 33 35 
3 4 5 34 36 37 17 18 
3 4 5 6 35 37 38 17 18 
4 5 6 35 36 38 17 18 19 
4 5 6 36 37 17 18 19 20 
7 8 9 10 22 23 24 

