42 225
22 42 2 26 
22 42 1 26 
4 27 28 29 30 31 
3 29 30 31 32 33 
7 36 10 11 12 13 14 15 
21 5 7 36 11 12 13 14 15 
21 5 6 36 11 12 13 14 15 
21 37 17 18 19 
35 39 40 23 
21 5 6 7 36 11 12 13 
21 5 6 7 36 10 12 13 14 15 
21 5 7 10 11 13 14 15 
21 5 6 7 10 11 12 14 15 
21 5 6 7 11 12 13 15 
21 5 6 7 11 13 14 
41 25 24 34 
21 8 18 
21 8 
8 37 38 20 
37 38 39 19 
5 6 7 8 36 10 11 12 13 14 15 17 18 
41 42 1 2 3 26 27 28 
35 9 41 25 24 
35 41 23 25 16 34 
35 41 24 16 34 
22 42 1 2 
3 28 
22 3 27 
3 4 30 31 
3 29 31 
3 4 29 30 32 
4 31 33 
4 32 
41 25 24 16 
9 41 23 25 24 
21 5 7 10 11 
8 38 19 20 
37 19 20 
9 40 20 
35 9 39 
22 35 42 23 25 24 16 34 
22 41 1 2 26 

