186 1686
4 5 6 8 9 10 19 37 38 39 40 41 83 84 85 86 87 88 151 152 153 154 155 156 157 158 160 
13 14 6 7 11 12 20 21 45 46 47 96 97 98 99 100 101 102 103 2 178 179 180 181 182 183 184 185 186 
4 8 16 31 32 33 34 74 75 76 77 130 132 133 134 135 136 137 138 139 140 141 142 143 
1 3 8 16 17 18 33 34 35 36 77 79 80 81 82 148 149 
1 6 9 10 19 38 39 40 41 86 87 88 89 154 155 156 157 158 159 160 161 
1 2 5 9 10 11 41 42 43 44 88 89 90 91 92 93 94 162 163 164 165 166 167 168 169 170 
14 2 11 12 21 45 46 47 97 98 99 100 101 102 103 178 179 180 181 182 183 184 185 
1 3 4 16 17 18 35 36 80 81 82 148 149 
1 5 6 10 19 40 41 89 90 157 158 159 161 162 163 
1 5 6 9 40 41 88 89 90 91 160 161 162 163 164 165 
2 6 7 20 42 43 44 45 92 93 94 95 169 170 171 172 173 174 175 
2 7 20 21 46 47 98 99 100 101 102 103 180 181 182 183 184 185 
15 22 23 25 26 27 28 29 52 53 54 55 56 57 58 59 60 61 62 63 107 108 109 110 111 112 113 114 115 116 117 2 
14 48 50 104 105 2 
13 22 26 27 28 52 53 54 55 56 57 58 59 60 107 108 109 110 111 
3 4 8 17 33 34 76 77 78 79 80 144 145 146 147 
4 8 16 18 34 35 80 81 148 149 
4 8 17 35 36 81 82 149 
1 5 9 39 40 86 87 153 154 155 156 157 
2 7 11 12 21 45 95 96 97 98 99 175 176 177 178 179 180 
2 7 12 20 46 47 98 99 100 180 181 183 
13 15 23 28 29 59 60 61 62 63 111 112 113 114 115 116 117 
13 22 29 62 63 64 66 118 119 120 
68 69 70 71 72 73 126 127 128 129 
13 15 51 52 53 54 
13 15 27 28 55 56 57 58 107 108 109 110 
13 15 26 28 55 56 57 58 59 108 109 110 
13 15 26 27 57 58 59 60 61 109 110 111 112 113 
13 22 23 30 63 64 65 66 118 119 120 
23 29 63 64 65 66 118 119 120 121 
3 32 74 130 131 132 133 134 31 
3 31 74 130 131 132 133 134 135 136 
3 4 16 34 76 77 78 79 140 142 143 144 145 146 
3 4 16 17 33 77 78 79 144 145 146 147 
4 8 17 18 36 81 82 149 
4 8 18 35 82 
1 38 83 84 85 151 152 
1 5 37 39 84 85 152 153 
1 19 38 86 87 153 154 
1 5 9 10 19 41 155 156 157 158 159 160 161 
1 5 6 9 10 40 89 161 162 163 
6 11 43 44 92 93 94 167 168 169 170 171 
6 11 42 44 92 93 94 169 170 171 172 173 174 
6 11 42 43 94 95 169 170 171 172 173 174 
2 7 11 20 95 96 97 175 176 177 178 
2 7 12 21 47 100 101 102 103 182 183 184 185 
2 7 12 21 46 100 101 102 103 182 183 184 185 
14 49 50 104 106 
14 50 104 105 106 
14 48 49 104 105 106 
25 51 
13 15 25 53 54 55 107 108 
13 15 25 52 54 55 107 
13 15 25 52 53 55 107 108 
13 15 26 27 53 56 107 108 
13 15 26 27 55 57 107 108 
13 15 26 27 28 56 58 109 110 
13 15 26 27 28 57 59 60 109 111 
13 22 27 58 60 109 110 111 
13 15 22 28 58 59 61 111 112 113 
13 22 28 60 62 112 113 114 115 116 117 
13 22 23 29 61 63 114 115 116 117 
13 22 23 30 62 117 
23 29 30 65 118 119 120 121 122 
23 29 30 64 66 118 119 120 121 122 123 
23 29 30 64 65 118 119 120 121 122 123 
122 123 124 125 
24 69 125 126 127 
24 68 70 71 72 73 126 127 128 
24 69 71 72 73 126 127 128 
24 69 70 72 73 126 127 128 
24 69 70 71 73 126 127 128 
24 69 70 71 72 127 128 
3 32 130 131 132 133 134 135 136 137 138 
3 76 138 139 140 141 
3 16 33 75 140 141 142 143 
3 4 16 33 34 78 79 144 145 146 147 
16 33 34 77 79 144 145 146 147 
4 16 33 34 77 78 144 145 146 147 
4 8 16 17 81 148 
4 8 17 18 35 80 148 149 
18 35 36 82 
1 37 84 150 83 151 
1 37 38 83 85 151 152 
37 38 84 151 152 
1 5 19 39 87 154 155 
1 19 39 86 154 
1 5 6 9 10 41 89 161 162 163 
5 6 9 10 88 162 163 
6 9 10 91 162 163 164 165 166 167 
6 10 90 163 164 165 166 167 
6 11 42 43 93 94 167 168 169 
6 11 42 43 92 94 168 169 
6 11 42 43 44 92 93 169 170 171 172 
11 20 44 45 96 173 174 175 176 
2 11 20 45 95 175 176 177 
2 7 20 45 96 175 176 177 178 
2 7 12 20 21 99 178 179 180 
2 7 12 21 98 180 
2 7 12 21 46 47 101 102 103 182 183 184 
2 7 46 47 100 103 183 184 185 186 
2 7 12 46 47 100 101 103 183 184 185 186 
2 7 12 47 100 101 102 183 185 186 
14 48 49 50 105 106 
14 48 49 50 106 
48 49 50 105 
13 15 26 52 53 54 55 56 
13 15 26 27 52 54 55 56 107 
13 15 26 27 28 57 58 59 110 
13 15 26 27 28 57 58 59 109 
13 15 22 58 59 60 
13 22 28 60 61 113 114 115 
13 22 28 60 61 112 114 115 
13 22 62 112 113 115 116 117 
13 22 61 62 112 113 114 116 117 
13 22 61 62 114 115 117 
13 22 61 62 63 114 115 116 
23 29 64 65 66 119 120 121 
23 29 30 64 65 66 118 120 121 
23 29 30 64 65 66 119 121 
30 64 65 66 118 119 120 122 123 
64 65 66 67 121 123 124 
65 66 67 121 122 124 
67 122 123 125 
67 68 124 
24 68 69 70 71 72 127 128 
24 69 70 71 72 73 126 128 
24 69 72 126 127 
24 129 
3 31 32 74 131 132 133 134 135 
3 31 32 74 130 132 133 134 135 
3 31 32 74 130 131 133 134 
3 31 32 74 130 131 132 134 135 
3 31 32 74 130 131 132 133 135 
3 32 74 130 131 133 134 136 137 138 
3 32 74 135 
3 74 135 136 138 
3 74 75 135 137 139 
3 75 
75 76 141 142 
3 75 76 140 142 
3 33 76 140 141 143 
3 33 76 
16 33 34 77 78 79 145 146 
16 34 77 78 79 144 146 147 
16 33 34 77 78 79 144 145 147 
16 34 77 78 79 145 146 
4 8 17 80 81 149 
4 8 17 18 35 81 148 
83 150 
1 37 83 84 85 
1 37 38 84 85 
1 19 38 39 
1 5 19 39 86 87 
1 5 19 40 86 156 157 
1 5 19 40 155 157 
1 5 9 19 40 155 156 158 
1 5 9 40 157 159 160 
1 5 9 40 158 160 
1 5 9 10 158 159 161 
5 9 10 40 41 88 160 
6 9 10 41 88 89 90 163 164 165 
6 9 10 41 88 89 90 91 162 164 165 166 
10 90 91 162 163 165 166 
6 10 90 91 162 163 164 166 
6 90 91 163 164 165 
6 42 90 91 92 168 
6 42 92 93 167 
6 11 42 43 44 92 93 94 171 
6 11 42 43 44 93 94 169 171 172 
11 42 43 44 169 170 172 173 
11 43 44 94 170 171 173 174 
11 43 44 95 171 172 174 
11 43 44 95 172 173 
11 20 45 95 96 97 176 177 
45 95 96 97 175 177 
20 45 96 97 175 176 
2 7 20 45 97 98 179 
2 7 20 98 178 
2 7 12 20 21 98 99 181 
2 7 12 21 180 
2 7 12 21 46 47 100 
2 7 12 21 46 47 100 101 103 182 184 185 
2 7 12 46 47 100 101 102 182 183 185 
2 7 12 46 47 100 101 102 103 183 184 
2 102 103 

