139 971
2 3 5 6 7 8 9 10 11 17 18 19 20 21 22 23 24 25 26 27 42 43 44 45 46 47 48 49 50 51 52 84 85 86 87 88 89 90 91 92 93 94 95 96 97 98 99 
1 11 12 13 29 30 31 32 33 55 56 57 58 59 60 61 110 111 112 113 114 115 116 117 118 119 120 121 
1 7 8 24 25 47 48 49 92 93 94 
15 16 36 37 38 39 67 68 134 135 136 137 138 
1 41 70 71 72 73 
1 17 18 19 42 77 78 79 80 81 82 
1 3 8 24 25 47 48 92 93 
1 3 7 49 94 
1 10 26 50 51 52 99 100 101 
1 9 26 27 52 99 101 102 103 
1 2 12 27 28 29 53 54 104 105 106 107 108 
2 11 29 30 54 55 56 57 108 109 111 112 113 
2 31 32 59 60 115 116 117 118 119 120 121 
33 34 35 63 64 65 130 131 132 
4 16 36 37 38 39 40 67 68 134 135 
4 15 40 68 69 136 137 138 139 
1 6 18 42 77 78 79 80 81 
1 6 17 19 42 77 78 79 80 81 
1 6 17 18 42 81 82 
1 42 43 82 83 84 85 
1 22 23 44 45 87 88 
1 21 23 45 87 88 89 
1 21 22 46 88 89 90 91 
1 3 7 25 47 48 92 93 
1 3 7 24 48 92 93 
1 9 10 51 99 100 101 
1 10 11 28 102 103 104 105 
11 27 53 54 104 105 106 107 
2 11 12 30 53 54 55 108 109 110 
2 12 29 31 55 56 57 58 110 111 112 113 114 
2 13 30 57 58 59 113 114 115 
2 61 120 121 
2 14 62 122 123 124 125 126 127 128 129 
14 35 63 64 65 130 131 132 
14 34 63 64 130 131 132 
4 15 37 38 39 66 67 133 36 134 
4 15 36 38 39 40 66 67 134 135 
4 15 36 37 39 40 66 67 134 135 
15 36 37 38 40 67 134 135 
4 15 16 37 38 39 68 135 136 
5 70 71 72 73 74 
1 6 17 18 19 20 82 83 
1 20 84 85 86 
1 21 45 44 87 
1 21 22 44 87 
1 22 23 88 89 91 
1 3 7 24 48 91 
1 3 7 24 25 47 
1 3 8 95 96 97 
1 9 26 51 98 99 
1 9 26 50 99 100 
1 9 10 26 99 100 101 
11 28 29 54 106 107 108 
11 12 28 29 53 107 108 109 
2 12 29 30 56 110 112 
2 12 30 55 57 110 111 112 113 
2 12 30 31 56 58 113 114 
2 30 31 57 113 115 
2 13 31 60 115 116 
2 13 59 61 116 117 118 119 
2 13 32 60 117 118 119 120 121 
122 123 124 125 126 
14 34 35 64 65 130 131 
14 34 35 63 65 130 131 
34 35 63 64 131 132 
4 36 37 38 67 
4 15 36 37 38 39 66 134 135 
4 15 16 40 136 137 138 
16 139 
5 41 71 
5 70 
41 73 74 75 
5 41 72 74 75 76 
41 73 75 
72 73 74 76 
73 75 
6 17 78 79 80 81 
6 17 18 77 79 80 81 
6 17 18 77 80 81 
6 17 18 78 79 81 
6 17 18 19 77 78 79 80 
6 19 20 42 83 
20 42 82 
1 20 43 85 
20 43 84 
1 43 
1 21 22 44 45 
1 21 22 23 46 89 
1 22 46 88 90 91 
1 46 89 91 
1 23 46 47 89 90 
1 3 7 24 25 93 
1 3 7 24 25 
1 3 8 
49 96 97 
1 49 95 97 98 
1 49 95 96 98 
1 9 50 96 97 
1 9 10 26 50 51 52 
9 26 51 52 99 
9 10 26 52 
10 27 
10 27 102 
11 27 28 105 
11 27 28 104 
11 28 53 107 
11 28 53 106 
11 12 29 53 54 109 
12 54 108 
2 12 29 55 112 
2 12 30 56 110 112 
2 30 56 110 111 
2 12 30 31 56 57 58 114 
2 30 31 57 58 
2 13 58 59 
59 60 
2 13 60 61 118 119 120 121 
2 13 60 61 117 119 120 121 
2 13 60 61 117 118 120 121 
2 13 32 61 117 119 121 
2 13 32 61 117 118 119 120 
33 62 123 124 125 126 127 
33 62 122 124 125 126 127 128 129 
33 62 122 123 125 126 127 128 129 
33 62 122 123 124 126 127 128 129 
33 62 122 123 124 125 127 129 
33 122 123 124 125 126 128 129 
33 123 124 125 127 129 
33 124 125 126 127 128 
14 34 35 63 64 
14 34 63 64 65 132 
14 34 35 65 131 133 
36 132 
4 15 36 37 38 39 66 67 
4 15 37 38 39 40 67 
4 15 16 40 68 137 
4 16 68 136 138 
4 16 68 137 
16 69 

