106 753
11 20 106 
20 3 4 
20 53 2 4 5 
53 2 3 5 
53 3 4 
21 53 54 7 8 
21 53 54 55 6 8 
21 54 55 6 7 
10 11 12 13 14 15 16 18 25 26 27 39 40 41 42 43 44 45 79 80 81 82 83 84 
9 11 13 14 15 26 27 42 43 44 45 46 47 82 83 84 85 86 
22 9 10 16 19 20 21 28 29 30 51 52 53 93 94 95 96 97 98 99 100 101 102 103 104 105 106 1 2 
9 17 23 24 34 35 58 61 62 63 64 65 
9 10 14 15 18 25 26 39 40 41 42 75 76 77 78 79 80 
9 10 13 15 18 25 26 39 40 41 75 76 77 78 79 
9 10 13 14 26 39 40 41 42 79 80 81 
9 10 11 19 28 46 47 48 49 50 86 87 88 89 90 91 92 
12 18 24 35 36 37 38 63 64 65 67 68 69 70 71 
9 14 17 24 38 72 73 74 
11 16 28 29 50 51 52 93 94 95 96 97 98 99 100 101 
11 52 103 104 105 106 1 2 3 
31 32 56 11 53 54 55 6 7 8 
31 33 56 21 54 55 8 
12 34 62 
12 17 18 36 37 38 68 69 70 71 72 73 74 
9 13 14 15 26 41 42 79 81 
9 10 13 14 15 25 42 43 79 80 81 
9 10 43 44 82 83 
11 16 19 50 51 91 92 93 94 95 96 
11 19 30 52 98 99 100 101 102 
11 19 29 52 98 99 100 101 102 
32 56 
22 31 33 57 
22 32 56 57 
23 34 
12 17 64 65 66 
17 24 37 38 68 69 70 71 
17 24 36 38 68 69 70 71 
17 18 24 36 37 68 69 70 71 72 73 74 
9 13 14 15 40 41 75 76 77 78 
9 13 14 15 39 41 75 76 77 78 
9 13 14 15 25 39 40 
9 10 13 15 25 26 43 81 82 
9 10 26 27 42 82 83 
9 10 27 84 
9 10 85 
10 16 47 86 87 
10 16 46 86 87 
16 49 88 89 90 91 92 
16 91 92 
16 19 28 91 92 93 
11 19 28 93 94 95 96 97 98 
11 19 20 29 30 100 101 102 103 104 
11 21 54 3 4 5 6 
21 53 55 6 7 8 
21 54 6 7 8 
22 31 32 33 
22 32 33 57 
12 59 60 61 62 
58 61 62 
58 59 61 62 
12 58 59 60 62 
12 23 58 59 60 61 
12 17 35 64 65 
12 35 63 
12 17 35 66 67 
17 35 65 67 
17 35 65 66 
17 24 37 38 69 70 71 
17 24 36 37 38 68 70 71 
17 24 36 37 38 68 69 71 
17 24 36 37 69 70 72 
18 24 38 71 74 
18 38 72 
18 24 38 72 73 
13 14 39 40 76 77 78 
14 39 40 75 78 
13 14 39 40 75 76 78 
13 14 39 40 75 76 77 
9 14 15 25 26 81 
9 13 15 25 26 79 81 
9 25 42 79 80 
9 10 27 42 43 83 
9 10 27 43 82 
9 10 44 45 85 
10 45 84 
10 16 46 47 87 88 
16 46 47 86 88 
16 48 86 87 89 90 
16 48 88 
16 48 88 89 
16 28 48 49 50 92 
16 28 48 49 50 91 
11 19 28 50 51 94 95 96 97 
11 19 28 51 93 95 96 97 
11 19 28 51 93 96 97 
11 19 28 51 93 94 95 97 
11 19 51 93 94 95 96 
11 19 29 30 51 99 
11 19 29 30 98 100 
11 19 29 30 52 99 101 102 
11 19 29 30 52 100 102 
11 29 30 52 100 
11 20 52 104 
11 20 52 103 105 
11 20 104 106 1 
20 1 

