100 677
18 31 51 100 3 4 
9 18 31 51 1 3 
9 11 31 51 1 2 4 
9 11 18 31 51 1 2 3 5 
9 11 18 31 4 6 
9 11 52 5 
12 20 21 22 23 24 25 32 35 36 37 38 59 60 61 62 63 64 65 66 67 68 69 70 71 72 
9 10 11 15 16 17 18 30 31 47 48 49 50 94 95 96 98 99 8 
8 18 31 48 49 50 51 52 100 1 2 3 4 5 6 
8 14 15 16 17 29 44 45 46 82 83 84 85 86 87 88 
8 9 18 31 51 52 3 4 5 6 
7 26 36 37 38 73 
74 75 
10 28 29 42 43 44 45 80 81 82 83 
8 10 16 17 30 46 86 87 89 
8 10 15 17 30 89 90 91 92 93 94 
8 10 15 16 30 89 90 91 92 93 94 
8 9 11 31 49 50 51 100 1 2 3 4 5 
20 32 33 34 53 54 55 56 
7 19 21 22 32 33 34 35 55 56 57 58 59 60 
7 20 22 32 33 34 35 56 57 58 59 61 
7 20 21 23 35 58 59 60 61 62 63 
7 22 24 62 63 65 66 67 68 
7 23 65 66 67 69 70 71 
7 12 26 27 38 73 74 
12 13 25 27 73 74 
13 25 26 74 
14 29 39 40 41 42 43 79 80 81 
10 14 28 43 44 45 80 81 82 
8 16 17 89 90 91 92 93 94 
8 9 11 18 50 51 100 1 2 5 
7 19 20 21 33 34 35 53 54 55 56 57 
19 20 21 34 35 55 56 57 58 
19 20 21 32 33 35 55 57 58 
7 20 21 22 32 33 34 56 57 58 59 
7 12 37 38 72 
7 12 36 38 
7 12 36 37 38 
28 40 41 42 76 77 78 79 
39 42 77 78 79 
28 39 40 42 78 79 
14 28 39 40 41 43 79 80 
14 28 42 80 
10 14 29 45 83 
10 14 29 44 82 83 
10 15 84 85 86 87 
8 48 95 96 97 
8 9 47 49 97 98 99 
8 9 18 48 100 
8 9 18 31 49 51 100 
9 11 18 31 50 100 1 2 3 4 
9 11 
19 32 54 55 
19 32 53 55 
19 20 32 33 34 53 54 56 57 
19 20 21 32 33 34 35 55 57 
20 21 32 33 34 35 55 56 58 
20 21 33 34 35 57 59 
7 20 21 35 58 60 61 
7 20 21 22 59 61 
7 21 22 59 60 
22 23 63 64 
7 23 62 64 
7 23 62 65 
7 24 64 66 67 68 
7 23 24 65 67 68 
7 23 24 65 66 68 
7 23 24 65 66 67 
70 71 
7 24 69 71 
7 24 69 70 
7 71 
12 26 
13 25 26 27 
13 76 
39 75 
39 40 41 76 78 79 
39 41 77 79 
28 39 40 41 42 77 78 
14 28 29 42 43 81 
14 28 29 42 43 80 
10 14 29 43 44 45 
10 14 44 45 84 
10 46 
10 46 84 
10 15 46 87 88 
10 15 46 88 
10 15 46 86 87 
15 16 17 30 90 91 
16 17 30 89 91 
16 17 30 89 90 92 
16 17 30 91 93 
16 17 30 92 94 
8 16 17 30 93 
47 96 
47 97 
8 47 48 96 98 99 
8 48 97 99 
8 48 97 98 
9 18 31 49 50 51 1 

