192 1424
5 13 14 15 16 28 29 30 31 32 33 34 35 36 37 63 64 65 66 67 68 118 119 120 121 122 123 124 
10 11 25 53 55 56 57 106 107 108 109 2 110 111 
4 7 8 9 20 21 22 45 46 47 82 83 84 85 87 88 89 160 161 162 163 164 165 166 167 
3 7 20 21 44 45 81 82 83 84 155 156 157 158 159 160 161 162 163 
1 15 16 17 35 36 37 38 39 68 69 70 71 72 123 124 125 126 127 128 129 130 131 132 
19 42 74 144 145 146 147 148 
3 4 20 21 45 82 83 156 157 158 159 160 162 
3 9 22 46 47 86 87 88 89 90 91 165 166 167 168 169 
3 8 22 23 47 48 91 92 93 169 170 171 172 173 174 175 176 
2 11 25 56 57 110 111 
2 10 12 25 58 
11 13 25 26 27 58 59 60 61 112 113 
1 12 26 27 28 29 60 61 62 112 113 114 
31 32 33 34 67 119 120 121 
1 5 16 34 35 36 37 38 39 68 69 122 123 124 125 126 127 128 
1 5 15 17 36 37 38 39 69 70 71 72 129 130 132 133 
5 16 18 72 73 133 134 135 136 
17 19 40 41 73 137 138 139 140 141 142 
6 18 41 137 138 139 140 141 142 143 144 145 
3 4 7 43 44 81 82 83 155 156 157 158 159 
3 4 7 84 85 161 162 163 
3 8 9 46 47 86 87 88 89 90 91 166 167 168 169 
9 48 49 94 95 177 178 179 180 181 
51 52 96 97 98 99 100 190 191 192 
2 10 11 12 58 
12 13 27 58 59 60 61 62 112 113 
12 13 26 28 29 61 62 113 114 
1 13 27 29 30 62 63 114 115 116 
1 13 27 28 30 62 63 114 115 116 
1 28 29 63 64 65 116 117 118 
1 14 32 33 34 67 119 
1 14 31 33 34 67 
1 14 31 32 34 67 119 120 121 
1 14 15 31 32 33 119 120 121 
1 5 15 36 37 68 122 123 124 125 
1 5 15 16 35 37 38 39 68 69 125 126 127 128 129 
1 5 15 16 35 36 38 39 68 69 70 125 126 127 128 129 
5 15 16 36 37 39 68 69 70 71 126 127 128 129 130 
5 16 36 37 38 69 70 71 126 127 128 129 130 
17 18 41 73 134 135 136 137 
18 19 40 73 137 138 139 140 141 
6 74 147 
20 44 76 77 78 79 80 81 152 153 154 
4 43 78 79 80 81 154 155 
3 4 7 21 84 85 162 163 164 
3 8 22 47 86 87 88 89 90 165 166 167 168 
8 9 22 46 89 90 91 168 169 
9 23 93 94 48 177 178 
23 181 182 183 
96 184 185 186 187 188 189 
24 52 96 97 98 190 191 192 
51 96 97 98 190 191 192 
2 54 102 103 104 105 
53 102 103 104 105 
2 106 107 108 109 
2 10 57 110 111 
2 10 56 110 
11 12 13 25 26 59 60 61 112 
12 58 60 112 
12 13 26 58 59 61 113 
12 13 26 27 58 60 112 113 
13 26 27 28 29 114 115 
1 28 29 30 115 116 117 
1 30 65 66 118 
1 30 64 66 
1 64 
1 14 31 32 33 119 
1 5 15 35 36 37 38 39 69 123 124 125 126 127 128 
5 15 16 36 37 38 39 68 70 71 126 127 128 129 130 
5 16 37 38 39 69 71 130 131 132 
5 16 38 39 69 70 72 130 132 
5 16 17 71 131 132 133 
17 18 40 41 135 136 137 
6 42 75 76 149 150 151 
74 76 149 150 151 152 
43 74 75 77 149 150 151 152 
43 76 78 79 151 152 153 
43 44 77 80 153 154 
43 44 77 78 80 153 154 
43 44 78 79 81 153 154 
4 20 43 44 80 154 155 
3 4 7 20 83 156 157 158 159 160 
3 4 7 20 82 157 158 159 160 
3 4 21 45 85 163 164 
3 21 45 84 86 164 
3 8 22 46 85 87 88 164 165 166 
8 22 46 86 88 164 165 166 167 
3 8 22 46 86 87 89 165 166 167 168 
3 8 22 46 47 88 90 91 167 168 
8 22 46 47 89 91 168 
8 22 47 90 169 
9 93 170 171 172 173 174 175 176 
9 48 92 172 173 174 175 176 
23 48 177 178 179 180 
23 49 181 
24 50 51 52 188 189 190 191 
24 51 52 190 191 192 
24 51 52 97 99 192 
24 98 100 192 
24 99 
53 102 101 
53 54 101 103 104 105 
53 54 102 104 105 
53 54 102 103 105 
53 54 102 103 104 
2 55 108 
2 55 106 
2 55 106 
2 55 
2 10 56 57 111 
2 10 56 57 110 
12 26 58 59 60 61 113 
12 13 26 27 112 
13 27 28 29 62 115 
28 29 62 63 114 
28 29 30 63 117 
30 116 118 
1 30 64 117 
1 14 33 34 67 
14 33 34 121 
1 14 34 120 122 
1 15 34 35 121 123 
1 5 15 35 68 122 124 
1 5 15 68 123 
5 35 36 37 68 
5 15 36 37 38 39 68 69 125 127 129 
5 15 36 39 68 69 126 128 129 
5 15 36 37 38 39 68 69 126 127 129 
5 16 36 37 38 39 69 126 127 128 
5 16 38 39 69 70 71 131 132 
5 16 70 71 72 130 132 
5 16 70 71 72 130 131 
16 17 72 134 
17 40 133 135 136 
40 73 134 136 
17 40 73 134 135 
18 19 40 41 73 139 140 
18 19 41 137 139 140 141 
18 19 41 137 138 140 141 
18 19 41 137 138 139 141 
18 19 41 138 
18 19 
19 142 144 
19 142 143 145 146 
6 19 144 146 
6 144 145 
6 42 148 
6 147 
74 75 76 
74 75 76 149 151 152 
75 76 150 152 
43 75 76 77 150 151 
43 77 78 79 80 154 
43 44 78 79 80 81 153 
4 20 44 81 
4 7 20 155 157 
4 20 82 83 158 159 160 
4 7 20 82 83 157 
4 7 20 82 83 157 158 160 
3 4 82 83 157 158 159 
3 4 7 21 
3 4 7 21 45 163 
4 21 45 84 162 
3 45 84 85 86 87 165 
8 46 86 88 164 166 
3 8 22 46 86 87 88 165 167 168 
3 8 22 46 87 88 89 166 168 
8 22 46 47 89 90 166 
8 9 22 47 91 170 171 
9 92 169 171 172 173 
9 92 169 170 172 173 
9 92 93 170 171 173 174 
9 92 93 170 171 172 174 
9 92 93 172 173 175 176 
9 92 93 174 176 
9 93 174 175 
23 48 94 178 
23 48 94 177 179 180 
23 94 178 180 181 
23 94 178 179 181 
23 49 95 179 180 182 
49 95 181 
49 183 184 
50 183 185 
50 184 186 187 188 189 
50 185 187 188 189 
50 185 186 188 189 
50 96 185 186 187 
50 96 185 186 187 188 
24 51 52 96 97 191 
24 51 52 97 
24 51 52 99 

