46 282
2 1 
1 3 20 21 
2 4 5 20 21 22 23 
3 5 20 21 22 23 24 
13 3 4 22 23 24 
13 7 8 25 26 27 28 
13 6 8 25 26 27 28 
13 6 25 26 27 28 29 
19 14 29 30 31 32 33 
18 19 40 14 15 34 
18 19 40 41 15 35 36 37 38 
18 41 38 39 16 42 43 
5 6 7 8 23 24 25 27 28 
18 19 40 15 9 10 32 33 34 
18 19 40 41 14 10 11 35 36 
18 38 39 12 42 43 
18 41 44 46 
19 40 41 14 15 17 10 11 35 36 37 38 39 12 16 42 43 
18 40 41 14 15 9 10 32 33 34 35 36 
2 3 4 21 22 
2 3 4 20 22 
3 4 5 21 
13 3 4 5 24 
13 4 5 23 
13 6 7 8 26 27 
13 6 7 8 25 27 
13 6 7 8 25 26 28 29 
13 6 8 27 29 
8 9 27 28 30 31 
9 29 31 
9 29 30 32 
19 14 9 31 33 
19 14 9 
19 14 10 
18 19 40 15 11 36 
18 40 15 35 
18 40 41 11 38 39 
18 40 41 37 39 12 16 
18 41 37 38 12 16 42 
18 19 41 14 15 10 11 35 36 37 38 
18 19 40 17 11 37 39 12 16 42 43 
18 41 39 16 
41 12 16 42 
17 45 46 
17 44 
17 44 45 

