130 1208
78 85 97 130 
85 99 100 3 4 
71 72 86 99 100 2 4 5 
71 72 86 99 100 2 3 5 
71 72 86 99 100 101 3 4 6 7 8 
71 72 86 99 100 101 5 7 8 
71 72 86 100 101 5 6 8 
71 72 86 100 101 5 6 7 
72 73 74 79 102 103 10 11 12 13 
73 74 102 103 9 11 12 13 
74 79 103 9 10 12 13 
73 74 79 103 9 10 11 13 
73 74 79 103 9 10 11 12 
79 104 15 16 
79 104 105 106 14 16 
79 104 105 106 14 15 
107 18 19 
17 19 
68 107 17 18 20 
87 19 21 
68 87 88 107 20 22 23 
68 87 108 21 23 
87 88 108 109 22 
68 75 80 108 109 110 111 25 
68 75 110 111 24 
68 75 80 111 112 27 28 
68 75 80 26 28 29 
68 75 80 26 27 29 30 
68 75 76 80 81 113 27 28 30 31 
68 75 80 81 113 27 29 31 
75 76 80 81 89 113 29 30 32 33 
75 76 81 89 113 31 33 34 
75 76 81 89 113 31 32 34 
76 81 89 113 32 33 35 
69 76 77 81 89 114 34 36 37 38 
69 76 77 81 89 114 35 37 38 39 
69 76 89 35 36 38 
69 76 77 89 114 35 36 37 39 
69 76 77 82 90 114 115 116 36 38 40 41 
69 77 82 90 114 115 39 41 
69 77 82 90 114 115 116 117 118 39 40 42 
69 77 82 90 115 116 117 118 119 120 41 43 
69 82 90 115 116 117 118 119 120 
69 77 82 118 119 120 45 
69 120 46 
69 45 
91 48 49 
91 47 49 
91 47 48 
91 51 
91 50 52 
121 51 53 
121 52 53 
70 83 92 122 123 124 
70 83 84 92 93 124 125 56 57 58 
70 84 92 93 125 55 57 58 
70 84 92 93 125 55 56 58 
70 84 92 93 125 126 55 56 57 59 60 61 
70 84 93 94 125 126 58 60 61 
70 84 93 94 125 126 58 59 61 
70 84 93 94 125 126 58 59 
70 84 94 96 127 128 63 
70 95 96 127 128 129 62 64 
95 96 127 128 129 63 65 
95 128 64 66 67 
96 128 129 65 67 
96 129 65 66 
69 75 76 79 80 81 87 88 89 107 108 109 110 111 112 113 17 19 20 21 22 23 24 25 26 27 28 29 30 
68 75 76 77 80 81 82 89 90 91 114 115 116 117 118 119 120 35 36 37 38 39 40 41 42 43 44 45 46 
83 84 92 93 94 95 96 122 123 124 125 126 127 128 54 55 56 57 58 59 60 61 62 63 
72 73 74 78 85 86 97 98 99 100 101 130 2 3 4 5 6 7 8 
71 73 74 79 86 99 100 101 102 103 3 4 5 6 7 8 9 
71 72 74 79 86 101 102 103 9 10 11 12 13 
71 72 73 79 86 101 102 103 104 9 10 11 12 13 
68 69 76 77 80 81 87 89 110 111 112 113 24 25 26 27 28 29 30 31 32 33 
68 69 75 77 80 81 82 89 90 113 114 115 29 31 32 33 34 35 36 37 38 39 
68 69 75 76 81 82 89 90 114 115 116 117 118 119 120 35 36 37 38 39 41 42 43 44 
71 85 97 98 130 1 
68 72 73 74 103 104 105 106 9 11 12 13 14 15 16 
68 69 75 76 81 89 110 111 112 113 24 25 26 27 28 29 30 31 
68 69 75 76 77 80 89 113 114 29 30 31 32 33 34 35 36 
69 76 77 90 114 115 116 117 118 119 120 39 40 41 42 43 44 
70 84 92 93 121 122 123 124 54 55 
70 83 92 93 94 95 125 126 127 55 56 57 59 60 61 62 
71 78 97 98 99 130 1 2 
71 72 73 74 99 100 101 3 4 5 6 7 8 
68 75 88 107 108 109 110 20 21 22 23 
68 87 108 109 110 21 22 23 
68 69 75 76 80 81 113 114 31 32 33 34 35 36 37 38 
69 76 77 82 114 115 116 117 118 119 120 39 40 41 42 43 
69 48 49 50 51 
70 83 84 122 123 124 125 54 55 56 57 58 
70 83 84 92 94 125 126 127 55 56 57 58 59 60 61 
70 84 93 95 96 125 126 127 128 59 60 61 62 63 
70 84 94 96 127 128 129 62 63 64 65 
94 95 127 128 129 62 63 65 66 67 
71 85 98 130 1 97 
71 78 85 97 130 
71 72 85 86 100 2 4 5 6 
71 72 86 99 2 3 4 5 6 7 8 
71 72 73 74 86 5 6 7 8 
72 73 74 103 9 10 
72 73 74 79 102 9 10 11 12 13 
74 79 105 106 14 15 16 
79 104 106 15 16 
79 104 105 15 16 
68 87 17 18 20 21 
68 87 88 109 110 22 23 
68 87 88 108 110 23 24 
68 75 80 87 88 108 109 24 25 
68 75 80 112 24 25 26 
68 75 80 111 26 27 
68 75 76 80 81 29 31 32 33 34 
69 76 77 81 82 89 90 115 35 36 37 38 39 40 41 
69 76 77 82 90 114 116 117 118 119 39 40 41 42 43 
69 77 82 90 115 117 118 119 120 39 41 42 43 
69 77 82 90 115 116 118 119 120 41 42 43 
69 77 82 90 115 116 117 119 120 41 42 43 44 
69 77 82 90 115 116 117 118 120 42 43 44 
69 77 82 116 117 118 119 42 43 44 45 
83 122 52 53 
70 83 92 121 123 124 54 
70 83 92 122 124 54 
70 83 92 122 123 54 55 
70 84 92 93 94 126 55 56 57 58 59 60 61 
70 84 93 94 125 127 58 59 60 61 
70 84 93 94 95 96 126 128 62 63 64 
70 94 95 96 127 129 62 63 64 65 66 
95 96 128 63 64 65 66 67 
71 78 85 97 98 1 

