59 485
2 18 19 20 21 22 23 24 8 9 10 11 28 29 30 31 32 33 34 35 36 37 
1 3 23 24 25 12 13 14 38 39 40 41 42 43 44 45 
2 25 12 13 14 15 40 41 42 43 44 45 46 47 
59 5 25 26 16 49 51 52 
59 4 26 58 53 16 56 54 
18 19 20 7 27 28 
18 19 6 27 28 
1 18 19 20 9 28 29 30 31 32 33 34 
1 18 20 8 28 29 30 31 32 33 34 
1 21 22 23 11 35 36 37 
1 21 22 23 24 10 35 36 37 
2 3 23 24 38 39 40 41 42 43 44 
2 3 25 14 15 43 44 45 
2 3 25 13 15 44 45 
2 3 25 26 13 14 46 47 48 49 
59 5 26 52 
59 58 53 54 55 
1 19 20 6 7 8 9 18 27 28 29 
1 18 20 6 7 8 9 28 29 30 
1 18 19 6 7 8 9 27 28 30 
1 22 23 10 11 34 35 36 37 
1 21 23 24 10 11 35 36 37 
1 2 21 22 24 10 11 12 37 38 39 
1 2 22 23 11 12 37 38 39 40 41 
59 2 3 4 26 13 14 15 46 47 48 49 50 51 52 
59 4 5 25 15 16 49 50 51 52 
18 19 20 6 7 28 
1 18 19 20 6 7 8 9 27 29 30 
1 18 19 20 8 9 28 30 31 
1 19 20 8 9 28 29 31 32 
1 8 9 29 30 32 33 34 
1 8 9 30 31 33 34 
1 8 9 31 32 34 
1 21 8 9 31 32 33 
1 21 22 10 11 36 
1 21 22 10 11 35 
1 21 22 23 24 10 11 
2 23 24 12 39 
2 23 24 12 38 40 41 42 
2 3 24 12 39 41 42 43 44 
2 3 24 12 39 40 42 43 44 
2 3 12 39 40 41 43 44 
2 3 12 13 40 41 42 44 45 
2 3 12 13 14 40 41 42 43 45 
2 3 13 14 43 
3 25 15 47 48 
3 25 15 46 48 
3 25 15 46 47 49 
4 25 26 15 48 50 51 
25 26 49 52 
26 49 52 
4 25 26 16 50 51 
59 5 58 17 54 55 
59 5 58 53 56 55 
59 58 53 17 54 
59 4 5 54 
59 58 57 
59 5 53 17 56 54 55 57 
4 5 25 26 58 53 16 17 56 54 55 57 

