95 796
2 3 4 8 9 10 15 16 17 18 19 23 24 25 26 42 43 44 45 46 47 75 76 77 78 79 80 81 82 83 84 85 
1 3 4 8 9 10 11 17 18 19 25 26 27 28 47 48 83 84 85 87 88 89 90 
1 2 6 7 8 15 16 22 23 24 38 39 40 41 42 43 44 45 70 72 73 74 75 76 
1 2 10 11 27 28 48 49 50 51 91 92 93 94 95 4 
6 12 13 14 20 21 34 35 57 58 59 60 
3 5 7 14 15 22 36 37 63 64 65 66 67 68 
3 6 15 22 36 37 38 64 65 66 67 68 69 
1 2 3 9 10 17 18 19 24 25 26 44 45 46 47 77 78 79 80 81 82 83 
1 2 8 10 17 18 19 25 26 47 83 84 85 86 87 
1 2 4 8 9 17 19 26 28 47 48 85 86 87 88 89 90 
2 4 49 50 51 91 92 94 95 
5 29 31 32 33 53 54 55 56 
5 14 20 21 34 35 59 
5 6 13 20 21 34 35 36 60 61 62 63 
1 3 6 7 16 22 23 38 39 68 69 70 71 
1 3 15 23 38 39 40 41 70 72 73 74 
1 2 8 9 10 18 19 25 26 46 47 80 81 82 83 84 
1 2 8 9 17 19 25 26 46 47 81 82 83 84 
1 2 8 9 10 17 18 26 47 83 84 85 86 
5 13 14 34 
5 13 14 20 35 60 61 
3 6 7 15 37 38 65 66 67 68 69 
1 3 15 16 38 39 40 41 70 71 72 73 74 
1 3 8 42 43 44 45 75 76 77 78 79 
1 2 8 9 17 18 19 46 47 81 82 83 
1 2 9 10 17 18 19 27 47 83 85 86 87 
2 4 10 26 28 48 87 88 89 90 
2 4 10 27 48 88 89 90 
12 30 52 54 
52 54 
12 32 33 55 56 
12 31 33 56 57 
12 31 32 56 57 
13 14 20 60 
5 13 14 20 21 61 62 63 
7 14 61 62 63 64 
7 22 64 65 66 67 
7 15 16 22 39 68 69 70 
3 15 16 23 38 70 71 72 
3 16 23 39 41 71 72 73 74 
3 16 23 40 72 73 74 
1 3 24 43 44 75 76 
1 3 24 42 44 45 76 77 78 
1 3 8 24 42 43 45 76 77 78 
1 3 8 24 43 44 76 77 78 79 
1 8 17 18 25 79 80 81 82 
1 2 8 9 17 18 19 25 83 84 85 86 
2 4 10 27 28 88 89 90 
4 11 50 91 92 93 94 
4 11 49 51 93 94 
4 50 94 95 
29 30 
29 30 54 55 
12 29 30 53 55 
31 53 54 
12 32 
5 32 33 58 
5 57 59 
5 13 34 58 
5 13 14 20 21 34 
14 21 35 36 62 63 
14 35 36 61 
14 35 36 61 62 64 
6 7 36 37 63 65 
6 7 22 37 64 66 67 
7 22 37 67 
6 22 37 65 66 
6 7 15 22 38 69 
7 15 22 38 68 
3 15 16 23 38 39 71 
3 16 23 39 40 70 72 
3 16 23 39 40 41 73 
3 16 23 40 41 72 74 
3 16 23 40 41 73 
1 3 24 42 76 
1 3 24 42 43 44 45 75 
1 8 24 43 44 78 79 
1 8 24 43 44 45 77 79 
8 24 44 45 46 77 78 80 
1 8 17 46 79 81 
1 8 17 18 25 46 80 82 
1 8 17 18 25 46 81 
1 2 8 9 17 18 19 25 26 47 84 85 86 
1 2 9 17 18 19 47 83 85 
1 2 9 10 19 26 47 83 84 86 
2 9 10 19 26 47 
2 9 10 26 
2 10 27 48 89 
2 10 27 28 48 88 
2 10 27 28 48 
4 11 49 92 93 
4 11 91 93 
4 11 49 50 91 92 
4 11 49 50 51 
4 11 51 

