152 1234
2 3 4 5 6 10 11 12 14 15 23 24 25 35 36 37 38 39 59 62 63 64 65 66 67 68 69 121 122 123 124 125 126 127 128 129 130 131 132 133 
1 3 5 7 8 13 18 19 31 32 48 49 51 52 89 90 91 92 93 94 95 96 97 
1 2 4 5 9 13 14 18 19 20 21 22 31 32 33 34 53 54 55 56 100 102 103 104 105 106 107 108 109 3 
1 3 5 6 10 11 12 15 16 23 24 25 26 27 36 37 38 39 40 67 68 69 70 71 129 130 131 132 133 134 135 136 137 138 139 140 141 142 
1 2 3 4 6 10 11 13 14 20 21 22 34 53 54 55 56 57 58 59 109 110 111 112 113 114 115 116 117 
1 4 5 10 11 12 15 23 24 25 36 37 38 39 65 66 67 68 69 127 128 129 130 131 132 133 
2 8 17 29 30 42 43 44 45 46 47 79 80 81 82 83 
2 3 7 9 18 31 32 49 50 51 52 90 91 92 93 94 
2 3 8 18 19 31 32 49 50 51 52 93 94 95 96 97 
1 4 5 6 11 23 35 36 64 65 66 123 124 125 126 
1 4 5 6 10 35 36 64 65 66 123 124 125 126 
1 4 6 15 16 25 26 27 40 71 72 73 74 75 76 142 143 144 145 146 148 149 
2 3 5 20 21 33 34 53 54 102 103 104 105 106 107 108 
1 3 5 22 60 61 117 
1 4 6 12 16 25 40 70 71 136 137 138 139 140 141 142 143 
4 12 15 26 27 28 41 72 73 74 75 76 144 145 146 147 148 149 150 151 152 
7 29 30 44 80 81 
2 8 9 31 49 50 51 52 93 
3 9 33 100 
3 5 13 33 101 102 103 104 
3 5 13 22 34 53 54 55 56 57 109 110 111 
3 5 14 21 57 58 110 112 113 114 115 116 
1 4 6 10 24 37 38 39 67 68 69 129 130 131 132 133 
1 4 6 23 37 38 39 68 69 129 130 131 132 133 
1 6 12 15 40 70 136 137 138 139 140 141 
4 12 16 27 71 72 73 74 76 144 145 146 147 148 149 150 
12 16 26 41 75 76 147 148 149 150 151 
16 41 152 28 
7 17 42 43 79 80 
7 17 44 46 47 81 82 83 84 
2 3 8 9 18 32 51 52 93 94 95 
2 3 8 9 31 52 94 95 96 97 98 
3 13 20 101 102 103 
3 5 13 21 53 54 55 56 107 108 109 
1 10 11 64 121 123 124 125 
1 4 6 10 11 65 67 127 
1 4 6 23 24 38 67 68 127 128 129 
1 4 6 23 24 37 39 69 130 131 132 133 
1 4 6 23 24 38 69 
4 12 15 25 70 138 139 140 141 
16 27 28 151 152 
7 29 43 77 78 79 
7 29 79 
7 17 30 45 46 82 83 
7 30 44 46 81 82 83 
7 30 44 45 83 84 
7 30 46 84 85 86 
2 86 87 88 
2 8 9 18 50 51 
2 49 
2 8 9 18 31 49 93 
2 8 18 31 32 94 95 
3 5 13 21 34 54 55 107 108 
3 5 13 21 34 53 55 107 108 
3 5 21 53 54 56 109 
3 5 21 34 55 109 
5 22 58 111 112 113 114 
5 22 57 113 114 115 116 
1 5 14 60 61 117 118 
14 59 62 117 118 119 120 
14 59 60 62 117 118 119 120 
1 60 61 119 120 
1 62 119 120 121 
1 10 11 35 121 122 123 124 
1 6 10 11 36 126 
1 6 10 11 36 
1 4 6 23 36 37 68 127 128 129 
1 4 6 23 24 37 67 128 129 
1 4 6 23 24 38 39 132 133 
4 15 25 40 134 135 136 137 138 
4 12 15 26 72 73 74 142 143 
12 16 26 71 73 74 144 145 146 
12 16 26 71 72 74 144 146 
12 16 26 71 72 73 144 145 146 
12 16 26 27 76 147 148 149 150 
12 16 26 27 75 147 148 149 150 
42 78 
42 77 
7 29 42 43 
17 29 
7 17 30 44 45 82 83 
7 30 44 45 81 83 
7 30 44 45 46 81 82 
30 46 47 85 
46 84 
47 48 87 88 
48 86 88 
48 87 88 
2 90 89 
2 8 89 91 
2 8 90 92 
2 8 91 
2 8 9 18 51 
2 8 9 31 32 52 
2 9 31 32 52 94 
2 9 32 97 98 99 
2 9 32 96 98 99 
32 96 97 99 
96 97 98 
3 19 
3 20 33 
3 13 20 33 103 104 
3 13 20 33 102 104 
3 13 20 33 102 103 
3 13 106 
3 13 105 
3 13 34 53 54 108 
3 13 34 54 107 
5 21 34 54 55 56 
5 21 22 56 
5 21 22 57 112 113 114 
5 22 57 58 111 113 114 
5 22 57 58 111 112 114 
5 22 57 58 111 112 113 
5 22 58 116 
5 22 58 115 
5 14 59 60 61 118 
59 60 61 117 119 120 
60 61 62 63 118 120 
60 61 62 63 119 
1 35 63 64 122 
1 64 121 
1 10 11 35 64 124 
11 35 64 123 125 
1 10 11 35 124 
1 10 11 65 
1 6 36 37 67 128 
1 6 37 67 68 127 
1 4 6 23 24 37 67 68 
1 4 6 23 24 38 131 132 133 
1 4 6 23 24 38 130 132 133 
1 4 6 23 24 38 69 130 131 133 
1 4 6 23 24 38 69 130 131 132 
4 135 
4 70 134 136 137 
4 15 25 70 137 
4 15 25 70 135 136 
4 15 25 40 70 139 140 
4 15 25 138 140 
4 15 25 40 138 139 
4 15 40 142 
4 12 15 71 141 143 
12 15 71 142 
12 16 26 72 73 74 145 146 
16 26 72 73 74 144 146 
12 16 26 72 73 74 144 145 
12 16 26 75 76 148 
12 16 26 27 75 76 147 149 
12 16 26 27 75 76 148 150 
16 26 27 75 76 149 151 
16 27 41 150 152 
16 28 41 151 

