175 1194
94 95 125 174 175 
60 95 96 97 98 99 126 3 
60 96 97 98 99 2 4 
60 97 98 99 5 
60 96 97 98 99 4 
60 100 127 128 129 
60 70 100 127 128 129 6 
60 70 100 127 128 129 130 131 
60 70 100 130 131 10 
60 70 71 132 9 11 
60 70 71 132 10 
60 71 72 
60 72 14 
60 72 15 
60 14 
101 133 17 18 
101 133 18 
101 133 16 17 
77 20 
77 19 21 22 
77 20 22 
77 20 21 
77 78 24 
77 78 23 
78 26 27 
78 25 27 
78 25 26 
62 102 134 
62 102 
62 31 32 
62 30 32 
62 30 31 
62 63 135 34 
63 135 136 33 
63 103 137 36 
63 103 137 35 
63 103 137 138 
65 104 106 139 39 
65 105 106 139 38 
65 82 105 106 139 41 
65 66 82 40 42 
65 66 82 41 
66 82 
66 79 45 46 
44 46 
66 79 44 
61 67 80 107 108 48 
61 80 107 108 47 
61 64 141 142 50 
64 109 142 49 51 52 53 
61 64 109 142 50 52 53 54 
61 64 109 142 50 51 53 54 55 
64 109 142 50 51 52 54 55 
64 109 142 50 51 52 55 
64 109 52 53 54 56 
64 83 109 110 111 55 57 58 59 
64 83 109 110 111 56 58 59 
64 83 109 110 111 56 57 59 
143 64 83 110 111 56 57 58 
62 70 71 72 77 91 92 93 94 95 96 97 98 99 100 101 125 126 127 128 129 130 131 132 133 2 3 4 5 6 7 8 9 10 11 12 13 14 15 
68 62 63 64 65 66 67 82 79 80 81 83 107 108 109 110 140 141 142 47 48 49 50 51 52 
60 61 63 65 77 78 102 103 134 135 136 28 29 30 31 32 33 
61 62 65 66 82 103 104 105 106 135 136 137 138 139 33 34 35 36 37 38 
68 112 143 144 61 81 83 109 110 111 141 142 49 50 51 52 53 54 55 56 57 58 59 
61 62 63 66 82 103 104 105 106 139 65 38 39 40 41 42 
61 63 65 67 82 79 42 43 44 45 
61 66 79 80 107 108 140 47 
84 112 143 144 83 110 111 68 
73 84 85 113 114 147 148 
60 71 72 100 127 129 130 131 132 7 8 9 10 11 
60 70 132 10 11 12 
60 70 71 132 12 13 14 
69 74 149 150 151 152 153 154 
73 75 76 86 115 152 153 154 155 156 157 158 
74 76 86 116 158 159 160 161 162 163 164 
74 75 86 87 115 116 159 160 161 162 163 164 
60 62 78 101 19 20 21 23 24 
62 77 102 23 24 25 26 27 
61 66 67 82 80 107 140 44 45 46 
61 67 79 81 107 108 140 48 
61 64 80 108 141 49 
61 63 65 66 105 106 139 40 41 42 43 
112 143 144 61 64 109 110 111 56 57 58 59 
68 69 85 113 145 146 147 148 
69 84 113 114 145 146 147 148 
74 75 76 87 115 116 117 118 119 159 160 161 162 163 164 
76 86 88 116 117 118 119 165 166 
87 89 120 121 166 167 168 169 
88 90 120 121 122 169 170 
89 121 170 171 
60 92 93 123 172 173 
60 91 93 94 123 124 172 173 
60 91 92 94 123 124 125 173 
60 92 93 95 123 124 125 173 174 175 1 
60 94 96 97 98 125 126 174 175 1 2 
60 95 97 98 99 126 2 3 4 5 
60 95 96 98 99 126 2 3 4 5 
96 97 99 126 2 3 4 5 
60 96 97 98 126 2 3 4 5 
70 127 128 129 130 131 6 7 8 9 
60 77 133 16 17 18 101 
62 78 28 29 
62 63 65 104 137 138 35 36 37 
63 65 103 105 106 38 
63 65 82 104 106 139 38 39 40 
63 65 82 104 105 139 38 39 
61 67 80 108 140 47 48 
61 67 80 81 107 47 48 
61 64 83 110 111 142 50 51 52 53 54 55 56 57 58 
112 143 144 61 64 83 109 111 56 57 58 59 
112 143 144 64 83 109 110 56 57 58 59 
68 144 
69 84 85 145 146 147 148 
69 85 
74 75 76 86 116 159 160 162 163 164 
75 76 86 87 115 117 161 162 163 
86 87 116 118 119 165 166 
86 87 117 119 165 166 
86 87 117 118 165 166 
88 89 121 122 167 168 169 
88 89 90 120 122 169 
89 120 121 169 
91 92 93 94 124 125 173 
92 93 94 123 125 173 174 
60 93 94 95 123 124 173 174 175 1 
60 95 96 97 98 99 2 
60 70 100 128 129 130 131 6 7 8 
60 70 100 127 129 130 131 6 7 8 
60 70 100 127 128 130 131 6 7 8 
60 70 100 127 128 129 131 8 9 
60 70 100 127 128 129 130 8 9 
60 70 71 72 10 11 
60 101 15 16 17 18 
62 102 28 
62 63 136 33 34 
62 63 135 33 34 
63 138 35 36 37 
103 137 37 
63 65 82 105 106 39 40 
61 67 79 80 107 
61 64 49 
61 109 49 50 51 52 54 
68 112 144 59 
68 112 143 
84 85 113 
84 85 113 145 147 
69 84 85 146 148 
69 84 85 147 
73 150 151 
149 151 
73 149 150 
73 74 153 154 
73 74 152 154 
74 152 153 155 156 
73 74 154 156 157 158 
74 154 155 157 158 
74 155 156 158 
74 75 155 156 157 
75 76 86 115 160 161 162 163 
75 76 86 115 159 161 162 163 
75 76 86 115 116 159 160 162 163 
75 76 86 115 116 159 160 161 163 
75 76 86 115 116 159 160 161 162 164 
75 76 86 87 115 116 163 
87 117 118 119 166 
88 117 118 119 165 167 
88 120 166 168 
88 120 169 
88 89 120 121 122 168 
89 171 
90 170 
91 92 
91 92 93 123 124 125 
95 124 125 175 
94 95 125 174 1 

