56 394
2 4 35 1 
1 4 
9 10 5 39 40 
1 2 
9 10 14 37 39 40 41 3 
14 41 36 43 
9 10 38 13 8 
9 10 37 38 39 13 7 
10 15 37 5 42 38 39 40 41 36 11 12 13 7 8 3 
9 14 37 5 42 38 39 40 11 12 13 7 8 3 
9 10 42 12 
9 10 37 38 11 13 
9 10 37 38 12 7 8 
9 10 15 5 49 50 40 41 36 43 6 
9 14 16 17 49 50 51 43 6 18 19 
15 17 49 50 51 52 44 18 19 20 21 
15 16 49 50 51 52 44 18 19 20 21 24 
15 16 17 49 50 51 44 19 20 
15 16 17 49 50 51 44 18 20 
16 17 51 52 44 18 19 21 
16 17 51 52 44 20 
55 56 46 47 48 32 33 
53 54 45 24 25 26 27 34 
17 52 45 23 
54 45 23 26 27 
53 54 45 23 25 27 34 
53 54 45 23 25 26 34 
54 55 46 47 29 30 31 
55 46 47 28 30 31 
55 46 47 28 29 31 32 
55 46 47 28 29 30 32 
22 55 46 47 30 31 33 
22 47 33 
53 45 23 25 27 
1 48 
9 14 41 6 
9 10 5 39 12 13 7 8 
9 10 37 39 12 13 7 8 
9 10 37 5 38 40 8 3 
9 10 14 5 39 41 3 
9 14 5 40 36 6 
9 10 11 42 
14 15 49 50 
16 17 51 52 18 19 20 21 
52 53 54 24 23 25 26 27 34 
22 55 47 28 29 30 31 32 
22 55 46 28 29 30 31 32 33 
22 56 35 
14 15 16 17 50 51 43 18 19 
14 15 16 17 49 51 43 18 19 
15 16 17 49 50 52 44 18 19 20 21 
16 17 51 44 45 21 24 
54 55 45 25 26 27 34 28 
53 55 45 23 25 26 27 34 28 
22 53 54 46 47 28 29 30 31 32 
22 48 

