58 326
16 17 18 57 39 
58 16 17 57 
6 40 5 
55 56 37 13 27 28 29 
6 40 3 
9 10 41 42 20 21 40 3 5 7 8 11 54 47 
6 41 20 8 
6 41 20 7 
6 10 41 42 43 20 21 11 54 47 48 
6 9 42 43 21 22 54 47 48 49 50 
6 42 54 
38 58 15 32 33 34 35 36 
4 55 56 27 28 29 
4 55 56 37 13 28 29 30 
12 38 58 33 
2 17 18 19 57 1 
2 16 18 19 57 1 39 
16 17 19 57 1 39 
16 17 18 57 1 39 
6 41 8 
6 9 10 42 43 47 48 49 
10 44 50 51 
44 45 46 24 25 52 53 
46 23 25 53 
23 25 
26 27 
4 55 56 13 26 
4 55 56 37 13 14 29 
4 55 56 37 13 14 
55 56 37 14 29 
37 32 
12 38 31 
12 38 58 15 34 35 
12 58 33 35 36 
12 58 33 34 36 
12 58 35 
4 55 56 13 14 28 29 30 31 
12 58 15 32 33 
17 18 19 1 40 
6 39 3 5 
6 9 20 7 8 
9 10 21 11 54 47 48 
9 10 45 21 49 50 
45 46 22 51 52 53 
43 44 46 22 23 51 52 53 
44 45 23 24 25 52 53 
6 9 10 42 21 48 49 
9 42 21 47 49 
9 10 43 21 47 48 
10 43 
43 44 45 22 50 
44 45 46 23 
44 45 46 24 
6 10 42 
4 56 37 13 14 27 29 30 
4 55 37 13 14 27 28 29 30 
2 16 17 18 19 1 
12 38 2 15 33 34 35 36 

