95 816
71 2 
48 70 71 72 1 
48 72 73 4 5 6 
48 72 73 3 5 6 
48 73 3 4 6 
48 60 73 3 5 7 
48 60 73 74 6 
48 51 60 
51 52 61 75 76 10 
51 52 75 76 77 9 
52 62 77 78 12 13 
62 77 78 11 13 
62 77 78 11 12 
44 49 64 65 15 16 
44 49 63 64 65 79 14 16 
44 49 64 65 79 14 15 
44 49 53 79 
44 45 50 53 19 20 21 22 
44 45 50 53 18 20 21 22 
44 45 50 53 18 19 21 22 23 
44 45 50 80 18 19 20 22 23 
44 45 50 18 19 20 21 23 
44 45 50 80 20 21 22 
44 45 50 54 55 66 67 80 81 82 83 25 
44 45 46 50 54 55 66 67 81 82 83 
45 46 47 54 55 67 84 27 
44 45 46 54 55 67 84 26 28 
45 46 47 84 85 86 27 29 30 
45 46 47 68 84 85 87 28 30 
45 46 47 68 85 86 87 28 29 
46 47 68 88 32 
46 47 89 31 
56 69 33 
56 69 33 
69 91 36 
69 91 
57 58 69 91 92 
57 58 59 92 93 39 
57 58 59 93 94 38 40 
57 58 59 94 39 41 
94 40 42 
95 41 43 
95 42 
45 46 47 49 50 51 53 54 55 62 63 64 65 66 67 68 79 80 81 82 83 84 85 14 15 16 17 18 19 20 21 22 23 24 25 26 27 
44 46 47 49 50 53 54 55 56 66 67 68 80 81 82 83 84 85 86 87 88 18 19 20 21 22 23 24 25 26 27 28 29 30 
44 45 47 50 53 54 55 56 66 67 68 83 84 85 86 87 88 89 90 25 26 27 28 29 30 31 32 
44 45 46 50 54 55 56 66 67 68 84 85 86 87 88 89 90 26 27 28 29 30 31 32 
44 51 52 60 61 70 71 72 73 2 3 4 5 6 7 8 
44 45 50 53 62 63 64 65 79 14 15 16 17 
44 45 46 47 49 53 54 66 67 80 81 82 83 18 19 20 21 22 23 24 25 
44 48 52 60 61 75 76 77 8 9 10 
48 51 61 62 75 76 77 78 9 10 11 
44 45 46 49 50 79 17 18 19 20 
44 45 47 50 55 66 67 80 81 82 83 84 24 25 26 27 
44 45 46 47 50 54 66 67 81 82 83 84 24 25 26 27 
45 46 47 69 89 90 33 34 
58 59 69 91 92 93 94 37 38 39 40 
59 93 94 37 38 39 40 
57 58 92 93 94 38 39 40 
48 51 73 74 6 8 
48 51 52 75 76 9 
44 49 52 63 64 77 78 11 12 13 
44 49 62 64 65 14 15 
44 49 62 63 65 14 15 16 
44 49 63 64 14 15 16 
44 45 46 47 50 54 55 67 80 81 82 83 24 25 
44 45 46 47 50 54 55 66 82 83 84 24 25 26 27 
44 45 46 47 85 86 87 88 28 30 31 
56 57 91 33 34 35 36 37 
48 71 2 72 
48 70 1 2 72 
48 73 2 72 3 4 
48 60 72 74 3 4 5 6 7 
48 60 73 6 7 
51 52 61 76 78 9 
52 61 77 78 9 10 
51 52 62 75 76 10 11 12 13 
52 62 75 76 77 11 12 13 
44 49 53 15 16 17 
44 45 50 54 66 81 82 83 21 22 23 24 
44 45 50 54 55 66 80 82 83 24 25 
44 50 54 55 66 67 80 81 83 24 25 
44 45 46 50 54 55 66 67 80 81 82 24 25 
44 45 46 47 54 55 67 85 26 27 28 29 
44 45 46 47 68 84 87 28 29 30 
45 46 47 68 85 87 88 28 29 30 
45 46 47 68 85 86 88 29 30 
45 46 47 68 86 87 31 
47 56 90 31 32 
46 47 56 89 
57 69 35 36 37 
57 58 59 93 37 38 
57 58 59 92 38 
57 58 59 95 39 40 41 
94 41 42 43 

