69 452
54 47 50 
7 56 59 63 64 66 68 
53 54 5 43 
7 17 33 57 10 12 13 14 15 16 18 19 20 21 25 22 23 24 65 35 42 36 37 38 39 40 41 
53 54 3 43 
55 51 52 
4 17 2 33 57 8 9 10 11 12 13 14 15 16 18 19 20 21 27 29 30 31 32 34 35 42 
7 9 10 27 28 29 30 31 32 
8 27 29 30 31 32 
4 7 57 8 11 32 34 
7 57 12 32 34 
4 7 57 10 34 
4 7 57 14 15 16 18 19 34 
4 7 57 13 15 16 18 34 
4 7 57 13 14 16 18 19 
4 7 57 13 14 15 18 19 35 
4 7 33 57 16 18 19 20 21 25 22 35 42 36 37 
4 7 17 57 13 14 15 16 19 35 
4 7 17 57 13 15 16 18 20 35 42 
4 17 19 21 25 35 42 36 
4 7 17 20 25 36 
4 17 33 37 38 
4 33 24 38 39 40 
4 33 23 39 40 41 
4 17 20 21 36 
56 52 58 60 61 62 
7 8 9 28 29 30 
8 27 29 30 
7 8 9 27 28 30 31 
7 8 9 27 28 29 31 
7 8 9 29 30 32 
7 8 9 10 11 12 31 
4 7 17 22 23 24 37 38 39 40 41 
7 57 10 11 12 13 14 
4 7 17 57 16 18 20 42 
4 17 20 21 25 
4 17 33 22 
4 33 22 23 
4 33 23 24 40 41 
4 33 23 24 39 41 
4 33 24 39 40 
4 7 17 19 20 35 
53 54 3 5 
65 67 69 45 48 
65 67 69 44 46 
65 67 69 44 45 
54 55 50 51 
65 67 69 44 45 46 49 
48 49 
54 55 1 51 
55 1 6 47 50 
6 58 60 
54 55 3 5 1 43 
53 55 3 5 1 43 47 50 
53 54 1 6 47 50 51 
2 26 63 
4 7 17 10 11 12 13 14 15 16 18 19 34 35 
52 26 61 62 
2 64 66 68 
52 58 26 61 62 
56 52 58 26 62 
56 58 60 26 61 
2 56 
2 59 68 
4 67 69 44 45 46 48 
2 59 64 68 
65 69 44 45 46 48 
2 66 
65 67 44 45 46 48 

