35 221
2 8 31 32 33 7 9 10 20 21 
1 8 11 32 33 34 9 10 20 21 22 23 24 25 
4 5 14 
3 5 6 14 15 
3 4 6 14 15 16 17 18 
31 4 5 15 16 18 19 
1 2 8 31 32 9 10 
1 2 32 33 7 9 10 20 21 22 23 
1 2 8 32 33 7 10 
1 2 8 32 33 7 9 20 
2 34 35 12 26 
11 34 
27 28 
3 4 5 
31 4 5 6 16 17 18 19 
31 5 6 15 17 18 19 
31 5 6 15 16 18 19 
31 5 6 15 16 17 19 
31 6 15 16 17 18 
1 2 8 32 33 10 21 22 
1 2 8 32 33 20 22 
2 8 32 33 20 21 23 
2 8 32 33 22 24 
2 23 25 
2 24 
11 13 27 28 
35 13 26 28 29 30 
35 13 26 27 29 30 
13 26 27 28 
35 13 28 29 
1 8 6 7 15 17 18 19 
1 2 8 33 9 10 20 21 22 
1 2 8 32 9 10 20 21 22 23 
2 11 12 
11 13 26 27 28 29 30 

