30 204
10 28 29 30 21 22 23 25 26 27 7 8 9 11 12 13 14 
19 3 
19 2 
10 20 5 
10 21 22 4 6 
10 21 5 
1 10 22 23 26 8 
1 10 23 24 25 26 7 
1 25 26 11 12 
1 19 20 21 22 23 24 25 4 5 6 7 8 
1 28 25 26 27 12 
1 28 27 9 13 14 
1 28 29 27 12 14 
1 28 29 27 12 
28 29 27 16 17 18 
28 29 30 27 15 17 18 
28 29 30 27 15 16 18 
28 29 30 15 16 17 
10 20 2 3 
10 19 4 
1 22 4 5 6 
1 10 21 23 24 5 6 7 
1 10 22 24 25 26 7 8 
1 10 22 23 25 26 7 8 
1 10 23 24 26 7 8 9 11 
1 23 24 25 7 8 9 11 
1 28 29 30 11 12 13 14 15 16 17 
1 29 30 27 9 11 12 14 15 16 17 18 
1 28 30 27 13 14 16 18 
1 28 29 27 15 16 17 18 

