36 217
16 17 
6 16 35 36 7 8 9 10 11 19 21 22 23 24 25 26 27 
31 13 14 
16 31 32 33 34 5 13 
16 17 32 33 34 4 12 15 
2 35 36 7 8 9 10 11 21 22 23 24 25 26 
2 6 8 19 20 
2 6 7 9 10 22 
2 6 8 10 21 22 23 
2 6 8 9 21 22 23 
2 6 23 24 
16 17 32 33 34 5 15 18 
31 3 4 
31 3 13 
16 17 32 33 34 5 12 
2 17 31 32 33 34 4 5 12 15 18 1 
16 32 33 34 5 12 15 18 1 
16 17 34 12 15 
2 7 20 
7 19 
2 6 9 10 22 23 
2 6 8 10 
6 9 10 21 24 
2 6 11 23 
2 6 35 26 
2 6 25 27 
2 35 36 26 
35 36 29 30 
36 28 30 
36 28 29 
16 32 4 13 14 
16 17 33 34 4 5 12 15 
16 17 32 34 4 5 12 15 
16 17 32 33 4 5 12 15 18 
2 6 36 25 26 27 28 
2 6 35 27 28 29 30 

