158 1262
76 77 118 119 120 
77 83 99 121 3 
77 83 99 2 4 
77 83 99 3 5 
77 83 99 4 
84 122 123 7 
84 122 123 6 
122 123 9 10 
123 8 
8 9 11 
124 10 12 
124 13 
100 124 125 12 14 
100 124 125 13 
85 86 125 16 
85 86 126 127 15 17 
85 86 126 127 128 16 18 
85 86 126 127 128 129 17 
87 88 101 102 130 20 21 
78 87 88 101 102 130 21 
78 87 88 101 102 130 19 20 
78 79 88 89 103 131 
73 79 103 131 24 25 26 
73 103 23 25 26 27 28 
73 103 132 23 24 26 28 
73 132 133 23 24 25 27 28 
73 132 133 25 26 28 29 
73 132 133 24 25 26 27 29 
73 132 133 134 27 28 
73 134 135 31 
73 135 30 
73 80 33 
73 80 32 
73 74 80 104 35 
73 74 80 105 
74 81 136 37 38 
36 38 
136 137 36 37 
136 137 40 41 
106 136 137 39 41 
106 136 137 138 39 40 42 
90 106 107 138 41 
106 138 42 44 
90 106 107 138 43 
90 106 107 139 
108 109 140 141 47 
108 110 140 141 46 48 49 50 
110 140 141 47 49 
110 140 141 47 48 50 
110 141 47 48 49 
91 110 111 142 50 52 
91 92 110 111 142 51 53 
91 92 93 111 142 52 
91 92 93 94 112 143 144 145 55 56 57 
91 92 93 94 112 143 144 145 146 54 56 57 
92 93 94 112 143 144 145 146 54 55 57 
92 93 94 112 143 144 145 54 55 56 
93 94 113 146 147 148 59 
113 146 147 148 149 58 60 61 
75 94 113 147 148 149 150 59 61 62 63 64 
113 147 148 149 150 59 60 62 63 64 
75 94 113 148 149 150 60 61 63 64 
75 94 148 149 150 60 61 62 64 
75 113 148 149 150 60 61 62 63 65 
113 64 
75 82 95 114 115 151 152 
75 82 95 116 152 154 68 
82 95 116 153 154 67 69 
95 116 153 154 68 
97 117 155 156 
96 97 117 155 156 157 72 
96 97 157 158 71 
74 78 79 80 81 87 88 89 101 103 104 105 131 132 133 134 135 23 24 25 26 27 28 29 30 31 32 33 34 35 
73 80 81 104 105 136 34 35 36 
82 95 96 113 114 115 116 148 149 150 151 152 153 154 60 62 63 64 65 67 
77 83 98 118 119 120 121 76 1 
76 83 84 99 118 119 120 121 2 3 4 5 
73 79 85 86 87 88 89 101 102 103 128 129 130 131 19 20 21 22 
73 78 88 89 101 102 103 130 20 21 22 23 
73 74 81 104 105 32 33 34 35 
73 74 80 104 105 36 
75 95 96 97 114 115 116 117 151 152 153 154 155 66 67 68 69 
76 77 84 99 118 119 120 121 1 2 3 4 5 
77 83 99 122 123 6 7 
78 87 100 125 126 127 128 15 16 17 18 
78 85 87 100 126 127 128 129 15 16 17 18 
73 78 79 85 86 88 89 101 102 128 129 130 19 20 21 
73 78 79 87 89 101 102 103 130 19 20 21 22 
73 78 87 88 101 102 103 130 131 22 
74 106 107 108 109 139 140 42 43 44 45 
92 94 110 111 142 143 144 145 51 52 53 54 55 
91 93 94 110 111 112 142 143 144 145 52 53 54 55 56 57 
91 92 111 112 143 144 145 146 147 53 54 55 56 57 58 
75 91 92 93 112 113 143 144 145 146 147 148 149 150 54 55 56 57 58 59 60 61 62 63 
75 82 96 97 114 115 116 151 152 153 154 66 67 68 69 
75 82 95 97 116 154 155 156 157 70 71 72 
82 95 96 117 155 156 157 158 70 71 72 
76 118 
77 83 84 121 2 3 4 5 
85 86 124 125 13 14 15 16 
73 78 79 87 88 89 102 128 129 130 19 20 21 
78 79 87 88 89 101 130 19 20 21 
73 78 79 88 89 131 22 23 24 25 
73 74 80 81 105 34 35 
73 80 81 35 
90 107 136 138 139 39 40 41 42 43 44 45 
90 106 139 42 43 44 45 
90 109 139 140 141 46 47 
108 139 140 141 46 47 
91 92 111 141 142 47 48 49 50 51 52 
91 93 110 112 142 51 52 53 
91 92 93 94 111 143 144 146 55 56 57 
75 94 147 148 149 150 58 59 60 61 62 63 64 65 
75 82 95 115 152 66 
75 95 114 151 152 66 
75 82 95 96 117 151 152 153 154 67 68 69 
82 95 96 97 116 154 155 156 70 71 
76 77 83 98 119 120 121 1 
76 77 83 118 120 121 1 
76 77 83 118 119 121 1 
76 77 83 99 118 119 120 2 
84 123 6 7 8 
84 122 6 7 8 9 
100 125 11 12 13 14 
85 100 124 13 14 15 
85 86 127 128 129 16 17 18 
85 86 126 128 129 16 18 
78 85 86 87 101 126 127 129 17 18 
78 86 87 101 127 128 
78 79 87 88 89 101 102 19 21 
73 78 79 89 103 22 23 
133 134 24 25 26 27 28 29 
73 132 134 26 27 28 29 
73 132 133 135 29 30 
73 134 30 31 
74 106 137 138 36 38 39 40 41 
136 38 39 40 41 
90 106 107 136 41 42 43 44 
90 106 107 108 109 140 45 
90 108 109 139 141 46 47 48 49 
108 109 110 140 46 48 49 50 
91 92 110 111 51 52 53 
91 92 93 94 112 144 145 146 54 55 56 57 
91 92 93 112 143 145 146 54 55 56 57 
91 92 93 94 112 143 144 146 54 55 56 57 
93 94 112 143 144 145 147 55 56 57 58 59 
93 94 113 146 148 149 58 59 60 61 
75 94 113 147 149 150 58 59 60 61 62 63 
75 113 147 148 150 59 60 61 62 63 64 
75 94 113 148 149 60 61 62 63 64 
82 95 114 115 116 152 66 
75 82 95 114 115 116 151 153 66 67 
75 82 95 116 152 154 67 68 69 
75 82 95 96 116 117 153 67 69 
82 96 97 117 156 70 71 
96 97 117 155 70 71 
96 97 158 71 72 
97 157 72 

