55 357
37 45 6 
45 46 3 53 
45 46 6 53 2 
15 40 41 7 
15 24 40 41 4 7 
37 45 46 1 3 
24 40 41 4 5 
15 25 42 13 10 
25 42 13 8 10 
25 36 42 43 44 13 8 9 11 
36 42 43 44 13 14 10 
36 43 44 14 
15 25 36 42 43 44 14 8 10 11 
36 42 43 44 13 11 12 
24 25 36 40 41 42 43 44 54 13 4 5 7 50 51 52 8 
36 37 17 18 19 
36 16 18 
16 17 19 
37 16 18 
38 39 46 47 48 21 55 23 27 22 28 26 29 30 
20 47 26 29 30 
20 38 23 27 28 26 
20 38 27 22 28 
15 25 40 41 42 54 4 5 7 50 51 52 
15 24 36 40 41 42 43 44 54 13 50 51 52 8 9 10 
20 47 21 22 28 
20 38 23 22 28 
20 38 23 27 22 26 
20 47 48 21 30 
20 47 48 21 29 
39 49 33 34 
39 49 31 33 34 
39 49 31 32 34 
39 49 31 32 33 
39 48 35 
15 25 42 43 44 13 14 16 10 11 12 17 
45 1 19 37 6 
20 45 46 47 23 27 22 28 
20 48 49 55 35 31 32 33 34 
15 24 25 41 5 
15 24 25 40 4 5 7 
15 24 25 36 43 44 13 14 8 10 11 
15 25 42 44 13 10 11 12 
15 25 36 42 43 13 14 10 11 12 
37 38 46 3 6 53 2 
20 38 45 3 6 53 
20 38 48 21 29 30 
20 39 47 49 55 29 30 35 
39 48 55 31 32 33 34 
15 24 25 54 51 52 
15 24 25 54 50 52 
15 25 54 50 51 
45 46 3 2 
15 24 25 50 51 52 
20 39 48 49 35 

