28 199
8 2 25 15 16 
5 1 25 26 15 16 
5 6 7 8 9 4 28 18 19 20 21 22 
5 6 7 9 3 28 19 20 21 22 
6 7 8 9 1 2 3 26 27 28 17 18 19 20 21 22 
5 7 8 9 3 4 26 27 28 17 18 19 20 21 22 
5 6 8 9 3 4 26 27 28 17 18 19 20 21 22 
5 6 7 9 3 26 27 17 18 
5 6 7 8 3 4 27 28 17 19 20 21 22 
11 10 
10 12 
23 10 11 13 
23 24 11 12 
23 24 25 
1 2 16 
1 15 
6 7 8 9 27 
6 7 8 9 3 19 20 
5 6 7 9 3 4 18 20 21 
5 6 7 9 3 4 18 19 21 22 
6 7 9 3 19 20 22 
5 6 7 9 3 4 28 20 21 
24 25 12 13 14 
23 25 13 14 
1 2 23 24 14 
5 6 7 8 2 
5 6 7 8 9 
5 6 7 9 3 4 22 

