160 1251
22 32 58 2 3 4 
22 32 58 3 4 
22 58 88 1 2 4 5 
22 58 88 1 2 3 5 
58 88 89 3 7 
58 88 89 5 7 
58 88 89 90 5 6 8 
88 89 90 7 10 
91 8 10 11 12 
90 91 8 9 11 12 
90 91 92 9 12 
90 91 92 9 10 11 13 
33 91 92 93 12 14 
33 91 92 93 13 
33 93 94 16 
33 93 94 15 17 
33 94 16 
34 95 96 19 20 
34 95 96 18 20 
34 96 18 19 20 
22 23 24 25 26 27 44 45 46 47 48 49 50 51 52 67 68 69 70 71 72 73 74 75 76 123 124 125 126 127 128 129 130 131 132 133 
21 26 27 28 32 33 53 54 55 56 57 58 82 84 85 86 87 88 89 146 147 148 149 150 151 152 153 154 155 156 157 158 159 160 1 2 3 4 
21 24 25 31 42 43 44 45 65 66 67 68 69 117 120 121 122 123 
21 23 25 31 41 42 43 44 65 66 114 115 116 117 118 119 120 121 
21 23 24 45 46 47 48 70 71 72 123 124 125 126 127 128 129 
21 22 27 52 53 75 76 77 78 79 80 134 135 136 137 138 139 140 141 142 143 
21 22 26 52 53 54 55 79 80 81 82 83 137 138 139 140 141 142 143 144 145 146 147 
22 32 55 56 57 84 85 86 87 151 152 153 154 155 156 157 158 
36 37 38 59 60 98 99 100 101 102 103 104 105 
24 31 39 40 41 113 114 115 
23 24 30 42 43 44 65 66 114 116 117 118 119 
28 58 85 86 87 158 159 160 1 2 3 
22 34 91 92 93 94 13 14 15 16 17 
33 95 96 18 19 20 
59 60 97 
29 37 38 59 98 99 100 101 102 103 
29 36 61 100 101 102 103 104 105 106 
29 36 37 61 102 103 104 105 106 
30 40 109 110 111 112 
30 39 41 111 112 
24 30 40 113 114 
23 31 43 65 66 116 117 118 119 
23 24 31 42 65 66 117 118 119 
24 31 65 120 121 
21 23 25 46 47 70 71 123 124 125 126 127 128 
21 25 45 47 70 71 125 126 127 128 
21 25 45 46 48 70 71 72 73 128 129 
21 25 49 72 73 129 
21 48 50 51 73 74 130 131 132 133 
21 49 51 74 130 131 132 133 
21 49 74 130 131 132 133 
21 26 27 53 77 78 79 80 81 134 135 136 137 
22 26 27 52 77 78 79 80 81 135 136 137 138 139 140 141 142 143 
22 27 55 56 57 82 83 146 147 148 149 150 
22 27 28 54 56 57 83 84 147 148 149 150 
22 28 57 84 148 149 150 
22 28 55 56 84 148 150 151 
22 32 88 89 1 2 3 4 5 6 7 
29 35 36 60 97 98 
29 35 59 97 98 
37 38 62 63 106 108 
61 63 64 106 107 
61 62 64 106 107 
62 63 106 107 108 
23 24 31 42 43 44 66 117 118 119 120 
23 24 31 42 43 44 65 117 118 119 
21 23 68 69 122 
21 23 67 69 122 
21 23 67 68 122 
21 25 45 46 47 71 72 128 
21 45 46 47 70 72 128 129 
21 25 47 48 70 71 128 129 
21 47 49 130 
21 49 50 51 132 133 
21 26 76 134 
21 26 75 134 
26 52 53 78 79 80 135 
26 52 53 77 79 80 135 136 137 
26 27 52 53 77 78 80 81 135 136 137 138 
26 27 52 53 77 78 79 81 135 136 138 
26 27 52 53 79 80 135 136 137 138 139 140 141 142 143 
22 54 83 144 146 147 
22 27 55 82 146 147 
22 28 56 57 150 151 
22 28 32 86 87 154 155 156 157 158 
22 28 32 85 87 154 155 156 157 158 
22 28 32 85 86 158 159 160 
22 58 89 90 3 4 5 6 7 8 
22 58 88 90 5 6 7 8 
88 89 91 7 8 9 10 11 12 
33 90 92 9 10 11 12 13 14 
33 91 93 11 12 13 14 
33 92 94 13 14 15 16 
33 93 15 
34 18 19 
34 95 18 19 20 
35 59 60 98 
29 36 59 60 97 
29 36 100 
29 36 37 99 101 102 103 
29 36 37 100 
29 36 37 38 100 101 103 
29 36 37 38 100 101 102 104 105 
29 37 38 103 105 
29 37 38 103 104 
37 38 61 62 63 64 107 
61 62 64 106 108 
61 63 64 107 109 110 
39 108 110 
39 108 109 111 
39 40 110 112 
39 40 111 
30 40 41 
30 31 41 115 116 
24 30 114 116 
24 31 42 114 115 
23 24 31 42 43 65 66 118 119 
31 42 43 65 66 119 
24 43 65 66 117 118 
23 24 44 65 
23 24 44 
23 67 68 69 
21 23 25 45 124 125 126 127 
21 25 45 123 126 127 
21 25 45 46 123 126 127 
21 25 45 123 124 125 127 
21 25 45 46 123 124 125 126 
21 25 45 46 47 70 71 72 
21 25 47 71 72 
21 49 50 51 73 131 
21 49 50 51 130 
49 51 74 
21 49 50 51 74 132 
26 52 75 76 
26 52 53 77 78 79 80 81 136 137 138 
26 52 53 77 78 79 80 81 135 137 138 
26 27 52 53 78 79 80 81 135 138 139 140 
26 27 53 79 80 81 135 136 137 139 140 141 142 
26 27 53 81 137 138 140 141 142 143 
26 27 53 81 137 138 139 141 142 143 
26 27 53 138 139 140 142 143 
26 27 53 81 138 139 140 141 143 
26 27 53 81 139 140 141 142 144 
27 143 145 
27 82 83 144 146 
22 54 82 83 145 147 
22 27 54 55 82 83 146 148 
22 54 55 56 57 147 149 150 
22 54 55 56 148 150 
22 54 55 56 57 84 148 149 
22 28 57 84 152 153 
22 28 151 153 154 
22 28 152 154 155 156 
22 28 85 86 152 153 155 156 157 
22 28 85 86 153 154 156 157 
22 28 85 86 153 154 155 157 
22 85 86 154 155 156 
22 28 32 85 86 87 159 160 
22 32 87 158 160 
22 32 87 158 

