36 225
10 7 36 23 
10 3 4 5 26 27 
10 2 4 5 26 27 
10 2 3 5 26 27 
10 9 2 3 4 6 27 28 29 30 
10 9 5 28 29 30 31 
10 13 34 36 1 21 22 23 24 25 
10 2 8 26 
10 5 6 27 28 29 30 31 32 
7 8 9 1 2 3 4 5 6 24 25 26 27 28 
12 13 33 34 35 14 15 16 17 18 19 20 
11 13 33 34 16 17 18 19 20 
11 12 7 33 34 35 36 20 21 22 
11 15 16 17 
11 14 16 17 
11 12 33 14 15 17 18 
11 12 33 14 15 16 18 
11 12 33 16 17 19 
11 12 33 20 
11 12 13 33 19 
13 7 34 
13 7 34 35 36 21 
7 1 23 25 
10 7 23 25 
10 7 23 24 
10 8 2 4 
10 9 2 3 4 5 28 29 
10 9 5 6 27 29 30 
5 6 27 28 30 
9 5 28 29 
9 32 
9 31 32 
11 12 13 16 17 18 19 20 
11 12 13 7 35 36 21 22 
11 13 34 36 21 
13 7 34 35 1 22 

