25 221
8 21 22 23 24 25 2 3 4 5 6 7 9 10 11 12 13 20 14 15 16 17 
1 8 21 22 9 10 12 13 20 14 
1 22 23 4 5 6 14 15 16 
1 22 23 24 3 5 6 7 15 
23 24 3 4 6 7 15 16 17 
1 23 24 3 4 5 7 15 16 17 
1 24 25 4 5 6 15 16 17 18 
1 21 22 23 2 3 9 10 11 12 13 20 14 
1 21 2 10 11 12 
1 8 21 2 9 11 12 
1 8 21 2 9 10 12 
1 8 21 22 2 9 10 11 13 20 
8 21 22 2 12 20 14 
1 8 22 23 2 3 13 20 
1 22 23 3 4 5 7 
1 23 3 4 5 6 7 15 
1 24 25 5 7 18 19 
24 25 7 17 19 
24 25 17 18 
1 8 21 22 23 12 14 
1 8 22 2 9 10 11 12 13 20 
1 8 21 23 2 3 4 12 13 20 14 15 
1 8 22 3 4 5 6 20 14 15 16 
1 25 5 6 7 17 18 19 
24 7 17 18 19 

