68 462
53 54 15 
9 3 6 7 8 11 12 
9 2 7 8 11 12 13 
15 64 10 14 
2 6 
9 2 5 7 
9 2 3 5 6 8 
9 2 3 7 11 12 13 
10 2 3 6 7 8 11 12 13 
53 15 52 64 9 4 13 14 
9 2 3 8 12 13 
9 3 8 11 13 
9 3 8 11 12 
10 4 
53 54 52 64 1 4 
54 55 17 50 51 
24 43 55 16 
24 43 56 20 21 28 29 30 
24 43 56 18 20 21 28 29 30 
24 43 56 57 18 19 21 29 30 
24 43 56 57 18 19 20 29 30 
24 44 56 57 31 
45 58 59 60 61 25 26 33 34 35 36 63 65 66 67 68 41 40 48 
43 44 55 57 17 18 19 20 21 22 27 28 29 30 31 
23 45 58 59 26 63 65 66 67 68 
23 45 61 25 33 34 41 
24 43 28 
24 43 18 19 29 
24 43 18 19 20 21 28 30 
24 43 56 18 19 20 21 29 
24 44 56 57 22 
44 58 59 22 62 
23 45 60 61 26 34 41 
23 60 61 26 33 35 41 40 48 
23 61 34 36 41 40 48 
23 61 35 37 40 48 42 
36 38 39 42 47 46 
37 39 42 47 46 
37 38 42 47 46 
23 61 34 35 36 41 48 
23 45 60 61 26 33 34 35 40 
37 38 39 47 46 
24 44 55 56 17 18 19 20 21 27 28 30 
24 43 56 57 58 59 21 22 31 32 62 
23 58 59 60 61 25 26 33 63 65 66 67 68 41 
37 38 39 42 47 
37 38 39 46 
23 61 34 35 36 40 
54 1 50 
54 16 1 49 51 
54 55 16 50 
15 64 14 
54 15 52 64 1 10 4 
53 15 16 1 49 50 51 
24 16 17 51 
24 43 44 57 18 19 20 21 22 30 31 
24 44 56 20 21 22 31 
23 44 45 59 25 32 
23 44 45 58 25 32 62 63 
45 61 26 33 34 65 66 67 68 41 
23 45 60 26 33 34 35 36 41 40 48 
58 59 32 
45 59 25 65 66 67 68 
53 15 
23 45 60 25 63 66 67 68 
23 45 60 25 63 65 67 68 
23 45 60 65 66 
23 45 60 25 26 63 65 66 67 

