127 880
71 98 3 4 
98 1 3 4 
64 71 98 1 2 4 
64 71 98 1 3 
64 71 98 7 
63 64 71 83 98 5 7 
63 64 71 83 5 6 
63 72 73 100 101 9 10 
63 72 73 100 101 8 10 
63 72 73 100 8 
63 73 84 102 12 13 
63 73 102 11 13 
84 102 103 11 12 14 
84 85 103 13 15 16 
85 86 103 104 14 16 
84 85 86 87 103 104 14 17 
84 85 86 87 88 103 16 18 19 
85 86 87 88 104 19 
85 86 87 104 17 18 
74 87 88 105 106 21 
74 88 105 
65 74 105 106 107 
65 75 108 24 
65 75 23 
65 66 75 76 109 
66 67 76 77 109 27 
67 76 77 26 
66 67 68 77 110 29 
67 68 77 89 110 28 30 
67 68 77 89 110 111 112 29 
68 78 89 111 112 113 32 
78 89 113 31 
79 90 34 
90 33 
90 36 
79 80 90 35 
80 114 38 39 40 
114 37 39 40 41 42 
37 38 40 41 42 
114 38 39 42 
38 39 40 42 43 
115 38 39 40 41 43 
91 115 41 
91 92 93 116 117 45 
91 92 93 116 44 46 
92 93 116 117 45 47 
116 117 46 48 
93 118 47 
81 94 118 119 
69 81 51 
69 81 50 52 
70 82 121 51 53 
70 82 121 122 52 54 
70 82 121 53 
70 82 95 
95 96 123 57 58 
95 96 58 
95 96 97 124 56 57 59 60 
96 97 124 60 
96 124 58 59 
97 125 126 127 62 
127 61 
64 71 72 73 83 84 85 98 99 100 101 102 103 6 7 8 9 10 11 12 
63 71 72 73 83 98 99 3 4 5 6 7 
66 74 75 76 107 108 109 22 23 24 25 
65 67 68 75 76 109 25 26 27 28 
66 68 76 77 78 89 110 111 26 27 28 29 30 
66 67 76 77 78 89 110 111 112 113 28 29 30 31 
70 81 82 93 94 118 119 120 49 50 51 
69 81 82 95 96 121 122 123 52 53 54 55 
63 64 83 98 1 2 3 4 5 6 7 
63 64 73 83 99 100 101 102 8 9 10 
63 64 72 84 100 101 102 8 9 10 11 12 
65 75 86 87 88 105 106 107 20 21 22 
65 66 74 108 109 23 24 25 
65 66 68 75 77 109 25 26 27 
66 67 68 76 78 89 110 111 112 26 27 29 30 
67 68 77 89 90 110 112 113 30 31 32 
80 90 114 33 35 36 
90 114 35 36 
69 70 82 94 118 119 120 121 50 51 
69 70 95 121 122 123 52 54 55 
63 64 71 72 98 99 6 7 
63 73 85 86 87 88 102 103 104 11 13 14 15 16 17 
63 84 86 87 88 103 104 14 15 16 17 18 19 
74 84 87 88 103 104 15 16 17 18 19 
74 84 85 86 88 103 104 105 16 17 18 19 20 
74 84 85 86 87 104 105 106 17 18 19 20 21 
67 68 77 78 111 112 113 29 30 31 32 
78 79 80 33 34 35 36 
92 93 115 116 117 44 45 
93 116 117 44 45 
69 91 92 116 117 118 44 45 46 47 48 
81 118 119 120 49 
70 82 96 123 55 56 57 58 
70 95 97 123 124 56 57 58 59 60 
96 124 125 126 127 58 59 60 61 
63 64 71 83 1 2 3 5 6 
63 64 72 83 
63 72 73 101 102 8 9 10 
63 72 73 100 102 8 10 
63 72 73 84 100 101 11 12 13 
63 84 85 86 87 104 13 14 15 16 17 
84 85 86 87 88 103 15 16 17 19 
74 87 88 106 107 20 21 22 
74 88 105 107 20 21 
65 74 105 106 108 22 
65 74 75 107 23 
65 66 75 76 25 26 
66 67 68 77 78 89 111 112 28 29 30 
67 68 77 78 89 110 112 113 30 31 
67 68 77 78 89 110 111 30 
68 78 89 111 31 32 
79 80 37 39 40 
91 41 42 43 
91 92 93 117 44 45 46 47 
91 92 93 116 44 45 46 47 
69 93 94 119 48 49 
69 81 94 118 120 49 
69 81 94 
70 81 82 122 52 53 54 
70 82 121 53 54 
70 82 95 96 55 56 
96 97 125 126 127 58 59 60 
97 124 126 127 61 
97 125 127 61 
97 124 125 126 61 62 

