87 556
27 35 50 84 85 86 87 2 
27 86 87 1 3 4 5 
27 4 5 
27 2 3 5 6 
2 3 6 
27 51 3 4 5 
22 37 52 53 8 9 
22 37 53 9 
22 37 53 54 7 8 
22 38 54 
22 28 38 55 56 12 
28 38 55 56 11 
28 39 57 
25 58 
25 29 59 16 
25 29 59 60 15 17 18 
25 29 40 59 60 61 62 16 18 
25 29 40 59 60 61 62 16 17 19 
29 40 41 60 61 62 63 64 65 18 
40 41 64 65 66 67 21 
40 41 64 65 66 67 20 
25 27 28 36 37 38 39 51 52 53 54 55 7 8 9 10 11 
24 30 44 45 46 69 70 71 72 73 74 
26 30 31 32 47 75 76 
22 29 40 41 58 59 60 61 14 15 16 17 18 25 
32 33 76 77 78 79 
22 35 36 50 51 1 2 3 4 5 6 
38 39 54 55 56 57 11 12 13 
25 40 41 59 60 61 62 63 64 65 66 15 16 17 18 19 
23 24 31 47 75 
24 30 32 47 76 
24 26 31 47 76 
26 34 48 79 80 81 82 83 
33 35 48 49 50 84 
27 34 49 50 84 85 86 87 1 
22 27 52 
22 36 52 53 7 8 9 
22 28 54 55 56 10 11 12 
22 28 56 57 58 13 
25 29 41 59 60 61 62 63 64 65 66 67 17 18 19 20 21 
25 29 40 60 61 62 63 64 65 67 19 20 21 
43 68 69 
42 44 68 69 
23 43 45 69 70 71 
23 44 69 70 71 
23 72 73 74 
24 30 31 32 75 
33 34 49 80 81 82 83 
33 34 35 48 83 
27 34 35 84 85 86 1 
22 27 36 6 
22 36 37 53 
22 37 52 7 8 9 
22 28 9 10 
22 28 38 39 11 12 
28 38 39 12 
28 39 58 13 
25 39 57 14 
25 29 40 60 15 16 17 18 
25 29 40 59 61 62 16 17 18 19 
25 29 40 41 60 62 63 64 65 66 17 18 19 
29 40 41 60 61 63 64 65 66 17 18 
29 40 41 61 62 64 65 66 67 19 
29 40 41 61 62 63 65 66 67 20 21 
29 40 41 61 62 63 64 66 67 19 20 21 
29 40 41 61 62 64 65 67 20 21 
40 41 63 64 65 66 20 21 
42 43 69 
23 42 43 44 45 68 70 
23 44 45 69 71 
45 70 
23 46 74 
23 46 72 74 
23 46 73 
30 47 
31 32 
26 78 
26 77 
26 33 
48 82 
33 80 82 83 
33 48 81 
33 48 49 80 81 82 
34 35 50 85 86 87 1 
35 50 84 86 87 1 
35 50 84 85 87 1 2 
35 50 84 85 86 1 

