65 448
20 63 26 2 3 64 65 
19 20 63 1 3 64 65 
19 20 63 1 2 64 65 
5 6 13 14 15 19 52 53 54 55 56 57 10 11 12 16 17 18 27 33 34 36 37 38 39 40 41 42 4 43 
4 13 14 52 7 8 9 10 28 29 5 30 31 32 
4 19 20 63 27 25 24 23 26 46 47 48 49 50 51 
5 28 7 29 
5 13 9 30 31 32 
5 13 14 10 30 31 32 
4 5 13 14 52 9 11 31 32 33 
4 13 14 52 10 33 34 35 
4 15 53 36 37 38 39 40 
4 5 14 52 8 9 10 11 30 31 32 33 34 35 
4 5 13 52 9 10 11 31 33 34 35 
4 12 16 36 37 38 39 40 41 
4 15 53 17 41 42 
4 16 42 
4 54 56 57 
4 6 20 63 59 60 25 24 23 26 21 51 1 2 3 64 65 
6 19 63 59 60 23 26 21 1 2 3 64 65 
20 59 60 22 58 61 
59 60 21 58 61 62 
6 20 63 25 26 51 
6 19 63 25 23 26 50 51 
6 19 24 23 49 50 51 
19 20 63 24 23 51 1 
4 6 46 47 48 
5 7 
5 7 
5 13 8 9 
5 13 14 8 9 10 32 
13 8 9 10 31 
4 13 14 52 10 11 34 35 
13 14 52 11 33 35 
13 14 52 11 33 34 
4 15 52 12 
4 15 53 12 
4 15 53 12 39 40 
4 15 53 12 38 40 
4 15 53 12 38 39 
4 15 16 42 
4 16 41 
4 55 57 44 45 
56 57 43 45 
56 57 43 44 
6 27 47 
6 27 46 
6 27 47 
25 50 
6 25 24 49 
6 19 63 25 23 26 
4 5 13 14 10 11 33 34 35 36 
4 15 12 16 38 39 40 
4 56 57 17 
4 54 56 57 18 43 
4 54 55 57 18 43 44 45 
4 54 55 56 18 43 44 45 
60 21 22 61 
19 20 60 21 22 58 62 
19 20 59 21 22 58 61 62 
59 60 21 22 58 62 
59 60 22 
6 19 24 23 26 51 1 2 3 64 65 
19 20 63 1 2 3 65 
19 20 63 1 2 3 64 

