166 1182
2 3 
1 3 
129 1 2 
110 111 
110 111 129 6 
110 111 5 7 
110 111 146 6 9 10 
110 111 146 7 9 10 
110 111 146 7 8 10 
110 111 146 7 8 9 11 
111 146 147 10 
130 13 
130 12 14 15 16 17 18 
130 13 15 16 17 18 
130 13 14 16 17 18 
130 13 14 15 17 18 
130 13 14 15 16 18 
13 14 15 16 17 
107 118 130 
105 107 118 119 148 22 
105 107 118 131 148 22 
105 107 118 119 131 148 20 21 
105 107 118 119 131 132 149 24 25 26 
105 107 118 119 131 149 23 25 26 
105 107 118 119 131 132 133 149 23 24 26 27 
105 107 119 131 132 133 149 23 24 25 
105 107 119 131 132 133 134 149 25 26 28 
105 107 132 133 134 149 27 29 
105 107 120 132 133 134 135 28 
105 120 135 31 32 
105 120 135 30 32 
105 112 120 30 
105 112 121 150 151 152 34 35 
112 121 150 151 152 33 35 
105 112 121 152 33 34 36 37 
105 112 121 37 
105 112 121 35 36 
105 112 121 153 154 155 
136 137 41 42 43 44 
136 137 39 41 42 43 44 45 
136 137 39 40 42 43 44 
137 39 40 41 43 44 45 46 
39 40 42 44 45 46 
39 40 42 43 45 46 
40 41 42 43 44 46 
42 43 44 45 46 
122 156 48 49 
122 138 156 47 49 
122 138 156 47 48 
122 123 124 138 51 
122 123 124 50 52 
122 123 124 51 53 
123 124 52 
113 124 157 55 56 
113 157 54 
113 157 54 55 
113 139 157 58 
113 114 139 57 59 
113 114 139 58 60 
113 114 139 59 61 62 
114 139 60 62 
114 139 60 61 
114 140 158 159 64 65 66 
114 140 158 159 63 65 66 
140 158 159 63 64 66 
140 158 159 63 64 65 
140 159 68 69 71 
67 69 70 71 
160 68 70 71 
160 67 68 69 71 
160 67 68 69 70 72 
108 160 71 73 
108 160 72 74 75 
108 160 75 76 77 
108 73 74 76 
108 74 75 78 
108 74 75 78 
108 141 161 76 77 
108 141 142 
108 81 
109 80 
109 83 84 85 
109 82 84 
109 82 85 86 
109 82 84 86 87 
109 85 87 
109 162 85 86 88 
109 162 87 89 
109 162 88 
106 125 
106 115 125 92 
106 115 125 91 
106 115 125 126 94 95 
106 115 126 93 95 
106 115 126 94 
106 115 143 
106 143 144 163 164 98 
106 143 144 164 97 
106 116 100 
106 116 99 101 
106 165 99 100 
116 145 165 166 103 
116 117 127 145 166 102 
117 127 
106 107 110 111 112 118 119 120 121 122 130 131 132 133 134 135 136 137 148 149 150 151 152 153 154 155 20 21 22 23 24 25 26 27 28 29 30 31 32 33 34 35 36 37 38 
105 108 109 115 116 117 125 126 127 128 143 144 145 162 163 164 165 166 90 91 92 93 94 95 96 97 98 99 100 101 
105 112 118 119 120 130 131 132 133 134 135 148 149 19 20 21 22 23 24 25 26 27 28 29 
106 109 114 141 142 160 161 72 73 74 75 76 77 78 79 80 
106 108 115 125 141 142 162 80 81 82 83 84 85 86 87 88 89 
105 111 129 4 5 6 7 8 9 10 11 
105 110 129 146 147 4 5 6 7 8 9 10 11 
105 107 120 121 135 136 150 151 152 153 32 33 34 35 36 37 38 
114 124 139 157 54 55 56 57 58 59 60 
108 113 139 140 158 159 58 59 60 61 62 63 64 
106 109 125 126 143 163 90 91 92 93 94 95 96 
106 117 127 128 145 165 166 99 100 101 102 103 
106 116 127 128 145 165 166 102 103 104 
105 107 119 130 131 132 148 149 19 20 21 22 23 24 25 
105 107 118 131 132 133 148 149 20 21 22 23 24 25 26 27 
105 107 112 133 134 135 150 29 30 31 32 
105 112 150 152 153 33 34 35 36 37 38 
105 123 124 138 156 47 48 49 50 51 52 
122 124 138 156 51 52 53 
113 122 123 138 156 50 51 52 53 54 
106 109 115 126 162 91 92 93 
106 115 143 144 163 93 94 95 96 
106 116 117 128 145 166 102 103 104 
106 116 117 127 145 104 
110 111 3 4 5 
105 107 118 147 12 13 14 15 16 17 18 19 
105 107 118 119 132 133 148 149 21 22 23 24 25 26 27 
105 107 118 119 131 133 134 149 23 25 26 27 28 29 
105 119 120 131 132 134 149 25 26 27 28 29 
105 107 120 132 133 135 149 27 28 29 
105 107 112 120 134 29 30 31 32 
105 112 137 153 154 155 39 40 41 
105 136 153 154 155 39 40 41 42 
122 123 124 156 47 48 49 50 
113 114 57 58 59 60 61 62 
114 158 159 63 64 65 66 67 
108 109 142 161 78 79 
108 109 141 161 
106 115 126 144 163 164 96 97 98 
106 126 143 163 164 97 98 
106 116 117 127 128 165 166 102 103 
110 111 7 8 9 10 11 
110 111 130 11 13 
105 107 118 119 131 20 21 22 
105 107 118 119 131 132 133 134 23 24 25 26 27 28 
105 112 120 121 151 152 33 34 
105 112 121 150 152 33 34 
105 121 150 151 33 34 35 
105 112 121 136 137 154 155 38 
105 136 137 153 155 38 
105 136 137 153 154 38 
122 123 124 138 47 48 49 50 
113 54 55 56 
114 140 159 63 64 65 66 
114 140 158 63 64 65 66 67 
108 67 69 70 71 72 73 74 
108 141 142 78 79 
106 109 125 87 88 89 
106 115 126 143 144 164 96 97 
106 143 144 163 97 98 
106 116 127 145 166 101 102 
106 116 117 145 165 102 103 

