174 1213
67 68 116 2 3 
67 68 69 1 3 
67 68 69 1 2 
40 44 53 71 72 117 118 5 
40 44 53 117 118 4 
40 45 53 117 118 7 
40 45 53 6 8 9 10 
40 53 7 9 10 
40 7 10 
40 45 53 119 8 11 
40 41 45 53 73 119 120 121 10 12 
40 41 45 54 73 119 120 121 122 11 13 
40 45 54 73 119 120 121 122 12 
40 41 54 73 122 123 129 15 
40 41 14 16 
41 74 130 15 
55 74 135 136 
55 136 17 19 20 21 
137 18 
137 18 19 21 
137 18 19 20 
137 138 23 
139 22 
42 75 76 139 25 26 
75 76 139 24 26 
42 75 76 139 24 25 
42 75 76 77 78 131 
42 77 78 131 29 
42 77 78 28 
42 79 132 31 
42 79 132 30 
43 56 79 132 133 134 33 
43 56 133 34 
43 56 134 33 36 
43 56 134 34 36 37 
43 56 134 34 35 37 
43 56 35 36 38 
43 56 37 
43 140 141 
41 44 45 52 53 54 55 71 72 73 74 117 118 119 120 121 122 123 129 130 4 5 6 7 8 9 10 11 12 13 14 15 
40 44 45 53 54 55 73 74 119 120 121 122 123 129 130 135 11 12 13 14 15 16 
43 56 75 76 77 78 79 139 131 132 133 24 26 27 28 29 30 31 
80 42 56 79 132 133 134 140 141 142 143 32 33 34 35 36 37 38 39 
40 41 52 53 67 68 69 70 71 72 117 118 4 5 
40 41 44 53 54 73 118 119 120 121 122 123 6 7 8 9 10 11 12 13 
47 48 49 50 57 61 62 63 80 81 82 124 125 126 127 128 111 112 42 43 56 140 141 142 143 39 
46 48 49 57 61 62 63 80 81 124 125 126 127 42 43 56 140 141 142 143 39 
46 49 57 61 62 63 80 81 124 125 126 127 128 111 42 43 141 142 143 
46 57 82 111 112 
46 64 86 87 88 89 90 91 92 145 144 146 
58 66 95 96 97 98 154 169 170 155 156 157 171 172 
40 44 67 68 69 70 71 72 
40 41 44 45 73 117 118 119 4 5 6 7 8 9 10 11 
40 41 45 73 119 120 121 123 129 12 13 14 
40 41 74 130 135 136 17 18 
42 43 79 132 133 134 32 33 34 35 36 37 38 
46 47 48 49 63 111 112 
51 59 66 99 174 158 
58 99 100 101 159 
59 101 102 103 104 105 106 107 159 160 161 162 163 164 
46 47 48 62 81 124 125 126 
46 47 48 61 63 126 127 
46 47 48 57 62 126 127 128 
50 65 92 93 94 146 147 148 149 150 151 
64 93 94 148 149 150 151 152 
51 58 98 157 171 172 173 
44 52 68 69 70 116 1 2 3 67 
44 52 67 69 70 1 2 3 
44 52 67 68 70 2 3 
44 52 68 69 
40 52 72 4 
40 52 71 117 4 
40 41 45 53 54 119 121 122 123 129 11 12 13 
40 41 55 130 135 136 16 17 
42 76 77 78 139 131 24 25 26 27 
42 75 77 78 139 131 24 25 26 27 
42 75 76 78 131 27 28 29 
42 75 76 77 131 27 28 29 
42 43 56 133 30 31 32 
46 47 48 143 
47 48 61 124 125 
46 49 113 
84 85 113 114 
83 85 113 114 
83 84 113 114 
50 87 88 115 145 
50 86 88 115 145 
50 86 87 89 90 145 
50 88 90 91 145 
50 88 89 91 145 144 
50 89 90 144 
50 64 93 144 146 
64 65 92 94 147 148 149 150 151 
64 65 93 148 150 151 
51 96 97 98 154 169 170 155 
51 95 97 98 155 157 
51 95 96 98 155 156 157 
51 66 95 96 97 155 156 157 171 172 
58 59 158 
59 159 
59 60 100 102 103 159 
59 60 101 103 104 159 160 161 
60 101 102 104 159 160 161 
60 102 103 105 106 107 160 161 162 163 164 
60 104 106 107 160 161 162 163 164 
60 104 105 108 162 163 164 
60 104 105 106 108 162 163 164 165 
106 107 109 162 163 164 165 
108 110 165 166 167 
109 166 168 
46 48 49 57 112 
46 49 57 111 
82 83 84 85 
83 84 85 114 
86 87 
67 1 
53 71 72 118 4 5 6 
40 44 45 53 117 4 5 
40 41 45 53 54 73 120 121 122 10 11 12 13 
40 41 45 54 73 119 121 122 11 12 13 
40 41 45 54 73 119 120 122 123 11 12 13 
40 41 54 73 119 120 121 129 12 13 14 
40 41 45 54 73 121 122 129 14 
46 47 48 61 81 125 
46 47 48 61 81 124 
46 47 48 61 62 63 127 
46 47 48 62 63 126 128 
46 48 62 63 127 
40 41 54 73 122 123 14 
40 41 55 74 15 16 
42 75 76 77 78 27 28 
42 43 56 79 133 30 31 32 
42 43 79 132 134 32 
43 56 133 32 33 35 36 
41 55 74 136 17 
55 74 17 
138 19 21 22 
137 22 
42 75 76 23 24 25 
43 141 142 143 39 
43 140 142 143 39 
80 43 140 141 143 
80 140 141 142 
50 90 91 92 
50 86 87 88 89 90 
50 64 92 144 147 
64 146 148 
64 65 93 94 147 149 150 
64 65 93 94 148 150 151 
64 65 93 94 148 149 151 
64 93 94 149 150 
65 154 
152 154 169 170 
51 95 152 153 169 170 
51 95 96 97 98 156 
51 96 97 98 155 157 171 
51 66 96 97 98 156 172 
58 99 
59 60 100 101 102 103 160 161 
60 102 103 104 159 161 
60 102 104 105 159 160 
60 104 105 106 107 108 163 164 
60 104 105 106 107 108 162 164 
60 105 106 107 108 162 163 165 
107 108 109 164 
109 110 167 
109 110 166 168 
110 167 
51 95 153 154 170 
51 95 153 154 
51 66 98 156 157 172 
51 66 98 157 171 
58 174 
58 173 174 

