200 1413
52 81 82 83 117 
52 81 82 83 118 3 4 
52 81 82 83 118 2 4 
52 82 83 118 2 3 
52 118 6 
52 118 5 7 
118 5 6 
120 11 
119 120 8 10 11 
119 120 8 9 11 
119 120 8 9 
61 120 121 122 
61 84 121 122 14 
61 84 121 122 13 
61 62 63 84 85 16 
61 63 84 85 15 17 18 19 
53 61 62 63 84 85 16 18 19 
53 62 63 84 85 16 17 19 
53 62 63 85 16 17 18 
48 53 64 86 87 123 21 22 
48 53 64 86 87 123 20 
48 53 64 86 87 123 124 125 126 20 21 
53 64 87 88 123 124 125 126 127 24 25 
48 64 88 127 23 25 26 
48 88 127 23 24 
48 24 25 
65 28 
65 27 
54 55 65 66 128 30 
54 55 66 128 129 29 31 
54 55 66 30 32 
54 55 66 31 33 34 
54 55 66 129 32 34 
54 55 32 33 
54 55 67 130 131 36 37 
55 130 131 35 37 
55 67 130 35 36 
67 89 132 39 
49 67 89 132 38 
49 68 89 133 41 
49 133 134 40 
135 136 
44 46 47 51 58 59 60 74 75 76 77 78 79 104 105 106 107 108 109 110 111 171 172 173 174 175 176 177 178 179 180 181 182 183 184 185 
43 45 46 57 98 99 100 101 102 158 159 160 161 162 163 164 
44 46 50 57 70 71 72 73 96 97 98 99 100 154 155 156 157 158 159 
43 44 45 51 57 101 102 103 162 163 164 165 166 
43 51 58 74 75 76 77 104 105 106 107 108 109 168 169 170 171 172 173 
53 54 61 62 63 64 65 85 86 87 88 123 124 125 126 127 20 21 22 23 24 25 26 27 48 
54 55 67 68 89 132 133 134 135 136 38 39 40 41 
45 56 70 93 94 95 144 145 146 147 148 149 150 
43 46 47 74 104 105 106 107 167 168 169 170 171 
81 82 83 117 118 119 1 2 3 4 5 6 7 
48 61 62 63 64 84 85 86 87 88 123 124 125 126 127 17 18 19 20 21 22 23 
48 49 55 65 66 67 128 129 130 29 30 31 32 33 34 35 
49 54 65 66 67 128 129 130 131 29 30 31 32 33 34 35 36 37 
50 69 91 92 140 141 142 
44 45 46 98 100 101 102 158 159 160 161 
47 59 76 77 78 79 110 176 177 178 
43 58 77 78 79 110 178 179 
43 80 113 114 115 116 190 193 194 195 196 
48 53 62 63 84 85 121 122 12 13 14 15 16 17 
48 53 61 63 64 84 85 86 15 16 17 18 19 
48 53 61 62 64 84 85 15 16 17 18 19 
48 53 62 63 86 87 88 123 124 125 126 127 21 22 23 24 
48 54 55 66 128 27 28 29 
54 55 65 128 129 29 30 32 
49 54 55 68 89 130 131 132 35 37 38 39 
49 67 89 133 134 
56 90 91 92 140 141 
45 50 71 95 96 151 153 
45 70 96 97 151 152 153 154 
73 97 154 156 157 
45 72 97 156 157 
43 47 51 75 76 104 105 106 107 108 109 171 172 
43 47 51 74 76 104 105 106 107 108 109 171 172 
43 47 58 74 75 77 108 109 174 175 
43 47 58 59 76 78 110 173 174 175 176 177 
43 58 59 77 110 176 177 178 
43 58 59 179 180 
60 114 115 116 192 193 194 195 196 197 
52 82 83 117 118 200 1 2 3 
52 81 83 117 118 1 2 3 4 
52 81 82 118 1 2 3 4 
53 61 62 85 121 122 13 14 15 16 17 18 
48 53 61 62 63 84 86 15 16 17 18 19 
48 53 63 64 85 87 123 124 125 20 21 22 
48 53 64 86 88 123 125 126 20 21 22 23 
48 53 64 87 123 124 125 126 127 23 24 25 
49 67 68 133 39 40 
69 91 138 139 90 140 
56 69 90 92 140 141 
56 69 91 140 141 
50 94 143 144 145 146 147 148 
50 93 144 146 147 148 
50 70 149 150 
45 71 97 151 152 153 154 
45 71 72 73 96 153 155 156 
44 45 57 99 100 158 159 
44 45 57 98 100 158 
44 45 57 98 99 159 
44 46 102 159 160 161 
44 46 57 101 162 163 
46 103 
43 47 51 74 75 105 106 169 170 171 
43 47 51 74 75 104 106 107 108 171 172 
43 47 51 75 104 105 107 108 171 172 
43 47 51 74 75 104 105 106 108 171 172 
43 47 74 75 76 105 106 107 109 172 173 
43 47 74 75 76 108 172 173 
43 59 77 78 177 178 
43 186 187 
113 188 189 
60 112 114 190 191 
60 80 113 115 190 191 192 193 194 
60 114 116 194 195 196 
60 80 115 195 196 
52 81 82 197 199 1 
81 82 83 2 3 4 5 6 7 
52 120 8 9 10 11 
119 121 8 9 10 11 12 
84 120 122 13 14 
61 84 121 12 13 14 
48 53 64 86 87 88 124 125 126 127 20 21 22 23 
48 53 64 86 87 88 123 125 126 127 22 23 
48 53 64 86 87 88 123 124 126 127 22 23 
48 53 64 87 88 123 124 125 127 22 23 
48 53 64 88 123 124 125 126 23 24 25 
54 55 65 66 29 30 
54 55 66 30 31 32 33 
54 55 67 35 36 37 
55 67 130 132 35 36 37 
49 67 131 38 39 
49 68 134 40 41 
49 68 133 41 
49 136 137 42 
49 135 137 42 
135 136 
90 139 
90 138 
56 69 90 92 
56 69 92 
56 142 
50 93 144 
50 93 94 143 145 
50 93 94 144 146 147 148 
50 94 145 147 148 
50 93 94 145 146 148 
50 93 94 145 146 147 
50 95 150 
50 95 149 
70 71 96 152 153 154 
71 96 151 153 
70 71 72 96 97 151 152 154 155 
45 71 72 96 97 151 153 155 156 
45 72 153 154 156 
45 72 97 154 155 
45 73 
44 45 57 98 99 
44 45 57 98 99 100 101 160 161 
44 101 159 161 
44 57 101 159 
44 46 101 102 163 
44 46 102 162 
44 46 165 
46 164 166 
46 103 165 
51 167 
47 51 
47 51 104 168 170 
47 51 104 168 169 
43 47 51 74 75 104 105 106 107 172 
47 74 75 105 106 107 108 109 171 
43 47 76 77 108 109 174 
43 76 77 173 175 176 
43 76 77 174 176 
43 58 77 78 174 
43 78 176 178 
43 58 59 77 78 110 177 
43 59 79 180 181 
43 79 179 181 182 
43 179 180 182 
43 180 181 
43 184 
43 183 185 
43 184 186 
111 185 187 
111 186 
112 189 
112 188 
60 113 114 191 192 
60 113 114 190 192 
60 80 114 190 191 193 194 
60 80 115 192 194 
60 80 114 115 192 193 
60 80 115 116 196 
80 115 116 197 
80 117 196 198 199 200 
197 199 200 
117 197 198 200 
81 117 197 198 199 

