48 331
34 42 26 27 2 
34 43 26 27 1 3 4 
34 42 43 27 2 4 
34 42 43 27 2 3 
44 34 43 
44 35 36 28 
44 35 36 28 8 9 
46 35 36 28 29 7 9 
46 28 29 7 8 
46 37 29 11 12 
46 37 29 10 12 
46 37 10 11 13 
46 37 12 14 
37 13 15 
37 14 16 
45 15 17 
45 16 18 
45 16 17 
45 47 38 39 40 30 31 32 20 21 
45 47 38 39 40 41 30 31 32 19 21 
45 47 40 41 30 31 32 19 20 
47 48 41 23 
48 41 22 
48 33 25 
48 33 24 
34 42 43 27 1 2 
34 42 43 26 1 3 
44 46 35 36 29 7 8 9 
46 37 28 8 9 10 11 
45 47 38 39 40 41 31 32 19 20 21 
45 47 38 39 40 30 32 19 20 21 
45 47 38 39 40 41 30 31 19 20 
48 24 25 33 
44 42 43 26 27 1 2 3 4 
44 46 36 28 6 7 8 
44 46 35 28 6 7 8 
46 29 10 11 12 13 14 15 
45 47 39 40 30 31 32 19 20 
45 47 38 40 30 31 32 19 20 
47 48 38 39 30 31 32 20 21 
45 47 48 40 30 32 21 22 23 
44 34 43 26 27 1 2 3 4 
44 34 42 26 27 2 3 4 5 
34 42 43 35 36 28 5 6 7 
47 48 38 39 40 41 30 31 32 16 17 18 19 20 21 
44 35 36 37 28 29 7 8 9 10 11 12 13 
45 48 38 39 40 41 30 31 32 19 20 21 22 
47 40 41 33 22 23 24 25 

