75 591
62 21 22 75 2 32 33 34 35 36 37 38 
62 22 23 1 3 4 36 37 38 39 
63 23 2 4 5 39 
63 23 2 3 5 39 
63 66 23 3 4 6 40 
61 63 66 5 7 40 
61 63 66 67 6 8 41 
61 63 66 67 7 41 
61 67 68 43 44 45 
61 68 69 24 46 47 48 49 
64 69 24 12 50 51 52 53 54 55 56 
64 69 11 13 56 57 
64 12 14 56 57 
64 13 58 59 
64 14 58 59 
65 17 70 25 26 27 
65 16 18 19 70 25 26 27 28 29 
65 17 19 71 72 27 28 29 30 
65 17 18 71 72 27 28 29 30 
62 65 21 72 73 74 31 
62 20 22 73 74 75 1 32 33 
62 21 23 74 75 1 2 32 33 34 35 36 37 38 
62 63 22 2 3 4 5 36 37 38 39 
61 64 68 10 11 46 48 49 51 52 
16 17 70 26 27 
16 17 70 25 27 28 
65 16 17 18 19 25 26 28 29 
65 17 18 26 27 29 
65 17 18 27 28 
65 19 71 72 
62 20 21 73 74 32 
62 21 22 73 74 75 1 31 33 34 35 
62 21 22 74 75 1 32 34 
62 21 22 75 1 32 33 35 36 
62 22 1 32 34 36 37 
62 22 23 1 2 34 35 37 38 
62 22 23 1 2 34 35 36 38 
62 22 1 2 37 39 
62 23 2 3 4 38 
63 66 5 6 
61 63 66 67 7 8 
61 67 68 9 43 44 
61 67 68 9 42 44 
61 67 68 9 42 43 45 
61 67 68 9 43 44 
61 68 24 10 48 49 
61 68 10 46 48 49 
61 68 24 10 46 47 49 
24 10 46 47 48 
64 69 52 53 
64 69 24 11 50 52 53 54 
64 69 24 11 50 51 53 54 55 
64 69 11 50 51 52 54 55 
64 69 11 50 51 52 53 55 56 
64 69 11 12 52 53 54 56 57 
69 11 12 13 54 55 57 
64 12 13 55 56 
64 14 15 59 60 
64 14 15 58 60 
14 15 58 59 
63 64 66 67 68 69 24 6 7 8 9 10 41 42 43 44 45 46 47 48 
63 65 20 21 22 23 73 74 75 1 2 31 32 33 35 36 37 38 39 
61 62 66 67 23 3 4 5 6 7 8 40 41 
61 69 24 11 12 13 14 15 50 51 52 53 54 55 56 57 58 59 
62 16 17 18 19 20 71 72 27 28 29 30 
61 63 67 5 6 8 40 41 
61 63 66 68 7 8 9 41 42 43 44 45 
61 67 24 9 10 42 43 44 45 46 47 48 
61 64 24 10 12 50 51 52 53 54 55 56 
16 17 25 
65 18 19 72 30 
65 18 20 71 30 
62 20 21 74 31 32 
62 20 21 22 73 75 31 32 33 
62 20 21 22 74 1 31 32 33 34 

