52 401
36 49 50 2 22 
36 49 50 1 22 
30 36 49 50 13 14 23 24 
27 30 15 5 32 48 
15 4 6 7 33 34 
27 15 5 7 33 34 
27 15 6 34 52 
51 16 17 18 9 10 37 38 39 40 
51 18 19 20 8 10 38 39 40 41 
51 17 18 19 20 8 9 38 40 41 
51 18 19 20 41 42 43 
21 44 46 47 
27 30 49 50 3 23 24 25 26 28 
27 30 36 49 50 13 3 24 25 26 28 29 
27 30 16 4 5 6 7 33 52 
27 51 15 17 8 35 37 38 
27 51 16 18 8 9 10 35 37 39 40 
51 17 19 20 8 9 10 11 39 40 41 42 
51 18 20 9 10 11 41 42 43 
51 18 19 21 9 10 41 43 
51 20 43 44 45 46 
36 49 50 1 2 
30 36 49 50 13 24 
30 36 49 50 13 14 3 23 25 
27 30 36 13 24 26 28 
27 30 13 14 25 28 29 
30 36 49 50 51 13 15 16 17 4 5 6 7 25 26 28 29 31 32 48 33 34 52 35 
27 30 13 14 25 26 
27 30 14 26 31 32 
27 36 49 50 13 14 15 3 4 23 24 25 26 28 29 31 32 48 
27 30 29 32 48 
27 30 4 29 31 48 
27 15 6 7 34 
27 15 5 6 7 33 
16 35 
27 30 49 50 13 14 1 2 3 22 23 24 25 
17 8 38 39 
51 16 17 18 8 9 10 37 39 40 
51 17 18 8 9 38 40 
51 17 18 8 9 10 38 39 
51 18 19 20 9 10 11 42 
51 18 20 11 41 43 
51 19 20 21 11 42 
21 12 
21 44 46 47 
21 12 44 45 47 
12 46 
30 31 32 
27 30 36 50 13 14 1 2 3 22 23 24 
27 30 36 49 13 14 1 2 3 22 23 24 
27 16 17 18 19 20 21 8 9 10 11 38 39 40 41 42 43 
27 15 7 

