100 806
63 64 81 82 83 84 2 3 4 
63 64 81 82 83 84 1 3 4 
63 64 65 81 82 83 84 1 2 4 
63 64 65 81 82 84 1 2 3 
56 63 64 65 84 85 86 6 
56 63 64 65 85 86 5 
56 85 86 8 9 
56 85 86 7 9 
56 85 86 7 8 10 
55 56 57 9 11 
55 56 57 10 12 
55 57 66 11 
55 57 66 87 88 
55 58 60 66 89 90 15 
58 60 89 90 14 16 
58 60 90 91 17 
58 60 90 91 16 
19 20 21 22 23 
18 20 21 22 23 
18 19 21 22 23 
18 19 20 22 23 
18 19 20 21 23 
67 18 19 20 21 22 
61 67 68 25 
61 67 68 92 24 
61 67 92 
54 69 70 93 28 29 
93 27 29 
69 70 93 27 28 
54 69 70 71 94 31 
54 69 71 94 30 
54 95 33 34 
54 72 95 32 34 
72 96 32 33 35 
54 96 34 36 
54 72 73 96 35 37 38 39 
72 73 96 36 38 39 
54 72 73 96 36 37 39 
54 73 74 96 36 37 38 40 41 42 
54 74 96 39 41 42 
54 73 74 96 39 40 42 
54 73 74 96 97 41 
54 59 73 74 75 76 77 97 98 44 45 
54 59 74 75 76 77 97 98 43 45 
54 59 76 77 44 46 
54 59 76 77 78 45 47 
54 59 77 78 79 46 48 
54 59 78 79 80 47 
62 99 100 50 
62 99 100 49 51 
62 99 100 50 52 53 
62 99 100 51 53 
62 51 52 
55 59 61 62 67 69 70 71 72 73 74 75 76 77 78 79 80 93 94 95 96 97 98 99 27 30 31 32 33 34 35 36 37 38 39 40 41 42 43 44 45 46 47 48 
54 56 58 60 66 85 87 88 89 90 10 11 12 13 14 
55 57 58 63 64 65 66 84 85 86 87 5 7 8 9 10 11 12 
55 56 58 66 87 88 10 11 12 13 
55 56 57 60 66 87 89 90 91 14 15 16 17 
54 62 73 74 75 76 77 78 79 80 97 98 99 43 44 45 46 47 48 
55 57 58 66 89 90 91 14 15 16 17 
54 67 68 92 24 25 26 
54 59 78 79 80 99 100 49 50 51 53 
56 64 65 81 82 83 84 85 1 2 3 4 5 6 
56 63 65 81 82 83 84 85 1 2 3 4 5 
56 63 64 81 83 84 85 86 3 4 5 6 
55 56 57 58 60 87 88 89 12 13 14 
54 61 92 23 24 25 26 
61 67 92 24 25 26 
54 70 71 93 94 27 28 29 30 31 
54 69 71 93 94 27 29 30 31 
54 69 70 94 95 30 31 
73 95 96 32 33 34 35 36 37 38 
54 59 72 74 75 76 96 97 98 36 37 38 39 40 41 42 43 
54 59 73 76 96 97 98 39 40 41 42 43 44 
54 59 73 74 76 77 97 98 43 44 45 
54 59 73 74 75 77 97 98 43 44 46 
54 59 75 76 78 79 98 43 44 45 46 47 
54 59 62 77 79 80 46 47 48 
54 59 62 77 78 80 47 48 
54 59 62 78 79 48 
63 64 65 82 83 84 1 2 3 4 
63 64 81 83 84 1 2 4 
63 65 81 82 84 1 2 3 4 
56 63 64 65 81 82 83 1 2 3 4 5 
55 56 63 64 65 86 5 6 7 8 9 
56 65 85 5 6 7 8 9 
55 56 57 58 66 88 13 
55 57 66 87 13 
55 58 60 66 90 14 15 
55 58 60 91 14 15 16 17 
58 60 90 16 17 
61 67 68 25 26 
54 69 70 27 28 
54 69 70 71 95 30 31 
54 71 72 94 33 
54 72 73 34 35 36 37 38 39 40 41 42 
54 59 73 74 75 76 98 42 43 44 
54 59 73 74 75 76 77 43 44 
54 59 62 100 49 50 52 
62 99 49 50 51 52 

