123 968
18 20 32 47 122 123 2 
20 32 47 122 123 1 
18 20 21 32 47 71 4 
18 20 21 32 71 3 5 6 7 
18 20 21 32 71 4 6 7 
18 20 21 71 4 7 
20 21 48 72 4 5 6 8 
20 21 72 7 
21 33 74 75 76 77 78 10 
75 76 77 78 9 
49 79 80 81 82 12 
49 81 82 11 13 
49 83 12 15 
49 83 13 
83 13 14 
17 18 19 24 25 26 27 28 34 35 36 37 38 39 40 41 56 57 58 59 90 92 93 94 95 96 97 98 99 100 
16 18 19 20 21 29 30 31 32 42 43 44 45 46 47 65 66 67 68 69 70 71 107 108 109 110 111 112 113 114 115 116 118 119 120 121 122 
16 17 20 21 30 31 32 33 46 47 48 70 71 72 73 74 76 118 119 120 121 122 123 1 2 3 4 5 6 7 8 
16 17 24 25 35 36 37 38 39 56 57 58 94 95 96 
17 18 21 31 32 33 45 46 47 48 71 72 73 74 119 121 122 123 1 2 3 4 5 6 7 8 
17 18 20 31 32 33 47 48 71 72 73 74 75 76 77 3 4 5 6 7 8 9 
23 34 50 51 52 84 85 86 
22 34 51 52 84 86 87 
16 19 35 36 37 38 56 57 93 94 95 96 
16 19 26 39 40 58 97 98 99 100 
16 25 27 28 40 41 58 59 99 100 101 102 
16 26 28 41 59 60 101 102 103 
16 26 27 40 41 59 60 101 102 103 
30 43 44 65 66 67 108 109 111 
17 18 29 67 68 69 70 112 113 114 115 116 
17 18 20 21 32 46 47 70 118 119 120 121 122 
17 18 20 21 31 46 47 71 122 123 1 2 3 4 5 
18 20 21 48 49 73 74 75 76 77 78 79 80 81 82 9 10 
16 22 23 52 53 54 55 88 89 
16 19 24 90 91 92 93 94 
16 19 35 91 92 93 
16 19 24 38 56 57 95 96 
16 19 24 37 56 57 96 
16 19 25 
16 25 26 27 28 41 59 60 100 101 102 103 
16 26 27 28 40 59 60 101 102 103 
17 43 61 62 63 64 105 106 
17 29 42 44 64 65 107 108 109 
17 29 43 65 107 108 109 
17 18 20 31 70 117 118 119 
17 18 31 45 47 118 119 120 121 122 
17 18 20 21 31 32 46 71 122 123 1 2 3 
18 20 21 33 72 73 74 75 7 8 
33 79 80 81 82 83 11 12 13 14 
22 84 85 
22 23 86 87 
22 23 34 53 54 88 
34 52 54 88 
34 52 53 88 
34 54 89 
16 19 24 37 38 57 95 96 
16 19 24 37 38 56 95 96 
16 19 25 26 97 98 
16 26 27 28 40 41 60 103 104 
27 40 41 59 103 104 
42 62 63 104 105 106 
42 61 105 106 
42 61 62 64 105 106 
42 43 61 63 106 107 
17 29 43 44 66 107 108 109 
17 29 65 67 111 
17 29 30 66 111 112 
30 69 112 113 114 115 116 
17 30 68 112 113 114 115 116 
17 18 30 31 45 115 116 117 
17 18 20 21 32 47 3 4 5 6 
18 48 73 7 8 
18 20 21 33 48 72 74 75 76 
18 20 21 33 48 73 75 76 77 9 
18 21 33 48 73 76 77 9 10 
18 21 33 73 74 75 77 9 10 
21 33 74 75 76 78 79 80 9 10 
33 49 77 79 80 81 10 
33 49 77 78 80 81 82 11 
33 49 77 78 79 81 82 11 
33 49 78 79 80 82 11 12 
33 49 79 80 81 11 12 
49 13 14 15 
22 23 50 85 
22 50 
22 23 51 87 
22 23 86 
34 52 54 
34 55 
16 35 92 
35 36 92 93 
16 35 36 90 91 93 94 
24 35 36 91 94 
16 24 35 92 93 
16 24 37 56 57 96 
16 19 24 37 38 56 57 95 
16 25 58 
16 25 58 99 
16 25 26 98 100 
16 25 26 40 99 101 
26 27 28 40 41 100 102 
26 27 28 40 41 101 
27 28 40 41 59 60 
60 104 
42 61 62 63 
42 61 63 64 105 
17 43 44 64 65 
17 29 43 44 65 107 109 
17 29 43 44 65 66 108 110 
17 29 66 109 111 
66 67 110 
17 30 67 68 69 113 114 
17 30 68 69 112 114 
17 68 69 112 113 
17 30 68 69 70 116 117 
17 30 68 69 70 115 117 
17 45 70 115 116 
17 18 31 45 46 119 
17 18 20 31 45 46 118 120 121 
17 18 31 45 46 119 121 
17 18 20 31 46 119 120 122 
17 18 20 31 32 46 47 121 123 1 2 
18 20 32 47 122 1 2 

