32 175
28 10 11 12 32 2 19 
28 11 12 32 1 3 19 20 21 
27 28 29 12 2 19 20 21 
27 13 23 
30 13 14 6 7 24 
30 5 7 24 
30 14 5 6 8 25 
30 14 7 25 26 
10 31 15 16 17 18 
28 9 11 32 1 17 18 
28 10 12 32 1 2 19 
27 28 29 11 32 1 2 3 19 20 21 
27 4 5 23 
30 5 6 7 8 25 26 
9 31 
9 15 
9 10 18 
9 10 17 
11 12 32 1 2 3 20 21 
28 12 3 19 21 
28 12 2 3 19 20 
27 29 
27 13 4 
30 13 5 6 
30 14 8 
30 25 
28 29 12 13 3 4 22 23 
27 29 10 11 12 32 1 2 3 19 20 21 
27 28 12 3 22 
14 5 6 7 8 24 25 26 
9 16 
28 10 11 12 1 2 19 

