39 258
16 35 36 37 14 
16 17 37 38 4 5 6 
39 26 28 29 30 31 32 
16 37 2 
16 17 37 2 6 
17 2 5 
38 39 18 19 15 20 21 24 25 8 9 
38 39 15 20 7 9 
38 15 8 
35 11 12 
35 13 
35 10 11 13 
11 12 
16 36 37 1 4 
17 38 39 18 19 20 24 25 7 8 9 
17 35 36 37 1 2 14 4 5 
16 37 38 39 2 18 19 15 20 5 6 23 22 21 24 25 
17 38 19 15 20 23 22 21 24 25 7 
17 38 18 15 20 23 22 21 24 25 7 
38 39 18 19 15 21 24 25 7 8 9 
17 38 18 19 15 20 23 22 24 25 7 
17 38 18 19 23 21 24 
17 38 18 19 22 
17 38 18 19 15 20 21 25 7 
17 18 19 15 20 24 7 
39 3 27 28 29 
39 3 28 30 
39 3 26 27 29 30 
39 3 26 27 28 
39 28 29 
3 33 34 
3 31 33 34 
31 32 34 
31 32 33 
16 36 37 10 11 12 13 
16 35 37 1 14 
16 17 35 36 1 2 14 5 
17 39 2 18 19 15 20 23 22 21 24 25 7 8 9 
17 38 3 15 20 7 8 9 26 27 28 29 30 

