57 379
32 2 31 34 26 35 
32 51 1 3 37 
32 51 2 36 57 37 
44 19 7 
55 22 23 14 15 16 
22 23 24 27 17 
19 4 
44 19 20 21 
44 20 21 29 30 10 11 12 13 
44 20 21 29 30 9 12 13 
28 20 21 29 30 9 10 12 13 
28 20 21 29 30 9 10 11 13 
28 29 30 9 10 11 12 
55 22 23 15 16 5 
55 22 23 14 16 5 
55 22 23 15 5 
55 22 23 24 27 6 
25 45 56 
44 4 7 8 
44 21 29 30 8 9 10 11 12 
44 20 9 10 11 
55 23 24 27 14 15 16 17 5 6 
55 22 24 27 14 15 16 17 5 6 
44 55 22 23 27 17 6 
32 31 34 26 18 
32 1 34 25 
55 22 23 17 
44 45 56 29 30 11 12 13 
44 45 28 20 21 30 9 10 11 12 13 
28 20 29 9 10 11 12 13 
32 1 25 26 35 18 
33 51 1 2 3 31 34 36 25 26 35 57 37 45 56 18 
32 51 36 39 40 41 42 53 38 43 46 47 48 49 50 52 54 
32 1 31 25 26 
32 1 31 34 
32 33 3 37 38 
32 51 2 3 36 
33 51 36 
33 51 40 41 42 38 43 46 47 
33 39 41 42 43 46 
33 39 40 42 43 46 47 48 
33 39 40 41 43 46 47 48 
33 51 39 40 41 42 46 
45 55 24 28 17 19 4 20 21 29 7 8 9 10 
1 31 34 25 44 56 28 29 18 
33 39 40 41 42 43 47 
33 39 40 41 42 46 48 49 50 
33 41 42 53 47 49 
33 53 47 48 50 
33 47 48 52 
32 33 2 3 36 37 38 43 
33 53 50 54 
33 48 49 50 52 
53 52 
44 22 23 24 27 14 15 16 17 5 6 
45 28 18 
32 2 3 

