60 519
55 2 3 4 21 1 
55 1 3 4 5 21 
55 56 1 2 4 5 21 22 
36 55 56 12 1 2 3 5 21 22 
36 55 56 12 2 3 4 21 22 
36 45 53 54 59 14 15 29 30 31 32 33 34 
59 16 8 38 39 40 41 42 
45 16 17 7 43 44 46 
60 18 19 20 10 50 51 
60 18 19 9 50 51 
45 37 
36 53 54 55 56 57 58 13 4 5 22 23 24 
36 53 54 55 56 57 58 12 23 24 25 
36 45 53 54 58 15 6 28 29 30 
36 45 54 59 14 6 29 30 31 32 33 34 35 
59 7 8 39 40 41 42 43 
45 60 18 8 43 44 46 48 47 52 49 
60 17 19 20 9 10 49 50 51 
60 18 20 9 10 50 51 
60 18 19 9 10 50 51 
55 56 1 2 3 4 5 22 
55 56 12 3 4 5 21 
36 53 55 56 57 12 13 24 
36 53 56 57 58 12 13 23 
36 54 57 58 13 26 27 
36 53 54 57 58 25 27 
36 53 54 58 25 26 
36 53 54 58 14 
36 45 14 15 6 30 
36 45 14 6 29 
36 45 59 15 6 33 34 35 37 
45 59 15 6 31 33 34 35 37 
45 59 15 6 31 32 34 35 37 
45 59 15 6 31 32 33 35 37 
45 59 15 31 32 33 34 37 
45 53 54 55 56 57 58 59 12 13 14 15 4 5 6 23 24 25 26 27 28 29 30 31 
45 59 31 32 33 34 35 11 
45 59 16 7 40 41 42 
45 16 7 38 40 41 
45 16 7 38 39 41 42 
45 16 7 38 39 40 42 
45 16 7 38 39 41 
16 17 8 44 
17 8 43 
36 53 54 58 59 14 15 16 17 6 7 8 29 30 31 32 33 34 35 37 11 38 39 40 41 42 
17 8 48 47 52 
17 46 48 52 
17 47 52 
60 18 
60 18 19 20 9 51 
60 18 20 9 10 50 
46 48 47 
36 45 54 55 56 57 58 12 13 14 15 6 23 24 25 26 27 28 
36 45 53 56 57 58 12 13 14 15 6 25 26 27 28 
36 53 56 57 12 13 1 2 3 4 5 21 22 23 
53 54 55 57 58 12 13 3 4 5 21 22 23 24 
36 53 54 55 56 58 12 13 23 24 25 26 
36 45 53 54 56 57 12 13 14 24 25 26 27 28 
36 45 15 16 6 7 31 32 33 34 35 37 11 38 
17 18 19 20 9 10 49 50 51 

