68 585
36 46 2 3 
36 46 1 3 
36 46 1 2 
38 49 50 51 52 5 
38 37 49 50 51 52 4 6 
38 37 49 50 51 52 53 5 7 
38 43 59 37 52 53 6 8 
38 41 43 37 52 53 7 
38 41 42 43 59 60 55 
38 41 42 43 60 21 55 11 
41 42 60 21 22 56 10 
42 21 22 23 57 58 63 62 13 14 
42 22 23 57 58 63 62 12 14 
42 22 23 58 63 62 12 13 15 
42 22 23 24 25 63 62 61 14 16 17 18 
24 25 62 61 15 18 19 
23 24 25 61 15 16 18 19 
23 24 25 61 15 16 17 19 
23 24 25 61 17 18 
39 26 32 34 35 64 
38 41 42 43 22 55 56 57 58 10 11 12 
41 42 21 23 56 57 58 63 62 11 12 13 14 15 
42 22 24 25 58 63 62 61 12 13 14 15 16 17 18 19 
39 42 23 25 63 62 61 15 16 17 18 19 
39 42 23 24 61 34 35 15 16 17 18 19 
39 44 32 33 34 35 64 65 20 
39 44 45 66 28 
44 45 66 27 29 
28 30 31 
29 31 
29 30 
39 44 26 33 64 65 20 
39 44 32 64 
39 25 26 35 64 20 
39 25 26 34 64 20 
68 46 1 2 3 
38 41 43 59 49 50 51 52 53 5 6 7 8 
39 41 42 43 68 67 59 60 37 21 47 48 49 50 51 52 53 54 55 56 4 5 6 7 8 9 10 
38 41 42 44 45 24 25 32 33 34 35 64 66 20 40 27 28 
39 44 45 
38 39 42 43 59 60 37 21 22 52 53 54 55 56 57 7 8 9 10 11 
38 39 41 43 59 60 21 22 23 24 25 55 56 57 58 63 62 9 10 11 12 13 14 15 
38 41 42 59 60 37 21 52 53 54 55 56 7 8 9 10 
39 45 26 32 33 65 40 27 28 
39 44 66 40 27 28 29 
68 36 1 2 3 
38 68 67 47 
38 47 49 4 
38 37 50 52 4 5 6 
38 37 49 51 52 4 5 6 
38 37 49 50 52 4 6 
38 41 43 37 49 50 51 53 4 5 6 7 8 
38 41 43 59 37 52 54 6 7 8 
38 41 43 59 37 53 
38 41 42 43 59 60 21 10 
38 41 42 43 60 21 22 57 10 11 
41 42 60 21 22 56 58 12 13 
42 21 22 23 57 63 62 12 13 14 
38 41 42 43 60 37 53 54 55 7 9 
38 41 42 43 59 21 55 56 57 9 10 11 
23 24 25 62 15 16 17 18 
42 22 23 24 63 61 12 13 14 15 16 17 
42 22 23 24 58 62 12 13 14 15 
39 26 32 33 34 35 65 20 
39 44 26 32 33 64 
39 44 45 27 28 
38 68 47 48 
38 67 36 46 47 

