149 1199
113 2 3 4 
113 114 1 3 4 5 
113 114 115 1 2 4 5 
113 114 115 1 2 5 
95 113 114 115 2 3 4 
95 115 116 7 
95 116 6 
95 116 117 9 10 11 
116 117 8 10 
117 8 9 11 
87 117 8 10 
87 96 97 117 118 14 
87 96 97 118 12 14 
87 96 97 118 12 13 15 
75 87 96 97 118 14 16 17 
75 87 96 97 15 
75 87 97 119 15 16 
75 77 120 121 19 
75 77 119 120 121 18 
75 77 120 
75 77 98 122 22 23 24 
75 77 122 21 23 24 
75 77 98 122 21 22 24 
75 77 122 21 22 23 
77 82 83 98 99 100 26 
82 83 98 99 100 123 25 
78 82 83 84 99 100 123 
74 78 82 83 84 124 
74 78 101 30 31 32 33 34 
74 29 31 32 33 34 
74 101 29 30 32 33 34 
74 101 29 30 31 33 34 35 
74 101 29 30 31 32 34 35 
74 101 125 29 30 31 32 33 35 
74 125 33 34 
74 126 37 
74 126 36 
74 85 86 102 103 128 129 39 40 
74 85 86 102 103 129 38 40 
85 86 103 38 39 41 
85 86 88 104 40 
86 88 104 
86 88 130 131 44 45 
88 130 131 43 
88 130 131 43 44 
105 130 131 132 
132 133 48 49 
105 132 133 47 49 50 51 
105 133 47 48 50 51 52 
133 134 48 49 51 52 
133 134 48 50 
133 134 49 50 51 
134 135 53 
89 106 107 55 56 57 58 
89 106 107 54 56 57 58 
89 106 107 54 55 57 58 
89 107 108 136 54 55 56 
89 108 54 55 56 57 
76 89 108 136 60 
76 108 109 136 59 
76 79 80 81 109 137 138 62 
76 80 81 137 138 61 63 
76 79 80 81 137 138 62 64 65 
76 79 80 81 63 65 66 
76 79 80 81 90 63 66 
76 80 81 90 139 64 65 67 
79 80 81 90 139 
79 80 81 90 139 
93 94 110 111 112 145 70 71 
93 94 111 112 145 69 71 
93 94 111 112 145 69 70 72 
94 112 146 147 71 73 
112 146 147 148 149 72 
75 77 78 82 83 84 85 86 88 101 102 103 104 124 125 126 127 128 129 28 29 30 31 32 33 34 35 36 37 38 39 
74 77 78 82 83 84 87 96 97 98 99 118 119 120 121 122 15 16 17 18 19 20 21 22 23 24 
79 80 81 89 90 91 106 107 108 109 136 137 138 139 59 60 61 62 63 64 65 66 
74 75 78 82 83 84 87 96 97 98 99 100 119 120 122 19 20 21 22 23 24 25 
74 75 77 82 83 84 98 99 100 101 123 124 27 28 29 
76 80 81 89 90 91 108 109 136 137 138 139 61 62 63 64 65 66 67 
76 79 81 90 91 109 137 138 139 61 62 63 64 65 66 67 68 
76 79 80 90 91 92 137 138 139 140 61 62 63 64 65 66 67 68 
74 75 77 78 83 84 98 99 100 101 123 124 25 26 27 28 
74 75 77 78 82 84 98 99 100 101 123 124 25 26 27 28 
74 75 77 78 82 83 101 123 124 27 28 
74 86 88 102 103 104 126 127 128 129 38 39 40 41 
74 85 88 102 103 104 129 130 38 39 40 41 42 43 
75 77 96 97 117 118 119 11 12 13 14 15 16 17 
74 85 86 104 105 130 131 42 43 44 45 
76 79 106 107 108 136 55 56 57 58 59 
76 79 80 81 91 92 139 140 141 64 65 66 67 68 
76 79 80 81 90 92 93 110 140 141 142 143 144 
81 90 91 94 110 140 141 142 143 144 
91 92 94 110 111 112 143 144 145 69 70 71 
92 93 110 111 112 144 145 146 69 70 71 72 
113 115 116 5 7 8 
75 77 87 97 117 118 12 13 14 15 16 
75 77 87 96 118 119 12 13 14 15 16 17 
75 77 78 82 83 99 100 122 123 21 23 24 25 26 
75 77 78 82 83 98 100 123 25 26 27 
77 78 82 83 84 98 99 123 25 26 27 
74 78 82 83 84 124 29 31 33 34 
74 85 86 103 126 127 128 129 38 39 
74 85 86 102 127 128 129 38 39 40 
74 85 86 88 130 41 42 
88 130 131 132 133 46 47 48 49 
76 89 107 135 54 55 56 
76 89 106 54 55 56 57 
76 79 89 109 136 57 58 59 60 
76 79 80 108 136 137 60 61 
91 92 93 94 111 112 142 143 144 145 69 
93 94 110 112 144 145 69 70 71 
93 94 110 111 145 146 147 69 70 71 72 73 
95 114 115 1 2 3 4 5 
95 113 115 1 2 3 4 5 
95 113 114 2 3 4 5 6 
95 6 7 8 9 
87 96 8 9 10 11 12 
75 87 96 97 13 14 15 
75 77 87 97 120 121 16 18 19 
75 77 119 121 18 19 20 
75 77 120 18 19 20 
75 77 21 22 23 24 
78 82 83 84 98 99 100 25 26 27 
74 78 82 83 101 28 
74 34 35 
74 85 102 128 36 37 
74 85 102 126 
74 85 102 103 126 127 129 38 
74 85 86 102 103 127 128 38 
86 88 104 105 131 132 43 44 45 46 
88 105 130 43 44 45 46 
105 130 133 46 47 48 
105 132 134 47 48 49 50 51 52 
133 135 50 51 52 53 
106 134 53 
76 79 89 108 109 57 58 59 60 
76 79 80 81 109 138 61 62 63 
76 79 80 81 137 61 62 63 
76 79 80 81 90 66 67 68 
81 90 91 92 141 142 
90 91 92 140 
91 92 110 140 141 143 144 
91 92 93 110 142 144 
91 92 93 94 110 111 142 143 
93 94 110 111 112 69 70 71 
94 112 147 148 149 72 73 
112 148 149 72 73 
146 147 149 73 
146 147 148 73 

