48 446
7 8 15 35 16 17 5 6 
7 34 3 10 11 12 13 14 30 31 
7 8 15 34 35 2 11 12 13 14 30 31 32 
7 9 23 36 24 25 26 27 28 29 45 46 47 48 
7 8 15 16 17 1 6 
8 15 16 17 18 5 
8 9 15 23 34 35 36 2 3 4 16 17 18 19 20 21 22 24 25 33 1 5 6 37 38 39 40 41 42 43 
7 9 15 23 34 35 36 3 16 17 18 19 20 21 22 33 1 5 6 
7 8 15 23 36 4 20 21 22 24 25 26 27 37 38 39 40 41 42 43 44 45 46 
34 2 11 10 
34 2 3 10 12 
34 2 3 11 13 14 30 31 
15 34 35 2 3 12 14 31 32 
15 34 35 2 3 12 13 31 32 
7 8 9 34 35 3 13 14 16 17 18 19 32 1 5 6 
7 8 15 35 17 33 1 5 6 
7 15 16 18 1 5 6 
7 8 15 17 19 20 6 
8 15 18 20 21 
7 8 9 18 19 21 22 
7 8 9 19 20 22 37 38 
7 8 9 20 21 37 38 
7 8 9 36 4 24 25 26 27 28 29 43 44 45 46 47 48 
7 9 23 36 4 25 26 42 43 44 45 46 
7 9 23 36 4 24 26 27 43 44 45 46 
9 23 36 4 24 25 27 28 29 45 46 
9 23 36 4 25 26 28 29 
9 36 26 27 29 47 
23 4 26 27 28 47 48 
34 2 3 11 12 
34 2 3 12 13 14 32 
15 35 3 13 14 31 
7 8 15 35 16 
7 8 15 35 2 3 10 12 13 14 30 31 
7 8 15 34 3 13 14 16 32 33 1 
7 8 9 23 4 24 25 26 27 28 42 43 44 45 46 
7 9 21 22 38 39 40 41 
7 21 22 37 39 41 
7 9 37 38 40 41 
7 9 37 38 39 41 
7 9 37 38 39 40 42 
7 9 24 41 43 
7 9 23 36 24 25 42 44 45 46 
9 23 36 24 25 43 45 46 
9 23 36 4 24 26 44 46 
9 23 36 4 24 26 43 44 45 
23 4 28 29 48 
23 4 47 

