43 321
40 37 32 38 42 13 14 
22 20 23 30 
40 41 35 6 31 19 
39 41 5 36 31 7 8 9 29 43 21 24 
39 4 36 29 43 21 24 27 28 26 
41 35 3 31 7 8 9 19 
41 4 6 31 8 9 
41 4 6 31 7 9 
4 6 31 7 8 
40 33 42 12 13 
40 33 37 42 10 12 13 
40 33 37 42 11 13 
40 33 37 32 42 1 10 11 12 
40 33 37 32 38 1 15 16 
40 41 37 32 38 34 14 16 17 
40 32 38 34 14 15 17 
40 41 38 34 15 16 18 
40 41 34 17 
41 35 6 31 
2 22 23 
39 4 5 36 29 43 24 
20 23 
2 22 20 
39 4 5 36 29 43 
39 5 27 28 26 
39 5 25 28 
39 5 25 28 26 
39 5 25 27 26 
39 4 5 36 43 21 
20 39 
41 4 35 3 6 7 8 9 19 
40 41 33 37 38 34 42 1 13 14 15 16 
40 37 32 38 42 1 10 11 12 13 14 
40 32 38 35 15 16 17 18 
40 41 34 3 6 31 19 
39 4 5 29 43 21 24 
40 33 32 38 42 1 11 12 13 14 15 
40 41 33 37 32 34 1 14 15 16 17 18 
2 40 41 4 5 36 29 30 43 21 24 25 27 28 26 
39 41 33 37 32 38 34 42 1 3 10 11 12 13 14 15 16 17 18 
39 40 4 32 38 34 35 3 6 31 7 8 9 15 18 19 
40 33 37 32 1 10 11 12 13 14 
39 4 5 36 21 24 

