53 452
2 3 21 
1 3 21 22 
18 19 1 4 21 22 
51 18 19 20 3 24 17 
51 18 19 20 25 26 6 24 17 
48 51 52 20 25 26 7 
48 51 52 53 25 26 6 8 9 
48 51 52 53 25 26 7 9 27 
48 52 53 25 26 7 8 27 
48 49 53 23 11 12 13 28 31 32 29 30 
48 49 53 23 10 12 13 28 31 32 29 30 
48 49 53 23 10 11 13 31 32 29 30 33 34 35 
49 23 10 11 12 14 30 33 34 35 36 
49 23 13 30 33 34 35 36 38 37 39 
50 41 42 43 44 
50 43 45 46 47 
18 19 20 4 5 
51 19 20 3 4 5 21 22 24 17 
51 18 20 3 4 5 24 17 
48 51 52 18 19 25 26 4 5 6 24 17 
18 1 2 3 22 
1 2 3 21 
48 49 50 10 11 12 13 14 29 30 33 34 35 36 38 37 39 
51 18 19 20 4 5 17 
48 51 52 53 20 26 5 6 7 8 9 
48 51 52 53 20 25 5 6 7 8 9 
48 49 52 53 8 9 28 
48 49 53 11 27 31 32 
48 49 23 10 11 12 31 32 30 
49 23 10 11 12 14 29 33 34 35 36 
48 49 53 10 11 12 28 32 29 
48 49 53 10 11 12 28 31 29 
49 23 12 13 14 30 34 35 36 
49 23 13 14 30 33 35 36 
49 23 12 13 14 30 33 34 36 
49 23 13 14 30 33 34 35 
14 38 39 40 
50 23 37 39 41 
23 14 38 37 41 
50 37 39 42 
50 15 39 40 42 
50 15 40 41 
50 15 16 44 45 46 
50 15 16 43 45 46 
16 44 46 47 
50 16 43 44 45 47 
50 16 45 46 
49 51 52 53 20 26 23 6 7 8 9 10 11 12 27 28 31 32 29 
48 50 52 53 23 10 11 13 14 27 28 31 32 29 30 33 34 35 36 
49 23 15 16 38 40 41 42 43 44 45 46 47 
48 18 19 20 25 26 4 5 6 7 8 24 17 
48 49 51 53 20 25 26 6 7 8 9 27 
48 49 52 25 26 7 8 9 10 11 12 27 28 31 32 

