26 183
12 22 9 10 14 15 16 2 
12 22 9 10 16 1 3 
12 22 10 2 
13 11 17 18 19 20 
13 23 17 20 21 6 
11 21 24 
23 24 8 
23 24 7 
12 22 10 14 15 16 25 26 2 
12 13 22 9 15 16 1 2 3 
13 23 17 18 19 20 21 24 4 5 
13 22 9 10 14 15 16 25 26 1 2 3 
12 22 23 10 11 17 18 19 20 21 4 5 
12 22 9 15 16 25 26 1 14 
12 22 9 10 14 16 25 26 
12 22 9 10 14 15 1 2 
13 11 18 19 20 4 
13 11 17 19 20 4 
13 11 17 18 20 4 
13 11 17 18 19 21 4 5 
13 23 11 20 24 5 6 
12 13 9 10 15 16 1 2 3 
13 11 21 24 5 6 7 8 
23 11 21 6 7 8 
12 9 14 15 26 
12 9 14 15 25 

