76 539
2 3 
1 3 4 5 
1 2 4 5 
2 3 5 6 
51 2 3 4 6 
51 52 4 5 7 
51 52 6 8 9 
51 52 6 7 9 
51 52 53 63 7 8 10 
52 53 63 9 11 
46 53 63 10 
45 46 47 64 13 
45 46 47 65 12 14 15 16 
45 47 54 13 15 16 
45 46 47 54 55 65 13 16 
45 46 47 54 55 56 65 66 13 14 15 17 
45 46 47 54 55 56 65 66 16 
45 54 56 57 19 20 
57 58 18 20 
57 58 18 19 
44 58 22 
44 58 21 
44 67 68 24 25 26 27 
44 67 68 23 25 26 27 
44 67 68 23 24 26 27 
44 67 68 23 24 25 27 
44 67 68 23 24 25 26 
44 59 60 67 68 
61 72 30 31 
72 29 31 
72 29 30 
72 73 74 33 34 
73 74 32 34 
48 74 32 33 35 
48 74 34 36 37 
48 62 75 35 37 38 
48 62 75 35 36 38 
48 49 50 62 75 76 36 37 39 40 
48 49 50 62 75 38 40 41 
48 49 50 62 75 76 38 39 41 
48 49 50 62 75 76 39 40 
49 50 43 
49 50 42 
45 58 59 60 67 68 69 21 22 23 24 25 26 27 28 
44 46 47 54 55 57 64 65 66 12 13 14 15 16 17 18 
45 47 53 54 55 56 63 64 65 66 11 12 13 14 15 16 17 
45 46 53 54 55 56 64 65 66 12 13 14 15 16 17 
50 62 74 75 76 34 35 36 37 38 39 40 41 
48 50 62 75 76 38 39 40 41 42 43 
48 49 62 75 76 38 39 40 41 42 43 
52 53 63 4 5 6 7 8 9 
51 53 63 6 7 8 9 10 
46 47 51 52 63 64 9 10 11 
45 46 47 55 56 57 65 66 14 15 16 17 18 
45 46 47 54 56 57 65 66 16 17 
45 46 47 54 55 57 65 66 16 17 18 
45 54 55 56 58 66 18 19 20 
44 57 19 20 21 22 
44 60 67 68 69 28 
44 59 69 70 28 
69 70 71 29 
48 49 50 75 76 36 37 38 39 40 41 
46 51 52 53 64 9 10 11 
45 46 47 53 11 12 
45 46 47 55 56 66 13 14 15 16 17 
45 47 54 55 56 57 65 16 17 
44 59 68 23 24 25 26 27 28 
44 59 67 23 24 25 26 27 28 
44 59 60 61 71 
60 61 69 71 
61 69 70 
73 29 30 31 32 72 
72 74 32 33 
48 73 32 33 34 35 
48 49 50 62 76 36 37 38 39 40 41 
48 49 50 62 75 38 39 40 41 

