50 380
44 11 22 
44 45 46 49 12 13 23 24 25 
46 47 50 16 4 5 32 
47 50 16 3 5 32 
47 50 17 3 4 33 
48 17 18 7 34 
48 18 6 8 35 36 
48 18 7 9 35 36 37 38 39 40 41 
48 19 8 10 37 38 39 40 41 42 
42 43 
44 45 12 20 21 22 
44 49 11 13 2 23 24 25 
44 46 47 49 12 14 2 25 26 27 
45 46 47 49 13 15 27 28 29 30 31 
45 46 47 49 14 28 29 30 31 
46 47 50 3 4 32 
47 48 50 5 6 33 34 
48 17 6 7 8 34 35 
48 9 10 41 42 43 
44 11 21 
44 11 20 
44 11 1 
44 45 12 2 24 
44 12 23 25 
45 49 12 13 2 24 
46 49 13 27 
45 46 47 49 13 14 15 26 
45 46 47 49 14 15 29 30 31 
46 47 49 14 15 28 30 31 
46 47 15 28 29 31 
46 47 14 15 28 29 30 
46 47 50 16 3 4 
50 17 5 
48 17 18 6 
48 7 8 
48 7 8 37 39 40 
48 8 9 36 38 39 40 41 
48 8 9 36 37 39 40 41 
48 8 9 36 37 38 40 41 
48 8 9 36 37 38 39 41 
48 19 8 9 37 38 39 40 42 
48 19 9 10 41 
19 10 
45 46 47 49 11 12 13 1 2 20 21 22 23 24 
44 46 47 49 11 12 13 14 15 2 23 24 25 26 27 28 
44 45 47 49 50 13 14 15 16 2 3 26 27 28 29 30 31 32 
44 45 46 48 49 50 13 14 15 16 17 3 4 5 27 28 29 30 31 32 
47 50 17 18 19 6 7 8 9 34 35 36 37 38 39 40 41 42 
44 45 46 47 12 13 14 15 2 25 26 27 28 29 
46 47 48 16 17 3 4 32 33 

