33 300
23 26 33 13 14 15 19 
26 20 
26 2 20 
21 22 16 17 27 28 29 30 
21 22 24 25 16 17 28 29 30 6 7 
21 22 24 25 16 17 18 30 31 5 7 
21 22 24 25 16 17 30 31 5 6 
21 24 25 18 31 32 9 
21 23 24 25 18 32 8 10 11 
23 24 18 32 9 11 
23 24 9 10 
23 33 
23 26 33 1 14 15 
23 26 1 15 19 
23 26 1 13 14 19 
21 22 24 25 17 18 28 29 30 31 4 5 6 7 
21 22 24 25 16 18 28 29 30 31 4 5 6 7 
21 22 23 24 25 16 17 31 32 6 8 9 
23 26 1 14 15 
26 2 3 
22 23 24 25 16 17 18 27 28 29 30 31 32 4 5 6 7 8 9 
21 23 24 25 16 17 18 27 28 29 30 31 32 4 5 6 7 8 
21 22 24 25 26 18 32 33 1 9 10 11 12 13 14 15 19 
21 22 23 25 16 17 18 28 30 31 32 5 6 7 8 9 10 11 
21 22 23 24 16 17 18 30 31 32 5 6 7 8 9 
23 1 2 3 13 14 15 19 
21 22 28 29 4 
21 22 24 16 17 27 29 30 4 5 
21 22 16 17 27 28 30 4 5 
21 22 24 16 17 28 29 4 5 6 7 
21 22 24 25 16 17 18 32 6 7 8 
21 22 23 24 25 18 31 8 9 10 
23 1 12 13 

