64 456
50 33 17 63 64 
36 33 18 3 
36 50 18 2 4 5 
36 50 51 18 25 3 5 6 
36 51 18 25 3 4 6 
36 51 25 5 7 
25 6 
51 20 21 9 
51 20 21 
20 21 22 11 
20 21 22 23 10 
35 31 32 60 13 19 24 
35 49 31 32 60 12 19 24 
47 27 37 38 
34 48 29 30 44 45 46 52 54 
35 48 49 30 31 32 59 60 12 13 19 24 
35 36 49 50 33 61 62 63 64 1 
36 50 33 25 2 3 4 5 
35 49 31 32 16 60 12 13 24 
51 21 22 23 9 10 11 
20 22 8 9 10 11 
21 23 10 11 
20 21 22 10 11 
35 49 31 32 16 12 19 
36 18 4 5 6 7 
35 49 32 61 62 
34 47 14 38 39 
34 40 41 44 45 
34 48 28 15 43 44 45 46 52 53 
34 35 48 31 15 16 53 54 55 56 57 58 
35 48 49 30 32 16 59 60 12 13 19 24 
35 49 31 60 12 13 19 24 26 61 
35 36 49 50 17 18 62 63 64 1 2 
47 48 27 28 29 30 15 40 41 42 43 44 45 46 52 53 
36 48 49 50 30 31 32 33 16 17 60 12 13 19 24 26 61 62 
35 49 50 51 33 17 18 25 63 64 1 2 3 4 5 6 
47 27 14 38 
47 27 14 
27 39 
34 28 41 42 
34 28 40 42 
34 28 40 41 43 
34 28 29 41 42 44 
34 28 29 15 43 45 
34 28 15 44 
34 48 29 15 52 53 
34 27 47 37 38 
34 35 30 31 15 16 46 52 53 54 55 56 57 59 60 
35 36 31 32 33 16 17 13 19 24 26 61 62 
35 36 49 51 33 17 18 63 64 1 2 3 4 
36 50 25 20 21 4 5 6 8 9 
34 48 29 15 46 53 54 
34 48 29 30 15 46 52 54 55 
48 30 15 52 53 55 56 
48 30 53 54 56 57 58 
48 30 54 55 57 
48 30 56 58 59 
48 30 55 57 59 
30 31 16 57 58 
35 48 31 32 16 12 13 19 
35 49 32 17 62 
35 49 33 17 26 61 63 
36 50 33 17 62 1 
36 50 33 17 63 

