29 203
19 22 23 24 3 
18 20 21 26 27 28 9 10 11 
19 1 22 24 25 4 5 
19 24 25 3 5 6 
19 24 25 3 4 6 
19 20 25 4 5 
19 20 25 26 27 8 9 
19 20 26 27 7 
20 2 26 27 28 7 8 10 
18 20 2 26 27 28 9 
18 21 2 12 13 14 
18 21 11 13 14 
18 11 12 14 
18 21 11 12 13 
18 21 29 16 17 
18 21 29 15 17 
18 29 15 16 
19 20 21 2 26 27 28 29 10 11 12 13 14 15 16 17 
18 20 1 22 23 24 25 26 3 4 5 6 7 8 
18 19 2 25 26 27 28 6 7 8 9 10 
18 2 29 11 12 13 14 15 16 
19 1 24 3 
1 22 24 
19 1 22 23 25 3 4 5 
19 20 24 3 4 5 6 7 
18 19 20 2 27 28 7 8 9 10 
18 20 2 26 28 7 8 9 10 
18 20 26 27 9 10 
18 21 15 16 17 

