52 491
42 43 51 52 2 3 22 23 24 31 32 33 
30 42 43 51 52 1 3 22 23 24 31 32 33 
30 43 1 2 4 23 24 25 33 34 
43 44 5 6 23 24 25 12 36 34 37 38 
44 4 6 7 8 12 36 35 37 38 39 40 
44 45 4 5 7 8 9 36 35 13 14 37 38 39 40 
44 45 5 6 8 9 12 36 35 13 14 16 37 39 40 41 
44 45 5 6 7 9 12 36 35 13 14 16 39 40 41 
44 45 6 7 8 35 13 14 16 41 46 
17 10 11 
48 17 10 
43 44 4 5 6 7 8 36 37 38 
44 45 6 7 8 9 35 14 16 40 41 
44 45 6 7 8 9 35 13 16 
42 49 50 20 21 29 
44 45 7 8 9 13 14 41 46 
48 10 11 17 
48 49 19 26 27 28 
42 48 49 50 18 26 27 28 29 
30 42 49 50 51 21 29 15 
30 42 49 50 20 15 
30 42 43 51 1 2 31 32 33 
30 43 1 2 3 4 24 25 33 34 
30 43 1 2 3 4 23 25 34 
43 3 4 23 24 34 
48 49 19 27 28 
48 49 50 18 19 26 
48 49 50 18 19 26 27 29 
42 49 50 19 20 21 28 
42 43 49 50 51 52 1 2 3 20 21 22 23 24 31 32 33 
30 42 51 52 1 22 32 
30 42 51 52 1 2 22 31 
30 43 52 1 2 3 22 23 
43 3 4 23 24 25 
44 45 5 6 7 8 9 36 13 14 39 40 
44 4 5 6 7 8 12 35 13 37 38 39 40 
43 44 4 5 6 7 12 36 38 39 
44 4 5 6 12 36 37 39 
44 5 6 7 8 12 36 35 37 38 
44 5 6 7 8 35 13 39 
44 45 7 8 9 14 16 46 
30 49 50 51 1 2 19 20 21 22 29 15 31 32 
30 44 51 52 1 2 3 4 22 23 24 25 12 33 34 37 
43 45 4 5 6 7 8 9 12 36 35 13 14 16 37 38 39 40 41 
44 6 7 8 9 35 14 16 41 46 47 
45 9 16 41 47 
45 46 
49 50 17 18 19 10 11 26 27 28 
30 42 48 50 18 19 20 21 26 27 28 29 15 
42 48 49 19 20 21 27 28 29 15 
30 42 43 52 1 20 22 31 32 
42 43 51 1 2 22 32 

