68 366
51 49 54 5 
51 49 3 5 
51 49 2 5 
43 44 36 33 34 35 37 13 
51 49 54 2 3 1 
51 52 15 7 
52 15 8 
51 52 38 15 16 7 9 
51 52 38 15 16 17 18 19 8 
20 21 22 11 
20 22 10 12 
22 23 11 
36 35 37 4 
44 36 68 50 46 
51 52 38 16 17 6 7 9 
51 52 38 15 17 18 19 8 9 
51 52 38 15 16 18 19 9 
51 52 38 16 17 19 9 
51 52 38 16 17 18 9 
52 21 10 11 
52 20 10 11 
10 12 
39 12 
66 25 26 
66 28 24 26 27 29 
66 25 24 
25 28 29 
66 27 29 
25 28 30 27 53 
41 63 29 55 
67 42 43 44 32 33 34 35 37 
42 31 
43 44 31 34 35 37 4 
43 44 33 35 37 4 
43 44 31 36 33 34 37 4 13 
43 44 35 37 4 13 14 50 
44 31 36 33 34 35 4 13 
51 52 15 16 17 18 19 8 9 
65 23 56 59 61 
65 66 45 
67 30 57 58 
67 43 31 64 32 
67 42 44 31 36 32 33 34 35 37 4 
43 31 36 33 34 35 37 4 13 14 50 
65 66 40 24 
68 14 50 
46 48 
68 47 48 
51 54 2 3 5 
44 36 14 
52 38 49 54 15 16 17 18 19 2 3 5 1 6 7 8 9 
51 38 15 16 17 18 19 20 21 6 7 8 9 52 
30 63 29 
51 49 5 
41 30 63 
65 39 59 61 
41 58 
41 57 60 62 64 
65 39 56 61 
67 57 58 62 
65 39 56 59 
67 58 60 64 
41 30 53 55 
67 42 58 60 62 
66 39 56 61 40 45 
65 25 28 40 45 24 26 
41 42 43 31 58 60 62 64 32 
14 46 47 48 

