57 401
25 26 53 18 2 39 38 36 35 
25 26 18 19 1 39 38 36 35 52 14 37 
34 19 4 5 37 21 
22 26 19 3 5 
22 26 34 3 4 
22 34 54 7 40 41 42 
22 34 6 40 41 42 
22 54 42 44 45 
22 27 20 45 46 47 
27 55 11 48 49 
27 55 10 49 50 
11 49 50 51 13 
51 13 
26 19 2 36 35 52 37 
22 26 34 
25 23 24 
53 56 57 29 31 33 
25 26 34 53 19 1 2 3 39 38 36 35 52 14 37 21 
22 25 26 34 18 2 3 4 35 52 14 37 21 
22 27 55 9 47 
26 34 18 19 3 37 
25 26 27 34 54 55 19 20 4 5 6 7 8 9 15 40 41 42 43 44 45 46 
16 23 
25 16 30 
22 26 34 53 16 17 18 19 56 57 1 2 24 30 28 29 31 32 33 39 38 36 
22 25 34 53 54 18 19 1 2 3 4 5 38 36 35 52 14 37 21 15 
22 54 55 20 9 10 11 46 47 48 
25 56 24 30 29 31 32 
25 17 56 30 28 31 32 
25 24 29 31 
25 17 56 30 28 29 32 
25 53 17 56 57 28 29 31 
25 53 17 57 
22 25 26 18 19 3 4 5 6 7 21 15 40 
26 18 19 1 2 36 14 37 
25 26 18 1 2 38 35 52 14 
26 18 19 2 3 52 14 21 
25 26 18 1 2 39 36 
25 53 18 1 38 
34 54 6 7 41 
22 54 6 7 40 
22 54 6 7 8 43 44 
22 54 8 42 
22 54 8 42 43 45 
22 8 9 44 
22 27 20 9 
27 20 9 
55 10 11 
10 11 12 50 
11 12 51 
12 13 50 
26 18 19 2 36 35 14 37 
25 17 18 57 1 32 33 53 39 
22 26 27 34 7 8 40 41 42 43 
22 27 20 10 11 48 
25 16 17 24 30 28 29 31 32 
25 53 17 32 33 

