173 1426
54 62 2 
77 1 3 
54 77 78 79 4 
54 77 78 79 80 5 
54 77 78 79 80 113 114 115 4 
78 79 80 113 114 115 
81 116 8 
116 7 
81 82 83 117 118 10 12 
81 82 83 117 118 9 11 12 
81 82 83 117 118 9 10 12 
51 118 10 11 13 
51 83 117 118 12 
51 64 
51 63 64 65 84 119 120 
51 65 85 119 120 121 17 18 19 
51 65 84 85 121 16 19 
65 85 121 17 19 
65 85 16 17 18 
85 86 121 21 22 
85 20 
85 86 20 21 23 
22 24 25 
86 23 25 26 
86 23 24 26 
66 86 24 25 27 28 
66 26 28 
55 66 26 27 
55 67 87 88 30 31 
66 67 87 88 29 31 
55 66 67 87 88 29 30 
55 66 67 87 88 33 34 
55 67 87 88 32 34 
52 55 67 87 88 89 122 32 33 35 
52 55 88 89 122 34 36 37 
52 55 89 122 35 37 
52 55 89 122 35 36 
55 89 122 123 124 125 39 
52 89 123 124 38 
52 90 124 125 126 127 
68 129 130 131 
68 92 131 132 133 43 44 
68 92 131 132 133 42 44 
68 92 132 133 42 43 45 46 
68 92 132 133 44 46 47 
68 92 132 133 45 47 
68 92 93 45 46 48 
93 47 
50 51 53 54 58 59 60 61 62 72 73 74 75 76 104 105 106 107 108 109 110 111 112 156 157 158 159 160 161 162 163 164 165 166 167 168 169 170 171 
49 53 54 58 59 60 61 72 74 75 76 104 105 106 107 108 109 155 156 157 158 159 160 161 
49 55 63 64 65 81 82 83 84 85 117 118 119 120 121 12 13 14 15 16 17 
55 66 67 68 87 88 89 90 91 122 123 124 125 126 127 128 129 130 34 35 36 37 38 39 40 
49 50 54 59 60 61 62 73 74 75 76 108 109 110 111 159 160 161 162 163 164 165 166 167 168 169 170 171 
49 50 53 61 62 77 78 79 80 111 112 113 114 172 173 1 2 3 4 5 
51 52 66 67 87 88 89 90 122 123 124 125 28 29 30 31 32 33 34 35 36 37 38 39 
57 69 94 95 96 97 134 135 136 137 138 139 140 141 
56 70 95 96 97 98 141 142 143 144 
49 50 71 103 104 105 150 151 152 153 154 155 
49 53 72 105 106 107 156 157 158 
49 50 53 59 72 106 107 108 156 157 158 159 
49 50 53 54 62 75 76 110 111 112 168 169 170 171 172 
49 53 54 61 77 111 112 172 173 1 2 
51 64 65 84 120 15 
51 63 65 84 119 120 14 15 
51 63 64 84 85 119 120 121 15 16 17 18 19 
52 55 67 86 87 26 27 28 29 30 31 32 
52 55 66 87 88 89 29 30 31 32 33 34 
52 91 92 93 130 131 132 133 41 42 43 44 45 46 47 
56 94 134 135 136 137 138 
57 99 100 101 102 145 146 147 148 
58 102 103 150 151 
49 50 59 60 105 106 107 156 157 
49 50 53 74 75 76 108 109 159 160 161 162 163 
49 50 53 73 75 76 108 109 160 161 162 163 
49 50 53 61 73 74 76 109 110 162 163 164 165 166 167 168 169 170 
49 50 53 61 73 74 75 109 110 162 163 164 165 166 167 168 169 170 
54 62 78 79 80 113 2 3 4 5 
54 79 80 113 114 115 3 4 5 6 
54 77 78 80 113 114 115 3 4 5 6 
54 77 78 79 113 114 115 4 5 6 
51 82 83 117 7 9 10 11 81 
51 81 83 117 118 9 10 11 12 13 
51 81 82 117 9 11 12 13 
51 63 64 65 85 119 120 121 15 16 17 
51 65 84 86 121 16 17 18 20 21 22 
66 85 20 22 23 24 25 
52 55 66 67 88 89 122 29 30 31 32 33 34 
52 55 66 67 87 89 122 29 30 31 32 33 34 35 
52 55 67 87 88 122 123 124 34 35 36 37 38 39 
52 55 124 125 126 127 129 40 
52 68 128 129 130 131 41 
68 93 131 132 133 42 43 44 45 46 47 
68 47 48 93 
56 69 136 138 139 
56 57 96 138 139 140 141 142 
56 57 95 97 140 141 142 
56 95 141 142 
57 143 144 
100 101 102 145 146 147 148 
70 99 101 102 145 146 147 148 
70 99 100 102 145 146 147 148 149 
70 71 99 100 101 146 147 148 149 
58 104 150 151 152 153 
49 50 58 103 105 151 152 153 154 155 
49 50 58 59 72 104 155 
49 50 59 60 72 107 156 157 
49 50 59 60 72 106 157 158 
49 50 60 73 74 159 160 161 
49 50 53 73 74 75 76 161 162 163 164 165 166 
53 61 75 76 164 165 166 167 168 169 170 171 
49 53 54 61 62 112 171 
49 54 61 62 172 173 
54 79 80 114 115 116 5 6 
54 78 79 80 113 115 5 6 
78 79 80 113 114 5 6 
113 7 8 
51 81 82 9 10 11 12 13 
51 82 83 117 9 10 11 12 13 
51 63 64 65 84 120 15 16 
51 63 64 65 84 119 121 15 16 
51 65 84 85 120 16 17 18 19 20 
52 55 67 87 88 89 123 34 36 37 38 
52 55 89 122 124 125 126 38 39 
52 55 89 90 123 125 126 38 39 40 
52 55 90 123 124 126 38 39 40 
52 90 123 124 125 127 40 
52 90 126 128 40 
90 127 129 
52 90 91 128 130 41 
68 91 129 131 41 
68 91 92 130 132 41 42 43 
68 92 131 133 42 43 44 45 46 
68 92 132 42 43 44 45 46 
56 69 135 
56 69 134 136 
56 69 94 135 
56 69 94 138 139 
56 69 95 137 139 140 
56 94 95 137 138 140 
56 95 96 97 138 139 141 
56 57 95 96 97 140 142 
57 95 96 97 141 
57 98 144 
98 143 
70 99 100 101 146 
70 99 100 101 102 145 148 
70 99 100 101 102 146 148 149 
70 99 100 101 102 146 147 149 
71 101 102 147 148 
58 71 103 151 
58 71 103 104 150 152 
58 103 104 151 153 154 155 
58 103 104 152 154 155 
58 104 152 155 
50 58 104 105 152 153 154 
49 50 59 72 106 157 
49 50 59 60 72 106 107 156 
49 50 107 
50 53 60 73 108 160 
49 50 53 73 74 108 159 
49 50 53 73 74 108 109 162 163 
49 73 74 75 76 161 163 164 
49 53 73 74 75 76 109 161 162 164 
49 53 76 109 110 162 163 165 166 167 168 
49 53 75 76 109 110 164 166 167 168 
49 53 75 76 109 110 164 165 167 168 169 170 
49 53 75 76 110 164 165 166 168 169 170 
49 53 61 75 76 110 164 165 166 167 169 170 
49 53 61 75 76 110 166 167 168 170 
49 53 75 76 110 166 167 168 169 
49 61 110 111 
54 61 62 111 112 
54 62 112 1 

