69 425
2 58 59 60 63 40 41 42 9 10 11 13 
1 3 63 61 43 13 14 15 16 
2 63 43 14 16 
69 62 66 46 47 21 22 23 
69 64 51 52 53 54 27 28 29 30 31 
5 64 51 52 53 54 27 28 29 30 31 
58 8 
58 59 7 
1 58 59 60 
1 58 59 60 40 41 9 11 
1 58 59 60 40 41 9 10 
1 60 40 41 42 13 
1 2 63 40 42 12 
2 63 
2 3 63 14 
2 3 43 15 
61 44 45 18 
62 44 45 17 19 20 
62 44 45 18 20 21 
62 45 18 19 
4 62 45 46 19 20 22 
4 62 46 21 23 
4 62 46 22 
66 47 
69 48 49 24 
69 48 50 
5 51 52 28 29 
5 6 51 52 27 29 
5 6 52 27 28 
5 6 64 52 53 31 
5 6 64 53 54 30 
64 54 55 56 33 34 
65 54 56 32 34 
55 56 32 33 35 
65 56 34 36 37 38 39 
65 35 37 38 39 68 
65 35 36 38 39 68 
65 57 35 36 39 68 67 
65 57 35 36 37 68 67 
1 58 59 60 41 42 10 11 12 13 
1 58 59 60 40 42 10 11 12 
1 60 63 40 41 12 13 
2 3 16 
61 62 45 17 18 19 
62 44 17 18 19 20 21 
4 62 21 22 23 
69 4 66 24 
69 26 
69 50 25 26 
69 48 26 
5 6 52 27 28 29 
5 6 64 51 53 27 28 29 30 
5 6 64 52 54 30 31 
5 6 64 53 55 56 31 32 33 
64 65 54 56 32 33 34 
65 54 55 32 33 34 
38 39 68 67 57 
1 59 60 40 41 7 8 9 10 11 
1 58 60 40 41 8 9 10 11 
1 58 59 40 41 42 9 10 11 12 
2 3 43 17 
4 44 45 46 18 19 20 21 22 23 
1 2 3 42 13 14 15 
5 6 52 53 54 55 30 31 32 
55 56 33 34 35 36 37 38 39 
4 47 
57 38 39 68 
65 57 36 37 38 39 67 
4 5 66 47 48 49 50 24 25 26 

