63 444
37 46 47 48 49 20 57 
37 47 48 49 57 3 5 6 
48 49 57 2 5 6 
9 10 35 36 52 
37 48 49 57 2 3 6 
37 48 49 2 3 5 
8 9 7 25 
7 25 
10 25 29 35 36 4 
59 9 35 36 4 52 53 
46 24 23 12 28 
24 11 28 
46 47 20 14 15 16 28 63 30 31 32 
46 47 20 13 15 16 30 32 
46 20 13 14 16 17 30 31 32 34 
46 47 48 13 14 15 17 30 31 32 34 
46 47 48 20 15 16 31 32 34 
37 49 60 61 38 39 40 
62 21 22 44 45 50 51 
37 46 47 48 49 14 15 16 17 30 31 32 34 1 
37 60 61 62 22 19 43 44 45 50 51 
21 19 44 45 50 51 
46 59 24 11 12 28 
46 59 23 11 12 26 27 
7 8 9 29 
59 24 27 
59 24 
46 23 12 13 63 
9 35 36 
46 47 20 13 14 15 16 31 32 
46 47 20 13 14 15 16 17 30 32 34 
46 47 20 13 14 15 16 17 31 34 
33 54 
46 47 48 20 15 16 17 31 32 
10 36 4 
9 10 29 35 4 52 
46 47 48 49 60 61 20 21 57 18 1 2 3 5 6 39 40 41 42 
37 49 60 18 39 
37 49 60 18 38 
37 61 18 41 42 
37 60 61 42 
37 60 61 40 41 
61 21 44 
21 22 19 43 45 
62 21 22 19 44 50 51 
37 47 48 49 24 23 20 11 13 14 15 16 17 57 28 63 30 31 32 34 1 
37 46 48 49 20 13 14 15 16 17 57 30 31 32 34 1 2 
46 47 49 60 20 16 17 57 34 1 2 3 5 6 
37 46 47 48 60 61 20 57 18 1 2 3 5 6 38 39 
21 22 19 45 51 
62 21 22 19 45 50 
10 36 4 53 
59 10 52 55 
33 62 
59 53 56 58 
59 55 58 
37 46 47 48 49 1 2 3 5 
59 55 56 
24 23 53 55 56 58 26 27 
37 48 61 21 18 38 39 40 41 42 
37 49 60 21 18 40 41 42 43 
33 21 22 19 45 50 51 54 
46 13 28 

