63 451
61 44 63 2 
61 44 9 1 20 
21 22 26 6 23 24 25 
61 27 30 5 7 8 31 32 28 29 33 34 
61 4 27 30 31 32 
26 3 25 31 
61 4 27 30 8 32 29 33 34 
61 4 27 30 7 32 28 29 33 34 35 
61 44 35 63 1 2 20 
61 11 44 15 38 40 
61 12 13 10 15 14 16 39 40 41 42 43 45 47 
61 11 13 15 14 16 17 40 41 42 43 45 47 
61 11 12 14 16 17 41 42 43 45 46 47 48 
61 11 12 13 15 39 40 41 42 43 
61 11 12 10 14 39 40 41 
11 12 13 17 46 47 48 
12 13 16 47 48 49 
62 36 57 58 59 
62 50 49 51 53 54 55 
61 44 9 1 2 37 
22 26 3 23 24 25 
21 26 3 23 24 25 
21 22 26 3 24 
21 22 26 3 23 25 
22 3 6 24 
21 22 3 6 23 24 25 
61 4 30 5 7 8 32 28 29 33 34 
61 4 27 30 7 8 32 29 33 34 
61 4 27 7 8 32 28 33 34 
61 4 27 5 7 8 32 28 29 33 34 
4 6 5 
61 4 27 30 5 7 8 28 29 33 34 
61 4 27 30 8 32 28 29 34 
61 4 27 30 7 8 32 28 29 33 
61 8 9 63 
18 57 58 59 
61 44 20 38 
61 44 10 
61 11 10 15 14 40 
61 11 12 10 15 14 39 
11 12 13 15 14 42 43 45 
11 12 13 14 41 43 
11 12 13 14 41 42 
61 9 10 1 2 20 37 38 
11 12 13 41 42 43 46 
11 12 13 16 45 47 
11 12 13 17 46 
13 16 17 51 
62 50 17 19 48 53 
62 19 49 51 53 52 54 55 56 60 
62 50 19 48 49 53 52 
62 50 19 51 53 55 
62 50 19 49 52 54 
62 50 19 53 52 55 
62 50 19 52 54 56 60 
62 55 60 
18 36 
18 57 59 
18 36 58 
62 50 55 56 
4 11 12 13 27 30 44 5 7 8 9 10 15 14 32 28 29 33 34 35 63 1 2 20 37 38 39 40 
18 50 19 49 51 53 52 54 55 56 60 
61 9 1 

