32 301
25 30 31 32 2 17 18 19 20 21 22 8 
25 30 31 32 1 17 18 19 20 21 22 9 10 
25 30 32 4 23 24 26 27 28 14 
25 30 3 24 26 27 28 29 14 15 16 
6 7 
5 7 
31 5 6 
31 1 17 18 
25 30 31 32 2 19 20 21 22 10 
25 30 32 2 22 9 11 12 
25 30 32 22 10 12 13 
25 30 32 23 10 11 
25 30 32 23 11 12 
25 30 3 4 24 26 27 28 15 16 
25 4 26 27 28 14 16 
25 4 27 28 14 15 
31 1 2 18 19 20 21 8 
31 32 1 2 17 19 20 21 8 
31 32 1 2 17 18 20 21 22 9 
25 30 31 32 1 2 17 18 19 22 9 
25 30 31 32 1 2 17 18 19 20 9 
25 30 31 32 1 2 19 20 21 9 10 11 
25 30 32 3 24 26 12 13 
25 30 3 4 23 26 27 14 
30 31 32 1 2 3 4 20 21 22 23 24 26 27 28 29 9 10 11 12 13 14 15 16 25 
30 3 4 23 24 27 28 14 15 
25 3 4 24 26 28 14 15 16 
25 3 4 26 27 29 14 15 16 
25 4 28 
25 31 32 1 2 3 4 20 21 22 23 24 26 27 9 10 11 12 13 14 
25 30 32 1 2 17 18 19 20 21 22 7 8 9 
25 30 31 1 2 3 17 18 19 20 21 22 23 9 10 11 12 13 

