116 884
70 71 72 80 
70 71 72 80 91 92 3 4 
70 72 81 91 92 2 4 
63 70 71 81 91 92 2 3 
63 72 73 81 6 
63 73 93 94 5 
59 63 73 93 94 
59 63 74 
59 74 75 82 95 
59 75 76 82 96 97 11 
59 64 76 96 97 10 12 
59 64 76 97 98 11 13 
59 64 76 97 98 99 
59 65 100 15 16 
64 65 100 101 14 16 
64 65 100 101 14 15 
60 65 100 101 
60 65 77 19 
60 65 77 18 20 21 
60 77 18 19 21 
60 77 19 20 22 23 
60 77 21 23 24 
60 77 21 22 24 
60 77 22 23 
60 102 103 
83 84 85 27 28 
83 84 85 26 28 
83 84 85 26 27 
78 86 87 104 30 31 
78 87 104 29 32 
78 87 104 29 30 
78 87 104 30 31 33 
61 78 104 105 32 34 35 36 
61 78 105 33 35 36 
61 105 106 33 34 36 37 38 39 
61 105 106 33 34 35 37 38 39 40 
61 105 106 35 36 38 39 40 
61 105 106 35 36 37 39 40 
61 105 106 36 37 38 40 
61 105 106 36 37 38 39 
61 42 43 
61 41 43 
61 41 42 
66 45 
66 108 44 
66 88 109 47 
66 88 46 
88 109 110 
67 88 110 111 50 51 
67 88 110 49 51 
67 79 110 111 49 50 52 53 
67 68 79 111 51 53 
67 68 79 111 51 52 
67 68 79 89 90 111 
67 68 79 89 90 112 113 114 56 
68 89 90 112 113 114 55 57 
62 68 112 113 114 56 
62 69 115 116 
60 63 64 65 70 71 72 73 74 75 76 77 81 82 93 94 95 96 97 98 99 100 7 8 9 10 11 12 13 14 
59 64 65 77 83 100 101 102 103 17 18 19 20 21 22 23 24 25 
66 78 87 104 105 106 107 32 33 34 35 36 37 38 39 41 42 43 
67 68 69 79 90 112 113 114 115 116 57 62 58 
59 70 71 72 73 74 75 81 82 91 92 93 94 95 4 5 6 7 8 
59 60 65 75 76 96 97 98 99 100 101 11 12 13 14 15 16 
59 60 64 77 100 101 14 15 16 17 18 19 
61 67 88 107 108 109 44 45 46 47 
62 68 79 88 89 90 110 111 112 113 49 50 51 52 53 54 55 
67 69 79 89 90 111 112 113 114 52 53 54 55 56 57 
62 68 115 58 
59 63 71 72 73 80 81 91 92 2 3 4 
59 63 70 72 73 80 81 91 92 1 2 3 4 
59 63 70 71 80 81 91 92 1 2 3 
59 63 70 72 74 81 92 93 94 5 6 7 
59 73 82 93 95 8 9 
59 63 64 74 76 82 95 96 9 10 
59 64 75 82 96 97 98 99 10 11 12 13 
59 60 65 18 19 20 22 23 24 
61 85 87 104 105 29 30 31 32 33 34 
62 67 68 88 89 90 111 112 113 114 51 52 53 54 55 
70 71 72 91 2 80 
59 63 70 71 72 73 91 92 2 3 4 5 
59 63 74 75 76 95 96 9 10 
60 84 85 86 102 103 27 28 
83 85 86 26 27 28 
78 83 84 86 87 26 27 28 29 
78 83 84 85 87 29 
61 78 85 86 104 29 30 31 32 
66 67 79 109 110 111 46 47 48 49 50 
67 68 79 90 111 112 113 114 54 55 56 
62 67 68 79 89 112 113 114 54 55 56 
63 70 71 72 80 81 92 1 2 3 4 
63 70 71 72 73 81 91 2 3 4 
59 63 73 74 94 6 7 
59 63 73 93 7 
59 75 82 9 
59 64 75 76 82 97 10 11 
59 64 76 96 98 10 11 12 13 
59 64 76 97 99 12 13 
59 64 76 98 13 
59 60 64 65 101 14 15 16 17 
60 64 100 14 15 16 17 
60 83 25 
60 83 102 25 
61 87 29 30 31 32 33 
61 78 106 33 34 35 36 37 38 39 40 
61 105 35 36 37 38 39 
61 66 107 
66 45 
66 88 46 47 48 
67 88 111 48 49 51 
67 68 79 88 89 110 49 50 52 53 54 
62 67 68 79 90 113 114 55 57 
62 67 68 79 89 90 112 114 55 56 57 
62 68 79 89 90 112 113 55 56 57 
62 69 58 
62 58 116 

