182 1513
95 127 128 2 
95 127 128 1 
75 128 129 
75 130 
56 76 77 96 131 6 
56 76 77 96 131 5 7 
56 77 96 6 
56 78 9 
56 62 8 
56 62 11 
56 62 98 132 12 
56 62 98 99 132 11 
79 80 99 100 133 134 14 15 
79 80 99 100 133 134 15 
79 80 99 100 133 13 14 
79 133 134 17 
79 80 100 135 16 18 19 20 
79 80 135 17 19 20 
79 80 100 135 17 18 
135 17 18 19 21 
135 136 20 
63 136 23 
63 136 22 
63 137 25 
63 138 24 
81 101 27 
59 81 101 139 26 28 29 30 
59 81 101 27 29 30 
59 81 101 27 28 31 
59 81 27 28 29 31 
59 81 101 29 30 32 
59 60 67 81 101 102 31 33 
59 60 67 81 101 102 32 
59 60 67 82 102 103 104 140 141 35 
59 60 67 82 104 105 141 34 
59 60 67 82 104 105 141 37 38 39 
59 60 67 82 104 105 141 36 38 39 
59 60 67 82 104 105 36 37 39 40 
58 59 60 82 104 105 36 37 38 40 41 
59 60 82 104 105 38 39 41 
59 60 82 105 39 40 
58 83 142 143 
83 142 44 
58 83 
58 84 85 106 107 144 145 46 
58 84 85 106 107 45 
84 85 86 108 145 146 48 49 
84 146 47 49 
84 85 86 108 47 48 
86 108 147 51 52 53 54 
86 108 147 50 52 53 54 
86 147 50 51 53 54 
86 108 147 50 51 52 54 
86 147 50 51 52 53 
56 57 61 62 65 66 70 71 72 73 74 75 93 94 95 124 125 126 127 167 170 171 172 173 174 175 176 177 178 179 180 181 
55 57 59 62 63 75 76 77 78 79 80 96 97 98 99 100 130 131 132 133 5 6 7 8 9 10 11 12 
55 56 61 64 65 66 69 70 71 72 73 91 92 93 121 122 123 124 163 164 165 166 167 168 169 170 171 
59 60 82 83 84 85 86 104 105 106 107 142 143 144 145 39 41 42 43 44 45 46 
56 58 60 63 67 81 82 83 101 102 103 104 105 139 140 141 27 28 29 30 31 32 33 34 35 36 37 38 39 40 41 
58 59 63 67 81 82 83 101 102 103 104 105 140 141 32 33 34 35 36 37 38 39 40 41 
55 57 64 65 68 69 88 90 91 113 114 116 117 118 119 120 153 154 155 156 157 158 159 160 161 
56 76 77 78 79 96 97 98 99 132 8 9 10 11 12 
56 59 67 81 101 136 137 138 139 22 23 24 25 63 
57 61 65 68 69 88 89 90 114 115 116 117 118 119 120 153 154 155 156 157 158 159 160 
55 57 61 64 66 69 90 91 92 121 122 162 163 164 
55 57 65 70 71 91 92 121 122 123 164 165 166 
58 59 60 63 81 82 101 102 103 104 105 140 141 32 33 34 35 36 37 38 
61 64 87 88 109 110 111 112 114 148 149 150 151 152 
57 61 64 65 88 89 90 91 117 118 119 120 155 156 157 158 159 160 161 162 
55 57 66 71 124 167 168 169 170 
55 66 70 124 167 169 170 
55 73 93 124 125 171 172 173 
55 57 74 93 125 172 173 174 
55 73 93 94 125 126 174 175 176 177 178 
55 56 95 129 130 3 4 
56 62 75 77 78 96 97 130 5 6 7 
56 62 76 78 96 97 131 5 6 7 
56 62 76 77 96 97 8 9 
56 62 80 98 99 100 133 135 13 14 15 16 17 18 19 
56 79 99 100 133 134 135 13 14 15 16 17 18 19 
59 60 63 67 101 102 103 139 140 26 27 28 29 30 31 32 33 
58 59 60 67 104 105 141 34 35 36 37 38 39 41 
58 60 142 143 43 44 
58 86 106 107 108 145 146 45 46 48 49 
58 84 86 106 107 108 145 146 45 47 48 49 
58 85 108 147 47 49 50 51 52 54 
68 109 87 
61 64 68 69 89 114 115 116 117 118 119 153 154 155 156 
61 64 69 88 90 117 118 119 120 155 156 157 158 159 
61 64 65 69 89 119 120 157 158 159 160 161 
57 61 65 66 69 92 121 162 163 164 
57 65 66 91 121 163 164 
55 57 72 73 74 125 172 173 174 
55 74 95 126 127 178 179 180 181 182 
55 75 128 1 2 
56 62 76 77 97 131 5 6 7 
56 62 76 77 78 96 7 
56 62 79 99 132 12 
56 62 79 80 98 132 133 134 12 13 14 15 
56 79 80 133 134 135 13 14 15 16 17 18 19 
59 60 63 67 81 139 26 28 29 30 31 32 33 
59 60 67 81 103 140 32 33 34 
59 60 67 81 102 140 34 
58 59 60 67 82 105 141 34 35 36 37 38 39 40 
58 59 60 67 82 141 35 36 37 38 39 40 41 
58 84 85 107 145 146 45 46 
58 84 85 106 145 45 46 
84 85 86 147 47 48 50 52 53 
68 87 110 111 148 149 
68 109 111 148 149 150 151 
68 109 110 112 148 149 150 151 152 
68 111 113 114 149 150 151 152 
61 68 112 114 150 151 152 
61 64 68 88 112 113 115 153 
61 64 88 114 116 153 154 
61 64 88 115 117 118 153 154 155 
61 69 88 89 116 118 119 120 155 156 157 
61 64 69 88 89 116 117 119 120 155 156 157 
61 64 69 88 89 90 117 118 120 155 156 157 158 
61 64 69 89 90 117 118 119 155 156 157 158 
57 65 66 92 123 163 164 
57 65 66 121 123 164 165 
57 66 121 122 165 166 
55 57 70 71 72 170 171 
55 73 74 93 173 174 
55 74 176 178 179 180 181 182 
55 94 95 128 181 182 1 2 
75 95 127 129 1 2 
75 128 3 
56 75 76 4 
56 76 77 96 5 6 
56 62 98 11 12 
56 79 80 100 134 13 14 15 16 
79 80 99 100 133 13 14 15 16 
79 80 100 17 18 19 20 21 
63 21 22 23 136 
63 24 
63 139 25 
59 63 81 101 138 26 
59 60 67 81 102 103 34 
59 60 67 82 104 105 35 36 37 
58 83 143 43 
83 142 42 
58 106 107 45 
84 85 106 107 146 45 47 
84 85 106 145 47 48 
86 108 50 51 54 
68 109 110 111 149 150 151 
68 109 110 112 148 150 151 152 
68 110 111 112 113 148 149 151 152 
68 110 111 112 113 148 149 150 152 
68 111 112 149 150 151 
61 88 114 115 116 154 
61 64 88 116 153 
61 64 69 88 89 116 117 118 119 120 156 157 
61 64 69 88 89 117 118 119 120 155 157 
61 64 69 89 90 117 118 119 120 155 156 158 
61 64 69 89 90 119 120 159 
61 69 90 158 160 161 
61 64 69 90 159 161 
61 69 90 159 160 162 
69 91 161 
57 65 91 92 121 164 
57 65 66 91 92 121 122 163 
57 66 123 166 
57 66 123 165 
55 57 70 71 168 169 
57 70 71 167 169 
57 70 71 167 168 170 
55 57 70 71 124 169 
55 57 72 124 
55 72 73 93 173 
55 72 73 93 125 172 
55 73 74 93 125 175 
55 74 
55 74 177 178 
55 74 126 176 178 179 
55 74 94 126 176 177 179 180 
55 126 177 178 180 
55 94 126 178 181 
55 126 127 180 182 
94 126 127 181 

