36 188
5 32 33 34 3 4 
36 3 28 29 24 25 14 15 17 18 
1 35 2 4 29 30 25 26 20 
1 5 31 35 3 26 20 
1 31 32 33 34 
27 21 7 
27 21 
35 36 23 9 
35 36 8 
35 36 11 
36 10 12 
35 11 13 14 
35 12 14 
35 2 28 24 12 13 15 
35 2 28 24 14 
35 2 28 24 17 
35 2 28 29 16 
35 2 29 25 17 
29 25 
3 4 30 
36 27 6 7 
35 36 23 8 
35 36 22 8 
35 2 28 14 15 16 
35 2 3 29 19 
3 4 30 20 
35 36 21 6 7 
35 2 29 24 14 15 16 17 
35 2 3 28 25 17 18 19 
3 4 26 20 
1 5 32 
1 5 31 
1 5 34 
1 5 
36 2 3 4 27 28 29 22 23 24 25 8 9 10 11 12 13 14 15 16 17 18 
35 2 27 21 22 23 8 9 11 

