91 751
73 2 
60 61 1 3 
60 61 73 74 75 2 4 5 
60 61 73 74 75 3 5 
55 60 61 73 74 75 3 4 
56 76 8 9 
55 56 76 6 8 
55 56 76 6 7 9 
55 56 76 77 6 7 8 10 
51 55 56 76 77 78 9 11 12 
51 55 56 76 77 78 10 12 
51 55 56 76 77 78 10 11 13 
51 56 62 77 78 79 12 14 15 
51 62 78 79 80 13 15 16 
51 62 78 79 80 13 16 
51 62 80 81 14 15 17 
51 80 81 16 18 20 
51 62 80 81 19 20 
51 62 81 17 20 
51 62 81 17 18 19 
51 57 63 64 82 83 
53 57 63 64 65 83 
53 57 65 24 25 
53 65 23 
53 66 23 24 26 
53 66 67 27 
53 66 67 26 
67 68 
52 54 58 68 69 84 85 86 30 31 
52 54 58 68 69 84 85 86 29 31 
52 54 58 69 85 86 29 30 
54 58 59 70 71 87 33 
52 70 71 87 88 32 34 35 36 
52 59 71 88 89 33 35 36 37 
52 59 71 88 89 33 34 36 37 
52 71 88 89 33 34 35 37 38 
52 59 71 88 89 34 35 36 38 39 40 
59 71 88 89 36 37 39 40 
59 71 88 89 37 38 40 
59 88 89 37 38 39 41 
59 72 40 42 43 
72 41 43 45 
72 41 42 44 45 
72 42 43 45 
72 42 43 44 
72 90 91 47 
90 91 46 48 49 50 
90 91 47 49 50 
90 91 47 48 50 
90 91 47 48 
53 55 56 57 62 63 64 65 76 77 78 79 80 81 82 83 10 11 12 13 14 15 16 17 18 19 20 21 
53 54 58 68 69 70 71 84 85 86 87 88 89 29 30 31 32 33 34 35 36 37 
51 52 54 57 63 64 65 66 67 68 83 22 23 24 25 26 27 28 
52 53 58 59 68 69 70 84 85 86 87 29 30 31 32 
51 56 60 73 75 76 77 78 5 6 7 8 9 10 11 12 
51 55 62 76 77 78 6 7 8 9 10 11 12 13 
51 53 63 64 65 82 83 21 22 23 
52 54 59 68 69 70 71 84 85 86 87 29 30 31 32 
52 54 58 70 71 87 88 89 32 33 34 35 36 37 38 39 40 41 
55 61 73 74 75 1 3 4 5 
60 74 75 1 2 3 4 5 
51 56 78 79 80 81 13 14 15 16 17 18 19 20 
51 53 57 64 65 82 83 21 22 
53 57 63 65 82 83 21 22 
51 53 57 63 64 83 21 22 23 24 
53 25 26 27 
53 66 68 26 27 28 
52 53 54 58 67 69 84 85 28 29 30 
52 58 68 84 85 86 29 30 31 
52 54 58 59 71 87 32 33 
52 58 59 70 87 88 89 32 33 34 35 36 37 38 39 
90 91 42 43 44 45 46 
55 60 61 74 75 1 2 3 4 5 
60 61 73 75 3 5 
55 60 61 74 3 4 
51 55 56 77 78 6 7 8 9 10 11 12 
56 76 78 9 10 11 12 
55 62 76 77 79 10 11 12 13 14 15 
51 62 78 81 13 14 15 16 
51 62 14 15 16 17 18 
51 62 79 80 16 17 18 19 20 
51 57 63 64 83 21 
51 53 57 63 64 65 82 21 22 
52 54 58 68 69 85 86 28 29 
52 54 58 68 69 84 86 29 30 31 
52 54 58 69 84 85 29 30 31 
52 54 58 59 70 71 32 33 
52 59 71 89 33 34 35 36 37 39 40 
52 71 88 34 35 36 37 38 39 40 
72 91 46 47 48 49 50 
72 90 46 47 48 

