47 298
19 2 
20 1 19 18 
11 20 
11 20 3 5 28 26 
11 4 6 26 27 
11 5 27 24 
24 29 30 25 
47 21 23 25 31 32 33 34 35 36 
47 12 21 22 23 34 35 36 
16 17 41 
20 4 5 6 28 26 27 
46 47 21 23 9 37 38 
46 14 15 16 17 42 43 44 45 40 
46 13 15 16 17 42 43 44 45 40 
46 13 16 17 42 45 40 
46 13 15 17 10 40 41 
46 13 14 15 16 10 41 
20 2 3 
1 19 
11 2 3 4 18 28 
46 47 12 22 23 8 9 25 31 32 33 34 35 36 
47 21 23 8 9 31 32 34 35 36 
46 47 12 21 22 8 9 34 35 36 
47 6 7 29 30 
47 21 7 8 30 31 
11 4 5 27 
11 6 26 
11 20 3 4 
7 24 30 
7 24 25 
47 21 25 32 33 
47 21 22 8 31 33 34 35 36 
47 21 22 8 31 32 34 35 
47 21 22 23 8 9 32 33 35 
47 21 22 23 8 9 32 33 34 36 
47 21 22 23 8 9 32 34 35 
46 12 
46 12 39 
46 38 
13 14 15 16 17 41 
16 17 10 40 
46 13 14 15 43 44 45 
46 13 14 42 44 45 
46 13 14 42 43 45 
46 13 14 15 42 43 44 
47 12 21 23 14 15 16 17 37 39 42 43 44 45 46 
46 12 21 22 7 8 24 30 25 31 32 33 35 36 

