43 307
27 37 9 31 32 
37 12 13 
27 8 9 15 28 16 17 18 19 42 43 20 30 22 23 24 25 
37 10 33 35 
37 4 34 35 
37 7 36 
38 11 6 7 39 40 
27 3 9 15 28 16 17 18 19 20 30 22 23 24 25 
37 3 8 18 19 1 25 32 
37 4 5 33 34 36 
38 7 39 40 41 
37 2 
37 2 12 
27 15 29 21 26 
27 3 8 28 16 14 21 26 42 43 20 30 22 
27 8 15 28 17 18 30 22 23 24 
27 3 8 28 16 18 22 23 24 25 
27 3 8 9 16 17 19 23 24 25 
27 3 8 9 17 18 25 
27 8 28 26 42 43 30 22 
27 15 14 29 26 
27 3 8 15 28 16 17 20 30 
27 3 8 28 16 17 18 19 24 25 
27 3 8 16 17 18 19 23 25 
27 3 8 9 17 18 19 23 24 
27 15 29 21 42 43 20 
37 3 8 9 15 28 16 17 18 19 1 14 29 21 26 42 43 20 30 22 23 24 25 31 32 
27 3 8 15 16 17 42 43 20 30 22 23 
27 26 
27 3 8 15 28 16 42 43 20 22 
27 9 1 
27 9 1 31 
37 10 4 5 
37 4 5 33 
37 10 4 5 36 
10 6 35 
27 9 10 1 2 4 6 12 13 33 34 35 
11 7 39 40 41 
38 11 7 40 
11 39 
38 11 41 
27 3 15 28 26 43 20 30 
27 3 15 28 26 42 20 30 

