99 940
39 54 60 71 99 2 3 
39 54 60 71 99 1 3 
39 50 54 1 2 
41 50 54 72 5 6 
39 41 50 72 4 6 7 
39 41 50 72 73 4 5 7 8 
39 41 50 72 5 6 8 
39 41 50 72 73 6 7 
39 41 51 61 73 10 
39 41 50 51 61 73 
39 41 51 55 61 12 
39 41 51 55 11 
40 41 74 14 
40 41 62 63 74 13 
40 41 52 62 63 74 75 76 77 16 17 
40 63 74 75 76 77 15 
40 44 52 63 75 76 77 15 
40 44 52 78 19 
40 44 52 18 
40 44 45 56 79 21 
44 45 56 64 79 20 
40 45 56 65 80 
45 66 80 24 
45 66 81 23 25 26 27 
45 66 81 23 26 27 
66 81 82 24 27 
66 81 82 24 25 26 
42 46 81 82 29 
42 46 28 
42 43 46 31 
42 43 46 47 83 84 30 32 33 
42 43 46 47 83 84 31 33 
42 43 46 47 83 84 31 32 
42 43 46 47 53 35 
42 43 47 53 85 36 
42 43 47 
42 43 47 53 67 68 85 86 87 
42 43 53 67 87 88 89 90 
40 41 43 44 45 48 49 50 51 52 54 55 58 59 60 61 62 63 71 72 73 74 98 99 1 2 3 4 5 6 7 8 9 10 11 12 
39 41 42 43 44 45 46 47 50 51 52 55 56 61 62 63 64 65 66 74 75 76 77 78 79 80 13 14 15 16 17 18 19 20 21 22 
39 40 42 43 44 45 49 50 51 52 54 55 61 62 63 72 73 74 75 76 77 4 5 6 7 8 9 10 11 12 13 14 15 
39 40 41 43 44 45 46 47 53 66 67 68 81 83 84 85 86 87 88 89 90 28 29 30 31 32 33 34 35 36 37 38 
39 40 42 44 45 46 47 53 66 67 68 81 83 84 85 86 87 88 89 90 30 31 32 33 34 35 36 37 38 
39 40 41 42 43 45 52 56 62 63 64 65 74 75 76 77 78 79 17 18 19 20 21 
39 40 41 42 43 44 46 52 56 64 65 66 79 80 81 20 21 22 23 24 25 
42 43 45 47 53 66 81 82 83 84 28 29 30 31 32 33 34 
40 42 43 46 53 67 83 84 85 86 31 32 33 34 35 36 37 
39 49 57 58 59 69 70 93 94 95 96 
39 41 48 54 57 58 59 60 70 95 96 97 
39 40 41 51 54 55 61 72 73 3 4 5 6 7 8 9 10 
39 40 41 50 55 61 72 73 9 10 11 12 
39 40 41 44 45 56 62 63 74 75 76 77 78 15 17 18 19 
42 43 46 47 67 68 85 86 87 88 89 90 34 35 36 37 38 
39 49 50 60 71 98 99 2 4 
39 40 41 50 51 61 11 12 
40 45 52 64 65 79 80 20 21 22 
48 49 58 69 70 93 
39 48 49 57 59 70 95 96 97 
39 49 58 95 96 97 
39 49 54 71 98 99 1 2 
39 40 41 50 51 55 73 9 10 11 
39 40 41 44 52 63 74 75 76 13 14 15 
39 40 41 44 52 62 74 75 76 77 14 15 16 17 
40 44 45 56 65 79 80 20 21 
40 44 45 56 64 79 80 22 
40 42 43 45 46 80 81 82 23 24 25 26 27 
42 43 47 53 68 85 86 87 88 89 37 38 
42 43 53 67 85 86 87 88 89 90 37 38 
48 57 91 92 
48 49 57 58 93 94 
39 54 60 98 99 1 2 
39 41 50 51 73 4 5 6 7 8 
39 41 50 51 61 72 6 7 8 9 10 
39 40 41 44 52 62 63 75 76 77 13 14 15 16 
40 41 44 52 62 63 74 76 77 15 16 17 
41 44 52 62 63 74 75 77 15 16 17 
40 41 44 52 63 74 75 76 15 16 17 
44 52 18 
40 44 56 64 65 20 21 
40 45 56 64 65 66 22 23 
42 43 45 46 66 82 24 25 26 
46 66 81 26 27 28 
42 43 46 47 84 31 32 33 
42 43 46 47 83 31 32 33 
42 43 47 53 67 68 86 87 35 37 
42 43 47 53 67 68 85 37 
42 43 53 67 68 85 86 88 89 37 38 
42 43 53 67 68 87 89 90 38 
42 43 53 67 68 87 88 90 38 
42 43 53 68 88 89 38 90 
69 92 
69 91 
48 57 70 94 
57 70 93 
48 49 59 70 96 
48 49 58 59 95 
49 58 59 
39 54 60 71 99 1 
39 54 60 71 98 1 2 

