160 1300
96 2 
96 1 3 
96 116 2 4 
116 3 5 
77 116 4 
77 79 87 97 118 119 120 121 122 7 8 
77 79 87 121 122 123 6 8 
77 79 87 121 122 123 6 7 
77 79 87 123 124 10 
77 87 98 123 124 9 11 
77 98 123 124 10 12 
77 88 98 124 125 11 13 14 
88 98 124 125 12 14 
88 98 125 12 13 15 
89 90 98 125 14 16 17 18 
88 89 90 125 15 17 18 19 20 
80 88 89 90 125 16 19 20 
88 89 90 125 15 16 17 19 20 
80 88 89 90 16 17 18 20 21 
80 88 89 90 16 17 18 19 21 
88 89 90 19 20 
80 126 23 
80 22 24 
80 127 22 23 25 
127 128 24 
99 127 128 25 27 
99 127 128 26 28 
99 27 30 
99 129 27 28 30 
99 129 29 31 
99 129 130 30 32 
129 130 31 
81 91 34 35 
81 91 33 35 
81 91 33 34 
78 91 
78 81 82 100 131 132 133 134 38 
78 82 100 133 134 37 
101 135 
78 92 101 102 135 136 137 
76 92 103 104 105 139 140 141 42 43 
76 104 105 139 140 141 41 43 
76 104 105 139 140 141 41 42 44 
76 83 104 105 140 141 142 43 
76 83 105 142 46 
76 83 105 142 45 
76 83 106 143 144 48 49 
76 83 106 143 144 47 49 
76 83 106 143 144 47 48 50 
76 106 144 145 49 51 
76 106 145 49 50 
76 146 147 53 
76 84 146 147 52 54 
84 146 53 
76 84 93 148 56 
76 84 93 148 149 55 
76 93 107 149 150 151 
76 85 108 152 59 60 
85 109 152 58 60 61 
85 109 152 58 61 
85 109 110 152 59 60 62 
85 109 110 61 
85 111 112 153 64 
111 112 153 63 65 
111 112 153 154 64 
112 113 153 154 
86 113 114 156 68 69 
86 113 114 155 156 67 
86 113 114 155 156 67 68 
86 94 156 157 71 
86 94 157 159 70 72 
86 94 95 158 71 
86 94 95 115 159 
95 115 160 75 
115 74 
77 78 81 82 83 84 85 86 91 92 93 100 101 102 103 104 105 107 108 109 110 111 135 136 137 138 139 140 141 142 143 144 145 146 147 148 149 150 151 152 41 42 43 44 45 46 47 48 49 50 51 52 53 54 55 56 57 58 
76 79 80 87 88 89 90 96 97 98 116 117 118 119 120 121 122 123 124 125 5 6 7 8 9 10 11 12 77 
76 81 82 91 92 100 101 102 103 131 132 133 134 135 136 36 38 39 40 
77 87 97 98 117 118 120 121 122 123 6 7 8 9 
77 88 89 90 126 127 17 19 20 21 22 23 24 
76 78 82 91 100 131 132 133 134 33 34 35 36 37 
76 78 81 91 92 100 101 131 132 133 134 135 37 38 39 
76 104 105 106 140 141 142 143 144 44 46 47 48 49 
76 93 106 107 145 146 147 148 149 150 151 52 53 54 55 56 
76 93 107 108 109 110 111 152 58 59 60 61 62 63 
76 94 95 113 114 115 155 156 157 158 159 67 68 69 70 71 72 73 
77 79 97 98 117 118 119 120 121 122 123 124 6 7 8 9 10 
77 89 90 98 124 125 12 13 14 15 16 17 18 19 20 21 
77 80 88 90 98 125 126 15 16 17 18 19 20 21 
77 80 89 125 126 15 16 17 18 19 20 21 
76 78 81 82 100 131 33 34 35 36 
76 78 82 101 102 103 104 135 136 137 138 139 41 
76 84 85 107 108 148 149 150 151 55 56 57 
86 95 114 115 157 158 159 160 70 71 72 
86 115 158 159 160 72 74 
77 116 1 2 
77 79 87 117 118 119 121 122 6 
77 79 87 88 89 123 124 125 10 11 12 13 14 15 
127 128 129 130 26 27 28 29 30 31 
76 78 81 82 91 131 132 133 134 37 38 
76 78 92 102 103 135 136 137 138 39 40 
76 78 92 101 103 135 136 137 138 40 
78 92 101 102 104 136 137 138 139 41 
76 83 92 103 105 139 140 141 142 41 42 43 44 
76 83 104 139 140 142 41 42 43 44 45 46 
76 83 84 143 144 145 47 48 49 50 51 
76 84 85 93 108 148 149 150 151 57 
76 85 93 107 151 57 58 
85 110 152 59 60 61 62 
76 85 109 152 61 62 
76 85 112 153 154 63 64 65 
111 113 153 154 63 64 65 66 
86 112 114 154 155 156 66 67 68 69 
86 94 113 155 156 157 67 68 69 70 
86 94 95 159 160 73 74 75 
77 96 2 3 4 5 
77 79 87 97 118 119 120 
77 79 87 97 117 119 120 121 122 6 
77 79 87 97 117 118 120 121 122 6 
77 79 87 97 117 118 119 121 122 6 
77 79 87 97 118 119 120 122 6 7 
77 79 87 97 118 119 120 121 6 7 8 
77 79 87 98 124 7 8 9 11 
77 87 88 98 123 9 10 11 12 13 
77 88 89 90 98 12 13 14 15 16 17 18 
80 89 90 
80 99 128 24 26 27 
99 127 25 26 27 
99 130 28 29 30 31 32 
129 31 32 130 
78 81 82 91 100 132 133 37 
78 81 82 100 131 133 37 
78 81 82 100 131 132 134 37 38 
78 81 82 100 133 37 38 
78 82 92 101 102 136 39 40 
76 78 92 101 102 103 135 138 40 
76 92 101 102 103 136 138 40 
76 92 101 103 136 137 139 
76 92 103 104 105 138 140 141 41 42 43 
76 83 104 105 139 141 41 42 43 44 
76 83 104 105 139 140 41 42 43 44 
76 104 105 44 45 46 
76 83 106 144 48 49 
76 83 106 143 47 48 49 50 
76 84 106 146 147 50 52 
76 84 145 147 52 53 54 
76 84 145 146 52 53 54 
76 84 93 107 149 150 151 55 56 
76 84 93 107 148 150 151 56 57 
76 84 93 107 148 149 151 57 
76 84 93 107 108 148 149 150 57 
76 85 109 110 58 59 60 61 62 
111 154 63 64 65 66 
111 112 113 153 65 66 
86 113 114 156 67 68 69 
86 113 114 155 157 67 68 69 
86 94 114 156 158 70 71 
86 94 95 157 159 71 72 
86 94 95 115 158 160 71 72 73 
94 95 115 159 73 

