29 222
3 9 10 11 12 4 5 6 23 24 25 26 27 28 29 
3 7 8 13 14 15 16 17 
1 2 7 8 9 14 15 16 17 18 19 20 21 22 
1 9 10 11 12 23 24 25 26 27 
1 10 11 12 4 6 23 24 25 26 27 
1 11 12 5 26 27 28 
2 3 8 13 14 15 16 17 
2 3 7 9 16 17 18 19 20 21 
1 3 8 10 11 20 21 22 23 24 
1 9 11 12 4 5 23 24 25 26 
1 9 10 12 4 5 6 23 24 25 26 27 
1 10 11 4 5 6 26 27 28 29 
2 7 14 
2 7 13 15 16 
2 3 7 14 16 
2 3 7 8 14 15 17 
2 3 7 8 16 18 
3 8 17 19 20 
3 8 18 
3 8 9 18 21 22 
3 8 9 20 22 
3 9 20 21 
1 9 10 11 4 5 24 25 
1 9 10 11 4 5 23 25 
1 10 11 4 5 23 24 26 27 
1 10 11 12 4 5 6 25 27 
1 12 4 5 6 25 26 
1 12 6 29 
12 28 29 

