201 1727
91 103 111 139 2 3 
91 103 111 112 113 139 1 3 
91 103 111 112 113 139 1 2 
91 103 111 112 113 
91 140 141 142 
91 92 140 141 142 143 7 8 
91 92 143 144 6 8 
92 144 6 7 
92 114 115 144 145 
92 98 114 115 145 11 12 
92 115 145 10 12 
92 98 146 147 10 11 13 14 
92 98 146 147 12 14 
92 98 116 146 147 12 13 
98 116 117 146 147 148 14 
93 118 17 18 19 
93 118 18 19 
93 118 16 17 19 
93 118 16 17 18 
93 100 119 120 149 150 21 
93 100 150 20 
93 94 100 151 23 24 25 
94 100 151 22 24 25 26 
94 100 151 22 23 25 26 27 
94 100 151 22 23 24 26 27 
94 151 152 22 23 24 25 27 
151 152 24 25 26 
152 29 
94 153 28 30 31 32 
94 153 28 31 32 
94 154 155 29 30 32 
94 153 154 155 29 30 31 
94 153 154 155 
104 121 156 157 35 36 
104 121 156 157 34 36 
104 121 156 157 34 35 
89 104 105 121 122 157 158 159 38 
89 104 105 122 157 158 159 160 161 37 39 
89 105 159 160 161 38 
89 123 124 164 165 166 167 41 42 
89 123 124 165 166 40 42 
89 123 124 165 166 167 40 41 
89 124 165 166 167 168 42 44 
89 167 168 169 170 43 
89 125 126 172 173 
106 126 173 174 175 47 48 
106 126 174 175 46 48 
106 174 175 46 47 
106 127 50 51 
106 127 49 51 
106 127 49 50 
101 106 127 53 54 55 
101 127 52 54 55 
101 127 128 52 55 56 
101 127 128 52 53 54 56 
101 127 128 54 55 
99 101 102 128 58 
99 101 102 128 57 
101 102 60 
95 99 101 102 129 176 59 61 62 63 
95 99 102 129 176 60 62 63 
95 99 102 129 176 60 61 63 64 65 
95 99 102 129 176 60 61 64 65 
95 99 102 129 176 62 63 65 
95 99 102 176 62 63 64 
95 107 130 177 178 179 180 67 68 
95 130 177 178 179 66 
95 107 130 179 180 181 66 69 
95 107 130 179 180 181 
95 107 182 183 
131 132 185 186 
108 109 131 132 133 187 188 189 73 
108 109 131 132 133 187 188 189 
90 108 109 
96 190 192 76 77 78 
90 96 191 75 77 
90 96 134 191 192 193 75 76 78 79 80 
90 96 134 191 192 193 75 77 79 80 
90 96 134 135 192 193 77 78 80 
90 96 134 135 192 193 77 78 79 
90 96 97 134 135 136 194 
90 96 97 110 136 194 196 197 83 84 
90 96 97 110 136 194 195 196 197 82 84 
90 96 97 110 196 197 198 82 83 85 86 87 
90 96 97 110 197 198 84 86 87 
90 96 97 110 197 198 84 85 87 
90 97 110 197 198 84 85 86 
97 199 200 
93 94 95 99 101 104 105 106 121 122 123 124 125 126 156 157 158 159 160 161 162 163 164 165 166 167 168 169 170 171 172 173 37 38 39 40 41 42 43 44 45 
95 96 97 108 109 110 131 134 135 136 190 191 192 193 194 195 196 197 198 74 75 76 77 78 79 80 81 82 83 84 85 86 87 
92 93 98 103 111 112 113 114 137 138 139 141 142 143 144 1 2 3 4 5 6 7 
91 93 98 103 114 115 116 117 140 141 142 143 144 145 146 147 6 7 8 9 10 11 12 13 14 
89 91 92 94 98 100 116 117 118 119 120 148 149 150 151 16 17 18 19 20 21 22 
89 93 98 100 104 121 151 152 153 154 155 156 22 23 24 25 26 27 28 29 30 31 32 33 
89 90 96 99 101 102 107 108 129 130 131 176 177 178 179 180 181 182 183 184 60 61 62 63 64 65 66 67 68 69 70 
90 95 97 108 109 110 134 135 136 190 191 192 193 194 195 196 197 198 75 76 77 78 79 80 81 82 83 84 85 86 
90 96 110 134 135 136 194 195 196 197 198 199 200 81 82 83 84 85 86 87 88 97 
91 92 93 94 100 114 115 116 117 118 145 146 147 148 10 12 13 14 15 16 
89 95 101 102 107 127 128 130 176 177 178 57 58 59 60 61 62 63 64 65 
93 94 98 118 119 120 149 150 151 21 22 23 24 
89 95 99 102 106 127 128 129 176 52 53 54 55 56 57 58 59 60 
95 99 101 128 129 176 57 58 59 60 61 62 63 64 65 
91 92 111 112 113 139 1 2 3 4 
89 94 105 121 122 156 157 158 159 160 34 35 36 37 38 
89 104 121 122 157 158 159 160 161 162 163 37 38 39 
89 101 126 127 175 46 47 48 49 50 51 52 
95 99 130 179 180 181 182 183 184 66 68 69 70 
90 95 96 109 131 132 133 186 187 188 189 72 74 
90 96 108 131 132 133 188 189 190 72 73 74 
90 96 97 136 194 196 197 198 82 83 84 85 86 87 
91 112 113 139 1 3 
91 103 111 113 2 3 4 
91 103 111 112 2 3 4 
91 92 98 115 144 145 9 10 
92 98 114 144 145 10 11 
92 93 98 117 147 148 14 15 
92 93 98 116 147 148 15 
93 98 100 119 120 149 16 17 18 19 
93 100 118 120 149 150 20 
93 100 118 119 149 150 20 
89 94 104 105 122 156 157 158 34 35 36 37 
89 104 105 121 157 158 159 160 161 162 37 38 39 
89 124 163 164 165 166 167 40 41 42 43 
89 123 164 165 166 167 40 41 42 43 
89 168 170 171 45 
89 106 172 173 174 45 46 47 
99 101 106 128 49 50 51 52 53 54 55 56 
99 101 102 127 54 55 56 57 58 
95 99 101 102 176 177 60 61 62 63 64 65 
99 107 177 178 179 180 181 66 67 68 69 
95 108 109 132 133 185 186 187 188 72 73 
108 109 131 133 185 186 187 188 189 71 72 73 
108 109 131 132 186 187 188 189 72 73 
90 96 97 135 136 191 192 193 77 78 79 80 81 
90 96 97 134 136 192 193 79 80 81 
90 96 97 110 134 135 194 195 196 197 81 82 83 
91 138 
91 137 139 
91 103 111 1 2 3 
91 92 141 142 143 5 6 
91 92 140 142 143 5 6 
91 92 140 141 143 5 6 
91 92 140 141 142 6 7 
91 92 114 115 7 8 9 
92 98 114 115 9 10 11 
92 98 116 147 148 13 14 15 
92 98 116 117 146 148 12 13 14 15 
93 98 116 117 146 147 15 
93 100 118 119 120 150 20 
93 100 119 120 149 20 21 
93 94 100 22 23 24 25 26 27 
94 26 27 28 
94 154 155 29 30 31 32 33 
94 153 155 31 32 33 
94 153 154 31 32 
89 104 34 35 36 
89 105 121 122 158 159 34 35 36 37 38 
89 104 105 121 122 157 159 160 37 38 
89 104 105 122 157 158 160 161 162 37 38 39 
89 104 105 158 159 161 162 38 39 
89 105 122 159 160 162 38 39 
89 105 159 160 161 163 39 
89 105 123 162 164 
89 123 124 163 165 40 41 
89 123 124 164 166 167 40 41 42 43 
89 123 124 165 167 40 41 42 43 
89 123 124 165 166 40 42 43 44 
89 125 167 169 170 43 44 
89 168 170 44 
168 169 44 
89 125 170 172 
125 126 173 45 
89 126 172 45 46 
106 126 175 46 47 48 
106 174 46 48 
95 99 101 102 129 60 62 63 64 65 
95 99 130 178 66 67 
95 99 130 177 179 66 67 
95 107 130 178 180 181 66 67 68 69 
95 107 130 179 181 66 68 69 
95 107 130 179 180 68 69 
95 107 183 184 70 
95 107 182 184 70 
95 107 182 
131 132 184 186 71 
131 132 133 185 187 71 
108 131 132 133 186 188 189 72 73 
108 109 131 132 187 189 72 73 
108 109 131 132 133 187 188 72 73 
90 96 109 191 74 75 
90 96 134 190 192 75 76 77 
90 96 134 135 191 193 75 77 78 79 80 
90 96 134 135 192 77 78 79 80 
90 96 97 110 136 195 196 197 81 82 83 
96 97 110 136 194 196 197 82 83 
90 96 97 110 136 194 195 197 82 83 84 
90 96 97 110 136 194 195 196 198 82 83 84 85 86 87 
90 97 110 197 84 85 87 
97 200 201 88 
97 199 201 88 
199 200 

