165 1284
108 2 4 
108 1 3 4 
108 1 2 4 
108 1 3 5 
95 98 108 109 127 4 6 
108 127 5 
95 98 109 127 128 
95 98 99 110 128 129 130 9 10 
95 99 110 129 130 8 10 
95 99 110 130 131 11 
99 110 131 132 10 
110 131 132 13 14 
132 12 14 
133 134 13 
111 133 134 16 17 
111 133 134 15 17 
111 112 134 15 16 
111 112 135 
93 113 136 
89 93 94 113 136 137 21 22 
93 94 113 137 20 22 
93 94 138 20 21 23 24 25 
93 94 138 22 24 25 
89 93 94 138 22 23 25 
93 94 138 23 24 
89 94 100 27 
89 94 100 114 139 26 
89 100 
89 114 140 30 
89 140 29 
89 115 32 
115 31 
89 115 32 
89 115 141 142 
89 116 141 142 143 144 
89 116 143 144 145 
89 145 38 39 40 41 
89 145 146 37 39 40 41 42 
89 145 37 38 40 41 42 
89 145 146 37 38 39 41 42 
89 145 146 147 37 38 39 40 42 
89 146 147 38 39 40 41 
89 146 147 44 
89 146 147 43 
89 91 101 102 
89 91 101 102 148 47 
89 91 92 148 46 
89 92 148 49 50 
89 91 92 48 50 
89 91 92 48 49 
89 91 92 117 149 
91 92 117 118 
96 103 119 120 150 151 152 54 
96 103 120 151 152 53 
96 97 103 151 152 153 
90 96 97 121 154 155 57 
90 121 155 156 56 
90 122 156 59 60 61 
90 122 156 58 60 61 
90 58 59 61 62 
90 122 58 59 60 62 63 
90 122 157 60 63 
90 157 61 62 
90 157 65 
90 123 124 64 
90 123 124 65 67 
90 123 124 125 66 68 
90 123 124 125 126 67 69 
90 123 124 125 126 68 70 
90 125 126 158 69 
90 158 
90 104 159 160 161 73 74 75 
90 104 159 160 161 72 74 75 76 
104 105 161 162 72 73 75 76 77 
90 104 105 161 162 72 73 74 76 77 
90 104 105 161 162 73 74 75 77 
90 104 105 161 162 163 164 74 75 76 78 79 80 81 
104 105 161 162 163 164 77 79 80 81 
104 105 163 77 78 80 81 82 
104 105 163 164 77 78 79 81 82 
104 105 163 164 77 78 79 80 82 
104 105 163 164 165 79 80 81 83 
105 106 163 164 165 82 
106 165 85 86 
106 165 84 86 
106 107 84 85 
106 107 88 
87 88 
90 91 92 93 94 95 96 97 98 99 100 101 102 103 111 112 113 114 115 116 117 118 119 120 136 137 138 139 140 141 142 143 144 145 146 147 148 149 150 20 24 26 27 28 29 30 31 32 33 34 35 36 37 38 39 40 41 42 43 44 45 46 47 48 49 50 51 
89 91 92 96 97 103 104 105 106 107 121 122 123 124 125 126 153 154 155 156 157 158 90 159 160 161 162 163 164 56 57 58 59 60 61 62 63 64 65 66 67 68 69 70 71 72 73 74 75 76 77 
89 90 92 96 101 102 103 117 118 119 148 149 45 46 47 48 49 50 51 52 
89 90 91 96 101 102 103 117 118 119 148 149 46 47 48 49 50 51 52 
89 94 100 113 114 136 137 138 139 19 20 21 22 23 24 25 26 
89 93 100 113 114 138 139 20 21 22 23 24 25 26 27 
89 98 99 108 109 110 127 128 129 130 131 5 6 7 8 9 10 
89 90 91 92 97 103 119 120 121 150 152 153 154 155 53 54 55 56 
89 90 96 103 121 151 152 153 154 155 55 56 
89 95 99 108 109 110 127 128 129 130 4 5 7 8 
89 95 98 109 110 127 128 129 130 131 132 8 9 10 11 
89 93 94 114 139 26 27 28 
89 91 92 102 148 45 46 
89 91 92 101 148 46 
89 90 91 92 96 97 118 119 120 150 151 152 153 53 54 
90 105 106 159 160 161 162 163 164 72 73 74 75 76 77 78 79 80 82 
90 104 106 161 162 163 164 165 74 75 78 79 80 81 82 83 
90 104 105 107 165 83 84 85 86 87 
90 106 86 87 88 
95 98 109 127 1 2 3 4 5 6 
95 98 99 108 127 128 129 5 6 7 
95 98 99 129 130 131 132 8 9 10 11 12 
89 112 133 134 135 15 16 17 18 
89 111 135 17 18 
89 93 94 136 137 19 20 21 
89 93 94 100 139 27 28 29 
89 141 31 32 33 34 
89 142 143 144 145 35 36 37 
89 91 92 118 149 51 52 
89 91 92 103 117 119 149 150 52 
89 91 92 96 103 118 120 150 53 
89 96 103 118 119 150 151 152 53 54 
90 96 97 154 155 156 56 57 
156 157 58 59 60 61 62 63 
124 125 126 65 66 67 68 69 
90 123 125 126 65 66 67 68 69 
90 123 124 126 158 67 68 69 70 
90 123 124 158 68 69 70 71 
95 98 99 108 109 128 129 5 6 7 
95 98 99 109 127 129 130 7 8 
95 98 99 109 110 127 128 130 8 9 
95 98 99 110 128 129 8 9 10 
95 99 110 132 10 11 12 
99 110 131 11 13 
111 134 14 15 16 
111 133 14 15 16 17 
111 112 19 
89 93 113 137 19 20 
94 113 136 20 
89 93 94 22 24 25 
93 94 114 28 
89 29 30 31 
89 142 143 34 35 
89 116 141 143 144 34 35 
89 116 141 142 144 35 36 
89 116 142 143 35 36 
89 116 146 36 37 38 39 40 41 
89 145 147 38 39 40 41 42 43 44 
89 146 41 42 43 44 
89 91 92 101 102 46 47 48 
89 91 117 118 51 52 
89 96 103 118 119 120 53 
96 97 103 120 153 53 54 55 
96 97 103 120 151 53 54 55 
90 96 97 103 151 154 55 
90 96 97 121 153 155 56 
90 96 97 121 154 56 57 
90 121 122 57 58 59 
90 122 62 63 157 64 
90 125 126 69 70 71 
90 104 160 72 73 
90 104 159 72 73 
90 104 105 162 72 73 74 75 76 77 78 
90 104 105 161 163 74 75 76 77 78 
90 104 105 162 164 165 77 78 79 80 81 82 83 
90 104 105 163 165 77 78 79 80 81 82 83 
105 106 163 164 82 83 84 85 

