32 276
2 3 4 5 12 13 31 32 9 28 17 19 18 8 20 
1 3 4 5 6 7 13 14 15 28 29 20 21 22 23 24 25 26 
1 2 4 5 6 7 12 13 14 15 9 28 20 21 22 23 24 
1 2 3 5 6 7 14 15 28 20 21 22 23 24 25 
1 2 3 4 6 7 14 15 28 29 20 21 22 23 24 25 26 
2 3 4 5 7 14 15 29 22 23 24 25 26 27 
2 3 4 5 6 14 15 16 29 23 24 25 26 27 
1 12 13 9 18 
1 3 12 13 18 8 
16 11 
16 30 10 
1 13 31 9 17 19 18 8 
1 2 3 12 9 18 8 
2 3 4 5 6 7 15 28 29 21 22 23 24 25 26 
2 3 4 5 6 7 14 16 29 25 26 27 
15 30 10 11 
1 12 31 32 19 
1 12 9 19 8 
1 12 18 
1 2 3 4 5 28 21 22 
2 3 4 5 14 28 22 
2 3 4 5 6 14 28 20 21 23 
2 4 5 6 7 14 22 24 
2 3 4 5 6 7 14 23 25 
2 4 5 6 7 14 15 29 24 26 
5 7 14 15 29 25 27 
6 7 15 29 26 
1 2 3 4 5 14 20 21 22 
2 5 6 7 14 15 25 26 27 
16 11 
1 12 32 17 
1 31 17 

