131 1202
70 99 100 131 2 3 
70 76 99 100 1 3 4 
70 76 100 1 2 4 5 
70 76 77 100 2 3 5 
76 77 100 101 3 4 
78 102 103 7 8 
78 102 8 
102 6 
71 79 80 104 105 
58 71 79 80 105 106 11 12 
62 105 10 12 13 
62 105 106 10 11 13 
62 106 107 11 12 14 15 16 
62 81 106 107 13 15 16 
58 81 107 108 13 14 16 
58 62 81 107 108 13 14 15 
58 62 81 82 107 108 109 18 
58 81 82 108 109 17 
58 82 83 109 20 21 
58 59 83 110 19 21 
58 59 83 110 19 20 
58 59 84 85 111 23 
58 59 63 64 85 111 22 24 25 
59 63 64 85 111 23 25 
59 63 64 85 112 23 24 
59 63 64 86 112 113 114 27 
59 63 64 86 112 113 114 26 
59 63 64 86 112 114 115 29 
63 64 86 113 114 115 28 
61 116 31 
61 116 30 32 
65 87 116 117 31 33 34 35 36 
61 65 31 32 34 35 
61 65 87 88 32 33 35 36 37 
61 65 87 88 117 32 33 34 36 37 
61 65 87 88 117 32 34 35 37 
61 65 87 88 117 118 119 34 35 36 38 39 
61 65 87 117 118 119 37 39 40 
61 65 87 88 117 118 119 37 38 40 
61 65 87 88 118 119 120 38 39 41 42 
61 65 66 87 88 119 120 40 42 43 44 45 
61 65 66 87 119 120 40 41 43 44 45 46 
61 65 66 120 121 122 41 42 44 45 46 
61 65 120 121 42 43 45 46 
61 65 66 67 89 120 121 122 41 42 43 44 46 
61 65 66 67 89 120 121 122 42 43 44 45 
66 67 68 89 121 122 123 
66 67 68 72 89 123 49 50 
66 68 72 124 48 50 51 
67 68 72 124 125 48 51 
67 68 72 73 124 125 49 50 
72 73 90 53 54 55 
73 90 91 92 52 54 55 
73 90 91 92 52 53 55 
90 91 92 52 53 54 
92 93 
92 93 126 127 
59 61 62 63 64 71 79 80 81 82 83 84 85 86 105 106 107 109 110 111 10 13 14 15 16 17 18 19 20 21 22 23 
58 61 62 63 64 65 81 82 83 84 85 86 110 111 112 113 114 115 20 21 22 23 24 25 26 27 28 
69 70 74 75 97 98 129 130 
58 59 63 64 65 66 67 68 72 87 88 89 116 117 118 119 120 121 122 61 30 31 32 33 34 35 36 37 38 39 40 41 42 43 44 45 46 
58 59 71 79 80 81 82 105 106 107 108 109 9 10 11 12 13 14 15 16 17 
58 59 61 64 84 85 86 111 112 113 114 115 22 23 24 26 27 28 29 
58 59 61 63 85 86 111 112 113 114 115 23 24 25 26 27 28 29 
59 61 66 67 68 87 88 89 116 117 118 119 120 121 32 33 34 35 36 37 38 39 40 41 42 43 44 45 46 
61 65 67 68 72 73 87 88 89 119 120 121 122 123 124 41 43 44 45 46 47 48 49 
61 65 66 68 72 73 89 120 121 123 124 125 45 46 47 48 49 50 51 
65 66 67 73 89 90 121 122 123 124 125 47 48 49 50 51 
60 74 75 98 129 130 
60 76 77 98 99 100 131 1 2 3 4 
58 62 79 80 103 104 105 9 10 
61 66 67 68 73 89 90 91 123 124 125 48 49 50 52 
66 67 68 72 90 91 92 124 125 51 52 53 54 
60 69 94 95 96 97 128 
60 69 98 129 130 
70 77 78 100 101 102 2 3 4 5 
70 76 78 100 101 102 4 5 
77 101 102 6 7 
58 62 71 80 104 105 106 9 10 
58 62 71 79 104 106 9 10 
58 59 62 82 83 107 108 109 14 15 16 17 18 
58 59 62 81 83 107 108 109 17 18 19 
58 59 81 82 84 109 110 19 20 21 
58 59 63 83 85 110 111 22 
58 59 63 64 84 111 22 23 24 25 
58 59 63 64 112 113 114 115 26 27 29 
61 65 66 88 117 118 119 120 32 34 35 36 37 38 39 40 41 42 
61 65 66 87 117 118 119 120 34 35 36 37 38 39 40 41 
61 65 66 67 68 72 120 121 122 123 45 46 47 48 
68 72 73 91 92 125 52 53 54 55 
72 73 90 92 52 53 54 55 56 
73 90 91 93 126 53 54 55 56 57 
92 126 127 56 57 
74 96 128 
74 94 96 97 128 
74 97 128 
60 74 95 96 
60 69 70 75 
70 100 131 1 2 
77 99 101 1 2 3 4 5 
76 77 100 102 5 
76 77 78 101 6 7 8 
104 6 
62 71 79 80 103 
62 71 79 80 106 9 10 11 12 
58 62 79 80 105 107 10 11 12 13 14 
58 62 81 82 106 108 13 14 15 16 17 
58 62 81 82 107 109 15 16 17 18 
58 62 81 82 83 108 17 18 19 
58 59 83 84 20 21 
58 59 64 84 85 22 23 24 
59 63 64 86 113 114 25 26 28 
59 63 64 86 112 114 115 26 27 28 29 
59 63 64 86 112 113 115 26 27 28 29 
59 63 64 86 113 114 28 29 
61 65 30 31 32 
61 65 87 88 118 119 32 33 34 35 36 37 38 39 
61 65 87 88 117 119 36 37 38 39 40 
61 65 87 88 117 118 120 37 38 39 40 41 42 
61 65 66 67 87 88 89 119 121 122 40 41 42 43 45 46 
61 65 66 67 68 89 120 122 123 43 44 45 46 47 
61 66 67 68 89 120 121 123 43 45 46 47 
66 67 68 72 89 121 122 47 48 
66 67 68 72 73 125 48 49 50 
67 68 72 73 90 124 50 
92 93 127 56 57 
93 57 
74 94 96 97 
69 75 130 
60 69 75 129 
70 99 

