283 2113
157 223 224 2 
157 1 3 4 5 
157 190 2 4 5 6 
157 190 2 3 5 6 
157 190 2 3 6 
157 161 190 3 4 5 
157 161 190 191 8 
157 161 174 190 191 7 9 10 
157 161 174 190 191 225 8 10 
157 161 174 191 225 226 8 9 
157 161 174 191 192 225 226 12 
157 161 174 192 193 225 226 11 13 
174 192 227 12 14 
193 227 13 15 
193 227 14 
175 193 194 227 228 229 17 18 
175 194 228 229 16 18 
175 194 228 229 16 17 
175 176 194 230 231 20 21 22 
175 176 195 230 19 21 
176 195 231 19 20 22 
176 195 231 19 21 
176 195 231 24 
195 231 23 25 
24 26 27 28 
232 233 25 27 28 
196 232 233 25 26 28 
196 232 233 25 26 
196 232 
162 235 236 
162 236 237 30 32 
162 236 237 31 
162 177 236 237 238 34 35 36 
162 237 35 
162 177 237 238 33 34 36 
162 177 238 33 35 37 
162 177 238 36 38 39 
162 177 238 36 37 39 
162 177 238 37 38 40 
162 177 39 
163 41 
197 43 44 
197 42 44 45 
197 42 43 45 46 
197 46 47 48 
197 198 44 47 48 
197 45 46 48 
197 45 46 47 
198 50 51 52 53 54 
198 49 51 52 53 54 
178 198 49 52 53 54 
178 198 50 51 53 54 
178 198 239 49 50 51 52 54 55 
178 198 239 49 50 51 52 53 55 
178 198 239 53 54 56 57 
178 239 240 55 57 
178 239 240 55 56 58 
156 178 239 240 241 57 59 
156 178 240 241 58 60 
156 241 59 
156 159 199 242 62 
156 159 199 
156 159 179 199 243 64 65 66 
156 159 179 199 243 63 65 66 67 
156 159 179 199 243 244 63 64 66 67 
156 159 179 199 243 244 63 64 65 67 
156 179 199 243 244 63 64 65 66 
156 159 179 244 245 246 
156 164 200 201 
160 164 200 201 202 247 248 
160 164 202 203 247 249 250 
160 165 203 204 249 250 73 74 75 
160 165 203 204 249 250 72 74 75 
160 165 203 204 72 73 75 
160 165 203 204 72 73 74 
160 165 166 204 252 77 
165 166 167 251 252 253 254 76 78 79 
165 166 167 251 252 253 254 77 79 80 
165 166 167 251 252 253 254 77 78 80 
165 166 167 168 251 252 253 254 78 79 81 82 
165 166 167 168 253 254 80 82 83 
166 167 168 253 254 80 81 83 
167 81 82 
166 167 168 255 85 86 87 
168 255 84 86 87 
168 255 84 85 
168 255 256 84 85 86 88 
158 256 87 
158 205 257 90 91 
158 205 257 89 91 
158 205 257 89 90 
180 93 
158 180 206 207 92 94 
158 180 206 207 93 95 
169 180 206 207 208 258 94 
208 258 
169 181 259 
181 182 209 99 100 101 
181 182 209 210 98 100 101 102 
182 209 210 98 101 102 
182 209 210 98 99 100 102 
182 209 210 99 100 101 
209 210 260 104 105 
182 260 103 105 
260 103 104 
170 183 184 262 263 107 
170 183 184 211 262 263 106 108 109 
170 183 184 211 107 109 110 
170 183 184 211 107 108 110 
170 183 184 211 212 264 108 109 111 112 113 
170 183 184 212 264 110 112 113 
170 184 211 212 264 110 111 113 
170 184 211 212 264 110 111 112 
170 212 213 264 265 115 
213 214 215 216 265 266 114 
171 185 214 215 216 217 266 267 117 118 119 
171 185 216 267 116 118 119 120 
171 185 217 116 117 119 120 121 
171 185 217 268 116 117 118 120 121 
171 185 186 217 268 117 118 119 121 
171 185 186 217 268 118 119 120 
171 185 268 269 123 124 125 
186 269 122 124 125 
186 269 122 123 125 
186 269 124 
269 126 127 128 129 
126 128 
126 127 
270 126 127 128 
270 131 132 
130 132 133 
172 130 131 133 
172 271 131 132 134 
172 173 133 
172 173 218 271 272 136 137 
172 218 271 272 135 137 
172 173 218 272 135 136 
173 274 
219 274 141 
219 275 139 141 
219 275 139 140 
187 276 277 143 144 145 
187 277 142 144 145 
187 277 142 143 145 
187 277 142 144 
187 188 278 
188 189 278 279 
189 220 221 280 281 149 
189 220 221 281 148 
221 281 151 
222 281 282 150 152 153 
222 282 283 151 153 
282 283 151 152 
222 282 
222 282 283 154 
158 159 160 164 165 178 179 198 199 200 201 202 239 240 241 242 243 244 245 246 58 59 60 61 62 63 64 65 66 67 68 69 
161 174 175 190 191 192 193 223 224 225 226 1 2 3 4 5 6 7 8 9 10 11 12 
156 160 166 167 168 169 180 205 206 207 208 255 256 257 258 88 89 90 91 92 93 94 
156 160 164 178 179 199 200 242 243 244 245 246 61 62 63 64 65 66 67 68 
156 158 159 164 165 166 167 168 200 201 202 203 204 247 248 249 250 251 70 71 72 73 74 75 76 
157 174 190 192 193 225 226 6 7 8 9 10 11 12 
163 177 236 237 238 30 31 32 33 34 35 36 37 38 39 40 
177 197 41 163 
156 159 160 165 179 200 201 202 203 247 248 249 69 70 71 
156 158 160 164 166 167 168 203 204 249 250 251 252 253 72 73 74 75 76 77 78 79 80 81 
158 160 165 167 168 204 251 252 253 254 255 76 77 78 79 80 81 82 83 84 
158 165 166 168 251 252 253 254 255 77 78 79 80 81 82 83 84 85 
158 160 165 166 167 251 252 253 254 255 256 80 81 82 83 84 85 86 87 
158 180 181 182 206 207 208 258 259 95 96 97 
171 183 184 211 212 213 214 262 263 264 265 106 107 108 109 110 111 112 113 114 
170 185 186 213 214 215 216 217 266 267 268 116 117 118 119 120 121 122 
173 218 271 272 273 132 133 134 135 136 137 
172 218 271 272 273 274 134 135 136 
157 161 190 191 192 193 225 226 8 10 11 12 13 
157 176 193 194 195 227 228 229 230 16 17 18 19 20 
175 194 195 228 229 231 19 20 21 22 23 
162 163 236 237 238 33 34 35 36 37 38 39 40 
156 159 198 239 240 241 49 51 52 53 54 55 56 57 58 59 
156 159 164 199 243 244 245 246 63 64 65 66 67 68 
158 169 206 207 208 258 92 93 94 95 180 205 
169 182 209 259 97 98 99 
169 181 209 210 260 98 99 100 101 102 103 104 
170 184 211 212 261 262 263 264 106 107 108 109 110 111 
170 183 211 212 264 106 107 108 109 110 111 112 113 
171 186 213 214 215 216 266 267 268 116 117 118 119 120 121 122 
171 185 217 268 120 121 122 123 124 125 
188 277 278 142 143 144 145 146 187 
187 189 278 279 146 147 
188 220 221 278 279 280 281 147 148 149 
157 161 174 191 3 5 6 7 8 9 
157 161 174 190 192 225 226 7 8 9 10 11 
157 161 174 193 225 226 11 12 13 
157 161 174 175 192 227 12 13 14 15 16 
175 176 228 229 230 16 17 18 19 
175 176 230 231 19 20 21 22 23 24 
232 233 234 27 28 29 
163 198 42 43 44 45 46 47 48 
156 178 197 239 46 48 49 50 52 53 54 55 
156 159 179 243 244 61 62 63 64 65 66 67 
156 159 160 164 201 202 69 70 
156 160 164 200 202 247 248 69 70 
156 160 164 200 201 247 248 70 
160 165 204 249 250 71 73 74 75 
160 165 166 203 249 250 251 72 73 74 75 76 
158 256 257 89 90 91 
158 169 180 207 208 258 92 93 94 95 
158 169 180 206 208 258 93 94 95 
158 169 180 206 207 258 95 96 
181 182 210 98 99 100 101 102 103 
182 209 260 99 100 101 102 103 
170 183 184 264 107 108 109 110 111 112 113 
170 183 184 211 264 265 110 111 113 114 
170 171 185 214 215 216 265 266 267 114 115 
170 171 185 213 215 216 265 266 115 116 
171 185 213 216 217 265 266 115 116 
171 185 213 214 215 217 267 115 116 117 
171 185 186 215 216 267 268 116 117 118 119 120 121 
172 173 271 272 134 135 136 137 
275 276 139 141 
189 221 279 280 281 148 
220 281 148 149 150 
282 283 151 152 153 154 155 
224 1 
157 223 1 
174 191 192 226 9 10 11 12 
157 161 174 191 192 225 10 11 12 
175 193 13 14 15 16 
175 176 194 229 230 16 17 18 
175 176 194 228 230 16 17 18 
175 176 194 195 228 229 19 20 
176 195 19 21 22 23 24 
196 233 25 26 27 28 29 
232 26 27 28 29 
196 235 
234 30 
162 177 237 30 31 32 33 
162 236 31 32 33 34 35 
162 177 33 35 36 37 38 39 
156 178 198 53 54 55 56 57 
156 178 239 241 56 57 58 59 
156 159 178 240 242 58 59 60 
156 159 241 61 
156 159 179 199 244 245 63 64 65 66 67 68 
156 159 179 199 243 245 65 66 67 
156 159 179 243 244 246 68 
156 159 179 245 68 
160 164 201 202 248 249 70 71 
160 164 201 202 247 70 71 
160 164 165 203 204 247 250 71 72 73 
160 165 203 204 249 71 72 73 
160 165 166 167 168 204 252 253 254 76 77 78 80 
165 166 167 168 251 254 76 77 78 79 80 
165 166 167 168 251 252 254 77 79 80 81 82 
165 166 167 168 251 252 253 77 78 79 80 81 82 
158 166 167 168 256 84 85 86 87 
158 168 205 255 87 88 
158 205 89 90 91 
158 180 206 207 208 95 96 
169 181 97 
182 210 261 103 104 105 
260 262 
170 183 261 263 106 107 
170 183 262 106 107 
170 183 211 212 110 111 112 113 114 
170 212 213 214 215 264 114 115 
171 185 213 214 215 216 267 115 
171 185 213 214 215 216 217 266 116 117 
171 185 186 119 121 122 123 
186 122 123 124 125 126 
129 130 
172 173 218 272 133 134 135 136 
172 173 218 271 135 136 137 
172 173 274 138 
173 273 138 139 
219 276 140 141 
219 275 277 142 
276 142 143 144 145 
187 188 189 146 147 
188 220 278 280 147 
189 220 279 148 
189 220 221 148 149 150 151 
222 283 151 152 153 154 155 
282 152 153 155 

