226 2040
82 85 119 225 226 
82 85 87 119 120 3 4 
85 87 119 120 152 2 4 5 
85 87 119 120 152 2 3 
85 87 103 119 120 152 3 4 
85 87 103 121 152 153 154 7 8 
85 87 103 121 153 154 6 8 
85 87 103 121 153 154 6 7 
85 87 92 100 103 104 105 106 121 122 123 154 155 10 
85 87 92 100 104 106 121 122 123 155 9 11 
87 92 100 104 106 122 123 10 12 13 
87 92 100 105 106 122 123 11 13 
92 100 105 106 107 124 156 11 12 
88 92 100 107 124 156 157 
88 92 159 16 
88 92 158 159 15 
88 108 125 160 161 18 19 
88 108 125 161 17 19 20 
88 108 125 161 17 18 20 
88 108 125 126 18 19 
88 108 125 126 162 163 
108 126 162 164 165 166 23 
127 164 165 166 22 24 25 26 27 
109 127 164 165 166 23 25 26 27 
109 127 165 166 167 23 26 27 
109 127 165 166 23 24 25 27 
109 127 166 167 23 24 25 26 
109 128 167 29 30 31 
109 127 128 167 28 30 31 
109 127 128 167 28 29 31 
109 128 29 30 
110 128 129 168 33 
110 111 129 168 32 34 35 36 
111 129 168 33 35 
110 111 129 130 168 33 34 36 37 38 
110 111 129 130 33 34 35 37 38 39 
110 111 129 130 131 35 36 38 39 40 
111 129 130 131 35 36 37 39 40 
93 110 111 130 131 36 37 38 40 41 
93 110 111 130 131 132 169 37 38 39 41 42 
93 111 130 131 132 169 39 40 42 
93 111 130 131 132 169 40 41 
89 90 94 133 134 171 172 44 
89 90 94 133 134 172 173 43 45 46 47 
89 90 94 134 173 44 46 47 
90 94 173 44 45 47 
89 90 94 173 44 45 46 
89 90 91 94 174 49 50 
89 90 91 94 48 50 
89 91 174 48 49 
89 90 91 101 175 176 52 
90 91 101 102 175 176 177 51 
91 101 102 135 178 54 
101 102 135 178 53 55 
135 136 179 
95 136 137 179 57 
95 137 56 58 
95 180 57 
95 180 
138 181 
138 62 
138 61 
97 139 64 63 
139 63 
86 97 112 139 182 66 
86 97 112 139 182 65 
86 97 112 
86 113 140 183 184 185 69 
86 113 140 184 185 
83 86 141 186 187 71 
83 86 141 187 188 70 72 
86 98 188 189 71 
98 99 189 
83 98 99 190 191 
83 190 191 192 
83 192 77 
83 76 
193 194 78 79 
193 194 78 
193 194 79 81 
142 195 
84 85 88 92 96 100 103 104 105 106 114 115 116 117 118 119 120 121 143 144 145 146 147 148 149 150 151 152 205 206 207 208 209 210 211 212 213 214 215 216 217 218 219 220 221 222 223 224 225 226 1 2 83 86 142 195 
84 86 97 98 99 112 113 140 141 185 186 187 188 189 190 191 192 70 71 72 73 75 76 77 
82 96 114 115 116 143 144 145 146 196 197 198 199 200 201 202 203 204 205 193 194 195 81 
82 87 88 92 100 103 104 105 106 107 119 120 121 122 123 152 153 154 155 225 226 1 2 3 4 5 6 7 8 9 10 
83 97 98 99 112 113 139 140 141 182 183 184 185 186 187 188 189 65 66 67 68 69 70 71 72 
82 85 88 92 100 103 104 105 106 107 119 120 121 122 123 124 152 153 154 155 2 3 4 5 6 7 8 9 10 11 12 
82 87 92 100 104 105 106 107 108 124 125 126 156 157 158 159 160 161 162 14 15 16 17 18 19 20 21 
90 91 93 94 95 101 102 133 134 135 170 171 172 173 174 175 176 177 43 44 45 46 47 48 49 50 51 52 
89 91 93 94 95 101 102 133 134 135 172 173 174 175 176 177 43 44 45 46 47 48 49 50 51 52 
89 90 93 94 95 101 102 133 135 173 174 175 176 177 178 48 49 50 51 52 53 
82 85 87 88 100 103 104 105 106 107 108 121 122 123 124 155 156 157 158 159 9 10 11 12 13 14 15 16 
89 90 91 94 110 129 130 131 132 133 134 169 170 171 172 39 40 41 42 
89 90 91 101 133 134 170 171 172 173 174 43 44 45 46 47 48 49 
89 90 91 101 102 135 136 137 179 180 181 56 57 58 59 
82 84 116 117 118 147 148 206 207 209 210 211 212 
83 86 112 113 139 182 183 184 63 65 66 67 
83 86 99 141 188 189 190 72 73 74 
83 86 98 188 189 191 73 74 
82 85 87 88 92 103 104 105 106 107 121 122 123 124 155 156 157 9 10 11 12 13 14 
89 90 91 94 95 102 135 136 175 176 177 178 51 52 53 54 
89 90 91 101 135 136 137 176 177 178 179 52 53 54 55 
82 85 87 92 100 104 105 106 119 120 121 122 123 152 153 154 155 5 6 7 9 
82 87 88 92 100 103 105 106 121 122 123 153 154 155 9 10 11 
82 85 87 88 92 100 103 104 106 107 121 122 123 124 155 156 9 10 11 12 13 
82 85 87 88 92 100 103 104 105 121 122 123 124 155 156 9 10 11 12 13 
85 87 88 92 100 105 106 124 156 157 158 159 13 14 
88 92 125 126 161 162 163 164 17 18 19 20 21 22 
110 127 128 166 167 168 24 25 26 27 28 29 30 31 
93 109 111 128 129 130 131 132 168 32 33 34 35 36 37 38 39 40 
93 110 129 130 131 132 168 169 33 34 35 36 37 38 39 40 41 42 
83 86 97 113 139 140 182 183 65 66 67 
83 86 97 112 140 141 183 184 185 68 69 
82 84 115 143 144 145 200 201 202 203 204 
82 84 114 143 144 145 200 201 202 203 204 
82 84 96 145 146 205 
82 96 116 118 147 206 207 208 209 
82 96 117 147 209 210 211 
82 85 87 103 120 152 1 2 3 4 5 
82 85 87 103 119 152 2 3 4 5 
82 85 87 92 100 103 104 105 106 122 153 154 155 6 7 8 9 10 
85 87 92 100 103 104 105 106 121 123 155 9 10 11 12 
85 87 100 103 104 105 106 121 122 155 9 10 11 12 
87 88 92 100 106 107 156 157 13 14 
88 108 126 160 161 162 17 18 19 20 
88 108 125 162 163 164 165 166 20 21 22 
109 128 165 166 167 23 24 25 26 27 28 29 30 
109 110 127 129 168 28 29 30 31 32 
93 111 128 130 168 32 33 34 35 36 37 38 
93 110 111 129 131 132 169 35 36 37 38 39 40 41 42 
93 111 130 169 38 39 40 41 
93 110 111 130 131 40 41 42 
89 90 91 93 94 134 171 172 43 44 
90 93 94 133 170 171 172 43 44 45 
89 90 91 95 101 102 136 177 178 53 54 55 
95 101 102 137 179 55 56 
95 102 136 179 57 
60 61 62 
86 97 112 182 63 64 65 66 
83 86 97 112 113 141 183 184 185 68 69 
83 98 113 140 185 186 187 188 70 71 
196 197 198 199 193 194 195 80 81 
82 84 114 115 198 199 200 201 202 
82 84 114 143 145 146 201 202 204 205 
82 84 114 115 116 144 146 201 202 203 204 205 
82 84 116 144 145 203 204 205 
82 96 117 118 206 208 209 210 
82 96 212 213 214 215 216 
82 215 216 217 218 219 220 
82 151 221 222 223 
82 150 221 222 223 224 
82 85 87 103 120 153 3 4 5 6 
85 87 103 104 121 152 154 6 7 8 
85 87 103 104 121 153 155 6 7 8 9 
85 87 92 100 103 104 105 106 121 122 123 154 9 10 
88 92 100 105 106 107 124 157 13 14 
88 92 100 107 124 156 158 159 14 15 16 
88 92 107 157 159 15 16 
88 92 107 157 158 15 16 
88 108 161 17 18 
88 17 19 
88 108 125 126 163 164 165 21 22 
108 126 162 164 165 21 22 
108 126 162 163 165 166 22 23 24 
126 127 162 163 164 166 22 23 24 25 26 
109 126 127 164 165 22 23 24 25 26 27 
109 127 128 25 26 27 29 30 
109 110 111 128 129 32 33 34 35 
93 111 130 131 132 40 41 42 
89 93 94 133 134 
89 93 94 133 134 170 172 43 
89 90 93 94 133 134 171 43 44 45 
89 90 91 94 44 45 46 47 
89 90 91 94 173 48 49 50 
89 90 91 102 176 177 51 52 
89 90 91 101 102 175 177 51 52 
89 90 91 101 102 135 175 176 51 52 
91 101 102 135 53 54 
95 102 136 137 55 56 
95 58 59 
95 60 
86 97 112 139 65 66 
86 97 112 113 140 184 68 
86 97 112 113 140 183 185 68 69 
83 86 113 140 141 184 186 187 68 69 
83 86 141 185 187 188 70 71 
83 86 141 185 186 70 71 
83 86 98 99 141 186 71 72 
83 86 98 99 188 72 73 
83 98 99 191 74 75 
83 99 190 192 74 75 
83 191 75 76 
142 194 78 79 80 
142 193 78 79 80 
196 197 198 199 142 81 
84 198 199 
84 198 199 
84 143 196 197 199 
84 143 197 198 200 
84 114 115 143 199 
84 114 115 143 144 145 200 203 204 
114 115 143 144 145 201 203 204 
84 114 115 144 145 146 201 202 204 205 
84 114 115 144 145 146 201 202 203 205 
82 84 116 144 145 146 203 204 
82 96 117 207 208 
96 117 206 208 
82 96 117 147 206 207 209 
82 96 117 118 147 208 210 
82 96 118 147 209 
82 96 118 212 
82 148 211 213 
82 148 212 214 215 
82 148 213 215 216 217 
82 148 149 213 214 216 217 
82 148 149 214 215 217 
82 149 214 215 216 218 
82 149 217 219 220 
82 149 218 220 
82 218 
82 150 222 223 
150 151 221 223 
82 150 151 221 222 224 
82 151 223 
85 226 1 
82 85 119 225 1 

