86 628
21 22 23 51 2 
22 23 51 86 1 
47 4 
47 3 
47 44 6 7 
47 44 7 
44 45 5 6 
28 45 57 58 59 60 
27 28 45 57 58 59 60 61 8 10 
28 58 59 60 61 
27 28 61 12 13 
27 28 61 62 11 13 
27 28 62 11 
27 62 15 
27 62 14 
26 29 63 
26 29 35 46 63 64 
19 20 24 25 30 31 32 33 34 39 40 41 42 65 66 67 68 27 26 29 35 46 
18 21 22 23 34 36 37 38 43 55 56 74 75 76 77 78 
18 24 25 30 31 39 40 65 26 29 35 
19 22 23 48 49 50 51 52 53 54 79 80 81 82 83 84 85 86 1 2 
19 21 23 48 49 50 51 52 53 54 80 81 82 83 84 85 86 1 2 
19 21 22 48 49 50 51 52 53 54 82 83 84 85 86 1 2 
18 20 25 31 32 39 40 41 66 67 
18 20 24 31 32 39 40 41 42 66 67 
27 29 35 46 63 64 16 17 
26 28 29 45 57 58 59 60 61 62 9 10 11 12 13 14 15 27 
27 44 45 57 58 60 61 62 8 9 10 11 12 13 
27 26 35 46 63 64 16 17 
18 20 39 65 
18 20 24 25 32 33 40 41 42 66 67 
18 24 25 31 33 41 42 66 67 68 
18 31 32 34 41 42 68 69 70 
18 19 33 36 43 55 69 70 71 72 73 
30 65 26 29 46 64 17 
19 37 43 55 56 73 74 75 76 
19 36 38 56 74 75 76 
19 56 77 
18 20 24 25 30 40 
18 20 25 31 39 66 
18 24 25 31 32 33 42 66 67 
18 25 31 32 33 41 67 68 
19 34 36 55 72 73 
28 47 45 5 6 7 
27 28 44 57 58 60 7 8 9 
26 35 63 64 17 
44 3 4 5 6 47 
21 22 23 49 79 80 81 82 83 
21 22 23 48 50 82 83 84 85 
21 22 23 49 51 84 85 86 
21 22 23 50 52 84 86 1 2 
21 22 23 51 53 54 
21 22 23 52 54 
21 22 23 52 53 
19 34 36 43 72 73 74 75 
19 36 37 38 74 75 76 
27 28 45 58 59 60 7 8 9 
28 45 57 59 60 61 8 10 
27 28 45 57 58 60 61 8 9 10 
27 28 45 57 58 59 61 8 9 10 
27 28 58 59 60 9 10 11 12 
27 28 12 13 14 15 
26 29 46 64 16 17 
26 29 35 63 17 
18 20 30 
18 24 25 31 32 40 41 67 
18 24 25 31 32 41 42 66 
18 32 33 42 
33 34 68 70 
33 34 69 
34 43 72 73 
34 43 55 71 73 
34 36 43 55 71 72 
19 36 37 55 56 75 
19 36 37 55 56 74 
19 36 37 56 
19 38 78 
19 77 
21 80 
21 22 48 79 81 82 
21 22 48 80 82 
21 22 23 48 80 81 83 
21 22 23 48 50 82 84 85 
21 22 23 49 50 51 83 85 86 
21 22 23 49 50 83 84 
21 22 23 50 51 1 2 

