259 2154
171 193 
140 146 171 193 3 
140 146 171 193 2 4 
140 146 194 3 5 6 7 8 
140 194 4 6 7 8 9 
140 146 194 4 5 7 8 9 10 
146 4 5 6 8 9 10 
140 146 194 4 5 6 7 9 10 
140 194 5 6 7 8 10 
140 194 6 7 8 9 
140 146 172 195 12 
140 146 172 195 11 13 14 15 
140 172 195 12 14 15 
140 172 12 13 15 
140 172 12 13 14 16 
140 172 196 197 15 17 18 19 20 
172 196 197 16 18 19 20 
172 196 197 16 17 20 
196 197 16 18 20 
172 196 197 16 18 19 21 
196 197 198 199 20 22 
196 197 198 199 21 23 24 
198 199 21 22 24 25 
198 199 22 23 25 26 27 28 
198 199 23 24 26 27 
199 200 24 25 27 28 
200 24 25 26 28 
200 24 25 26 27 
200 201 
201 202 
202 203 
203 33 34 
203 32 
147 204 33 
147 36 
147 173 35 
147 173 35 38 
147 173 205 206 37 39 40 
173 205 206 38 40 
153 173 205 206 38 
153 174 175 205 206 207 
137 141 153 174 175 207 41 
137 141 153 174 175 44 45 46 47 48 
137 141 153 43 45 46 47 48 
137 141 153 43 44 46 47 48 
137 141 153 43 44 45 47 48 
153 43 44 45 48 
137 141 153 43 44 45 46 47 
137 141 50 
137 49 
137 154 208 52 53 
154 208 53 
137 154 208 51 52 
209 210 211 
212 56 57 
211 212 55 57 
212 213 55 56 
148 212 213 214 215 59 60 
148 213 214 58 60 
148 213 215 58 59 
138 148 176 216 217 218 
138 176 218 63 
138 217 218 219 62 
138 177 219 220 65 66 
138 155 177 219 220 64 66 67 
138 155 177 219 220 64 65 67 
138 155 177 220 65 66 
136 155 156 157 179 221 69 70 
136 156 178 179 221 68 70 
136 149 156 157 178 179 68 69 
136 142 149 150 156 157 158 180 181 222 72 
136 142 149 150 156 157 158 180 181 222 71 73 
136 142 149 150 158 182 223 72 
136 142 150 159 182 224 225 75 76 
136 142 150 159 182 224 225 74 76 
136 142 159 224 225 74 75 
136 143 159 160 226 227 78 
136 143 159 160 161 183 226 227 77 79 80 
136 159 160 161 183 227 78 80 81 
136 143 160 161 183 227 78 79 81 82 
136 143 160 161 183 227 79 80 82 
136 143 161 183 228 80 81 
143 162 228 229 
144 162 230 231 232 
144 162 232 234 86 87 88 
144 233 234 85 87 88 
144 233 234 85 86 88 
144 233 234 85 86 87 
144 163 235 236 237 90 91 92 
144 235 236 237 89 91 92 
144 163 235 236 237 89 90 92 
144 163 235 236 237 89 90 91 
163 94 95 
163 93 95 
93 94 
139 184 239 97 
184 239 96 
139 184 240 99 100 101 102 
139 164 184 240 98 100 101 102 103 
139 164 184 240 98 99 101 102 103 
139 164 240 98 99 100 102 103 
139 164 240 241 98 99 100 101 103 
139 164 165 185 240 241 99 100 101 102 
139 164 165 166 167 185 241 105 106 
139 164 165 166 185 241 242 104 106 107 
164 165 166 167 185 241 242 104 105 107 
139 164 165 166 167 168 185 186 241 242 105 106 108 
139 165 166 167 168 185 186 242 107 109 
139 166 167 168 186 242 108 
139 186 111 
139 168 110 
187 243 244 245 113 114 
187 244 245 112 114 
187 244 245 246 247 112 113 115 
187 244 245 247 114 
145 188 249 250 251 
145 188 251 118 
145 251 117 
145 169 252 
169 252 
151 170 189 190 191 254 122 
151 190 121 123 124 
151 190 191 122 124 
151 190 191 122 123 
151 152 191 255 127 128 129 
151 152 255 125 127 128 129 
151 152 255 256 125 126 128 129 130 
151 152 255 256 125 126 127 129 130 
151 152 255 125 126 127 128 130 
151 152 255 256 127 128 129 131 132 133 
152 192 255 256 130 132 133 
151 192 255 256 130 131 133 
151 152 192 255 256 130 131 132 
152 192 258 259 135 
257 258 259 134 
137 138 139 142 143 144 148 149 150 155 156 157 158 159 160 161 162 176 177 178 179 180 181 182 183 219 220 221 222 223 224 225 226 227 228 229 68 69 70 71 72 73 74 75 76 77 78 79 80 81 82 
136 138 141 147 148 153 154 173 174 175 205 206 207 208 209 41 42 43 44 45 46 47 48 49 50 51 52 53 
136 137 142 148 149 150 155 156 157 158 176 177 178 179 215 216 218 219 220 221 61 62 63 64 65 66 67 
136 144 145 163 165 166 167 168 184 185 186 187 239 240 241 242 243 96 97 98 99 100 101 102 103 104 105 106 107 108 109 110 111 
146 171 172 193 194 196 2 3 4 5 6 7 8 9 10 11 12 13 14 15 16 
137 147 153 154 173 174 175 207 42 43 44 45 46 47 48 49 141 
136 138 143 149 150 155 156 157 158 159 160 161 178 179 180 181 182 222 223 224 225 226 71 72 73 74 75 76 
136 142 144 149 150 159 160 161 162 183 225 226 227 228 229 77 78 79 80 81 82 83 
136 139 162 163 230 231 232 233 234 235 236 237 84 85 86 87 88 89 90 91 92 
139 169 187 188 248 249 250 251 116 117 118 119 
140 171 172 193 194 195 2 3 4 5 6 7 8 9 10 11 12 
137 153 173 204 205 34 35 36 37 38 
136 138 176 212 213 214 215 216 217 218 58 59 60 61 
136 138 142 143 150 155 156 157 158 159 178 179 180 181 182 222 70 71 72 73 
136 138 142 143 149 156 157 158 159 180 181 182 222 223 224 225 72 73 74 75 
152 170 189 190 191 192 255 256 257 121 122 123 124 125 126 127 128 129 130 131 132 133 
151 191 192 255 256 257 258 259 125 126 127 128 129 130 131 132 133 134 
137 141 147 173 174 175 205 206 207 40 41 42 43 44 45 46 47 48 
137 141 208 209 210 51 52 
136 138 142 149 156 178 179 219 220 221 64 65 66 67 68 
136 138 142 149 150 155 157 158 178 179 180 181 221 222 68 69 70 71 72 
136 138 142 149 150 156 158 178 179 180 181 222 68 70 71 72 
136 138 142 149 150 156 157 180 181 182 223 71 72 73 
136 142 143 149 160 161 182 183 224 225 226 227 74 75 76 77 78 79 
136 142 143 159 161 183 225 226 227 77 79 80 81 
136 142 143 159 160 183 227 228 229 78 79 80 81 82 
136 143 144 230 231 232 233 83 84 
139 144 235 236 237 238 89 91 92 93 94 
139 165 166 167 168 184 185 186 240 241 242 98 99 100 101 102 103 104 105 106 107 
139 164 166 167 168 185 186 240 241 242 103 104 105 106 107 108 
139 164 165 167 168 185 186 241 242 104 105 106 107 108 109 
139 164 165 168 185 186 241 242 104 105 106 107 108 109 
139 164 165 166 185 186 242 107 108 109 110 111 
145 170 189 252 253 254 119 120 
151 169 189 190 254 121 
140 146 193 171 1 2 3 
140 146 195 196 197 11 12 13 14 15 16 17 18 19 
137 141 147 153 205 206 35 36 37 38 39 40 
137 141 153 175 205 207 42 43 
137 141 153 174 207 41 42 43 
136 138 148 215 216 217 218 61 62 
136 138 155 219 220 64 65 66 67 
136 138 142 149 155 156 157 179 180 181 221 222 68 69 70 
136 138 142 149 155 156 157 178 180 181 221 222 68 69 70 
136 142 149 150 156 157 158 178 179 181 222 71 72 
136 142 149 150 156 157 178 179 180 222 71 
136 142 149 150 158 159 224 225 73 74 75 
136 143 159 160 161 227 228 229 78 79 80 81 82 
139 164 239 96 97 98 99 100 
139 164 165 166 167 168 186 241 103 104 105 106 107 108 
139 164 165 166 167 168 185 242 107 108 109 110 
139 243 244 245 246 247 112 113 114 115 
145 248 249 250 251 116 117 
151 169 170 190 191 254 121 
151 170 189 191 254 121 122 123 124 
151 152 170 189 190 121 122 123 124 125 
151 152 255 256 257 258 259 131 132 133 134 135 
140 146 171 1 2 3 
140 146 4 5 6 7 8 9 10 
140 146 172 12 13 
140 172 197 198 199 16 17 19 20 21 22 
172 196 198 199 16 17 18 19 20 21 22 
196 197 199 21 22 23 24 25 
196 197 198 21 22 23 24 25 26 
201 26 27 29 
200 29 30 
203 30 31 
202 31 32 33 
147 34 
137 147 153 173 174 206 38 39 40 41 
137 153 173 205 38 39 40 41 
137 141 153 174 175 41 42 
137 154 51 52 53 
137 154 210 209 54 
154 209 211 54 
210 212 54 55 56 
148 211 213 214 56 57 58 
148 212 214 57 58 59 60 
148 212 213 59 60 
138 148 176 216 58 60 
148 176 61 
148 176 218 61 62 63 
138 148 176 217 61 62 63 
136 138 177 220 63 64 65 66 
138 155 219 64 65 66 67 
136 138 155 156 178 179 68 69 
136 142 149 150 156 157 158 178 179 180 181 71 72 
136 142 149 150 158 182 73 
136 142 150 159 182 225 74 75 76 
136 142 143 150 159 160 182 224 226 74 75 76 
136 142 143 159 160 225 227 77 78 
136 143 159 160 161 183 226 78 79 80 81 
136 143 161 183 229 82 83 
136 161 183 228 83 
144 162 231 232 84 
144 162 232 84 
144 162 230 231 233 84 85 
144 162 232 85 86 87 
144 233 85 86 87 88 
144 163 236 237 89 90 91 92 
144 163 235 237 238 89 90 91 92 
144 163 235 236 238 89 90 92 
163 235 236 237 
184 96 97 
164 165 184 98 99 100 101 102 103 
139 164 165 166 167 185 242 102 103 104 105 106 107 
139 164 165 166 167 168 185 186 241 105 106 107 108 109 
187 243 
245 246 247 112 113 114 115 
187 244 246 247 112 113 114 115 
187 244 245 247 114 115 
187 244 245 246 248 114 115 
145 188 247 
145 188 250 116 
145 249 116 
145 188 116 117 118 
169 253 119 120 
169 252 120 
169 170 189 190 121 
151 152 192 256 125 126 127 128 129 130 131 132 133 
151 152 192 255 127 128 129 130 131 132 133 
151 152 192 258 135 
152 192 257 259 135 
152 192 257 258 134 135 

