48 295
10 37 45 31 2 
10 37 45 46 1 3 
10 37 45 46 2 
38 12 13 5 6 7 
38 12 13 4 6 7 8 
38 13 5 8 
38 13 4 5 6 8 
38 13 6 7 
14 15 16 11 18 
36 41 42 44 45 46 29 30 31 1 3 47 48 
32 33 16 9 18 
13 4 5 
38 12 4 5 6 7 8 
32 38 15 9 
32 38 14 9 
32 33 17 9 11 18 19 
33 34 16 19 20 21 
32 33 16 9 11 19 
32 33 16 18 
33 34 17 21 22 
33 34 35 17 20 22 
33 34 35 20 21 
34 35 39 24 
34 39 23 
39 40 26 
36 40 28 27 25 43 
36 40 26 28 43 
40 27 43 
10 36 41 42 44 30 47 48 
10 36 41 42 44 29 47 48 
10 37 44 1 
38 14 15 16 17 9 11 18 19 
32 34 35 39 16 17 11 18 19 20 21 22 
33 35 39 17 20 21 22 24 23 
33 39 21 23 
10 40 41 42 44 26 28 27 29 30 43 47 
10 45 46 31 1 2 3 
32 12 13 14 15 4 5 7 8 
33 34 35 40 24 23 25 
36 39 26 28 27 25 43 
10 36 42 44 29 30 47 48 
10 36 41 44 29 30 47 48 
36 40 26 28 27 
10 41 42 29 30 31 47 48 
10 37 46 1 2 3 
10 37 45 2 3 
10 36 41 42 44 30 
10 41 42 44 29 30 

