30 179
27 14 1 
27 28 3 4 
28 29 2 
28 29 2 3 
29 15 22 7 
19 29 30 15 22 23 5 7 
19 29 30 15 22 23 24 5 6 
19 25 16 17 18 20 10 
25 18 20 10 
25 26 18 20 8 9 
26 21 
26 21 13 
21 12 
27 1 
28 29 30 23 24 6 7 
19 25 17 18 8 
19 25 16 18 20 8 9 
19 25 16 17 20 8 9 10 
25 26 29 30 15 22 23 24 16 17 18 6 7 
25 26 17 18 9 10 11 
12 13 
19 29 30 15 23 24 5 6 7 
19 29 30 15 22 24 6 7 
19 29 30 15 22 23 7 
19 26 30 16 17 20 8 9 10 
19 25 21 20 10 11 12 
28 14 1 2 
27 29 15 2 3 
19 28 30 15 22 23 24 4 5 6 7 
19 25 29 15 22 23 24 6 7 

