186 1423
115 3 88 89 
115 1 4 
115 140 1 2 4 
115 140 141 2 3 5 
115 140 141 4 6 
115 140 141 5 
115 131 
96 97 142 143 10 
96 97 8 10 
96 97 8 9 
91 96 97 144 145 
91 96 97 104 145 13 14 
91 104 145 12 14 
91 104 145 12 13 
91 104 105 116 117 16 17 
91 104 105 116 117 15 17 
91 98 104 105 116 117 146 15 16 18 19 20 
91 98 104 105 116 117 146 17 19 20 
91 98 104 116 117 146 17 18 20 
91 98 104 105 116 117 146 17 18 19 
91 98 116 117 
106 107 119 120 148 149 23 
107 119 120 149 22 
90 107 119 121 149 150 25 26 
90 107 119 120 121 149 24 26 
90 107 119 120 149 150 24 25 
90 121 150 28 29 30 31 
90 121 150 27 29 30 
90 121 150 28 30 31 
90 121 150 27 28 29 31 
90 121 150 27 28 29 30 
99 108 33 34 35 
90 99 108 151 32 34 35 
90 99 108 151 32 33 35 
90 99 108 151 32 33 34 36 
90 99 108 151 152 153 35 37 38 
90 99 108 152 153 154 36 38 
90 99 108 152 153 154 36 37 
109 156 157 158 40 41 
109 110 122 158 41 42 
109 110 122 158 39 40 42 
109 110 111 122 158 40 41 43 44 
109 110 111 122 158 44 
109 110 111 122 42 43 
110 111 123 124 125 159 
124 125 159 160 47 
125 126 159 160 161 46 48 49 50 
125 126 160 161 47 49 50 
125 126 160 161 48 50 
100 126 160 161 47 48 49 
100 112 113 165 52 
100 112 165 51 53 
100 113 165 166 52 54 55 56 
113 127 166 55 56 
113 127 166 53 54 56 
113 127 166 53 54 55 
92 127 167 
92 127 128 57 
92 169 170 
93 101 102 103 130 173 61 62 
93 101 102 103 130 60 62 63 
93 101 102 103 130 138 60 61 63 
93 101 102 103 130 138 62 64 
93 102 103 130 63 
132 174 66 
174 175 65 
114 174 175 
114 176 69 
114 176 177 68 
137 178 179 71 
136 178 179 180 70 72 73 
136 178 179 180 71 73 
94 136 180 71 72 74 75 
94 180 75 
94 136 180 73 74 
94 136 
94 181 78 79 
181 77 79 80 
94 181 182 77 78 80 
94 181 182 79 
95 183 184 185 82 
95 183 184 185 186 81 83 
95 139 185 186 82 84 85 86 87 
139 185 83 85 86 87 
95 139 185 186 84 86 87 
95 139 186 83 84 85 87 88 
95 139 186 83 84 85 86 88 89 
1 139 86 89 
1 95 139 87 88 
91 98 99 106 107 108 109 119 120 121 149 150 151 152 153 154 155 24 25 26 27 28 29 30 31 32 33 35 36 37 38 
90 96 97 98 104 105 116 117 118 144 145 146 11 12 13 14 15 16 17 18 19 20 21 
93 100 101 102 103 113 127 128 129 166 167 168 169 170 171 57 58 92 59 
92 101 102 129 130 138 132 171 172 173 60 61 62 63 64 
95 136 180 181 182 183 73 74 75 76 77 78 79 80 
115 140 141 1 2 3 4 94 139 181 182 183 184 185 186 81 82 83 84 85 86 87 88 89 
91 97 104 142 143 144 145 8 9 10 11 12 
91 96 104 142 143 144 145 8 9 10 11 12 
90 91 104 105 106 116 117 118 146 147 17 18 19 20 21 98 
90 108 121 150 151 152 153 154 32 33 34 35 36 37 38 
92 113 125 126 127 160 161 162 163 164 165 166 50 51 52 53 
92 93 102 103 129 130 138 169 170 171 172 173 60 61 62 63 
92 93 101 103 129 130 138 171 172 173 60 61 62 63 64 
92 93 101 102 129 130 138 172 173 60 61 62 63 64 
91 96 97 98 105 116 117 145 12 13 14 15 16 17 18 19 20 
91 98 104 116 117 146 15 18 19 20 21 
90 98 107 118 119 147 148 149 22 
90 106 119 120 121 148 149 150 22 23 24 25 26 
90 99 151 152 153 154 32 33 34 35 36 37 38 
90 110 111 122 123 155 156 157 158 39 40 42 43 44 
109 111 122 123 124 158 40 41 42 43 44 45 
109 110 122 123 124 125 158 159 42 43 44 45 
100 113 126 160 161 162 163 164 165 51 52 
92 100 112 127 165 166 167 51 52 53 54 55 56 
133 176 177 67 68 
131 140 141 1 2 3 4 5 6 7 139 88 
91 98 104 105 117 146 15 16 17 18 19 20 21 
91 98 104 105 116 146 15 16 17 18 19 20 21 
91 98 106 147 148 
90 106 107 120 121 148 149 22 23 24 25 26 
90 107 119 121 149 150 23 24 25 26 
90 99 107 119 120 149 150 24 25 26 27 28 29 30 31 
109 110 111 123 158 40 41 42 43 44 
110 122 124 159 45 
110 111 123 125 159 45 46 
100 111 123 124 126 159 160 161 45 46 47 48 49 
100 112 125 160 161 162 163 164 47 48 49 50 
92 100 113 128 166 167 54 55 56 57 58 
92 127 168 58 
92 93 101 102 103 169 170 171 172 173 
93 101 102 103 138 60 61 62 63 64 
115 134 7 
93 103 174 132 65 
135 137 177 178 133 
131 134 
133 137 177 
94 180 71 72 73 74 76 
133 135 178 70 
93 101 102 103 130 62 63 64 132 
1 95 185 186 83 84 85 86 87 88 89 
115 141 3 4 5 6 
115 140 4 5 6 
96 97 143 8 
96 97 
91 96 145 
91 96 97 104 144 11 12 13 14 
91 98 104 105 116 117 17 19 20 21 
98 106 118 
106 107 118 119 22 
90 106 107 119 120 121 22 23 24 25 26 
90 99 107 120 121 24 26 27 28 29 31 
90 99 108 32 33 34 35 36 
99 108 153 36 37 38 
90 99 108 152 154 36 37 38 
90 99 108 152 153 37 38 
90 109 156 157 
109 155 157 39 
109 155 156 39 
109 110 111 122 39 40 41 42 43 
111 123 124 125 160 45 46 47 
100 112 125 126 159 161 46 47 48 49 50 
100 112 125 126 160 163 164 47 49 50 
100 112 126 161 163 164 50 
100 112 126 161 162 164 
100 112 126 161 162 163 
100 112 113 51 52 53 
92 100 113 127 167 53 54 55 
92 113 127 166 57 
92 128 
92 101 129 170 171 172 59 
92 101 129 169 171 172 59 
92 93 101 102 129 170 172 173 
93 101 102 103 129 170 171 173 
93 101 102 103 129 172 60 
132 175 65 66 67 
174 65 66 67 
114 68 
114 133 135 69 
133 137 179 180 70 71 72 
137 178 180 70 71 72 
94 136 178 179 71 72 73 74 75 
94 95 182 183 77 78 79 80 
94 95 183 79 80 
95 181 182 184 185 81 82 
95 183 185 81 82 
95 139 183 184 186 81 82 83 84 85 
95 139 185 82 84 85 86 87 

