95 682
74 3 4 
63 74 4 
63 75 1 2 4 
63 74 75 1 2 3 
49 57 64 76 77 78 6 
49 57 64 76 77 78 5 7 
49 57 64 76 77 78 6 
49 51 64 65 79 9 10 11 
49 51 65 79 8 10 11 12 
49 51 65 79 8 9 11 12 
49 51 65 79 80 8 9 10 12 13 
49 51 65 79 80 9 10 11 13 
49 51 65 79 80 11 12 
81 15 16 
81 14 16 
81 14 15 
52 66 82 18 
52 66 82 17 
52 53 66 82 83 
50 52 53 67 83 84 
50 53 58 67 68 85 
71 86 
71 86 87 24 25 
86 87 23 25 
86 87 24 
48 60 87 88 27 28 29 
60 88 26 28 
48 60 88 26 27 29 30 31 
48 60 88 89 26 28 30 31 32 
48 60 88 89 28 29 31 32 
48 60 88 89 28 29 30 32 
48 60 89 90 29 30 31 
48 60 89 90 91 34 
48 60 89 90 91 33 
48 92 36 
48 92 35 
48 54 93 38 39 40 
48 54 93 37 39 40 
48 54 93 37 38 40 
48 54 93 37 38 39 41 
48 54 93 40 
48 54 43 44 45 
54 72 44 45 
72 42 43 45 
72 42 43 44 
55 56 61 72 73 
95 47 
50 54 55 56 59 60 61 62 71 72 86 87 88 89 90 91 93 26 28 29 30 31 32 33 34 35 36 37 38 39 40 41 42 
50 51 57 63 64 65 75 76 77 78 79 80 5 6 7 8 9 10 11 12 13 
48 49 52 53 58 66 67 68 69 70 82 83 84 85 20 21 
49 57 64 65 79 80 8 9 10 11 12 13 
50 53 58 66 67 68 81 82 83 84 17 18 19 
50 52 58 66 67 82 83 84 85 19 20 21 
48 55 56 61 72 92 93 37 38 39 40 41 42 43 
54 56 61 62 72 73 94 95 46 
48 54 55 61 62 72 73 94 95 
49 51 64 76 77 78 5 6 7 
50 52 53 67 68 69 84 85 21 
48 71 59 
48 88 89 90 91 26 27 28 29 30 31 32 33 34 
48 54 55 56 62 72 73 94 95 46 
48 55 56 61 72 73 94 95 46 
49 74 75 2 3 
49 51 57 76 77 78 5 6 7 8 
49 51 79 80 9 10 11 12 13 
52 53 81 82 83 17 18 19 
50 52 53 58 68 84 85 20 21 
50 52 53 58 67 85 21 
50 58 70 
50 69 
48 59 86 87 22 23 
48 54 55 56 61 62 73 94 43 44 45 46 
55 56 61 62 72 94 95 46 
1 2 4 
49 63 74 3 
49 57 64 77 78 5 6 7 
49 57 64 76 78 5 6 7 
49 57 64 76 77 5 6 7 
49 65 80 8 9 10 11 12 13 
49 51 65 79 11 12 13 
52 66 14 16 
50 52 53 66 83 17 18 19 
50 52 53 66 82 84 19 20 
50 52 53 58 67 68 83 20 
50 53 58 68 69 21 
48 71 87 22 23 25 
48 71 86 88 23 25 26 
48 60 87 26 27 28 29 30 31 
48 60 91 29 30 31 32 33 34 
48 60 89 91 32 33 34 
48 60 89 91 33 34 
48 54 35 36 
48 54 37 38 39 40 41 
55 56 61 62 72 73 95 46 
55 56 61 62 73 94 47 

