231 1802
146 147 152 74 231 91 
146 147 152 185 74 91 
133 148 186 187 4 94 96 97 
133 148 186 187 3 94 
148 153 188 98 99 100 101 
133 7 105 106 107 108 109 
133 6 8 109 
133 134 7 109 
134 190 191 10 114 115 116 117 118 
133 134 190 191 192 9 11 116 117 118 119 
190 191 192 10 119 120 
133 134 192 13 14 15 121 122 123 124 
133 134 12 14 15 121 122 123 124 
133 134 12 13 15 121 122 123 
133 134 12 14 121 122 123 124 
134 193 194 17 18 128 129 
194 16 18 128 129 
154 195 16 17 19 20 128 129 
154 195 20 129 
154 195 18 19 129 
149 154 195 196 130 
149 196 197 131 
143 144 145 73 
155 156 198 199 25 
155 156 199 24 26 
157 200 25 27 
156 157 180 201 26 28 
157 180 201 27 
157 180 201 
202 31 32 33 
202 30 32 33 
202 31 33 34 
202 30 32 34 
158 202 32 33 35 
158 202 34 
158 159 
138 159 160 204 205 38 
160 205 37 
138 160 161 162 205 206 
139 161 162 163 164 165 207 208 209 41 
139 164 165 208 209 210 211 40 42 
139 164 165 209 210 211 212 41 43 
139 165 208 209 210 211 212 213 42 44 45 
139 211 212 213 43 45 
139 212 213 43 44 46 
139 213 47 
150 214 46 48 49 50 
150 214 47 49 50 
150 214 47 48 
150 214 47 48 49 
136 150 166 215 216 217 52 
136 150 166 215 216 217 51 53 
136 150 216 217 52 54 
136 166 218 53 
136 166 218 
136 151 219 
135 151 220 58 
135 151 168 220 57 
135 168 169 60 
135 59 
135 140 171 172 221 222 
140 141 172 223 63 
140 141 62 
137 141 223 65 66 67 
141 223 64 66 
137 141 223 64 65 67 
137 141 223 64 65 66 
137 142 173 174 224 
137 142 143 173 224 225 70 
137 142 143 173 174 225 69 
137 142 143 144 173 174 225 72 
137 142 143 144 71 
143 144 175 23 
133 146 147 152 1 2 91 
143 144 145 175 176 76 
144 145 175 176 75 
145 176 177 178 
177 178 179 226 79 
178 226 78 
179 181 182 183 226 227 81 82 
181 182 183 227 228 80 82 
181 182 183 227 228 80 81 83 
181 182 183 227 228 82 
181 183 227 228 83 
184 228 86 
184 85 
146 152 184 229 88 89 90 
146 152 184 229 230 87 89 90 
146 152 184 229 230 87 88 90 
146 147 152 185 229 230 231 87 88 89 
146 147 152 185 74 230 231 1 2 
186 93 
186 187 
133 148 186 187 3 4 95 96 
133 148 153 187 3 94 96 97 
133 148 153 187 3 94 95 97 
133 148 153 187 3 94 95 96 
133 148 153 5 95 99 100 
133 148 153 5 98 100 
133 148 153 188 5 99 101 
133 148 153 188 5 100 
133 189 103 104 
189 102 104 
102 103 
133 134 6 106 
133 134 6 105 107 
133 134 6 106 108 
133 134 6 107 109 
133 134 6 7 8 108 
133 134 
133 134 111 112 
133 134 111 113 114 
133 134 112 
133 134 9 113 115 
133 134 190 9 114 116 117 118 
133 134 190 191 9 10 115 117 118 
133 134 190 191 9 10 115 116 118 
133 134 190 191 9 10 115 116 117 
133 134 191 192 10 11 
133 134 190 191 192 11 119 
133 134 12 13 14 15 122 123 124 
134 12 13 14 15 121 123 124 
134 12 13 14 15 121 122 124 
134 12 13 14 15 121 122 123 
134 193 126 127 
193 125 127 
194 125 126 
16 17 18 129 
154 195 16 17 18 19 20 128 
149 154 196 197 21 
197 22 
149 197 
155 134 135 146 147 148 149 152 153 154 185 74 186 187 188 189 190 191 192 193 194 3 4 5 6 7 8 9 10 11 12 13 14 15 94 95 96 97 98 99 100 101 102 103 104 105 106 107 108 109 110 111 112 113 114 115 116 117 118 119 120 121 
155 133 148 149 153 154 188 189 190 191 192 193 194 195 6 7 8 9 10 11 12 13 14 15 16 105 106 107 108 109 110 111 112 113 114 115 116 117 118 119 120 121 122 123 124 125 
133 136 137 140 141 151 167 168 169 170 171 172 219 220 221 222 57 58 59 60 61 
135 139 150 151 166 167 214 215 216 217 218 219 51 52 53 54 55 56 
140 141 142 143 144 145 173 174 175 223 224 225 64 66 67 68 69 70 71 72 
139 158 159 160 161 162 163 164 165 204 205 206 207 37 38 39 
136 138 150 161 162 163 165 207 208 209 210 211 213 40 41 43 44 45 46 
135 137 141 169 170 172 221 222 223 61 62 63 
135 137 140 142 172 173 223 224 62 63 64 65 66 67 68 
137 141 143 144 145 173 174 175 224 68 69 70 71 72 
137 142 144 145 173 174 175 176 225 69 70 71 72 73 23 75 
137 142 143 145 173 174 175 176 225 71 72 73 23 75 76 
137 142 143 144 175 176 177 178 179 226 73 23 75 76 77 
133 147 152 184 185 74 229 230 231 1 2 87 88 89 90 91 
133 146 152 184 185 74 229 230 1 2 90 91 
133 134 153 186 187 188 189 3 4 5 94 95 96 97 98 99 100 101 
155 156 198 199 133 134 154 195 197 21 22 130 131 132 
136 166 214 215 216 217 47 48 49 50 51 52 53 
136 167 219 220 56 57 58 
133 146 147 184 185 74 229 230 231 1 2 87 88 89 90 91 
133 134 148 187 188 189 3 5 95 96 97 98 99 100 101 
133 134 149 195 196 16 18 19 20 21 129 130 
156 198 199 200 24 25 149 197 22 131 132 
155 157 180 198 199 200 201 24 25 26 27 149 197 132 
156 180 200 201 26 27 28 29 
138 159 203 34 35 36 
138 158 160 203 204 36 
138 159 204 205 37 38 39 
138 139 162 163 164 165 205 206 207 39 
138 139 161 163 164 165 205 206 207 39 40 
138 139 161 162 164 165 205 206 207 208 40 
138 139 161 162 163 165 207 208 209 210 211 40 41 42 
138 161 162 163 164 207 208 209 210 211 212 40 41 42 43 
136 150 215 216 217 218 51 52 53 54 55 
135 136 151 168 219 220 
135 151 167 220 57 58 
135 140 170 171 221 222 59 
135 140 169 171 221 222 
135 140 169 170 172 221 222 61 
135 140 141 171 221 222 61 62 
137 141 142 143 144 174 224 225 68 69 70 71 
137 142 143 144 173 224 225 68 69 70 71 
137 142 143 144 145 176 72 73 23 75 76 
143 145 175 177 178 75 76 77 
145 176 178 179 226 77 78 79 
145 176 177 179 226 77 78 79 
177 178 181 182 226 78 79 80 
156 157 201 27 28 29 
179 183 226 227 228 80 81 82 83 84 
179 181 183 227 228 80 81 82 83 84 
181 182 227 228 80 81 82 83 84 
146 147 152 229 85 86 87 89 
133 146 147 152 74 229 230 231 1 2 90 91 
133 148 187 3 4 92 93 94 186 
133 148 153 3 4 93 94 95 96 97 
133 134 153 189 5 100 101 
133 134 148 153 188 102 103 
133 134 191 192 9 10 115 116 117 118 119 120 
133 134 190 192 9 10 11 116 117 118 119 120 
133 134 190 191 10 11 12 119 120 
133 134 194 16 125 126 127 
133 134 193 16 17 
134 149 154 196 18 19 20 21 129 
149 154 195 197 21 22 130 
149 196 22 130 131 132 
155 199 24 132 
155 156 198 200 24 25 
155 156 157 199 25 26 
156 157 180 27 28 29 
158 30 31 32 33 34 35 
158 159 36 
138 159 160 37 
138 160 161 162 163 206 37 38 
138 161 162 163 205 39 
138 139 161 163 164 165 40 
139 163 164 165 209 211 212 40 41 42 43 
139 164 165 208 210 211 40 41 42 43 
139 164 208 209 211 212 40 41 42 43 
139 164 165 208 209 210 212 213 42 43 44 
139 165 208 209 210 211 213 42 44 45 
139 211 212 43 44 45 46 
136 150 215 47 48 49 50 
136 150 166 216 51 52 
136 150 166 215 217 51 53 
136 150 216 218 51 52 53 54 
136 166 217 53 55 
135 136 151 167 56 
135 167 168 57 58 
135 140 169 170 171 172 222 61 
140 169 170 171 172 221 61 
137 140 141 62 63 64 65 66 67 
137 141 142 173 174 68 69 
137 142 143 144 173 174 69 70 71 
145 177 178 181 78 79 80 
181 182 183 228 80 81 82 83 84 
181 182 183 227 81 82 83 84 85 
146 147 152 184 185 230 231 87 88 89 90 
146 147 152 185 229 231 1 88 89 90 91 
146 147 152 185 229 230 1 90 91 

