114 872
55 56 62 78 79 80 
55 56 62 63 3 4 5 
55 56 62 63 2 4 5 
56 57 62 63 2 3 5 
56 57 63 2 4 6 
56 63 81 5 7 8 
57 6 8 9 
57 81 82 6 7 9 
57 81 82 7 8 
50 64 83 84 11 12 
50 64 83 84 10 12 
50 64 84 85 10 11 13 
50 64 84 85 12 14 
50 64 85 13 15 
47 50 65 66 14 
47 65 86 87 17 
47 65 66 87 16 
47 67 88 89 90 
47 68 91 92 93 20 
47 68 91 92 93 94 19 
47 51 68 95 22 23 
51 95 96 21 24 
51 95 96 21 22 24 
51 69 96 22 23 
51 69 
52 70 71 97 98 27 
52 70 71 98 26 28 29 
52 70 71 27 29 
52 70 71 28 
48 72 99 31 
48 99 30 
48 53 58 72 73 100 101 102 33 
53 58 73 102 103 32 34 
48 53 58 73 102 33 
53 54 58 74 75 103 104 105 106 36 
53 54 58 74 75 104 105 106 35 
76 77 108 38 39 
76 77 108 37 39 
76 77 108 37 38 
49 77 108 109 41 42 43 44 
49 77 109 40 42 43 44 
49 77 109 40 41 44 
49 77 109 40 41 42 44 45 
49 109 40 41 42 43 45 
49 60 43 44 46 
49 60 110 45 
50 51 64 65 66 67 68 69 86 87 88 89 90 91 92 93 94 95 15 16 17 18 19 20 21 
52 53 54 58 71 72 73 74 99 100 101 102 103 104 30 31 32 33 34 
60 77 108 109 110 111 112 113 114 40 41 42 43 44 45 
47 57 64 65 66 81 82 83 84 85 10 11 12 13 14 15 
47 52 68 69 95 96 97 21 22 23 24 25 
48 51 70 71 97 98 26 27 28 29 
48 54 58 59 72 73 74 75 99 100 101 103 104 105 106 32 33 34 35 36 
48 53 58 59 74 75 102 103 104 105 106 35 36 
56 61 62 63 78 79 80 1 2 3 
55 57 61 62 63 78 79 80 81 1 2 3 4 5 6 
50 63 81 82 83 4 5 6 7 8 9 
48 53 54 59 72 73 74 75 100 101 102 103 104 105 106 32 33 34 35 36 
53 54 58 74 75 105 106 107 
49 110 111 112 113 45 46 
55 56 62 78 79 80 1 
55 56 61 63 78 79 80 1 3 4 
55 56 57 62 81 2 3 4 5 6 
47 50 84 85 10 11 12 13 14 
47 50 66 86 87 15 16 17 
47 50 65 86 87 15 16 17 
87 88 89 90 18 
47 51 91 92 93 94 95 19 20 21 
47 51 96 24 25 
52 71 97 98 26 27 28 29 
48 52 70 97 26 27 28 29 
48 53 58 73 99 100 101 30 32 
48 53 58 72 99 100 101 102 103 32 33 34 
48 54 58 59 75 103 104 105 106 35 36 
53 54 58 59 74 104 105 106 35 36 
77 107 108 37 38 39 
49 76 108 109 37 38 39 40 41 42 43 
55 56 61 62 79 80 1 
56 61 62 78 80 1 
55 56 61 62 79 1 
50 56 57 63 82 83 6 7 8 
50 81 83 7 8 9 
50 57 64 81 82 84 10 11 
50 64 83 85 10 12 13 
50 64 84 12 13 14 
47 50 65 66 87 16 17 
47 65 66 67 86 16 17 
47 67 89 90 18 
47 67 88 90 18 
47 67 88 89 
47 68 92 93 94 19 20 
47 68 91 93 94 19 20 
47 68 91 94 19 20 
47 68 91 92 93 19 20 
47 51 68 21 23 
51 69 22 23 24 25 
51 52 70 71 98 26 
52 70 71 97 26 27 
48 53 72 73 100 101 30 31 
48 53 58 72 73 99 101 102 32 
48 53 58 72 73 99 100 102 32 
48 53 54 58 73 100 101 103 32 33 34 
48 53 54 58 73 74 102 104 105 33 34 35 
48 53 54 58 74 75 103 105 106 35 36 
53 54 58 59 74 75 103 104 106 35 36 
53 54 58 59 74 75 104 105 35 36 
59 76 
49 76 77 109 37 38 39 40 
49 77 108 40 41 42 43 44 
49 60 111 112 113 46 
49 60 110 112 113 
49 60 110 
49 60 110 111 112 
49 114 

