123 876
89 92 94 48 49 50 
90 92 95 51 52 53 54 
90 91 92 4 5 62 64 65 66 
90 91 3 5 62 63 64 65 66 67 
90 91 3 4 6 64 65 66 67 68 69 
90 91 106 5 67 68 69 70 
91 98 99 8 76 77 78 79 
98 99 7 77 78 79 
99 107 
100 107 108 109 11 80 
96 100 109 10 80 
96 84 85 86 
96 12 84 85 86 87 
96 15 16 87 88 
14 16 17 88 
14 15 17 88 
16 17 
93 110 19 20 21 
93 97 110 18 20 21 
93 97 110 19 21 
93 97 110 18 19 20 
93 97 23 24 
93 111 22 24 
93 22 23 
93 111 112 
101 102 113 27 28 29 30 
101 26 28 29 30 
102 113 26 27 29 30 31 
101 113 26 27 30 31 32 
101 102 113 114 115 26 27 28 29 31 32 
101 102 103 113 114 115 116 28 29 30 32 33 
101 102 103 114 115 116 29 30 31 33 
101 102 103 113 114 115 116 31 32 34 35 
101 102 103 113 114 115 116 117 33 35 
101 102 103 113 114 115 116 117 33 34 
103 117 
89 118 38 
89 118 119 37 39 
89 118 119 120 38 40 
89 118 119 120 39 
89 42 
89 41 
89 94 104 122 
89 94 123 
89 94 123 46 47 
89 94 45 47 48 
89 94 45 46 48 
89 92 94 1 46 47 49 
89 92 94 1 48 
89 92 1 
92 2 52 53 
92 2 51 53 
92 95 2 51 52 54 
92 95 2 53 55 
90 92 95 54 56 
90 92 95 57 58 
92 95 55 56 58 
90 91 95 105 56 57 
90 91 92 95 105 60 
90 91 92 105 59 61 
90 91 105 60 
90 91 3 4 63 64 
90 91 3 4 62 64 
90 3 4 5 62 63 66 
90 91 3 4 5 63 64 66 67 
90 91 3 4 5 64 65 67 68 
91 4 5 6 65 66 68 69 
90 91 5 6 67 69 
91 5 6 67 68 
90 91 106 6 71 72 
90 91 106 70 72 
90 91 106 70 71 
90 91 106 74 75 
91 75 
73 76 
98 7 75 77 
98 7 8 78 
98 99 7 8 77 
98 99 7 8 
100 108 109 10 11 
96 100 82 83 
100 81 83 96 82 
96 100 81 
96 12 13 
96 12 13 84 86 87 
96 13 85 
96 13 14 86 88 
14 15 16 87 
90 91 92 93 94 95 101 103 104 118 119 120 121 122 123 1 2 37 38 39 40 41 42 43 44 45 46 47 48 49 50 
89 91 92 94 95 98 99 105 106 2 3 4 5 6 55 57 58 59 60 61 62 63 64 65 66 67 68 69 70 71 72 73 
89 90 92 94 95 98 99 105 106 3 4 5 6 7 58 59 60 61 62 63 64 65 66 67 68 69 70 71 72 73 74 
89 90 91 94 95 123 1 2 3 48 49 50 51 52 53 55 56 57 58 59 60 
89 97 110 111 18 19 20 21 22 23 24 25 
89 90 92 104 121 122 123 1 43 44 45 46 47 48 49 
89 90 91 92 105 2 53 54 55 56 57 58 59 
100 109 11 12 13 14 81 82 83 84 85 86 87 
93 110 18 19 20 21 22 
90 91 99 107 7 8 9 76 77 78 79 
90 91 98 107 7 8 9 77 78 
96 108 109 10 11 80 81 82 83 
89 102 103 113 114 115 116 117 26 27 28 29 30 31 32 33 34 35 
101 103 113 114 115 116 117 26 28 29 30 31 32 33 34 35 
89 101 102 113 114 115 116 117 31 32 33 34 35 36 
89 94 121 122 42 43 
90 91 92 95 58 60 
90 91 6 70 71 72 73 
98 99 108 9 10 
100 107 109 10 80 
96 100 108 10 11 80 
93 97 18 19 20 21 
93 112 23 
111 25 
101 102 103 114 115 116 117 26 28 29 30 31 32 33 34 35 
101 102 103 113 115 116 30 31 32 33 34 35 
101 102 103 113 114 116 117 30 31 32 33 34 35 
101 102 103 113 114 115 117 31 32 33 34 35 
101 102 103 113 115 116 34 35 36 
89 119 120 37 38 39 40 
89 118 120 38 39 40 
89 118 119 39 40 
89 94 104 122 43 
89 94 104 121 43 
89 92 94 44 45 

