316 2734
2 3 4 5 7 8 9 10 11 12 13 14 15 16 17 21 22 23 24 35 36 37 38 39 40 41 42 43 44 45 63 64 65 66 67 68 69 70 71 72 111 115 116 117 118 119 120 121 122 123 124 125 126 127 128 129 130 131 132 133 236 238 239 240 241 242 243 244 245 246 247 248 249 250 251 252 253 254 255 256 257 258 259 260 261 262 263 264 265 266 267 268 269 270 271 272 273 274 275 277 
1 11 12 13 14 15 16 17 21 22 23 24 25 39 40 41 42 43 44 45 46 47 69 70 71 72 73 74 131 132 133 134 135 136 137 138 139 140 141 271 272 273 274 275 276 277 278 279 280 281 282 283 284 285 286 287 288 289 290 291 292 293 294 295 297 298 299 300 
1 6 18 26 27 28 29 50 51 52 80 81 82 83 84 85 165 167 168 169 170 171 172 173 174 175 176 
1 5 7 9 20 34 57 58 59 104 105 106 107 108 109 213 214 215 217 218 219 220 221 222 223 224 225 
1 4 8 9 10 35 60 61 62 107 108 109 110 224 226 227 228 229 230 
3 7 18 19 28 29 30 52 53 54 86 87 88 89 90 178 179 180 181 182 183 184 185 186 187 188 189 
1 4 6 19 20 31 32 33 55 93 94 95 96 97 98 99 100 194 195 196 197 198 199 200 201 202 
1 4 5 9 58 59 60 104 105 106 107 108 109 217 219 220 221 222 223 224 225 226 
1 4 5 58 59 60 106 107 108 109 220 221 222 223 224 225 226 227 228 229 
1 5 35 36 37 38 63 64 111 112 113 114 115 116 233 234 235 236 237 238 
2 12 21 65 66 67 119 120 121 122 246 247 248 249 
1 2 11 21 39 67 68 123 124 125 126 252 253 254 255 256 257 258 259 260 
1 2 14 22 40 41 69 70 130 131 132 270 271 272 273 274 
1 2 13 15 22 23 41 42 43 71 133 278 279 280 281 282 283 285 286 287 
1 2 14 23 42 43 44 45 72 133 134 135 136 137 138 288 289 290 291 292 293 294 295 296 297 298 299 
1 2 24 46 47 48 141 142 143 144 145 146 147 301 302 303 304 305 306 307 308 309 
1 2 16 24 25 47 48 75 147 148 149 150 308 309 310 311 312 313 314 315 
3 6 28 29 30 51 52 86 87 88 177 178 179 
6 7 30 53 54 90 91 92 185 186 187 188 189 
4 33 34 56 57 100 101 202 203 204 205 
1 2 11 12 39 67 68 123 124 125 249 250 251 252 253 254 255 256 
1 2 13 14 41 42 43 71 275 276 277 278 279 280 281 282 
1 2 14 15 42 43 72 133 134 135 287 288 289 290 291 
1 2 16 17 25 47 48 75 145 146 147 148 149 306 307 308 309 310 311 
2 17 24 48 75 149 150 151 152 153 154 155 312 313 314 315 316 
3 27 50 80 81 82 83 84 164 165 166 167 
3 26 50 80 81 82 83 84 167 168 169 170 
6 18 29 51 52 86 87 177 
3 18 28 51 52 86 87 178 
6 18 19 53 88 180 181 182 183 184 
7 32 55 93 94 95 96 97 98 99 192 193 194 195 196 197 198 
7 31 33 55 94 95 96 97 98 99 195 196 197 198 199 200 201 
7 20 32 100 201 202 204 
4 20 56 57 101 102 103 205 206 207 208 209 
1 5 10 36 37 61 62 63 111 112 113 231 232 233 
1 10 35 37 63 111 112 113 114 232 233 234 
1 10 35 36 38 63 112 113 114 115 234 235 
1 10 37 64 115 116 237 238 
1 2 12 21 124 125 126 127 257 258 259 260 261 262 
1 2 13 128 129 130 131 264 265 266 267 268 269 
1 2 13 14 69 70 132 271 272 274 275 276 
1 2 14 15 22 23 43 71 133 283 284 285 286 287 
1 2 14 15 22 23 42 71 133 134 283 284 285 286 287 
1 2 15 23 72 135 136 137 289 290 291 292 293 294 
1 2 15 46 73 74 138 139 140 299 300 
2 16 45 73 74 139 140 141 301 302 303 
2 16 17 24 143 144 145 146 304 305 306 307 
16 17 24 25 75 147 148 149 150 310 311 312 313 
76 156 157 
3 26 27 85 168 169 170 171 172 173 
3 18 28 29 52 86 87 177 
3 6 18 28 29 51 86 87 
6 19 30 88 89 180 181 182 183 184 
6 19 90 92 93 
7 31 32 93 94 95 96 190 192 193 194 195 
20 34 57 101 102 103 205 206 207 
4 20 56 101 102 103 207 208 209 210 211 212 
4 8 9 104 106 217 218 219 220 
4 8 9 58 104 106 107 220 221 
4 5 8 109 226 227 228 229 230 
5 35 62 110 
5 35 231 
1 10 35 36 37 111 112 113 114 232 233 234 
1 10 38 116 236 237 238 239 
1 119 245 
1 11 119 120 121 246 247 248 
1 11 12 21 68 123 250 251 253 254 255 256 
1 12 21 67 123 124 125 252 253 254 255 256 
1 2 13 41 70 132 271 272 273 
1 2 13 41 69 132 271 272 273 
1 2 14 22 42 282 283 284 
2 15 23 44 135 136 137 138 289 290 291 292 293 294 295 296 297 298 
2 45 46 74 139 140 73 
2 45 46 73 139 140 301 
17 24 25 48 149 150 312 313 314 315 
49 77 156 157 158 159 
76 156 157 158 159 160 
77 79 160 161 
160 161 162 
3 26 27 81 82 83 84 165 167 
3 26 27 80 82 83 84 166 167 
3 26 27 81 83 84 166 167 
3 26 80 81 82 84 166 167 
3 26 27 80 81 82 83 166 167 
3 50 169 170 171 172 173 174 
18 28 29 51 52 87 
6 18 28 29 51 52 86 
6 18 30 53 89 178 180 181 
6 30 53 88 180 181 
6 19 54 91 92 189 
19 54 90 92 
19 54 90 91 
7 31 54 55 190 191 193 
7 31 32 55 95 96 193 194 195 
7 31 32 94 96 97 98 99 195 196 197 
7 31 32 55 94 95 97 98 195 196 197 
7 31 32 95 96 98 99 195 196 197 198 199 200 
7 31 32 95 96 97 99 196 197 198 199 200 201 
7 31 32 95 97 98 196 197 198 199 200 201 
7 20 33 203 204 
20 34 56 57 102 103 207 208 
20 34 56 57 101 103 207 
34 56 57 101 102 207 208 209 210 
4 8 58 59 105 213 215 216 218 219 
4 8 58 216 217 218 219 
4 8 9 59 107 220 221 
4 5 8 9 59 108 221 222 223 224 225 
4 5 8 9 107 109 222 223 225 
4 5 8 9 60 108 224 225 226 227 
5 230 
1 10 35 36 63 112 113 114 232 233 
10 35 36 37 63 111 113 114 233 234 
10 35 36 37 63 111 112 234 
10 36 37 63 111 112 113 233 234 
1 10 37 38 235 236 
1 10 38 64 236 237 238 
1 118 239 241 242 243 244 
1 117 240 241 242 243 244 
1 11 65 66 245 246 247 
1 11 66 121 248 
1 11 66 120 122 
1 11 121 249 
1 12 21 67 68 252 253 254 255 256 
1 12 21 39 68 125 257 258 
1 12 21 39 68 124 257 258 
1 12 39 259 260 261 
1 39 128 129 262 263 
1 40 127 129 263 264 265 
1 40 127 128 130 263 264 
1 13 40 129 131 264 265 266 267 268 
1 2 13 40 130 267 268 269 270 
1 2 41 69 70 272 273 274 
1 2 14 15 23 42 43 134 286 287 288 
2 15 23 43 133 287 288 
2 15 23 44 72 289 290 291 
2 15 44 72 138 292 293 294 295 296 297 298 299 300 
2 15 44 72 136 138 292 293 294 296 297 298 299 
2 15 45 72 136 295 296 297 299 300 
2 45 46 73 74 140 
2 45 46 73 139 
2 16 46 142 301 302 303 
16 46 141 301 302 303 
16 47 304 
16 47 143 145 304 305 
16 24 47 144 146 305 306 307 
16 24 47 145 306 307 
16 17 24 48 148 310 
17 24 48 147 310 311 
17 25 48 75 150 311 312 313 314 
17 25 48 75 149 312 313 315 
152 153 316 
25 151 153 154 155 316 
25 151 152 154 155 316 
25 151 152 153 155 316 
25 152 154 316 
49 76 77 157 158 159 
49 76 77 156 158 159 
76 77 156 157 159 
76 77 156 157 158 
77 78 79 161 162 
78 79 160 
79 160 161 163 164 
26 162 164 165 
162 163 165 
3 26 80 164 
3 26 80 81 82 83 84 
3 26 27 80 81 82 83 84 
3 27 50 169 170 
27 50 85 168 170 171 
3 27 50 85 169 171 
3 50 85 169 170 172 173 174 
3 50 174 
3 50 85 172 174 
3 171 172 175 
3 174 176 
3 175 
18 28 51 
6 18 29 88 179 180 
6 18 88 178 180 
6 53 88 89 178 179 
6 30 53 88 89 182 
6 30 53 181 183 184 
30 53 182 184 
6 30 53 182 183 
6 19 186 187 188 189 
6 19 185 188 189 
6 19 185 186 188 189 
6 19 185 186 187 189 
6 19 90 185 186 187 188 
55 93 191 192 193 
93 192 193 
31 55 93 190 191 193 194 
31 55 93 94 192 194 
7 31 55 94 192 193 
7 31 32 55 94 95 96 97 196 197 
7 31 32 95 96 97 98 99 195 197 
7 32 95 97 98 99 195 196 
7 31 97 98 99 199 200 201 
7 32 97 98 99 198 200 201 
7 32 98 99 198 199 201 
7 32 33 98 99 198 199 200 
7 20 33 203 
20 33 100 202 204 
20 33 100 203 
20 34 56 206 
20 34 56 205 
34 56 57 101 102 103 208 
34 57 101 103 207 209 210 211 212 
34 57 103 208 210 212 
57 103 208 209 211 212 
57 208 210 212 
57 208 209 210 211 
4 104 214 215 216 217 218 
4 213 215 216 217 
4 104 213 214 216 217 218 
58 104 105 213 214 215 217 218 
4 8 58 104 105 213 214 215 216 218 219 
4 58 104 105 213 215 216 217 219 
4 8 58 104 217 218 
4 8 9 58 106 221 
4 8 9 59 106 107 220 222 
4 9 107 108 221 223 224 225 
4 8 9 107 108 222 224 225 
4 8 9 107 108 109 222 223 225 
4 8 9 107 109 222 223 224 
5 8 9 60 109 227 228 229 
5 9 60 109 226 228 229 
5 9 60 226 229 
5 9 60 226 227 228 
5 60 110 
35 62 232 
35 36 63 111 231 
10 35 36 63 111 112 113 114 
10 36 37 63 112 113 114 
10 37 115 
1 10 38 64 115 116 237 
10 38 64 116 236 238 
1 38 64 116 237 
64 118 242 
117 118 239 241 242 
1 117 118 239 240 242 243 
1 117 118 239 240 241 243 244 
1 117 118 241 242 244 
1 117 118 242 243 
1 65 119 
1 11 66 119 247 248 
1 11 66 119 246 
1 11 66 120 246 
11 21 250 
1 21 67 249 251 
1 21 67 250 
1 12 21 67 68 123 253 254 255 256 
1 12 21 67 68 123 252 254 255 256 
1 12 21 67 68 123 252 253 255 256 
12 21 67 68 123 252 253 256 
1 21 67 68 123 252 253 254 255 
1 12 39 124 125 
1 12 39 124 125 257 
1 12 39 126 260 
1 12 39 126 259 261 
1 126 260 262 
1 39 127 261 263 
1 128 129 262 
1 40 128 129 130 265 
1 40 128 129 130 264 266 
1 130 265 267 268 
1 40 266 268 
1 40 130 131 266 267 
1 13 40 131 270 
1 13 131 269 
1 2 13 41 69 70 272 
1 2 13 41 69 70 132 271 
1 2 13 41 69 70 132 274 
1 2 13 41 132 273 275 
1 2 22 41 274 276 
2 22 275 277 
1 22 276 278 
2 14 22 277 279 280 
2 14 22 278 280 281 282 
2 14 22 278 279 281 282 
2 14 22 280 282 
14 22 71 280 281 
2 14 42 43 71 284 285 
2 14 42 43 71 283 285 286 
2 14 42 283 284 286 
14 42 43 133 284 287 
2 14 23 42 43 133 134 286 
2 15 23 133 134 
2 15 23 44 72 135 290 291 
2 15 23 44 72 135 289 291 
2 15 23 44 72 135 289 290 292 
2 15 44 72 136 137 291 293 294 295 296 297 
2 15 44 72 136 137 292 294 295 296 
2 15 44 72 136 137 292 293 295 296 298 
2 15 72 136 137 138 292 293 294 296 297 298 
2 15 72 136 137 138 292 293 294 295 297 298 
2 15 72 136 137 138 292 294 295 296 298 299 
2 72 136 137 138 294 295 296 297 299 300 
2 15 45 136 137 138 297 300 
2 45 136 138 298 299 
16 74 141 142 302 303 
16 46 141 142 301 303 
16 46 142 301 302 
16 47 143 305 
16 47 143 144 145 304 
16 24 47 145 146 307 
16 24 47 145 146 306 
16 17 24 309 
16 17 24 308 
17 24 48 147 148 
17 24 48 147 148 149 
17 25 48 75 149 150 313 314 315 
17 25 48 75 149 150 312 314 315 
17 25 75 149 150 312 313 315 
17 25 75 150 312 313 314 
25 151 152 153 154 155 

