37 250
33 27 
23 30 2 
27 28 29 14 17 5 37 
35 4 
27 28 29 14 17 3 37 
32 35 7 34 
4 6 
32 36 24 25 11 9 
32 33 36 24 25 26 11 8 
32 36 25 26 11 12 13 
32 33 36 24 25 26 8 9 10 
32 33 36 24 25 26 11 10 13 15 
32 33 26 12 10 15 
27 28 29 17 18 1 3 5 37 20 19 
33 12 13 
27 28 29 17 18 20 19 21 
27 28 29 14 18 16 3 5 37 20 19 
27 28 29 14 16 20 19 
27 28 29 17 18 16 20 
27 28 29 14 17 16 19 
16 22 31 
23 21 31 
22 2 30 
32 33 36 25 26 11 12 8 9 
32 36 24 26 11 12 8 9 10 
32 33 36 24 25 11 12 10 13 
33 28 29 14 17 18 16 1 3 5 37 20 19 
27 29 14 17 18 16 3 5 37 20 19 
27 28 14 17 18 16 3 5 20 19 
22 2 
16 22 21 
33 36 24 25 26 35 11 12 6 34 8 9 10 13 
32 36 24 25 26 27 11 12 9 10 13 15 1 
32 6 
4 7 
32 33 24 25 26 11 12 8 9 10 
27 28 29 14 17 3 5 

