77 559
45 60 61 
40 45 61 1 
40 45 46 47 62 63 
35 40 47 
35 41 64 
35 41 48 7 8 
35 41 48 6 9 
35 48 6 7 9 
35 48 6 7 8 10 
35 37 48 49 9 11 
35 37 42 49 10 
37 42 50 51 13 
37 50 51 65 12 14 
51 65 13 
43 52 65 66 67 68 16 17 
43 52 65 66 67 15 17 
43 65 66 67 15 16 
38 43 52 66 67 68 19 
38 68 69 18 20 21 
38 43 53 19 21 
43 69 19 20 
38 39 53 54 55 70 71 24 
39 53 54 70 71 22 24 
39 54 55 56 70 22 23 
39 54 55 56 57 58 72 26 
39 55 56 57 58 72 25 
57 58 72 73 
58 73 27 
36 44 73 74 30 
36 44 59 74 29 
44 59 75 
36 75 76 77 33 
75 76 77 32 34 
36 77 33 34 
37 40 41 42 45 46 47 48 49 64 4 5 6 7 8 9 10 11 
39 44 58 59 73 74 75 76 77 29 30 31 32 33 34 
35 41 42 48 49 50 51 10 11 12 13 
39 52 53 54 65 66 67 68 69 70 71 18 19 20 21 22 
36 38 43 53 54 55 56 57 58 69 70 71 72 22 23 24 25 26 
45 46 47 62 63 2 3 4 
35 37 48 64 5 
35 37 49 50 11 12 
38 39 50 51 52 53 65 66 67 68 69 15 16 17 18 19 20 21 
36 59 73 74 75 76 29 30 31 
35 40 46 47 61 62 63 1 2 3 
35 40 45 47 62 63 3 
35 40 45 46 62 63 3 4 
35 37 41 6 7 8 9 10 
35 37 42 10 
37 42 43 51 52 65 12 13 14 
37 43 50 52 65 12 13 14 
38 43 50 51 65 66 67 68 15 16 17 18 
39 43 54 69 70 71 20 21 22 23 
38 39 53 55 56 57 70 71 72 22 23 24 
39 54 56 57 58 72 22 24 25 26 
39 54 55 57 72 24 25 26 
54 55 56 58 25 26 27 
36 39 55 56 57 72 73 25 26 27 28 
36 44 74 75 30 31 
61 1 
45 60 1 2 
40 45 46 47 63 3 
45 46 47 62 3 
35 41 5 
38 43 50 51 52 66 67 68 13 14 15 16 17 
38 43 52 65 67 68 15 16 17 18 
38 43 52 65 66 68 15 16 17 18 
38 43 52 65 66 67 15 18 19 
38 39 43 53 70 19 21 
38 39 53 54 69 22 23 24 
38 39 53 54 69 70 22 
39 54 55 56 57 58 25 26 27 
36 44 58 74 27 28 29 
36 44 59 73 29 30 
36 44 59 76 77 31 32 33 
36 44 75 77 32 33 
36 75 76 32 33 34 

