196 1739
126 133 159 160 68 69 70 71 72 
126 133 3 4 5 71 72 73 74 
126 133 2 4 5 73 74 
126 133 2 3 5 73 74 
126 127 133 141 161 2 3 4 74 75 
127 128 141 161 7 75 76 77 78 
127 128 141 161 6 78 79 80 
127 128 162 9 80 81 82 
128 162 8 80 81 82 
123 143 11 92 93 94 
123 124 143 10 12 93 94 95 96 
123 124 143 144 11 13 95 96 97 
124 143 144 12 14 97 98 99 100 
123 124 164 13 15 99 100 101 102 
123 124 144 145 164 14 100 101 102 103 
124 145 165 166 17 18 107 108 109 110 111 112 
124 165 166 16 18 110 111 
124 165 166 16 17 109 110 111 112 
124 146 147 167 20 113 114 
146 147 167 19 113 114 115 116 117 118 
148 149 168 169 119 120 121 122 
22 170 23 
134 170 171 22 24 
134 170 171 23 
134 135 171 172 26 27 
134 135 172 25 27 
134 135 172 25 26 28 
134 135 150 27 29 
135 150 173 174 28 30 31 
135 150 173 174 175 29 31 32 
150 173 174 175 29 30 32 
150 151 152 173 175 176 30 31 33 34 
150 151 152 153 173 174 175 177 32 34 35 
150 151 152 153 173 175 176 177 32 33 35 
151 152 153 154 175 176 177 178 33 34 
136 155 179 37 
136 155 179 36 38 
136 155 179 180 181 182 37 39 40 
129 136 155 180 181 182 183 38 40 41 42 
129 155 180 181 182 183 38 39 41 42 
180 181 182 183 39 40 42 
129 181 182 183 184 39 40 41 
129 130 182 183 184 185 
129 130 137 185 
129 130 137 185 44 
129 130 137 186 47 48 49 
129 130 137 186 48 49 
130 137 186 46 47 49 
137 186 46 47 48 
125 187 188 51 52 
125 187 50 52 53 
125 187 188 50 51 53 
125 188 189 50 51 54 
125 131 138 188 189 53 
125 131 132 138 139 156 56 57 
125 131 132 138 139 156 190 55 57 
125 131 132 138 139 156 190 55 56 58 
125 131 132 138 139 140 57 
131 132 140 191 192 60 61 
140 191 192 59 61 
140 191 192 59 60 
194 195 
126 157 194 195 64 65 66 
126 157 158 194 195 63 65 66 
126 157 63 64 66 
126 157 158 63 64 65 
126 157 158 159 160 196 
126 133 160 196 1 69 70 71 72 
126 133 160 196 1 68 70 71 72 
126 133 160 196 1 68 69 71 72 
126 133 160 1 2 68 69 70 72 
126 133 160 1 2 68 69 70 71 
126 133 2 3 4 74 
126 133 2 3 4 73 
127 141 161 5 6 
127 128 141 161 6 77 78 
127 128 141 161 6 76 78 
127 128 141 161 6 7 76 77 
128 141 7 80 
127 7 8 9 79 81 82 
127 128 162 8 9 80 82 
127 128 162 9 80 
142 84 85 
142 162 83 85 86 
142 162 83 84 86 
142 163 84 87 88 89 90 
142 163 86 88 89 90 91 
142 163 87 89 90 91 
142 163 86 87 88 90 91 
142 163 86 87 88 89 91 
123 142 163 87 88 89 90 
143 10 93 
123 143 10 11 92 94 
123 143 10 11 93 95 
123 143 11 12 94 96 
123 143 144 11 12 95 
123 124 143 144 12 13 98 99 100 
123 124 144 13 97 99 100 
123 124 144 13 14 97 98 100 
123 124 13 14 15 97 98 99 101 
123 124 164 14 15 100 
123 124 145 164 14 15 103 104 105 
123 124 145 164 15 102 104 105 
123 124 145 164 102 103 
123 124 145 164 102 103 104 
123 124 145 164 165 107 
124 145 165 16 106 108 109 
124 165 16 107 109 
124 165 166 16 17 18 107 108 110 
124 165 166 16 17 18 109 111 
124 165 166 16 17 18 
124 167 16 18 
167 19 20 114 
146 147 167 19 20 113 115 116 
146 147 20 114 116 117 
146 147 20 114 115 117 118 
146 147 20 115 116 118 
146 147 20 116 117 
147 148 149 168 21 
148 149 168 169 21 121 122 
148 149 168 169 21 120 122 
149 168 169 21 120 121 
124 127 128 142 143 144 145 162 163 164 165 166 10 11 12 13 14 15 91 92 93 94 95 96 97 98 99 100 101 102 103 104 105 106 
123 143 144 145 146 147 164 165 166 167 11 12 13 14 15 16 17 18 19 97 98 99 100 101 102 103 104 105 107 108 109 110 111 112 
129 130 131 132 137 138 139 140 156 187 188 189 190 50 51 52 53 54 55 56 57 58 
127 128 133 141 157 158 159 160 161 196 1 2 3 4 5 63 64 65 66 67 68 69 70 71 72 73 74 
123 128 133 141 142 161 162 5 6 7 8 9 75 76 77 78 79 80 81 82 
123 126 127 133 141 142 162 6 7 8 9 76 77 78 79 80 81 82 
125 130 136 137 155 180 181 182 183 184 185 186 39 40 41 42 43 44 45 46 47 
125 129 137 183 184 185 186 43 44 45 46 47 48 
125 132 138 139 140 156 188 189 190 191 54 55 56 57 58 59 
125 131 138 139 140 156 188 189 190 191 55 56 57 58 59 
126 127 128 141 157 158 159 160 161 196 1 2 3 4 5 68 69 70 71 72 73 74 
135 150 170 171 172 23 24 25 26 27 28 
134 150 172 173 174 25 26 27 28 29 30 
129 152 153 154 178 179 180 181 182 36 37 38 39 
125 129 130 185 186 44 45 46 47 48 49 
125 131 132 139 140 156 188 189 190 54 55 56 57 58 
125 131 132 138 140 156 188 189 190 55 56 57 58 
125 131 132 138 139 156 191 192 193 58 59 60 61 
126 127 128 133 161 5 6 7 75 76 77 78 79 
123 127 128 162 163 83 84 85 86 87 88 89 90 91 
123 124 144 10 11 12 13 92 93 94 95 96 97 
123 124 143 164 12 13 14 15 97 98 99 100 101 
123 124 164 165 15 16 102 103 104 105 106 107 108 
124 147 148 149 167 19 20 113 114 115 116 118 
124 146 148 149 167 168 19 20 114 115 116 117 118 119 
146 147 149 168 169 21 119 120 121 
146 147 148 168 169 21 119 120 121 122 
134 135 151 152 153 173 174 175 176 28 29 30 31 32 33 34 
150 152 153 154 173 174 175 176 177 178 32 33 34 35 
136 150 151 153 154 173 175 176 177 178 32 33 34 35 
136 150 151 152 154 175 176 177 178 33 34 35 
136 151 152 153 177 178 35 
129 136 179 180 181 182 36 37 38 39 40 
125 131 132 138 139 140 188 189 190 54 55 56 57 
126 133 158 159 160 194 195 196 63 64 65 66 67 
126 133 157 159 160 194 195 196 63 64 65 66 67 
126 133 157 158 160 196 1 67 
126 133 157 158 159 1 67 68 69 70 71 72 
126 128 133 141 5 6 7 75 76 77 78 
123 127 128 142 8 9 81 82 83 84 85 
123 142 86 87 88 89 90 91 
123 124 144 145 14 15 101 102 103 104 105 106 
123 124 145 166 16 17 18 106 107 108 109 110 111 
123 124 165 167 16 17 18 109 110 111 112 
124 146 147 166 19 20 112 113 114 
147 148 149 169 21 119 120 121 122 
148 149 168 21 120 121 122 169 
134 171 22 23 
134 170 172 24 25 
135 171 25 26 27 
135 150 151 152 174 175 29 30 31 32 33 34 
135 150 151 173 175 29 30 32 33 
150 151 152 153 173 174 176 177 30 32 33 34 35 
150 151 152 153 154 175 177 178 32 33 34 35 
151 152 153 154 175 178 33 34 35 
136 151 152 153 154 176 177 35 
136 155 36 37 38 
129 136 155 182 183 38 39 40 41 42 
129 136 155 180 182 183 184 39 40 41 42 
129 136 155 180 181 183 184 38 39 40 41 42 43 
129 130 180 181 182 184 39 40 41 42 43 
129 130 180 181 182 183 185 42 43 
129 130 137 184 43 44 45 
129 130 137 46 47 48 49 
125 187 50 51 52 
125 131 132 138 139 156 189 190 50 52 53 54 
125 131 132 138 139 156 188 53 54 
125 131 132 138 139 156 188 55 56 57 
131 132 140 192 193 59 60 61 
140 191 193 59 60 61 
140 191 192 194 195 62 
157 158 193 195 62 63 64 
157 158 193 194 62 63 64 
126 133 157 158 159 160 1 67 68 69 70 

