38 199
15 2 3 
28 15 1 3 
28 29 1 2 
34 36 5 
30 4 6 7 8 9 
30 27 5 7 8 9 
27 5 6 8 9 10 
27 5 6 7 9 10 
27 5 6 7 8 10 
27 6 7 8 9 11 12 
10 12 
27 10 11 13 
12 13 14 
37 13 35 
28 29 1 2 3 
28 29 34 
37 38 20 25 18 
37 38 20 25 21 17 19 
37 38 20 25 21 22 23 18 
37 25 21 17 18 19 
37 38 31 20 25 22 23 18 19 
37 38 31 21 23 19 26 
37 38 31 21 22 19 26 
32 24 
37 38 20 21 17 18 19 
38 31 22 23 
7 8 9 10 11 12 
29 15 16 1 3 
28 15 16 2 3 
34 36 4 5 6 
37 38 32 21 22 23 26 
31 24 
37 14 35 
30 16 36 4 
37 14 33 
34 4 
38 31 20 25 21 22 23 14 33 35 17 18 19 
37 31 20 25 21 22 23 17 18 19 26 

