30 176
2 3 7 
1 3 7 8 9 
23 1 2 7 8 9 
23 24 5 26 27 15 16 17 
4 6 27 28 16 17 18 19 
5 28 29 30 19 20 21 22 
1 2 3 
23 2 3 25 
2 3 25 8 10 
23 25 8 9 
23 24 25 12 13 
24 25 13 
23 24 25 11 12 
24 4 26 27 15 
24 4 26 27 14 16 
4 5 27 14 15 17 18 
4 5 16 
5 28 16 17 19 
5 6 28 18 
6 28 29 30 21 22 
6 28 29 30 20 22 
6 28 29 30 20 21 
24 2 3 4 26 8 9 10 11 12 13 
23 4 25 26 27 11 12 13 14 15 
23 24 8 9 10 11 12 13 
23 24 4 27 14 15 
24 4 5 26 14 15 16 
5 29 30 18 19 20 22 
6 28 30 20 21 22 
6 28 29 20 21 22 

