78 631
57 59 60 61 64 69 70 78 22 
61 64 71 23 24 
65 72 4 30 31 
65 72 3 31 
65 72 73 6 7 32 33 34 35 36 
73 5 7 8 32 33 34 35 37 
73 5 6 8 9 32 33 34 35 36 37 38 
73 6 7 9 10 11 35 36 37 38 39 
73 7 8 10 11 12 37 38 39 40 41 
73 8 9 11 12 37 38 39 40 41 
73 8 9 10 12 38 40 41 42 43 
73 9 10 11 38 39 40 41 42 43 
74 75 45 46 47 
62 67 15 48 49 50 51 52 
62 67 14 16 50 51 52 53 54 
62 15 53 54 56 
57 58 59 60 63 68 77 18 
57 58 59 60 63 68 77 17 19 
57 58 59 60 63 68 69 77 18 20 21 
57 58 59 60 63 68 69 78 19 21 
57 58 59 60 63 68 69 70 78 19 20 
57 60 61 64 70 78 1 
57 61 64 71 2 24 
64 71 2 23 
64 71 23 26 27 28 
25 27 28 
25 26 28 29 
25 26 27 29 
65 27 28 30 
65 72 3 29 
65 72 3 4 30 
73 5 6 7 33 35 36 
73 5 6 7 32 34 35 
73 5 6 7 32 33 35 36 
73 5 6 7 32 33 34 36 
73 5 6 7 8 32 34 35 37 38 
73 6 7 8 9 10 36 38 39 
73 7 8 9 10 11 12 36 37 39 40 
73 8 9 11 12 38 40 41 
73 9 10 11 12 38 39 41 42 43 
9 10 11 12 39 40 42 
11 12 40 41 43 44 
11 12 40 41 44 
74 42 43 
66 74 13 46 
74 13 45 
66 75 
62 14 
62 67 14 48 50 
62 67 14 15 49 51 52 
62 14 15 52 
62 67 14 15 50 51 53 
62 15 16 51 52 54 
62 15 16 53 55 56 
16 54 56 
16 54 55 
58 59 60 61 63 64 68 69 70 71 76 77 78 2 17 18 19 20 21 22 23 
57 59 60 61 63 68 69 70 76 77 78 17 18 19 20 21 
57 58 60 61 63 64 68 69 70 77 78 1 17 18 19 20 21 
57 58 59 61 63 64 68 69 70 77 78 17 18 19 20 21 22 
57 58 59 60 63 64 68 69 70 71 78 2 21 23 
66 75 14 15 16 48 49 50 51 52 53 54 55 
57 58 59 60 61 68 69 70 77 78 17 18 19 20 21 
57 59 60 61 70 71 1 2 22 23 24 25 
72 3 4 5 29 30 31 
62 67 74 75 13 44 45 46 47 
62 66 75 14 15 48 49 50 52 
57 58 59 60 61 63 69 70 77 78 17 18 19 20 21 
57 58 59 60 61 63 68 70 78 1 19 20 21 
57 58 59 60 61 63 64 68 69 78 1 21 22 
61 64 2 23 24 25 
65 3 4 5 30 31 
5 6 7 8 9 10 11 12 32 33 34 35 36 37 38 39 40 
66 13 45 46 
62 66 67 13 47 
57 58 
57 58 59 60 63 68 17 18 19 
57 59 60 63 68 69 70 1 20 21 22 

