149 1095
89 121 122 2 3 4 
89 121 122 1 3 4 
89 121 122 1 2 4 
89 121 122 1 2 3 5 
89 122 123 4 6 
89 123 5 7 
89 90 123 6 
90 91 
90 91 8 
80 92 93 103 124 
80 92 93 103 104 124 12 
80 103 104 124 11 13 
80 12 14 
80 104 
80 16 17 
80 15 17 
15 16 
75 94 95 125 126 127 19 
75 94 95 105 125 126 127 18 
75 125 127 21 22 
75 127 20 22 
75 20 21 
75 76 
76 81 106 107 25 26 27 28 29 
76 106 107 24 26 27 28 29 30 
76 106 107 24 25 27 28 29 30 
76 106 107 24 25 26 28 29 30 
106 107 24 25 26 27 29 30 
76 106 107 24 25 26 27 28 
76 106 107 129 25 26 28 29 
106 107 108 129 32 
129 31 
82 108 129 
77 82 96 108 
77 82 96 109 110 130 131 36 
77 82 96 109 110 130 131 35 37 
77 96 109 110 132 36 38 
77 83 96 109 110 111 132 133 37 39 
77 83 111 132 133 134 38 
77 111 133 134 135 
83 135 136 
84 112 136 137 
84 85 112 44 
84 85 
85 86 97 98 113 138 
85 86 97 98 113 
86 99 100 48 49 
99 100 47 49 
99 47 48 
99 139 51 52 
99 100 139 52 53 
99 100 139 50 51 53 
99 100 139 140 51 52 54 55 
139 140 53 55 
139 140 141 53 54 57 58 
114 140 141 55 57 58 
114 141 56 58 
114 141 55 56 57 
87 115 116 142 60 61 
88 115 116 142 59 61 
87 115 116 142 59 60 
78 88 117 118 143 144 
78 64 
78 101 146 63 
101 119 
65 67 
79 119 65 66 
79 119 147 69 
79 102 119 147 70 
79 102 147 148 68 69 71 
79 102 120 147 148 70 72 73 
79 102 120 148 71 73 74 
79 120 148 71 72 74 
79 120 149 72 73 
76 77 80 81 82 94 95 105 106 125 126 127 128 18 19 20 21 22 23 
75 77 81 82 106 107 128 129 23 24 25 26 27 28 29 30 
75 76 82 83 84 96 108 109 110 111 130 131 132 133 134 135 34 35 36 37 38 39 40 
79 87 88 101 114 115 116 117 118 143 144 145 146 62 63 64 
78 101 102 119 120 147 148 149 66 67 68 69 70 71 72 73 74 
75 90 91 92 93 94 103 104 124 10 11 12 13 14 15 16 
76 106 107 128 23 24 
75 76 77 83 96 108 109 110 129 130 33 34 35 36 
77 82 84 96 109 110 111 112 132 133 134 135 136 137 38 39 40 41 42 
77 83 85 86 98 112 136 137 138 42 43 44 
84 86 97 112 113 138 43 44 45 46 
84 85 97 98 99 100 113 138 45 46 47 
78 88 114 115 116 117 118 141 142 143 59 60 61 
78 87 101 114 115 116 117 118 143 144 145 60 62 
90 121 122 123 1 2 3 4 5 6 7 
80 89 91 92 93 123 7 8 9 
80 92 93 123 8 9 
80 90 91 93 103 104 124 10 11 
80 90 91 92 103 104 124 10 11 
75 80 95 105 125 126 18 19 
75 94 105 125 126 127 18 19 
77 82 83 108 109 110 111 130 131 132 133 34 35 36 37 38 
84 85 86 98 99 113 138 45 46 
84 85 86 97 113 138 45 46 
86 97 100 139 140 47 50 51 52 53 
86 99 139 140 47 48 49 50 51 52 53 
78 79 88 118 144 145 146 63 64 65 
79 119 120 147 148 68 69 70 71 72 
80 92 93 104 124 10 11 12 
80 92 93 103 124 11 12 13 14 
75 94 95 125 126 127 18 19 
75 76 81 107 128 129 25 26 27 28 29 30 31 
76 81 106 129 24 25 26 27 28 29 30 31 
77 82 96 129 31 32 33 34 
77 82 83 96 110 130 131 132 35 36 37 38 
77 82 83 96 109 130 131 132 35 36 37 38 
77 83 96 132 133 134 135 38 39 40 41 
83 84 85 136 137 42 43 
85 86 97 98 138 45 46 
78 87 88 115 116 141 142 56 57 58 59 
78 87 88 114 116 117 142 59 60 61 
78 87 88 114 115 117 142 143 59 60 61 
78 87 88 115 116 118 143 144 62 
78 87 88 101 117 143 144 62 
79 102 147 65 66 67 68 69 
79 102 148 149 71 72 73 74 
89 122 1 2 4 
89 121 1 2 3 4 5 
89 90 5 7 
80 92 93 104 10 11 12 
75 94 95 105 126 127 18 19 
75 94 105 127 18 19 
105 125 126 19 20 21 
75 76 81 106 24 
76 82 106 108 30 31 32 33 
77 82 96 109 110 131 34 35 36 
77 82 96 109 110 130 35 36 
77 83 96 109 110 111 133 134 37 38 39 
77 83 96 111 132 134 38 39 40 
77 83 111 132 133 135 39 40 
77 83 111 134 40 41 
83 84 112 137 41 
83 84 112 136 42 
85 86 97 98 113 45 
99 100 140 50 51 52 53 54 
99 100 139 53 54 55 56 
87 114 142 55 56 57 58 
87 114 115 116 141 59 60 61 
78 87 88 116 117 118 144 62 
78 88 101 117 118 143 62 
78 88 101 146 63 
78 101 145 63 64 
79 102 119 148 68 69 70 71 
79 102 120 70 71 72 73 
79 120 74 

