60 447
45 11 12 2 37 41 9 
45 11 12 1 37 41 9 
45 11 12 16 10 49 50 52 
36 46 58 5 6 7 17 19 26 20 21 
36 58 4 6 7 19 26 20 21 
36 46 58 15 4 5 7 8 26 20 21 22 
36 46 58 15 4 5 6 8 20 21 22 23 
36 46 58 15 6 7 20 21 22 23 
45 11 12 16 1 2 41 10 
11 12 16 3 9 
45 12 16 1 3 37 41 9 10 
11 16 1 2 3 37 9 10 
18 51 40 42 38 
45 3 52 55 57 60 17 
36 46 58 59 7 8 20 21 22 23 24 25 
45 11 12 3 9 10 49 50 52 
14 4 57 60 19 
13 34 40 42 18 
58 4 5 17 26 
36 46 58 15 4 5 6 7 8 21 22 
36 46 58 15 4 5 6 7 8 22 
36 46 58 15 6 7 8 20 21 23 
36 46 58 15 7 8 22 24 25 
36 46 58 23 25 
36 46 58 15 23 24 
58 4 5 6 19 
36 46 47 54 31 
36 47 59 54 56 39 
47 43 30 32 
29 32 33 35 34 
36 46 47 59 54 27 
29 30 33 35 34 
30 32 35 34 
18 30 32 33 35 
30 32 33 34 
46 47 58 59 15 54 56 4 5 6 7 8 39 43 20 21 22 23 24 25 27 31 28 
45 11 1 2 41 
13 51 53 
36 46 47 59 54 56 43 44 28 
18 13 42 
45 11 1 2 37 9 
18 51 53 40 
36 47 54 56 39 44 48 29 
47 56 39 43 48 29 
11 12 16 14 1 2 3 37 41 10 49 50 52 55 
36 47 58 59 15 54 4 5 6 7 8 39 20 21 22 23 24 25 27 31 
36 46 58 59 54 56 39 43 44 48 27 31 28 29 
47 56 43 44 29 
45 3 52 
3 49 
13 53 42 38 
45 16 14 3 49 50 
13 51 42 
36 46 47 59 56 39 43 27 31 28 
45 14 
36 47 59 54 39 43 44 48 28 
14 60 17 
36 46 59 15 4 5 6 7 8 19 26 20 21 22 23 24 25 
36 46 47 58 15 54 56 39 27 31 28 
14 57 17 

