107 1091
49 64 
49 65 82 3 4 
64 65 82 2 4 
49 52 64 65 82 2 3 5 
49 52 65 66 4 6 
49 52 57 65 66 5 
49 53 57 66 83 8 9 10 
49 52 53 57 66 83 7 9 10 
49 52 53 57 66 83 7 8 10 11 
52 53 57 66 83 7 8 9 
49 52 53 57 83 9 10 
49 52 53 54 56 57 67 83 84 85 13 
49 50 52 53 54 56 67 84 12 
53 54 56 67 85 
50 54 56 68 86 87 88 17 18 
50 68 86 87 88 15 17 
50 54 68 86 87 88 15 16 18 19 20 
50 54 68 86 87 15 16 17 19 20 21 
50 54 68 86 87 88 16 17 18 20 
50 68 86 88 17 18 19 21 
50 68 86 88 18 19 20 
55 69 70 89 90 23 
55 69 70 90 91 22 
55 58 59 69 70 90 91 92 93 25 
55 58 59 69 90 91 92 24 
58 59 71 94 95 96 27 
55 71 96 26 28 
71 96 97 27 29 
71 28 30 
97 28 29 31 
97 30 31 32 
97 31 
60 72 73 74 34 
72 74 75 98 33 35 
76 99 100 102 34 36 
75 76 99 100 101 102 103 35 37 
51 61 75 76 77 99 100 101 102 103 104 36 38 39 
51 61 75 76 77 99 100 101 102 103 104 37 39 
51 61 75 77 99 100 101 102 103 104 37 38 40 
51 61 62 76 77 78 103 104 39 
51 61 62 78 79 80 105 
51 62 63 79 80 105 106 107 43 44 
62 63 79 80 105 106 107 42 44 
51 62 63 80 105 106 107 42 43 
51 81 106 107 
63 81 47 48 
81 46 48 
81 46 47 
50 52 53 54 56 57 64 65 66 67 82 83 84 85 1 2 3 4 5 6 7 8 9 10 11 13 
49 52 53 54 55 56 57 58 67 68 69 84 86 87 88 89 13 15 16 17 18 19 20 
60 61 63 75 76 77 78 79 80 81 99 100 101 102 103 104 105 106 107 37 38 39 40 41 42 43 44 45 
49 50 53 54 56 57 64 65 67 82 83 84 85 4 5 6 7 8 9 10 11 12 13 
49 50 52 54 56 57 66 67 83 84 85 7 8 9 10 11 13 14 
49 50 52 53 56 57 67 68 83 84 85 86 87 88 12 13 14 15 16 17 18 19 
50 58 59 69 70 71 90 91 92 93 94 95 96 22 24 25 26 27 
49 50 52 53 54 57 66 67 68 83 84 85 86 87 12 13 15 
49 50 52 53 54 56 64 65 66 67 82 83 84 5 6 7 8 9 10 11 12 
50 55 59 69 70 71 90 91 92 93 94 95 96 24 25 26 
55 58 71 91 92 93 94 95 25 26 
51 72 73 74 97 98 33 34 
51 62 63 75 76 77 78 79 80 99 100 101 102 103 104 105 37 38 39 40 41 
51 61 63 77 78 79 80 105 106 40 41 42 43 44 
51 61 62 79 80 81 105 106 107 42 43 44 45 
49 52 57 65 82 1 2 3 4 
49 52 57 64 66 82 2 3 4 5 6 
49 52 53 57 65 83 5 6 7 8 9 10 
49 50 52 53 54 56 57 83 84 85 12 13 14 
50 54 56 86 87 88 89 15 16 17 18 19 20 21 
55 58 59 70 89 90 91 92 22 23 24 25 
55 58 69 90 91 92 22 23 24 25 
55 58 59 94 95 26 27 28 29 
60 73 74 98 33 
60 72 74 98 33 
72 73 75 98 33 34 
51 61 76 77 99 100 101 102 103 104 34 35 36 37 38 39 
51 61 75 77 99 100 101 102 103 104 35 36 37 38 39 40 
51 61 62 75 76 78 79 99 100 101 102 103 37 38 39 40 
51 61 62 77 79 80 104 105 40 41 
51 61 62 63 77 78 80 105 41 42 43 
51 61 62 63 78 81 106 107 41 42 43 44 45 
51 63 80 106 107 45 46 47 
52 64 65 2 3 4 
49 52 53 54 56 57 66 67 7 8 9 10 11 12 
49 50 52 53 54 57 67 85 12 13 
49 50 52 53 54 56 67 84 12 13 14 
54 56 68 87 88 15 16 17 18 19 20 21 
50 56 68 86 88 15 16 17 18 19 
50 54 68 86 87 15 16 18 19 20 21 
50 68 69 22 
55 58 69 70 91 92 22 23 25 
55 58 59 69 70 90 92 93 23 24 25 
55 58 59 69 70 90 91 93 24 25 
55 59 91 92 94 95 24 25 
55 59 93 95 96 26 
55 58 71 93 94 96 26 
55 58 59 71 94 95 26 27 28 
60 28 30 31 32 
60 72 73 74 33 34 
51 61 75 76 77 100 101 102 103 104 35 36 37 38 39 
51 75 76 77 99 101 102 103 104 35 36 37 38 39 
51 61 75 76 77 99 100 102 103 104 35 36 37 38 39 
51 61 75 77 99 100 101 103 104 35 36 37 38 39 
51 61 75 76 77 99 100 101 102 104 36 37 38 39 40 
51 61 75 76 77 78 99 100 101 102 103 37 38 39 40 
51 61 62 63 78 79 80 106 107 41 42 43 44 
51 62 63 80 81 105 107 42 43 44 45 
51 63 80 81 105 106 42 43 44 45 

