62 478
5 50 7 62 21 
47 59 6 32 33 34 40 41 
5 12 14 50 51 52 53 54 55 56 8 9 10 11 17 13 15 22 23 24 25 
47 43 61 44 45 46 48 
3 12 14 50 51 52 53 7 8 62 1 21 20 22 23 47 59 60 
47 59 2 49 31 32 33 34 40 41 
5 50 62 1 
3 5 12 14 53 54 23 
3 14 54 55 10 24 25 
3 14 54 55 9 11 24 25 
3 14 54 55 9 10 17 24 25 
3 5 14 50 51 52 53 54 8 20 29 22 23 
3 14 55 56 17 15 
3 5 12 54 55 56 8 9 10 11 13 24 25 
3 55 56 17 13 26 
58 18 19 26 27 
14 54 55 11 13 15 25 
57 58 16 19 26 27 28 
57 58 16 18 28 
5 50 52 21 29 
5 50 1 20 
3 5 12 51 52 53 8 23 
3 5 12 53 8 
3 14 54 9 10 11 25 
3 14 54 55 9 10 11 17 24 
56 57 58 15 16 18 27 
57 58 16 18 19 26 28 
57 58 16 18 19 27 
5 12 50 51 52 20 
47 59 60 35 36 38 39 
47 6 2 32 33 34 41 
47 6 2 31 33 34 
47 6 2 31 32 34 40 41 
47 59 6 2 31 32 33 40 41 42 
47 59 60 30 36 37 38 39 
59 60 30 35 37 38 
59 60 30 35 36 38 39 
59 60 30 35 36 37 39 
39 59 60 30 35 38 
47 59 6 2 31 33 34 41 42 
47 59 6 2 31 33 34 40 42 
47 59 34 40 41 
47 4 45 46 48 49 
4 61 
47 43 4 44 46 48 
47 43 4 45 48 
5 59 60 43 4 6 2 30 45 46 48 49 31 32 33 34 40 41 42 35 
47 43 4 45 46 
47 43 6 
3 5 12 51 52 7 62 1 21 20 29 
3 5 12 50 52 53 20 29 22 
3 5 12 50 51 53 20 29 22 
3 5 12 51 52 22 23 
3 12 14 55 8 9 10 11 17 24 25 
3 14 54 56 9 10 11 17 13 15 25 
3 55 17 13 15 26 
58 16 18 19 26 27 28 
57 16 18 19 26 27 28 
47 60 6 2 30 34 40 41 42 35 36 37 38 39 
47 59 30 35 36 37 38 39 
4 44 
5 50 7 1 

