510 3971
504 508 509 503 
504 505 509 3 4 
504 505 509 2 4 
505 509 2 3 
505 5 
505 506 507 510 
506 507 510 8 
507 510 7 9 
506 8 
11 18 21 22 26 27 28 29 43 44 45 46 47 48 49 50 70 71 72 73 136 137 138 139 140 141 142 143 144 145 146 249 250 251 252 253 254 255 256 257 258 259 260 261 262 263 264 265 266 267 268 269 270 271 272 273 274 275 
10 12 13 14 15 16 23 24 30 31 55 56 57 101 102 103 104 105 106 107 108 110 185 186 187 188 189 190 191 192 193 194 195 196 197 198 199 364 365 366 367 368 369 370 371 372 373 374 375 376 377 378 379 380 381 382 383 384 385 386 387 388 389 390 391 392 393 394 395 396 
11 13 14 15 17 19 20 32 33 34 35 61 62 63 64 65 66 67 68 116 117 118 119 120 121 122 212 213 214 215 216 217 218 219 220 221 222 223 424 425 426 427 428 429 430 431 432 433 434 435 436 437 438 439 440 441 442 443 444 445 446 447 
11 12 15 17 19 20 25 35 36 37 38 39 40 67 69 123 124 125 126 127 128 233 234 235 236 237 238 461 462 463 464 465 466 467 468 469 470 471 472 473 
11 12 31 57 58 59 106 107 108 109 110 111 112 113 114 115 200 201 202 203 204 205 206 207 208 398 400 401 402 403 404 405 406 407 408 409 410 411 412 
11 12 13 17 19 32 35 67 68 69 120 121 122 217 218 220 221 222 223 224 225 226 227 228 229 230 440 442 443 444 445 446 447 448 449 450 451 452 453 454 455 456 457 
11 23 24 30 99 100 101 180 181 182 183 184 185 354 355 356 357 358 359 360 361 362 363 
12 13 15 32 35 66 67 68 120 121 122 216 217 218 219 220 221 222 223 224 439 440 441 442 443 444 445 446 447 448 449 
10 51 74 75 76 77 78 79 155 156 157 158 159 304 305 306 307 308 309 310 312 313 
12 13 15 20 36 37 38 39 127 128 235 236 237 238 469 470 471 472 473 
12 13 19 36 37 38 39 128 235 236 237 238 469 470 471 472 473 
10 22 43 44 45 71 72 141 142 260 262 263 264 265 266 
10 21 45 46 47 48 72 143 144 145 271 272 273 274 275 276 277 
11 16 24 30 100 180 181 182 183 352 354 355 356 
11 16 23 30 100 101 181 182 183 184 356 357 358 359 360 361 
13 41 42 130 131 132 133 241 242 243 488 489 490 491 492 493 494 495 
10 27 43 70 136 137 138 139 140 249 250 251 252 253 
10 26 43 70 136 137 138 139 140 249 250 251 252 
10 29 49 50 73 146 147 148 281 282 283 284 285 286 287 
10 28 50 73 149 150 151 289 290 291 292 293 294 295 
11 16 23 24 54 98 99 100 179 180 181 182 347 348 349 350 351 352 353 354 355 
11 14 55 56 103 104 105 191 192 193 194 195 196 383 384 385 386 387 388 389 390 391 392 
12 15 17 33 34 63 64 65 116 117 118 119 212 424 425 426 427 428 429 430 
12 32 34 64 65 118 119 212 427 428 429 430 
12 32 33 64 65 117 118 119 212 427 428 430 431 
12 13 15 17 67 68 69 227 228 229 230 231 232 452 453 454 455 456 457 458 459 460 
19 20 37 125 126 127 235 467 468 
13 19 20 36 127 235 468 469 
13 19 20 39 40 129 238 38 474 475 
13 19 20 38 129 239 474 475 
13 25 38 41 129 239 240 478 479 480 
25 40 42 130 240 241 479 480 481 482 483 484 485 486 487 
25 41 130 131 241 242 243 488 489 490 491 492 493 
10 21 26 27 44 70 139 140 141 253 254 255 256 257 258 259 260 261 
10 21 43 141 257 258 259 260 261 262 
10 21 22 46 71 72 265 267 268 269 270 
10 22 45 47 72 143 144 271 272 273 
10 22 46 48 143 144 145 273 274 
22 47 145 274 275 276 277 
10 28 73 146 147 281 282 283 284 285 
10 28 29 73 147 148 149 286 287 288 289 290 291 
18 75 76 156 157 158 307 308 309 310 
53 54 95 96 97 173 174 175 176 343 344 345 346 
52 54 95 96 97 173 174 175 176 344 345 
30 52 53 96 97 98 174 175 176 177 178 345 346 
11 31 102 103 189 190 377 378 379 381 382 
11 31 104 105 194 195 196 385 386 387 388 389 390 391 392 393 
11 14 112 113 114 115 203 404 406 407 
14 207 208 410 411 412 
14 60 209 210 211 415 417 418 
59 61 418 419 420 421 
12 60 421 422 423 
12 61 63 116 422 423 
12 32 62 116 
12 32 33 34 65 117 118 119 212 424 425 426 428 
12 32 33 34 64 118 119 212 213 428 429 430 431 
12 17 214 215 434 435 
12 13 15 17 35 68 122 223 224 225 226 227 228 229 449 450 451 452 453 
12 15 17 35 67 122 224 225 226 227 228 229 451 452 453 
13 15 35 123 232 233 461 462 
10 26 27 43 139 140 253 254 255 256 
10 21 45 141 142 262 263 264 265 
10 22 45 46 143 266 267 268 269 270 271 272 
10 28 29 49 50 147 148 285 286 287 288 289 290 
18 154 153 299 300 
18 51 76 157 158 308 309 310 
18 51 75 77 78 157 158 159 311 312 313 
18 76 78 79 159 311 313 314 
18 76 77 79 159 311 312 313 314 315 
18 77 78 80 159 160 314 316 
79 81 160 161 315 317 318 
80 82 161 162 318 319 320 321 322 323 
81 83 163 164 165 321 322 323 324 325 
82 84 85 86 87 163 164 165 166 324 325 326 327 328 329 
83 85 86 87 165 166 326 327 328 
83 84 86 87 165 166 167 326 327 328 
83 84 85 87 88 166 167 328 329 330 331 
83 84 85 86 88 166 167 328 329 330 331 
86 87 89 90 166 167 168 330 331 332 333 334 335 
88 90 91 92 168 169 332 333 334 335 336 337 338 
88 89 91 92 168 169 332 333 334 335 336 337 338 
89 90 92 93 94 169 170 171 172 336 337 338 
89 90 91 93 94 169 170 171 172 339 
91 92 94 170 171 172 339 340 341 
91 92 93 170 171 172 339 340 341 342 
52 53 173 343 
52 53 54 97 173 174 175 176 344 345 346 
52 53 54 96 173 174 176 344 345 
30 54 99 177 179 347 348 
16 30 98 179 347 348 349 350 351 
23 24 30 181 182 183 
11 16 24 358 359 360 361 362 
11 55 188 374 375 376 
11 31 55 189 190 379 380 381 382 
11 31 56 105 192 193 194 195 384 385 386 387 388 389 390 391 
11 31 56 104 196 390 391 392 393 
11 14 107 108 109 198 199 200 396 397 398 399 
11 14 106 108 109 199 200 396 397 398 399 400 
11 14 106 107 109 110 200 201 398 399 400 401 402 
11 14 106 107 108 110 200 201 398 399 400 401 402 
11 14 108 109 111 200 201 202 400 401 402 
14 110 202 403 
14 111 113 403 
14 57 404 
14 57 115 203 204 205 206 405 406 407 408 409 
14 57 114 203 204 205 206 207 405 406 407 408 409 
32 62 117 
12 32 33 34 63 64 116 118 424 425 426 
12 32 33 34 64 117 119 212 427 428 
12 32 34 65 118 212 427 428 429 
12 15 17 216 217 218 438 439 440 441 
12 15 17 444 445 446 447 
12 15 17 67 68 219 220 221 222 223 224 225 449 450 
13 69 124 233 461 462 463 464 465 
13 123 125 233 462 463 464 465 
13 36 124 126 234 464 465 466 467 
13 36 125 234 466 467 
13 19 36 37 
13 19 20 236 471 472 
38 39 40 239 475 476 477 
25 41 42 131 242 243 484 485 486 487 488 489 490 
25 42 130 242 243 491 493 
25 133 495 496 
25 132 496 498 499 
135 244 245 246 247 499 500 501 
508 134 244 245 246 247 248 502 503 
10 26 27 137 138 249 250 251 
10 26 27 136 138 249 250 251 252 
10 26 27 136 137 249 250 251 252 
10 26 27 43 70 140 253 254 255 256 257 
10 26 27 43 70 139 253 254 255 256 
10 21 43 44 71 142 260 261 262 
10 21 71 141 262 263 
10 22 46 47 72 144 270 271 272 273 
10 22 46 47 143 273 
10 22 47 48 274 275 276 277 
10 28 49 278 279 280 
28 49 50 73 148 285 286 287 
28 73 147 285 286 287 288 
29 50 150 290 291 292 
29 149 292 293 
29 152 293 294 295 297 
151 153 295 297 298 
152 297 153 
74 299 300 
18 156 304 305 306 
51 155 307 
18 51 75 76 158 310 
18 51 75 76 157 310 312 
18 76 77 78 79 312 314 
79 80 161 316 317 
80 81 160 317 318 
318 319 321 
82 83 164 165 322 323 324 325 
82 83 163 165 324 325 
82 83 85 163 164 324 325 326 327 
83 84 85 86 87 88 167 327 328 329 330 
85 87 88 166 168 330 331 332 
88 89 90 167 169 330 331 332 333 334 335 
89 90 91 92 168 170 334 335 336 338 
91 92 93 94 169 172 
91 92 93 94 170 172 339 
91 92 93 94 170 171 
52 53 95 96 97 174 175 343 344 
52 97 173 175 176 345 
52 53 54 96 97 173 174 176 345 346 
52 53 54 96 97 174 175 177 178 345 346 
98 178 345 346 
54 98 177 
30 98 99 347 348 349 350 351 
16 23 30 352 353 
16 23 24 30 100 182 183 354 
16 23 24 30 100 181 183 
16 23 24 100 181 182 
16 23 24 356 357 
11 186 364 
11 185 364 
11 365 366 368 369 
11 102 373 
11 55 103 190 379 380 381 382 
11 55 103 189 191 381 382 383 
11 31 190 192 193 383 384 
11 31 104 191 193 383 384 
11 31 104 191 192 194 195 384 385 387 
11 31 56 104 195 384 385 386 387 388 389 
11 31 56 104 193 194 384 385 386 387 388 389 
11 31 56 105 393 394 395 
11 198 394 395 
11 106 197 199 396 
11 106 107 198 396 397 
14 106 107 108 110 201 398 399 400 401 402 
14 108 109 110 111 200 202 401 402 
14 110 111 
14 57 114 115 204 205 206 207 405 406 407 408 409 
114 115 203 205 206 207 407 408 409 
14 114 115 203 204 207 407 408 409 
14 114 115 203 204 205 207 407 408 409 410 
14 58 115 203 204 205 206 408 409 410 411 412 
14 58 207 410 411 412 
59 210 211 414 415 416 417 418 
59 209 211 415 416 417 418 
59 209 210 416 417 
12 32 34 64 65 118 119 428 429 430 431 
12 65 66 214 215 430 432 433 
12 66 213 215 431 432 433 
12 66 213 214 434 435 
12 17 120 436 437 438 439 
12 15 17 120 218 439 
12 15 17 120 440 441 442 
12 15 17 122 220 222 223 447 448 
12 15 17 122 219 221 222 223 448 
12 15 17 122 219 220 222 223 448 449 
12 15 17 122 219 220 221 449 
12 15 17 67 122 219 220 221 222 224 449 450 
15 67 68 122 223 225 449 450 451 
15 67 68 224 226 227 451 452 
15 67 68 225 227 228 452 
15 67 68 225 226 228 229 451 452 453 
15 35 67 68 226 229 452 453 455 456 457 
15 35 67 68 228 452 453 454 455 456 457 
15 35 231 456 457 458 459 
35 230 232 458 459 460 
35 69 231 459 
13 69 124 462 463 
13 125 126 466 
13 19 20 36 37 469 
13 19 20 128 237 470 471 472 
13 20 128 236 470 471 472 
13 19 20 38 
39 40 129 475 476 477 
40 41 479 480 481 482 
25 41 130 242 243 485 486 487 488 490 
25 42 130 131 241 243 488 489 490 491 492 
25 42 130 131 241 242 488 489 490 491 492 
134 135 245 246 499 500 501 
134 135 244 246 247 248 502 
134 135 244 247 502 
508 134 135 245 246 248 502 503 
508 1 135 245 247 502 503 
10 27 136 137 138 250 251 
10 26 27 136 137 138 249 251 
10 26 27 136 137 138 249 250 252 
26 27 138 251 
10 26 27 43 70 139 140 254 255 256 257 
10 43 70 139 140 253 255 256 
10 43 70 139 140 253 254 256 257 258 
10 43 70 139 140 253 254 255 257 258 
10 43 44 139 253 255 256 258 259 
10 43 44 255 256 257 259 
10 43 44 257 258 
10 21 44 141 261 
10 21 43 44 141 260 
10 21 44 71 141 142 
10 21 71 142 264 265 
10 21 71 263 265 
10 21 45 71 263 264 
21 45 72 267 268 
10 45 72 266 268 269 
10 45 72 266 267 269 
10 45 72 266 267 268 
10 45 46 72 143 271 272 
10 22 46 72 143 270 272 
10 22 46 72 143 270 271 
10 22 47 143 144 
10 22 47 48 
10 22 48 145 276 277 
22 48 145 275 277 
22 48 145 276 
146 279 
146 278 280 
146 278 279 
28 49 282 283 284 
28 281 283 284 
28 49 281 282 284 
28 49 281 282 283 285 
28 49 73 147 148 284 286 
28 50 73 147 148 285 287 
28 50 73 148 286 
28 50 73 148 289 290 
29 50 73 149 288 290 291 
29 50 73 149 288 289 291 
29 50 149 289 290 
29 149 
29 150 151 294 295 296 
29 151 293 295 296 
29 151 152 293 294 296 297 
151 152 293 294 297 298 
151 152 153 295 296 298 
152 153 296 297 
74 154 300 301 302 
74 154 301 
299 302 303 
299 301 303 304 
301 302 304 
18 155 302 303 305 306 
18 155 306 
18 155 304 305 
18 51 156 308 309 
18 51 75 307 309 
51 75 307 308 
18 51 76 157 158 
18 76 77 78 158 312 313 
18 76 77 78 158 311 313 
18 76 77 78 159 312 
77 78 159 
78 79 316 317 
79 80 160 315 317 
80 160 161 315 316 
80 81 162 319 
81 162 318 320 
81 162 319 
81 82 162 322 323 
81 82 163 321 323 
81 82 163 322 
82 83 163 164 165 325 326 
82 83 163 164 165 324 326 
83 84 85 165 324 325 327 328 329 
83 84 85 165 166 326 328 329 
83 84 85 86 87 166 326 327 329 
83 84 85 86 87 166 326 327 328 
86 87 88 166 168 331 332 
86 87 88 167 168 330 332 333 
88 89 90 167 168 330 331 333 334 335 
88 89 90 168 330 331 332 334 335 
88 89 90 168 169 332 333 335 
88 89 90 168 169 332 333 334 336 338 
89 90 91 169 335 337 338 
89 90 91 169 335 336 338 
89 90 91 169 335 336 337 
93 94 171 172 340 
93 94 339 341 342 
93 94 339 340 342 
94 340 341 
52 53 95 173 
52 53 96 97 173 174 
52 53 54 96 97 174 176 177 346 
52 54 96 97 175 176 177 345 
30 98 99 179 348 349 350 
30 98 99 179 347 349 350 351 
30 99 179 347 348 350 351 
30 99 347 348 349 351 
30 99 179 348 350 
23 30 180 353 
30 180 
16 23 30 180 181 355 
16 23 30 354 
23 24 184 357 358 
16 24 184 356 358 
16 24 101 356 357 359 360 
16 24 101 358 360 
16 24 101 358 359 
16 24 101 
16 101 363 
16 362 
185 186 
187 366 367 368 
11 187 365 367 368 369 
11 187 365 366 368 369 
11 187 365 366 367 369 370 
11 187 366 367 368 370 
11 368 371 
11 372 373 
11 371 373 
11 188 371 372 
11 102 375 
11 102 374 376 
11 102 375 
11 55 378 379 
11 55 377 379 380 
11 55 103 189 377 378 380 
11 55 103 189 378 379 
55 103 189 190 382 
11 55 103 189 190 381 
11 31 190 191 192 
11 31 104 191 192 193 195 385 386 387 388 
11 31 56 104 193 194 195 384 386 387 388 389 
11 31 56 104 193 194 195 385 387 388 389 
11 31 56 104 193 194 195 384 385 386 388 389 
11 56 104 194 195 384 385 386 387 389 
11 31 56 104 194 195 385 386 387 388 390 
11 31 56 104 105 389 392 
11 31 56 104 105 390 392 
31 56 105 390 391 
11 56 105 196 
11 196 197 395 
11 196 197 394 
106 107 198 199 
106 107 199 398 
14 106 107 108 109 200 397 399 400 
106 107 108 109 200 398 400 
14 107 108 109 110 200 398 399 401 
14 109 110 200 201 400 402 
14 108 109 110 200 201 
14 111 112 
14 57 113 
14 57 114 115 203 406 
14 57 114 203 407 
14 57 114 115 203 204 205 206 406 408 
114 115 203 204 205 206 207 407 
114 115 203 204 205 206 207 408 
14 58 206 208 411 412 
58 207 208 410 412 
58 208 410 411 
414 413 
59 209 413 415 416 
59 209 210 414 416 417 
59 209 210 211 415 417 
59 209 210 211 415 416 
59 60 209 210 211 
60 420 
60 419 
60 61 421 
61 62 423 
61 62 422 
12 32 64 117 426 
12 32 64 117 424 
12 32 64 117 424 425 
12 32 33 34 64 118 119 
12 32 33 34 64 65 118 119 212 429 
32 33 34 65 119 428 
12 32 33 34 65 212 213 432 
12 34 65 212 213 214 430 432 433 
12 213 214 430 431 433 
12 213 214 431 432 
12 66 215 435 
12 66 215 434 
12 437 
12 120 216 436 438 439 
12 120 216 437 439 
12 17 120 216 217 437 438 
12 15 17 120 217 218 441 442 
12 17 120 218 440 442 
12 15 17 218 441 443 
12 15 17 442 444 
12 15 17 121 443 445 
12 15 17 121 444 
12 15 17 121 445 447 
12 15 17 121 219 446 448 
15 17 219 220 221 447 
15 17 67 122 219 221 222 223 224 450 
15 67 122 222 223 224 449 
15 67 68 225 226 227 
15 35 67 68 225 226 227 228 229 451 453 
15 35 67 68 227 228 229 452 454 
15 35 453 455 456 457 
15 35 228 454 456 457 
15 35 228 229 230 454 457 
15 35 228 229 230 455 456 
35 230 231 459 
35 230 231 232 458 460 
35 231 232 459 
13 123 
13 69 123 124 233 
13 123 124 233 
13 123 124 125 465 466 
123 124 125 464 
125 126 234 464 
13 36 125 126 
13 36 37 127 
13 19 20 37 235 
19 20 128 237 471 
13 19 20 128 236 237 470 
13 19 20 128 236 237 
13 19 20 472 
38 39 
38 39 129 239 
129 477 
129 239 476 
40 478 
40 41 240 480 
40 41 240 479 481 
41 240 480 482 483 
41 240 481 483 484 
41 481 482 
41 482 483 485 486 
41 130 241 484 486 
41 130 241 484 485 487 
41 241 485 486 
25 42 130 241 242 243 489 490 491 
25 42 130 241 242 243 488 490 
25 42 130 241 242 243 488 489 491 
25 42 131 242 243 488 490 492 
25 42 131 242 243 490 491 
25 42 131 494 
25 493 
25 494 
132 133 497 
133 496 498 
133 497 499 
133 134 244 498 500 
134 244 499 501 
134 244 500 
135 245 246 247 248 503 
1 135 247 248 502 
505 508 509 1 2 3 134 135 245 246 247 248 502 503 
504 506 507 509 510 2 3 4 5 6 
505 507 510 6 7 8 9 
505 506 6 7 8 
504 1 247 248 502 503 
504 505 1 2 3 4 
505 506 507 6 8 

