81 621
69 2 3 23 24 
69 1 3 23 24 
69 24 
53 65 67 68 70 30 31 32 34 35 36 
53 67 71 6 7 8 9 37 81 
53 68 5 7 8 9 37 81 
53 68 71 6 8 9 81 38 
53 68 71 5 6 7 9 81 38 
53 68 71 5 6 7 8 10 81 38 
71 72 9 38 39 40 
22 33 72 12 41 42 43 
22 33 11 13 43 45 46 
22 73 12 14 43 44 45 46 
22 33 73 74 13 15 46 
22 33 73 74 14 47 
22 33 74 75 47 48 49 
22 54 76 77 78 50 51 52 55 56 
54 79 19 64 63 
54 79 18 64 63 
80 21 59 60 61 62 
80 20 61 62 
33 53 54 72 73 74 75 76 77 78 79 11 12 13 14 15 16 17 43 46 47 48 49 50 51 52 55 
69 1 2 24 
69 1 2 23 
65 66 26 
65 66 25 27 28 
65 66 70 26 28 29 
66 70 26 27 29 30 
65 66 70 27 28 30 
53 65 66 67 70 4 28 29 31 32 
53 67 70 4 30 32 34 35 
53 67 70 4 31 34 35 
22 71 72 73 74 75 11 12 14 15 16 42 43 44 45 46 47 
53 67 70 4 31 32 35 36 
53 70 4 31 32 34 36 
53 67 68 70 4 34 35 37 
53 67 68 5 6 36 
71 7 8 9 10 81 
71 72 10 40 41 
71 72 10 39 41 
72 11 39 40 42 
33 72 11 
22 33 11 12 13 44 45 
33 12 13 43 45 
33 12 13 43 44 
33 73 12 13 14 
22 33 73 74 75 15 16 48 
22 33 74 75 16 47 
22 75 16 
22 54 76 77 78 17 51 52 
22 54 76 77 78 17 50 52 55 
22 54 76 77 78 17 50 51 55 
22 65 66 67 68 70 71 4 5 7 8 9 30 31 32 34 35 36 37 81 
22 76 77 78 79 17 18 19 51 52 55 56 57 58 64 
22 54 76 77 78 17 51 52 56 
54 77 78 17 55 57 58 
54 78 56 58 
54 78 56 57 
80 20 21 60 61 62 
20 21 59 61 
80 20 21 59 60 62 
20 21 59 60 61 
79 80 18 19 
79 18 19 
53 66 67 69 70 4 25 26 27 28 29 30 
53 65 67 70 25 26 27 29 30 
53 65 66 68 70 4 5 30 31 32 34 35 36 37 
53 67 70 71 4 5 6 7 9 36 37 81 
65 1 2 3 23 24 
53 65 66 67 68 4 27 28 29 30 31 32 34 35 36 
33 53 68 72 5 7 8 9 10 81 38 39 40 
22 33 71 10 11 39 40 41 42 
22 33 74 75 13 15 46 47 48 
33 73 75 14 15 16 47 48 
22 33 73 74 16 47 48 49 
22 54 77 78 17 50 51 52 55 
22 54 76 78 17 50 51 52 55 56 
22 54 76 77 17 50 51 52 55 56 57 58 
22 54 80 18 19 64 63 
79 20 21 59 60 61 
53 68 71 5 6 7 8 9 38 

