325 2574
2 8 23 40 71 72 133 134 135 136 137 138 139 140 141 142 284 285 286 287 288 289 290 291 292 293 
1 8 24 25 41 73 74 75 143 144 145 146 147 148 298 299 300 301 302 303 304 305 306 307 308 309 310 
13 14 29 30 47 48 49 50 93 94 95 96 97 98 99 100 187 188 189 190 191 192 193 194 195 196 3 
5 13 27 28 42 43 44 45 46 85 86 87 88 89 167 168 169 170 171 172 173 174 175 176 
4 27 28 45 46 86 87 88 89 173 174 175 176 177 178 179 180 
17 18 19 31 32 33 52 107 108 109 110 111 221 222 223 224 225 226 
20 54 55 56 116 117 118 119 120 237 238 239 240 241 242 243 
1 2 24 73 142 143 144 8 294 295 296 297 298 299 300 301 
10 11 12 26 77 78 154 155 156 157 158 159 
9 11 12 26 78 79 158 159 160 161 
9 10 12 78 79 80 81 160 161 
10 11 79 80 81 82 83 160 161 162 163 
3 4 5 27 28 45 46 87 88 89 176 177 178 179 180 181 
3 15 16 30 100 101 198 199 200 201 202 203 204 205 206 
14 16 17 30 101 102 204 205 206 207 208 209 210 
14 15 17 30 51 101 102 103 207 208 209 210 211 212 213 214 
6 15 16 18 31 51 102 103 104 105 106 214 215 216 217 218 219 
6 17 19 31 107 108 109 220 221 18 222 
6 18 32 52 108 109 111 222 223 224 225 226 
7 34 57 58 59 60 122 123 124 125 246 247 248 
34 36 37 61 62 63 65 66 126 253 254 255 256 257 258 259 260 261 262 
37 38 39 67 68 69 70 268 269 270 271 272 273 274 
1 39 40 129 130 131 132 133 134 277 278 279 280 281 282 283 284 
2 8 73 74 144 145 146 147 301 302 303 304 305 
2 41 75 76 149 150 151 152 153 316 317 318 319 320 321 322 323 324 325 
9 10 77 154 155 156 157 158 159 
4 5 13 44 45 86 87 88 89 170 171 172 173 174 176 177 
4 5 13 46 90 91 180 181 182 183 184 
3 49 50 94 95 96 97 98 99 189 190 191 192 193 194 195 196 197 
3 14 15 16 100 101 200 201 202 205 
6 17 18 51 104 105 106 107 216 217 218 219 220 
6 19 33 52 53 54 111 112 113 114 226 227 228 229 231 232 233 234 235 
6 32 52 53 54 112 113 114 115 229 230 231 232 234 235 236 
20 21 35 58 59 60 61 123 124 125 247 248 249 250 251 
20 34 58 59 60 123 124 125 248 249 250 
21 37 63 64 65 66 67 126 261 262 263 
21 22 36 66 67 126 127 128 262 263 264 265 266 267 268 
22 39 69 70 271 272 273 274 
22 23 38 69 70 272 274 275 
1 23 39 70 129 130 131 132 275 276 277 278 279 
2 25 75 76 149 150 151 152 313 314 315 316 317 318 
4 43 44 84 85 165 167 168 
4 42 44 85 168 169 
4 27 42 43 85 86 167 168 169 170 171 
4 5 13 27 86 87 88 89 173 174 175 
4 5 13 28 178 179 180 181 
3 48 49 90 91 92 93 94 95 185 186 187 188 
3 47 49 90 91 92 93 94 185 186 187 188 
3 29 47 48 94 95 96 97 98 188 189 190 
3 97 98 99 193 194 195 196 197 
16 17 31 102 103 104 105 106 214 215 216 217 218 219 
6 19 32 33 53 109 110 111 112 225 226 227 228 229 
32 33 52 54 112 113 114 229 230 232 233 234 235 
7 32 33 53 113 114 115 116 234 235 236 237 
7 56 117 118 119 239 240 241 242 
7 55 118 119 241 242 
20 58 121 122 245 246 
20 34 35 57 123 124 125 247 248 
20 34 35 60 61 123 124 125 248 249 250 251 252 
20 34 35 59 61 124 125 248 249 250 251 252 
21 34 59 60 62 63 64 251 252 254 255 256 257 258 259 
21 61 63 64 251 253 254 255 256 257 258 259 260 
21 36 62 64 65 253 254 255 256 258 259 260 
21 36 61 62 63 65 254 255 256 257 258 259 260 
21 36 63 64 126 260 261 
21 36 37 67 68 126 127 128 262 263 264 265 266 
22 36 37 66 68 127 128 263 264 265 266 267 268 
22 37 66 67 127 128 263 264 266 267 268 269 
22 38 39 70 271 272 
22 38 69 272 273 274 
1 72 135 136 137 138 139 140 290 
1 71 139 140 292 293 
2 8 24 145 301 302 303 
24 73 145 146 302 303 304 305 
2 25 41 76 149 150 151 152 314 315 316 317 318 319 
25 41 75 150 151 152 316 317 318 319 320 
9 154 155 156 
9 10 11 79 159 160 
10 11 12 78 160 161 
11 12 81 161 162 
11 12 80 82 162 163 
12 81 83 162 163 
12 82 84 163 164 165 
42 83 164 165 166 
4 42 44 167 168 169 
4 5 27 44 45 169 170 171 172 173 
5 13 27 45 88 89 174 175 
4 5 13 27 45 87 89 174 175 176 177 
4 5 27 45 87 88 176 177 178 
28 47 91 92 182 183 184 185 
28 48 90 92 184 185 
47 48 90 91 93 184 185 186 187 
3 47 48 92 185 186 187 188 
3 29 47 48 49 188 189 
3 29 47 94 189 
3 29 49 94 95 97 98 189 190 191 192 
3 29 49 50 96 98 189 190 191 192 193 
3 29 49 50 96 97 99 189 190 191 192 
3 29 50 98 193 194 195 196 197 
3 14 30 198 199 200 201 202 
14 15 16 30 204 205 206 207 208 209 
15 16 51 103 210 211 212 213 214 
16 17 51 102 104 105 214 215 216 217 
17 31 51 103 105 106 215 216 217 218 219 
17 31 51 103 104 106 216 217 218 219 
17 31 51 104 105 219 
6 18 31 220 221 
6 18 19 109 222 223 224 
6 18 19 52 108 110 222 224 225 
6 19 52 109 224 225 
19 32 52 112 226 227 228 
32 33 52 53 111 113 226 228 229 230 231 232 233 
32 33 53 54 112 114 229 232 233 234 235 
32 33 53 54 113 234 235 236 
33 54 114 116 234 235 236 
7 54 115 117 
7 116 237 238 239 240 
7 55 56 119 
7 55 56 118 241 242 243 
7 121 242 243 244 245 
57 120 244 245 
20 57 121 245 246 
20 34 35 58 59 124 125 247 248 
20 34 35 58 59 60 123 125 248 249 
20 34 35 58 59 60 123 124 248 
21 36 37 65 66 261 262 
37 66 67 68 128 263 264 265 266 267 
37 66 67 68 127 263 264 265 266 267 
23 40 130 131 132 276 277 278 
23 40 129 131 132 277 278 
23 40 129 130 132 277 278 279 
23 40 129 130 131 133 277 278 279 280 281 
1 23 132 279 280 281 282 283 
1 23 284 
1 136 137 288 289 
1 71 135 138 289 290 
1 71 135 136 138 289 290 291 
136 137 290 291 
1 71 72 140 141 292 
1 71 139 141 292 
1 139 140 292 
1 8 294 295 
2 8 297 298 299 
8 24 299 300 301 
2 73 74 146 302 303 304 
2 24 74 145 147 304 305 
146 305 306 307 
2 306 307 308 310 311 312 
25 41 75 150 151 313 314 315 316 
25 41 75 76 149 151 152 314 316 317 
25 41 75 76 149 150 316 317 
25 41 75 76 150 317 318 319 320 321 322 
25 321 322 323 324 325 
9 26 77 
9 26 77 156 157 
9 26 77 155 157 
9 156 
9 26 157 159 
10 26 78 158 
10 11 12 78 79 161 
10 11 12 79 80 160 
11 12 80 81 82 
12 81 82 83 162 
83 84 165 166 
42 83 84 164 166 
84 164 165 
4 42 43 44 85 168 
42 43 44 85 167 169 
4 43 44 85 86 168 170 171 
4 27 44 86 169 171 172 
4 27 44 86 169 170 172 173 
4 27 44 86 170 171 173 
4 27 45 86 171 172 
4 5 27 45 88 175 
4 5 27 45 87 88 
4 5 13 27 87 88 89 177 178 
5 27 88 89 176 178 
5 13 46 89 176 177 179 180 
5 13 178 180 
5 13 28 46 178 179 
13 28 46 182 
28 90 181 183 184 
28 90 182 184 
28 90 91 92 183 
47 48 90 91 92 93 186 187 
47 48 92 93 185 187 
3 47 48 92 93 185 186 188 
3 47 48 49 93 94 95 187 
3 29 49 94 95 96 97 98 190 191 192 
3 29 49 96 97 98 189 191 192 193 
3 29 96 97 98 189 190 192 193 
29 96 97 98 189 190 191 193 
3 29 97 98 99 190 191 192 194 
3 29 50 99 195 196 197 
3 29 99 194 196 197 
3 29 50 99 194 195 197 
3 29 50 99 194 195 196 
100 199 
14 100 198 200 201 202 
14 30 100 199 201 202 
14 30 100 199 200 202 
14 30 100 199 200 201 
14 30 204 
14 15 30 101 203 205 
14 15 30 101 203 204 
14 15 30 101 207 208 
15 16 101 206 208 209 
15 16 101 206 207 209 
15 16 101 207 208 
15 16 102 211 212 213 
16 102 212 213 
16 102 210 213 214 
16 102 210 211 212 
16 17 51 102 103 212 213 215 
17 51 103 104 214 216 217 
17 31 51 103 105 215 217 218 219 
17 31 51 103 104 105 215 216 218 219 
17 31 51 104 105 216 217 219 
17 31 51 104 105 106 216 217 218 
18 31 107 221 
6 18 107 220 
6 18 19 108 109 223 224 
6 18 108 222 
6 19 108 109 110 222 225 
6 19 52 109 110 224 
6 19 32 52 111 112 227 228 
32 52 111 226 228 
32 52 111 112 226 227 229 
32 33 52 53 112 113 228 230 231 232 233 
32 33 53 112 229 231 232 233 
32 33 53 112 229 230 232 233 
32 33 53 112 113 229 230 233 
32 33 53 112 113 229 230 231 232 
32 33 53 54 113 114 115 235 
32 33 53 54 113 114 115 234 236 
33 54 114 115 235 
7 54 116 
7 117 239 240 
7 55 117 238 240 
55 117 238 239 
7 55 56 118 119 242 
7 55 56 119 120 241 243 
7 119 120 242 244 
120 121 243 245 
57 120 121 122 244 
20 57 
20 34 58 123 
20 34 35 58 59 60 123 124 125 
34 35 59 60 125 250 
34 59 60 249 251 252 
34 59 60 61 62 250 252 253 
59 60 61 250 251 253 
21 61 62 63 251 252 254 255 256 257 
21 62 63 64 253 255 256 257 
21 61 62 63 64 253 254 256 257 258 
21 61 62 64 253 254 255 257 258 
21 61 62 63 64 253 255 256 258 259 260 
21 61 62 63 64 255 256 257 259 260 
21 61 62 63 64 257 258 260 
21 62 63 64 65 257 258 259 
21 36 65 126 262 
36 37 66 126 261 
36 37 66 67 68 127 128 264 
37 66 67 68 127 128 263 265 266 
37 66 68 127 128 264 266 267 
66 67 68 127 128 264 265 267 
37 67 68 127 128 265 266 268 269 
22 37 67 68 267 269 270 
22 68 267 270 
22 268 
22 38 69 
38 39 69 70 273 
22 38 39 70 272 274 
22 38 39 70 273 
39 40 129 
40 129 275 
23 40 129 130 131 132 278 
23 40 129 130 131 132 277 279 
23 40 131 132 133 278 280 281 
23 132 133 279 281 282 283 
23 133 279 280 282 283 
23 133 280 281 283 
23 133 280 281 282 
1 23 134 
1 286 287 
1 285 287 288 
1 285 286 
1 286 287 289 
1 135 136 137 288 
1 71 136 138 
1 71 136 137 138 290 
1 72 139 140 141 293 
72 292 
142 295 
8 142 294 296 
8 295 297 
8 143 296 
2 8 143 299 300 
2 8 143 144 
2 8 144 298 
2 8 24 73 144 
2 24 73 74 145 303 
2 24 73 74 145 302 
2 24 74 145 146 
2 24 74 146 147 304 
2 147 148 307 308 309 
2 147 148 306 308 309 
2 148 306 307 309 310 
2 148 306 307 308 310 311 
2 148 308 309 311 
148 309 310 312 313 
311 313 
41 149 311 312 
75 150 315 316 
41 75 314 
25 41 75 76 149 150 151 314 317 
25 41 75 76 150 151 152 316 318 319 320 
25 41 75 76 152 317 319 320 
25 75 76 317 318 320 321 
25 76 152 318 319 321 
25 152 153 319 320 322 323 324 
25 152 153 321 323 324 
25 153 321 322 324 325 
25 153 321 322 323 325 
25 153 324 

