34 188
27 32 3 4 5 6 7 8 9 19 20 21 22 23 24 
27 11 12 13 14 
1 4 18 19 20 21 22 
32 3 5 6 23 
1 28 32 4 6 7 22 23 
1 28 4 5 7 23 
28 32 5 6 24 
1 28 9 24 25 26 
1 28 8 25 26 
33 34 29 30 
27 2 12 13 14 15 
27 2 11 13 14 15 
27 2 11 12 14 15 
2 11 12 13 15 
27 2 11 12 13 14 
27 17 18 
27 16 18 
27 3 16 17 19 
1 3 18 20 21 
1 3 19 21 22 
1 3 19 20 22 
1 3 4 5 20 21 23 
1 32 4 5 6 22 
1 32 7 8 
28 8 9 26 
33 8 9 25 
1 2 11 12 13 14 15 16 17 18 
1 32 5 6 7 8 9 24 25 
10 30 31 
34 29 31 
34 29 
1 28 4 5 6 7 23 24 
34 10 26 
33 10 29 30 

