60 466
15 55 37 43 50 60 
23 52 3 4 7 5 6 
23 38 52 2 4 7 5 6 8 
23 24 38 52 53 2 3 5 6 8 9 
23 38 52 2 3 4 7 6 
23 38 52 2 3 4 7 5 8 
23 38 52 2 3 6 
23 38 52 53 3 4 6 9 
23 24 38 52 53 8 
23 24 25 38 53 11 
23 24 25 10 12 36 
24 25 13 11 36 
24 25 54 14 12 36 16 
25 39 54 13 16 17 
25 39 40 41 42 54 55 56 57 58 18 26 19 20 37 43 44 46 48 21 22 27 50 60 1 31 32 33 
25 54 13 14 
39 54 14 45 
15 39 54 26 45 47 
15 55 26 20 21 22 
15 55 19 21 22 
26 19 20 
15 55 19 20 27 
24 25 38 52 53 2 3 4 10 7 5 6 8 9 11 
23 25 38 52 53 4 10 13 9 11 12 36 
15 23 24 38 39 53 54 10 13 14 11 12 36 16 
15 39 18 19 47 21 
15 55 37 22 50 60 
41 42 49 29 34 
40 41 58 48 34 28 
40 41 58 46 48 29 34 
15 56 57 44 32 
15 40 56 44 46 31 
15 40 41 57 44 46 30 
40 41 58 48 30 28 
42 58 59 49 51 
24 25 13 11 12 
15 55 56 43 27 50 60 1 
23 24 25 52 53 2 3 4 10 7 6 8 
15 25 54 14 18 26 17 45 47 
15 41 42 56 57 58 44 46 48 49 32 33 30 29 34 28 
15 40 42 57 58 44 46 48 49 33 29 34 28 
15 40 41 58 59 48 49 51 28 35 
15 55 56 37 60 1 
15 40 41 56 57 46 31 32 33 
39 54 18 47 
15 40 41 57 44 33 30 
39 18 26 45 
15 40 41 42 58 49 30 29 34 28 
40 41 42 58 48 28 35 
15 55 37 27 60 1 
42 59 35 
23 24 53 2 3 4 7 5 6 8 9 
23 24 25 38 52 4 10 8 9 
15 25 13 14 18 16 17 45 
15 19 20 37 43 22 27 50 60 1 
15 40 57 37 43 44 31 32 
15 40 41 56 44 46 31 32 33 
15 40 41 59 48 49 30 29 34 28 35 
42 58 51 
15 55 37 43 27 50 1 

