267 1835
159 190 211 267 111 
159 171 190 211 212 3 112 113 114 
159 171 190 212 2 112 113 114 115 
159 164 171 172 118 119 120 
159 164 172 213 214 215 216 6 7 121 122 
159 164 172 213 214 215 5 7 121 122 123 
159 164 172 213 214 215 216 5 6 123 
159 215 216 217 9 10 124 125 126 
159 216 217 8 10 125 126 
159 217 8 9 125 126 127 
159 127 
159 173 218 219 128 
159 173 174 191 220 221 14 15 129 
159 191 221 13 15 129 
159 174 191 221 13 14 129 130 
174 192 222 132 133 
192 223 18 19 134 135 137 
192 223 17 19 134 135 136 137 
192 223 17 18 20 21 22 137 
192 223 19 21 22 137 138 
223 22 137 138 
223 19 21 137 138 
224 24 139 140 23 141 
193 224 23 141 142 
142 143 144 145 146 
175 176 194 147 148 149 150 151 
175 176 225 28 152 153 
175 176 225 27 153 
195 225 226 227 228 30 31 32 153 154 
195 225 226 227 228 29 31 32 153 154 
195 226 227 228 29 30 32 
195 226 227 228 29 30 31 155 
195 228 155 156 157 158 
229 36 37 
229 34 36 37 
229 34 35 37 38 
229 34 35 36 38 
177 229 36 37 
160 165 177 
160 165 177 
160 165 166 196 230 42 
160 165 166 230 41 
160 166 167 197 231 45 
160 167 43 45 
167 231 43 44 
161 167 232 
161 232 233 48 
161 232 233 234 47 
161 178 198 235 50 51 52 
161 178 179 198 235 49 51 52 
161 178 198 49 50 52 
178 179 198 49 50 51 
161 178 179 180 199 
180 181 200 236 237 
181 236 
181 236 237 55 57 
181 238 56 58 
181 202 238 
202 238 239 60 61 62 
202 238 239 59 61 62 
202 238 239 59 60 62 
202 238 239 240 59 60 61 
203 239 240 241 
182 203 
182 242 66 67 
168 242 65 67 
168 182 242 65 66 68 
168 182 204 242 67 
168 183 184 204 243 
168 183 184 204 243 244 71 
183 184 244 70 
184 244 
245 246 
185 246 247 75 
162 185 247 74 76 
162 247 75 
162 78 
162 77 79 
162 77 78 
205 81 82 83 84 
205 80 82 83 84 
205 248 80 81 83 84 85 
205 248 80 81 82 84 85 
205 248 80 81 82 83 85 
205 206 248 82 84 86 
206 248 85 87 
206 207 248 249 86 
169 186 206 207 208 249 250 251 252 253 
169 186 208 251 252 253 90 
169 186 208 251 252 253 89 
169 186 209 254 255 92 
169 187 209 254 256 91 93 
163 169 187 188 209 256 92 
163 187 188 
163 170 257 258 96 
163 258 95 97 
163 170 258 96 
170 99 
170 98 
170 259 101 
170 259 100 
102 103 
260 102 104 
210 260 103 105 
210 260 261 104 
210 261 262 105 
263 264 
189 265 109 
189 265 108 
159 266 
159 211 267 1 
159 171 190 212 2 3 113 
159 171 190 212 2 3 112 114 
159 171 2 3 113 115 
159 171 3 114 116 117 
159 171 115 117 
159 164 171 115 116 
159 164 171 172 4 119 
159 164 172 4 118 120 
159 172 4 118 119 
164 172 213 214 5 122 
159 164 172 213 214 5 6 123 
159 164 213 214 215 216 6 7 122 
159 215 216 217 8 9 125 
159 216 217 8 10 124 126 
159 217 8 9 10 125 127 
159 217 10 11 126 
159 173 218 219 12 
159 174 221 13 14 15 130 
174 221 15 129 
174 131 
222 133 
222 132 
192 17 18 135 136 
192 17 18 134 136 
192 17 134 135 
192 223 17 20 21 22 
223 20 21 22 137 
224 23 140 
224 23 139 
224 24 
193 24 25 
193 25 142 144 
193 143 145 
193 25 144 146 
193 25 
175 194 26 148 149 
175 176 194 147 
175 176 194 26 147 148 150 151 
175 194 26 149 151 
175 176 194 26 149 150 152 
175 176 27 150 
225 226 227 27 28 29 30 
225 226 227 29 30 153 
195 228 32 33 156 157 158 
195 228 33 155 157 158 
33 155 156 158 
195 33 155 156 157 
163 164 170 171 172 173 174 175 189 190 191 192 210 211 212 213 214 215 216 217 218 219 220 221 222 266 1 2 3 4 5 6 7 8 9 10 11 12 13 14 15 110 111 112 113 114 115 116 117 118 119 120 121 122 123 124 125 126 127 128 129 159 
161 165 166 167 177 196 197 230 231 232 39 40 41 42 43 44 45 
165 166 167 178 179 180 198 199 200 233 234 235 46 47 48 49 50 51 52 53 
168 185 205 245 246 247 73 74 75 76 77 78 79 
159 169 170 187 188 209 254 256 257 258 93 94 95 96 97 
159 171 172 213 214 215 216 4 5 6 7 117 118 119 120 121 122 123 
160 161 166 167 177 196 197 230 231 39 40 41 42 
160 161 165 167 196 197 230 231 41 42 43 
160 161 165 166 196 197 231 232 43 44 45 46 
162 182 183 184 204 242 243 244 64 65 66 67 68 69 70 
163 186 187 188 206 207 208 209 249 250 251 252 253 254 255 256 88 89 90 91 92 93 
159 163 188 257 258 259 95 96 97 98 99 100 101 
159 164 172 190 211 212 2 3 4 112 113 114 115 116 117 118 
159 164 171 213 214 215 4 5 6 7 118 119 120 121 122 
159 191 218 219 220 128 
159 191 221 222 13 14 15 16 129 130 131 
159 176 193 194 225 26 28 147 148 149 150 151 152 
175 194 225 26 27 28 147 148 149 150 151 152 
160 165 229 38 39 40 
161 179 180 198 234 235 49 50 51 52 53 
161 178 180 199 200 50 51 52 53 
161 178 179 199 200 201 236 53 54 
200 201 202 236 237 238 55 56 57 58 
168 183 184 204 242 243 64 65 66 67 68 69 
168 182 184 204 243 244 69 70 71 
168 182 183 243 244 69 70 71 72 
162 246 247 74 75 76 
169 206 207 208 209 249 250 251 252 253 254 88 89 90 91 
163 169 188 209 254 255 256 257 92 93 94 
163 169 170 187 256 257 93 94 
159 264 265 266 107 108 109 
159 171 211 212 267 1 2 3 112 113 
159 173 174 221 13 14 15 129 130 
159 222 223 16 17 18 19 20 133 134 135 136 137 
175 24 25 142 143 144 145 146 
175 176 26 147 148 149 150 151 
225 226 227 228 29 30 31 32 33 155 156 157 158 
160 165 166 167 197 230 231 41 42 
165 166 196 230 231 43 
161 178 179 233 234 235 49 50 51 52 
161 178 179 180 200 
161 179 180 181 199 201 236 237 54 
180 181 200 237 54 55 
181 203 238 239 240 58 59 60 61 62 
202 239 240 241 63 64 
168 182 183 184 243 244 68 69 70 
162 206 248 80 81 82 83 84 85 
169 186 205 207 248 249 250 85 86 87 88 
186 206 208 248 249 251 252 87 88 
169 207 209 251 253 88 89 90 
163 169 186 187 208 254 255 256 91 92 93 
159 260 261 262 104 105 106 
159 171 190 212 267 1 2 111 
159 171 190 211 2 112 113 
159 164 172 214 215 216 5 6 7 121 122 123 
159 164 172 213 215 216 5 6 7 121 122 123 124 
159 164 172 213 214 216 217 5 6 7 8 123 124 
159 164 213 214 215 217 5 7 8 9 123 124 125 
159 215 216 8 9 10 124 125 126 127 
159 173 219 220 128 
159 173 218 12 128 
159 173 218 219 13 
159 174 191 13 14 15 129 130 
192 16 132 133 
192 17 19 20 21 22 138 
23 24 139 140 141 
175 176 195 227 27 28 29 30 153 154 
195 225 227 228 29 30 31 32 153 154 
195 225 226 228 29 30 31 32 153 154 
195 226 227 29 30 31 32 33 155 156 
177 34 35 36 37 38 
160 165 166 196 197 41 42 
160 165 166 167 196 197 43 44 45 
160 161 167 233 46 47 48 
161 198 232 234 47 48 
178 198 235 48 
161 178 198 234 49 
180 181 200 201 237 54 55 
181 200 201 236 54 55 56 
181 202 57 58 59 60 61 
202 203 240 241 59 60 61 62 63 
202 203 239 241 62 63 
239 240 63 
182 65 66 67 68 
168 182 183 184 204 244 69 70 
168 183 204 243 70 71 72 
162 185 73 
162 185 73 74 
162 185 74 75 76 
205 206 207 249 82 83 84 86 87 
169 186 206 207 248 250 251 87 88 
169 186 206 207 208 251 252 88 
169 186 207 208 249 250 252 253 88 89 90 
169 186 207 208 250 251 253 88 89 90 
169 186 208 251 252 88 90 
163 169 186 187 209 255 256 91 92 
187 209 256 91 92 
163 169 187 188 209 254 255 92 93 
163 170 187 188 258 95 
163 170 257 95 96 97 
170 98 99 100 101 
210 102 103 104 105 260 
210 262 105 106 
210 261 263 106 
262 264 107 
189 263 107 
189 108 109 
159 189 110 
159 190 211 1 111 

