79 578
60 2 
45 60 61 3 1 2 
61 62 2 
43 45 46 51 63 64 65 5 6 
43 45 46 51 64 66 4 6 7 8 9 
43 45 46 51 64 65 4 5 7 8 9 
43 45 46 51 64 65 5 6 8 9 
43 45 46 51 66 5 6 7 9 
43 46 66 5 6 7 8 
43 46 52 11 12 
10 12 13 
52 67 10 11 13 14 
52 11 14 
47 52 53 67 12 13 
47 53 67 68 16 
47 53 68 15 17 
47 68 15 16 18 
54 17 19 
54 55 18 20 
54 55 19 21 
54 55 69 20 
55 56 57 69 70 71 23 24 
56 57 69 70 71 24 
56 57 69 70 71 22 23 
44 58 72 26 27 
44 48 58 25 27 28 29 30 
44 58 25 26 28 29 30 31 
44 48 58 27 29 30 31 
44 48 58 26 27 28 30 31 
44 48 58 26 27 28 29 31 
44 48 58 26 27 29 30 
44 48 59 33 
44 48 59 73 32 
49 59 73 74 35 36 37 
49 59 73 74 34 36 37 
49 73 74 34 35 37 
49 59 73 74 34 35 36 38 
49 50 73 74 75 37 39 
49 75 38 
50 76 77 78 79 41 
76 77 78 79 40 42 
78 79 
45 46 51 52 61 62 63 64 65 66 4 5 6 7 8 9 10 
48 49 50 58 59 72 73 74 25 26 27 28 29 30 31 32 33 
43 46 51 60 61 62 63 64 65 66 2 3 4 5 6 7 8 
51 52 64 65 4 5 6 7 8 9 10 
53 67 68 14 15 16 17 
44 49 58 59 73 26 28 29 30 31 32 33 
44 48 50 59 73 74 75 34 35 36 37 38 39 
44 49 73 75 76 77 78 38 39 40 
43 45 46 62 63 64 65 66 4 5 6 7 8 
43 46 47 53 67 10 11 12 13 14 
47 52 67 68 14 15 
55 69 18 19 20 21 
54 56 69 70 19 20 21 22 
55 57 69 71 72 22 23 24 
56 69 70 71 72 22 23 24 
44 48 25 27 28 29 30 31 
44 49 73 74 32 33 34 35 36 37 
45 61 1 2 3 
43 45 60 62 2 3 
43 45 51 61 63 3 
43 45 51 62 64 65 4 
43 45 46 51 63 65 4 5 6 7 
43 45 46 51 63 64 4 5 6 7 
43 45 46 51 5 8 9 
47 52 53 68 12 14 15 
47 53 67 15 17 
54 55 56 70 71 20 21 22 23 24 
55 56 57 71 22 23 24 
56 57 69 70 72 22 23 24 
44 56 57 71 25 72 
44 48 49 50 59 74 33 34 35 36 37 38 
44 59 73 34 35 36 37 38 
49 50 76 77 38 
50 75 77 78 79 40 41 
75 76 78 79 41 
50 76 77 79 40 41 42 
77 78 40 41 42 

