74 603
10 38 54 6 12 
11 71 57 58 59 74 4 5 
10 11 71 72 73 60 61 7 8 62 63 
11 71 57 58 59 74 2 
11 71 72 57 58 59 60 2 4 
10 38 54 12 1 
3 71 72 60 61 8 62 
3 72 60 61 62 
10 13 14 15 35 36 37 66 67 68 49 50 51 52 21 22 23 24 25 26 27 28 29 30 
9 11 15 38 39 3 69 70 71 54 55 56 57 6 12 1 43 44 45 46 47 65 64 74 
10 39 3 70 71 55 57 58 59 60 46 47 65 64 74 2 4 5 
10 38 54 6 1 
9 35 36 66 67 48 49 17 18 19 20 21 22 23 
9 15 36 37 68 50 51 52 25 26 27 28 29 30 31 32 33 34 
9 10 14 38 69 53 54 41 42 
35 48 
13 35 48 18 
13 35 48 17 
13 35 66 18 20 
13 66 49 19 
9 13 36 66 67 49 22 23 
9 13 36 66 67 49 21 23 
9 13 36 66 67 49 21 22 
9 36 68 50 25 
9 14 37 68 50 24 26 27 28 
9 14 37 68 25 27 28 
9 14 37 68 25 26 28 
14 37 25 26 27 29 
9 14 28 
9 14 51 52 32 33 
14 51 52 30 32 33 34 40 
14 51 52 30 31 33 34 40 
14 51 52 30 31 32 34 40 
14 51 52 31 32 33 40 41 
9 13 66 48 16 17 18 19 
9 13 14 37 66 67 68 49 50 21 22 23 24 
9 14 36 67 68 50 24 25 26 27 28 
10 15 39 69 70 53 54 42 6 12 1 
10 11 38 70 54 55 43 44 45 47 65 
52 31 32 33 34 41 
15 34 40 
15 38 69 53 
10 39 70 54 55 44 45 
10 39 70 55 43 45 
10 39 70 55 43 44 
10 11 39 70 47 64 
10 11 39 56 46 65 64 
13 35 16 17 18 
9 13 36 67 20 21 22 
9 14 36 37 68 24 
9 14 52 30 31 32 33 34 
9 14 51 30 31 32 33 34 40 
15 38 42 
10 15 38 39 70 6 12 1 43 
10 11 39 70 43 44 45 
10 71 47 65 64 74 
10 11 71 72 58 59 60 74 2 4 5 
11 71 72 57 59 60 74 2 4 5 
11 71 72 57 58 60 74 2 4 
11 71 72 57 58 59 61 5 7 8 62 
3 71 72 73 60 7 8 62 63 
3 72 60 61 7 8 
3 72 73 61 
10 11 56 46 47 
10 11 39 56 46 47 64 
9 13 35 36 67 49 19 20 21 22 23 
9 13 36 37 66 21 22 23 
9 14 36 37 50 24 25 26 27 28 29 
10 15 38 53 42 
11 38 39 54 55 44 45 46 
10 11 3 72 56 57 58 59 60 61 74 2 4 5 7 
11 3 71 73 57 58 59 60 61 5 7 8 62 63 
3 72 61 63 
10 11 71 56 57 58 59 2 4 

