137 1121
95 107 2 
95 96 107 1 3 
83 95 96 107 108 2 
77 83 5 6 7 
77 83 4 6 7 8 9 10 
77 83 5 7 8 9 10 
77 83 109 4 5 6 8 9 10 
83 109 5 6 7 9 10 
77 109 5 7 8 10 
109 110 6 7 8 9 
77 109 110 111 112 113 12 13 14 
77 109 110 111 112 11 13 14 
77 110 111 112 113 11 14 
77 112 113 114 11 12 13 15 16 
77 88 111 112 113 114 14 16 17 18 
77 111 112 113 114 14 15 17 
77 88 111 112 113 114 15 16 18 
79 84 88 97 114 15 17 19 20 
79 84 88 97 98 114 115 18 20 
79 84 88 97 98 115 18 19 
79 84 88 89 97 98 115 22 23 24 25 
79 84 88 89 97 98 21 23 24 25 
84 88 89 97 98 115 21 22 24 25 
79 84 88 89 97 98 115 21 22 23 25 
79 84 88 89 97 98 115 21 22 23 24 
79 84 89 90 27 28 
79 84 89 90 99 26 28 
79 89 90 99 26 27 
80 100 30 31 32 33 34 
80 100 29 31 32 34 
80 100 29 30 32 33 34 
80 100 29 30 31 33 34 35 
80 100 29 30 31 32 34 
80 100 29 30 31 32 33 35 
80 100 101 32 33 34 
80 85 101 102 116 117 
85 102 117 118 119 120 38 39 
85 117 118 119 120 37 39 
85 120 37 38 
78 85 121 
76 78 85 121 122 40 42 
76 78 122 41 
76 78 122 123 124 44 45 
76 78 122 123 124 43 45 
76 78 122 123 124 43 44 46 
76 78 123 124 44 45 47 
76 78 125 48 
76 78 125 49 
78 81 125 126 48 
76 78 81 126 51 52 
76 81 103 50 52 
76 81 103 50 51 
76 81 
86 91 128 55 
86 91 104 127 128 54 56 57 58 
86 91 104 127 128 129 55 57 58 
86 91 104 127 128 129 55 56 58 
86 91 104 127 128 129 55 56 57 
130 60 61 
92 59 61 
92 130 131 132 59 60 62 63 
131 132 
131 132 61 62 
106 131 
82 106 133 66 67 68 
82 106 133 65 67 68 
82 133 134 65 66 68 
82 65 66 67 
82 93 
82 87 94 71 
82 87 93 94 70 
87 136 137 73 74 
87 136 137 72 74 
136 137 72 73 75 
137 74 
78 80 81 85 86 91 103 121 122 123 124 125 126 127 41 42 44 45 46 47 48 49 50 51 52 53 
79 83 84 88 95 96 97 107 109 110 111 112 113 114 4 5 6 7 8 9 10 11 12 13 14 15 16 17 
76 80 81 85 86 103 121 122 123 124 125 126 40 41 42 43 44 45 46 47 48 49 50 
77 80 84 88 89 90 97 98 99 114 115 18 19 20 21 22 23 24 25 26 27 28 
76 78 79 85 90 100 101 102 116 117 118 29 30 31 32 33 34 35 36 
76 78 86 91 103 125 126 127 48 49 50 51 52 53 
87 93 94 106 133 134 136 65 66 67 68 69 70 71 
77 95 96 107 108 109 3 4 5 6 7 8 
77 79 88 89 90 97 98 99 114 115 18 19 20 21 22 23 24 25 26 27 
78 80 101 102 116 117 118 119 120 121 36 37 38 39 40 41 
76 78 81 91 92 103 104 105 127 128 129 130 54 55 56 57 58 
82 93 94 135 136 137 70 71 72 73 74 
77 79 84 89 90 97 98 113 114 115 15 17 18 19 20 21 22 23 24 25 
79 84 88 90 97 98 99 115 21 22 23 24 25 26 27 
79 80 84 88 89 99 26 27 28 
76 81 86 92 103 104 105 127 128 129 54 55 56 57 58 
86 91 104 105 130 59 61 
82 87 94 134 135 69 70 71 
82 87 93 135 136 70 71 
77 83 96 107 108 1 2 3 
77 83 107 2 3 
77 79 84 88 89 98 114 18 19 20 21 22 23 24 25 
84 88 89 97 115 19 20 21 22 23 24 25 
79 84 89 90 26 27 28 
80 101 30 31 32 33 34 35 
80 85 100 102 116 35 36 
80 85 101 116 117 118 36 37 
76 78 81 86 91 50 51 52 53 
86 91 92 105 127 129 55 56 57 58 
86 91 92 104 130 
82 133 64 65 66 106 
77 83 95 96 108 1 2 3 
83 95 96 107 3 
77 83 110 7 8 9 10 11 12 
77 109 10 11 12 13 
77 112 113 114 11 12 13 14 15 16 17 
77 111 113 114 11 12 13 15 16 17 
77 88 111 112 114 11 13 14 15 16 17 
77 79 84 88 97 111 112 113 14 15 16 17 18 19 
79 84 88 89 97 98 19 20 21 22 23 24 
80 85 101 102 117 118 
80 85 102 116 118 119 36 37 38 
80 85 102 116 117 119 120 37 38 
85 117 118 120 37 38 39 
118 119 37 38 39 
76 78 85 40 41 
76 78 123 124 41 42 43 44 45 
76 78 122 124 43 44 45 46 
76 78 122 123 43 44 45 46 47 
76 78 126 47 48 49 
76 78 81 125 49 50 
76 81 86 91 104 128 129 54 55 56 57 58 
86 91 104 127 129 54 55 56 57 58 
86 91 92 104 105 127 128 56 57 58 
86 92 105 59 60 61 
132 61 62 63 64 
131 61 62 63 
82 65 66 67 
82 93 67 68 69 
82 87 93 94 71 
82 87 94 137 73 74 
87 136 72 73 74 75 

