21 271
12 13 14 15 18 19 20 21 16 17 8 9 10 
13 11 2 
12 13 14 18 4 5 6 7 
12 13 14 18 3 5 6 7 
12 13 14 18 19 20 16 3 4 6 7 8 9 
12 13 14 18 19 20 21 16 3 4 5 7 8 9 10 
12 13 14 18 19 20 16 3 4 5 6 8 9 10 
12 13 14 15 18 19 20 21 1 16 5 6 7 9 10 
12 13 14 15 18 19 20 21 1 16 5 6 7 8 10 
12 13 14 15 18 19 20 21 1 16 6 7 8 9 
12 13 
13 14 15 18 19 21 1 16 17 11 3 4 5 6 7 8 9 10 
12 14 15 18 19 20 21 1 16 11 2 3 4 6 7 8 9 10 
12 13 15 18 19 20 21 1 16 17 3 4 5 6 7 8 9 10 
12 13 14 18 19 21 1 16 17 8 9 10 
12 13 14 15 18 19 20 21 1 17 5 6 7 8 9 10 
12 14 15 18 19 20 21 1 16 
12 13 14 15 19 20 21 1 16 17 4 5 6 7 8 9 10 
12 13 14 15 18 20 21 1 16 17 5 6 8 9 10 
12 13 14 15 18 21 1 16 17 5 6 7 8 9 10 
12 13 14 15 18 19 20 16 17 6 8 9 10 

