164 1216
94 95 2 
83 94 95 124 1 
77 83 94 95 124 4 
77 83 96 124 3 
77 83 96 97 125 126 6 
77 83 96 97 126 5 
77 97 
76 98 99 
76 84 99 10 
76 84 9 11 12 
76 84 100 10 12 
76 84 100 10 11 13 
84 100 12 14 
76 84 100 101 13 15 
100 101 102 14 16 17 18 19 
100 101 102 15 17 18 19 
101 102 129 15 18 19 
100 101 102 129 15 16 17 19 20 
101 102 129 130 15 16 17 18 20 
101 102 129 130 18 19 
102 103 130 
78 85 103 131 132 23 
78 85 103 131 132 22 
78 85 104 133 25 26 
78 85 104 24 26 
78 85 104 134 24 25 
78 104 134 28 
86 104 27 
79 86 
79 105 135 136 137 138 31 
79 106 136 137 138 30 32 
105 106 137 139 140 31 
105 106 107 108 109 141 34 
107 109 141 33 
109 142 
142 37 38 39 
87 110 36 38 39 40 
37 39 
36 37 38 
87 110 111 143 37 
87 111 144 145 42 
88 112 43 
112 44 
88 113 147 43 46 47 
88 113 147 44 46 47 
80 88 113 147 44 45 47 
80 88 113 147 44 45 46 
80 114 115 149 150 49 
80 89 115 149 150 48 50 
89 114 115 149 150 49 51 
89 115 116 150 151 50 
89 90 116 151 152 53 54 
89 90 116 151 152 52 54 
90 153 154 52 53 55 56 
90 153 154 54 56 
90 153 154 54 55 
81 90 117 153 154 155 156 157 58 59 60 
81 91 117 153 154 155 156 157 57 59 60 
81 91 117 155 156 157 158 57 58 60 
81 91 117 155 156 157 158 57 58 59 61 62 
81 91 117 155 156 157 158 59 62 
81 91 92 117 156 157 158 159 60 61 
81 92 159 160 
81 92 159 160 63 
118 160 66 67 68 69 
118 160 65 67 69 
118 160 66 
118 65 67 69 
82 65 66 67 68 
82 118 119 120 121 161 71 
82 119 120 121 161 162 70 72 
82 121 162 71 73 
121 162 72 
93 122 123 163 164 75 
123 163 164 74 75 
77 78 84 98 99 100 101 102 127 128 8 9 10 11 12 13 14 
76 83 94 95 96 97 98 124 125 126 127 128 3 4 5 6 7 
76 86 103 104 131 132 133 134 23 24 25 27 
86 105 106 135 136 137 138 29 30 
88 89 113 114 115 147 148 149 150 46 47 48 49 
82 90 91 92 117 118 153 155 156 157 158 159 160 57 58 59 60 61 62 63 
81 93 118 119 120 121 161 162 69 70 71 72 73 
77 94 95 96 97 124 125 2 3 4 5 6 
76 99 100 101 9 10 11 12 13 14 
78 103 131 132 133 134 22 23 24 25 26 
78 104 27 28 29 
88 110 111 112 143 144 145 146 37 40 41 
80 87 112 113 147 42 43 45 46 47 
80 90 114 115 116 148 149 150 151 152 48 49 50 51 52 53 
81 89 91 116 117 151 152 153 154 155 52 53 54 55 56 57 
81 90 92 117 153 154 155 156 157 158 159 57 58 59 60 61 62 
81 91 117 158 159 160 62 63 64 
82 122 123 163 164 74 
83 96 124 1 2 3 
77 83 94 96 124 1 2 3 
77 95 97 124 126 3 4 5 6 
77 83 96 125 126 5 6 
76 77 99 127 128 
76 98 128 8 9 
84 101 102 11 12 14 15 16 17 18 
76 84 100 102 129 14 15 16 17 18 19 20 
76 100 101 103 129 130 15 16 17 18 19 20 21 
85 102 129 131 132 133 21 22 23 
78 85 86 134 24 25 26 27 28 
79 106 107 108 136 137 138 139 140 141 30 31 32 33 
79 105 107 108 137 138 139 140 141 31 32 33 
105 106 108 109 139 140 141 33 34 
105 106 107 109 141 34 
107 108 141 142 33 34 35 
87 111 143 144 145 146 37 40 
87 110 112 143 144 145 146 40 41 
87 88 111 144 145 146 41 42 43 
80 88 147 44 45 46 47 
80 89 115 148 149 48 49 50 
80 89 114 116 148 149 150 48 49 50 51 
89 90 115 151 152 51 52 
81 90 91 92 153 154 156 157 158 57 58 59 60 61 62 
81 82 119 120 121 160 161 65 66 67 68 69 70 
82 118 120 121 161 162 70 71 
82 118 119 121 161 162 70 71 
82 118 119 120 161 162 70 71 72 73 
93 123 163 164 74 
93 122 163 164 74 75 
77 83 94 95 96 3 4 
77 83 96 97 126 5 6 
77 96 125 5 6 
76 77 98 128 7 
76 77 98 99 127 
101 102 103 130 17 18 19 20 21 
102 103 129 19 20 21 
78 85 103 133 22 23 
78 103 131 133 22 23 
78 85 131 132 24 
78 85 104 24 25 26 27 
79 136 137 30 
79 105 135 137 30 31 
79 105 106 135 136 138 139 30 31 32 
79 105 106 137 140 30 31 32 
105 106 107 137 138 140 141 32 
105 107 138 139 141 32 
105 106 107 108 109 139 140 34 
109 35 36 
87 110 111 144 145 146 40 
87 110 111 112 143 145 146 41 
87 110 111 112 143 144 146 41 
87 110 111 112 144 145 
80 88 113 44 45 46 47 
80 89 114 115 149 48 
80 89 114 115 148 150 48 49 50 
80 89 114 115 149 48 49 50 51 
89 90 116 51 52 53 
89 116 151 52 53 
81 90 91 117 154 155 156 54 55 56 57 58 
90 91 117 153 155 54 55 56 57 58 
81 90 91 117 153 154 156 157 57 58 59 60 61 
81 91 117 153 155 157 158 57 58 60 61 62 
81 91 117 155 156 158 57 59 60 61 62 
81 91 92 117 156 157 159 59 60 61 62 
81 91 92 158 62 63 64 
92 118 63 64 65 66 67 
82 118 119 121 162 70 71 
82 119 120 161 71 72 73 
93 122 123 164 74 75 
123 163 74 75 

