73 459
21 30 73 
21 30 31 
22 55 56 57 33 34 
22 56 57 35 36 
22 57 35 36 37 6 
22 37 38 39 5 7 8 9 10 
22 37 38 39 6 8 9 10 
22 37 38 39 6 7 9 10 
37 38 39 6 7 8 10 
58 37 38 39 6 7 8 9 
58 38 39 40 12 
58 40 11 13 
58 40 41 12 
25 59 
27 61 62 42 
62 63 42 44 17 
62 63 44 16 18 
63 44 45 17 19 
44 45 46 47 48 18 20 
45 46 47 48 19 
22 24 52 53 54 55 30 31 32 67 50 69 23 71 72 73 1 2 
21 24 55 56 57 58 32 33 34 35 36 37 38 3 4 5 6 7 8 
21 54 50 71 72 
21 55 56 31 32 33 34 
26 27 59 60 61 41 14 
25 27 59 60 61 62 42 15 
25 26 59 60 61 62 63 42 43 15 
51 29 49 64 68 70 
51 28 49 64 68 70 
21 72 73 1 2 
21 24 2 
21 22 24 55 33 34 
22 24 55 34 3 
22 24 56 32 33 3 
22 56 57 36 4 5 
22 56 35 4 5 
22 58 38 39 5 6 7 8 9 10 
22 58 37 39 40 6 8 9 10 11 
58 37 38 40 6 7 8 9 10 11 
58 38 39 11 12 13 
25 58 59 13 
26 27 61 62 63 43 15 16 
27 62 63 42 44 16 
62 63 43 45 16 17 18 19 
63 44 47 48 18 19 20 
45 47 48 19 20 
45 46 48 19 20 
45 46 47 19 20 
51 28 29 70 65 
21 54 69 23 71 
52 28 29 49 64 68 70 65 
21 51 53 54 49 65 66 67 
21 52 54 66 67 50 
21 52 53 67 50 69 23 
21 22 24 56 32 33 34 3 
22 24 55 57 34 35 36 3 4 
22 55 56 35 36 4 5 
22 37 38 39 40 41 10 13 
25 26 27 60 41 14 
25 27 59 61 
25 26 27 59 60 42 15 
26 27 63 42 43 44 15 16 17 
62 42 43 44 45 16 17 18 
51 28 29 68 
51 52 49 66 
52 65 
52 53 54 
51 28 29 64 
21 54 50 23 71 72 
51 28 29 
21 50 69 23 72 
21 30 69 23 71 73 
72 1 

