68 498
11 31 32 2 3 
11 31 32 1 
11 29 31 32 33 1 
30 68 
6 7 9 10 11 23 54 14 22 25 24 26 27 49 50 51 55 
5 7 9 10 11 23 54 22 25 24 26 27 28 50 51 55 56 57 
5 6 9 17 18 19 20 21 52 53 54 12 13 14 41 42 43 44 46 47 
60 61 62 63 67 66 
5 6 7 20 21 54 14 15 16 22 47 48 
5 6 23 25 24 26 27 28 50 51 55 57 
5 6 10 23 29 28 31 32 33 57 58 59 1 2 3 
7 19 21 43 44 45 
7 9 20 14 15 44 45 46 47 48 
5 7 9 54 13 15 16 47 48 49 
9 54 13 14 16 48 49 
9 54 14 15 48 
7 18 19 52 53 34 35 36 37 38 39 40 41 
7 17 19 52 53 38 39 40 41 
7 17 18 20 21 52 53 12 40 41 42 43 
9 19 21 53 12 13 43 44 45 46 
7 9 19 20 12 13 43 44 45 46 47 
5 6 9 54 
5 6 10 11 24 26 27 28 51 55 56 57 58 59 
5 6 10 23 25 26 27 50 51 
5 6 10 24 
5 6 10 23 24 27 55 56 
5 6 10 23 24 26 55 56 
6 10 11 23 56 57 58 59 
11 60 31 32 33 30 3 4 68 
60 4 68 
11 29 32 33 1 2 3 
11 29 31 33 1 2 3 
11 29 31 32 3 
17 35 36 37 
17 35 34 36 37 
17 52 35 37 
17 52 34 35 36 38 
17 18 52 37 39 
17 18 52 53 38 40 
17 18 19 52 53 39 
7 17 19 53 42 
7 19 20 41 43 
19 21 12 
7 20 21 12 13 45 46 
7 20 21 12 13 44 46 
7 20 21 13 44 45 47 
9 21 13 14 46 48 
9 54 13 14 15 16 47 
5 9 54 14 15 16 
5 6 10 25 24 51 
5 6 10 23 24 50 
7 17 18 19 53 36 37 38 39 40 
17 18 19 20 52 39 40 41 42 
5 6 7 9 14 15 16 22 48 49 
5 6 23 26 27 56 
6 10 23 26 27 28 55 57 
6 10 11 23 28 56 58 59 
11 23 28 57 59 
11 23 28 57 58 
8 29 61 30 68 65 64 67 
8 60 62 63 64 67 
8 61 63 
8 61 62 66 
8 60 61 65 67 
60 65 64 
8 63 66 
8 60 61 64 
29 60 30 4 

