511 4648
392 452 453 510 2 3 122 123 124 125 126 
392 453 511 1 3 122 123 124 125 
392 453 1 2 4 124 125 126 127 128 129 
392 403 3 5 6 7 127 128 129 130 131 
392 403 4 7 127 128 129 130 131 
392 403 418 5 7 130 131 132 
392 403 418 4 5 6 130 131 132 
392 403 404 418 419 9 10 132 134 135 136 
392 403 404 418 419 8 10 132 133 135 136 
392 403 404 418 419 8 9 132 134 135 136 
456 457 12 143 144 145 146 
458 11 13 14 15 145 146 
458 12 14 146 147 
458 12 13 15 16 147 148 
458 12 13 14 16 147 
458 459 14 15 17 18 148 149 150 151 
459 460 16 18 19 148 149 150 151 152 153 
459 460 16 19 152 153 154 
459 460 17 18 151 152 153 154 
390 405 420 461 462 158 159 
390 405 406 420 463 464 465 160 161 
390 406 421 466 23 162 
406 421 466 22 163 
390 466 25 26 27 163 164 165 
390 421 466 24 26 27 163 164 
390 421 422 466 24 25 164 
390 422 24 25 26 164 165 
390 467 468 173 
390 424 468 173 174 
390 424 31 32 175 
424 30 32 175 
30 33 34 175 177 
32 34 35 175 176 177 178 
32 33 35 36 176 177 178 
33 34 37 176 177 178 
34 35 37 38 178 179 
407 35 36 38 179 
407 35 37 179 
407 469 40 41 181 182 183 184 185 186 187 
407 469 39 41 42 180 181 182 183 184 185 186 187 
407 469 39 40 42 183 184 185 187 188 
407 469 40 186 187 188 
407 469 188 189 
470 471 45 189 190 191 192 
470 471 44 46 189 190 191 192 193 
425 470 471 472 44 45 47 191 192 193 194 195 196 197 
425 470 471 472 46 48 193 194 195 196 197 
425 472 473 474 47 198 
425 426 427 473 474 50 
425 426 473 474 49 
52 53 
428 51 53 54 
428 51 54 
428 52 53 
393 408 429 
393 398 408 429 430 431 475 57 58 
393 398 408 430 475 56 58 
393 398 408 475 56 57 59 
393 398 408 432 475 58 60 
393 396 398 408 432 59 61 
393 396 399 432 60 
393 394 398 399 409 432 433 63 64 
393 394 396 398 399 409 432 433 62 64 
393 394 396 398 399 409 433 62 63 65 
391 393 394 396 399 409 433 476 64 66 
391 394 396 399 409 410 433 476 65 
391 394 396 410 477 
391 394 410 434 477 67 69 
391 394 434 68 
391 400 411 435 71 
391 411 70 72 
391 400 411 480 70 71 
391 400 411 436 480 481 74 75 
391 400 411 436 480 481 73 75 
391 400 411 436 480 481 73 74 
400 436 437 77 78 79 
437 76 78 79 
437 76 79 
437 482 76 77 78 
397 482 483 
397 438 484 82 
397 484 81 83 
484 82 
439 440 485 85 
486 84 
440 441 486 87 88 
441 486 86 88 
441 86 87 
441 487 
442 487 488 92 
442 488 90 
442 488 90 91 
412 443 489 94 
395 412 443 489 93 
395 401 490 491 492 493 494 495 96 97 
395 401 413 490 491 492 493 494 95 97 
395 401 413 493 494 495 95 96 
414 444 445 497 498 499 99 100 101 102 103 
414 444 445 498 499 98 100 101 102 103 105 106 
414 444 445 498 499 98 99 101 102 103 104 105 106 
414 444 445 498 499 98 99 100 102 103 104 105 106 
414 444 445 446 498 499 98 99 100 101 103 104 105 106 107 
414 444 445 446 499 98 100 101 102 104 105 106 107 
414 444 445 446 498 499 99 100 101 102 103 105 106 107 108 
414 444 445 446 498 499 99 101 102 103 104 106 107 108 
414 444 445 446 498 499 99 100 101 102 103 104 105 107 108 
414 444 445 446 498 499 102 103 105 106 108 
414 444 445 446 498 104 105 106 107 109 
415 444 445 446 447 500 108 110 
415 416 446 447 500 501 109 111 
415 416 447 502 110 
402 415 416 448 449 450 502 503 113 
402 448 449 450 503 112 
402 417 451 504 505 506 507 115 
392 417 451 505 506 507 508 114 
392 508 509 117 118 119 
392 508 116 118 119 
392 508 509 116 117 119 
392 508 509 116 117 118 120 
392 452 510 119 121 
392 452 510 120 
392 452 453 510 511 1 2 124 125 
392 452 453 510 511 1 2 122 124 125 
392 452 453 511 1 2 3 122 123 125 
392 453 511 1 2 3 122 123 124 126 
392 453 1 2 3 125 127 
392 453 3 4 5 128 129 130 
392 3 4 5 127 129 130 
392 3 4 5 127 128 130 
392 403 4 5 6 7 127 128 129 131 
392 403 4 5 6 7 130 
392 403 404 418 419 6 7 8 9 10 133 134 135 
392 403 418 419 7 8 9 132 134 135 
392 403 404 419 8 9 10 132 133 135 136 
392 403 404 418 419 8 9 10 132 133 134 136 
392 403 404 418 419 8 9 10 134 135 
392 403 404 418 419 454 
454 455 139 
454 455 456 138 140 
455 456 457 141 
455 456 457 140 142 
455 456 457 140 141 
455 456 457 11 144 
457 11 143 145 
457 11 12 144 146 
11 12 13 144 145 
458 12 13 14 15 
458 459 14 15 16 17 149 150 
458 459 17 148 150 
458 459 16 17 148 149 151 
459 460 16 17 18 19 150 152 153 
459 460 17 18 19 151 153 
459 17 18 151 152 154 
459 461 19 153 
405 460 461 462 156 157 
405 461 462 155 157 
405 462 155 156 
405 420 462 20 
405 420 20 160 
390 405 406 420 463 464 21 159 
390 406 420 463 464 465 21 
406 22 
390 421 466 23 25 164 
390 421 466 24 25 26 27 163 165 
390 421 466 24 25 26 27 164 
422 167 168 
390 422 423 166 168 170 
390 423 166 167 169 170 
390 423 167 168 170 
390 423 467 167 168 169 171 
390 423 467 170 172 
390 423 467 468 171 
468 28 29 
390 424 
30 31 32 33 
32 33 34 35 177 178 
32 33 34 35 176 178 
33 34 35 36 176 177 
407 36 37 38 180 
407 39 40 179 181 182 
40 180 182 
407 39 40 180 181 183 184 185 
407 469 39 40 41 182 184 185 186 187 
469 39 40 41 182 183 185 186 187 
407 469 39 40 41 182 183 184 186 187 
407 469 39 40 41 42 183 184 187 
407 469 39 40 41 42 183 184 185 
407 469 41 42 43 
470 43 44 45 190 
470 471 44 45 189 191 192 
471 44 45 46 190 192 
471 44 45 191 
425 470 471 472 45 46 47 194 195 196 197 
425 470 471 472 47 193 195 196 197 
425 470 471 472 46 47 193 194 196 197 
425 470 471 472 46 193 194 195 197 
425 470 471 472 46 47 193 194 196 
425 472 473 48 
426 427 
426 427 199 
204 205 206 209 210 217 218 219 220 233 234 235 251 252 253 254 255 256 283 284 285 286 287 358 360 361 362 363 364 365 366 367 368 369 370 371 
203 207 211 212 213 224 238 239 263 264 265 266 267 268 297 298 299 300 425 426 427 473 49 50 199 200 
202 207 208 211 212 213 224 225 238 239 240 241 242 268 269 270 302 303 304 305 306 307 
201 205 206 210 217 218 219 220 233 234 235 251 252 253 254 255 256 257 285 286 287 365 366 367 368 369 370 371 372 
201 204 206 210 234 235 252 254 255 256 257 286 287 365 366 367 368 369 370 371 372 
201 204 205 210 218 219 220 234 235 252 253 254 255 256 286 287 365 366 367 368 369 370 371 372 
202 203 211 212 213 224 225 238 239 240 241 268 269 270 302 303 304 305 306 
203 214 215 216 226 227 228 229 243 244 245 271 272 273 312 313 314 315 316 317 318 319 320 321 322 323 324 325 
201 210 217 231 232 233 248 249 250 280 281 282 349 350 351 352 353 
201 204 205 206 209 217 233 234 250 251 252 283 284 285 354 355 356 357 358 359 360 361 362 363 364 
202 203 207 212 213 224 238 239 240 266 267 268 299 300 301 
202 203 207 211 213 238 239 240 267 268 300 301 302 303 
202 203 207 211 212 224 225 239 240 241 269 270 302 303 304 305 306 307 
208 215 216 226 227 228 229 244 245 271 272 273 274 311 312 313 314 315 316 317 318 319 320 321 322 323 324 325 326 327 328 329 330 
208 214 216 226 227 228 229 245 271 272 273 274 318 320 321 322 323 324 325 326 327 328 329 330 331 
208 214 215 226 227 228 229 245 271 272 273 274 318 321 322 323 324 325 326 327 328 329 330 331 
201 204 209 210 231 232 233 249 250 281 282 351 352 353 
201 204 205 206 219 220 221 234 235 256 257 258 259 287 372 373 374 375 
201 204 205 206 218 220 221 222 235 236 256 257 258 259 288 374 375 376 377 378 
201 204 206 218 219 221 222 235 236 237 257 258 259 288 375 376 377 378 379 
218 219 220 222 235 236 237 258 259 288 375 376 377 378 379 380 
219 220 221 223 235 236 237 288 289 378 380 381 
222 237 260 261 262 289 290 291 292 293 294 295 384 385 386 
202 203 207 211 212 213 225 239 240 241 268 269 302 303 304 
203 207 213 224 240 241 269 270 305 306 307 
208 214 215 216 227 243 244 271 272 311 312 313 314 315 316 317 
208 214 215 216 228 243 244 271 272 311 312 313 314 315 316 317 318 319 320 321 
208 214 215 216 227 229 245 273 274 321 322 323 324 325 326 327 328 329 330 331 
208 214 215 216 228 245 246 273 274 331 332 
246 247 275 276 334 335 336 337 338 
209 217 232 248 249 250 281 351 352 
209 217 231 249 250 281 351 352 
201 204 209 210 217 251 283 284 354 355 356 357 358 360 
201 204 206 210 218 252 253 254 255 286 365 366 367 368 369 370 
201 204 205 206 218 219 220 221 222 256 257 258 259 374 375 376 377 
219 220 221 222 237 289 379 380 381 
221 222 223 236 289 380 381 
202 203 207 211 212 239 267 268 300 
202 207 211 212 213 224 238 240 268 301 302 
203 207 211 212 213 224 225 239 302 303 304 
203 207 213 224 225 269 270 305 306 307 
203 308 309 310 
208 226 227 244 311 243 
208 214 226 227 271 312 313 
208 214 216 228 229 274 323 324 325 326 327 328 329 330 331 
229 230 247 275 333 334 335 
230 246 275 336 337 338 
209 231 280 348 349 350 
209 217 231 232 281 351 
209 210 217 231 232 281 282 353 
201 204 210 233 283 284 285 356 357 358 359 360 361 362 363 
201 204 205 206 210 234 253 254 286 365 366 
201 204 205 206 234 252 254 286 365 366 
201 204 205 206 234 252 253 255 366 367 368 369 
201 205 206 254 367 368 369 370 
201 204 205 206 218 235 257 287 372 373 
204 205 218 219 220 235 256 258 259 374 375 
218 219 220 221 235 257 259 374 375 376 
218 219 220 221 235 257 258 374 375 376 
223 261 262 292 293 294 295 296 386 387 388 
223 260 262 294 295 296 387 388 389 
223 260 261 295 296 387 388 389 
202 264 265 297 199 200 
202 263 265 297 
202 263 264 266 297 298 
202 211 265 267 298 299 
202 211 212 238 266 298 299 
202 203 207 211 212 224 238 239 301 
203 207 213 224 225 306 
203 207 213 225 241 306 307 
208 214 215 216 226 227 244 272 311 312 313 314 315 316 317 318 319 320 321 
208 214 215 216 226 227 271 312 313 314 315 316 317 318 319 320 321 
208 214 215 216 228 229 245 274 323 325 326 327 328 329 330 
214 215 216 228 229 245 273 328 329 330 
230 246 247 333 334 335 336 337 
230 277 339 340 341 342 
276 278 339 340 341 342 343 344 345 
277 279 339 341 342 343 344 345 
344 345 346 347 
209 248 347 348 349 350 
209 217 231 232 249 250 282 351 352 
209 217 250 281 353 
201 210 233 251 284 354 355 356 357 358 
201 210 233 251 283 354 355 356 357 358 359 
201 204 210 251 360 361 362 363 364 
201 204 205 206 234 252 253 365 366 
201 204 205 206 218 256 370 371 372 
219 220 221 222 236 378 379 
222 236 237 381 382 383 384 
223 291 383 384 385 
223 290 292 293 385 386 
223 260 291 293 294 385 386 
223 260 291 292 294 386 
223 260 292 293 295 386 
223 260 261 262 294 296 387 388 
260 261 262 295 387 388 389 
202 263 265 
202 265 299 
202 211 266 267 298 
202 211 212 238 301 
211 212 238 239 268 300 
203 207 212 213 239 240 303 304 
203 207 212 213 224 302 304 
203 207 213 224 240 302 
203 213 225 241 269 306 307 
203 213 225 241 269 270 307 
203 213 225 241 270 305 306 
242 309 310 
242 308 310 
242 308 309 
208 214 226 227 243 244 271 312 313 
208 214 226 227 244 271 272 311 313 314 315 316 317 
208 226 227 244 271 272 311 312 314 315 316 317 318 
208 214 226 227 271 272 312 313 315 316 317 318 319 320 
208 214 226 227 271 272 312 313 314 316 317 318 320 
208 214 226 227 271 272 312 313 314 315 317 318 319 320 
208 226 227 271 272 312 313 314 315 316 318 319 320 
208 214 215 216 227 271 272 313 314 315 317 319 320 321 
208 214 227 271 272 314 315 316 317 318 320 321 
208 214 215 216 227 271 272 314 315 316 317 318 319 321 
208 214 215 216 227 228 271 272 318 319 320 322 323 324 
208 214 215 216 228 321 323 324 325 326 327 328 
214 215 216 228 245 273 321 322 324 325 326 327 328 
208 214 215 216 228 245 321 322 323 325 327 328 
208 214 215 216 228 245 273 322 323 324 326 327 328 329 
214 215 216 228 245 273 322 323 324 325 327 328 329 
214 215 216 245 273 322 323 324 325 326 328 329 
214 215 216 228 245 273 274 322 323 324 325 326 327 329 
214 215 216 228 245 273 274 325 326 327 328 330 
214 215 216 228 245 273 274 329 
215 216 228 229 245 332 
229 331 
246 275 334 
230 246 333 335 
230 246 275 334 336 
230 247 275 334 335 337 338 
230 247 275 336 338 
230 247 336 337 
276 277 278 340 341 342 343 
276 277 339 343 
277 339 340 342 343 
276 277 278 339 340 341 343 
277 278 339 340 341 342 344 
277 278 279 343 345 
277 278 279 344 346 
279 345 
279 280 
248 280 349 
209 248 280 348 
209 248 280 349 
209 231 232 249 281 352 
209 231 232 249 281 351 
209 217 250 282 
210 233 283 284 355 356 357 
210 233 283 284 354 356 
210 233 251 283 284 354 355 357 
233 251 283 284 354 355 356 
201 210 233 251 283 284 359 360 361 
210 233 251 284 358 360 361 
201 210 233 251 285 358 359 361 
201 210 251 285 358 359 360 362 
201 210 251 285 360 361 363 364 
201 210 251 285 362 364 
201 210 285 362 363 
201 204 205 206 252 253 286 
201 204 205 206 234 252 253 254 286 365 
204 205 206 234 254 255 368 369 
201 204 205 206 234 254 255 367 369 
201 204 205 206 234 254 255 367 368 
201 204 205 206 234 255 287 371 
201 204 205 206 287 370 
204 205 206 218 256 287 373 
218 256 372 
218 219 235 257 258 259 
218 219 220 221 235 257 258 259 376 
219 220 221 235 258 259 375 377 
219 220 221 376 378 
219 220 221 222 288 377 
221 222 236 
221 222 236 237 
222 236 237 289 382 383 
381 383 384 
289 290 382 384 
223 289 290 382 383 
223 290 291 292 386 
260 291 292 293 294 385 
261 295 296 388 389 
260 261 262 295 296 387 389 
261 262 296 387 388 
392 405 406 407 420 421 422 423 424 461 462 463 464 465 466 467 468 20 21 22 23 24 25 26 27 28 29 30 160 161 162 163 164 165 166 167 168 169 170 171 172 173 174 
393 394 396 397 398 399 400 408 409 410 411 432 433 434 435 436 437 476 477 478 479 480 481 65 66 67 68 69 70 71 72 73 74 75 
390 395 402 403 404 415 417 418 419 449 451 452 453 454 505 506 507 508 509 510 511 1 2 3 4 5 6 7 8 9 10 115 116 117 118 119 120 121 122 123 124 125 126 127 128 129 130 131 132 133 134 135 136 137 
391 394 396 398 399 409 410 428 429 430 431 432 433 475 476 55 56 57 58 59 60 61 62 63 64 65 
391 393 396 398 399 400 408 409 410 432 433 434 435 476 477 478 62 63 64 65 66 67 68 69 
392 401 412 413 414 443 444 445 489 490 491 492 493 494 495 497 498 94 95 96 97 
391 394 398 399 408 409 410 432 433 434 476 477 60 61 63 64 65 66 67 
391 438 439 483 484 80 81 82 83 
391 393 394 396 399 408 409 429 430 431 432 433 475 476 56 57 58 59 60 61 62 63 64 
391 393 394 396 398 408 409 410 432 476 61 62 63 64 65 66 
391 394 411 436 437 480 481 70 72 73 74 75 76 
395 412 413 414 443 444 490 492 493 494 496 497 95 96 97 
392 415 416 447 448 449 450 451 501 502 503 504 505 506 507 112 113 114 
392 404 418 419 454 4 5 6 7 8 9 10 130 131 132 133 134 135 136 137 
392 403 418 419 454 8 9 10 132 134 135 136 137 
390 406 420 460 461 462 463 464 465 20 21 155 156 157 159 160 
390 405 420 421 463 464 465 466 21 22 23 160 
390 469 38 39 40 41 42 43 179 180 181 182 183 184 187 188 
391 393 394 396 398 399 428 429 430 431 432 475 55 56 57 58 59 60 
391 393 394 396 398 399 410 432 433 476 62 63 64 65 66 
391 393 394 396 399 409 433 434 476 477 66 67 68 
391 400 436 480 481 70 71 72 73 74 75 
395 401 413 442 443 488 489 490 93 94 
395 401 412 443 490 491 492 493 494 495 95 96 97 
395 401 444 445 446 496 497 498 499 98 99 100 101 102 103 104 105 106 107 108 
392 402 416 444 446 447 448 449 500 501 502 109 110 111 112 
402 415 447 448 449 500 501 502 110 111 112 
392 402 448 449 450 451 503 504 505 506 507 508 114 115 
392 403 404 419 454 6 7 8 9 10 132 133 134 135 136 137 
392 403 404 418 454 8 9 10 132 133 134 136 137 
390 405 406 462 463 464 465 20 21 158 159 160 161 
390 406 422 466 22 23 24 25 26 27 163 164 165 
390 421 423 466 26 27 166 167 
390 422 467 468 28 167 168 169 170 171 172 
390 29 30 31 174 
426 470 471 472 473 474 46 47 48 49 50 193 194 195 196 197 198 
263 264 265 297 425 427 474 49 50 199 200 
263 264 265 297 426 49 199 200 
393 408 429 430 51 53 
393 398 408 428 430 431 56 
393 398 408 428 429 431 475 56 57 
393 398 408 429 430 475 55 56 57 
391 393 394 396 398 399 408 409 433 475 59 60 61 62 63 
391 393 394 396 398 399 409 410 432 476 62 63 64 65 66 
391 394 396 410 435 479 68 69 
391 394 434 478 479 70 
391 400 411 437 480 481 73 74 75 76 
391 400 436 76 77 78 79 
482 484 81 
397 440 485 84 
439 441 485 486 84 85 86 
440 487 86 87 88 89 
412 487 488 90 91 92 
395 401 412 413 489 490 491 492 93 94 
395 401 414 415 445 446 447 497 498 499 500 98 99 100 101 102 103 104 105 106 107 108 109 
395 414 444 446 447 498 499 500 98 99 100 101 102 103 104 105 106 107 108 109 
414 415 416 444 445 447 498 499 500 102 103 104 105 106 107 108 109 110 
402 415 416 444 445 446 448 500 501 502 109 110 111 
402 415 416 417 447 449 450 501 502 503 112 113 
392 402 415 416 448 450 451 503 504 112 113 
402 417 448 449 451 504 112 113 
392 402 417 449 450 503 504 505 506 507 508 114 115 
392 453 510 511 1 120 121 122 123 124 
392 452 510 511 1 2 3 123 124 125 126 127 
392 403 404 418 419 455 456 137 138 139 
454 456 457 138 139 140 142 143 
454 455 457 11 139 140 141 142 143 
455 456 11 140 141 142 144 145 
459 12 13 14 15 16 147 148 149 150 
460 16 17 18 19 148 149 150 151 152 153 154 
405 459 461 17 18 19 151 152 153 154 155 
390 405 460 462 20 154 155 156 157 
390 405 420 461 20 155 156 157 158 
390 405 406 420 464 465 21 159 160 161 
390 405 406 420 463 465 21 160 161 
390 405 406 463 464 161 
390 406 421 422 22 23 24 25 26 27 164 165 
390 423 28 170 171 172 
390 423 467 28 29 172 173 
407 39 40 41 42 43 183 184 185 186 187 188 
425 471 472 44 45 46 47 189 190 191 192 193 194 195 196 197 
425 470 472 44 45 46 47 190 191 192 193 194 195 196 197 
425 470 471 473 46 47 48 193 194 195 196 197 198 
425 426 472 474 48 49 50 198 
425 426 473 49 50 
393 398 408 429 430 431 432 56 57 58 59 
391 393 394 396 398 399 409 410 433 65 66 
391 394 396 410 434 67 68 
391 394 434 435 479 
391 434 435 478 
391 400 436 481 72 74 75 
391 400 411 436 480 73 74 75 
397 438 79 80 
397 482 80 
397 438 81 82 83 
440 84 
441 85 86 87 
441 442 88 89 90 
412 442 90 91 92 
395 412 443 93 94 
395 401 412 443 491 492 493 95 96 
395 401 413 443 490 492 493 95 96 
395 401 413 443 490 491 493 95 96 
395 401 413 490 491 492 494 495 95 96 97 
395 401 413 493 495 95 96 97 
395 401 413 493 494 496 95 96 97 
395 401 414 495 497 
395 414 444 496 498 98 
395 414 444 445 446 497 499 98 99 100 101 102 103 104 105 106 107 108 
414 444 445 446 498 98 99 100 101 102 103 104 106 107 
415 416 444 445 446 447 501 109 110 111 
415 416 447 448 500 502 110 111 
402 415 416 447 448 501 111 112 
402 417 448 449 450 451 504 112 113 
402 417 449 450 451 503 505 506 507 114 
392 402 417 451 504 506 507 508 114 115 
392 402 417 451 504 505 507 508 114 115 
392 402 417 451 504 505 506 508 114 115 
392 417 505 506 507 509 115 116 117 118 119 
392 508 116 117 118 119 
392 452 453 511 1 120 121 122 123 
392 452 453 510 1 2 122 123 124 

