204 1684
111 130 160 2 3 
111 160 1 
111 130 160 1 2 4 5 6 
111 130 160 3 5 6 
111 130 160 3 4 6 
111 130 160 3 4 5 
99 112 130 131 161 162 
99 112 131 163 9 
99 112 131 163 8 
99 11 12 
99 105 10 12 13 
99 105 10 11 13 
99 105 11 12 14 
99 100 105 113 13 15 16 
100 105 113 14 16 
99 100 101 105 113 164 14 15 17 
99 100 101 105 113 164 16 
99 101 105 113 164 19 
99 100 101 105 113 164 18 20 
99 100 101 105 165 19 21 
99 101 165 20 
99 100 101 114 166 
99 100 101 114 166 24 25 
99 100 101 114 166 23 
99 100 101 114 132 167 23 26 27 
100 101 114 132 167 25 27 
100 101 132 167 26 
107 115 170 171 29 
107 115 170 171 172 173 28 
107 115 133 172 173 
107 133 134 174 32 
133 174 33 
134 174 32 
175 176 
135 136 175 177 36 37 38 39 
135 136 176 177 35 37 38 
135 136 176 177 35 36 38 
135 136 177 35 36 37 39 
136 137 177 178 35 38 40 41 
136 137 178 39 41 
136 137 178 39 40 
137 178 43 44 
137 42 45 
42 43 45 
43 44 46 
116 45 
108 116 138 48 49 
108 138 47 49 
108 116 117 47 48 
102 108 116 117 138 139 51 
102 108 116 117 138 139 50 
102 108 53 54 
102 52 54 55 
102 52 53 55 56 57 
102 54 56 57 
102 54 55 57 58 
102 54 56 58 
102 56 57 
102 118 60 
118 140 59 
102 103 118 119 140 141 179 180 
103 118 141 142 179 180 181 182 63 
103 119 142 181 182 62 
103 104 109 120 142 143 182 65 
103 104 109 120 144 183 64 
103 104 109 120 121 122 144 183 184 67 
104 109 120 121 122 144 145 185 66 
104 122 145 185 186 69 70 
104 122 145 186 68 70 
104 122 146 186 68 69 
104 146 72 73 
146 71 73 
123 146 71 72 
123 124 147 187 
123 124 147 187 76 
123 124 125 147 148 187 75 
110 125 148 149 189 78 
110 125 148 149 189 190 77 
110 125 149 189 190 191 
152 194 195 196 81 82 
152 196 80 82 
153 196 80 81 
126 127 153 154 155 197 
126 153 154 155 197 198 
126 127 156 199 200 201 
106 128 156 157 87 
156 157 86 
106 128 158 159 202 203 89 90 91 92 
106 128 158 159 202 88 90 91 92 
106 128 158 159 202 203 88 89 91 92 
106 128 158 159 202 203 88 89 90 92 
158 159 202 203 88 90 91 
106 129 94 
129 204 93 95 
129 204 94 
204 97 
96 98 
97 98 
100 101 102 105 107 111 112 113 114 115 130 131 132 161 162 163 164 165 166 167 168 7 8 9 10 11 12 13 14 15 16 17 18 19 20 21 22 23 24 25 
99 101 105 107 112 113 114 115 132 164 165 166 167 168 169 14 15 16 17 18 19 20 21 22 23 24 25 26 27 
99 100 105 107 112 113 114 115 132 133 164 165 166 167 168 169 170 16 17 18 19 20 21 22 23 24 26 27 
99 103 104 108 109 116 117 118 119 120 138 139 140 141 142 179 180 181 50 51 52 53 54 55 56 57 58 59 60 61 
102 104 108 109 118 119 120 121 122 140 141 142 143 144 145 179 180 181 182 183 184 61 62 63 64 65 66 
102 103 109 118 119 120 121 122 123 141 142 143 144 145 146 182 183 184 185 186 64 65 66 67 68 69 70 
99 100 101 112 113 114 131 164 165 10 11 13 14 15 16 17 18 20 
126 128 129 156 157 158 159 202 203 86 88 89 90 91 92 93 
99 100 101 115 133 134 169 170 171 172 173 174 28 29 30 31 
102 103 116 117 138 139 47 48 49 50 51 52 
102 103 104 119 120 121 122 141 142 143 144 145 182 183 184 185 186 64 65 66 67 
124 125 148 149 150 151 152 188 189 190 191 192 77 78 79 
99 112 130 160 1 2 3 4 5 6 
99 100 101 105 111 130 131 161 162 163 7 8 9 
99 100 101 105 164 14 15 16 17 18 19 
99 100 101 105 132 165 166 167 22 23 24 25 26 
99 100 101 107 133 169 170 171 172 173 28 29 30 
102 108 117 138 139 46 47 48 49 50 51 
102 108 116 138 139 49 50 51 
102 103 119 140 141 142 179 181 59 60 61 62 
102 103 104 109 118 120 140 141 142 143 179 180 181 182 61 62 63 
102 103 104 109 119 121 122 142 143 144 145 182 183 184 64 65 66 67 
104 109 120 122 143 144 145 183 184 185 66 67 
103 104 109 120 121 144 145 146 184 185 186 66 67 68 69 70 
104 124 125 146 147 148 187 188 73 74 75 76 
110 123 125 147 148 149 187 188 74 75 76 77 
110 123 124 147 148 149 187 188 189 190 77 78 79 
106 127 153 154 155 156 197 198 199 200 201 83 84 85 
126 153 154 155 156 197 198 199 200 201 83 84 85 
106 157 159 202 86 88 89 90 91 
106 159 202 203 204 93 95 
99 111 112 131 160 161 162 1 3 4 5 6 7 
99 105 112 130 161 162 7 8 9 
99 100 101 114 167 168 25 26 27 
101 107 115 134 172 173 174 30 31 32 
107 133 135 174 175 31 32 33 
134 136 174 175 176 177 34 35 36 37 38 
135 137 176 177 178 35 36 38 39 40 41 
136 178 39 40 41 42 43 
102 108 116 117 139 47 48 49 50 
102 108 116 117 138 50 51 
102 103 119 142 179 180 181 59 60 61 
102 103 104 109 118 119 140 142 179 180 181 182 61 62 63 
102 103 104 109 118 119 120 140 141 143 179 180 181 182 62 63 64 
103 104 109 119 121 142 144 182 183 64 65 
103 104 109 120 121 122 143 145 183 184 185 65 66 67 
103 104 109 120 121 122 144 184 185 186 67 68 69 
104 122 123 186 68 70 72 73 
123 124 125 148 188 74 75 76 
110 123 124 125 147 149 187 188 189 190 76 77 78 
110 124 125 188 189 190 191 78 79 
110 151 152 192 193 
110 150 152 192 193 194 195 
110 150 151 193 194 195 196 80 81 
126 127 154 155 197 198 82 83 84 
126 127 153 155 197 198 83 84 
127 153 197 198 199 83 84 
106 126 199 200 201 85 86 87 
106 156 201 86 87 
106 128 159 88 89 90 91 92 
106 128 129 158 202 203 88 89 90 91 92 
111 130 1 2 3 4 5 6 
99 112 130 131 162 7 
99 112 130 131 161 7 
99 112 131 8 9 
99 100 101 105 113 16 17 18 19 
99 100 101 114 20 21 
99 100 101 114 22 23 24 
99 100 101 132 168 25 26 27 
99 100 101 132 167 
100 101 107 115 170 171 
101 107 115 169 171 172 28 29 
107 169 172 173 28 29 
107 115 133 170 171 173 29 30 
107 115 133 171 172 29 30 
107 133 134 135 175 31 
134 135 174 176 34 35 
135 175 34 35 36 37 
135 136 175 176 35 36 37 38 39 
136 137 39 40 41 42 
102 103 118 119 141 142 181 61 62 
102 103 118 119 140 141 142 179 181 61 62 
102 103 118 119 140 141 142 179 180 182 62 63 
103 104 109 119 120 141 142 143 181 62 63 64 
103 104 109 120 121 143 144 184 65 66 
103 104 109 120 121 122 144 145 183 185 66 67 
104 109 121 144 145 186 67 68 
104 109 122 145 146 185 69 70 
123 124 125 147 148 188 74 75 76 
110 123 124 125 147 148 149 187 76 77 
110 125 148 149 190 191 77 78 79 
110 125 148 149 189 191 78 79 
110 125 189 190 192 79 
110 150 151 191 193 
110 150 152 192 194 
151 152 193 195 196 80 
151 152 194 196 80 
152 194 195 80 81 82 
126 127 153 155 198 199 83 84 
126 127 153 154 155 197 199 84 
126 127 155 156 197 198 200 201 84 85 
126 127 156 199 201 85 
126 127 156 157 199 200 85 
106 128 129 158 159 203 88 89 90 91 92 
106 129 158 159 202 88 90 91 92 
129 94 95 96 

