41 270
41 21 7 6 
14 15 38 25 40 19 27 28 5 
15 41 20 24 4 
15 41 24 3 
14 15 38 25 40 19 27 28 2 
1 21 7 8 
21 7 6 8 9 
21 22 6 7 9 10 
21 22 7 8 
21 22 8 9 
12 13 14 18 23 16 31 32 33 34 35 36 
11 13 16 29 30 31 12 
11 12 18 23 31 32 33 34 35 
11 15 18 23 38 25 40 17 19 39 27 28 2 
14 38 25 40 41 19 20 24 28 2 5 3 4 
11 12 29 30 
14 18 23 38 25 19 39 27 
11 13 14 23 34 35 36 37 26 39 
14 15 38 25 40 17 20 27 28 2 
15 38 25 40 19 24 3 
1 22 6 7 8 9 10 
21 8 9 10 22 
11 13 14 17 36 37 26 39 
15 41 20 3 4 
14 15 38 40 17 19 20 27 28 2 5 
18 23 36 37 
14 38 25 40 17 19 28 2 5 
14 15 38 25 40 19 27 2 5 
12 30 
12 16 29 
11 12 13 32 33 
11 13 31 33 
11 13 31 32 
11 13 18 
11 13 18 34 36 
11 18 23 35 37 26 
18 23 36 26 
14 15 25 40 17 19 20 27 28 2 5 
14 18 23 17 
14 15 38 19 27 28 2 5 
15 1 24 3 4 41 

