90 740
81 2 23 24 25 26 27 28 29 
81 1 24 26 27 28 29 
68 69 70 76 4 37 
68 69 70 37 
66 77 82 6 41 
66 77 82 5 7 41 42 
66 71 77 82 6 8 9 41 42 43 44 
66 71 72 77 7 9 43 44 45 46 
66 71 77 7 8 43 44 45 46 
71 72 73 78 11 12 48 49 50 51 
71 72 73 78 10 12 49 50 51 
73 78 83 10 11 13 50 51 52 53 54 55 
73 83 12 14 52 53 54 55 
73 74 83 84 85 13 15 56 
73 74 84 85 14 16 56 57 
74 75 79 84 85 15 57 
74 75 79 85 86 87 18 58 
74 75 79 86 58 
67 74 75 79 86 87 88 58 59 60 
67 89 90 63 64 
80 22 90 
80 21 90 
1 24 
2 23 25 26 27 
81 1 2 24 26 27 28 29 
81 1 2 24 25 27 28 29 
81 1 2 24 25 26 28 29 
81 1 2 25 26 27 29 
81 1 2 25 26 27 28 30 31 
76 81 29 31 32 
76 81 29 30 32 
76 81 30 31 33 34 35 
81 32 34 35 
76 81 33 35 
76 81 32 33 34 36 
68 76 35 
68 69 70 3 4 
70 40 
70 38 40 
70 38 39 
66 77 82 5 6 7 42 
66 77 6 7 41 43 44 
66 77 7 8 9 42 
66 77 7 8 9 42 43 45 
66 71 8 9 44 
66 71 72 77 8 9 45 47 
66 71 72 77 46 
71 72 78 10 
72 73 78 10 11 50 51 
73 78 83 10 11 12 49 51 52 
73 78 83 10 11 12 49 50 52 
73 12 13 50 51 53 54 55 
73 83 12 13 52 54 55 
73 83 12 13 52 53 55 
73 83 12 13 52 53 54 
73 74 83 84 85 14 15 
74 75 79 84 85 86 15 16 
67 74 75 79 86 87 17 18 19 59 60 
67 74 75 79 86 87 19 58 60 
67 75 87 88 19 58 59 61 
67 75 87 88 60 62 
67 88 61 
67 89 
67 89 90 20 65 
67 90 
68 70 71 72 73 78 82 5 6 7 8 9 41 42 43 44 45 46 47 
80 74 75 79 86 87 88 89 90 19 20 58 59 60 61 62 63 64 65 
66 69 70 76 81 3 4 36 37 
68 70 76 3 4 37 
66 68 69 82 3 4 5 37 38 39 40 
66 72 73 77 78 7 8 9 10 11 45 46 47 48 
66 71 73 77 78 83 8 10 11 46 47 48 49 
66 71 72 74 75 78 79 83 84 85 10 11 12 13 14 15 49 50 51 52 53 54 55 56 
67 73 75 79 83 84 85 86 87 88 15 16 17 18 19 56 57 58 59 
67 73 74 79 84 85 86 87 88 16 17 18 19 57 58 59 60 61 
68 81 3 30 31 32 33 34 35 36 
66 71 72 82 5 6 7 8 9 41 42 43 44 45 46 47 
66 71 72 73 83 10 11 12 49 50 51 
67 73 74 75 84 85 86 87 88 16 17 18 19 57 58 59 
21 22 80 90 
68 76 1 2 25 26 27 28 29 30 31 32 33 34 35 
66 70 77 5 6 7 41 
72 73 74 78 84 13 14 50 51 52 53 54 55 56 
73 74 75 79 83 85 86 14 15 16 56 57 
73 74 75 79 84 86 14 15 17 56 57 
67 74 75 79 84 85 87 17 18 19 57 58 59 
67 74 75 79 86 88 17 18 19 58 59 60 61 
67 74 75 79 87 19 60 61 62 
67 88 90 20 62 63 64 
80 67 89 20 64 65 90 

