32 193
12 2 
12 31 11 1 
12 32 19 4 23 
26 32 17 19 3 23 24 
26 32 13 24 30 
26 27 13 14 30 18 29 
25 10 
12 31 15 
12 25 31 10 15 8 
12 25 31 7 9 15 
12 26 31 32 17 1 2 19 
25 26 31 32 10 9 15 11 17 8 1 2 19 3 
26 32 14 6 24 5 30 
26 27 13 6 30 18 29 
12 25 31 10 9 8 
28 21 22 
12 26 32 11 19 3 4 23 24 
27 14 6 29 20 
12 26 32 11 17 3 4 23 
27 28 18 29 
28 22 
16 21 
26 32 17 19 3 4 24 
26 32 17 13 4 23 5 
12 31 7 10 15 
12 27 32 11 17 13 14 6 19 3 4 23 24 5 30 
26 14 6 16 18 29 20 
27 16 20 21 
27 6 18 20 
26 13 6 5 
12 25 10 15 8 1 2 
12 26 11 17 13 19 3 4 23 24 5 

