45 248
35 29 45 
35 29 30 1 31 
39 5 
5 6 7 
39 6 3 4 7 
32 39 40 5 4 7 
39 40 5 6 4 
23 33 35 41 22 21 38 42 37 24 25 44 26 
23 32 40 10 11 
23 32 40 9 11 
23 32 9 10 
23 32 14 13 34 36 
23 32 12 14 34 36 
23 32 15 13 34 36 19 
23 14 17 36 19 18 20 
23 15 17 18 20 
15 16 20 
23 15 16 17 19 20 
23 14 15 36 18 20 
16 17 19 18 
8 33 41 22 24 
8 33 21 37 24 
8 32 40 9 12 14 15 16 10 11 13 34 36 19 18 
8 33 41 21 25 
8 33 41 21 24 
8 42 
35 43 28 
35 43 27 
35 30 45 2 31 
29 45 2 31 
35 29 30 45 2 
23 40 6 9 12 14 10 11 13 34 
8 41 22 21 38 42 24 25 44 
23 32 14 13 36 
8 43 27 28 29 30 45 1 2 31 
23 12 14 15 13 34 
8 22 
8 33 41 42 44 
40 5 6 3 4 7 
23 32 39 6 9 7 10 
8 33 21 38 42 24 25 44 
8 33 41 38 26 
35 27 28 
33 41 38 
35 29 30 1 2 31 

