113 958
60 65 82 83 84 2 3 
60 65 82 83 84 1 3 
60 65 82 83 84 1 2 4 
84 85 3 5 
55 65 85 86 4 6 7 
55 65 66 85 86 5 8 
55 65 66 85 86 5 6 8 9 
55 66 85 86 87 6 7 9 10 
55 56 66 85 86 87 7 8 10 
55 56 66 85 86 87 8 9 
52 61 68 12 
52 61 68 11 
61 68 69 
52 69 70 90 
52 70 90 
62 71 91 17 18 
62 71 72 91 92 16 18 19 20 
62 71 72 91 92 16 17 19 20 
62 71 72 91 92 93 17 18 20 
62 71 72 91 92 93 17 18 19 
53 62 71 72 73 91 92 93 22 23 24 
53 62 72 73 92 93 21 23 24 
53 62 72 73 93 21 22 24 
53 73 21 22 25 
53 94 24 
53 74 96 27 
74 96 
74 75 76 97 29 30 
74 75 76 97 98 99 28 30 
74 75 76 98 99 100 28 29 
57 77 100 102 
57 77 101 102 
57 63 103 104 
63 103 104 33 35 
63 103 104 33 34 
54 58 59 63 37 
58 59 63 78 105 36 38 
54 58 59 78 105 106 37 
54 58 59 64 78 105 106 107 108 109 110 40 41 
54 58 59 64 78 105 106 107 108 109 110 39 41 
54 59 64 106 107 108 109 110 39 40 
54 64 79 111 43 44 
64 79 111 42 
64 79 111 42 45 
79 111 112 44 46 47 
80 45 
80 46 
80 81 113 49 50 51 
80 81 113 48 50 51 
81 113 48 49 51 
81 113 48 49 50 
53 55 56 61 62 65 66 67 68 69 70 71 87 88 89 90 11 12 13 14 15 
52 62 71 72 73 74 91 92 93 94 95 96 21 22 23 24 25 26 
57 58 59 63 64 78 79 105 106 107 108 109 110 111 112 36 37 38 39 40 41 42 43 
52 56 60 65 66 67 85 86 87 88 89 4 5 6 7 8 9 10 
52 55 61 65 66 85 86 87 88 89 9 
54 58 63 77 101 102 103 104 31 32 33 
54 57 59 64 78 105 106 107 108 109 110 36 38 39 40 
54 58 63 64 78 105 106 107 108 109 110 36 37 38 39 40 41 
55 65 60 82 83 84 1 2 3 4 
52 56 67 68 69 70 90 11 12 13 
52 53 71 72 73 91 92 93 16 17 18 19 20 21 22 23 24 
54 57 58 59 78 103 104 33 34 35 36 37 
54 58 59 78 79 105 106 107 108 109 110 111 112 39 40 41 42 43 44 
52 55 56 60 66 82 83 84 85 86 1 2 3 4 5 6 7 
52 55 56 65 67 85 86 87 88 6 7 8 9 10 
52 55 56 61 66 88 89 
61 69 90 11 12 13 
52 61 68 70 90 13 14 
52 61 69 90 14 15 
52 53 62 72 73 91 92 93 16 17 18 19 20 21 
53 62 71 73 91 92 93 17 18 19 20 21 22 23 
53 62 71 72 91 92 93 21 22 23 24 
53 76 96 97 98 26 27 29 30 
74 76 97 98 99 100 28 29 30 
74 75 97 98 99 100 28 29 30 
57 98 99 100 101 102 31 32 
54 58 59 63 64 105 106 107 108 109 110 36 37 38 39 40 
54 64 111 112 42 43 44 45 
81 113 46 47 48 49 50 
80 113 49 50 51 
60 65 83 84 1 2 3 
60 65 82 84 1 2 3 
60 65 82 83 1 2 3 4 
55 56 65 66 86 87 4 5 6 7 8 9 10 
55 65 66 85 87 5 6 7 8 9 10 
52 55 66 85 86 88 8 9 10 
52 55 56 66 67 87 89 
52 55 56 67 88 
52 61 68 69 70 14 15 
53 62 71 72 73 92 93 16 17 18 19 20 21 
53 62 71 72 73 91 93 18 19 21 22 
53 62 71 72 73 91 92 19 20 21 22 23 
53 95 25 
53 94 
53 74 26 
74 75 76 98 99 28 29 30 
74 75 76 77 97 99 100 29 30 
75 76 97 98 100 30 
76 77 98 99 30 
57 77 100 102 31 32 
57 77 101 31 32 
63 104 33 35 
57 63 33 34 35 
54 58 59 64 78 106 107 108 109 110 37 38 39 40 
54 58 59 64 78 105 107 108 109 110 38 39 40 41 
54 58 59 64 78 105 106 108 109 110 39 40 41 
54 58 59 64 78 105 106 107 109 110 39 40 41 
54 58 59 64 78 105 106 107 108 110 39 40 41 
54 58 59 64 78 105 106 107 108 109 39 40 41 
54 64 79 112 42 43 44 45 
54 64 79 111 44 45 46 
80 81 48 49 50 51 

