542 4496
2 3 4 5 6 7 8 9 10 11 15 16 17 18 19 20 21 22 31 32 33 34 35 36 37 51 52 53 54 55 56 57 58 59 60 61 62 63 64 93 94 95 96 97 98 99 100 101 102 103 104 105 106 107 108 109 110 111 112 113 114 115 116 177 180 181 182 183 184 185 186 187 188 189 190 191 192 193 194 195 196 197 198 199 200 201 202 203 204 205 206 207 208 209 210 211 212 213 214 215 216 217 218 219 220 221 222 223 224 225 226 227 228 229 230 361 362 363 366 367 368 371 
1 4 7 8 17 18 19 31 32 54 55 56 57 58 59 102 103 104 105 106 107 191 192 193 194 195 196 197 198 199 200 201 202 203 204 205 
1 12 13 14 27 28 29 44 45 46 47 77 79 80 81 82 83 84 85 86 147 148 149 150 151 152 153 154 155 156 157 310 311 312 313 314 3 315 316 317 318 319 320 321 322 323 324 325 326 327 
1 2 7 18 19 31 32 57 58 59 102 103 104 105 106 107 197 198 199 200 201 202 203 204 205 206 207 
1 6 15 16 51 52 91 92 171 172 173 368 460 461 541 542 
1 5 15 16 51 52 91 92 172 173 461 
1 2 4 18 31 32 54 55 56 57 58 59 102 103 104 192 193 194 195 196 197 198 
1 2 9 33 34 60 61 62 110 111 112 222 223 224 225 226 227 228 
1 8 33 34 35 60 61 62 112 113 225 226 227 228 229 230 231 
1 20 21 64 65 66 67 119 120 250 251 252 253 254 255 256 
1 22 23 38 39 40 41 73 74 75 126 127 128 129 130 131 132 270 271 272 273 274 275 276 
3 13 26 27 28 29 44 77 78 79 80 143 144 145 146 147 303 304 305 306 307 308 309 
3 12 27 28 29 44 77 78 79 80 145 146 303 304 305 306 307 308 
3 45 46 47 48 84 85 86 87 88 154 155 156 157 158 326 327 328 329 330 331 332 333 
1 5 6 51 91 92 171 172 460 461 
1 5 6 17 52 53 93 94 95 96 174 175 176 177 
1 2 16 31 53 95 96 97 98 177 178 179 180 181 182 183 
1 2 4 7 31 54 55 56 57 100 101 188 189 190 191 192 193 194 195 196 
1 4 107 205 206 207 208 209 210 211 212 
1 10 21 64 65 66 117 118 119 248 249 250 251 252 253 
1 10 20 65 66 67 119 120 250 253 254 255 256 
1 11 38 39 71 72 124 125 126 127 265 267 268 269 270 
11 24 40 41 42 75 133 134 277 278 279 280 281 
23 25 42 43 76 134 282 283 284 285 286 287 24 
24 43 135 136 288 289 290 291 292 
12 27 140 142 143 296 297 298 299 300 301 302 
3 13 26 28 29 44 77 78 143 144 145 146 303 304 
3 12 13 27 29 44 77 78 144 145 146 303 304 305 
3 12 13 27 28 44 77 78 79 145 146 303 304 305 306 307 308 
166 167 168 169 170 357 358 359 360 
1 2 4 7 17 18 54 55 56 99 100 101 185 186 187 188 189 191 
1 2 4 7 58 59 102 103 104 105 197 198 199 200 201 
1 8 60 109 110 111 112 218 219 220 221 222 223 224 
1 8 9 35 61 62 113 114 229 230 231 232 
1 9 34 36 113 114 231 232 233 234 235 
1 35 63 115 116 235 236 237 238 239 240 241 242 
1 67 68 69 70 121 122 123 259 260 261 262 263 
11 22 39 40 73 74 126 127 128 129 130 131 270 271 272 273 
11 22 38 40 73 74 126 127 128 129 130 131 270 271 273 
11 23 38 39 73 74 75 130 131 132 273 274 275 
11 23 42 75 133 278 279 280 
23 24 41 76 133 134 278 279 280 281 282 
24 25 288 289 
3 12 13 27 29 77 78 143 144 145 146 303 304 305 
3 14 46 82 83 84 85 149 150 151 152 153 319 320 321 322 
3 14 45 47 84 85 86 152 153 154 155 156 157 323 324 325 326 327 
3 14 46 86 87 156 157 158 327 328 329 330 
14 87 88 89 90 159 160 161 162 338 339 340 341 343 344 345 346 
50 163 164 347 349 350 
49 163 165 349 350 351 352 353 354 
1 5 6 15 91 92 172 
1 5 6 16 93 173 174 175 
1 16 17 93 94 95 96 175 176 177 178 179 
1 2 7 18 31 55 56 100 101 187 188 189 190 191 
1 2 7 18 31 54 56 100 101 188 189 190 191 
1 2 7 18 31 54 55 100 101 188 189 190 191 
1 2 4 7 18 58 192 193 194 195 196 
1 2 4 7 32 57 102 103 197 
1 2 4 32 105 106 201 202 204 
1 8 9 33 61 112 
1 8 9 34 60 226 227 228 229 
1 8 9 34 35 113 114 230 231 
1 36 116 238 239 240 241 242 243 
1 10 20 65 117 118 119 248 249 250 
10 20 21 64 66 119 250 251 252 253 
10 20 21 65 119 250 251 252 254 
10 21 37 68 69 70 120 121 257 258 
37 67 69 70 121 257 258 259 
37 67 68 70 121 257 258 259 260 
37 68 69 121 257 259 260 
22 72 124 265 266 267 268 269 
22 71 124 125 267 268 269 
11 38 39 40 74 128 129 131 132 272 273 274 
11 38 39 40 73 75 131 132 273 274 275 
11 23 40 41 74 275 276 277 
23 24 42 133 134 282 283 284 285 286 
3 12 13 27 28 29 44 78 144 145 146 304 305 
12 13 27 28 29 44 77 146 303 304 305 
3 12 13 29 81 147 148 309 310 
3 12 13 79 81 147 148 309 310 
3 79 80 147 148 310 311 312 313 314 
3 45 83 149 150 318 319 
3 45 318 
3 14 45 46 85 151 152 153 154 319 320 321 322 323 324 325 326 
3 14 45 46 84 151 152 153 154 155 322 323 324 325 326 
3 14 46 47 154 155 156 157 327 328 
14 47 48 88 89 158 159 160 161 330 331 332 333 334 335 336 337 338 339 
14 48 87 89 90 159 160 161 335 336 337 338 339 340 341 342 343 
48 87 88 90 159 160 161 335 336 337 338 339 340 341 342 343 
48 88 89 159 160 161 162 339 340 341 342 343 344 345 
5 6 15 51 92 171 461 
5 6 51 91 172 
1 16 53 94 95 174 175 176 
1 16 53 93 95 96 175 176 
1 16 17 53 93 94 96 176 177 178 
1 16 17 53 95 176 178 179 
1 17 98 180 181 182 
17 97 181 182 
17 31 100 183 184 186 187 
1 31 54 55 56 99 101 185 186 187 188 189 
1 18 31 54 55 56 100 187 188 189 
1 2 4 7 32 58 103 104 197 198 
1 2 4 7 32 102 104 197 198 
1 2 4 7 32 102 103 105 198 199 200 201 
1 2 4 32 59 104 106 201 202 
1 2 4 59 105 201 202 203 
1 2 4 205 206 207 208 
1 215 216 
1 33 216 217 218 219 220 
1 8 33 111 112 219 220 221 223 224 
1 8 33 110 112 222 223 224 
1 8 9 33 60 110 111 223 224 225 
1 9 34 35 62 231 232 
1 34 35 62 113 232 233 234 
1 35 36 232 233 234 236 237 238 
1 36 63 240 241 242 243 244 245 
20 64 118 246 247 248 249 
20 64 117 246 249 
10 21 64 65 66 250 251 252 253 
10 21 67 255 256 
37 67 68 69 70 122 258 259 260 
37 121 259 260 
37 261 262 263 264 
22 71 72 265 266 267 268 269 
22 72 269 
11 22 38 39 127 128 270 271 
11 38 39 126 128 129 270 271 
11 38 39 73 126 127 129 130 271 272 
11 38 39 73 127 130 271 272 
11 38 39 73 128 129 271 272 
11 38 39 73 74 132 273 274 
11 40 73 74 75 131 274 275 276 
23 41 42 76 278 279 280 281 
24 42 76 282 283 284 285 286 
25 289 290 291 292 
25 135 137 291 292 
136 138 139 293 
137 139 293 294 
137 138 293 294 
26 142 295 296 
140 142 295 296 
26 140 141 295 296 
12 26 27 44 144 
12 13 27 28 44 77 143 145 146 303 
12 13 27 28 29 44 77 144 146 303 
12 13 27 28 44 77 78 144 145 303 304 
3 12 79 80 81 148 309 310 311 
3 79 80 81 147 311 312 313 
3 45 82 83 150 151 319 
45 82 83 149 151 319 
3 45 84 85 149 150 152 319 320 321 322 
3 45 46 84 85 151 153 154 320 321 322 323 324 325 
3 45 46 84 85 151 152 154 322 323 324 325 
3 14 46 84 85 86 152 153 155 323 324 325 326 
3 14 46 85 86 154 156 325 326 327 
3 14 46 47 86 155 157 327 328 
3 14 46 47 86 156 327 328 329 
14 47 87 328 329 330 331 332 
48 87 88 89 90 160 161 335 336 337 338 339 340 341 342 343 
48 87 88 89 90 159 161 335 336 337 338 339 340 342 
48 87 88 89 90 159 160 338 339 341 342 343 
48 90 163 345 346 347 348 
49 162 347 348 
49 50 165 166 350 351 352 353 354 356 
50 164 166 167 351 352 353 354 355 356 
30 164 165 167 354 355 356 
30 165 166 168 355 357 358 
30 167 169 357 358 
30 168 170 357 358 
30 169 359 
5 15 91 542 
6 15 51 92 173 
5 6 52 172 
16 93 175 
16 52 53 93 94 174 176 
16 53 94 95 96 175 
1 16 17 53 95 96 178 179 180 
17 53 95 96 177 179 
17 96 177 178 180 
17 97 177 179 181 
1 97 98 182 
1 17 97 98 181 
1 17 99 184 185 
1 99 183 185 
1 31 99 100 183 184 186 187 
1 31 99 100 185 187 
1 31 99 100 101 185 186 
1 18 31 54 55 56 100 101 189 190 
1 18 31 54 55 56 100 101 188 190 
1 18 31 54 56 188 189 
1 2 18 31 55 56 190 192 
1 2 7 18 57 191 193 194 195 
1 2 7 18 57 192 194 
1 2 7 18 57 192 193 195 
1 2 18 57 193 194 196 
1 2 7 195 
1 2 7 32 58 102 
1 2 4 7 32 103 104 199 200 
1 2 4 32 104 198 200 
1 2 4 32 104 198 199 
1 4 32 59 104 105 106 202 
1 2 4 59 105 106 201 203 
1 2 4 59 106 202 204 
1 59 203 
1 2 4 19 107 206 207 
1 4 19 107 205 207 
1 4 19 107 205 206 208 
1 19 107 207 209 
1 19 208 
1 19 211 212 
1 19 210 
1 19 210 213 214 215 
1 212 215 
212 213 215 
1 108 212 213 214 
1 109 217 218 
1 109 216 218 
1 33 109 216 217 
1 33 109 110 220 221 
1 33 109 110 219 221 
1 33 110 111 219 220 222 
1 8 33 110 111 221 223 224 
1 8 33 110 111 112 222 224 
1 8 33 110 111 112 222 223 
1 8 9 60 112 
1 8 9 60 61 227 
1 8 9 61 226 228 229 
1 8 9 61 227 229 
1 9 34 61 227 
1 9 34 62 231 
9 34 35 113 230 
35 113 114 115 233 234 235 
35 114 115 232 234 235 
35 114 115 232 233 235 
35 36 115 232 233 234 237 
36 115 237 238 
36 115 235 236 238 
36 63 115 236 237 
36 63 116 240 241 
36 63 116 239 241 242 
36 63 116 239 240 242 
36 63 116 239 240 241 243 244 
63 116 242 244 245 
116 242 243 
116 243 244 
117 118 247 248 
117 246 248 
20 64 117 246 247 249 
20 64 117 118 248 
10 20 21 64 65 66 119 251 252 253 
10 20 65 66 119 250 252 253 
10 20 21 65 66 119 250 251 253 
10 20 21 65 66 119 250 251 252 
10 66 
10 21 120 
10 21 120 
67 69 70 258 
67 68 69 70 121 257 
37 68 69 70 121 122 260 
37 69 70 121 122 259 
37 123 262 263 
37 123 261 263 
123 261 262 
123 265 266 
22 71 124 264 266 
71 124 264 265 
22 71 72 124 269 
22 71 72 124 267 269 
22 71 72 124 125 267 268 
11 22 38 39 126 127 
11 38 39 126 127 128 129 272 
11 38 39 73 128 129 271 
11 38 39 40 73 74 131 274 
11 40 73 74 131 132 273 
11 40 74 75 132 276 
11 75 132 275 
23 41 75 
23 41 42 133 279 
23 41 42 278 280 281 
41 42 133 279 281 
23 42 76 133 279 280 
24 42 76 134 283 284 285 286 287 
24 76 134 282 284 285 286 287 
24 76 134 282 283 285 286 287 
76 134 282 283 284 287 
24 76 134 282 283 284 285 287 
282 283 284 285 286 
25 43 289 
25 43 135 
25 135 136 291 292 
25 135 136 290 292 
25 135 136 290 291 
137 138 139 294 
138 139 293 
140 141 142 
26 141 142 295 
26 298 
26 297 299 
26 298 300 301 302 
299 301 302 
26 299 300 302 
26 299 300 
12 27 28 29 44 77 78 144 145 146 304 
12 13 27 28 29 44 77 78 146 303 305 
12 13 28 29 44 77 78 304 
12 13 29 307 308 
12 13 29 306 308 309 
12 13 29 306 307 
12 79 80 147 307 308 
3 79 80 81 147 148 311 
3 81 147 148 310 312 313 314 
3 81 148 313 314 
3 81 148 311 312 314 
3 81 311 312 313 
3 316 317 
3 315 317 318 
3 315 316 
3 82 83 317 
3 45 82 84 149 150 151 320 321 322 
3 45 84 151 152 319 321 322 
3 45 84 151 152 319 320 322 
3 45 84 85 152 153 319 320 321 323 
3 46 84 85 152 153 154 322 324 325 
3 46 84 85 152 153 154 323 326 
3 46 84 85 152 153 154 155 323 324 326 
3 14 46 84 85 154 155 324 325 
14 46 155 156 157 
14 47 86 156 157 158 329 
14 47 157 158 328 
14 47 87 331 332 333 
87 158 330 332 333 334 
14 87 158 330 331 334 
14 87 330 331 334 335 
87 331 332 333 335 
87 88 89 159 160 333 334 336 337 338 
87 88 89 160 337 338 
88 89 159 335 336 338 339 
48 87 88 89 159 160 161 335 336 337 339 340 
48 87 88 89 90 159 160 161 337 338 340 341 342 343 
48 88 89 90 159 161 338 339 341 342 343 
48 88 89 90 159 160 161 338 339 340 342 
48 88 89 90 159 160 161 339 340 341 343 
48 88 89 90 159 161 339 340 341 342 
48 90 162 345 346 
48 90 162 344 346 
48 162 344 345 347 348 
49 162 163 346 348 
162 163 346 347 
49 50 163 
49 50 164 351 352 353 354 
50 164 165 350 352 353 354 
50 164 165 350 351 353 354 
50 164 165 350 351 352 354 355 
50 164 165 166 350 351 352 353 355 356 
164 165 166 167 353 354 356 
164 165 166 167 354 355 
30 167 168 169 358 
30 168 169 357 
30 170 
30 360 
362 363 364 365 369 370 373 374 375 385 386 387 388 389 390 391 392 393 394 426 427 428 429 430 431 432 433 434 435 480 481 482 483 484 485 486 487 488 489 490 491 
361 363 366 367 375 376 377 378 379 380 399 400 401 402 403 404 405 406 439 440 441 442 443 444 445 446 447 448 498 499 500 501 502 503 504 505 
361 362 366 367 371 378 379 380 400 401 402 403 404 405 406 407 408 446 447 448 449 505 506 507 508 509 510 511 512 513 
361 372 382 383 384 415 416 417 418 419 466 467 468 469 470 471 472 
361 370 374 387 388 389 390 391 392 429 430 431 432 483 484 485 486 487 
362 363 367 371 380 408 450 511 512 513 514 515 516 517 518 
362 363 366 371 407 408 450 511 512 513 514 516 517 518 
5 15 412 413 455 456 457 458 459 528 529 530 531 532 533 534 535 
361 373 385 386 422 423 424 425 426 427 477 478 479 
361 365 374 389 390 391 392 393 433 487 488 489 490 
363 366 367 381 409 410 411 451 452 453 371 520 521 522 523 524 525 526 527 
364 414 415 462 463 464 465 
361 369 385 386 423 424 425 426 427 477 478 479 
361 365 370 392 393 433 434 488 489 490 
361 362 376 394 395 396 397 398 436 437 496 
362 375 377 397 398 399 437 438 497 
362 376 399 439 498 
362 363 400 401 439 440 441 442 443 444 500 501 502 503 
362 363 401 402 403 445 446 447 504 505 
362 363 366 402 403 404 405 406 448 449 506 507 508 509 510 
371 409 410 411 452 453 522 523 524 525 526 527 
364 384 418 419 469 470 471 
364 382 384 418 419 470 471 
364 382 383 419 420 471 472 
361 369 373 386 423 424 425 426 427 428 477 478 479 
361 373 385 426 427 428 479 
361 365 388 428 429 430 431 432 480 481 482 483 
361 365 387 429 430 431 432 482 483 
361 365 370 390 392 484 485 486 487 
361 365 370 389 391 392 484 485 486 
361 365 370 389 390 392 484 485 486 487 
361 365 370 374 389 390 391 487 488 
361 370 374 433 434 489 490 491 492 493 
361 375 395 396 435 494 495 
375 394 396 397 494 
375 394 397 436 496 
375 376 395 396 398 436 437 438 496 
375 376 397 436 437 438 496 
362 376 377 497 
362 363 378 401 439 441 442 443 444 500 501 502 503 
362 363 378 379 400 443 444 445 446 447 501 502 503 504 
362 363 379 380 403 404 405 448 505 506 
362 363 379 380 402 404 405 406 448 506 507 
362 363 380 402 403 406 448 449 506 507 508 
362 363 380 402 403 404 406 448 449 506 507 508 
362 363 380 403 404 405 448 449 506 507 508 509 510 
363 366 367 511 512 513 
363 366 367 450 514 515 516 517 518 519 
371 381 410 451 520 521 522 523 
371 381 409 451 452 520 521 522 523 
371 381 452 453 454 524 525 526 527 
368 413 454 455 456 412 528 529 530 
368 412 455 456 457 458 529 530 531 532 
372 462 463 464 465 
372 416 
364 415 417 
364 416 466 
364 383 419 467 468 469 
364 382 383 384 418 470 471 
364 472 
420 473 474 475 
369 473 474 475 
369 373 385 424 425 477 478 
369 373 385 423 425 426 477 478 
369 373 385 423 424 426 477 478 
361 369 373 385 386 424 425 427 477 478 479 
369 373 385 386 426 428 479 
361 385 386 387 427 480 481 
361 365 387 388 430 431 432 482 483 
361 365 387 388 429 431 432 482 483 
361 365 387 388 429 430 432 483 
361 365 387 388 429 430 431 483 
361 370 374 393 488 489 490 
361 374 393 435 490 491 492 493 
361 394 434 494 495 
375 395 396 397 398 437 496 
375 376 397 398 436 
375 376 397 398 437 497 
362 377 378 400 440 441 442 498 499 500 
362 378 439 441 442 499 500 
362 378 400 439 440 442 500 501 
362 378 400 439 440 441 500 501 
362 378 400 401 444 445 501 502 503 504 
378 401 443 445 502 503 504 
362 379 401 443 444 446 447 503 504 
362 363 379 401 445 447 504 
362 363 379 401 445 446 504 
362 363 380 402 403 404 405 406 449 506 507 
363 380 404 405 406 448 506 508 509 510 
366 367 408 514 515 516 517 518 
371 410 520 521 522 
371 381 409 410 411 453 522 523 524 525 526 
371 381 452 523 524 525 526 
412 
368 412 413 456 457 458 528 529 530 531 532 
368 412 413 455 457 458 529 530 531 532 
368 413 455 456 458 531 532 
368 413 455 456 457 531 532 
368 460 534 535 536 537 538 
459 461 536 537 538 539 540 541 542 
91 171 460 539 540 541 
372 414 463 
372 414 462 464 465 
372 414 463 465 
372 414 463 464 
364 416 417 
364 418 469 
418 467 469 
364 382 418 467 468 
383 418 419 
364 382 383 384 419 472 
364 383 384 420 
421 422 475 476 
422 473 475 476 
421 422 473 474 476 
473 474 475 
369 373 385 424 425 426 478 
369 373 385 423 424 425 426 477 
369 373 385 386 426 427 
361 387 481 482 
387 428 480 482 
361 387 388 429 430 480 481 
361 365 387 388 429 430 431 432 
361 365 391 485 486 
361 365 389 390 391 486 487 
361 365 389 390 391 484 485 487 
361 365 370 389 390 391 392 485 486 
361 370 392 433 489 
361 370 374 393 488 
370 374 393 433 434 491 
361 393 434 490 492 493 
393 434 491 493 
393 434 491 492 
394 395 435 495 
435 494 
375 396 397 398 436 
376 399 438 
362 377 439 499 
439 440 498 
362 378 400 439 440 441 442 
362 378 400 401 441 442 443 502 
362 378 400 401 443 444 501 503 
362 378 400 401 443 444 445 502 504 
362 379 401 443 444 445 446 447 503 
362 363 379 402 
363 380 402 403 404 405 406 448 449 507 
363 380 403 404 405 406 448 449 506 
363 380 404 405 406 449 509 510 
380 406 449 508 510 
363 380 406 449 508 509 
363 366 367 407 512 
363 366 407 511 
363 366 367 407 
366 367 408 515 
366 367 408 450 514 516 517 
366 367 408 515 517 
366 367 408 450 515 516 518 
366 367 408 450 517 519 
408 450 518 
371 409 410 451 521 
371 409 410 451 520 522 523 
371 381 409 410 451 452 521 523 
371 381 409 410 452 453 521 522 524 
371 381 411 452 453 523 525 526 527 
371 381 411 452 453 524 526 527 
371 381 411 452 453 524 525 527 
371 381 411 524 525 526 
368 412 455 529 530 
368 412 413 455 456 528 530 
368 412 413 455 456 528 529 
368 413 455 456 457 458 532 
368 455 456 457 458 531 
368 534 535 
459 533 535 
459 533 534 
459 460 537 538 
459 460 536 538 539 540 
459 536 537 539 540 541 
460 461 537 538 540 541 
460 537 538 539 541 
460 461 538 539 540 542 
171 460 461 541 

