71 493
65 23 24 25 71 2 34 35 
65 24 25 71 1 35 
65 67 25 4 36 37 38 39 40 
65 67 3 5 38 39 40 41 42 
65 67 4 6 7 41 42 43 
67 5 7 42 43 
67 5 6 43 44 
67 68 26 9 10 44 
68 26 8 10 11 12 44 45 
68 26 8 9 11 12 13 45 46 47 
68 26 9 10 12 13 45 46 
68 26 9 10 11 13 45 46 47 
68 26 10 11 12 14 15 45 46 47 48 
68 69 26 13 15 16 47 48 49 
68 69 26 13 14 16 47 48 49 
69 14 15 17 49 50 51 
69 27 16 50 51 
66 70 27 28 53 54 55 
66 29 56 57 58 
29 30 21 59 60 61 
29 30 20 22 59 60 61 62 
29 30 21 59 60 61 62 63 64 
65 24 71 1 31 32 33 34 35 
23 25 71 1 2 34 35 
65 24 1 2 3 36 37 
68 8 9 10 11 12 13 14 15 45 46 47 48 
66 69 70 28 17 18 52 53 
66 70 27 18 53 54 55 
30 19 20 21 22 58 59 60 61 62 
29 20 21 22 59 60 61 62 63 64 
23 32 31 
23 71 31 
23 71 32 
65 23 24 71 1 33 35 
65 23 24 71 1 2 34 
65 3 37 
65 25 3 36 
65 67 3 4 39 40 41 
65 3 4 38 40 41 
65 3 4 38 39 41 
65 67 4 5 38 39 40 42 
67 4 5 6 41 43 
67 5 6 42 
67 7 8 9 
68 26 9 10 11 12 13 
68 26 10 11 12 13 45 
68 26 10 12 13 14 15 48 
68 26 13 14 15 47 
69 14 15 16 50 51 
16 17 49 51 
69 16 17 49 50 
66 27 
66 70 27 28 18 
66 70 28 18 55 
66 70 28 18 
66 29 57 58 
19 56 58 
29 19 56 57 
29 30 20 21 22 60 61 62 
29 30 20 22 61 62 
29 30 20 21 22 59 60 62 
29 30 21 22 59 60 61 63 
30 22 62 64 
30 63 
67 23 24 25 71 1 2 3 4 34 35 36 37 38 39 40 41 
69 70 27 28 19 52 53 54 55 56 
65 68 3 4 5 6 7 8 38 41 42 43 44 
67 26 8 9 10 11 12 13 14 15 45 46 47 48 
66 27 14 15 17 49 50 51 
66 27 28 18 53 54 55 
65 23 24 1 2 32 33 34 35 

