103 876
78 79 80 2 3 4 
80 1 3 
80 1 4 
80 1 2 3 
81 82 83 102 103 22 23 24 25 26 27 
82 83 84 7 28 29 
84 28 29 30 
66 67 11 10 31 32 33 
42 62 68 89 13 14 15 55 
66 67 85 11 8 31 32 33 34 
66 67 8 31 32 33 
43 66 67 85 86 87 34 36 37 44 46 45 
43 42 61 68 9 52 53 54 55 
42 62 89 9 15 
42 62 89 9 14 16 56 57 
42 62 89 15 17 56 57 58 59 
42 62 69 16 56 57 58 59 60 63 64 
70 71 92 42 62 19 65 
70 71 72 92 42 69 18 65 
21 38 39 70 71 72 73 74 75 76 93 94 95 96 42 62 69 18 19 65 
20 38 39 70 71 72 73 74 75 92 93 94 95 62 69 18 19 65 
81 82 83 102 103 5 23 
81 83 102 103 5 22 24 25 
81 82 83 102 103 5 22 23 25 26 27 
81 82 83 102 103 5 22 23 24 26 27 
81 82 102 103 5 24 27 
81 82 83 103 5 24 25 26 
66 84 6 7 29 30 
66 84 6 28 30 31 
66 84 7 28 29 31 
66 11 8 29 30 32 33 
66 11 8 10 31 33 
66 11 8 10 31 32 
66 67 85 86 12 35 36 37 44 
66 67 85 86 12 34 36 37 44 
66 67 85 86 12 34 35 37 44 
66 85 86 12 34 35 36 44 
20 21 70 71 72 73 92 18 19 65 
20 21 40 73 74 75 76 93 94 95 97 
20 39 76 96 97 98 99 100 
77 78 79 101 90 91 
20 21 38 70 43 61 62 68 69 89 13 9 14 15 16 17 18 19 56 57 58 59 60 63 64 65 
42 61 62 66 67 68 85 86 87 88 12 13 44 46 45 47 48 50 51 52 53 54 
43 67 85 86 87 12 34 35 36 37 46 
43 67 85 86 87 
43 67 85 86 87 12 44 45 
43 87 88 48 
43 61 88 47 
43 61 68 88 50 51 
43 61 68 49 51 
43 61 68 49 50 53 
43 61 68 13 51 53 54 
61 68 13 51 52 54 
43 61 68 13 52 53 55 
61 68 13 9 54 
42 62 89 15 16 17 57 58 59 
42 62 89 15 16 17 56 58 59 
42 62 16 17 56 57 59 60 63 64 
42 62 69 16 17 56 57 58 60 63 64 
42 62 69 17 58 59 64 
43 42 62 67 68 85 87 88 13 47 48 49 50 51 52 53 54 55 
21 38 43 42 61 69 89 9 14 15 16 17 18 19 56 57 58 59 60 63 64 65 
42 62 69 58 59 60 64 
42 62 69 17 58 59 60 63 
92 42 62 69 18 19 
43 67 84 85 86 11 8 10 12 28 30 31 32 33 34 35 36 37 
43 61 66 85 86 87 11 8 10 12 34 35 36 37 44 46 45 
43 42 61 88 13 9 49 50 51 52 53 54 
38 70 71 72 92 42 62 17 18 19 59 60 63 64 65 
20 21 38 71 72 92 18 19 65 
20 21 38 70 72 73 92 18 19 65 
20 21 38 70 71 73 92 19 
20 21 38 39 71 72 74 93 
20 21 39 73 75 93 94 95 
20 39 40 74 76 95 96 97 
20 39 40 75 96 97 
41 78 79 80 
41 77 79 80 1 
41 77 78 80 1 
77 78 79 1 2 3 4 
82 83 102 103 5 22 23 24 25 26 27 
81 83 84 102 103 5 6 22 23 24 25 26 27 
81 82 84 102 103 6 22 23 24 25 26 27 
66 82 83 6 7 28 29 30 
43 61 66 67 86 87 10 12 34 35 36 37 44 46 45 
43 66 67 85 87 12 34 35 36 37 44 46 45 
43 61 67 85 88 12 44 46 45 47 
43 61 68 87 47 48 49 
42 62 9 14 15 16 17 56 57 
101 91 
41 100 90 
21 38 70 71 65 
20 21 39 73 74 94 95 
20 21 39 74 93 95 
20 21 39 74 75 93 94 
20 39 40 75 76 97 
39 40 75 76 96 98 
40 76 97 
40 100 
40 99 101 90 91 
41 100 90 91 
81 82 83 103 5 22 23 24 25 26 
81 82 83 102 5 22 23 25 26 27 

