151 1264
2 1 
80 1 3 4 5 
80 93 4 6 
80 93 2 5 6 
80 93 2 3 4 6 
80 93 116 3 4 5 
80 93 94 116 117 8 
80 93 94 117 9 
80 93 94 95 116 117 8 10 11 
80 94 95 96 117 9 11 12 
94 95 96 117 9 10 12 
76 94 95 96 10 11 14 
76 95 96 12 
76 95 96 97 12 13 15 
76 82 83 97 14 16 17 18 
76 81 82 83 97 98 15 17 18 
76 81 82 83 97 98 15 16 18 
76 81 82 83 97 98 118 15 16 17 19 
76 81 82 83 98 118 119 18 20 
76 81 82 83 118 119 120 19 21 
76 81 82 83 118 119 120 121 20 22 23 
76 81 119 120 121 20 21 23 24 
76 119 120 121 21 22 24 
76 120 121 22 23 
76 99 122 123 124 
84 100 27 28 
84 100 26 28 
84 100 26 27 
84 100 28 30 31 
84 100 125 29 31 32 33 34 
84 125 29 30 33 34 
125 30 33 34 
125 126 30 31 32 34 
84 125 126 30 31 32 33 
78 85 125 126 127 36 37 
78 85 125 126 127 35 37 
78 85 101 127 35 36 
78 101 127 39 40 
85 101 38 40 
78 85 101 38 
78 85 86 101 102 103 42 
78 86 102 103 41 
86 87 102 103 128 129 44 
86 87 102 103 128 129 43 
86 87 88 104 128 129 130 
79 89 105 106 131 132 133 134 47 49 
79 89 105 106 131 132 133 134 46 48 49 
79 89 105 106 132 133 134 46 47 49 50 
79 89 106 133 134 135 46 47 48 50 
79 89 106 107 133 134 135 48 49 
77 79 90 107 108 109 110 111 52 53 
77 79 90 107 108 109 110 111 136 51 53 
77 90 108 109 110 111 136 51 52 
90 136 55 
77 54 56 
77 91 137 138 139 55 57 59 
77 91 137 138 139 56 58 59 
77 91 138 139 56 57 59 
77 91 137 138 139 56 57 58 
77 91 137 138 139 140 
77 91 137 138 139 140 60 
91 112 142 
112 142 143 64 
112 142 143 
112 113 114 115 
113 114 115 144 145 67 
113 114 115 145 66 
145 146 69 70 
146 68 70 71 
146 68 69 71 72 
146 69 70 72 
92 147 70 71 
92 147 148 149 74 
92 147 148 149 73 
150 151 
80 81 82 83 84 93 94 95 96 97 98 99 100 118 119 120 121 122 123 12 13 14 16 17 18 19 20 21 22 23 24 25 
79 89 90 91 107 108 109 110 111 112 136 137 138 139 140 51 52 53 54 55 56 57 58 59 60 61 
84 85 86 87 101 102 103 125 126 127 128 35 36 37 38 39 40 41 42 
77 88 89 90 105 106 107 108 109 110 111 131 132 133 134 135 46 47 48 49 50 51 52 
76 93 94 95 96 116 117 2 3 4 5 6 7 8 9 10 
76 82 83 97 98 118 119 120 121 15 16 17 18 19 20 21 22 
76 81 83 97 98 118 119 120 15 16 17 18 19 20 21 
76 81 82 97 98 118 119 120 15 16 17 18 19 20 21 
76 78 100 123 124 125 126 26 27 28 29 30 31 32 33 34 
78 86 101 102 103 125 126 127 35 36 37 38 39 40 41 42 
78 85 87 88 101 102 103 104 128 129 41 42 43 44 45 
78 86 88 102 103 104 128 129 130 43 44 45 
79 86 87 89 104 105 128 130 131 45 
77 79 88 104 105 106 130 131 132 133 134 47 48 49 50 
77 79 107 108 109 110 111 136 51 52 53 54 
77 112 137 138 139 140 141 56 57 58 59 60 61 62 
147 148 149 150 72 73 74 
76 80 94 116 117 3 4 5 6 7 8 9 
76 80 93 95 96 116 117 7 8 9 10 11 12 
76 80 94 96 117 9 10 11 12 13 
76 80 94 95 97 117 10 11 12 13 14 
76 81 82 83 95 96 98 118 14 16 17 18 19 
76 81 82 83 97 118 15 16 17 19 
76 122 123 124 25 
76 84 123 124 26 27 28 30 
78 85 86 102 103 127 37 38 39 40 41 42 
78 85 86 87 101 103 128 129 41 43 44 
78 85 86 87 101 102 128 129 41 42 43 44 
86 87 89 128 129 130 45 
79 88 89 106 131 132 133 134 46 47 48 
79 89 105 107 131 132 133 134 135 46 47 48 49 50 
77 79 90 108 109 134 135 50 51 52 
77 79 90 107 109 110 111 135 136 51 52 53 
77 79 90 107 108 110 111 136 51 52 53 
77 79 108 109 111 136 51 53 
77 79 90 108 109 110 136 51 52 53 
77 91 113 114 115 141 142 144 62 63 64 65 
112 114 115 142 145 65 66 67 
112 113 144 145 65 66 67 
112 113 114 144 145 65 66 67 
80 93 94 117 6 7 8 9 
80 93 94 95 96 116 7 8 9 10 11 
76 81 82 83 97 98 119 19 20 21 
76 81 82 83 118 120 121 19 20 21 22 23 
76 81 82 83 121 20 21 22 23 24 
81 119 120 21 22 23 24 
76 99 123 
76 84 99 100 122 25 
84 99 100 123 25 26 
78 84 85 126 30 31 32 33 34 35 36 
78 84 85 125 127 33 34 35 36 
78 85 101 126 35 37 38 
78 86 87 88 102 103 104 129 43 45 
86 87 103 104 128 43 44 45 
87 88 89 104 45 
79 88 105 106 132 46 47 
79 89 105 106 131 133 134 46 47 48 
79 89 105 106 131 132 134 46 47 48 49 50 
79 89 105 106 107 132 133 135 46 47 48 49 50 
79 106 107 108 134 49 50 
77 90 108 109 110 111 52 53 54 
77 91 138 56 59 60 61 
77 91 137 139 140 56 57 58 59 60 61 
77 91 137 138 140 56 57 58 59 60 61 
77 91 137 138 139 60 61 
77 91 112 140 62 
112 113 143 144 62 63 64 
112 142 63 64 
112 113 114 115 142 65 66 
113 114 115 146 66 67 68 
145 68 69 70 71 
92 148 72 73 74 
92 147 149 73 74 
92 148 150 73 74 
92 149 151 75 
150 75 

