63 553
42 44 50 51 4 11 
48 22 45 3 
48 22 45 2 
42 44 23 50 51 1 11 
44 48 22 46 47 6 7 
44 48 22 46 47 5 7 8 
48 23 46 47 49 5 6 8 9 
44 48 46 47 49 5 6 7 
42 44 23 47 49 7 
27 28 29 30 31 61 60 32 33 34 35 
42 44 51 52 1 4 
27 28 29 30 61 60 10 32 33 
42 24 51 52 14 15 16 
42 24 52 13 15 16 
42 24 52 13 14 16 
42 24 52 13 14 15 
42 53 54 24 18 19 
53 54 24 17 19 
42 53 24 17 18 
42 53 54 56 57 58 21 
42 57 58 63 20 
42 44 48 45 46 2 3 43 5 6 
42 44 48 46 47 49 50 7 9 1 4 
42 44 53 54 52 13 14 15 16 17 18 19 
42 59 26 27 58 63 62 37 38 39 40 41 36 
42 59 25 27 28 62 38 39 40 41 36 
59 25 26 28 29 30 62 61 12 60 10 41 36 
59 25 26 27 29 62 61 12 60 10 41 36 32 
59 27 28 30 31 61 12 60 10 36 32 33 34 35 
27 29 31 61 12 60 10 32 33 34 35 
29 30 60 10 33 34 35 
27 28 29 30 61 12 60 10 33 
30 31 61 12 60 10 32 34 
29 30 31 60 10 33 35 
29 30 31 60 10 33 34 
25 26 27 28 29 62 41 
59 25 58 63 38 
59 25 26 58 63 62 37 39 40 
59 25 26 62 38 
59 25 26 62 38 39 41 
59 25 26 27 28 62 40 36 
44 48 53 54 59 22 23 24 25 26 46 47 49 50 51 52 55 56 57 58 63 9 1 4 11 13 14 15 16 17 18 19 20 21 
48 22 45 
42 22 23 24 45 46 47 50 51 52 5 6 7 8 9 1 4 11 
44 48 22 46 3 43 
42 44 48 22 23 45 47 49 5 6 7 8 
42 44 48 46 49 5 6 7 8 9 
42 44 22 23 45 46 47 49 2 43 5 6 7 8 
42 44 48 23 47 50 7 8 9 
42 44 23 49 51 1 11 
42 44 50 1 4 11 
42 44 24 51 11 13 14 15 16 
42 54 24 55 56 57 17 18 19 20 
42 53 24 55 56 57 17 18 19 20 
42 53 54 56 
42 53 54 55 57 20 
42 53 54 56 58 20 21 
42 59 25 57 63 20 21 37 38 
42 25 26 27 28 29 58 63 62 61 37 38 39 40 41 36 
27 28 29 30 31 61 12 10 32 33 34 35 
59 27 28 29 30 12 60 10 32 33 
59 25 26 27 28 38 40 41 36 
42 59 25 58 21 37 38 

