216 1760
87 157 213 214 215 216 4 15 
118 133 3 166 167 168 32 33 34 35 36 
118 2 169 37 38 39 
24 87 157 214 215 216 1 15 
85 95 188 79 80 
82 8 169 170 39 40 41 
85 95 188 189 121 9 
82 83 6 170 42 43 
85 148 189 121 126 7 11 14 
82 83 171 43 44 45 46 47 48 49 
85 148 189 126 200 9 14 
119 172 52 53 
131 132 208 211 212 
85 148 189 121 126 200 9 11 18 
24 87 157 214 1 4 
82 117 118 133 163 164 165 25 26 27 28 29 
84 94 144 145 179 22 68 69 
85 121 126 200 11 14 19 
85 124 148 199 18 20 
124 200 199 19 21 
124 199 20 98 
84 94 144 145 146 17 91 90 70 71 
86 127 128 153 206 207 107 108 
81 112 113 158 4 15 
16 117 163 26 
16 117 163 25 27 
16 117 163 26 
16 117 133 164 165 29 
16 117 133 164 165 28 
133 2 164 165 166 31 32 33 34 
133 164 166 30 32 34 
133 2 166 167 31 33 34 
118 133 2 166 167 30 32 34 35 
118 2 166 167 168 31 33 35 
118 2 166 168 33 34 36 
118 2 167 168 35 
118 3 169 
3 169 37 39 40 
3 6 169 38 41 
6 38 39 41 
6 39 40 
8 170 
8 10 
83 10 171 45 46 47 
82 10 171 44 46 47 
82 83 10 171 44 45 47 48 
82 83 10 171 44 45 46 48 
82 83 10 171 46 47 49 
82 83 10 171 48 50 51 
82 83 171 48 49 51 
82 83 49 50 
82 83 119 12 172 53 
82 83 119 12 172 52 54 55 56 
82 83 119 172 53 55 56 
82 83 119 172 53 54 56 
82 83 119 172 53 54 55 
82 83 119 120 
82 83 120 125 143 150 174 175 176 59 60 61 
82 125 143 150 151 174 175 176 58 60 61 
125 143 150 151 152 176 177 58 59 61 62 63 
125 143 150 151 152 177 58 59 60 62 
150 151 152 177 60 61 63 
151 152 177 60 62 64 
151 152 177 63 
94 144 178 179 66 67 68 
94 144 178 179 65 67 68 
94 144 179 65 66 68 
94 144 145 179 17 65 66 67 69 
94 144 145 17 68 
84 94 145 22 91 71 
84 22 91 90 72 73 74 
84 146 90 71 73 74 
84 146 91 90 71 72 74 
84 146 91 90 71 72 73 75 
84 146 90 73 74 
84 122 123 147 193 96 
85 95 106 78 
85 95 106 77 
95 106 80 5 
85 95 106 188 79 
88 89 113 114 115 134 135 136 24 158 159 161 162 157 214 215 4 15 
83 84 85 16 94 119 120 125 6 8 10 12 143 150 151 152 170 171 172 173 174 175 176 177 43 44 45 46 47 48 49 50 51 52 53 54 55 56 57 58 59 
82 84 85 94 119 120 125 8 10 12 143 150 151 152 171 172 173 174 175 177 44 46 47 48 49 50 51 52 53 54 55 56 57 58 
82 83 85 94 95 122 123 144 145 146 147 17 22 91 90 193 96 101 106 70 71 72 73 74 75 76 77 
82 83 84 86 95 122 123 124 147 193 96 101 106 188 189 121 126 200 199 77 78 79 80 5 7 9 11 14 18 19 
85 87 127 128 129 155 154 153 201 206 207 202 203 204 205 99 104 105 23 107 108 100 102 103 
81 88 89 112 113 114 115 134 135 136 24 158 159 86 130 131 132 156 157 208 211 212 213 214 215 13 160 216 1 4 15 
81 89 112 113 114 134 135 136 158 159 161 162 157 215 
81 88 114 115 134 135 136 137 138 159 161 162 180 181 182 183 184 185 
84 146 22 91 71 72 73 74 75 
84 146 22 90 70 71 72 73 74 
124 149 194 195 97 
196 197 198 93 
82 84 144 145 146 178 179 17 22 65 66 67 68 69 70 
84 85 123 106 188 189 77 78 79 80 5 7 
84 85 122 147 193 101 76 
124 149 194 195 92 
124 199 194 21 
86 127 155 201 104 
86 128 129 203 
84 85 122 123 147 193 96 
86 204 205 
86 205 209 
86 127 155 154 153 201 99 105 
86 127 154 153 201 104 
84 85 95 77 78 79 80 
86 128 153 206 207 23 108 
86 128 206 207 23 107 
209 210 110 111 
209 210 109 111 
156 209 210 109 110 
81 88 113 114 24 158 157 214 215 4 15 
81 88 112 114 134 24 157 215 4 15 
81 88 89 112 113 134 135 136 159 161 157 
81 89 136 137 138 139 140 181 182 183 184 185 
130 131 156 208 211 
16 133 163 164 165 25 26 27 28 29 
16 133 2 3 166 167 168 169 33 34 35 36 37 
82 83 120 12 173 52 53 54 55 56 57 
83 119 143 150 173 174 175 176 57 58 
85 148 189 126 200 7 9 11 14 18 
84 85 123 147 193 96 101 76 
84 85 95 122 147 193 96 101 76 
85 148 149 200 199 194 195 19 20 21 98 92 97 
82 83 120 150 151 152 174 175 176 177 58 59 60 61 
85 148 189 121 200 9 11 14 18 
86 128 154 153 201 206 207 99 104 105 23 
86 127 129 153 206 207 202 23 107 108 100 
86 128 202 203 204 108 100 
87 131 132 156 208 211 212 116 13 
87 130 132 208 211 212 116 13 160 
87 130 131 208 211 212 213 13 160 
16 117 118 2 164 165 166 28 29 30 31 32 33 
81 89 113 114 135 136 159 161 
81 88 89 113 114 134 136 159 161 
81 88 89 114 134 135 137 159 161 162 180 181 
89 115 136 138 180 181 182 183 184 185 
89 115 137 139 140 182 183 184 185 
138 185 186 187 
115 138 139 185 186 187 
142 190 191 192 
141 191 192 
82 83 120 125 150 151 152 173 174 175 176 177 58 59 60 61 
84 94 145 178 179 17 22 65 66 67 68 69 
84 94 144 179 17 22 68 69 70 
84 94 22 91 90 70 71 73 74 75 
85 122 123 193 96 101 76 
85 124 189 121 126 200 199 9 11 14 18 20 
124 194 195 196 197 92 97 
82 83 120 125 143 151 152 173 174 175 176 177 58 59 60 61 62 
82 83 125 143 150 152 176 177 59 60 61 62 63 64 
82 83 125 143 150 151 177 60 61 62 63 64 
86 127 128 154 201 206 207 104 105 23 107 
86 127 155 153 201 206 99 104 105 
86 127 154 201 99 104 
87 130 131 209 210 208 111 116 
112 113 114 24 158 87 213 215 216 1 4 15 
81 88 112 113 24 
81 88 89 114 134 135 136 161 162 
87 130 131 132 212 213 
81 88 89 114 134 159 162 
81 88 136 159 161 
16 117 25 26 27 
16 117 165 166 28 29 30 31 
117 164 166 28 29 30 
118 133 2 164 165 167 168 30 31 32 33 34 35 
118 2 166 168 32 33 34 35 36 
118 2 166 167 34 35 36 
118 3 6 37 38 39 40 
82 6 8 42 
82 83 44 46 47 48 49 50 
83 119 12 52 53 54 55 56 
82 83 119 120 125 143 150 174 175 
82 83 120 125 143 150 173 175 176 58 59 
82 83 120 125 143 150 173 174 176 58 
82 83 120 125 143 150 151 174 175 58 59 60 61 
82 83 125 143 150 151 152 60 61 62 63 64 
94 144 179 65 66 
94 144 145 178 17 65 66 67 68 
89 115 136 137 181 182 183 184 
89 115 136 137 180 182 183 184 
89 115 137 138 180 181 183 184 185 
115 137 138 180 181 182 184 185 
89 137 138 180 181 182 183 185 
89 115 137 138 139 140 182 183 184 
139 140 187 
139 186 190 
85 95 189 80 7 
95 148 188 121 126 7 9 11 14 
141 187 
141 142 192 
141 142 191 
84 85 123 147 96 101 76 
124 149 199 195 98 92 97 
124 149 194 196 197 92 97 
149 195 198 97 93 
149 195 196 198 93 
196 197 93 
85 124 148 200 19 20 21 98 
85 124 148 121 126 199 11 14 18 20 
86 127 155 154 99 104 105 
86 128 129 203 204 100 
86 128 129 202 204 100 
86 128 129 202 203 102 
102 103 209 
86 127 128 154 153 207 23 107 108 
86 127 128 153 206 23 107 
87 130 132 156 211 116 
156 210 209 109 110 111 
156 209 109 110 111 
87 130 131 132 208 116 13 
130 131 132 213 160 
87 132 157 212 214 160 216 1 
87 157 213 215 216 1 4 15 
24 158 87 214 216 1 4 15 
87 157 213 214 215 1 4 

