120 959
90 2 3 
89 90 3 4 
89 90 2 4 
75 89 90 91 2 3 5 6 
75 91 4 6 
75 91 4 5 
67 75 92 8 
67 92 7 
67 93 10 
62 93 94 95 9 
62 93 94 95 96 
60 62 68 13 14 
62 68 12 14 
60 62 68 12 13 15 16 17 
60 68 97 14 16 17 
60 68 97 14 15 17 18 19 
60 68 97 14 15 16 18 19 
60 97 16 17 19 
60 97 16 17 18 
60 98 
60 76 98 99 22 23 
60 76 98 99 21 23 
60 76 99 21 22 24 
60 76 77 78 100 23 25 
60 76 77 78 99 100 24 
77 78 100 101 102 27 28 
77 78 26 28 29 
79 102 26 27 29 30 
69 79 102 103 27 28 30 
69 102 103 28 29 
70 71 80 107 108 32 
70 71 80 107 108 31 33 
70 71 80 107 108 32 
63 81 82 111 35 36 
63 81 82 111 34 36 37 
63 81 111 34 35 37 
82 112 35 36 
63 83 112 39 
63 83 112 113 38 40 
63 83 112 113 39 
64 65 114 
59 64 65 72 43 44 
59 64 72 42 44 
59 64 65 72 115 42 43 
59 61 64 65 66 72 115 44 
59 61 66 72 84 85 86 115 47 
59 66 72 84 85 86 46 48 
59 61 73 84 85 86 116 47 49 50 51 
59 61 66 73 84 85 86 116 48 51 
59 61 66 73 74 85 86 116 48 51 52 
59 61 73 74 86 116 48 49 50 52 
59 61 73 74 116 50 51 
61 73 74 87 88 117 118 54 55 
59 74 87 88 117 118 53 55 
59 74 87 88 117 118 53 54 
87 88 118 119 120 
88 119 120 58 
119 120 57 
61 63 64 65 66 72 73 74 84 85 86 87 88 115 117 118 42 43 44 45 46 47 48 49 50 51 52 53 54 55 
62 68 76 77 78 97 98 99 100 12 14 15 16 17 18 19 20 21 22 23 24 25 
59 64 65 66 72 73 74 84 85 86 87 88 115 116 117 118 45 46 47 48 50 51 52 53 
60 67 68 93 95 12 13 14 
59 64 65 81 82 83 110 111 113 34 36 37 38 39 40 
59 61 63 65 66 72 83 84 113 114 115 41 64 42 43 44 45 
59 61 63 64 66 72 83 84 85 113 114 115 41 42 43 44 45 
59 61 64 65 72 73 74 84 85 86 115 116 45 46 47 48 49 50 
62 75 92 7 8 9 
60 62 12 13 14 15 16 17 
70 71 79 80 102 103 104 105 106 107 108 29 30 31 
69 71 79 80 103 104 105 106 107 108 31 32 33 
69 70 107 108 109 32 33 
59 61 64 65 66 73 84 85 86 115 42 43 44 45 46 47 
59 61 66 72 74 84 85 86 87 116 117 49 50 51 52 53 
59 61 66 73 86 87 88 116 117 118 50 51 52 53 54 
67 89 90 91 92 4 5 6 7 
60 77 78 98 99 100 101 21 22 23 24 25 
60 76 78 99 100 101 24 25 26 27 
60 76 77 99 100 101 24 25 26 27 
69 70 102 103 104 105 106 28 29 30 
69 70 71 107 108 31 33 
63 82 110 111 34 35 36 
63 81 111 112 34 35 36 37 
63 64 65 112 113 114 38 40 
59 61 64 65 66 72 73 85 86 115 116 47 48 49 
59 61 65 66 72 73 84 86 115 116 46 47 48 49 50 
59 61 66 72 73 74 84 85 116 46 47 48 49 50 51 
59 61 73 74 88 117 118 119 53 54 55 56 
59 61 74 87 117 118 119 120 53 54 55 56 57 
75 90 91 1 2 3 4 
75 89 91 1 2 3 4 
75 90 4 5 6 
67 75 8 
62 94 95 96 9 10 11 
62 93 95 96 10 11 
62 93 94 96 10 11 
62 93 94 95 11 
60 68 15 16 17 18 19 
60 76 20 21 22 
60 76 77 78 21 23 24 25 
77 78 99 101 24 25 26 
76 77 78 100 26 
69 79 104 26 27 28 29 30 
69 70 79 102 105 106 29 30 
69 79 102 103 105 106 
69 79 103 104 106 
69 70 79 103 105 
69 70 80 108 31 32 33 
69 70 71 80 107 31 32 33 
71 110 
63 81 109 111 
63 81 82 110 34 35 36 
63 82 83 37 38 39 40 
63 64 65 83 114 39 40 
64 65 83 113 41 
59 61 64 65 66 72 84 85 44 45 46 
59 61 66 73 74 84 85 86 48 49 50 51 52 
59 61 73 74 87 88 118 53 54 55 
59 61 74 87 88 119 120 53 54 55 56 
87 88 118 120 57 58 
88 118 119 56 57 58 

