74 626
27 28 18 
27 28 29 18 19 20 45 23 25 3 4 
27 28 29 18 19 20 45 23 25 2 4 
27 29 18 19 20 45 23 25 26 2 3 
28 29 19 20 23 25 26 6 33 
29 19 20 23 26 5 33 
32 39 51 8 34 46 47 48 
32 39 51 7 9 10 11 12 47 48 49 50 53 52 55 
32 39 51 8 10 11 12 49 50 53 52 55 54 56 57 
32 39 51 8 9 11 12 49 50 53 52 55 54 57 
32 39 51 8 9 10 12 13 35 49 50 53 52 55 54 57 
8 9 10 11 13 35 49 53 52 55 54 56 57 
32 11 12 35 57 66 
31 13 15 36 58 59 60 
31 14 36 58 60 
31 36 37 60 61 62 
29 33 41 
40 27 28 29 19 20 45 23 25 1 2 3 4 
27 28 29 20 23 25 2 3 4 5 6 
27 28 29 18 19 45 23 25 26 2 3 4 5 6 33 
31 40 42 43 71 72 73 
40 22 
27 28 29 18 19 20 45 25 26 2 3 4 5 6 
31 67 68 69 70 
27 28 29 18 19 20 45 23 26 3 4 5 
27 28 29 19 20 45 23 25 4 5 6 33 
40 28 29 18 19 20 45 23 25 26 1 2 3 
27 29 18 19 20 45 23 25 26 1 2 3 4 5 
27 28 18 19 20 45 23 25 26 2 3 4 5 6 33 17 
40 43 44 74 
32 40 14 15 16 21 36 37 42 60 61 62 63 64 65 24 67 68 69 70 31 
31 39 51 7 8 9 10 11 12 13 35 46 47 48 49 50 53 52 55 54 56 57 66 
29 20 26 5 6 17 41 
39 7 
32 11 12 13 54 56 57 66 
31 14 15 16 58 60 
31 16 61 62 63 
31 64 
32 51 7 8 9 10 11 12 34 46 47 48 49 50 
31 27 21 18 42 43 44 30 22 71 72 73 74 
33 17 
31 40 21 43 71 72 73 
40 42 44 30 71 72 73 74 
40 43 73 74 
27 28 29 18 19 20 23 25 26 1 2 3 4 
32 39 51 7 
32 39 51 7 8 48 
32 51 7 8 47 49 50 
32 39 51 8 9 10 11 12 48 50 53 52 
32 39 51 8 9 11 48 49 53 
32 39 8 9 10 11 34 46 47 48 49 50 
32 8 9 10 11 12 49 53 55 54 56 57 
32 8 9 10 11 12 49 50 52 55 
32 9 10 11 12 35 52 55 56 57 
8 9 10 11 12 53 52 56 57 
32 9 10 11 12 35 52 55 57 
32 9 10 11 12 13 35 52 55 54 56 
14 15 59 
14 15 36 58 
31 14 15 16 36 
31 16 37 62 63 
31 16 37 61 63 64 
31 37 61 62 64 
31 38 62 63 65 
31 38 64 
32 13 35 
31 24 68 69 70 
31 24 67 69 70 
31 24 67 68 70 
31 24 67 68 69 
40 21 42 43 72 
40 21 42 43 71 73 
40 21 42 43 44 72 74 
40 43 44 30 73 

