156 1078
2 3 
1 3 
116 117 1 2 4 5 
116 117 3 5 
116 117 3 4 
84 88 119 7 
88 119 6 8 
119 120 7 9 10 
88 119 120 8 10 
88 119 120 8 9 
82 12 13 
82 101 11 13 15 
82 89 101 11 14 15 
82 89 101 12 13 15 
82 89 101 12 13 14 
82 89 90 101 121 123 17 18 
82 90 101 121 122 123 16 18 19 
82 89 90 121 123 16 17 19 
82 89 90 123 17 18 
85 91 124 
85 91 124 125 126 20 22 
85 91 124 125 126 21 
85 91 124 125 126 
91 124 125 126 
102 103 128 129 
102 103 104 105 106 27 
102 103 104 105 106 26 
92 107 108 109 130 131 29 30 
107 108 109 130 131 28 30 31 
92 107 108 109 131 28 29 31 32 
92 107 108 131 28 29 30 32 33 34 
92 107 108 109 30 31 33 34 
92 107 108 109 131 31 32 34 35 
92 107 108 109 131 31 32 33 35 36 37 
92 108 109 131 32 33 34 36 37 
92 34 35 37 38 
132 34 35 36 38 
132 133 36 37 
83 133 40 
83 132 133 39 41 
83 134 135 39 40 42 
83 134 135 41 
83 136 137 
83 93 137 138 139 140 45 46 
93 138 139 140 44 46 
93 138 139 140 44 45 47 
93 110 139 140 46 48 49 50 51 52 
93 110 139 140 47 49 50 51 52 
93 110 47 48 50 51 52 
93 110 48 49 51 52 
93 110 47 49 50 52 
93 110 47 48 49 50 51 53 
93 110 52 54 
93 94 110 53 55 56 
94 110 54 56 
94 110 54 55 
94 111 58 
94 111 57 
86 95 112 141 60 
86 95 112 141 142 143 59 
86 95 112 113 142 143 144 145 146 62 
86 113 143 144 145 146 61 
86 96 146 147 
87 97 150 
87 98 
87 98 65 67 
87 98 66 
87 151 69 70 
87 98 151 152 68 70 
98 151 152 153 68 69 71 
151 153 154 70 72 
114 152 153 154 71 
114 154 155 
99 114 115 155 75 
99 100 115 156 74 
99 100 115 156 75 77 
100 156 76 78 
99 100 77 
100 81 
100 79 81 
79 80 
85 88 89 90 91 101 120 121 122 123 11 12 13 14 15 16 17 18 19 
93 132 133 134 135 136 137 138 39 40 41 42 43 44 
88 116 117 118 119 6 
82 89 90 91 124 125 126 127 20 21 22 23 24 85 
94 95 96 97 111 112 113 141 142 144 145 146 147 59 60 61 62 63 
96 97 98 151 66 67 68 69 
84 118 119 120 6 7 8 9 10 
82 85 90 91 101 121 122 123 13 14 15 16 17 18 19 
82 85 89 91 101 121 122 123 16 17 18 19 
82 85 89 90 124 125 126 20 22 23 24 
106 107 108 109 130 131 28 29 30 31 32 33 34 35 36 
83 94 110 138 139 140 45 46 47 48 49 50 51 52 53 54 
86 93 95 110 111 54 55 57 58 
86 94 96 112 113 141 142 143 145 146 59 60 61 62 
86 87 95 97 146 147 148 149 150 63 
86 87 96 147 149 150 64 
87 151 152 153 65 66 67 68 69 70 
100 114 115 155 156 74 75 78 
99 115 156 75 76 77 78 79 80 
82 89 90 121 122 123 12 13 14 15 16 17 
103 104 105 106 128 129 25 26 27 
102 104 105 106 25 26 27 
102 103 105 26 
103 106 26 27 
92 102 103 104 105 130 26 27 
92 108 109 130 131 28 29 30 31 32 33 34 
92 107 109 130 131 29 30 31 32 33 34 
92 107 108 130 131 28 30 31 32 33 34 35 
93 94 47 48 50 51 52 53 54 55 56 
86 94 57 58 
86 95 113 141 142 143 144 145 59 60 61 
86 95 112 141 142 143 144 145 146 60 61 62 
99 115 151 152 153 155 73 74 
100 114 155 156 74 75 76 
84 117 3 4 
84 116 3 4 5 
84 88 
84 88 6 7 8 9 10 
82 88 8 9 10 
82 89 90 101 122 123 16 17 18 
82 89 90 101 121 123 16 17 
82 89 90 101 121 122 16 17 18 19 
85 125 126 20 21 22 23 24 
85 91 124 126 21 22 23 24 
85 91 124 125 21 22 23 
85 128 
102 127 129 25 
128 25 
92 106 107 108 109 131 28 29 
92 107 108 109 130 28 29 30 31 32 33 34 35 
83 133 36 37 38 39 40 
83 132 38 39 40 
83 135 136 41 42 
83 134 136 41 42 
83 134 135 43 
83 43 44 
83 93 139 140 44 45 46 
93 138 140 44 45 46 47 48 
93 138 139 44 45 47 
86 95 112 113 142 143 144 59 60 
86 95 112 113 141 143 144 145 59 60 61 
86 95 112 113 141 142 144 145 146 60 61 62 
95 112 113 141 142 143 145 146 61 62 
86 95 112 113 142 144 146 61 62 
86 95 96 113 143 144 145 61 62 63 
86 96 97 148 149 63 
96 97 147 149 150 
96 97 147 148 150 
96 97 148 149 64 
87 98 114 152 153 154 68 69 70 71 
98 114 151 153 154 68 69 70 71 72 
98 114 151 152 154 70 71 72 
114 151 152 153 71 72 73 
99 114 115 73 74 
99 100 115 75 76 77 

