34 233
20 2 
1 6 
17 18 19 4 32 
17 18 19 3 32 
19 20 6 
20 1 2 5 
30 10 8 33 34 16 
30 10 7 
30 10 11 21 22 23 24 
30 7 8 9 21 22 
30 12 9 13 22 23 24 25 26 27 28 29 
17 18 30 11 13 14 15 25 26 27 28 29 31 32 
17 18 30 12 11 14 15 29 31 32 
17 18 19 3 4 30 12 13 15 31 
17 18 19 3 4 30 12 14 32 
33 34 
18 3 4 13 14 15 32 
17 19 3 4 13 14 15 32 
17 18 3 4 5 14 15 
1 2 5 6 
8 9 22 
30 10 9 11 21 23 24 
30 9 11 22 24 25 26 27 28 
30 9 11 22 23 25 27 28 
30 12 11 23 24 26 27 28 29 
30 12 11 23 24 25 27 28 29 
30 11 23 24 25 28 29 
30 12 11 23 24 25 26 27 29 
30 12 11 13 25 26 27 28 31 
10 12 7 8 9 11 13 14 15 21 22 23 24 25 26 27 28 29 31 
30 12 13 14 29 32 
3 4 12 13 14 15 31 
7 34 16 
7 16 

