52 321
45 3 4 7 8 19 
45 49 5 6 
45 49 4 7 8 12 10 11 46 47 48 50 51 19 1 
45 49 3 7 8 10 11 47 50 51 19 1 
45 49 8 18 2 6 
49 5 2 
45 49 3 4 8 10 11 47 48 50 51 19 1 
45 49 3 4 5 7 11 19 1 18 
32 52 14 34 35 17 
3 4 7 12 46 47 
45 49 3 7 8 19 18 
45 3 10 46 47 
27 28 20 21 22 23 24 
32 52 34 35 9 17 
32 42 36 37 39 40 41 
42 43 44 
32 52 14 34 35 9 
45 49 5 8 11 
45 3 4 7 8 11 51 1 
27 28 13 21 22 
27 28 13 20 22 23 
28 13 20 21 23 24 
13 21 22 
28 22 23 
28 26 29 30 
25 29 30 
28 13 20 21 49 5 
27 13 20 21 22 23 24 25 
25 26 
25 26 29 31 
52 30 31 
42 52 14 15 33 34 35 9 17 36 
32 52 14 34 
52 14 33 35 9 17 
32 52 14 33 34 9 17 
32 15 38 39 
15 36 38 39 
42 15 36 37 39 
42 15 36 37 38 40 
42 15 39 41 
42 15 40 
32 15 16 38 39 40 41 43 42 
42 16 44 
16 43 
49 3 4 5 7 8 12 10 11 46 47 48 50 51 19 1 18 2 
45 3 12 10 47 
45 3 4 7 12 10 46 
45 3 4 7 50 51 
27 45 3 4 7 8 18 2 6 
45 3 4 7 48 51 
45 3 4 7 48 50 19 
32 14 31 33 34 35 9 17 

