50 461
32 33 14 15 16 13 6 34 35 
31 44 10 11 12 9 4 21 24 23 22 25 26 28 29 
31 44 8 5 7 
31 44 11 9 2 21 23 22 25 26 28 29 
31 44 8 7 3 
32 33 14 15 16 1 35 
31 44 8 7 5 3 
31 44 10 9 5 7 3 24 
31 44 10 11 8 2 4 24 23 22 25 
31 44 11 8 9 2 4 21 24 23 22 25 26 28 
31 44 10 12 9 2 4 21 22 25 26 28 29 30 
31 32 11 2 4 21 13 29 30 45 47 48 
31 32 12 14 15 1 30 45 47 48 
31 32 33 15 16 13 1 6 48 34 35 
31 32 33 14 16 13 1 6 35 
32 33 14 15 1 6 35 27 
33 49 50 18 19 46 40 41 
32 33 49 20 17 36 37 38 39 
49 50 46 17 40 41 42 
32 33 49 18 27 36 37 38 39 
31 44 10 11 12 2 4 22 25 26 28 29 
31 44 10 11 9 2 4 21 23 25 26 28 29 
31 44 10 11 9 2 4 24 22 25 
31 44 10 8 9 2 23 
31 10 11 9 2 4 21 23 22 26 28 29 
31 10 11 2 4 21 22 25 28 29 
32 33 16 20 35 
31 10 11 2 4 21 25 26 29 
31 11 12 2 4 21 22 25 26 28 
31 12 13 45 47 
32 33 44 10 11 12 14 15 8 9 2 4 21 13 5 7 3 24 23 22 25 26 28 29 30 45 47 48 
31 33 49 12 14 15 16 18 13 1 6 20 48 34 35 27 36 37 
31 32 49 50 14 15 16 18 19 46 1 6 17 35 27 36 37 38 39 40 
32 14 15 13 1 48 
32 33 14 15 16 1 6 27 
32 33 18 20 
32 49 18 20 36 38 39 
33 49 18 37 39 
33 49 20 37 38 
33 49 50 19 46 17 41 
49 50 19 46 17 40 
19 46 43 
50 42 
31 10 11 8 9 2 4 21 5 7 3 24 23 22 
31 12 13 30 47 48 
33 49 50 17 40 41 42 
31 12 13 30 45 
31 32 12 14 13 45 47 34 
32 33 50 18 19 46 20 17 37 38 39 40 41 
33 49 46 17 41 42 43 

