62 481
9 32 33 34 35 2 3 18 19 21 22 51 
9 34 35 1 3 19 20 21 22 51 
9 33 34 35 1 2 19 20 21 22 51 
23 26 27 28 30 29 57 59 60 61 62 
32 33 16 17 18 45 46 48 
9 10 11 12 13 14 15 47 37 38 
22 52 8 31 
22 52 7 31 
23 32 33 34 35 6 5 1 2 3 16 17 18 19 20 21 40 44 42 45 46 48 49 50 
6 11 12 13 14 47 37 
6 10 12 13 14 47 37 
6 10 11 13 14 15 47 37 38 
6 10 11 12 14 15 47 37 38 41 43 
6 10 11 12 13 15 37 38 41 43 39 
6 13 14 37 38 41 43 39 
9 5 40 44 42 45 46 
9 5 16 44 42 45 46 
9 32 33 34 35 5 1 19 48 49 50 
9 32 33 34 35 1 2 3 18 20 
9 33 34 35 1 3 21 
9 34 35 1 2 3 20 22 51 52 
34 1 2 3 21 51 52 8 7 
9 36 4 24 25 26 27 53 54 55 56 57 58 
23 36 53 54 
23 36 26 54 55 56 
23 36 4 25 27 57 58 59 60 61 
23 4 26 28 57 58 59 60 61 62 
4 27 30 29 62 
4 30 62 29 
28 29 
52 8 7 
9 33 34 35 5 1 18 19 45 48 49 50 
9 32 34 35 5 1 2 3 18 19 20 48 49 50 
9 32 33 35 1 2 3 18 19 20 21 22 51 
9 32 33 34 1 2 3 18 19 20 21 51 
23 24 25 26 53 54 55 56 
6 10 11 12 13 14 15 38 41 43 39 
6 12 13 14 37 41 
14 15 37 38 41 43 40 
9 16 39 44 42 
13 14 15 37 38 43 39 
9 16 17 40 44 45 
13 14 15 37 38 41 39 
9 16 40 42 45 
9 32 5 16 17 44 42 46 
9 5 16 17 45 
6 10 11 12 13 
9 32 33 5 18 49 
9 32 33 5 18 48 50 
9 32 33 18 49 
34 35 1 2 3 21 22 52 8 
21 22 51 8 7 31 
23 36 24 54 
23 36 24 25 53 55 
23 36 54 56 
23 36 25 55 
23 4 26 58 59 
23 4 26 27 57 59 60 61 
4 26 27 57 58 60 61 
26 27 58 59 61 
4 27 58 59 60 
4 27 28 29 

