239 1896
122 142 143 144 176 2 3 
142 143 144 176 1 3 
122 142 143 144 176 1 2 
122 142 143 144 176 177 5 
122 143 144 177 4 6 
122 143 144 4 5 
122 178 179 8 
122 178 179 180 181 182 7 
178 179 181 182 10 
114 181 182 9 
114 145 
114 130 145 146 183 13 
114 130 146 12 
114 130 146 184 185 186 187 15 16 
114 130 184 185 186 14 16 
114 130 146 184 185 186 187 14 15 
114 123 184 185 186 187 188 18 19 
114 123 187 188 17 19 
114 123 188 17 18 
123 147 148 190 21 
147 148 189 190 191 20 22 
147 191 
131 149 150 195 196 24 25 
131 149 150 23 25 
131 149 150 196 23 24 
131 150 151 196 
131 151 196 26 
132 152 197 198 29 30 31 32 
132 152 197 198 28 30 31 
132 133 152 197 198 28 29 31 32 33 
132 133 152 197 198 28 29 30 32 33 34 
132 133 152 197 198 28 30 31 33 34 
132 133 152 197 198 30 31 32 34 35 36 37 
132 133 152 198 199 31 32 33 35 36 37 
132 133 152 198 199 33 34 36 37 
132 133 152 198 199 200 33 34 37 
133 152 199 200 33 34 36 38 
124 133 199 200 37 39 
124 133 199 200 38 
201 202 41 42 
124 201 202 40 42 
124 201 202 203 40 41 43 44 
124 201 202 203 42 44 45 
201 203 42 43 
202 203 43 44 46 
153 203 45 47 48 49 
153 203 46 48 49 
153 203 46 47 49 
153 46 47 48 50 
153 204 49 51 
153 204 50 
115 204 205 206 207 53 
115 207 208 209 210 52 54 
208 209 210 53 55 56 57 
115 208 209 210 54 57 
115 208 209 210 55 57 
115 54 55 56 
115 134 211 212 213 59 
115 134 211 212 214 58 
115 212 213 214 61 
115 134 154 60 
115 135 154 215 
135 155 215 216 64 65 66 
216 63 65 66 
216 63 64 66 
216 63 64 65 
136 68 
156 67 
118 136 156 157 218 219 220 70 
118 157 158 217 218 219 220 221 69 
118 119 125 159 160 222 72 73 
118 119 125 159 160 222 71 73 
118 119 125 159 160 222 71 72 74 
118 119 125 159 73 75 76 
118 119 125 159 160 74 76 
118 119 125 161 74 75 
119 120 125 162 163 
116 120 121 137 164 79 80 
116 121 137 164 78 80 81 
116 121 137 164 78 79 81 82 
116 121 137 164 79 80 82 83 84 
116 121 164 81 83 84 85 
116 121 164 81 82 84 85 
116 121 164 81 82 83 85 
116 121 164 165 223 82 83 84 86 87 
116 121 164 165 223 85 87 
116 121 126 165 85 86 88 
116 121 126 127 165 224 225 87 
116 121 126 127 138 165 223 224 225 226 90 
116 121 126 127 138 226 89 
126 127 138 227 
228 229 
139 166 230 231 
167 233 234 95 
167 168 233 234 94 96 
128 168 235 95 
128 169 170 235 236 98 
128 169 170 236 237 97 99 
128 170 171 237 98 100 
170 171 237 99 101 
117 170 171 172 100 
117 129 172 
117 129 172 104 105 106 
117 129 103 105 
117 129 103 104 106 
117 129 103 104 105 
117 129 173 
117 140 173 109 
117 141 173 238 108 110 
117 140 141 173 174 238 109 111 
140 141 174 238 239 110 
140 141 174 175 239 113 
141 174 175 112 
122 123 130 145 146 147 183 184 185 186 187 188 189 10 11 12 13 14 15 16 17 18 19 
118 124 134 135 153 154 155 204 205 206 207 208 209 210 211 212 213 214 215 52 53 54 55 56 57 58 59 60 61 62 
118 119 120 121 125 126 127 137 138 163 164 165 223 224 225 226 78 79 80 81 82 83 84 85 86 87 88 89 90 
129 140 141 170 171 172 173 174 238 239 101 102 103 104 105 106 107 108 109 110 
115 116 119 120 125 136 156 157 158 159 160 161 217 218 219 220 221 222 69 70 71 72 73 74 76 
116 118 120 125 158 159 160 161 162 221 222 71 72 73 74 75 76 77 
116 118 119 121 125 137 161 162 163 164 77 78 
116 120 126 127 137 138 164 165 223 224 225 226 78 79 80 81 82 83 84 85 86 87 88 89 90 
114 142 143 144 176 177 178 179 180 1 2 4 5 6 7 8 
114 130 146 147 148 184 185 186 187 188 189 190 17 18 19 20 
115 132 133 152 199 200 201 202 203 38 40 41 42 43 
116 118 119 120 159 161 162 163 222 71 72 73 74 76 77 
116 121 127 138 164 165 223 224 225 226 227 87 88 89 90 91 
116 121 126 138 165 223 224 225 226 227 88 89 90 91 
117 167 168 169 170 171 235 236 237 96 128 97 98 99 
117 140 172 173 102 103 104 105 106 107 
114 123 145 146 183 185 186 187 188 12 13 14 15 16 
132 149 150 151 196 197 23 24 25 26 27 
124 131 133 151 152 197 198 199 28 29 30 31 32 33 34 35 36 
124 132 152 198 199 200 30 31 32 33 34 35 36 37 38 39 
115 154 208 211 212 213 214 58 59 60 61 
115 154 155 215 216 62 63 
118 156 157 158 217 218 219 220 136 67 69 
116 120 163 164 78 79 80 81 
116 121 126 127 165 223 224 225 226 227 89 90 91 
166 167 228 229 230 231 232 93 
117 129 141 173 174 175 238 239 108 109 110 111 112 
117 140 173 174 175 238 239 109 110 111 112 113 
122 143 144 176 1 3 
122 142 144 176 177 1 3 4 5 6 
122 142 143 176 177 1 2 3 4 5 6 
114 130 146 183 11 12 
114 123 130 145 183 184 185 12 13 14 15 16 
114 123 148 189 190 191 20 21 22 
123 147 189 190 192 193 194 20 21 22 
131 150 192 193 194 195 23 24 25 
131 149 151 195 196 23 24 25 26 
131 132 150 196 26 27 
124 132 133 197 198 199 28 29 30 31 32 33 34 35 36 37 
115 203 204 205 206 46 47 48 49 50 51 
115 134 135 155 215 61 62 
115 135 154 215 216 62 63 
118 136 157 158 217 218 220 68 69 
118 136 156 158 217 218 219 220 69 70 
118 119 136 156 157 217 218 219 220 221 69 70 
118 119 125 160 161 222 71 72 74 75 
118 119 125 159 222 71 72 73 74 75 
118 119 120 125 159 162 76 
119 120 125 161 163 77 
116 125 137 77 
116 121 126 137 165 78 79 80 81 82 83 84 85 86 
116 121 126 127 138 223 224 225 85 86 87 88 89 
139 227 228 229 230 92 93 
128 139 168 232 233 234 94 95 
128 167 233 234 94 95 96 
128 170 97 98 
117 128 169 171 236 237 97 98 99 100 101 
117 128 170 172 237 99 100 101 
117 129 171 101 102 103 
117 129 140 141 174 238 107 108 109 110 
117 140 141 173 175 238 239 110 111 112 113 
140 141 174 239 112 113 
122 142 143 144 177 1 2 3 4 
122 143 144 176 4 5 6 
122 180 181 182 7 8 9 
178 180 181 182 7 8 9 
122 178 179 181 182 8 9 
178 179 180 182 9 10 
178 180 181 8 9 10 
114 130 145 146 12 
114 123 130 146 185 186 187 188 14 15 16 17 
114 123 130 146 184 186 187 188 14 15 16 
114 123 130 184 185 187 188 14 15 16 17 
114 123 130 185 186 188 14 16 17 18 
114 123 130 185 186 187 17 18 19 
114 123 147 148 190 20 21 
123 147 148 189 20 21 
147 148 192 193 194 21 22 
148 149 191 193 194 195 
149 191 192 194 195 
148 149 192 193 195 
149 150 192 194 23 
150 151 23 25 26 27 
131 132 133 152 198 28 29 30 31 32 33 
132 133 152 197 28 29 30 31 32 33 34 36 
124 132 133 152 200 34 35 36 37 38 39 
124 133 199 36 37 38 39 
124 202 40 41 42 43 44 
124 201 203 40 41 42 43 44 45 
124 153 202 42 43 44 45 46 47 48 
115 153 205 206 207 50 51 52 
115 153 204 206 207 52 
115 153 204 205 207 52 
115 204 205 206 52 53 
115 134 209 210 53 54 55 56 57 
115 208 210 53 54 55 56 57 
115 208 209 53 54 55 56 57 
115 134 212 213 58 
115 134 211 213 214 59 60 
115 134 211 212 214 58 59 60 
115 134 211 213 59 60 
115 135 154 155 216 62 63 
135 155 215 63 64 65 66 
118 136 156 157 158 219 220 69 70 
118 136 156 157 158 217 219 220 69 70 
118 136 156 157 158 217 218 220 69 70 
118 136 156 157 158 217 218 219 70 
118 119 158 222 70 
118 119 125 159 160 221 71 72 73 
116 121 126 138 165 224 225 85 86 87 88 89 
116 121 126 127 138 165 223 225 89 
116 121 126 127 138 165 223 224 88 89 
116 121 126 127 138 89 90 
126 127 138 166 91 
139 166 229 230 92 
139 166 228 230 92 
139 166 228 229 231 93 
139 230 232 93 
139 231 233 
167 168 232 234 94 95 
167 168 95 
169 96 
128 169 170 235 97 98 
128 170 171 98 99 100 
140 141 173 174 239 109 110 111 
117 140 174 238 111 112 113 

