97 818
59 75 2 
59 74 75 3 
59 75 76 2 4 5 
59 75 76 3 5 
59 75 76 3 4 
76 77 7 
53 77 78 6 
53 60 77 78 79 9 10 
50 52 53 60 78 79 8 10 11 
50 52 53 60 79 8 9 11 
50 52 53 60 79 9 10 12 
50 52 53 60 61 79 11 
50 51 52 53 60 61 80 14 
50 51 52 53 61 62 80 13 
51 52 54 62 80 81 82 
50 52 54 81 82 15 
50 51 52 54 18 19 20 
50 51 52 54 17 19 
50 51 54 17 18 20 
50 51 17 19 
50 51 22 23 
50 51 63 21 24 25 
50 51 63 64 83 21 22 24 25 
51 63 64 83 22 23 25 
50 51 63 64 22 23 24 
50 51 55 63 64 65 27 28 29 
55 65 26 28 29 
55 84 26 27 29 
55 65 84 27 28 
66 67 86 87 88 89 31 32 
66 86 87 88 32 
66 67 88 89 90 30 31 
56 57 67 68 89 90 91 
56 57 58 69 70 92 35 36 
58 69 70 92 34 
58 69 70 92 34 35 37 
69 70 71 93 36 38 
69 70 71 93 37 39 
69 70 71 93 37 38 
71 72 73 94 95 41 
72 94 95 40 42 43 
73 94 95 96 43 44 45 
73 96 41 42 44 45 46 
96 97 42 43 45 46 47 
73 96 42 44 46 
73 96 97 43 44 45 47 
73 96 97 44 45 46 
97 49 
97 48 49 
51 52 53 54 55 59 60 61 62 63 64 65 66 77 78 79 80 81 82 83 84 9 10 11 12 13 14 15 16 18 19 20 21 22 23 24 25 26 
50 52 53 54 60 61 62 63 64 65 79 80 81 82 83 13 14 15 16 17 18 19 20 21 22 23 24 25 26 
50 51 53 54 60 61 62 79 80 81 82 9 10 11 12 13 14 15 16 17 18 
50 51 52 54 60 61 62 77 79 80 7 8 9 10 11 12 13 14 
50 51 52 53 61 62 80 81 82 15 16 17 18 19 
50 51 63 64 65 84 85 26 27 28 29 
57 58 67 68 69 88 89 90 91 92 33 34 
56 58 67 68 89 90 92 33 34 
56 57 67 68 69 70 91 92 93 34 35 36 
50 74 75 76 1 2 4 
50 51 52 53 61 77 78 79 8 9 10 11 12 13 
50 51 52 53 54 60 62 79 80 12 13 14 
50 51 52 53 54 61 80 82 13 14 15 
50 51 55 64 65 83 22 23 24 25 26 
50 51 55 63 83 23 24 25 26 
50 51 55 63 66 84 85 86 26 27 28 29 
50 65 67 68 84 85 86 87 88 89 30 31 32 
56 57 58 66 68 88 89 90 91 30 32 33 
56 57 58 66 67 88 89 90 91 32 33 
56 57 58 70 71 92 93 34 35 36 37 38 39 
58 69 71 72 92 93 34 35 36 37 38 39 
69 70 72 73 93 94 95 37 38 39 40 
70 71 94 95 40 41 
71 72 94 95 96 40 41 42 43 44 45 46 47 
59 75 1 2 
59 74 76 1 2 3 4 5 
59 3 4 5 
50 53 60 78 6 7 8 
50 53 60 77 8 9 
50 51 52 60 61 8 9 10 11 12 
50 51 52 53 54 61 62 81 13 14 15 
50 51 52 54 62 80 82 15 16 
50 51 52 54 62 81 15 16 
50 51 55 63 64 23 24 25 
50 55 65 66 85 86 87 28 29 
65 66 84 86 87 
65 66 84 85 87 88 31 
65 66 84 85 86 30 31 
56 66 67 68 86 87 89 90 30 31 32 
56 57 66 67 68 88 90 91 30 32 33 
56 57 67 68 88 89 91 32 33 
56 57 58 67 68 89 90 33 
56 57 58 69 70 93 34 35 36 
58 69 70 71 92 35 36 37 38 39 
71 72 73 95 40 41 42 
71 72 73 94 40 41 42 
73 97 42 43 44 45 46 
96 44 46 47 48 49 

