444 3801
150 157 168 169 192 303 304 2 3 
150 157 168 169 192 303 304 305 444 1 3 
150 169 192 304 305 444 1 2 
150 192 193 241 242 304 305 306 
150 193 241 242 307 308 309 6 7 8 
150 193 241 242 307 308 309 5 7 8 
150 193 241 307 308 309 5 6 8 9 10 
150 307 308 309 5 6 7 9 10 11 
150 309 7 8 10 11 
150 309 7 8 11 
150 309 8 9 10 
150 310 13 
150 310 12 14 
150 310 12 13 15 
150 311 14 17 
150 311 15 17 
150 311 15 16 
150 243 
150 158 194 243 312 313 20 21 22 
150 158 243 312 19 21 22 
150 158 194 243 244 312 313 314 19 20 22 
150 158 194 243 244 312 313 314 19 20 21 23 
150 158 194 244 312 313 314 315 22 24 
150 158 194 244 245 313 314 315 23 25 26 27 
158 194 244 245 314 315 24 26 27 
150 158 194 244 245 315 24 25 27 28 
150 158 194 244 245 315 24 25 26 28 29 
150 158 194 244 245 315 316 317 25 26 27 29 
150 194 245 316 27 28 30 31 
150 195 245 316 317 29 31 
150 316 317 29 30 
195 33 
150 195 32 34 
150 195 33 35 
150 195 34 36 
150 195 35 37 38 
150 195 36 38 
150 36 37 
150 318 40 
150 318 319 39 
150 159 246 320 42 43 44 
159 41 43 44 
159 41 42 44 
150 159 42 43 45 
159 196 247 44 
159 170 196 247 47 48 
170 196 247 46 48 
159 170 196 247 46 47 49 50 51 52 
159 170 196 247 48 50 51 52 
159 170 196 247 48 49 52 
159 170 196 48 50 52 
159 170 196 48 49 50 51 
170 248 249 321 54 
170 248 249 321 53 55 
170 248 249 250 321 322 54 56 
248 249 250 321 322 323 55 
160 323 324 325 58 
160 197 324 325 57 59 60 
160 197 58 60 
197 58 59 
160 198 
171 199 251 63 64 65 66 
171 199 251 62 64 65 66 
171 199 251 327 62 63 65 66 
171 199 251 252 327 62 63 64 66 67 
171 199 251 252 327 62 63 64 65 67 
199 200 251 252 327 328 65 66 68 69 70 
199 200 251 252 327 328 67 69 70 
199 200 251 252 327 328 67 68 70 71 72 
199 200 251 252 327 328 68 69 71 
200 251 252 327 328 69 70 72 
201 329 69 71 73 
200 201 329 72 74 
200 201 329 73 
172 173 76 77 78 
75 77 78 
172 173 75 76 78 
172 173 75 76 77 
173 174 175 202 203 204 331 332 80 
174 175 202 203 204 331 332 79 
174 175 176 202 203 204 331 332 333 334 82 
174 175 176 203 333 334 335 81 
175 176 253 335 336 84 
175 176 205 253 336 83 85 86 
176 205 336 
205 253 336 84 85 
176 205 336 88 89 
176 205 253 336 337 87 89 
205 206 253 337 87 88 
205 206 254 91 
206 338 339 340 90 92 
206 254 338 339 91 
207 255 340 341 94 
207 255 341 
207 341 96 97 
341 95 97 
207 341 342 95 96 
177 208 256 257 343 344 99 100 
177 208 256 257 344 100 101 
177 208 256 257 344 98 99 
177 208 257 258 344 345 99 
178 209 259 346 103 
178 209 210 259 
209 210 259 347 105 106 
178 210 259 347 104 106 
178 210 260 104 105 107 
178 210 260 106 
161 261 262 109 
161 262 108 110 
161 262 109 
161 179 211 212 348 349 112 113 114 115 116 
161 179 211 212 348 349 111 113 115 116 
161 211 212 348 349 111 114 115 116 
161 179 211 212 263 348 349 111 112 113 115 116 
179 211 212 263 348 111 112 113 114 116 
179 211 212 263 348 349 111 112 113 115 117 
179 212 263 264 116 119 
179 212 263 264 265 117 119 
179 263 265 117 118 
179 263 264 265 350 121 
179 264 265 350 120 
213 352 353 354 123 
353 354 122 124 125 126 127 
353 123 125 127 
353 354 123 126 127 
354 123 124 125 127 
354 123 124 125 126 128 
355 127 
355 356 130 
355 356 129 
132 136 137 138 131 
131 133 135 136 137 138 139 140 
132 134 135 139 140 141 142 143 144 145 146 147 148 149 
214 215 357 358 133 144 149 
132 133 139 140 142 143 145 146 147 148 
131 132 137 
131 138 
131 132 
132 133 135 138 140 141 142 143 145 146 
132 133 135 139 141 142 145 146 
133 135 139 140 142 143 145 
135 139 140 141 143 145 146 
133 135 139 141 142 145 146 147 148 
133 134 149 
133 135 139 140 141 142 143 146 
133 135 139 140 141 142 143 145 
133 143 145 
133 135 143 147 
133 134 144 
151 156 157 158 159 160 162 163 164 165 166 167 168 169 170 171 172 173 186 187 188 189 190 191 192 193 194 195 196 197 198 199 233 235 236 237 238 239 240 241 242 243 244 245 246 247 248 249 250 293 294 295 296 297 298 299 300 301 302 303 304 305 306 307 308 309 310 311 312 313 314 315 316 317 318 319 320 321 427 429 431 432 433 434 435 436 437 438 439 440 441 442 443 444 1 2 3 4 5 6 7 8 9 10 11 150 12 13 14 15 16 17 18 19 20 21 22 23 24 25 26 27 28 29 30 31 32 33 34 35 36 37 38 39 40 41 44 
150 152 153 154 155 180 181 217 218 219 220 271 272 273 274 275 360 363 364 365 366 367 368 369 370 371 372 373 374 375 376 377 
151 153 180 214 215 216 217 218 268 269 270 357 358 359 360 134 
151 152 154 155 180 181 218 219 220 271 272 273 274 365 366 367 368 369 370 371 372 373 374 375 376 
151 153 155 181 220 221 222 223 224 275 276 277 278 279 378 379 380 381 382 383 
151 153 154 221 222 223 224 276 277 278 279 280 381 382 383 384 385 386 
150 157 167 168 189 190 191 236 237 239 294 295 296 297 420 421 422 423 424 425 426 427 428 429 430 431 432 
150 156 168 169 190 191 192 240 300 301 302 303 304 438 439 440 441 442 443 444 1 2 
150 194 195 243 244 245 311 312 313 314 315 316 18 19 20 21 22 23 24 25 26 28 
150 170 196 246 247 248 320 41 42 43 44 45 46 47 48 49 50 51 52 
150 170 171 197 198 250 323 324 325 326 57 58 59 60 61 
178 179 211 212 260 261 262 263 348 349 108 109 110 111 112 113 114 
150 182 183 225 226 227 282 390 391 392 393 394 395 
150 184 185 228 229 285 286 397 398 399 400 401 402 
150 165 166 186 187 188 231 232 233 234 291 292 407 408 409 410 411 
150 164 166 186 188 233 234 235 291 292 410 411 412 
150 164 165 186 187 188 233 234 235 292 412 413 
150 156 189 236 237 238 293 294 295 417 419 420 421 422 423 
150 156 157 169 191 192 240 300 301 302 303 304 440 441 442 443 444 1 2 
150 157 168 192 193 240 303 304 305 442 443 444 1 2 3 
150 159 160 196 247 248 249 250 321 323 46 47 48 49 50 51 52 53 54 55 56 
150 160 197 198 199 200 251 252 326 327 62 63 64 65 66 
150 173 174 175 201 202 203 204 330 75 76 77 78 
150 172 174 201 202 203 204 330 75 77 78 79 
172 173 175 176 202 203 204 331 332 333 334 335 79 80 81 82 
172 173 174 176 202 203 204 205 253 331 332 333 334 335 336 79 80 81 82 83 84 
174 175 202 203 204 205 206 253 331 333 334 335 336 337 81 82 83 84 85 86 87 88 
178 207 208 209 256 257 258 342 343 344 345 98 99 100 101 
161 177 209 210 258 259 260 346 347 102 103 104 105 106 107 
161 211 212 213 263 264 265 266 348 349 350 111 112 113 114 115 116 118 119 120 121 
151 152 153 217 218 219 271 272 273 363 364 365 366 367 
151 153 154 219 220 274 275 371 372 373 374 375 376 377 378 
162 183 226 227 282 387 389 390 391 392 393 394 395 
162 182 226 227 282 394 395 
163 185 228 229 286 398 400 401 402 
163 184 229 230 401 402 403 404 
150 164 165 166 187 188 232 233 234 291 292 408 410 411 
150 164 165 166 186 188 234 235 292 412 
150 164 165 166 186 187 233 234 235 292 412 413 
150 156 167 236 294 417 418 419 420 421 
150 156 157 191 237 238 239 296 297 298 299 427 428 429 430 431 432 433 434 435 
150 156 157 168 190 240 298 299 300 301 302 434 435 436 437 438 439 440 441 
150 157 168 169 193 241 303 304 305 306 442 443 444 1 2 3 4 
150 169 192 241 242 304 305 306 307 308 4 5 
150 158 243 244 245 312 313 314 315 316 317 19 21 22 23 24 25 26 27 28 29 
150 158 194 245 30 31 32 33 34 35 36 37 
150 159 170 247 248 45 46 47 48 49 50 51 52 
150 198 326 58 59 60 61 
150 160 171 197 326 61 
150 171 200 251 252 327 328 199 62 63 64 65 66 67 68 69 70 
171 199 201 251 252 327 328 329 67 68 69 70 71 72 73 74 
172 173 200 330 72 73 
172 173 174 175 176 203 204 331 332 333 334 79 80 81 
172 173 174 175 176 202 204 331 333 79 80 81 82 
172 173 174 175 176 202 203 331 332 333 334 80 81 82 
175 176 206 253 254 337 84 85 86 87 88 90 
176 205 253 254 337 338 89 90 91 92 
177 255 256 341 342 93 94 95 96 97 
177 256 257 258 343 345 98 99 100 101 
177 178 210 259 346 347 102 103 104 
178 209 259 260 347 104 105 106 107 
161 179 212 263 348 349 111 112 113 114 115 116 
161 179 211 263 264 348 349 111 112 113 114 115 116 117 118 
179 266 267 350 352 353 354 122 
152 215 357 358 
152 214 216 268 269 270 358 359 
152 215 268 269 270 358 359 
151 152 180 218 270 271 360 361 362 363 
151 152 153 180 217 271 360 361 362 363 
151 153 180 181 272 273 274 365 366 367 368 369 370 371 372 
151 153 154 181 275 376 377 378 
151 154 155 222 223 275 276 277 378 379 380 381 
155 221 223 276 277 381 382 
154 155 221 222 278 279 381 382 
154 155 278 279 280 383 385 386 
162 182 226 282 387 388 389 390 391 392 
162 182 183 225 227 282 390 391 392 393 394 
162 182 183 226 282 392 393 394 395 
163 184 283 284 285 286 396 397 398 399 
163 184 185 286 400 402 
185 287 404 230 
164 232 288 289 290 405 406 
164 186 231 290 406 407 408 409 
150 164 165 166 186 187 188 234 292 412 
164 165 166 186 187 188 233 235 292 412 
150 165 166 187 188 234 292 293 412 413 414 415 416 
150 156 167 189 293 294 417 418 419 420 
150 156 190 238 239 295 296 422 423 424 425 426 427 428 
150 156 167 190 237 239 295 296 423 424 425 426 427 428 429 430 
156 190 237 238 296 297 427 428 429 430 431 432 433 
150 157 168 169 191 300 301 302 440 442 
150 192 193 242 307 308 4 5 6 7 
150 193 241 306 307 308 4 5 6 
150 158 194 244 312 313 314 18 19 20 21 22 
150 158 194 243 245 312 314 315 21 22 23 24 25 26 27 28 
150 158 194 195 244 315 316 317 24 25 26 27 28 29 30 31 
150 159 318 319 320 40 41 
150 159 170 196 45 46 47 48 49 50 
150 159 170 196 249 250 321 322 53 54 55 56 
150 170 248 250 321 322 53 54 55 56 
150 160 170 249 321 322 323 55 56 
171 199 200 252 327 328 62 63 64 66 67 68 69 71 
171 199 200 251 327 328 65 66 67 68 69 70 71 
175 176 205 206 335 336 337 84 85 86 88 89 
205 206 255 338 339 340 90 91 92 
207 254 338 339 340 341 93 94 
177 207 208 257 342 343 344 98 99 
177 208 256 258 343 344 98 99 100 101 
177 178 208 257 344 345 346 101 
178 209 210 347 102 103 104 105 
161 210 106 107 261 
161 260 262 261 108 
161 261 108 109 110 
161 179 211 212 264 265 348 349 112 114 115 116 117 118 119 120 
179 212 263 265 350 117 118 119 120 121 
179 263 264 266 350 351 118 119 120 121 
213 265 267 350 351 352 
213 266 350 351 352 
152 215 216 269 358 359 
152 215 216 268 270 359 
152 216 217 269 
151 153 180 217 218 272 364 
151 153 180 219 271 273 365 
151 153 180 219 272 365 366 367 
151 153 181 367 368 369 370 371 372 373 374 375 
151 154 181 220 221 276 378 379 380 
154 155 221 222 275 378 379 380 
154 155 221 222 278 279 280 381 382 
154 223 224 277 279 280 381 382 383 
154 155 223 224 277 278 280 383 
154 155 224 277 278 279 383 
281 387 388 
162 182 183 225 226 227 390 391 393 394 
228 284 285 396 
228 283 285 
163 228 283 284 397 
163 184 228 229 397 399 400 
185 230 403 404 
231 289 290 405 288 
231 288 290 405 
231 232 288 289 405 406 
164 165 186 232 407 408 409 410 411 
165 166 186 187 188 233 234 235 412 
150 167 189 235 236 415 416 
150 156 167 189 236 417 418 419 420 421 
150 156 167 237 238 422 423 424 425 426 
150 156 190 237 238 239 297 427 428 429 430 431 
150 156 190 239 296 429 430 431 432 433 
150 190 191 299 434 435 436 437 
150 190 191 298 435 436 
150 157 168 191 240 301 302 437 438 439 440 441 
150 157 168 191 240 300 302 440 441 
150 157 168 191 240 300 301 440 441 
150 157 168 169 192 442 443 444 1 
150 157 168 169 192 193 305 306 444 1 2 3 4 
150 169 193 304 306 2 3 4 
150 192 193 241 242 304 305 4 
150 193 241 242 308 309 5 6 7 8 
150 193 241 242 307 309 5 6 7 8 
150 307 308 5 6 7 8 9 10 11 
150 12 13 14 
150 158 15 16 17 
150 158 194 243 244 313 19 20 21 22 23 
150 158 243 244 312 314 315 19 21 22 23 24 
150 158 243 244 312 313 21 22 24 25 
150 158 194 244 245 313 314 23 24 26 27 28 
150 158 194 195 245 317 27 28 29 30 31 
150 194 316 28 29 30 31 
150 246 319 320 39 40 
150 246 318 320 40 
150 159 246 318 319 41 
150 170 248 249 250 322 323 53 54 55 56 
170 248 250 321 323 56 
160 170 250 321 322 324 56 57 
160 323 325 57 58 
160 324 57 58 
160 171 197 198 
171 199 200 251 252 328 64 65 66 67 68 69 70 71 
199 200 251 252 327 67 68 69 70 71 
200 201 72 73 74 
172 173 201 
174 175 176 202 203 204 332 333 79 80 81 
174 175 202 203 204 331 333 79 80 81 
174 175 176 202 203 204 331 332 334 335 81 82 
174 175 176 202 203 204 333 81 82 
174 175 176 253 333 334 82 83 
175 176 205 253 337 83 84 85 88 
176 205 206 253 336 87 88 89 
206 254 255 339 340 91 92 
254 255 338 340 91 92 
254 255 338 339 91 93 
207 255 93 94 95 96 97 
177 207 256 97 
177 208 256 257 342 344 98 
177 208 256 257 258 343 345 98 99 100 101 
177 208 258 344 346 101 
178 258 345 102 
178 209 210 259 103 104 105 
161 179 211 212 263 349 111 112 114 116 
161 179 211 212 263 111 112 113 114 115 116 
179 213 264 265 266 267 351 352 120 121 
213 265 266 267 350 
213 266 267 350 353 122 
213 352 354 122 123 125 
213 353 122 123 124 125 127 
356 129 130 
355 128 129 130 
152 214 
152 214 215 216 268 
152 215 216 268 269 
151 152 217 218 361 
217 218 360 362 363 
217 218 360 361 363 
151 180 217 218 271 361 362 364 
151 180 218 271 363 
151 153 180 272 273 366 
151 153 180 219 273 365 367 368 
151 153 180 219 273 274 366 368 369 370 371 
151 153 219 274 366 367 369 370 371 
151 153 219 274 367 368 370 371 372 
151 153 219 274 367 368 369 371 372 
151 153 181 219 274 367 368 369 370 372 373 374 375 
151 153 181 219 274 369 370 371 373 374 375 
151 153 181 274 371 372 374 
153 181 274 371 372 373 375 
151 153 181 274 371 372 374 
151 153 181 220 377 
151 181 220 376 
154 181 220 221 275 276 379 380 
154 221 275 276 378 380 
154 221 275 276 378 379 
154 155 221 222 223 277 382 
154 155 222 223 277 278 381 
154 224 278 279 280 384 
224 385 386 
155 384 386 
155 224 384 385 281 
182 225 281 388 
225 387 389 
182 225 387 388 
162 182 225 226 391 
162 182 225 226 282 390 392 393 
162 182 225 226 227 282 391 393 394 
162 182 226 227 282 391 392 394 
162 182 183 226 227 282 392 393 395 
162 182 183 227 394 
228 284 
163 228 285 286 398 399 400 
163 184 228 286 397 399 400 
163 228 286 397 398 400 
163 184 229 286 397 398 399 
163 184 185 229 402 
163 184 185 229 401 
287 404 
185 287 403 
231 288 289 290 
231 232 290 
232 291 406 409 
164 186 232 291 407 409 410 
164 232 291 407 408 410 
164 165 186 291 408 409 411 
164 165 186 291 410 
165 166 187 188 233 234 235 292 
166 188 235 414 415 
235 413 415 416 
293 413 414 416 
235 293 414 
167 189 294 418 419 
167 189 236 294 417 419 
167 189 236 294 417 418 420 
156 167 189 236 294 419 421 
156 167 189 294 420 422 
156 167 237 295 423 
156 167 237 238 295 422 424 425 
156 237 238 295 423 425 426 
156 237 238 295 424 426 
156 238 295 424 425 427 428 
150 156 190 237 238 239 296 426 428 429 430 
156 190 237 238 239 426 427 429 430 
150 156 190 238 239 296 297 427 428 430 
156 190 238 239 296 297 427 428 429 431 
150 156 190 239 296 297 430 432 433 
150 156 190 239 297 431 433 
150 190 239 297 431 432 
150 190 191 298 299 435 436 
150 190 191 298 299 434 436 
150 191 298 299 434 435 437 438 439 
191 298 300 436 438 439 
150 157 191 300 436 439 440 
150 157 191 300 436 437 438 440 
150 157 168 191 240 300 301 302 438 439 441 
150 157 168 191 240 300 301 440 
150 157 168 169 192 240 303 443 
150 157 168 169 192 303 442 444 
150 157 168 169 192 303 304 443 1 2 3 

