53 376
32 2 41 42 43 44 10 11 
32 1 41 42 43 44 11 
32 35 36 37 38 45 46 47 12 13 14 
33 37 38 39 5 15 16 17 18 19 
33 39 4 6 48 17 18 19 20 
33 39 5 48 20 21 22 
33 8 24 25 26 34 
23 40 7 50 25 26 34 27 
41 10 
1 41 9 
32 1 2 41 42 43 44 
35 36 3 13 
35 36 37 3 45 46 12 
35 37 38 3 45 46 47 
37 38 4 16 
38 4 15 
33 39 5 18 19 
33 39 4 5 17 19 
33 39 4 5 17 18 
33 39 5 6 48 
33 39 6 48 49 22 24 
6 49 21 24 
33 40 7 8 49 50 51 52 25 26 34 27 28 29 30 
7 49 21 22 
23 7 8 50 26 34 
7 8 50 25 34 
23 40 8 50 51 28 
23 40 51 27 29 
23 40 51 28 
23 40 52 53 
53 30 
35 36 37 1 2 3 41 42 43 44 45 11 12 
23 38 39 4 5 6 7 48 49 17 19 20 21 22 
23 7 8 50 25 26 
32 36 37 38 3 45 46 47 12 13 14 
32 35 37 38 3 45 46 47 12 13 14 
32 35 36 38 3 4 45 46 47 13 14 15 
33 35 36 37 3 4 45 46 47 14 15 16 
33 4 5 6 48 17 18 19 20 21 
23 8 50 51 52 27 28 29 30 
32 1 2 42 43 9 10 11 
32 1 2 41 43 44 11 
32 1 2 41 42 44 11 
32 1 2 42 43 11 
32 35 36 37 38 3 46 47 13 14 
35 36 37 38 3 45 47 13 14 
35 36 37 38 3 45 46 
33 39 5 6 20 21 
23 33 7 21 22 24 
23 40 8 51 25 26 34 27 
23 40 50 52 27 28 29 
23 40 51 53 30 31 
52 30 31 53 

