88 688
22 26 88 
22 38 54 55 
22 30 38 39 41 56 
30 42 56 
42 6 
57 5 7 
57 5 6 
57 58 59 9 
58 59 8 
31 61 
31 61 
61 62 11 
23 24 27 43 62 63 64 14 
23 24 27 43 63 64 13 15 
23 24 27 64 14 16 17 
23 24 27 43 15 17 
23 24 27 43 64 
23 24 27 44 65 19 
23 27 65 18 20 
44 65 18 19 
22 25 26 28 29 32 33 34 35 46 47 48 49 50 51 69 70 71 72 73 74 75 76 77 78 79 80 81 
21 25 26 29 30 35 36 37 38 39 40 41 52 53 54 55 56 85 86 87 88 1 2 3 
24 27 31 43 44 45 62 63 64 65 66 67 13 14 15 16 17 18 19 20 
23 27 31 43 44 62 63 64 65 13 14 15 16 17 18 
21 22 28 29 34 35 48 49 50 51 72 74 75 76 77 78 79 80 
21 22 35 36 37 38 52 53 54 85 86 87 88 1 
23 24 31 43 44 62 63 65 13 14 15 16 17 18 20 
21 25 29 34 48 49 50 74 75 76 77 78 79 80 
21 22 25 28 34 35 36 49 50 51 52 53 79 80 82 
22 38 39 40 41 42 54 55 56 3 4 
23 24 27 43 60 61 62 63 10 11 12 
21 33 46 47 68 69 70 71 
21 32 46 47 68 69 70 71 
21 28 29 35 48 50 51 79 80 81 
21 22 25 26 29 34 36 51 52 53 81 82 83 84 
22 26 29 35 37 52 53 82 83 84 85 
22 26 36 85 86 87 88 
22 26 30 39 40 41 54 55 56 2 3 
22 30 38 40 41 54 55 56 3 
22 30 38 39 41 54 55 56 3 
22 30 38 39 40 54 55 56 3 
30 56 57 4 5 
23 24 27 31 62 63 64 13 14 15 16 17 
23 24 27 45 65 66 18 19 20 
23 44 65 66 67 
21 32 33 47 68 69 70 71 
21 32 33 46 69 70 71 72 
21 25 34 49 75 77 78 
21 25 28 29 34 48 50 79 80 81 
21 25 28 34 49 79 80 81 
21 25 29 34 35 52 53 81 82 
22 26 29 35 36 51 53 82 83 84 
22 26 29 35 36 51 52 82 83 
22 26 30 38 39 40 55 2 3 
22 30 38 39 40 41 54 2 
22 30 38 39 40 41 42 3 4 
42 5 6 7 8 
57 59 8 9 
58 60 8 9 
31 59 10 
31 60 10 11 12 
23 24 27 31 43 63 12 13 
23 24 27 31 43 62 64 13 14 
23 24 27 43 63 13 14 15 16 17 
23 24 27 44 45 66 18 19 20 
23 44 45 65 
23 45 67 
32 33 46 69 70 
21 32 33 46 47 68 70 71 
21 32 33 46 47 68 69 71 
21 32 33 46 47 69 70 
47 73 
21 72 74 
21 25 28 72 73 75 
21 25 28 74 76 77 78 
21 25 28 48 75 77 78 
25 28 48 75 76 78 
21 25 28 48 75 76 77 
21 25 28 29 34 49 50 80 
21 25 28 29 34 50 79 81 
21 29 34 35 49 50 51 80 
29 35 36 51 52 53 83 84 
35 36 52 53 82 
35 36 52 53 82 83 
22 26 36 37 86 87 
22 26 85 87 
22 26 37 85 86 88 
22 26 37 87 1 

