48 381
2 3 17 44 45 46 47 4 5 6 7 8 9 10 11 12 21 22 23 24 25 26 27 
1 3 17 44 45 46 6 7 8 9 10 21 22 23 24 25 26 
1 2 17 44 45 46 8 9 10 11 12 25 26 27 28 
1 17 5 19 20 
1 17 4 19 20 
1 2 7 21 22 23 
1 2 17 44 6 22 23 
1 2 3 44 45 46 9 10 25 26 
2 3 44 45 46 8 10 11 26 
1 2 3 45 46 8 9 11 12 26 
1 3 45 46 9 10 12 27 28 
1 3 45 46 10 11 27 28 
18 47 48 14 35 36 37 38 
18 48 13 15 36 37 38 39 
18 48 14 16 38 39 40 41 42 43 
18 48 15 40 41 42 43 
1 2 3 44 4 5 6 7 19 20 21 22 23 
48 13 14 15 16 38 39 40 41 42 
17 4 5 20 
17 5 19 
1 2 17 6 22 
1 2 17 6 7 21 23 
1 2 17 44 6 7 22 24 
1 2 44 7 23 
1 2 3 44 45 8 26 
1 2 3 44 45 46 8 9 10 25 
1 3 11 12 28 29 
3 12 27 29 30 
47 27 30 
47 28 29 
47 32 33 34 35 
47 31 33 34 35 
47 31 32 34 35 
47 31 32 33 35 
47 13 31 32 33 34 36 37 
47 13 14 35 37 
47 13 14 35 36 
18 48 13 14 15 39 40 
18 48 14 15 38 40 41 
18 15 16 38 39 41 
18 48 15 16 39 40 42 43 
18 48 15 16 41 43 
18 48 15 16 41 42 
1 2 3 17 45 46 7 8 9 23 24 25 26 
1 2 3 44 46 8 9 10 11 12 25 26 
1 3 44 45 8 9 10 11 12 26 
1 13 29 30 31 32 33 34 35 36 37 
18 13 14 15 16 38 39 40 41 42 43 

