104 884
2 3 4 5 6 7 15 17 18 19 20 32 33 34 35 36 37 38 39 40 41 42 64 65 66 67 68 69 70 71 72 73 74 75 76 77 78 79 80 81 30 31 55 56 54 61 62 63 13 14 
1 3 15 32 33 34 35 64 65 66 67 30 31 55 56 54 61 62 63 12 13 14 
1 2 15 32 33 34 35 36 65 66 67 69 70 71 72 73 30 31 54 
1 5 6 7 19 20 21 22 39 40 41 42 43 44 82 83 84 85 86 87 88 89 90 91 
1 4 6 17 18 19 39 40 41 77 78 79 80 81 82 
1 4 5 17 18 19 20 39 40 41 42 43 79 80 81 82 83 84 
1 4 16 23 24 25 45 46 47 48 49 50 51 96 97 98 
57 58 59 9 
57 58 59 60 8 10 
55 57 58 59 60 9 
30 55 56 60 61 12 
30 31 55 56 61 62 11 
64 30 31 56 54 62 63 14 
64 30 31 56 54 62 63 13 
1 2 3 36 37 69 70 71 72 73 
7 24 25 26 46 47 48 49 50 51 96 97 98 
1 5 6 18 76 77 78 79 
1 5 6 17 76 77 78 79 
1 4 5 6 39 40 41 42 43 80 81 82 83 
1 4 6 21 42 43 44 83 84 85 86 87 88 89 
4 20 22 44 88 89 90 
4 21 23 45 90 91 92 93 94 95 
7 22 24 45 46 93 94 95 96 
7 16 23 45 46 47 96 
7 16 26 27 48 49 50 51 97 98 99 
16 25 27 28 29 51 52 99 100 
25 26 28 29 52 99 100 
26 27 29 52 53 100 
26 27 28 52 53 100 101 102 103 104 
32 64 31 55 56 54 60 61 62 63 11 12 13 14 
64 55 56 54 61 62 63 12 13 14 
1 2 3 33 34 35 65 66 67 
1 2 3 32 34 35 65 66 67 
2 3 32 33 35 65 66 67 
1 2 3 32 33 34 66 67 
1 3 15 37 38 71 72 73 75 
1 15 36 38 74 75 
36 37 74 75 76 
1 4 5 6 40 41 80 82 
1 4 5 6 19 39 41 42 43 81 82 83 84 
1 4 5 19 39 40 42 43 81 82 83 
1 4 6 19 20 40 41 43 82 83 84 85 
4 6 19 20 40 41 42 82 83 84 
4 20 21 86 88 
7 22 23 24 92 93 94 95 
7 16 23 24 47 96 
7 16 24 46 96 
7 16 25 49 50 51 97 
7 16 25 48 50 97 98 
7 16 48 49 51 97 98 
7 16 25 26 48 49 50 98 99 
26 27 28 29 100 
28 29 101 103 104 
32 64 65 30 31 55 56 61 62 63 13 
30 31 56 54 58 59 60 61 62 63 10 11 12 
30 31 55 54 61 62 63 11 12 13 14 
58 59 60 8 9 10 
55 57 59 60 8 9 10 
55 57 58 60 8 9 10 
30 55 56 57 58 59 61 9 10 11 
30 31 55 56 54 60 62 63 11 12 
30 31 55 56 54 61 63 12 13 14 
30 31 55 56 54 61 62 12 13 14 
1 2 14 
1 2 3 32 33 34 66 67 
1 2 3 32 33 34 35 65 67 
1 2 3 32 33 34 35 65 66 
1 3 15 69 70 
1 3 68 70 
1 3 15 68 69 71 
1 3 15 36 70 73 
1 3 15 36 71 73 
1 15 36 71 72 
1 36 37 38 75 
1 36 37 38 74 
1 17 18 38 
1 5 17 18 78 
1 5 17 18 77 79 
1 5 6 18 78 80 
1 5 6 19 39 79 81 
5 6 19 39 40 41 80 82 
4 5 6 19 39 40 41 42 43 81 83 
4 6 19 20 40 41 42 43 82 84 85 
4 6 20 40 42 83 85 
4 20 42 43 83 84 86 87 
4 20 44 85 87 88 
4 20 44 85 86 88 
4 20 21 44 86 87 89 
4 20 21 44 88 
4 21 22 91 92 
4 21 22 90 92 
22 45 91 93 
22 23 45 92 94 95 
22 23 45 93 
22 23 45 93 94 
16 23 24 46 47 
7 16 25 48 49 50 
7 16 25 49 51 99 
25 26 27 51 98 
26 27 28 29 52 
28 29 102 103 
29 53 101 103 104 
29 53 101 102 104 
29 53 102 103 

