66 406
32 2 3 
44 32 50 1 3 4 5 
44 32 1 2 4 5 
32 50 2 3 5 
44 32 50 2 3 4 52 
44 53 34 35 7 8 9 11 
44 53 34 35 8 9 6 11 
53 34 35 7 9 6 11 
44 53 34 35 7 8 6 11 
44 61 34 35 
44 53 34 35 8 9 6 
54 61 13 
54 61 12 14 
54 61 13 
54 61 16 
54 15 
33 55 62 63 36 37 18 21 22 23 24 25 
55 62 63 36 17 19 21 
55 62 63 36 57 18 21 
55 62 57 
55 62 63 36 17 19 18 22 
55 62 63 36 17 18 21 23 
55 36 17 22 24 25 
33 36 37 17 23 
33 36 17 23 
33 37 58 29 30 
58 60 28 
33 27 
33 37 58 26 30 
33 37 58 26 29 
33 51 56 39 
44 53 50 1 2 3 4 5 52 
55 62 63 36 37 38 17 58 60 64 24 25 26 29 30 27 28 47 48 49 51 56 31 40 39 
44 53 35 7 8 9 10 6 
44 53 34 7 8 9 10 6 11 
33 55 62 63 37 57 17 19 18 21 22 23 24 25 
33 36 17 58 24 26 29 30 
33 39 41 42 59 
33 38 64 31 40 41 
33 51 56 31 39 
38 64 39 42 
38 64 41 
65 66 45 46 
53 54 61 32 34 35 50 8 10 2 3 4 5 52 6 11 
43 66 
43 66 
33 48 49 
33 49 
33 47 
44 53 32 2 3 4 52 
33 49 56 31 
44 32 50 5 
44 54 61 32 34 35 8 9 10 6 11 
44 53 55 61 12 13 14 15 16 54 
33 54 62 63 36 57 17 20 19 18 21 22 23 
33 49 51 40 
55 62 63 36 20 19 
33 60 26 29 30 27 
38 65 
33 58 27 28 
44 53 54 10 12 13 14 15 
33 55 63 36 57 17 20 19 18 21 
33 55 62 36 17 19 18 21 22 
33 38 39 41 42 
38 43 59 
43 66 45 46 

