103 714
70 81 
62 63 71 82 83 84 3 
62 63 84 85 86 2 
63 72 85 86 6 7 8 
63 72 85 86 4 6 7 8 
63 85 86 4 5 8 
63 72 85 86 4 5 6 8 
63 72 85 86 4 5 6 7 9 
87 8 10 11 12 
87 9 11 12 
72 9 10 12 
72 87 9 11 13 
87 12 14 15 16 
72 87 13 15 16 17 
87 14 16 17 
13 14 15 17 
64 14 15 16 18 
64 65 88 89 17 19 20 
64 65 88 89 18 20 
64 65 88 89 18 19 
64 65 66 90 91 
66 73 74 23 24 25 
66 73 74 22 24 25 
66 73 74 22 23 25 
66 73 74 22 23 24 
60 67 73 74 75 92 27 28 29 30 
60 67 74 75 92 26 28 29 30 
60 67 75 92 26 29 30 
60 67 75 92 26 27 28 30 
60 67 75 92 26 27 28 29 
60 32 
60 31 33 34 
60 32 34 35 36 
33 35 36 
76 93 33 34 36 
76 93 33 34 35 
59 68 77 94 38 39 
59 68 77 94 37 39 
59 68 77 94 95 37 38 
59 97 41 
59 97 40 42 43 
59 97 40 41 43 44 
59 97 41 42 44 45 
69 97 42 43 45 46 47 
59 69 43 44 46 47 
69 45 
69 44 45 46 
61 69 98 99 
61 78 98 99 100 101 50 
61 100 101 49 
61 78 79 101 102 52 
61 78 79 102 51 53 
61 78 79 102 103 52 54 
61 79 102 103 52 53 55 
61 80 102 53 54 56 57 
80 103 55 57 58 
80 103 55 56 58 
80 103 56 57 
68 69 76 77 94 95 96 97 37 38 39 40 41 42 43 44 45 
66 67 73 74 75 76 92 26 27 28 29 30 31 32 33 34 
69 78 79 80 98 99 100 101 102 103 48 49 50 51 52 53 54 55 
63 70 71 81 82 83 84 85 86 2 3 
62 71 72 82 83 84 85 86 2 3 4 5 6 8 
65 66 88 89 90 91 17 18 19 20 21 
64 66 88 89 90 91 18 19 20 21 
60 64 65 67 73 74 90 91 21 22 23 24 25 
60 66 73 74 75 92 26 27 28 29 31 
59 76 77 94 95 96 37 38 39 
59 61 97 98 99 100 44 45 46 47 48 
62 71 81 82 83 1 
62 63 70 81 82 83 84 2 
63 87 4 5 7 8 9 10 11 12 13 14 
60 66 67 74 75 92 22 23 24 25 26 
60 66 67 73 75 92 22 23 24 25 26 27 
60 67 73 74 92 26 27 28 29 30 
59 60 68 77 93 35 36 
59 68 76 94 37 38 39 
61 79 98 100 101 102 49 50 51 52 53 
61 78 101 102 51 52 53 
61 103 55 56 58 
62 70 71 1 
62 63 70 71 83 2 
63 70 71 82 2 
62 63 85 86 2 3 
62 63 86 3 4 5 6 7 8 
62 63 84 85 3 4 5 6 8 
72 9 10 11 12 13 14 15 
64 65 89 90 18 19 20 
65 88 90 18 19 20 
64 65 66 88 89 91 21 
64 65 66 90 21 
60 67 73 74 75 26 27 28 29 30 
76 35 36 
59 68 77 37 38 39 
59 68 94 96 39 
59 68 94 95 
59 69 40 41 42 43 44 
61 69 78 99 100 48 49 
61 69 100 48 49 
61 78 98 99 48 50 
61 78 79 50 51 
61 78 79 103 51 52 53 54 55 
61 80 102 53 54 55 56 57 58 

