37 210
25 26 2 3 4 1 
25 1 3 
25 26 27 1 2 4 5 6 7 
25 26 27 1 3 5 
25 26 27 3 4 6 7 
25 26 27 3 4 5 
25 26 27 3 5 6 
28 32 9 10 
28 32 8 10 
28 32 8 9 
32 12 
31 11 
31 13 
33 15 37 
31 33 14 37 
31 33 34 35 23 17 
31 33 34 35 23 16 
36 29 30 19 20 21 
29 30 18 
36 29 18 21 
36 29 18 20 
23 24 
31 33 34 35 24 16 17 22 
35 36 23 22 24 
26 27 28 1 2 3 4 5 6 7 
25 27 28 1 3 5 6 7 
25 26 28 3 4 5 6 7 
25 26 27 32 8 9 10 
36 30 18 19 20 21 
29 18 19 
33 34 35 36 32 15 23 11 12 13 14 37 16 17 31 
31 28 8 9 10 11 
31 34 35 15 23 14 37 16 17 
31 33 35 23 16 17 
31 33 34 36 23 24 16 17 22 
31 35 29 24 18 20 21 
31 33 15 14 

