93 719
57 1 
51 57 58 3 
51 57 58 2 
51 57 58 73 
51 4 
52 74 75 
46 52 59 60 76 
46 53 60 77 
45 61 10 11 
45 61 9 11 
45 78 9 10 
45 78 13 
45 78 79 80 12 14 
45 47 54 79 80 81 13 15 16 
45 47 54 79 80 81 14 16 17 
47 54 80 81 14 15 17 
45 47 54 81 15 16 
47 48 54 
47 48 54 55 62 63 82 83 20 21 22 
47 48 55 62 63 82 83 19 21 22 
47 48 55 62 63 82 83 19 20 22 23 24 
47 48 55 62 63 83 84 19 20 21 23 24 
47 48 55 62 63 83 84 21 22 24 25 
48 55 62 63 84 21 22 25 
48 55 62 63 64 23 24 26 
48 64 65 84 25 
49 64 65 85 86 
49 66 67 86 87 
66 67 68 69 87 89 30 31 
66 67 68 69 88 89 29 31 
68 69 70 88 89 29 30 
69 70 71 89 33 
69 71 89 32 
56 90 91 35 
50 56 91 34 36 37 38 
50 56 91 35 37 38 
50 56 35 36 38 
50 56 35 36 37 39 
50 56 92 38 40 41 42 
50 56 72 39 41 42 
50 56 92 39 40 42 
50 56 72 92 39 40 41 43 
50 72 93 42 
72 93 
46 47 48 53 54 55 60 61 62 77 78 79 80 81 9 10 11 12 13 14 15 16 17 18 
45 52 53 59 60 61 76 77 7 8 
45 48 49 54 55 62 63 79 80 81 82 83 84 14 15 16 17 18 19 20 21 22 
45 47 49 54 55 62 63 64 65 82 83 84 85 18 19 20 21 22 23 24 25 26 
47 48 64 65 66 67 68 85 86 87 27 28 
56 72 92 93 35 36 37 38 39 40 41 42 43 44 
52 57 58 73 74 2 3 4 5 
46 51 59 74 75 76 6 7 
45 46 60 61 77 8 9 
45 47 48 55 62 63 79 80 81 82 83 14 15 16 17 18 19 
45 47 48 54 62 63 64 83 84 19 20 21 22 23 24 25 
50 72 91 92 34 35 36 37 38 39 40 41 42 
51 58 1 2 3 4 
51 57 2 3 4 
46 52 60 75 76 7 
45 46 53 59 76 77 7 8 
45 46 53 77 10 
45 47 48 54 55 63 82 83 84 20 21 22 23 24 25 
47 48 54 55 62 82 83 84 19 20 21 22 23 24 25 
48 49 55 65 84 85 86 25 26 27 
48 49 64 84 85 86 26 27 
49 67 68 69 86 87 88 28 29 30 
49 66 68 69 87 88 30 
49 66 69 87 88 89 29 30 31 
66 67 68 70 71 88 89 29 30 31 32 
69 71 88 89 90 31 32 33 
69 70 89 90 32 33 
50 56 92 93 40 42 43 44 
51 74 4 5 
51 52 73 75 6 
52 59 74 6 
46 52 59 60 7 
45 46 53 60 61 8 
45 79 12 13 
45 47 54 78 80 13 14 15 
45 47 54 79 81 13 14 15 16 
45 47 54 79 80 14 15 16 17 
47 54 55 63 83 19 21 22 
47 48 54 55 62 63 82 19 20 21 22 23 
47 48 55 62 63 64 65 22 23 24 25 26 
48 49 64 65 86 27 
49 64 66 27 28 
49 66 67 68 88 28 29 
66 67 68 69 70 87 89 29 30 31 
68 69 70 71 88 29 30 31 32 33 
70 71 91 34 
56 90 34 35 36 
50 56 72 39 40 41 42 43 
50 72 43 44 

