223 1673
109 164 165 
109 110 132 133 165 166 167 3 4 5 6 
109 110 132 133 167 2 4 5 6 
109 110 132 133 166 167 2 3 5 6 
109 110 132 133 166 167 2 3 6 
109 111 132 133 167 2 3 4 5 
109 110 111 133 134 168 8 9 10 
110 111 134 168 7 9 10 
110 111 134 169 7 8 10 
110 111 134 169 7 8 9 
134 135 169 170 171 12 13 
135 170 171 13 
135 170 171 12 14 15 16 
171 13 15 16 
13 14 16 17 
171 13 14 15 17 
15 16 18 
17 19 18 
18 20 
120 19 21 
120 20 
23 24 
120 172 22 
120 172 22 
120 173 
173 26 
105 121 136 174 
105 121 174 29 
105 121 136 174 28 
105 106 121 136 175 176 177 31 
105 106 122 137 175 176 177 30 32 
105 106 122 137 176 177 178 31 
105 106 112 122 137 179 180 181 34 35 
105 106 112 122 137 181 33 35 
105 112 181 33 34 
105 106 112 181 35 
112 182 38 
112 182 37 39 
182 38 40 
182 183 39 41 
183 39 40 
184 43 44 45 46 47 
100 184 44 45 46 
100 184 42 43 45 46 47 
100 184 42 43 44 46 47 
100 184 42 43 44 45 47 
100 184 42 43 44 45 46 
100 138 185 49 
100 138 185 48 
100 138 186 51 
100 138 185 186 50 
100 107 139 140 187 188 189 53 
100 107 139 140 189 52 54 
100 107 141 189 53 55 56 
100 107 141 54 56 57 
100 107 141 54 55 57 
100 107 141 55 56 
100 113 142 143 190 191 59 
100 113 143 190 191 58 
113 144 145 61 
144 145 60 
144 145 
124 146 147 192 64 65 
124 192 63 65 
114 124 147 192 63 64 66 
114 124 147 192 65 
114 148 193 68 69 70 71 
114 148 193 67 69 70 71 
114 193 67 70 
114 148 193 67 68 69 72 73 
114 148 193 67 68 69 70 72 
114 115 148 149 70 71 73 74 
114 115 148 149 70 72 74 75 
114 115 148 149 72 73 75 
114 115 149 73 74 76 77 
115 149 75 
115 116 149 194 76 
115 116 125 150 194 195 196 197 198 79 
115 116 125 150 194 195 196 197 198 78 80 
116 125 150 195 196 197 198 79 81 
116 125 150 195 196 197 198 80 
125 199 200 201 
101 151 
101 117 151 152 153 202 85 
101 117 152 153 84 
101 117 126 203 87 88 89 
101 126 203 86 88 89 
101 126 203 86 87 89 
101 126 203 86 87 88 
101 127 154 204 91 92 
101 127 204 205 90 92 
101 127 204 205 90 91 
155 205 
128 155 206 207 
129 156 208 211 212 
128 130 212 213 214 97 
213 214 96 
130 157 214 215 99 102 103 
130 157 215 98 102 103 
101 105 106 107 112 113 114 115 123 124 138 139 140 141 142 143 144 145 146 184 185 186 187 188 189 190 191 42 43 44 45 46 47 48 49 50 51 52 53 54 55 56 57 58 59 60 
108 100 115 116 117 125 126 127 128 151 152 153 154 155 200 202 203 204 205 83 84 85 86 87 88 89 90 91 92 
130 157 98 99 103 
157 215 98 99 102 104 
157 215 103 
100 106 112 120 121 122 136 137 174 175 176 177 178 179 180 181 27 28 29 30 31 32 33 34 35 36 
100 105 112 121 122 136 137 174 175 176 177 178 179 180 181 30 31 32 33 34 35 36 
100 113 139 140 141 142 143 187 188 189 52 53 54 55 56 57 
118 119 131 158 159 160 161 162 209 216 217 218 101 128 129 130 156 157 212 213 214 215 96 97 98 99 102 103 104 
110 111 132 133 134 164 165 166 167 168 1 2 3 4 5 6 7 
109 111 132 133 134 168 169 2 3 4 5 6 7 8 9 10 
109 110 132 133 134 135 167 168 169 170 6 7 8 9 10 
100 105 106 122 137 178 179 180 181 182 33 34 35 36 37 38 
100 107 141 142 143 144 145 190 191 58 59 60 61 
100 115 116 124 147 148 149 192 193 65 66 67 68 69 70 71 72 73 74 
100 101 114 116 125 148 149 150 194 195 196 197 198 72 73 74 75 76 77 78 79 
101 114 115 125 149 150 194 195 197 198 199 200 77 78 79 80 81 
101 126 151 153 202 203 84 85 86 
108 119 131 158 159 160 161 209 216 217 218 
108 118 131 161 162 163 217 218 220 
105 172 173 20 21 22 23 24 25 
105 106 136 175 27 28 29 30 
105 137 175 176 177 178 179 180 181 31 32 33 34 
100 183 123 
100 114 146 147 192 63 64 65 66 
101 116 150 194 195 196 197 198 199 200 201 78 79 80 81 82 
101 117 127 153 154 203 86 87 88 89 
101 154 204 90 91 92 
101 129 130 156 206 207 208 210 211 212 213 94 95 96 
128 130 156 208 210 211 212 213 95 
128 129 156 157 212 213 214 215 96 97 98 99 102 
108 118 119 160 161 216 217 218 
109 110 111 133 165 166 167 168 2 3 4 5 6 
109 110 111 132 166 167 168 2 3 4 5 6 7 
109 110 111 135 168 169 170 7 8 9 10 11 
110 111 134 169 170 171 11 12 13 
105 121 174 175 27 28 29 30 
105 106 112 122 175 176 177 178 179 180 31 32 33 34 
100 185 186 48 49 50 51 
100 107 140 187 188 189 53 
100 107 139 187 188 189 52 53 
100 107 113 143 189 54 56 57 
100 107 113 141 143 190 58 
100 107 113 141 142 190 58 59 
100 113 145 146 60 61 62 
100 113 144 61 62 
100 124 144 192 63 
114 124 192 193 63 64 65 66 
115 149 193 68 69 70 71 72 73 74 75 
115 116 148 194 72 73 74 75 77 
115 116 125 194 195 197 198 78 79 80 81 
101 117 152 153 202 83 84 
101 117 126 151 153 84 85 
101 117 126 151 152 202 203 84 85 
101 126 127 90 
101 206 93 94 
128 129 130 207 208 210 211 212 95 
158 130 215 98 99 102 103 104 
108 118 159 160 209 
118 158 209 
108 118 131 158 159 209 216 
108 118 119 216 217 218 
108 119 163 219 220 221 
119 162 219 220 221 
109 165 1 
109 132 164 166 167 1 2 
109 132 165 167 1 2 3 4 5 
109 110 111 132 133 165 166 2 3 4 5 6 
109 111 132 133 134 7 8 
110 111 134 135 170 9 10 11 
111 134 135 169 171 11 12 13 
135 170 11 13 14 15 16 
120 22 23 25 
120 25 26 
105 106 121 136 27 28 29 
105 106 121 122 136 176 177 30 32 
105 106 122 137 175 177 178 30 31 32 
105 106 122 137 175 176 178 30 31 32 
105 106 112 122 137 176 177 179 180 32 
105 106 122 137 178 180 33 
105 106 112 122 137 178 179 33 
105 106 112 122 33 34 36 
112 37 39 40 
123 41 
100 42 45 46 47 
100 138 186 48 49 50 51 
100 138 185 50 51 
100 107 139 140 188 52 
100 107 139 140 187 52 
100 107 139 140 141 52 53 54 
100 113 142 143 58 59 
100 113 190 58 59 
114 124 146 63 64 65 66 
114 147 148 67 68 69 70 71 
115 116 125 149 150 195 196 197 77 78 79 
115 116 125 150 194 196 197 198 78 79 80 81 
116 125 150 194 195 197 198 78 79 80 81 
115 116 125 150 194 195 196 198 78 79 80 81 
115 116 125 150 195 196 197 199 78 79 80 81 
116 125 198 200 201 82 
101 116 125 82 
199 82 
101 117 151 153 84 
101 117 126 153 86 87 88 89 
101 127 154 205 90 91 92 
101 204 91 92 93 
128 155 207 
128 129 156 206 208 94 
128 129 156 210 211 212 95 
108 118 158 159 160 
128 129 156 208 211 212 95 
129 156 208 210 212 95 
128 129 130 156 208 210 211 213 214 95 96 
128 129 130 212 214 96 97 
130 212 213 97 98 
130 157 98 99 102 103 104 
108 160 161 217 
108 118 119 131 161 216 218 
108 118 119 131 161 217 
119 162 163 220 
119 162 163 219 
162 163 222 223 
221 223 
221 222 

