232 1746
65 66 92 135 136 232 2 3 
66 92 135 136 232 1 3 
66 92 135 136 232 1 2 
66 137 138 139 5 6 
67 92 137 138 139 140 4 6 7 
67 137 138 139 140 4 5 7 
67 137 138 139 140 141 142 5 6 8 
67 93 94 140 141 142 143 144 7 9 
67 93 94 141 142 143 144 145 10 11 
67 93 94 142 143 144 145 9 11 
67 68 93 94 95 143 144 145 146 9 10 
37 68 95 13 
37 68 12 
37 15 
37 147 14 
37 147 148 
37 147 148 19 
37 148 17 19 20 
37 148 17 18 20 21 
37 148 17 18 19 21 
37 19 20 22 
37 52 21 
37 52 69 22 
37 38 52 69 25 
37 38 52 69 24 
37 38 
38 28 
38 27 
38 149 150 151 30 31 
38 149 150 151 29 31 
38 149 150 151 152 29 30 
153 33 
38 70 96 153 
38 70 96 153 
96 35 
39 40 41 42 47 54 55 56 57 77 78 79 80 81 82 103 104 105 106 107 108 109 110 111 112 113 182 183 184 185 186 187 188 189 190 191 192 193 194 195 196 197 198 36 
38 52 67 68 69 70 93 94 95 145 146 147 148 12 13 14 15 16 17 18 19 20 21 22 23 24 25 26 
37 52 69 70 96 149 150 151 152 153 24 25 26 27 28 29 30 31 32 33 34 
36 43 44 45 48 49 50 61 62 63 88 89 90 126 127 217 218 219 220 221 222 223 224 
36 41 42 46 71 73 98 163 164 165 166 167 168 169 
36 40 42 46 54 73 74 75 98 99 100 167 168 169 170 171 172 173 174 175 
36 40 41 54 73 74 75 76 77 99 100 101 102 174 175 176 177 
39 44 45 48 49 50 62 63 88 89 90 127 220 221 222 223 224 
39 43 45 49 51 62 63 64 90 127 44 128 223 224 
39 43 44 51 64 91 128 129 130 225 226 227 
40 41 53 71 72 98 162 163 164 165 
36 78 79 80 81 109 110 111 112 194 195 196 197 198 
39 43 59 60 61 86 87 88 121 122 123 124 125 126 214 215 216 217 
39 43 44 50 62 63 88 90 220 222 223 
39 43 44 49 63 89 90 127 220 221 222 223 224 
44 45 64 91 129 130 131 227 228 229 
37 38 69 21 22 23 24 25 
46 71 72 97 154 155 157 158 159 
36 41 42 73 74 75 76 77 99 100 101 102 175 176 177 
36 107 108 189 190 191 192 193 
36 57 81 82 113 114 115 116 117 204 205 206 207 
36 56 82 83 113 114 115 116 117 118 204 205 206 207 
59 60 83 84 85 119 120 211 212 213 
48 58 60 61 84 85 86 87 120 121 122 123 214 215 
48 58 59 61 84 85 86 87 121 122 123 124 214 215 
39 48 59 60 86 87 88 123 124 125 126 216 
39 43 49 50 63 88 89 90 220 221 
43 44 49 50 62 89 90 220 221 
45 51 91 129 130 225 
66 91 92 131 132 133 134 135 136 231 232 1 
65 92 134 135 136 137 231 232 1 2 3 4 
37 68 92 93 94 95 137 138 139 140 141 142 143 144 145 5 7 8 9 10 11 
37 67 93 94 95 145 146 11 12 13 
37 38 52 22 23 24 25 
37 38 96 152 153 32 33 34 
40 46 53 72 157 158 159 160 161 162 163 
46 53 71 158 159 160 161 162 
40 41 54 74 99 172 173 174 175 
41 42 54 73 75 99 174 175 
41 42 54 74 76 77 100 101 102 176 177 
42 54 75 77 101 102 176 177 
36 42 54 75 76 101 102 
36 47 79 80 109 110 111 112 194 195 196 197 
36 47 78 80 112 197 
36 47 78 79 196 197 
36 47 82 113 198 199 200 201 202 203 
36 56 57 81 113 114 115 116 117 203 
56 57 58 118 119 207 208 209 210 211 
58 59 85 119 120 213 
58 59 60 84 120 121 213 
48 59 60 61 87 121 122 123 124 125 214 215 216 
48 59 60 61 86 122 123 124 125 214 215 216 
39 43 48 49 61 62 217 219 
39 43 49 50 62 63 90 220 221 
39 43 44 49 50 62 63 89 220 221 222 
45 51 64 65 131 132 227 228 229 230 
65 66 67 134 135 136 137 138 139 232 1 2 3 4 5 
37 67 68 94 95 141 142 143 144 145 146 8 9 10 11 
37 67 68 93 95 141 142 143 144 145 146 8 9 10 11 
37 68 93 94 145 146 11 12 
38 70 153 32 33 34 35 
53 154 155 156 
40 41 46 165 167 168 
42 54 73 74 174 175 
41 42 54 74 75 101 176 
42 54 75 76 77 100 102 176 177 
42 54 75 76 77 101 177 
36 104 180 181 182 183 184 
36 103 105 106 185 186 
36 106 185 186 
36 104 105 107 185 186 187 188 
36 55 106 108 186 187 188 
36 55 107 187 188 
36 47 78 110 111 112 194 195 
36 47 78 109 111 112 194 195 
36 47 78 109 110 194 195 
36 47 78 79 80 109 110 111 194 195 196 
36 56 57 81 82 114 115 116 203 
56 57 82 113 115 116 
56 57 82 113 114 117 
56 57 82 113 114 115 117 204 
56 57 82 115 116 204 205 206 207 
57 83 119 208 209 210 211 
84 118 210 211 212 
58 59 84 85 213 
48 59 60 85 86 87 122 123 214 
48 59 60 86 87 121 123 124 214 215 
48 59 60 61 86 87 121 122 124 214 215 216 
48 59 60 61 86 87 122 123 125 215 216 
48 86 87 124 126 215 
39 48 61 88 125 
39 43 44 50 224 127 
44 225 
51 64 130 
45 51 64 129 
51 65 91 133 227 229 230 
65 91 131 133 230 
65 91 131 132 230 
65 66 92 135 136 231 232 
65 66 92 134 136 231 232 1 2 3 
65 66 92 134 135 231 232 1 2 3 
66 67 92 138 139 140 141 4 5 6 7 
67 92 137 139 140 4 5 6 7 
67 92 137 138 140 141 4 5 6 7 
67 137 138 139 141 142 5 6 7 8 
67 93 94 137 139 140 142 143 144 7 8 
67 93 94 140 141 143 144 7 8 9 10 
67 94 141 142 144 145 8 9 11 
67 93 94 141 142 143 145 8 9 10 11 
37 67 68 93 94 95 143 146 9 10 11 
37 68 93 94 95 145 
37 148 14 15 16 17 
37 147 16 17 18 19 20 
38 150 151 29 30 31 
38 149 151 29 30 31 
38 149 150 29 30 31 
38 31 
38 70 96 32 33 34 
53 97 155 
53 154 
53 97 157 
53 71 156 158 
53 71 72 157 159 160 
53 71 72 158 160 161 162 
71 72 158 159 161 162 
46 71 72 159 160 162 
46 71 72 159 160 161 
40 46 71 164 
40 46 163 
40 46 98 
40 98 167 
40 41 98 166 168 169 
40 98 169 
40 167 168 170 
41 169 171 172 173 
41 170 173 
41 73 170 171 173 
41 73 170 172 
41 42 73 74 99 
41 42 54 73 74 99 100 
42 54 75 76 101 177 
42 54 75 76 77 101 102 176 
178 179 180 
178 180 
103 178 179 181 
103 180 
36 181 183 184 
36 103 184 
36 103 182 183 
36 104 105 106 
36 104 105 106 107 185 
36 106 107 108 188 
36 107 108 187 
36 55 190 191 192 
36 55 189 191 192 
55 189 190 
36 55 189 190 191 
36 55 
36 47 78 109 110 111 112 195 
36 47 78 109 110 111 112 194 
47 78 79 80 112 197 
36 47 78 79 80 196 
36 47 81 199 200 
81 198 200 201 202 
81 198 199 201 202 203 
81 199 200 202 203 
81 199 200 201 203 
56 81 82 113 200 201 202 
56 57 116 117 205 206 
56 57 117 204 206 207 
57 117 204 205 207 
56 57 83 117 205 206 208 
57 83 118 207 209 
83 118 208 210 
83 118 119 209 211 
58 83 118 210 212 
58 119 211 
58 84 85 120 
48 59 60 87 121 122 
48 59 60 61 86 87 122 123 124 125 216 
48 61 86 87 123 124 215 
39 88 218 219 
39 88 217 219 
39 88 217 218 
39 43 49 50 62 63 89 90 221 
39 43 49 50 62 63 89 90 
39 43 50 90 223 
39 43 44 49 50 222 
39 43 44 50 127 
45 64 226 
45 225 
45 51 91 131 228 229 
51 91 227 229 
51 91 131 227 228 
131 132 133 
65 66 134 135 136 232 
65 66 92 134 135 136 231 1 2 3 

