57 444
7 13 
7 13 1 3 
7 13 2 4 
7 13 2 3 
26 7 10 6 
26 8 10 14 5 
26 13 10 1 2 3 4 5 
26 46 9 10 14 15 16 17 6 36 
26 46 47 8 19 16 17 18 36 40 
26 7 8 5 6 
37 46 47 12 20 21 22 23 43 45 49 51 24 25 53 55 28 
37 48 11 23 52 28 29 30 
7 1 2 3 4 
26 8 15 16 17 6 36 
26 8 14 17 36 
26 46 8 9 14 15 17 36 
26 46 8 9 14 15 16 36 
26 47 9 19 40 41 
26 46 47 18 20 39 40 41 43 45 
37 46 47 19 11 21 22 23 43 49 51 24 25 53 
37 11 20 22 45 49 51 24 25 53 
37 11 20 21 23 51 24 25 53 55 
37 11 12 20 22 51 24 53 55 28 29 
37 11 20 22 23 49 51 25 55 
37 11 20 21 22 23 51 24 53 55 
37 46 47 7 8 9 19 10 14 15 16 17 18 5 6 36 39 40 
37 38 48 50 42 44 54 56 31 32 34 33 35 
37 11 12 23 55 29 
37 48 12 23 28 
37 48 12 52 
27 38 42 
27 50 44 56 
27 50 56 34 
50 33 
27 50 
26 46 8 9 14 15 16 17 
26 27 38 46 48 11 12 42 20 22 23 52 51 24 25 53 55 28 29 30 57 
27 37 48 50 42 44 52 54 56 57 31 32 
26 46 9 19 18 40 
26 46 47 9 19 18 39 41 
46 47 19 18 40 43 
27 37 38 48 54 31 
46 19 11 20 21 41 45 49 
27 38 50 56 32 
46 47 19 11 20 21 43 49 
26 37 47 8 9 19 11 16 17 18 20 36 39 40 41 43 45 
26 46 9 19 11 18 20 39 40 41 43 45 
27 37 38 12 42 52 54 29 30 57 
11 20 21 22 43 51 24 
27 38 44 56 32 34 33 35 
37 11 20 21 22 23 49 24 25 53 
37 38 48 12 30 
37 11 20 21 22 23 51 24 25 55 
27 38 48 42 31 
37 11 22 23 24 25 53 28 
27 38 50 44 32 34 33 
37 48 

