40 256
24 25 17 14 39 40 2 3 
24 17 14 1 3 
27 17 14 1 2 
24 27 28 17 18 14 15 
27 28 18 15 16 6 
28 16 5 7 8 
28 16 6 8 9 
16 20 6 7 9 10 
16 19 20 6 7 8 10 
19 20 8 9 11 12 
19 20 10 12 
19 20 10 11 
24 22 21 31 32 33 
24 25 27 28 17 18 1 2 3 4 
24 27 28 18 4 5 
27 28 19 5 6 7 8 9 
24 25 27 28 18 14 39 40 1 3 4 
24 27 28 17 14 4 5 
16 20 8 9 10 11 12 
19 8 9 10 11 12 
24 25 22 13 26 31 32 33 
23 30 31 
22 29 
25 27 28 21 17 18 13 26 14 15 33 34 35 36 37 38 39 1 2 3 4 
24 27 21 17 13 26 14 33 34 35 36 37 38 39 40 1 
24 25 21 34 35 37 
24 25 28 17 18 14 15 16 2 4 5 
24 27 17 18 14 15 16 4 5 6 7 
30 29 
23 22 
22 13 32 
21 13 31 
24 25 21 13 26 34 35 36 
24 21 33 35 36 
24 25 26 33 34 36 
24 25 26 34 35 37 
25 26 36 38 
25 37 
24 25 40 1 
24 25 17 1 

