92 670
66 67 2 3 
66 67 1 3 
67 1 2 
43 50 51 52 68 69 
43 52 53 71 6 
43 53 71 5 7 
44 72 6 
44 54 72 73 74 75 9 10 
54 72 74 8 
44 54 72 74 75 8 9 11 
44 54 55 73 74 75 10 12 13 
44 54 55 73 74 75 11 13 
44 47 54 55 56 57 74 75 11 
45 47 55 56 57 58 76 77 78 
45 79 
59 60 61 18 
60 61 16 
60 61 16 17 
48 60 61 62 16 18 
46 48 62 80 21 22 
46 48 62 80 20 22 
46 48 62 81 82 20 
46 63 80 82 24 25 26 
46 63 23 25 26 
46 63 23 26 
46 63 23 24 25 27 
46 49 63 25 26 28 29 30 
49 63 27 29 30 
63 27 28 30 
63 83 27 28 29 
49 64 83 84 85 
64 86 
65 86 34 35 
65 87 33 35 
87 33 34 36 37 
65 87 88 34 37 38 
87 88 35 36 38 
65 87 88 89 36 37 39 
65 87 88 89 90 38 
89 90 91 92 41 
90 91 92 40 42 
90 91 92 41 
44 50 52 53 66 67 68 69 70 71 4 5 6 
43 45 47 54 55 56 57 71 72 73 74 75 7 8 9 10 11 12 13 
44 47 55 57 58 59 60 61 76 78 79 14 15 
48 49 60 62 63 80 81 82 20 21 22 23 24 25 26 27 
44 45 54 55 56 57 58 74 75 76 77 78 13 14 
46 60 61 62 80 81 82 19 20 21 22 
46 63 64 83 84 85 27 28 29 30 31 
43 51 52 53 66 67 68 69 70 4 
43 50 52 53 68 69 70 4 
43 51 53 68 69 70 4 5 
43 50 51 52 70 71 5 6 
44 47 55 56 72 73 74 75 8 9 10 11 12 13 
44 45 47 54 56 57 74 75 76 77 78 11 12 13 14 
44 45 47 54 55 57 76 77 78 13 14 
44 45 47 55 56 76 77 78 13 14 
45 47 57 59 76 77 78 79 14 
45 58 60 61 79 15 16 
45 46 48 59 61 62 16 17 18 19 
45 48 59 60 62 16 17 18 19 
46 48 60 61 80 81 82 19 20 21 22 
46 49 83 23 24 25 26 27 28 29 30 
49 83 84 85 86 31 32 
86 87 88 89 33 34 35 36 37 38 39 
43 50 67 1 2 3 
43 50 66 2 3 
43 51 52 69 70 4 
43 50 51 52 68 70 4 
43 50 51 52 53 68 69 5 
43 44 53 72 5 6 7 
54 71 73 74 75 7 8 9 10 
44 54 72 74 75 8 9 10 11 12 
44 47 54 55 72 73 75 8 9 10 11 12 13 
44 47 54 55 72 73 74 8 10 11 
45 47 55 56 57 77 14 
45 47 55 56 57 58 76 78 
45 47 55 56 57 58 76 77 14 
59 15 
46 48 62 81 82 20 21 22 23 
46 48 62 80 82 22 
46 48 62 80 23 
49 63 84 85 30 
49 64 83 85 31 
49 64 83 84 31 
64 65 32 33 
65 88 89 34 35 36 37 38 39 
65 87 89 90 91 36 37 38 39 
65 87 88 90 91 38 39 40 
88 89 91 92 39 41 42 
88 89 90 92 40 41 42 
90 91 40 41 

