38 301
5 22 23 32 33 34 35 36 28 29 30 31 6 8 9 24 10 11 12 13 14 
5 3 
5 2 
5 25 26 27 28 29 7 
1 22 25 26 27 28 29 30 2 3 4 7 
1 22 28 29 30 7 8 9 24 
5 28 29 4 6 
1 22 29 30 6 9 24 
1 22 30 6 8 24 
1 22 23 32 31 
1 32 33 34 35 31 12 13 
1 23 33 34 35 36 31 11 13 14 15 
1 23 33 34 35 36 31 11 12 14 15 
1 23 33 34 35 36 12 15 16 
23 33 34 35 36 12 13 14 16 
23 33 34 35 14 15 
37 19 
37 38 17 19 
38 17 18 20 
38 19 21 
38 20 21 
1 5 23 32 33 29 30 31 6 8 9 24 10 
1 32 33 34 35 36 31 10 11 12 13 14 15 16 
22 30 6 8 9 
5 26 27 28 4 
5 25 27 28 4 
5 25 26 28 29 4 7 
1 5 25 26 27 29 30 4 7 6 
1 22 28 30 4 7 6 8 
1 5 22 28 29 6 8 9 24 
1 22 23 32 33 35 10 11 12 13 
22 23 33 34 35 31 10 11 
1 22 23 32 34 35 36 31 11 12 13 14 15 16 
1 23 32 33 35 36 31 11 12 13 14 15 16 
1 23 32 33 34 36 31 11 12 13 14 15 16 
1 23 33 34 35 37 12 13 14 15 16 
36 38 17 18 
37 17 18 19 20 21 

