60 448
55 40 
55 56 16 26 41 
6 30 4 5 17 18 
6 30 3 5 11 17 18 
6 30 3 4 11 17 18 
7 30 31 45 46 47 48 49 3 5 11 10 8 9 17 18 19 20 21 22 
6 30 31 32 45 46 47 48 49 50 10 8 9 12 19 20 21 22 23 24 25 44 
6 7 47 48 49 10 9 19 20 21 22 
6 7 48 49 10 8 19 20 21 
6 7 47 48 49 9 19 21 22 
6 30 45 3 4 5 17 18 
7 31 50 24 25 
31 32 50 51 44 29 28 58 57 
33 36 37 38 
33 55 1 39 40 
55 56 2 26 41 42 
6 30 45 3 4 5 11 18 
6 30 45 46 3 4 5 11 17 
6 7 45 46 47 48 49 10 8 9 20 
6 7 47 48 49 10 8 9 19 21 
6 7 48 10 8 9 20 22 
6 7 48 49 10 8 9 21 
7 31 50 12 25 
7 31 50 12 23 25 
7 31 50 12 23 24 
55 16 27 41 42 
56 26 
32 51 13 29 58 57 
31 32 50 13 44 28 
6 7 45 46 47 3 4 5 11 17 18 
7 32 50 12 13 23 24 44 29 
7 31 50 51 52 53 13 29 28 58 57 59 60 35 34 
52 53 54 14 15 36 37 38 39 
32 51 52 53 35 43 
32 51 52 59 34 
33 53 54 14 37 
33 54 14 36 38 
33 54 14 39 
33 54 14 15 38 
55 15 1 
55 56 16 2 26 42 
55 56 16 2 26 41 
53 34 
7 31 50 29 
7 30 46 47 48 11 10 17 18 19 
6 7 30 45 47 19 
6 7 30 45 46 48 49 10 8 19 20 
6 7 45 47 49 10 9 19 20 21 22 
6 7 47 48 10 8 9 19 20 21 22 
7 31 32 12 13 23 24 25 44 29 
32 52 53 13 28 58 57 59 60 35 34 
32 33 51 53 59 60 35 34 43 
32 33 51 52 54 34 43 36 
33 53 14 36 37 38 39 
56 15 1 16 2 26 40 41 42 
55 16 2 26 27 41 42 
32 51 13 28 58 59 
32 51 28 57 
32 52 57 35 
32 51 52 35 

