54 538
2 3 19 20 21 22 23 24 49 50 51 52 53 54 12 13 14 15 16 17 18 36 37 38 39 40 41 42 
1 3 19 20 21 22 49 50 51 52 7 8 9 10 11 12 13 14 15 16 17 18 34 35 36 37 38 39 
1 2 21 22 49 50 51 52 14 15 16 17 18 37 38 39 40 41 
5 6 28 
19 4 6 28 
19 4 28 
2 19 8 9 10 11 29 30 31 32 33 34 
2 19 20 7 9 10 11 30 31 32 33 34 
2 19 20 49 7 8 10 11 12 33 34 35 
2 19 20 49 50 7 8 9 11 12 13 34 35 
2 19 20 49 50 7 8 9 10 12 13 34 35 
1 2 20 49 50 9 10 11 13 34 35 36 
1 2 20 49 50 10 11 12 35 36 
1 2 3 20 21 49 50 51 15 16 17 37 38 39 
1 2 3 21 49 50 51 14 16 17 37 38 
1 2 3 21 49 51 14 15 37 38 39 
1 2 3 21 51 14 15 16 37 38 39 
1 2 3 21 22 52 40 
1 2 20 49 5 6 7 8 9 10 11 28 29 30 31 32 33 34 
1 2 3 19 50 51 7 8 9 10 11 12 13 14 34 35 36 37 
1 2 3 22 49 51 52 14 15 16 17 18 38 39 40 
1 2 3 21 51 52 18 40 
1 24 53 54 25 26 43 44 46 47 48 
1 23 53 25 26 45 46 47 48 
23 24 53 54 45 46 47 48 
24 27 
26 27 
19 4 
19 7 30 31 32 
19 7 8 29 31 32 33 
19 7 8 29 30 32 33 
19 7 8 29 30 31 33 
19 7 8 30 31 
2 19 20 49 50 7 8 9 10 11 12 13 35 
2 20 49 50 9 10 11 12 13 34 
1 2 20 49 50 12 13 35 
1 2 3 20 49 50 51 14 15 16 17 38 
1 2 3 21 51 14 15 16 17 37 39 
1 2 3 21 51 14 16 17 38 40 
1 3 21 22 51 52 18 
1 3 22 52 
1 53 54 43 
23 53 54 42 44 45 
23 53 54 42 45 
23 24 53 25 43 44 
23 24 53 54 25 47 48 
23 24 25 46 48 
23 24 25 46 47 
1 2 3 19 20 50 51 9 10 11 12 13 14 15 16 34 35 36 37 
1 2 3 20 49 51 10 11 12 13 14 15 34 35 36 37 
1 2 3 20 21 22 49 50 14 15 16 17 37 38 39 40 
1 2 3 21 22 18 40 41 
1 23 24 54 42 43 44 45 46 
1 23 24 53 25 42 43 44 45 46 

