150 1391
38 41 62 90 147 148 149 150 2 3 4 5 
38 41 48 62 90 147 148 149 150 1 3 4 5 
38 41 48 62 90 91 147 148 149 150 1 2 4 5 6 
38 41 48 62 90 91 147 148 149 150 1 2 3 5 6 
38 41 48 62 63 90 91 147 149 150 1 2 3 4 6 
38 41 48 62 63 91 92 93 94 3 4 5 7 
38 41 48 62 63 91 92 93 94 6 
45 49 66 96 9 10 11 
45 66 8 10 11 
45 8 9 11 
45 49 97 8 9 10 12 13 
45 49 97 11 13 
45 49 97 11 12 
45 49 98 15 
49 98 
51 67 68 
39 51 
39 50 102 103 104 
39 50 52 53 105 
52 53 106 21 22 23 24 
39 52 53 106 20 22 23 24 25 
39 52 53 106 20 21 23 24 25 
39 52 53 106 20 21 22 24 25 
39 52 53 20 21 22 23 25 
39 52 53 21 22 23 24 
39 107 108 27 
107 108 26 
54 69 70 71 29 30 
54 69 70 71 109 28 30 
54 71 109 28 29 
46 110 111 32 
46 111 31 33 
46 111 31 32 
46 55 72 112 35 36 
46 55 72 112 113 34 36 37 
46 55 72 112 113 34 35 37 
46 55 72 112 113 35 36 
39 40 41 42 43 44 45 47 48 49 59 60 61 62 63 64 65 66 81 82 83 84 85 86 87 88 89 90 91 92 93 94 95 134 137 138 139 140 141 142 143 144 145 146 147 148 149 150 1 2 3 4 5 6 7 
38 45 46 49 50 51 52 53 54 67 69 70 102 103 104 105 106 107 108 17 18 19 20 21 22 23 24 25 26 27 
38 42 43 47 57 58 76 77 78 124 125 126 127 128 129 130 40 
38 43 44 45 48 49 61 62 63 64 65 85 86 87 88 89 90 91 92 93 94 95 144 145 146 147 148 149 150 1 2 3 4 5 6 7 
38 40 43 47 57 58 76 77 78 79 124 125 126 127 128 129 130 131 
38 40 41 42 44 47 59 60 61 78 80 81 82 83 84 132 134 135 136 137 138 139 140 
38 41 43 48 59 60 61 81 82 83 84 85 86 87 88 138 139 140 141 142 143 144 145 
38 39 41 48 49 51 63 64 65 66 67 95 96 97 98 8 9 10 11 12 13 14 
39 54 55 72 109 110 111 112 113 31 32 33 34 35 36 37 
38 40 42 43 58 76 77 78 79 129 130 131 
38 41 44 45 62 63 64 65 66 88 89 90 91 92 93 94 95 145 146 147 148 149 150 1 2 3 4 6 7 
38 39 41 45 51 67 68 97 98 99 8 11 12 13 14 15 
39 51 52 53 102 103 104 105 106 17 18 19 
39 45 49 50 67 68 99 100 101 16 17 
39 50 53 105 106 19 20 21 22 23 24 25 
39 50 52 106 107 19 20 21 22 23 24 25 
39 69 70 71 109 110 28 29 30 
46 72 112 113 34 35 36 37 
73 74 114 115 116 117 118 119 120 121 
40 42 74 75 122 123 
40 42 47 78 79 130 131 
43 44 60 81 82 83 134 135 136 137 138 
38 43 59 61 81 82 83 84 85 138 139 140 141 
38 41 43 44 60 84 85 86 140 141 142 143 144 
38 41 48 63 89 90 91 92 93 147 148 149 150 1 2 3 4 5 6 7 
38 41 45 48 62 64 65 91 92 93 94 95 5 6 7 
38 41 45 48 63 65 66 92 93 94 95 96 
38 41 45 48 63 64 66 94 95 96 
45 48 64 65 95 96 8 9 
45 49 51 68 99 100 101 16 
49 51 67 99 100 101 16 
39 54 70 71 109 28 29 
39 54 69 71 109 28 29 
54 69 70 28 29 30 
46 112 113 34 35 36 37 
56 74 114 115 116 117 118 119 120 121 
56 57 73 75 117 118 119 120 121 122 
57 74 120 121 122 
40 42 47 77 124 126 127 128 
40 42 47 76 129 
40 42 43 47 58 79 80 131 132 133 
42 47 58 78 80 131 132 133 
43 78 79 132 133 
38 43 44 59 60 82 83 134 135 136 137 138 139 
38 43 44 59 60 81 83 137 138 139 
38 43 44 59 60 81 82 84 137 138 139 140 
38 43 44 60 61 83 85 138 139 140 141 
38 41 44 60 61 84 86 141 142 143 144 
38 41 44 61 85 87 141 142 143 144 
38 41 44 86 88 144 
38 41 44 48 87 89 145 146 
38 41 48 62 88 145 146 
38 41 48 62 91 147 148 149 150 1 2 3 4 5 
38 41 48 62 63 90 92 93 94 3 4 5 6 7 
38 41 48 62 63 64 91 93 94 6 7 
38 41 48 62 63 64 91 92 94 95 6 7 
38 41 48 63 64 65 91 92 93 95 6 7 
38 41 45 48 63 64 65 66 93 94 96 
45 64 65 66 95 8 
45 49 98 11 12 
45 49 97 99 14 15 
49 51 67 68 98 100 101 
51 67 68 99 101 
51 67 68 99 100 
39 50 103 104 105 18 
39 50 102 104 105 18 
39 52 102 103 105 18 19 
39 50 52 102 104 18 
39 50 52 53 20 21 22 23 
53 108 26 27 
107 26 27 
46 54 69 70 71 110 28 30 
46 54 109 31 
46 31 32 33 
46 55 72 34 35 36 37 
46 55 72 112 35 36 37 
56 73 115 
56 73 114 116 117 118 119 
56 73 115 117 118 119 120 
56 73 74 115 116 118 119 120 121 
56 73 74 115 117 119 120 121 
56 73 74 115 116 117 118 120 121 
56 73 74 75 116 117 118 119 121 
56 73 74 75 117 118 119 120 
57 74 75 123 
57 122 
40 42 76 125 126 127 
40 42 76 124 126 127 128 
40 42 76 124 125 128 
40 42 76 124 125 126 128 
40 42 76 125 126 127 
40 42 47 130 
40 42 47 58 129 
42 47 58 78 79 132 
43 78 79 80 131 133 
78 79 80 132 
38 43 59 81 135 136 137 
43 59 81 134 136 137 
43 59 81 134 135 137 
38 43 59 81 82 83 134 135 
38 43 44 59 60 81 82 83 84 139 140 
38 43 44 60 81 82 83 84 138 140 
38 43 44 60 61 83 84 138 139 
38 44 60 61 84 85 86 142 143 
38 44 61 85 86 141 143 144 
44 61 85 86 141 142 
38 41 44 61 85 86 87 142 
38 41 44 48 88 89 146 
38 41 88 145 
38 41 48 62 90 148 149 150 1 2 3 4 5 
38 41 48 62 90 147 149 150 1 2 3 4 
38 41 48 62 90 147 148 150 1 2 3 4 5 
38 41 48 62 90 147 148 149 1 2 3 4 5 

