44 198
31 18 19 20 21 2 
20 21 1 
9 31 22 
31 22 3 
9 22 23 24 
25 26 7 
26 27 6 8 
26 27 7 
31 22 23 24 25 3 4 5 
28 11 12 32 33 
28 10 12 32 33 
28 10 11 13 33 34 35 
28 12 14 34 35 36 37 38 
29 13 36 37 38 39 
29 30 16 40 41 42 
17 40 41 42 43 
15 16 41 42 43 44 
19 20 21 44 1 
18 20 21 1 
31 18 19 21 1 2 
31 18 19 20 1 2 
9 23 24 3 4 5 
9 22 24 23 5 
9 22 23 5 
9 26 6 
25 27 6 7 8 
26 6 8 
10 11 12 13 32 33 34 35 
30 14 15 39 40 
29 15 40 
9 20 1 2 3 4 
28 11 
28 10 11 12 
28 12 13 35 
28 13 34 
13 14 37 38 
13 14 36 38 
14 36 37 
29 14 
29 15 16 
15 16 42 43 
15 16 17 41 43 
16 17 42 
17 18 44 

