69 556
8 9 32 16 18 53 54 
6 28 29 30 10 50 40 41 42 43 45 
4 9 12 33 34 35 36 37 19 20 21 60 61 62 
3 12 13 21 22 23 24 25 26 27 63 64 65 66 67 
7 69 49 
2 28 29 11 10 38 40 41 42 
8 30 31 69 14 15 17 49 5 51 
7 9 31 32 14 17 16 18 1 52 53 54 
3 8 32 33 34 35 36 16 18 1 19 53 54 55 56 
2 6 28 11 38 39 40 
6 10 38 39 
3 4 13 21 22 23 24 25 26 27 63 64 65 66 67 68 
4 12 22 23 24 25 26 27 65 66 67 68 13 
8 31 15 17 51 
7 8 31 14 17 51 52 
8 9 31 32 17 18 1 51 52 53 
7 31 14 15 16 51 52 
8 9 32 16 1 53 54 
3 9 33 34 35 37 20 55 56 57 58 
3 33 34 36 37 58 59 60 61 
3 4 12 22 23 24 63 
12 13 21 24 25 63 64 65 66 
4 12 13 21 22 24 25 26 63 64 65 66 
4 12 13 21 22 23 25 26 63 64 65 66 
4 12 13 22 23 24 26 64 65 66 
4 12 22 23 24 25 27 64 65 66 67 68 
4 12 13 26 67 68 
2 6 29 10 40 41 42 
2 6 28 40 41 43 44 
2 7 50 69 45 46 47 48 49 
7 8 14 17 16 51 52 
8 9 16 18 1 53 54 
3 9 34 35 36 37 19 20 55 56 57 58 
3 9 33 35 36 37 19 20 55 56 57 58 59 60 
3 33 34 36 37 19 20 55 57 58 59 60 
3 9 33 34 35 37 19 20 55 56 57 58 59 60 
3 33 34 35 36 19 20 58 59 60 61 62 
6 11 10 39 
11 10 38 
2 6 28 29 10 41 42 
2 6 28 29 40 42 
2 6 28 29 40 41 
2 29 44 
2 29 43 
2 30 50 46 
30 50 45 
30 50 45 46 48 49 
30 50 69 
7 30 69 5 
2 30 45 46 47 48 
7 8 31 14 15 17 16 
8 15 17 16 51 
8 9 16 18 1 
8 9 32 18 1 
9 33 34 35 36 19 56 57 
9 33 34 35 36 19 55 57 
33 34 35 36 19 55 56 58 
3 33 34 35 36 37 19 20 57 59 60 
3 33 34 35 36 37 20 58 60 
3 34 35 36 37 20 59 61 
3 37 60 62 
3 37 61 
4 12 21 22 23 24 25 64 
4 12 22 23 24 25 26 63 65 
4 12 13 22 23 24 25 26 64 66 67 
4 12 13 22 23 24 25 26 64 65 67 
4 12 13 26 65 66 68 
12 13 26 27 67 
7 30 48 49 5 

