147 1139
2 3 4 5 13 14 15 33 34 35 36 37 38 39 63 64 65 66 115 116 117 118 119 120 121 122 123 124 
1 3 5 6 14 15 16 17 18 39 40 41 67 68 69 70 71 72 73 74 130 132 133 134 135 136 137 138 139 140 141 142 
1 2 4 5 13 14 15 34 35 36 37 38 63 64 65 117 118 119 120 121 122 123 
1 3 5 11 12 31 32 33 34 58 59 60 61 111 112 113 
1 2 3 4 13 34 35 36 37 38 63 64 117 118 119 120 
2 7 17 18 42 43 75 76 143 144 145 6 
6 42 43 75 76 144 145 146 147 
9 25 26 27 28 50 86 88 89 90 77 78 87 
8 10 27 28 29 30 51 52 91 92 93 94 95 
9 30 51 52 53 54 55 56 96 97 98 99 100 101 
4 31 32 57 103 104 105 106 107 79 80 81 
4 33 58 59 60 111 112 113 
1 3 5 36 37 38 64 117 118 119 120 
1 2 3 15 39 66 127 128 130 131 132 133 
1 2 3 14 39 66 128 129 130 131 132 133 
2 17 18 40 41 69 70 71 72 73 136 137 138 139 140 
2 6 16 18 73 74 140 141 142 
2 16 73 140 141 142 
47 48 49 108 
47 109 21 22 23 
109 110 20 22 23 24 45 
110 20 21 23 24 45 
110 20 21 22 24 45 
110 21 22 23 45 
8 26 50 83 84 85 86 82 87 46 
8 9 25 27 50 85 86 88 90 77 
8 9 26 28 50 89 90 77 
8 9 27 29 30 51 91 92 93 
28 30 91 92 94 
9 10 28 29 51 52 53 54 91 92 93 94 95 96 97 
4 11 32 105 106 107 79 80 81 
31 106 107 79 80 81 
1 4 12 62 
1 3 4 5 33 35 61 62 63 115 116 
1 3 5 34 63 115 116 
1 3 5 13 37 38 64 118 119 120 
1 3 5 13 36 38 64 118 119 120 
1 3 5 13 36 37 64 120 121 
1 2 14 15 128 129 130 131 132 133 134 
2 16 41 67 68 69 70 71 72 135 136 137 138 139 
2 16 40 67 68 69 70 71 72 135 136 137 138 
6 7 43 75 76 143 144 145 
6 7 42 75 76 143 144 145 
83 78 82 87 46 
110 82 21 22 23 24 
84 78 87 44 
49 108 109 19 20 
47 49 108 19 
47 48 108 
8 25 26 27 86 88 89 90 77 
9 10 28 30 52 91 92 93 94 95 
9 10 30 51 53 54 94 95 96 97 98 
10 30 52 54 55 96 97 98 99 
10 30 53 55 56 98 99 100 
10 53 54 56 99 100 101 
10 54 55 57 99 100 101 102 
11 56 101 102 103 104 
4 12 59 60 111 112 113 
4 12 58 60 111 112 113 
4 12 58 59 112 113 
4 33 34 62 114 
4 33 34 61 114 115 
1 3 5 34 35 116 117 
1 3 5 13 36 37 38 120 
1 3 66 121 122 123 124 125 126 
1 14 15 65 124 125 126 127 128 
2 40 41 68 69 134 135 136 
2 40 41 67 69 135 
2 16 40 41 67 68 70 71 72 135 136 137 138 
2 16 40 41 69 71 72 136 138 
2 16 40 41 69 72 136 137 138 139 140 
2 16 40 41 69 70 71 138 139 140 
2 16 17 18 74 140 141 142 
2 17 18 73 
6 7 42 43 143 
6 7 42 43 144 145 146 
8 26 27 50 88 89 90 
25 83 84 85 110 82 87 44 46 
11 31 106 81 
11 31 32 106 107 79 81 
11 31 32 79 80 
78 110 87 45 46 
25 84 85 44 46 
25 83 85 46 
8 25 83 84 86 
8 25 26 50 85 88 
83 84 85 78 82 44 46 
8 26 27 50 86 89 90 
8 26 27 50 88 90 77 
8 26 27 50 88 89 
9 28 29 30 51 92 93 
9 28 29 30 51 91 93 
9 28 29 30 51 91 92 94 
9 29 30 51 52 93 95 96 
30 51 52 94 96 
10 30 51 53 94 95 97 
10 30 53 54 96 98 
10 52 53 54 55 97 99 
10 53 54 55 56 98 100 
10 54 55 56 99 101 
10 56 57 100 102 
56 57 101 103 
11 57 102 104 105 
11 57 103 105 
11 31 103 104 106 107 
11 31 32 105 107 79 80 
11 31 32 105 106 79 80 
47 48 49 19 
47 49 21 
78 82 22 23 24 45 
4 12 58 59 60 112 113 
4 12 58 59 60 111 113 
4 12 58 59 60 111 112 
4 33 61 62 
1 34 35 62 116 
1 34 35 63 115 
1 3 5 13 63 
1 3 5 13 36 37 119 
1 3 5 13 36 37 118 120 
1 3 5 13 36 37 38 64 119 
1 3 38 65 122 123 
3 65 121 123 
1 65 121 122 
1 65 66 125 126 127 
65 66 126 127 
65 66 125 
14 66 124 125 126 
14 15 39 66 129 130 131 132 
14 15 39 128 131 132 
2 14 15 39 128 129 131 132 
14 15 39 128 129 130 132 
14 15 39 128 130 131 
2 15 39 134 
2 39 67 133 
2 40 41 67 68 69 136 
2 16 40 41 67 69 70 71 135 137 138 
16 40 41 69 70 71 136 138 
2 16 41 69 70 71 72 136 137 139 
2 16 40 71 72 138 140 
2 16 17 18 71 72 73 139 
2 17 18 73 74 142 
2 17 18 73 74 141 
6 42 43 75 
6 7 42 43 76 145 146 
6 7 42 43 76 144 146 
7 76 144 145 
7 147 

