29 267
22 29 2 9 12 13 
22 29 1 9 10 3 4 5 12 13 14 15 
22 29 2 10 4 5 6 13 14 15 16 17 18 
22 29 2 10 3 5 6 13 15 16 17 
22 29 2 10 3 4 6 7 14 15 16 17 18 
22 29 2 10 11 3 4 5 7 14 15 16 17 18 
22 29 10 11 5 6 16 17 18 19 20 
22 23 24 25 26 27 28 
22 29 1 2 12 13 
22 29 2 11 3 4 5 6 7 14 15 16 17 18 19 20 
22 29 10 6 7 16 18 20 21 
22 29 1 9 13 
22 29 2 9 3 4 12 14 
22 29 2 10 3 4 5 6 13 15 
22 29 10 3 4 5 6 14 16 
22 29 10 11 4 5 6 7 15 17 18 
22 29 10 3 5 6 7 16 
22 29 10 11 3 5 6 7 16 17 19 
22 10 18 20 
22 10 11 7 19 21 
22 11 20 21 
29 1 2 9 10 11 3 4 5 6 7 8 12 13 14 15 16 17 18 19 20 21 
8 24 25 26 27 
8 23 25 26 27 28 
8 23 24 26 27 28 
23 24 25 27 28 
8 23 24 25 26 28 
8 24 25 26 27 
22 1 2 9 10 11 3 4 5 6 7 12 13 14 15 16 17 18 

