341 2913
310 311 312 313 2 
310 311 312 313 1 3 
310 311 312 313 314 1 2 
290 291 312 313 314 5 
290 291 314 4 6 
290 291 292 315 5 
287 292 293 315 
287 292 293 294 316 317 
287 293 294 316 317 318 319 10 
287 318 319 9 11 
319 320 10 
295 320 321 322 
284 288 296 324 325 14 15 16 
284 288 13 15 16 
284 288 296 13 14 16 
284 288 296 13 14 15 
284 296 297 298 326 18 19 
284 296 297 298 326 17 19 
284 296 297 298 299 326 18 20 
284 297 298 299 326 19 21 22 
284 297 298 299 326 20 23 
284 297 298 299 20 21 23 
284 299 300 327 21 22 
299 300 327 23 
300 301 327 
283 301 328 27 
283 301 328 26 
283 302 29 
283 302 28 30 31 
283 289 302 29 31 32 
289 302 29 30 32 33 
283 289 302 329 30 31 33 34 
283 289 329 31 32 34 
283 289 329 330 32 33 35 
283 285 289 329 330 34 36 
283 285 289 37 
283 285 303 331 36 38 
283 285 303 331 37 
285 303 304 305 331 332 333 
304 305 332 333 334 41 
304 305 332 333 334 40 
286 306 335 336 337 43 
286 306 337 42 44 45 46 
286 306 307 338 43 45 46 47 
286 306 307 338 43 44 47 
286 306 307 338 43 44 45 47 
286 307 338 45 46 
286 307 338 339 340 49 
286 307 338 339 48 
308 309 339 340 341 51 
308 309 341 50 52 
179 308 309 341 51 53 
179 308 341 52 
55 56 57 58 59 62 73 74 75 76 77 78 79 80 81 105 106 107 108 109 110 111 112 113 157 158 160 161 162 163 164 165 166 226 227 228 229 230 231 232 233 234 235 236 237 
54 58 66 70 71 72 73 99 100 101 102 103 104 142 143 144 145 146 147 148 149 150 151 152 153 203 204 205 206 207 208 209 210 211 212 213 214 215 216 217 218 219 220 
54 57 59 63 67 82 83 84 114 115 116 117 118 169 170 171 172 250 251 252 253 254 255 256 257 258 259 260 261 262 263 264 265 
54 56 59 63 67 68 83 84 85 118 119 120 121 172 173 174 175 176 266 267 268 269 270 271 272 273 274 275 
54 55 62 66 73 74 100 101 102 103 104 105 147 148 149 150 151 152 153 154 155 156 157 158 220 221 222 223 224 225 226 
54 56 57 63 67 82 83 84 118 119 171 172 173 174 175 260 262 263 264 265 267 268 269 
64 69 89 90 126 127 128 129 130 131 132 183 184 185 186 
65 70 92 93 94 95 96 133 134 192 193 194 195 196 
54 58 75 76 77 78 79 106 107 160 161 162 163 164 229 230 231 232 233 234 
56 57 59 67 68 83 84 85 118 119 172 173 174 175 176 266 267 268 269 270 271 272 273 
60 69 89 90 91 129 130 131 132 184 185 187 188 
61 70 94 95 96 97 133 134 135 136 195 196 197 
55 58 72 99 100 142 143 144 145 203 204 205 206 207 208 
56 57 59 63 82 83 84 116 118 171 172 259 260 261 262 263 264 265 266 
57 63 85 86 120 121 122 123 177 178 277 278 279 280 281 
60 64 87 88 125 126 127 128 129 180 181 182 183 184 
55 61 65 71 96 97 98 135 136 137 138 139 140 197 198 
55 70 97 98 139 140 141 198 199 200 201 
55 66 99 143 203 204 205 206 
54 55 58 101 102 103 104 147 148 149 150 151 152 153 154 155 156 220 221 222 
54 58 62 75 76 159 160 161 162 227 228 
54 62 74 76 159 160 161 162 163 229 
54 62 74 75 77 78 106 160 161 162 163 164 229 230 231 232 233 
54 62 76 78 79 106 107 164 231 232 233 234 
54 62 76 77 79 106 107 164 231 232 233 234 
54 62 77 78 80 107 108 109 235 
54 79 81 108 109 110 111 165 236 237 
54 80 110 111 112 113 165 166 167 168 238 239 240 
56 59 67 115 116 117 170 171 251 252 253 254 255 256 257 258 259 
56 57 59 63 67 84 118 172 173 262 263 264 265 266 267 
56 57 59 63 67 83 118 172 173 174 175 266 267 268 
57 63 68 86 120 121 176 177 275 276 277 278 
68 85 122 123 177 178 278 279 280 281 282 
69 88 124 125 179 308 309 52 53 
69 87 124 125 126 127 179 180 181 182 308 309 341 52 53 
60 64 90 129 130 131 132 185 186 187 
60 64 89 91 92 132 185 187 188 189 
64 90 92 188 189 190 
61 90 91 93 189 190 191 
61 94 95 133 191 192 193 
61 65 93 95 133 134 193 194 
61 65 93 94 133 193 194 
61 65 70 97 135 136 137 196 197 
65 70 96 135 136 137 138 139 197 
70 71 139 140 198 199 200 201 
55 66 72 100 142 143 144 145 206 207 208 
55 58 66 99 101 144 145 146 147 207 208 209 210 211 212 213 214 215 216 217 218 
55 58 73 100 102 146 147 148 213 214 215 216 217 218 219 
55 58 73 101 147 148 149 150 151 152 218 219 
55 58 73 104 149 150 151 152 153 154 155 156 220 221 222 223 224 
55 73 103 153 154 155 156 222 223 224 
54 58 158 225 226 
54 62 76 77 78 107 163 164 229 230 231 232 233 234 
54 62 77 78 79 106 234 
54 79 80 109 235 
79 80 108 110 165 236 237 
54 81 111 112 165 166 236 237 
54 80 81 110 112 165 166 237 
54 110 111 113 167 168 238 239 240 241 
54 81 167 168 238 239 240 241 242 
56 169 245 246 247 248 114 
56 82 250 251 252 
56 67 82 117 170 251 252 253 254 255 256 257 258 
56 82 116 170 251 252 253 254 255 256 257 258 
56 57 59 63 67 83 84 172 173 174 175 266 267 
57 59 63 268 270 271 
57 68 85 121 176 275 276 277 
57 68 85 120 276 277 
68 86 123 177 178 278 279 280 281 282 
68 86 122 178 282 123 
87 88 125 179 341 52 53 
69 87 88 124 126 127 180 181 182 
60 69 88 125 127 128 180 181 182 183 
60 69 88 125 126 128 180 181 182 183 
60 126 180 181 182 183 
60 64 69 89 130 131 184 
60 64 89 129 131 184 
60 64 89 129 130 185 
60 64 89 90 185 186 187 188 
61 65 93 94 95 192 193 
61 65 94 194 195 196 
65 70 96 136 137 197 
65 70 96 97 135 137 138 
65 70 96 97 135 136 138 139 197 
70 97 136 137 
70 71 97 98 137 138 
70 71 98 141 199 200 201 
140 200 201 202 
55 66 72 99 143 144 206 207 
55 66 72 99 142 144 207 208 
66 99 100 142 143 145 207 208 209 210 211 212 
55 99 100 144 146 207 208 209 210 211 212 213 214 
55 100 101 145 147 212 213 214 215 216 217 218 219 
55 58 73 100 101 102 146 148 215 216 217 218 219 
58 73 101 102 147 149 150 151 152 218 219 
55 58 73 102 103 148 150 151 152 153 220 
55 58 73 102 103 149 151 152 220 
55 58 73 102 103 148 149 150 152 153 
55 58 73 102 103 148 149 151 153 220 
55 58 73 103 104 149 151 152 154 155 156 220 221 222 223 
58 73 103 104 155 156 220 221 222 223 
58 73 103 104 153 154 156 220 221 222 223 224 
73 103 104 153 154 155 222 223 224 
54 58 105 158 226 227 
54 58 105 157 226 227 
54 74 75 227 228 
54 62 74 75 76 161 162 163 229 
54 62 74 75 76 160 162 163 229 
54 62 74 75 76 106 160 161 163 229 230 
62 75 76 106 160 161 162 229 230 
54 62 76 77 78 106 231 232 233 234 
54 80 81 109 110 111 166 236 237 
54 80 81 110 111 165 
81 112 113 238 239 240 241 
81 112 113 167 238 239 240 241 
56 114 247 248 249 
56 82 116 117 251 252 253 254 255 256 257 
56 59 67 82 259 260 261 
56 57 59 63 67 83 84 118 174 175 266 267 
57 59 63 83 84 118 172 174 175 266 267 
57 59 63 84 118 172 173 175 266 267 
57 59 63 84 118 172 173 174 267 
57 63 85 120 274 275 276 
68 85 122 278 279 280 
68 86 122 123 281 282 
87 88 124 52 53 
69 88 125 126 127 181 182 183 
69 125 126 127 128 180 182 183 
69 88 125 126 127 128 180 181 183 
60 69 126 127 128 180 181 182 
60 64 69 129 130 
60 64 89 90 131 132 186 187 
60 64 89 132 185 
64 89 185 186 188 
64 90 132 
90 91 92 190 
91 92 189 
92 93 
61 93 133 
61 93 94 95 133 192 
65 94 95 134 195 
65 134 194 
61 65 96 134 
65 70 96 97 136 137 
70 71 98 199 200 
70 71 98 141 198 200 201 
71 98 140 198 199 201 
71 98 140 141 199 200 202 
140 141 201 
55 66 72 204 205 
66 72 203 205 206 
55 66 72 203 204 206 
55 66 72 99 204 205 
55 66 99 100 142 143 144 145 208 209 
55 66 99 100 143 144 145 207 209 210 211 212 
55 100 144 145 207 208 210 211 212 
55 100 145 208 209 211 212 213 214 
55 100 144 145 208 209 210 212 213 214 
55 100 144 145 146 208 209 210 211 213 214 
55 100 101 145 146 210 211 212 214 215 216 217 
55 100 101 146 210 211 212 213 215 216 217 
55 100 101 146 147 213 214 216 217 
55 100 101 146 147 213 214 215 217 218 
55 100 101 146 147 213 214 215 216 218 219 
55 100 101 102 146 147 148 215 216 217 219 
55 101 102 146 147 148 217 218 
55 58 73 103 149 150 151 152 153 154 155 221 
58 73 103 153 154 155 220 222 
58 73 103 104 153 154 155 156 221 223 224 
58 104 153 154 155 156 222 224 
58 103 104 155 156 222 223 
58 105 157 
54 58 105 157 158 227 
54 74 157 158 159 228 
54 74 159 227 
54 62 75 106 160 161 162 163 230 
54 62 76 106 162 163 229 
54 62 76 77 78 106 164 232 233 
54 62 76 77 78 106 164 231 233 
54 62 76 77 78 106 164 231 232 234 
54 62 77 78 107 164 232 233 
79 108 
54 80 109 110 165 237 
54 80 109 110 111 165 166 
81 112 113 167 168 239 240 241 
81 112 113 167 168 238 240 241 
81 112 113 167 168 238 239 
112 113 167 168 238 239 240 
113 243 244 
242 244 
242 243 244 
114 246 
114 245 
114 169 246 248 
114 169 247 249 
169 248 
56 115 
56 82 115 116 117 170 252 253 
56 82 115 116 117 170 251 253 
56 82 116 117 170 251 252 254 
56 82 116 117 170 253 255 
56 82 116 117 170 254 256 257 258 
56 82 116 117 170 254 255 257 258 
56 82 116 117 170 255 258 
56 82 116 117 255 256 257 
56 67 82 171 260 
56 59 67 171 259 261 
56 67 171 
56 59 67 83 263 264 265 
56 59 67 83 262 264 265 
56 59 67 83 262 263 265 
56 59 67 83 262 263 264 
59 63 67 83 84 118 172 173 267 
57 59 63 83 118 172 173 174 175 266 
57 59 63 84 119 269 
57 63 119 268 270 
57 63 119 269 271 
57 63 119 270 
57 63 273 274 
57 63 272 
176 272 
57 85 120 176 276 
68 85 120 121 176 275 277 
68 85 120 121 276 
68 86 122 177 279 280 
68 86 122 278 280 
68 86 122 177 278 279 
68 86 122 123 178 282 
86 122 123 178 281 
284 285 286 289 300 301 302 303 304 305 328 329 330 331 26 27 28 29 30 31 32 33 34 35 36 37 38 
283 288 295 296 297 298 299 300 324 325 326 327 13 14 15 17 18 19 20 21 22 23 
283 289 304 305 329 330 331 332 35 36 37 38 39 
283 306 307 308 335 336 337 338 339 340 42 43 44 45 46 47 48 49 
290 292 293 294 315 316 317 318 319 7 8 9 10 
284 295 296 322 323 324 325 13 14 15 16 
283 285 302 329 330 30 31 32 33 34 35 36 
287 291 292 311 312 313 314 315 4 5 6 
290 292 312 313 314 315 4 5 6 
287 290 291 293 294 315 316 6 7 8 
287 292 294 315 316 317 318 7 8 9 
287 292 293 316 317 318 319 8 9 
284 288 320 321 322 323 324 325 12 
284 288 297 298 324 325 326 13 14 15 17 18 19 
284 296 298 299 326 17 18 19 20 21 22 
284 296 297 299 326 17 18 19 20 21 22 
284 297 298 300 326 327 19 22 23 24 
283 284 299 301 327 328 23 24 25 
283 300 327 328 25 26 27 
283 289 28 29 30 31 32 
283 285 304 305 331 332 333 37 38 39 
283 285 303 305 331 333 334 39 40 41 
283 285 303 304 331 332 333 334 39 40 41 
286 307 335 336 337 338 42 43 45 46 
286 338 339 340 45 47 48 49 
87 88 124 179 286 309 339 341 50 51 52 53 
87 88 124 125 179 308 341 50 51 52 53 
311 312 313 1 2 3 
290 310 312 313 1 2 3 
290 291 310 311 313 1 2 3 4 
291 310 311 312 314 1 2 3 4 
290 291 311 312 313 3 4 5 
287 290 291 292 293 6 7 
287 292 293 294 317 318 319 8 9 
287 293 294 316 318 8 
287 293 294 316 317 319 9 10 
287 294 316 318 9 10 11 
295 321 322 11 12 
295 320 12 
288 295 320 321 323 12 
288 295 322 324 325 
284 288 295 296 323 325 13 
284 288 295 296 323 13 
284 296 297 298 17 18 19 20 21 
284 300 301 23 24 25 
283 300 301 26 
283 285 289 32 33 34 35 
283 285 289 329 33 34 35 
283 285 303 304 305 332 37 38 39 
285 303 304 305 331 333 334 39 40 41 
303 304 305 332 334 39 40 41 
304 305 332 333 40 41 
286 306 336 337 42 
286 306 335 337 42 
286 306 335 336 42 43 
286 306 307 339 340 44 45 47 48 49 
286 307 308 338 340 48 49 50 
286 307 308 338 339 48 49 50 
124 179 308 309 50 51 52 53 

