101 727
2 13 14 15 24 25 51 52 53 54 55 56 57 58 59 
1 3 26 27 28 29 61 62 63 64 65 66 67 68 
2 28 29 30 67 68 69 71 
7 8 21 39 40 41 42 43 44 45 46 85 86 87 88 89 90 91 92 93 94 
6 16 17 18 19 20 32 33 34 35 36 76 77 78 
5 7 16 17 18 19 20 33 34 35 36 76 77 78 79 80 
4 19 20 36 37 38 39 40 81 82 83 84 85 
4 21 95 96 97 98 99 100 101 
10 11 12 22 23 47 48 49 
9 11 12 22 23 47 48 49 
9 10 12 13 22 23 47 48 49 
9 10 11 13 14 23 49 50 
1 11 12 14 49 50 51 52 
1 12 13 50 52 
1 24 25 26 55 56 57 58 59 60 
5 6 17 18 33 34 35 76 77 
5 6 16 18 19 33 34 35 76 77 
5 6 16 17 19 20 36 76 77 79 80 
5 6 7 17 18 20 36 79 81 
5 6 7 18 19 37 78 79 80 81 
4 8 46 95 96 97 98 99 100 101 
9 10 11 12 23 47 48 
9 11 12 22 47 48 
1 15 53 54 55 56 57 58 
15 26 56 57 58 60 
2 15 25 27 59 61 
2 26 61 62 63 
3 62 63 64 65 66 67 68 
2 69 
3 69 70 71 72 73 74 75 
30 32 71 72 73 74 75 
31 33 75 
5 6 16 17 34 35 76 
6 16 17 33 35 
5 6 16 17 33 34 76 77 
5 6 7 18 19 20 37 78 79 80 81 
20 36 38 81 82 83 
7 37 39 81 82 83 
4 7 37 38 40 82 83 84 
4 7 41 42 82 83 84 85 86 87 88 
4 7 40 42 43 85 86 87 88 89 
4 40 41 44 86 87 88 89 90 
4 41 42 44 45 87 88 89 90 91 92 
4 42 43 45 89 90 91 92 
4 43 44 46 90 91 92 93 94 
4 21 45 92 93 94 
9 10 11 22 23 
9 10 11 22 23 47 
9 10 11 12 13 50 
12 13 49 
1 13 14 52 
14 51 
1 24 54 55 
1 24 53 55 56 
1 15 24 53 54 56 57 
1 15 24 25 54 55 57 58 
1 24 25 55 56 58 59 
1 15 24 25 55 57 59 
1 15 25 26 57 58 60 
15 25 26 59 61 
2 26 27 60 
2 27 28 63 64 65 66 
2 27 28 62 64 65 66 
2 62 63 65 66 
2 63 66 
2 28 62 64 65 
2 3 28 68 
2 3 28 67 
3 29 30 70 71 72 
3 30 69 71 72 73 
3 30 31 69 70 72 73 74 
30 31 69 70 71 73 74 
30 31 70 71 72 74 75 
30 31 71 72 73 75 
30 31 32 73 
5 6 16 17 18 33 35 77 
5 6 16 17 18 35 76 
5 6 18 19 20 36 79 80 
6 18 19 20 78 80 
6 18 19 20 36 78 79 
7 19 20 36 38 
7 37 38 39 40 83 84 85 
7 37 38 39 40 82 85 
7 39 40 82 83 85 
4 39 40 41 83 84 86 
4 40 41 42 88 
4 41 43 86 88 89 
4 40 41 42 43 86 87 
41 42 43 44 87 90 91 
4 42 43 44 45 89 92 
4 43 44 45 90 92 
4 43 44 45 90 91 
4 45 46 94 
45 46 93 
21 46 
8 21 97 98 99 100 101 
8 21 96 98 99 100 101 
8 21 96 97 99 100 101 
8 96 97 98 100 101 
21 96 97 98 99 101 
8 21 96 97 98 99 100 

