78 666
35 38 53 54 
35 38 54 55 56 3 
35 38 54 55 56 57 2 4 
35 38 55 57 58 59 3 5 
35 55 56 57 58 59 4 6 
57 58 59 5 
36 39 44 61 62 8 
36 39 44 62 63 64 7 9 
36 39 44 62 63 64 8 
39 45 63 64 65 
36 45 46 47 65 66 
33 46 47 66 67 68 13 
33 46 47 67 68 12 
33 69 
33 34 40 69 70 
33 34 40 71 17 18 
33 34 40 41 71 72 16 18 
34 41 71 72 16 17 
34 40 41 42 43 48 71 73 74 20 21 22 
34 41 42 48 73 74 19 21 22 
34 41 42 43 48 73 74 19 20 22 
34 41 42 43 48 74 19 21 
37 43 48 75 24 25 
37 43 75 23 25 26 
37 43 75 23 24 26 
37 43 49 75 24 25 
37 49 50 76 
50 51 52 76 77 78 29 
51 52 76 77 78 28 30 
51 52 77 78 29 31 
51 52 78 30 32 
51 52 31 
34 36 37 40 41 42 45 46 47 66 67 68 69 70 71 12 13 14 15 16 17 
33 37 40 41 42 43 48 69 70 71 72 73 74 15 16 17 18 19 20 21 22 
36 38 39 44 53 54 55 56 57 58 59 1 2 3 4 5 6 
33 35 39 44 45 46 60 61 62 63 64 65 66 7 8 9 10 11 
33 34 41 42 43 48 49 50 74 75 76 23 24 25 26 27 
35 38 53 54 55 57 1 2 3 4 
35 36 44 45 60 61 62 63 64 7 8 9 10 
33 34 41 42 48 69 70 71 72 73 15 16 17 18 19 
33 34 37 40 42 43 48 71 72 73 74 17 18 19 20 21 22 
33 34 37 40 41 43 48 71 72 73 74 19 20 21 22 
34 37 41 42 48 49 73 74 75 19 20 21 22 23 24 25 26 
35 39 60 61 63 64 7 8 
33 36 39 46 63 64 65 66 10 11 
33 36 45 47 65 66 67 11 12 13 
33 46 66 12 13 
34 37 40 41 42 43 73 74 75 19 20 21 22 23 
37 43 50 75 76 27 
37 49 51 76 77 27 28 
50 52 76 77 78 29 30 31 32 
51 76 77 78 28 29 30 31 32 
35 38 1 
35 38 55 1 2 3 
35 38 54 56 57 58 59 2 3 4 5 
35 38 54 55 57 58 59 2 3 4 5 
35 38 55 56 59 3 4 5 6 
35 38 55 56 57 59 4 5 6 
35 55 56 57 58 5 6 
36 39 44 61 62 7 
36 39 44 60 62 7 
36 39 44 60 61 63 64 7 8 9 
36 44 45 62 64 8 9 10 
36 39 44 45 62 63 8 9 10 
36 45 46 66 10 11 
33 36 45 46 47 65 12 
33 46 47 68 12 
33 47 67 12 13 
33 34 70 14 15 
33 34 40 69 15 
33 34 41 42 72 16 17 18 19 
34 40 41 42 71 73 17 18 
34 40 41 42 43 48 71 72 74 19 20 21 22 
34 37 41 42 43 48 73 19 20 21 22 
37 43 48 49 23 24 25 26 
37 49 50 51 52 77 78 27 28 29 
50 51 52 76 28 29 30 31 
51 52 76 77 28 29 30 31 

