61 417
10 2 
10 1 3 4 
10 2 4 
10 2 3 
39 10 6 
39 10 5 
52 39 40 11 12 13 8 9 
40 11 12 13 7 9 
52 40 41 11 12 13 34 7 8 47 38 
39 1 2 3 4 5 6 
52 39 40 41 12 13 7 8 9 
52 39 40 41 11 13 7 8 9 
52 39 40 41 11 12 7 8 9 47 
57 45 17 43 48 50 15 16 46 
57 50 14 16 46 
57 50 14 46 
57 60 45 43 48 50 14 
53 58 61 27 29 30 31 19 20 21 
53 58 29 30 31 18 20 21 
53 58 61 30 31 18 19 21 
53 61 30 31 18 19 20 
53 61 32 33 56 
57 28 
53 59 25 26 
53 59 24 26 
53 59 24 25 
53 58 61 28 29 30 18 
53 58 23 27 
53 58 61 27 30 18 19 
53 58 61 27 29 31 18 19 20 21 
53 58 61 30 32 33 18 19 20 21 22 
53 61 31 33 22 56 
53 61 31 32 
52 40 41 42 9 47 38 
52 42 44 55 
60 49 37 
52 60 44 49 36 
52 40 41 47 
52 40 10 11 12 13 5 6 7 
52 39 41 11 12 13 34 7 8 9 47 38 
52 40 42 11 12 13 34 9 47 38 
52 41 44 34 35 55 
57 45 17 48 50 14 
52 60 42 49 35 37 55 
57 60 43 50 14 
57 50 14 15 16 
52 40 41 13 34 9 38 
57 45 17 43 50 14 
52 60 44 37 36 
57 45 17 43 48 14 15 16 46 
57 54 
60 39 40 42 44 49 11 12 13 34 35 37 7 8 9 47 38 55 
57 58 59 61 28 27 29 30 32 33 18 19 20 21 22 56 24 25 
57 51 
42 44 35 
53 61 32 33 22 
53 58 60 45 17 43 48 50 51 54 23 14 15 16 46 
53 57 61 54 23 28 27 29 30 31 18 20 
53 61 24 25 26 
52 57 44 49 45 37 17 36 
53 58 59 27 29 30 31 32 33 18 19 20 21 22 56 

