264 2439
120 121 134 135 162 199 200 264 
121 134 135 136 162 201 3 
120 121 135 136 162 201 2 4 
121 136 162 202 3 
121 137 163 202 203 204 205 6 
137 202 203 204 205 5 
122 137 164 165 206 
137 206 7 
122 165 166 206 207 10 11 
165 166 207 9 11 
122 165 166 207 9 10 
122 138 165 166 207 
138 208 209 
90 167 210 15 16 17 
167 210 14 16 
90 139 167 168 210 14 15 17 18 
90 139 167 168 210 14 16 18 
90 107 139 167 168 169 210 211 16 17 
90 107 139 168 169 211 
90 107 139 19 
90 123 213 
90 214 215 23 
90 123 214 215 216 22 24 
90 214 215 216 23 
90 216 26 
90 217 25 27 
90 217 25 26 
108 140 170 218 219 220 29 30 
90 140 170 219 220 28 30 
90 108 140 170 219 220 28 29 
90 108 140 220 221 32 
90 108 140 221 31 
90 140 141 171 221 34 
90 108 140 141 171 221 33 
90 140 141 222 36 37 38 
90 141 171 172 222 35 37 38 39 
90 141 171 172 222 35 36 38 39 
171 172 222 223 35 36 37 39 40 
141 171 172 222 223 36 37 38 40 
141 172 223 38 39 
95 172 223 
124 125 144 174 175 61 62 
95 142 173 224 225 44 
95 142 173 224 225 43 45 
95 142 225 226 44 46 
95 142 225 227 45 
142 226 227 
95 229 230 49 50 51 52 
95 229 230 48 50 51 52 
95 230 48 49 51 52 
95 230 48 49 50 52 53 
95 48 49 50 51 53 
95 51 52 
124 53 249 56 
96 110 111 129 130 189 132 
143 54 249 
143 231 232 58 59 60 
124 143 231 57 59 60 
143 231 232 60 
124 143 231 232 57 58 59 
124 125 144 174 232 42 62 
125 144 145 174 42 61 
109 125 144 145 174 175 176 64 65 66 67 
144 145 175 176 63 65 66 67 
125 144 145 175 176 63 64 66 67 
109 125 144 145 175 176 63 64 65 67 
109 125 176 177 63 64 65 66 
109 176 177 234 69 70 71 
109 177 234 68 70 71 
109 177 234 68 69 71 
109 177 178 234 69 70 
109 146 178 179 235 236 237 73 74 75 
109 146 178 179 235 236 237 72 74 75 
109 146 178 179 235 236 237 72 73 75 
109 146 179 180 235 236 237 72 73 74 76 77 
146 179 180 237 77 78 
146 179 180 237 75 76 78 
146 179 180 237 76 77 
126 147 148 180 238 239 80 81 
126 147 148 180 238 239 79 81 
126 147 148 238 239 79 80 
126 149 181 240 83 84 
149 240 82 84 
149 181 240 82 83 
150 182 86 87 
150 85 87 
150 182 86 
100 150 151 182 241 89 
100 151 183 241 242 88 
95 96 99 106 107 108 109 120 121 122 123 124 137 138 139 140 141 142 165 167 168 169 170 171 172 173 208 209 211 212 213 214 215 216 217 218 219 220 221 222 223 224 14 16 17 18 19 20 21 22 23 24 25 26 27 28 29 30 31 32 33 34 35 36 37 
96 100 127 151 183 241 242 89 93 92 
96 100 127 151 152 183 184 242 91 93 94 
96 100 127 151 152 183 184 242 92 
96 100 127 128 151 152 153 184 92 97 
90 108 109 124 125 140 141 142 143 171 172 173 223 224 225 226 227 228 229 230 41 43 44 45 46 47 131 49 50 51 52 53 
90 100 110 111 126 127 128 129 130 149 150 151 152 153 182 183 184 185 186 241 242 243 244 91 93 92 94 97 98 101 102 103 187 105 104 188 189 132 55 113 
96 100 127 128 151 152 153 184 94 98 
96 100 127 128 152 153 184 97 101 102 
90 106 118 119 120 121 133 134 135 158 159 160 161 191 192 193 194 195 196 197 198 259 260 261 262 263 
96 110 111 126 127 128 129 130 149 150 151 152 153 182 183 184 241 242 243 88 89 91 93 92 94 97 98 101 102 103 
96 100 127 128 152 153 184 98 102 
96 100 127 128 152 153 98 101 
96 100 128 153 243 187 105 
96 110 129 130 243 105 188 189 132 
96 129 243 103 187 104 
90 99 118 119 120 121 133 134 135 161 194 195 196 198 199 262 263 
90 122 123 139 167 168 169 210 211 212 213 18 19 20 21 
90 95 140 141 170 171 217 218 219 220 221 28 29 30 31 32 33 34 
90 95 124 125 126 144 145 146 147 174 175 176 177 178 179 180 234 235 236 237 63 66 67 68 69 70 71 72 73 74 75 
96 100 111 127 128 129 130 154 155 185 186 243 244 245 104 188 189 132 55 113 112 114 115 116 
96 100 110 129 130 154 155 185 186 244 245 189 132 55 113 112 114 115 
110 111 129 130 185 186 244 113 114 
96 110 111 129 130 185 186 112 
110 111 130 185 186 244 112 115 
110 111 185 186 114 
110 154 155 245 117 
154 155 245 116 
99 106 119 133 156 157 158 159 160 191 192 252 253 254 255 256 257 258 
99 106 118 133 158 159 160 191 192 193 194 255 256 257 258 259 260 261 262 
99 106 121 134 135 136 161 162 196 197 198 199 200 201 263 264 1 2 3 
90 99 106 120 134 135 136 137 162 163 199 200 201 202 203 264 1 2 3 4 5 
90 107 137 138 165 166 206 207 208 209 7 9 11 12 13 
90 107 139 212 213 214 215 20 21 22 23 
90 95 109 143 144 174 231 232 42 54 249 56 57 58 59 60 61 
95 109 124 143 144 145 174 175 176 177 232 42 61 62 63 64 65 66 67 
96 100 109 146 147 148 149 179 180 181 238 239 240 79 80 81 82 
96 100 110 128 129 150 151 152 153 183 184 241 242 91 93 92 94 97 98 101 102 
96 100 110 127 129 151 152 153 183 243 94 97 98 101 102 103 187 
96 100 110 111 127 128 130 185 186 243 244 104 188 189 132 55 113 112 
96 100 110 111 129 185 186 243 244 104 188 189 132 55 113 112 114 
95 228 
110 111 129 130 104 189 55 
99 106 118 119 158 159 160 191 192 193 194 255 256 257 258 259 260 261 
99 106 120 121 135 136 161 162 199 200 201 263 264 1 2 
99 106 120 121 134 136 161 162 199 200 201 264 1 2 3 
120 121 134 135 162 163 201 202 2 3 4 
90 121 122 163 164 202 203 204 205 206 5 6 7 8 
90 122 165 166 207 208 209 12 13 
90 107 123 167 168 169 210 211 16 17 18 19 20 
90 95 108 141 170 171 219 220 221 222 28 29 30 31 32 33 34 35 
90 95 108 140 171 172 221 222 223 33 34 35 36 37 38 39 40 
90 95 173 224 225 226 227 43 44 45 46 47 
95 124 125 144 174 231 249 56 57 58 59 60 
109 124 125 143 145 174 175 176 232 42 61 62 63 64 65 66 
109 125 144 174 175 176 177 234 62 63 64 65 66 67 
109 126 147 178 179 180 235 236 237 72 73 74 75 76 77 78 
109 126 146 148 149 180 181 238 239 79 80 81 
126 147 149 180 181 238 239 79 80 81 
96 100 126 147 148 150 181 240 82 83 84 
96 100 127 149 151 182 183 240 241 85 86 87 88 
96 100 127 128 150 152 153 182 183 184 241 242 88 89 91 92 97 
96 100 127 128 151 153 183 184 242 93 92 94 97 98 102 
100 127 128 151 152 184 97 98 101 102 103 
96 110 155 245 116 117 233 246 
110 111 154 245 116 117 233 246 247 248 
157 250 251 
118 156 158 251 252 253 
99 118 119 133 159 191 253 255 257 
99 118 119 133 158 160 191 192 193 255 256 257 258 259 260 
99 118 119 133 159 191 192 193 256 257 258 259 260 261 
99 106 120 134 135 196 197 198 199 200 263 
120 121 134 135 201 264 1 2 3 4 
121 136 137 164 202 203 204 205 5 6 
137 163 205 206 7 
90 122 166 206 207 7 9 10 11 12 
122 138 165 206 207 9 10 11 12 
90 107 139 168 169 210 211 14 15 16 17 18 
90 107 139 167 169 210 211 16 18 19 
90 107 139 167 168 211 18 19 
90 108 140 217 218 219 220 28 29 30 
90 95 108 140 141 172 221 222 33 34 35 36 37 38 39 
90 95 141 171 222 223 36 37 38 39 40 41 
90 95 142 224 225 43 44 
109 124 125 143 144 145 175 232 61 62 63 
109 125 144 174 176 42 62 63 64 65 66 
109 125 144 175 177 234 63 64 65 66 67 68 
109 125 145 176 234 67 68 69 70 
109 146 179 235 236 237 71 72 73 74 
109 126 146 178 180 235 236 237 72 73 74 75 76 77 78 
109 126 146 147 148 237 238 239 75 76 77 78 79 80 
126 147 148 240 83 84 
96 100 150 151 241 85 86 87 88 
96 100 127 128 150 151 152 241 242 89 91 93 92 
96 100 127 128 151 152 153 183 242 93 92 94 97 98 101 
96 110 111 129 130 186 244 113 112 114 115 
96 110 111 129 185 244 113 112 114 115 
96 128 243 103 105 
96 110 129 130 104 189 132 
96 110 111 129 130 243 104 188 132 55 
156 250 251 
99 118 119 133 158 159 160 255 256 257 258 
99 118 119 133 159 160 193 258 259 260 261 
99 119 159 160 192 194 259 260 261 
99 106 119 133 193 260 262 
99 106 
99 106 120 161 197 198 263 
99 106 120 196 198 263 
99 106 120 161 196 197 263 
106 120 121 134 135 161 200 263 264 1 
120 121 134 135 161 199 264 1 
120 121 134 135 136 162 2 3 
121 136 137 163 203 204 205 4 5 6 
121 137 163 202 204 205 5 6 
121 137 163 202 203 205 5 6 
137 163 164 202 203 204 5 6 
122 137 164 165 166 7 8 9 
122 138 165 166 9 10 11 12 
90 122 138 209 13 
90 122 138 
90 107 139 167 168 14 15 16 17 18 
90 107 139 167 168 18 19 
90 107 123 213 21 
90 107 123 
90 123 215 22 23 
90 123 214 216 22 23 24 
90 214 215 23 24 25 
90 108 170 218 26 27 
108 170 217 219 28 
90 108 140 170 218 220 28 29 30 
90 108 140 170 219 28 29 30 31 
90 108 140 141 171 31 33 34 
90 141 172 223 35 36 37 38 39 
90 95 141 172 222 39 40 41 
90 142 173 43 44 
95 142 173 43 44 45 46 
95 142 227 45 46 47 
95 142 226 46 47 
95 229 230 131 
95 228 230 131 48 49 
95 228 229 131 48 49 50 51 
124 143 232 57 58 59 60 
124 125 143 144 174 231 57 58 59 60 61 
154 155 246 247 
109 145 176 68 69 70 71 
109 146 178 179 236 237 72 73 74 75 
109 146 178 179 235 237 72 73 74 75 
109 146 178 179 180 235 236 72 73 74 75 76 77 78 
147 148 180 239 79 80 81 
126 147 148 180 238 80 81 
126 149 150 181 82 83 84 
96 100 127 150 151 182 183 242 88 89 91 
96 100 127 151 152 183 184 241 89 91 93 92 
100 128 129 130 103 187 105 104 188 189 
96 110 111 129 130 185 186 113 112 114 
110 111 154 155 115 116 117 
154 155 233 247 248 
155 233 248 
155 246 247 
124 54 56 
156 190 
156 157 190 251 
118 253 254 
118 157 158 252 254 
118 157 
118 119 133 158 159 191 256 257 
118 119 133 158 159 160 191 255 258 
118 119 133 158 159 160 191 255 256 258 
118 119 133 159 160 191 192 256 257 259 
99 119 159 160 192 193 258 260 261 
99 119 133 159 160 192 193 259 261 
99 119 133 160 192 193 259 260 
99 106 119 194 
99 106 120 134 161 196 197 198 199 
120 121 134 135 162 199 200 1 

