99 984
2 3 4 5 6 7 8 9 10 11 13 14 17 18 19 20 29 30 31 32 33 34 35 36 37 52 53 55 56 57 58 59 60 61 62 63 64 
1 3 4 5 6 7 8 9 10 11 13 14 18 19 20 21 22 23 33 34 35 36 37 38 39 60 61 62 63 64 65 66 67 68 69 70 71 
1 2 4 6 7 8 11 12 15 16 22 23 24 25 26 27 40 41 42 43 44 73 74 75 76 77 78 79 80 81 82 83 84 85 86 87 88 89 
1 2 3 8 12 15 16 25 26 27 44 45 46 80 81 82 83 84 85 86 87 88 89 91 92 
1 2 6 7 9 10 13 17 18 28 29 30 31 32 33 34 52 53 54 55 56 57 58 59 
1 2 3 5 10 11 13 14 18 19 20 21 33 34 35 36 60 61 62 63 64 
1 2 3 5 6 8 11 13 14 19 20 21 22 37 38 39 61 62 63 64 65 66 67 68 69 70 
1 2 3 4 7 11 12 15 22 23 24 25 40 41 42 43 72 73 74 75 76 
1 2 5 10 17 28 30 31 49 50 51 52 53 54 
1 2 5 6 9 13 17 18 30 31 32 33 52 53 54 55 56 57 58 
1 2 3 6 7 8 14 20 21 22 23 37 38 39 40 67 68 69 70 71 72 
3 4 8 15 24 25 26 43 76 77 78 79 80 81 82 83 84 85 
1 2 5 6 7 10 18 19 33 34 35 36 60 61 
1 2 6 7 11 20 21 37 38 62 63 64 65 66 67 68 69 
3 4 8 12 16 26 27 44 81 82 83 84 85 86 87 88 89 
3 4 15 27 44 45 46 90 91 92 93 
1 5 9 10 30 31 32 52 53 54 55 56 57 
1 2 5 6 10 13 19 33 34 35 36 60 
1 2 6 7 13 18 60 61 
1 2 7 11 14 21 37 38 62 63 64 65 66 67 68 69 
2 6 7 11 14 20 37 38 39 65 66 67 68 69 70 
2 3 7 8 11 23 39 40 70 71 72 
2 3 8 11 22 40 72 
3 8 12 25 41 42 43 73 74 75 76 77 
3 4 8 12 24 43 75 76 77 78 
3 4 12 15 27 85 86 87 88 89 
3 4 15 16 26 44 88 89 
5 9 49 51 
1 5 9 
1 5 9 10 17 31 52 53 54 
1 5 9 10 17 30 32 55 56 
1 5 10 17 31 55 56 57 
1 5 6 13 18 34 35 36 58 59 
1 2 5 6 13 18 33 36 58 59 
1 2 6 13 18 33 34 36 59 
1 2 13 18 33 34 35 60 
1 2 7 11 14 20 21 38 39 65 66 67 68 69 70 
2 7 11 14 20 21 37 39 67 68 69 70 71 
2 7 11 21 22 37 69 70 71 
3 8 11 22 23 72 
3 8 24 42 43 73 74 75 
3 8 24 41 43 73 74 75 
3 8 12 24 25 41 42 76 77 
3 4 15 16 27 45 46 90 
4 16 46 90 91 
4 16 44 90 91 92 
48 94 
47 95 
28 50 51 
9 28 49 51 
49 50 
1 5 10 17 29 30 53 54 
1 5 10 17 30 52 54 
9 10 17 52 53 
1 5 10 17 31 32 56 57 
1 5 10 17 31 32 55 57 
1 5 10 17 32 55 56 58 
1 5 10 33 34 57 59 
1 5 33 34 35 58 
1 2 6 13 18 19 36 
1 2 6 7 13 19 
1 2 6 7 14 20 63 64 
1 2 6 7 14 20 62 64 
1 2 6 7 14 20 62 63 65 
2 7 14 20 21 37 64 66 67 68 
2 7 14 20 21 37 65 67 68 
2 7 11 14 20 21 37 38 65 66 68 69 
2 7 11 14 20 21 37 38 65 66 67 
2 7 11 14 20 21 37 38 39 67 68 70 
2 7 11 21 22 37 38 39 69 71 
2 22 38 39 70 
8 11 22 23 40 
3 8 24 41 42 74 
3 8 24 41 42 73 75 
3 8 24 25 41 42 43 76 
3 8 12 24 25 43 75 77 
3 8 12 24 25 43 76 
3 12 25 79 80 
3 78 80 
3 12 79 81 82 83 
3 4 12 15 80 83 84 
4 12 15 80 81 83 84 
3 4 12 15 80 81 82 84 85 
3 4 12 15 26 81 82 83 85 86 87 
3 12 15 26 83 84 86 87 
3 4 15 26 84 85 88 89 
3 4 26 84 85 86 88 
3 4 15 26 27 85 86 87 89 
3 4 15 26 27 86 88 
4 16 44 45 46 91 92 
4 16 45 46 90 92 93 
4 16 46 90 91 93 
16 91 92 94 
48 93 
47 48 96 
95 97 98 99 
96 98 
96 97 99 
96 98 

