47 323
34 2 23 24 25 28 29 4 33 32 30 31 35 36 37 38 
34 1 26 4 5 6 36 37 38 39 40 43 
34 23 
1 2 26 35 36 37 38 39 40 
2 6 40 43 
2 26 5 43 44 
41 42 8 9 10 45 
42 7 9 10 45 
42 46 7 8 10 45 
41 42 46 7 8 9 45 
41 42 46 47 12 
46 47 18 11 
47 18 19 14 15 16 17 
18 19 20 13 15 16 17 
18 19 20 13 14 16 17 
18 19 14 15 17 
19 20 13 14 15 16 21 17 
47 19 20 12 13 14 15 16 
47 18 20 13 14 15 16 17 
18 19 13 14 15 16 17 21 
20 17 
34 23 24 3 33 
34 1 24 25 22 3 33 32 
34 1 23 25 22 28 29 33 32 30 31 
34 1 23 24 28 29 32 30 31 35 
27 4 5 40 43 44 
46 7 8 9 10 26 44 45 
34 1 24 25 29 30 31 
34 1 24 25 28 30 31 35 
34 1 24 25 28 29 32 31 
34 1 24 25 28 29 30 
34 1 23 25 33 
34 1 23 24 22 32 
1 2 23 24 25 22 28 29 3 33 32 30 31 34 
1 25 4 36 37 38 
1 2 4 35 37 38 39 
1 2 4 35 36 38 39 
1 2 4 35 36 37 39 
2 4 36 37 38 40 
2 26 4 5 39 
42 46 7 8 9 10 11 27 44 45 
46 7 9 10 11 27 45 
2 26 5 6 
26 27 
7 8 9 27 
41 42 47 9 10 11 12 27 
46 18 19 11 12 13 

