45 332
16 18 33 34 11 2 27 28 29 30 31 32 
17 18 1 32 
16 17 12 35 
36 13 5 6 37 38 39 
36 13 4 6 37 38 39 
36 4 5 37 38 39 40 41 
36 8 9 42 43 44 45 
36 7 9 44 45 
36 7 8 44 45 
18 33 34 11 19 20 21 22 23 
18 33 34 10 1 22 23 24 25 26 27 
16 17 2 3 35 
16 17 36 4 5 14 15 37 38 
17 13 15 
16 13 14 
18 33 34 12 13 1 2 3 32 35 14 15 
16 18 12 13 2 3 35 17 14 15 
16 17 33 34 10 11 12 1 2 22 23 24 25 26 27 28 29 30 31 32 
33 10 20 
33 10 19 
33 10 19 20 
18 33 34 10 11 23 24 25 
18 33 34 10 11 22 24 25 26 
18 33 34 11 22 23 25 
18 33 34 11 22 23 24 26 
18 33 34 11 23 25 
18 33 34 11 1 28 29 30 31 
18 33 34 1 27 29 30 31 
18 34 1 27 28 30 31 
18 34 1 27 28 29 31 
18 1 27 28 29 30 32 
16 18 1 2 
16 18 34 10 1 19 20 21 22 23 24 25 26 27 28 
16 18 33 10 11 1 22 23 24 25 26 27 28 29 30 
17 12 3 
13 4 5 6 7 8 9 37 38 39 40 41 42 43 44 45 
36 13 4 5 6 38 39 
36 13 4 5 6 37 39 
36 4 5 6 37 40 
36 6 39 41 42 43 
36 6 40 42 43 
36 7 40 41 43 
36 7 40 41 42 44 
36 7 9 43 45 
36 7 8 9 44 

