75 529
2 4 9 10 15 16 17 18 19 29 30 31 32 33 34 35 36 37 53 54 55 56 57 58 59 60 
21 22 23 24 38 65 66 67 68 69 70 
6 7 8 9 10 13 14 15 28 43 3 44 45 46 47 48 49 
9 10 15 16 17 29 30 31 32 33 34 52 53 54 55 56 
2 22 23 24 38 66 67 69 70 
3 11 12 13 26 27 40 41 42 
3 6 11 12 13 26 27 42 43 
3 9 10 14 15 28 45 46 47 48 49 50 
1 3 4 8 10 15 17 28 49 50 51 
1 3 4 8 9 15 16 17 28 49 50 51 
6 7 12 13 25 26 27 40 41 42 
6 7 11 26 27 40 41 42 
3 6 7 11 27 43 13 
3 8 44 45 46 47 48 
1 3 4 8 9 10 16 17 28 49 50 51 
1 4 9 10 15 17 29 52 
1 4 9 10 15 16 29 30 31 52 
1 19 35 36 37 57 58 59 60 61 
1 18 20 21 37 60 61 62 63 
19 21 60 62 63 64 
2 19 20 63 64 
2 5 23 65 
2 5 22 65 66 
2 5 38 70 71 72 
11 25 
6 7 11 12 27 40 41 
6 7 11 12 13 40 41 42 
3 9 10 15 49 50 51 
1 4 16 30 31 32 52 53 54 55 
1 4 17 29 31 32 52 53 54 55 
17 29 30 32 53 54 55 
1 4 29 30 31 52 54 
1 4 34 56 57 
1 4 33 56 57 
1 18 36 37 57 58 59 
1 18 35 37 58 59 
1 18 19 35 36 59 60 61 
2 5 24 71 72 73 74 
74 75 39 
11 12 26 27 41 42 
6 11 12 27 40 42 
6 7 11 12 26 27 40 41 
3 7 13 
3 14 45 
3 8 14 44 46 47 48 
3 8 14 45 47 48 
8 14 45 46 48 
3 8 14 45 46 47 
3 8 9 10 15 28 50 51 
8 9 10 15 28 49 51 
9 10 15 28 49 50 
1 4 16 17 29 30 31 32 
1 4 29 30 31 32 54 55 
1 4 29 30 31 32 53 55 
1 4 29 30 31 53 54 
1 4 33 34 57 
1 18 33 34 35 56 
1 18 35 36 37 59 
1 18 35 36 37 58 
1 18 19 20 61 62 
19 60 62 
19 20 60 61 
19 20 21 64 
20 21 63 
2 22 
2 5 23 67 68 69 
5 66 68 69 
2 5 66 67 69 
2 5 24 66 67 68 
5 24 69 
5 24 38 
24 73 74 75 
38 72 74 75 
38 39 72 73 75 
39 72 73 74 

