113 724
63 79 2 3 
63 79 1 3 
63 79 1 
63 79 80 5 6 
79 80 4 6 7 
80 4 5 8 
80 81 5 6 8 
6 7 
56 64 82 
56 64 82 11 12 
64 82 10 12 
56 82 10 11 
52 54 56 14 
54 56 13 
52 54 55 
52 54 55 15 17 
54 55 16 18 
52 54 55 17 
52 55 65 83 20 
52 65 83 19 
65 22 23 24 
21 23 24 25 
65 84 21 22 24 25 
57 65 84 85 21 22 23 25 26 
57 84 85 22 23 24 26 
53 57 58 84 24 25 
53 57 58 84 86 
53 57 58 87 
53 57 58 87 28 30 
87 29 
51 53 66 67 68 
51 32 
51 89 34 
51 89 
51 89 90 91 92 93 36 
51 37 
51 94 36 37 
51 59 94 95 96 97 
59 60 98 99 
61 69 70 100 101 41 
61 69 70 100 101 
61 69 70 100 101 43 
61 69 70 100 101 42 44 
61 69 70 71 101 102 42 43 
71 72 102 103 46 
72 102 103 45 
71 72 102 103 104 105 106 
72 73 104 106 49 
73 104 105 48 50 
73 107 49 
52 53 57 59 60 66 67 68 88 89 90 91 92 93 94 95 96 31 32 33 34 35 36 37 38 
51 53 54 55 56 57 64 65 82 83 13 14 15 16 17 18 19 20 
51 52 57 58 65 66 67 68 84 85 86 87 88 26 27 28 29 30 31 
55 56 64 82 13 14 15 16 17 18 
52 56 65 83 15 16 17 18 19 
52 54 55 64 81 82 9 10 11 12 13 14 
51 52 53 58 65 84 85 86 87 24 25 26 27 28 29 
53 57 65 84 85 86 87 26 27 28 29 
51 60 61 94 95 96 97 98 99 38 39 59 
51 59 61 69 97 98 99 39 
59 60 69 71 100 101 40 41 42 43 44 
76 77 78 108 109 110 111 
79 113 1 2 3 4 
52 54 56 81 82 9 10 12 
52 53 55 57 58 83 84 85 19 20 21 22 23 24 25 
51 53 67 68 88 31 
51 53 66 68 88 31 
51 53 66 67 31 
60 61 70 71 100 101 40 41 42 43 44 
61 69 71 100 101 102 40 41 42 43 44 
61 69 70 72 102 103 104 105 106 44 45 46 47 
71 102 103 104 105 106 45 46 47 48 49 
74 75 106 107 48 50 
73 75 107 
73 74 
62 77 78 108 109 
62 76 78 108 109 110 111 
62 76 77 109 110 111 
63 80 1 2 3 4 5 
79 4 5 6 7 
56 64 7 8 9 
52 54 56 64 9 10 11 12 
52 55 65 19 20 
53 57 58 65 85 86 23 24 25 26 27 
57 58 65 84 86 24 25 26 
57 58 84 85 26 27 
53 57 58 88 28 29 30 
51 53 66 67 87 
51 91 92 33 34 35 
51 89 91 92 35 
51 90 92 93 35 
51 89 90 91 93 35 36 
51 91 92 35 36 
51 59 95 96 97 37 38 
51 59 94 96 97 38 
51 59 60 94 95 97 98 99 38 
59 60 94 95 96 98 99 38 
59 60 96 97 99 39 
59 60 96 97 98 39 
61 69 70 40 41 42 43 
61 69 70 100 40 41 42 43 44 
70 71 72 103 44 45 46 47 
71 72 102 104 45 46 47 
71 72 103 105 106 47 48 49 
71 72 104 106 47 48 49 
71 72 73 104 105 47 48 49 
73 74 50 107 
62 76 77 109 
62 76 77 78 108 110 
62 77 78 109 112 
77 78 110 
110 113 
63 112 

