204 1724
3 7 8 9 15 20 21 22 23 36 37 38 39 40 68 69 70 71 72 73 132 133 134 135 136 137 138 139 140 141 142 
5 6 10 11 12 13 17 24 25 26 54 55 89 90 91 92 93 180 181 182 183 184 185 186 187 188 189 190 191 192 193 194 
1 4 5 9 16 41 42 43 44 45 74 76 77 78 79 80 81 146 147 148 149 150 151 152 153 154 155 156 157 
3 5 16 44 45 46 77 78 79 80 81 82 83 153 154 155 156 157 158 159 160 161 162 
2 3 4 6 10 16 17 24 25 26 47 48 49 50 51 52 53 84 85 86 87 88 89 170 171 172 173 174 175 176 
2 5 10 11 12 13 54 55 90 91 92 93 186 187 188 189 190 191 192 193 194 
1 8 18 19 30 32 33 34 35 61 62 63 64 116 117 118 119 120 121 122 123 124 
1 7 9 15 20 21 22 36 37 38 68 69 70 131 132 133 134 135 136 
1 3 8 15 39 40 71 72 73 139 140 141 142 143 
2 5 6 11 12 13 17 24 25 26 54 55 89 90 91 92 180 181 182 183 184 185 186 187 188 
2 6 10 12 13 94 95 96 97 194 195 196 197 198 199 200 201 202 203 204 
2 6 10 11 13 94 95 96 97 195 196 197 198 199 200 201 202 203 204 
2 6 10 11 12 94 95 96 97 195 197 198 199 200 201 202 204 
27 28 56 57 58 59 98 100 101 102 103 104 
1 8 9 23 39 40 71 72 73 139 140 141 142 143 
3 4 5 45 46 80 81 82 83 157 158 159 160 161 162 163 
2 5 10 24 25 26 48 49 50 51 52 53 85 86 87 89 174 175 176 177 
7 19 30 32 61 62 109 111 112 113 114 116 117 118 
7 18 33 34 63 64 119 120 121 122 123 
1 8 21 22 36 37 38 68 69 131 132 133 134 135 
1 8 20 22 38 68 69 132 133 134 135 
1 8 20 21 38 69 70 135 136 137 138 
1 9 15 39 40 71 72 139 140 141 142 
2 5 10 17 25 26 50 52 53 86 87 88 89 174 175 176 177 
2 5 10 17 24 26 50 51 52 53 86 87 88 89 175 176 177 
2 5 10 17 24 25 53 89 175 176 177 178 179 180 
14 28 29 59 60 102 103 104 105 
14 27 29 102 103 104 105 
28 59 60 105 106 107 
7 18 31 32 61 108 109 110 111 112 113 114 
18 30 32 61 109 110 111 112 113 
7 18 31 61 62 113 114 115 116 117 
7 34 63 64 122 124 
7 19 33 35 63 122 123 124 125 
7 34 36 37 65 66 67 125 127 128 129 130 
1 8 20 35 37 65 66 67 68 128 129 130 131 
1 8 20 35 36 65 67 68 129 130 131 
1 8 20 21 22 68 69 70 132 133 134 135 
1 9 15 23 40 71 72 73 141 142 143 
1 9 15 23 39 73 141 142 143 
3 42 43 74 75 144 145 146 
3 41 43 74 75 76 145 146 147 
3 41 42 74 75 76 145 146 147 
3 4 77 149 151 152 
3 4 16 46 80 81 82 160 162 
4 16 45 82 83 162 163 164 165 166 167 168 
5 48 49 84 170 171 
5 17 47 49 84 85 170 171 172 173 
5 17 47 48 84 85 171 172 173 
5 17 24 25 51 52 53 85 86 87 88 174 
5 17 24 25 50 52 53 85 86 87 88 174 
5 17 24 25 50 51 53 86 87 88 174 
5 17 24 25 26 50 51 52 86 87 88 175 
2 6 10 55 91 186 187 
2 6 10 54 91 187 
14 57 58 98 99 100 101 
14 56 58 98 99 100 101 
14 56 57 101 
14 27 28 29 60 104 105 
27 29 59 105 106 
7 18 30 31 32 109 110 111 112 113 114 115 
7 18 32 117 118 119 120 
7 19 33 34 64 122 123 
7 19 33 34 63 122 123 124 
35 36 37 66 67 128 129 130 
35 36 37 65 67 128 129 
35 36 37 65 66 128 129 130 
1 8 20 36 37 38 132 
1 8 20 21 22 38 70 133 134 135 
1 8 22 38 69 135 136 137 
1 9 15 23 39 72 139 140 141 
1 9 15 23 39 71 140 141 
1 9 15 39 40 142 143 
3 41 42 43 75 76 145 146 
41 42 43 74 144 
3 41 42 43 74 145 146 147 
3 4 44 78 153 
3 4 77 79 153 154 155 156 
3 4 78 154 155 156 
3 4 16 45 156 157 158 159 
4 16 45 80 157 158 159 160 
4 16 45 46 83 162 163 164 165 166 
4 16 46 82 163 164 165 166 167 168 
5 47 48 49 85 169 170 171 172 173 
5 17 48 49 50 51 84 86 172 173 
5 17 24 25 50 51 52 53 85 87 88 174 
5 17 24 25 50 51 52 53 86 88 174 
5 17 24 25 50 51 52 86 87 174 
2 5 10 17 24 25 26 176 177 178 179 180 181 182 
2 6 10 182 183 184 185 
2 6 10 54 55 185 186 
2 6 10 93 188 189 190 191 192 193 
2 6 92 189 190 191 192 193 
12 13 195 196 197 198 199 200 202 
11 12 13 94 96 97 202 203 
11 13 95 202 203 
11 12 13 95 96 204 
14 56 57 99 100 
56 57 98 100 
14 56 57 98 99 
14 56 57 58 
14 27 28 103 104 
14 27 28 102 104 
14 27 28 59 102 103 
27 28 29 59 60 
29 60 108 
29 106 108 
30 106 107 
18 30 31 110 111 112 
31 61 109 112 
18 30 31 109 110 
18 30 31 61 109 110 111 
18 30 31 32 61 114 115 116 
18 30 32 61 113 115 116 
32 61 113 114 116 
7 18 32 113 114 115 117 
7 18 32 62 116 118 
7 62 117 119 
7 19 62 118 120 121 
7 19 62 
7 19 119 
7 19 33 63 64 123 124 
7 19 34 63 64 122 124 
7 33 34 64 122 125 
35 124 126 127 
35 125 127 
35 125 126 
35 36 65 66 67 129 130 
35 36 37 65 66 67 128 130 
35 36 37 65 66 67 128 129 
8 20 36 37 67 68 
1 20 21 133 
1 8 20 21 38 69 132 
1 8 20 21 38 69 133 
1 8 20 21 22 38 69 70 
1 8 22 70 137 
1 22 70 136 138 
1 22 137 
1 9 15 23 71 
1 9 15 23 71 72 
1 9 15 23 39 40 71 72 142 
1 9 15 23 39 40 141 
9 15 73 
41 74 75 145 
41 42 43 74 76 144 146 
3 41 42 43 74 76 145 
3 42 43 76 148 149 
3 149 
3 44 147 148 151 
3 44 149 
3 44 77 149 150 152 
3 44 77 151 
3 4 77 78 79 154 155 
3 4 78 79 153 155 156 
3 4 78 79 153 154 156 
3 4 78 79 80 154 155 
3 4 16 80 81 158 159 
4 16 80 81 157 159 
4 16 81 157 158 
4 16 45 81 161 
4 16 45 81 160 
4 45 46 82 163 
16 46 82 83 162 164 165 166 167 
46 82 83 163 165 166 167 168 
46 82 83 163 164 166 167 168 
46 82 83 163 165 167 168 
83 164 165 166 168 
46 83 163 164 165 167 
47 84 170 
5 47 48 84 169 171 
5 47 48 49 84 170 172 173 
5 47 48 49 85 171 173 
5 48 49 84 85 171 172 
5 17 24 50 52 53 85 86 87 88 
5 17 24 25 26 53 176 177 
5 17 24 25 89 175 177 179 
17 24 25 26 89 175 178 179 
26 89 176 177 179 
26 89 176 177 178 180 
2 10 26 89 179 181 182 
10 89 180 182 
2 10 89 180 181 183 
2 10 90 182 184 
2 10 90 183 185 
2 90 91 186 
2 6 10 54 91 185 
2 6 10 54 55 188 
10 92 189 
2 6 92 93 188 190 191 192 
6 92 93 189 191 192 193 
2 6 92 93 189 190 192 193 
2 6 92 93 190 191 193 
2 6 92 93 189 190 192 
2 11 195 196 
11 12 13 94 194 196 197 198 199 
11 12 94 194 195 197 198 199 
11 12 13 195 196 198 199 
11 12 13 94 195 196 197 199 
12 13 94 195 196 197 200 201 
11 12 13 94 198 199 201 
11 12 13 94 199 200 
11 12 13 94 95 96 203 
11 12 13 95 202 
11 12 13 97 

