24 209
1 19 
22 23 24 8 16 10 3 4 5 12 13 15 
21 22 23 24 2 5 13 15 17 
21 22 23 24 10 2 3 5 17 18 
21 23 24 10 2 3 4 15 17 18 
22 7 20 6 
22 6 20 
21 22 23 24 16 2 20 9 11 14 12 
22 8 16 11 14 
21 22 23 24 2 3 4 5 15 17 18 19 
21 22 23 8 9 14 12 
21 22 23 24 8 16 2 11 14 13 
21 22 24 2 3 12 
22 23 8 16 9 11 12 
21 23 24 10 2 3 4 5 17 
21 23 8 2 9 11 14 12 
21 23 24 10 3 4 5 15 18 
21 23 24 10 4 5 17 19 
1 21 10 18 
6 7 
1 22 23 24 8 16 10 2 3 4 5 11 12 13 17 18 19 
21 23 24 8 16 10 6 2 3 4 7 20 9 11 14 12 13 
22 24 8 16 10 2 3 4 5 11 14 12 15 17 18 
21 22 23 8 10 4 5 12 13 15 17 18 

