161 1012
159 3 
159 160 
159 1 5 
160 161 
159 3 
7 8 43 6 
6 8 
6 7 
10 11 22 
9 11 
9 10 
148 159 13 14 15 18 19 20 21 23 24 12 35 59 
148 159 12 14 18 19 20 21 23 24 
12 13 18 19 20 23 
12 15 
6 7 9 10 11 17 22 25 26 27 28 29 30 31 33 92 38 49 43 44 45 47 48 51 52 53 68 70 32 85 86 93 95 96 115 123 148 12 13 34 58 59 80 16 
16 29 
12 13 14 
12 13 14 
12 13 14 23 
12 13 
9 16 25 26 
12 13 14 20 
12 13 
16 22 
16 22 
6 9 17 22 28 29 30 31 33 92 38 94 41 49 43 44 45 47 27 
27 45 
17 27 30 31 38 
27 29 41 
27 29 
68 46 
27 33 
51 95 123 148 159 12 13 14 35 36 37 39 58 59 80 34 
34 36 35 
34 35 37 39 
34 36 39 
27 29 
34 36 37 
68 79 
27 30 
68 70 
6 28 29 27 33 44 45 47 48 43 50 
43 44 52 
28 43 47 50 
68 32 
43 45 48 
43 47 
27 49 
43 45 
6 17 22 27 28 29 43 44 45 47 48 52 53 54 55 56 57 69 70 32 40 93 95 123 12 34 58 80 51 
51 53 
51 52 57 
51 55 56 
51 54 56 
51 54 55 
51 53 
51 95 123 148 12 13 14 34 35 59 60 61 62 63 64 65 66 67 71 76 73 74 75 77 80 58 
58 60 61 62 63 64 66 67 71 76 77 
58 59 62 66 67 71 
58 59 63 
58 59 60 64 65 66 67 75 
58 59 61 
58 59 62 73 74 
58 62 75 
58 59 60 62 
58 59 60 62 
6 16 17 22 27 28 29 43 44 45 47 51 52 53 54 69 70 32 72 40 42 46 78 79 85 86 87 93 95 96 115 123 148 12 13 34 58 80 68 
68 70 78 
68 69 72 42 
58 59 60 
68 70 
58 64 74 
58 64 73 
58 62 65 
58 59 
58 59 
68 69 
68 40 
51 95 123 12 13 34 58 59 81 82 83 84 80 
80 84 81 
80 83 
80 82 
80 81 
6 16 27 43 51 68 86 87 88 89 90 91 93 95 96 115 123 124 148 12 13 34 58 80 85 
85 87 88 89 91 
85 86 88 90 
85 86 87 89 91 
85 86 88 
85 87 
85 86 88 
27 94 
93 96 
27 92 
51 93 96 97 98 99 100 101 102 103 104 105 95 106 107 108 115 123 124 148 12 13 34 58 80 
93 95 97 98 99 100 101 102 103 104 105 109 110 111 112 113 
95 96 98 99 101 102 109 110 
95 96 97 99 101 102 103 112 113 
95 96 97 98 101 102 103 112 113 
95 96 108 
95 96 97 98 99 110 111 
95 96 97 98 99 103 112 
95 96 98 99 102 112 
95 96 
95 96 
95 107 
95 106 
95 100 
96 97 
96 97 101 
96 101 
96 98 99 102 103 
96 98 99 
6 7 9 10 16 17 22 25 27 28 29 30 31 33 92 38 43 44 45 47 48 51 52 53 54 68 69 70 32 72 40 42 46 85 86 87 88 89 91 93 95 96 97 98 99 100 101 102 103 104 105 106 107 108 109 110 111 112 113 115 116 117 118 119 120 121 122 123 124 125 126 127 128 129 130 131 132 133 134 135 136 137 138 139 140 141 142 143 144 145 146 147 148 149 150 151 152 153 154 155 156 157 158 159 160 161 1 2 3 4 5 12 13 14 15 18 19 20 21 23 24 34 35 36 37 39 58 59 60 61 62 63 64 65 66 67 71 76 77 80 81 82 84 114 
114 116 117 118 120 124 126 
114 115 
114 115 119 
114 115 
114 117 
114 115 
114 122 
114 121 
27 51 93 95 96 97 98 99 115 116 114 117 118 119 120 124 125 126 127 128 129 130 131 123 132 134 136 137 138 133 148 150 152 153 159 160 12 13 14 34 58 59 80 
115 123 125 126 127 128 129 133 148 
123 124 
123 124 130 132 
123 124 128 
123 124 127 
123 124 131 
123 126 
123 129 
123 126 
6 16 27 43 51 68 85 86 93 95 96 97 98 99 100 101 102 115 116 114 117 118 123 124 125 126 127 128 129 130 131 132 134 135 136 133 137 138 139 140 141 142 143 144 145 146 147 148 149 150 151 152 153 154 155 156 159 160 161 1 2 3 12 13 14 34 35 58 59 80 
133 135 140 141 
133 134 139 
133 137 144 145 146 
133 136 144 
133 147 
133 135 
133 134 
133 134 
133 143 
133 142 
133 136 137 
133 136 
133 136 
133 138 
124 149 150 151 152 153 148 158 159 160 13 
148 149 1 
148 151 152 154 155 157 
148 150 152 156 157 
148 150 151 153 
148 152 158 
150 155 
150 154 
151 156 
150 151 
148 153 
149 150 151 152 160 161 1 2 3 159 5 
159 161 2 4 
159 160 4 

