37 234
32 33 34 12 7 8 9 10 
32 33 34 35 13 29 31 
32 35 36 37 4 31 28 14 
35 36 37 3 5 16 14 30 15 18 
36 37 4 16 17 15 18 
33 34 7 8 9 
33 34 1 6 8 9 
33 34 6 7 9 
33 1 6 7 8 
32 33 34 1 12 13 
32 33 2 13 29 
32 33 34 1 13 10 
32 33 34 1 2 12 10 11 
35 36 37 3 4 28 30 
36 5 18 
37 4 5 20 18 19 
37 16 20 18 19 
37 4 5 16 17 15 
16 17 20 21 
16 21 19 23 
20 22 23 
21 23 24 
20 21 22 19 
22 25 27 
26 24 27 
25 27 
25 26 24 
32 35 36 3 31 14 
32 33 35 2 31 11 
37 4 14 
32 35 36 2 3 29 28 
33 34 35 36 1 2 3 12 13 29 31 10 11 28 
32 34 35 1 2 12 13 29 6 7 8 9 10 11 
32 33 1 2 12 13 6 7 8 9 
32 33 36 37 2 3 4 29 31 28 14 
32 35 37 3 4 5 28 14 30 15 
35 36 3 4 5 16 17 14 30 15 18 

