114 779
2 3 4 5 6 11 12 13 35 36 37 38 39 40 83 84 85 86 87 88 89 90 91 92 93 94 95 
1 6 7 14 15 21 42 44 45 101 102 103 104 105 106 
1 4 5 9 10 19 20 29 30 31 32 33 67 68 69 70 71 72 73 74 
1 3 5 10 11 20 33 34 74 75 76 77 78 79 80 81 
1 3 4 11 20 34 35 36 82 83 84 
1 2 12 13 41 94 95 96 97 98 99 100 
2 14 15 21 44 45 101 102 103 104 105 
16 17 22 23 24 25 26 48 49 50 51 52 53 54 55 56 57 
3 10 19 29 30 31 65 66 67 68 69 70 
3 4 9 20 31 32 33 70 71 72 73 74 
1 4 5 34 35 36 82 83 
1 6 13 39 40 92 93 94 95 96 
1 6 12 39 40 92 93 94 95 96 
2 7 15 21 44 45 101 102 103 104 
2 7 14 45 105 106 
8 22 23 24 25 47 48 49 50 51 
8 18 26 27 55 56 57 58 59 60 
17 27 28 58 59 60 61 62 63 
3 9 28 29 65 66 68 69 
3 4 5 10 33 74 75 76 77 78 79 80 81 
2 7 14 42 44 101 102 
8 16 23 24 47 48 49 50 
8 16 22 24 25 48 49 50 
8 16 22 23 25 48 49 50 51 
8 16 23 24 26 49 50 51 
8 17 25 51 52 53 54 55 57 
17 18 28 58 60 61 62 63 64 
18 19 27 61 62 63 64 65 
3 9 19 30 66 67 68 69 
3 9 29 31 67 68 69 
9 10 30 32 70 71 
3 10 31 70 71 72 73 
3 4 10 20 74 75 76 77 79 80 
4 5 11 82 
1 5 11 36 82 83 84 
1 5 11 35 83 84 
1 38 85 86 87 
1 37 85 86 87 88 
1 13 40 90 91 92 93 
1 12 13 39 93 
6 97 98 99 
2 21 43 44 100 
42 44 
7 14 21 42 43 
2 7 14 15 103 104 
113 114 
16 22 48 
8 16 22 23 24 47 49 
8 16 22 23 24 25 48 50 
8 16 22 23 24 25 49 51 
16 24 25 26 50 52 53 
8 26 51 53 54 55 56 57 
8 26 51 52 54 55 56 57 
8 17 26 52 53 55 56 57 
8 17 26 52 53 54 56 57 
8 17 26 52 53 54 57 
8 17 26 52 53 54 55 56 
17 18 27 59 60 
17 18 60 
17 18 27 58 59 
18 27 28 62 63 64 
18 27 28 61 63 64 
27 28 61 62 64 
27 28 61 62 63 
9 19 66 
9 19 29 65 67 
3 9 19 29 30 66 68 69 
9 19 29 30 67 69 
19 29 30 67 68 
9 10 32 72 73 
3 10 31 32 70 72 
3 10 32 70 71 73 
3 10 32 70 72 
3 4 10 20 33 75 76 
4 20 74 76 77 78 79 80 
4 20 33 74 75 77 78 79 80 
4 20 33 75 76 78 79 80 
4 20 33 75 76 77 79 80 
4 20 33 75 76 77 80 81 
4 20 33 75 76 77 78 79 81 
4 20 79 80 
5 11 35 36 83 
1 5 11 35 36 82 84 
1 5 11 35 36 83 85 
1 37 38 84 86 87 
1 37 38 85 87 
1 37 38 85 86 
1 38 89 
1 88 90 91 
1 39 89 91 
1 39 89 
1 12 13 39 40 93 94 
1 12 13 39 40 92 94 
1 6 12 13 92 93 95 
1 6 12 13 94 96 
6 12 13 95 
6 41 98 
41 99 100 
6 41 98 
6 41 42 98 99 
7 44 102 
7 14 21 101 
2 7 14 45 
2 7 14 45 103 
2 7 
2 15 107 
106 108 
107 108 109 110 
108 110 111 
108 109 111 112 
109 110 112 
110 111 113 
112 46 113 
46 114 

