30 194
28 2 8 6 7 
25 28 8 6 7 1 
25 26 28 8 10 9 12 
25 26 10 11 14 12 15 16 17 18 
26 27 29 20 21 22 
28 2 8 1 
28 2 6 1 
28 2 3 6 7 1 
25 10 
25 26 3 4 9 12 
25 26 4 14 12 15 16 17 
25 26 3 4 10 11 14 
27 29 30 13 
25 26 4 12 15 16 17 
25 26 4 11 14 16 17 18 
26 4 11 14 15 17 18 
26 4 11 14 15 16 18 
26 4 15 16 17 
27 30 20 22 23 24 
27 29 5 21 19 
27 5 20 
27 29 5 20 23 19 
27 29 20 19 
27 29 30 19 
26 28 2 3 4 8 10 11 14 9 12 15 
25 27 3 4 5 10 11 14 12 15 16 17 18 
26 29 30 5 20 13 21 22 23 19 24 
25 2 3 8 6 7 1 
27 30 5 20 13 22 23 19 24 
27 29 13 19 24 

