49 456
37 38 39 40 2 
39 40 41 42 1 3 26 27 
40 41 42 2 26 27 28 
43 5 31 32 44 45 7 10 11 12 13 14 
4 6 31 32 33 45 12 13 14 15 16 
43 5 33 34 35 36 46 47 48 49 16 17 18 19 20 21 22 
4 30 44 8 9 10 11 
44 7 10 11 
44 7 8 10 11 
4 31 44 7 8 9 11 
4 31 44 7 9 10 
4 5 31 32 
4 5 32 14 15 
4 5 32 13 15 
5 32 33 14 16 
5 6 33 15 
43 6 33 34 35 36 46 47 18 19 20 21 
43 6 33 34 35 36 46 47 48 17 19 20 21 22 
43 6 33 34 35 36 46 47 48 17 18 20 21 22 
43 6 33 34 35 36 46 47 48 17 18 19 21 22 
43 6 34 35 36 46 47 48 17 18 19 20 22 
43 6 34 35 36 46 47 48 18 19 20 21 
43 34 35 36 37 38 47 49 
43 35 36 37 38 49 23 
37 38 39 49 
41 42 2 27 28 
40 41 42 2 3 26 28 29 
40 41 42 3 26 27 29 
41 42 28 
7 30 
4 5 32 44 45 11 12 
43 4 5 31 45 12 13 14 15 
43 5 6 34 35 36 46 47 15 16 17 18 19 20 
43 6 33 35 36 46 47 48 49 17 18 19 20 21 22 23 
43 6 33 34 36 37 46 47 48 17 18 19 20 21 22 23 24 
43 6 33 34 35 37 46 47 48 49 17 18 19 20 21 22 23 24 
43 35 36 38 39 49 1 23 24 25 
43 37 39 49 1 23 24 25 
43 37 38 40 1 2 25 
41 42 1 2 3 26 27 28 
40 42 2 3 26 27 28 29 
40 41 2 3 26 27 28 29 
4 5 6 32 33 34 35 36 37 38 39 46 47 48 49 17 18 19 20 21 22 23 24 25 
4 31 45 7 8 9 10 11 
4 5 31 44 12 
43 6 33 34 35 36 47 48 17 18 19 20 21 22 
43 6 33 34 35 36 48 49 17 18 19 20 21 22 23 
43 6 34 35 36 46 47 49 18 19 20 21 22 23 
43 6 34 35 36 37 38 48 23 24 25 

