39 223
2 1 
21 1 3 
21 2 4 
21 22 23 3 5 
21 22 23 4 
21 22 23 7 
39 32 22 23 24 6 
39 32 24 
39 32 33 24 25 26 10 11 
39 33 25 26 9 11 
39 33 25 26 9 10 
39 33 27 28 13 14 
39 33 26 27 28 12 14 
39 33 27 28 12 13 
39 34 28 16 
39 28 15 
34 29 30 18 
34 29 30 17 
34 35 31 19 
36 38 
39 32 2 3 4 5 6 
32 21 23 4 5 7 
21 22 5 6 7 
32 25 7 8 9 
39 32 33 24 26 9 10 11 
39 33 25 27 9 11 12 13 
39 33 26 28 12 13 14 
39 33 27 12 13 14 15 16 
39 30 17 18 
34 29 17 18 
35 36 37 38 19 
39 21 22 23 24 25 6 7 8 9 
39 25 26 27 28 9 10 11 12 13 14 
39 35 29 30 15 17 18 19 
34 36 37 31 19 
35 37 38 31 20 
35 36 31 20 
37 31 20 
32 33 34 21 24 25 26 27 28 29 7 8 9 10 11 12 13 14 15 16 

