41 228
17 3 19 20 27 28 21 22 23 
5 17 3 4 24 25 26 40 41 2 
2 17 1 21 22 23 24 25 26 
2 5 18 16 40 41 31 
6 18 4 16 8 40 41 31 
5 18 13 15 8 7 9 
6 13 15 8 9 32 
5 6 18 13 15 7 
6 13 15 7 32 
30 34 35 
30 12 14 37 39 
11 14 37 38 39 
6 18 15 8 7 9 
30 11 12 38 39 
6 13 29 8 7 9 32 33 
5 18 4 31 
2 1 3 20 27 28 21 22 23 24 25 
5 6 13 4 16 8 
17 1 20 27 19 
17 19 27 
17 1 3 27 28 22 23 
17 1 3 21 23 
17 1 3 22 24 
2 17 3 23 25 26 
2 3 24 26 
2 3 24 25 
1 19 20 28 21 
17 1 19 20 27 21 
15 10 32 33 34 
10 11 12 14 35 36 37 38 
5 4 16 41 
15 29 7 9 33 
15 29 32 
29 35 
30 10 34 36 
30 35 37 
30 11 12 36 38 
30 11 12 14 37 39 
11 12 14 38 
2 5 4 41 31 
5 4 40 31 

