258 2006
109 166 257 258 2 3 4 
109 166 257 258 1 3 4 5 
109 1 4 5 
109 2 3 5 
109 3 
93 110 167 7 
93 110 167 168 6 8 
93 110 111 167 168 169 7 9 
93 110 111 112 167 168 169 170 8 10 11 
93 111 112 169 170 9 11 12 
93 111 112 169 170 9 10 12 
93 111 112 113 170 10 11 
60 63 114 115 171 
60 63 114 115 171 13 
60 63 114 115 171 16 17 
60 63 114 115 171 15 
60 63 115 15 16 18 19 
60 63 17 19 
60 116 172 17 18 
60 61 77 173 21 
61 77 20 
61 77 23 
61 77 24 
61 77 72 78 174 175 23 25 26 
61 77 72 78 174 175 24 26 
61 72 78 174 175 24 25 
61 72 78 174 175 
72 78 176 177 29 
176 177 28 
86 177 31 32 
177 30 
86 87 178 30 33 
86 87 178 32 
86 89 35 36 37 
86 87 88 89 34 36 37 
87 88 89 34 35 37 38 
87 88 89 34 35 36 38 
89 36 37 
88 89 40 41 42 
88 89 39 41 42 
88 89 39 40 42 
88 89 39 40 41 43 
42 43 44 
179 43 45 
90 179 44 46 47 48 
179 45 48 
90 179 46 48 
90 179 45 47 
90 180 
90 91 180 51 52 
91 50 52 
91 118 181 50 51 53 54 
91 181 52 54 
91 181 52 55 
91 118 181 54 
119 182 183 57 
119 182 183 58 
184 119 182 183 57 
60 68 70 71 84 92 155 156 157 158 159 160 161 162 163 164 165 237 239 240 241 242 243 244 245 246 247 248 249 250 251 
59 61 63 77 72 78 93 113 114 115 116 117 171 172 173 13 14 15 16 17 18 19 20 
60 63 77 72 78 116 117 172 173 174 175 20 21 22 23 24 25 26 27 
64 69 66 85 102 103 136 137 138 139 140 212 213 214 215 216 217 218 219 220 221 222 223 224 
60 61 77 114 115 116 117 171 172 173 13 14 15 16 17 18 19 
62 69 85 102 103 138 139 212 213 214 215 216 217 218 219 220 221 222 223 224 
81 82 83 99 126 127 128 129 130 131 132 133 198 199 200 201 202 203 204 205 
62 69 67 85 103 104 105 141 142 143 66 227 228 
66 107 144 145 146 147 228 
59 67 70 84 108 148 149 150 151 152 153 154 229 230 231 232 233 234 235 236 
62 64 66 85 103 104 138 139 140 218 219 220 221 222 223 224 225 226 
59 155 156 157 237 238 240 241 
59 92 109 165 166 251 252 253 254 255 256 257 258 
61 77 78 174 175 176 24 25 26 27 28 
74 75 76 79 80 95 96 97 120 121 122 123 124 189 190 191 
73 75 76 79 80 95 96 97 120 121 122 123 124 189 190 191 
73 74 76 79 80 95 96 97 120 121 122 123 124 189 190 191 192 
73 74 75 79 80 95 96 97 98 121 122 123 124 189 190 191 192 
60 61 63 72 78 116 117 172 173 174 20 21 22 23 24 25 
60 61 77 72 175 176 24 25 26 27 28 
73 74 75 76 80 95 96 97 98 121 122 123 124 125 191 192 
73 74 75 76 79 81 96 97 98 122 123 124 125 192 
65 80 83 98 125 126 127 128 129 130 193 194 195 196 197 198 199 200 201 
65 81 83 99 127 128 129 130 131 195 196 197 198 199 200 201 202 203 
65 81 82 99 128 129 130 131 200 201 202 203 204 
59 68 108 148 149 150 151 152 153 154 229 230 231 232 233 234 235 236 
62 64 69 66 104 105 140 141 142 225 226 227 
87 89 177 178 30 31 32 33 34 35 
86 88 89 178 32 33 34 35 36 37 38 
86 87 89 34 35 36 37 38 39 40 41 42 
86 87 88 34 35 36 37 38 39 41 42 
91 179 180 45 47 48 49 50 
90 118 180 181 50 51 52 53 54 55 
59 71 159 160 161 162 163 164 165 245 246 247 248 249 250 
60 110 111 112 113 167 168 169 170 6 7 8 9 10 12 
120 184 185 186 187 188 119 183 58 
73 74 75 76 79 96 97 120 121 122 189 190 191 
73 74 75 76 79 80 95 97 121 122 123 124 189 190 191 
73 74 75 76 79 80 95 96 98 121 122 123 124 191 192 
75 76 79 80 81 97 125 192 193 194 
65 82 83 130 131 132 202 203 204 
101 135 
100 136 208 
62 64 137 212 213 214 215 216 217 
62 64 69 66 85 104 138 139 140 225 226 
69 66 85 103 141 226 227 
66 85 141 142 143 
67 107 144 146 
67 145 146 147 
68 84 151 152 153 154 229 230 231 232 233 234 235 236 
71 166 257 258 1 2 3 5 109 
93 111 112 167 168 169 6 7 8 9 
93 110 112 113 167 168 169 170 9 10 11 12 
93 110 111 113 167 168 169 170 9 10 11 12 
60 93 111 170 
60 63 115 171 14 15 16 
63 114 171 13 14 15 16 17 
60 61 63 77 117 172 173 19 
60 61 63 77 116 172 173 
91 181 182 51 52 53 54 55 
94 184 182 183 56 57 58 
73 75 94 95 187 188 
74 75 76 79 95 96 97 122 189 190 191 
73 74 75 76 79 80 95 96 97 121 123 124 190 191 
73 74 75 76 79 96 97 122 124 191 
73 74 75 76 79 80 96 97 122 123 192 
80 81 82 98 127 193 195 196 197 
65 81 82 125 127 128 129 193 194 195 196 197 198 199 200 
65 81 82 125 126 128 129 195 196 197 198 200 
65 81 82 83 126 127 129 198 199 200 201 
81 82 83 126 127 128 130 198 199 200 201 202 
65 81 82 83 99 129 131 201 202 203 204 
65 82 83 99 130 201 202 203 204 
65 133 205 
65 132 134 205 206 207 
133 205 206 207 
100 135 
62 101 137 208 209 210 211 
102 136 209 210 211 
62 64 69 103 139 140 219 220 221 222 223 224 
62 64 69 103 138 140 222 223 224 225 
62 69 85 103 138 139 224 225 226 
66 85 104 105 142 143 227 
66 85 105 141 143 227 
66 105 142 
67 106 107 145 
107 144 146 
67 106 107 145 147 
107 146 148 
68 84 147 149 150 229 
68 84 148 150 151 230 
68 84 149 151 229 230 
68 84 108 148 149 150 229 230 231 232 
68 84 108 153 154 232 233 234 235 236 
68 84 108 152 154 232 233 234 235 236 
68 84 108 152 153 232 233 234 235 236 
59 70 156 237 238 
59 70 155 237 238 239 240 
59 70 158 240 241 242 
59 157 242 243 
59 92 160 161 243 244 245 246 
59 92 159 161 243 244 246 247 
59 92 159 160 245 246 247 
59 92 163 245 246 247 248 
59 92 162 246 247 248 
59 92 165 249 250 
59 71 92 164 249 250 251 
71 109 256 257 258 1 
93 110 111 112 168 169 6 7 8 9 
93 110 111 112 167 169 7 8 9 
93 110 111 112 167 168 170 8 9 10 11 
93 111 112 113 169 9 10 11 12 
60 63 114 115 13 15 16 
60 61 63 77 116 117 19 
60 61 63 77 116 117 20 
61 77 72 78 175 24 25 26 27 
61 72 78 174 24 25 26 27 
72 78 28 29 
86 28 29 30 31 
86 87 32 
90 44 45 46 47 48 
90 91 49 50 
91 118 52 54 55 
118 119 183 56 57 58 
119 182 57 58 
94 185 
94 184 186 187 188 
94 185 187 188 
94 120 185 186 188 
94 120 185 186 187 
73 74 75 76 95 96 121 190 
73 74 75 76 95 96 121 122 189 191 
73 74 75 76 79 95 96 97 121 122 123 190 
75 76 79 80 97 98 124 
81 98 125 126 194 195 196 197 
81 98 125 126 193 195 197 
81 82 125 126 127 193 194 196 197 
81 82 125 126 127 193 194 195 197 198 
82 125 126 193 194 195 196 198 199 
65 81 82 126 127 128 129 196 197 199 200 
65 81 82 126 127 128 129 197 198 200 
65 81 82 83 126 127 129 198 199 201 
65 81 82 83 128 129 130 131 200 202 203 
65 82 83 129 130 131 201 203 204 
65 82 83 99 130 131 201 202 204 
65 83 99 130 131 202 203 
65 132 133 134 206 207 
133 134 205 207 
134 205 206 
101 136 208 
210 211 
136 137 209 211 
137 210 
62 64 102 213 214 215 216 
62 64 102 212 214 215 216 
62 102 213 215 216 
62 64 102 212 213 214 216 217 
62 64 102 212 213 214 215 217 
62 64 102 215 216 218 
62 64 69 217 219 220 
62 64 69 138 218 220 221 222 
62 69 138 218 219 221 222 
62 64 69 138 219 220 222 223 
62 64 69 138 219 220 221 223 224 
62 64 69 139 221 222 224 
62 64 69 138 139 140 222 223 
69 85 140 226 
69 85 103 104 140 225 
66 85 104 142 
66 67 228 
68 84 108 149 150 151 230 231 
68 84 108 149 150 151 229 231 232 
68 84 108 151 229 230 232 
68 84 108 151 152 153 154 230 231 233 234 
68 84 108 152 153 154 232 234 
68 84 108 152 153 154 232 233 235 236 
68 84 108 152 153 234 236 
68 84 108 152 153 154 234 235 
59 70 155 156 238 
70 155 156 
59 70 156 240 
59 70 156 157 239 241 242 
59 70 240 242 
59 157 158 240 241 
59 158 244 
59 159 160 243 
59 92 159 160 161 162 246 247 
59 92 159 160 161 162 163 245 247 
59 92 160 161 162 163 245 246 
59 92 162 163 
59 92 164 165 250 
59 92 164 165 249 
71 165 
71 253 254 255 256 
71 252 254 255 
71 252 253 255 
71 252 253 254 256 
71 252 254 255 
109 258 1 2 
71 109 166 257 1 2 

