144 1035
28 29 43 44 53 80 144 
29 43 44 53 
33 34 45 54 82 83 84 85 86 4 
33 34 45 54 85 86 3 5 
33 34 45 54 85 86 4 
30 55 56 88 7 8 
27 30 6 8 9 
27 30 6 7 9 
27 30 7 
27 30 89 9 11 
27 30 89 10 
27 30 46 89 13 14 
27 46 89 90 14 
27 46 89 90 12 13 
27 46 47 91 92 93 94 16 17 18 
27 47 91 92 93 94 15 17 18 
27 47 91 92 93 94 15 16 18 
27 47 57 93 94 15 16 17 
47 57 58 95 
57 58 95 19 21 
57 58 95 20 22 23 
35 58 59 21 
35 58 21 22 
35 59 96 97 98 
35 98 99 26 
35 99 26 
28 29 30 33 34 35 45 46 47 54 55 56 57 58 87 88 89 90 91 92 93 94 95 6 7 8 9 10 11 12 13 14 15 16 17 18 
27 29 32 33 43 44 52 53 78 79 80 137 138 139 140 141 142 143 144 1 
27 28 33 43 44 53 81 143 144 1 
27 33 34 45 46 54 55 56 87 88 89 90 6 7 8 9 10 11 12 
38 39 50 51 66 67 68 69 112 113 114 115 116 
28 41 42 73 75 76 77 78 133 134 135 136 
27 28 29 30 34 45 54 55 81 82 83 84 85 86 3 4 5 
27 30 33 45 54 55 56 84 85 86 87 88 3 4 5 
27 57 58 59 96 97 98 99 22 23 24 25 26 
37 60 61 62 63 64 102 103 104 105 106 
36 62 63 64 65 105 106 107 
31 39 40 50 51 68 69 70 71 116 117 118 119 120 121 
31 38 40 51 68 69 70 71 117 118 119 120 121 
38 39 70 71 72 118 119 120 121 122 123 
32 42 73 124 125 126 127 128 129 130 131 132 133 
32 41 75 76 77 134 135 136 
28 29 44 53 80 143 144 1 2 
28 29 43 53 80 144 1 2 
27 30 33 34 54 55 56 84 85 86 87 3 4 5 
27 47 89 90 91 92 93 12 13 15 
27 46 57 58 91 92 93 94 95 15 16 17 18 19 
49 60 61 100 101 
48 60 61 100 101 
31 38 51 67 68 69 113 114 115 116 
31 38 39 50 68 70 116 118 
28 78 137 138 
28 29 43 44 80 144 1 2 
27 30 33 34 45 55 56 84 85 86 87 3 4 5 
27 33 45 54 56 88 6 
27 30 34 45 54 55 87 88 6 
27 35 47 58 94 95 18 19 20 21 
27 35 47 57 95 19 20 21 22 23 
96 97 98 22 24 
36 48 49 61 100 101 
36 48 49 60 102 103 
36 37 63 64 104 105 106 
36 37 62 64 104 105 106 
36 37 62 63 104 105 106 
107 108 
31 109 111 112 
31 50 113 114 
31 38 39 50 51 69 116 
31 38 39 50 51 68 116 117 
38 39 40 51 71 118 119 120 121 
38 39 70 72 120 121 122 
40 71 122 123 
32 41 74 125 127 128 129 131 132 133 
41 73 127 128 129 130 131 132 133 
32 42 76 
32 42 77 134 135 
42 76 135 136 
28 32 52 137 
28 52 137 138 
28 29 43 44 53 140 141 142 144 1 
29 33 81 82 83 
33 83 84 3 
33 81 82 84 3 
33 34 45 54 82 83 85 86 3 
33 34 45 83 84 3 4 5 
33 34 45 54 84 85 3 4 5 
27 30 34 45 54 55 56 88 
27 30 34 55 56 87 
27 30 46 90 10 11 12 13 14 
27 30 46 89 12 13 14 
27 46 47 92 93 94 15 16 17 
27 46 47 93 94 15 16 17 
27 46 47 91 92 94 15 16 17 18 
27 47 57 91 92 93 15 17 18 
27 47 57 58 19 20 
35 59 97 98 24 
35 59 96 98 99 24 
35 59 96 97 99 24 25 
35 98 25 26 
49 60 101 
48 49 60 100 
36 60 61 
36 61 102 
36 62 63 64 105 
36 37 62 63 64 104 
36 37 62 63 64 104 105 
37 65 109 
65 107 
66 107 108 110 111 
66 109 111 
66 109 110 112 
31 66 111 
31 50 114 115 
31 50 67 113 115 
31 50 67 113 114 
31 38 50 51 68 69 117 
38 39 51 68 69 116 
38 39 40 51 70 119 120 
38 39 40 70 118 120 121 
38 40 70 71 118 119 121 
38 39 40 70 71 118 119 120 
40 71 72 
40 72 124 
41 123 125 126 127 
41 73 124 126 127 128 129 130 
41 124 125 127 128 129 130 
41 73 74 124 125 126 128 129 130 131 132 
41 73 74 126 127 129 130 131 132 
41 73 125 126 127 128 130 131 132 
41 73 74 125 126 127 128 129 131 132 
41 73 74 127 128 129 130 132 
41 73 74 128 129 130 131 
32 41 73 74 
32 42 75 76 
32 42 76 77 136 
32 42 77 135 
28 52 78 79 
28 52 79 
28 140 141 
28 80 139 141 142 
80 139 142 
28 80 141 143 
29 43 80 142 144 
28 29 43 44 53 80 1 

