64 492
58 19 14 16 17 18 23 24 25 
59 47 48 49 50 51 52 57 54 53 37 38 39 
13 4 12 
13 3 
20 43 6 7 
15 20 21 43 5 7 60 61 
15 20 21 5 6 8 60 61 
15 20 21 44 7 10 60 61 62 
15 20 21 44 8 10 60 61 62 
15 21 44 8 9 11 62 63 
15 21 44 10 63 64 
13 3 4 
1 3 4 12 14 16 
1 13 16 23 
20 21 43 44 5 6 8 9 10 11 60 61 62 63 52 
1 17 23 
1 14 16 23 
1 19 24 25 26 27 28 29 
1 18 24 25 26 
15 21 43 44 5 6 7 8 9 60 61 62 52 
15 20 44 6 7 8 9 10 11 60 62 63 
47 46 30 31 32 33 
1 14 16 17 
1 19 18 26 
1 19 18 24 26 
18 24 25 27 28 29 
18 26 28 29 
18 26 27 29 
18 26 27 28 30 
18 46 22 29 32 
22 30 32 
46 22 30 31 33 
47 46 22 56 32 34 
58 56 55 33 
58 59 47 48 55 57 
58 59 47 55 57 35 
58 59 2 49 50 38 
58 59 2 50 51 53 37 39 41 42 
58 59 2 50 51 52 38 40 41 42 
58 50 51 53 38 39 41 42 
50 51 52 53 38 39 40 42 
58 51 52 53 38 39 40 41 
15 20 5 6 43 51 52 53 45 
15 20 8 9 10 11 60 62 63 64 
43 58 51 52 53 
47 22 31 32 33 
58 59 2 48 46 22 56 55 57 33 34 35 36 
58 59 2 47 49 55 57 54 35 36 
58 59 2 48 50 54 37 
58 59 2 49 51 52 38 39 40 41 42 
43 58 59 2 50 52 53 38 39 40 41 42 45 
43 5 58 59 2 50 51 53 39 41 42 45 
43 58 59 2 50 51 52 38 39 40 41 42 45 
58 59 48 49 
58 59 47 48 56 57 34 35 36 
58 59 47 55 33 34 
58 59 2 47 48 55 35 36 
15 20 21 43 59 1 2 47 48 49 50 51 52 56 55 57 54 53 34 35 36 37 38 39 40 41 42 45 
58 2 47 48 50 51 52 56 55 57 54 53 35 36 37 38 39 
15 20 21 44 6 7 8 9 61 62 
15 20 21 6 7 8 9 60 62 
15 20 21 44 8 9 10 60 61 
15 21 44 10 11 64 
44 11 63 

