217 1621
2 6 7 11 19 20 21 22 23 76 77 78 79 140 141 142 143 144 146 147 148 149 
1 11 12 22 23 24 25 26 80 81 152 153 154 155 156 157 158 159 160 
8 14 27 45 47 48 49 50 88 89 90 91 92 182 183 
5 10 34 35 63 109 110 111 112 113 114 115 116 117 
4 10 35 36 63 109 110 111 112 113 114 115 116 117 118 119 
1 7 18 19 38 39 40 72 73 74 75 129 130 131 132 133 
1 6 11 18 19 74 75 131 132 133 134 135 136 137 138 
3 12 13 45 46 86 87 170 171 173 174 175 176 177 
15 16 29 30 31 55 56 57 58 100 101 102 103 197 198 199 200 201 202 203 204 205 206 207 
4 5 36 63 64 109 110 111 112 113 114 115 116 117 118 119 120 121 
1 2 7 19 20 21 76 77 78 79 144 145 146 147 148 
2 8 41 42 43 44 83 84 85 86 164 165 166 167 168 169 170 
8 45 46 47 48 88 178 180 181 
3 15 28 50 51 52 53 93 94 95 96 97 98 99 187 188 189 190 191 
9 14 28 52 53 54 98 99 100 191 192 193 194 
9 31 32 33 59 60 61 103 104 105 106 107 210 211 212 213 214 215 216 217 
37 67 68 69 70 125 126 127 
6 7 37 38 39 40 71 72 73 129 130 
1 6 7 11 20 76 135 136 137 138 139 140 141 142 143 
1 11 19 21 76 77 144 145 146 147 
1 11 20 77 78 79 147 148 
1 2 23 24 80 81 150 151 152 
1 2 22 24 80 81 152 153 
2 22 23 80 81 152 153 154 155 
2 26 156 157 158 159 160 
2 25 157 158 159 160 161 
3 50 92 93 183 
14 15 51 52 53 96 97 98 99 190 191 192 
9 30 31 55 56 57 58 100 101 102 197 199 200 201 202 203 204 205 
9 29 31 55 56 57 58 101 102 203 204 205 206 
9 16 29 30 103 205 206 207 208 209 210 
16 33 59 60 61 105 106 107 213 214 215 216 217 
16 32 59 60 61 216 217 
4 35 62 108 
4 5 34 62 108 
5 10 63 64 65 66 120 121 122 123 124 
18 38 70 71 127 128 
6 18 37 39 40 71 72 128 
6 18 38 40 71 72 73 
6 18 38 39 72 73 129 
12 42 43 82 83 84 85 163 164 
12 41 43 82 83 84 85 163 164 
12 41 42 82 83 84 85 163 164 165 
12 86 164 165 166 167 168 169 
3 8 13 47 48 88 89 90 178 179 180 181 
8 13 45 47 89 178 179 180 181 
3 13 45 46 48 88 89 90 180 181 182 
3 13 45 47 88 89 182 
3 27 92 183 
3 14 27 51 93 94 95 185 186 187 
14 28 94 95 96 187 188 189 190 
14 15 28 53 97 98 99 190 191 
14 15 28 52 54 98 99 191 192 
15 53 193 194 195 
9 29 30 56 57 58 101 102 197 199 200 201 202 203 204 
9 29 30 55 57 58 101 102 199 200 201 202 203 
9 29 30 55 56 58 101 102 201 202 203 204 
9 29 30 55 56 57 101 102 203 204 
16 32 33 60 105 106 107 211 212 213 214 215 216 
16 32 33 59 104 105 106 107 213 214 215 216 
16 32 33 217 
34 35 108 
4 5 10 36 116 117 118 119 120 
10 36 65 66 122 123 124 
36 64 66 122 123 124 
36 64 65 67 122 123 124 
17 66 
17 69 125 126 
17 126 127 
17 37 128 
18 37 38 39 72 128 
6 18 39 40 
6 18 39 40 129 130 
6 7 75 130 
7 74 131 132 
1 11 19 77 143 144 145 
1 11 20 21 76 144 145 146 147 
1 11 21 79 148 149 
1 11 78 148 149 
2 24 81 152 
2 22 23 24 80 152 153 
41 42 43 83 162 163 82 
12 41 42 43 82 84 85 163 
12 41 42 43 83 85 164 165 
12 41 42 43 83 84 164 165 
8 12 44 87 170 171 
8 86 170 171 172 173 174 
3 13 45 46 47 48 89 90 180 181 
3 45 46 47 48 88 181 
3 45 47 48 88 89 181 
3 182 
3 27 49 
14 27 50 94 184 185 186 
14 50 51 93 95 96 187 188 189 
14 50 51 94 96 187 188 189 
14 28 51 94 95 97 187 188 189 190 
14 28 52 96 190 
14 15 28 52 53 99 191 192 
14 15 28 52 53 98 191 192 
9 29 195 196 197 198 199 200 
9 29 30 55 56 57 58 199 201 202 203 
9 29 30 55 56 57 58 203 204 205 
9 16 31 104 208 209 210 211 212 
16 59 60 103 105 106 107 210 211 212 213 
16 32 59 60 104 106 107 211 212 213 214 
16 59 60 104 105 107 213 214 215 216 
16 32 59 60 104 105 106 213 214 215 216 
34 35 62 108 
4 5 10 110 111 112 113 114 
4 5 10 109 111 112 113 114 
4 10 109 110 112 113 114 115 
4 5 10 110 111 113 114 115 
5 10 109 110 111 112 114 115 
4 5 10 109 110 111 112 115 116 
4 5 10 111 113 114 116 
4 5 10 63 114 115 117 
4 5 10 63 116 118 
5 10 63 117 119 
10 63 118 120 
10 36 63 119 121 
10 36 120 
36 64 65 66 123 124 
36 65 66 122 124 
36 64 65 66 122 123 
17 68 69 
17 68 69 125 127 
17 37 69 126 
37 38 70 71 
6 73 130 
6 18 74 129 
6 7 75 132 133 
6 7 75 131 133 134 
131 134 
7 132 133 
7 19 136 137 138 139 
19 135 137 138 139 
7 19 135 136 138 139 140 
7 19 135 136 137 139 140 
19 135 136 137 138 140 141 142 
1 19 137 138 139 141 142 143 
1 19 139 140 142 143 
1 19 139 140 141 143 
1 19 76 140 141 142 
1 11 20 76 77 145 
1 11 20 76 77 144 146 
1 11 20 21 77 145 147 
1 11 20 21 77 146 
1 11 21 78 79 149 
1 78 79 148 
22 151 
22 150 
2 22 23 24 80 
2 23 24 154 155 
155 156 
24 153 154 
2 25 154 155 
2 26 158 159 
2 25 26 157 159 
2 25 26 157 158 160 
2 25 26 159 161 
26 160 162 
82 161 
41 42 43 82 83 
12 41 42 44 84 85 165 166 
12 43 44 84 85 164 166 
12 44 164 165 167 
12 44 166 168 169 
12 44 167 
12 44 167 168 
8 12 86 87 
8 86 87 172 173 174 
8 87 171 173 174 
8 87 171 172 174 
8 87 171 172 173 
8 176 177 
8 175 177 
8 175 176 
13 45 46 179 180 
13 45 46 88 178 180 181 
13 45 46 88 178 179 
13 46 47 88 89 90 179 180 
3 47 48 91 
3 27 49 
50 93 185 186 
50 93 184 186 
50 93 184 185 
14 50 51 94 95 96 188 189 
14 51 94 95 96 187 189 
14 51 94 95 187 188 
14 28 51 52 96 97 
14 15 28 52 53 98 99 192 
15 28 53 98 99 191 
15 54 194 195 
15 54 193 195 
15 54 100 193 196 
100 195 
9 29 55 100 198 199 200 201 202 
9 100 197 199 200 201 
9 29 55 56 100 101 197 198 200 201 202 
9 29 55 56 100 197 198 199 201 202 
9 29 55 56 57 101 197 198 199 200 202 
9 29 55 56 57 101 197 199 200 201 
9 29 30 55 56 57 58 101 102 204 
9 29 30 55 57 58 102 203 
9 29 30 31 102 206 
9 30 31 205 206 207 
9 31 206 208 
103 207 209 210 
31 103 208 
16 31 103 104 208 211 212 
16 59 103 104 105 210 
16 59 104 105 210 211 
16 32 59 60 104 105 106 214 215 216 
16 32 59 60 105 106 107 213 215 216 
16 32 59 60 106 107 213 214 216 
16 32 33 59 60 106 107 213 214 215 
16 32 33 61 

