173 1207
81 82 95 96 109 172 173 
81 82 95 96 109 110 129 130 
82 96 109 110 129 130 131 
97 111 132 133 
97 98 99 134 
98 99 112 135 7 
112 135 6 8 9 
86 112 135 136 7 10 
86 112 135 136 7 8 10 
86 112 136 8 9 
86 136 12 
86 113 11 
86 113 
113 114 16 
114 14 16 17 
114 14 15 17 18 
114 15 16 18 19 
16 17 19 
137 17 18 20 
137 19 
83 137 21 
83 115 138 139 23 24 25 26 
83 115 138 22 24 25 26 
83 115 138 139 22 23 25 26 
83 115 138 23 24 26 
83 115 138 139 22 23 24 25 27 
83 115 139 26 28 29 
80 83 116 139 27 29 30 
83 116 139 27 28 30 
83 116 28 29 31 
80 83 116 117 118 30 32 33 34 35 
80 83 116 117 118 31 33 34 35 
80 83 116 117 118 31 32 34 35 
80 83 116 117 31 32 33 35 
80 83 116 117 118 31 32 33 34 
80 117 118 119 140 
80 120 141 38 39 40 
80 141 37 
80 120 38 40 
80 87 120 37 38 39 41 42 
80 87 100 120 40 42 
80 87 120 40 41 
80 87 100 142 44 
80 87 100 142 43 
80 87 88 100 142 46 
80 87 88 100 45 
80 88 144 
121 145 146 49 50 
121 145 146 48 50 
121 146 48 49 51 
121 146 147 50 52 
147 51 
89 147 54 55 
84 89 53 55 56 
89 148 53 54 56 
84 89 54 55 57 58 
84 89 56 58 59 
84 89 57 59 60 
84 89 57 60 61 
84 89 149 57 58 59 61 
84 89 149 59 60 
84 101 102 103 152 153 154 63 
102 103 154 62 64 
85 103 104 155 63 65 
85 104 154 155 64 
85 104 122 67 
85 90 122 66 68 
85 122 67 
158 70 
106 69 71 
106 159 70 72 
106 159 71 
91 92 106 160 161 74 75 76 
91 92 106 160 161 73 75 76 
91 92 106 160 161 73 74 76 77 
91 92 106 73 74 75 77 
91 92 93 161 75 76 
93 125 162 
127 163 164 
83 86 87 88 89 100 115 116 117 118 119 120 121 138 139 140 141 142 143 144 145 28 30 31 32 33 34 35 36 37 38 39 40 41 42 43 44 45 46 47 
82 94 95 96 107 108 109 110 128 129 165 166 167 168 169 170 171 172 173 1 2 
81 94 95 96 97 107 108 109 110 111 129 130 131 132 171 172 173 1 2 3 
80 115 116 117 118 119 138 139 21 22 23 24 25 26 27 28 29 30 31 32 33 34 35 
80 85 101 102 103 148 149 150 151 152 153 54 56 57 58 59 60 61 62 
84 90 101 102 103 104 105 122 154 155 156 64 65 66 67 68 
80 112 113 114 135 136 8 9 10 11 12 13 
80 88 100 120 142 143 144 40 41 42 43 44 45 46 
80 100 121 142 143 144 145 45 46 47 
80 84 101 102 147 148 149 150 53 54 55 56 57 58 59 60 61 
85 103 104 105 122 123 155 156 66 67 68 
92 106 125 159 160 161 73 74 75 76 77 
91 93 125 159 160 161 73 74 75 76 77 
91 92 106 125 161 162 77 78 
81 82 95 96 107 108 128 169 171 172 
81 82 94 96 108 109 129 171 172 173 1 2 
81 82 94 95 109 110 129 130 131 172 1 2 3 
82 98 99 111 132 133 134 4 5 
97 99 112 133 134 5 6 
97 98 112 134 5 6 
80 87 88 120 142 143 41 42 43 44 45 46 
84 85 89 102 103 149 150 151 152 153 62 
84 85 89 101 103 104 150 151 152 153 154 62 63 
84 85 90 101 102 104 153 154 155 62 63 64 65 
85 90 102 103 122 154 155 64 65 66 
85 90 122 123 156 157 68 
91 92 93 160 161 70 71 72 73 74 75 76 
81 82 94 108 128 166 167 168 169 170 
81 82 95 107 170 171 172 
82 95 96 110 129 130 131 1 2 3 
81 82 96 109 129 130 131 2 3 
82 97 132 133 4 
86 98 99 135 136 6 7 8 9 10 
86 12 13 14 
86 113 14 15 16 17 18 
80 83 138 139 22 23 24 25 26 27 
80 83 117 118 29 30 31 32 33 34 35 
80 83 116 118 119 140 31 32 33 34 35 36 
80 83 116 117 119 140 31 32 33 34 35 
80 83 117 118 140 141 36 
80 87 100 141 37 38 39 40 41 42 
80 88 145 146 48 49 50 51 
90 104 105 66 67 68 
90 105 124 156 123 
123 158 124 
91 92 93 126 162 78 
125 162 163 
164 79 127 
81 94 107 165 166 167 168 169 
82 95 96 109 110 130 131 2 3 
82 96 109 110 129 131 2 3 
96 109 110 129 130 3 
82 97 111 
98 111 4 
97 98 99 5 
86 112 6 7 8 9 
86 112 8 9 10 11 
19 20 21 
80 83 115 139 22 23 25 26 
80 83 115 138 22 24 25 26 27 28 29 
80 117 118 119 36 
80 119 120 140 37 38 
80 87 88 100 43 44 45 
80 87 88 100 46 47 
80 87 88 143 47 
80 88 121 146 48 49 
121 145 48 49 50 51 
89 148 51 52 53 
84 89 147 53 54 55 56 
84 89 59 60 61 
84 89 101 102 151 152 
84 101 102 150 152 
84 101 102 150 151 153 62 
84 101 102 103 152 62 
85 102 103 104 155 62 63 64 65 
85 90 103 104 154 64 65 
85 90 105 123 157 
105 123 156 
124 69 
91 92 106 71 72 
91 92 106 161 73 74 75 
91 92 93 106 160 73 74 75 76 77 
125 126 78 
126 79 
127 79 
81 166 
81 107 128 165 167 168 
81 107 128 166 169 
81 107 128 166 169 
81 94 107 128 167 168 
81 94 107 171 
81 82 94 108 170 
81 82 94 95 96 108 173 1 
81 82 95 172 1 

