45 317
5 10 11 12 17 18 19 45 33 34 35 36 37 38 
9 13 14 15 3 41 22 20 23 
9 13 14 15 16 2 23 21 24 
9 14 15 16 42 31 
10 11 12 45 37 38 
9 17 7 42 43 44 25 26 27 28 29 30 
17 6 43 44 27 29 30 
17 18 39 40 
13 14 15 16 17 2 3 4 6 7 42 43 44 21 31 32 25 26 27 
5 11 37 38 
5 10 12 
5 11 
9 14 15 2 3 41 22 20 23 
9 13 15 16 2 3 4 41 23 21 24 
9 14 16 2 3 4 23 21 24 
9 14 15 3 31 
18 1 6 7 8 29 39 33 
5 10 17 19 1 8 45 40 33 34 35 36 37 38 
5 10 11 12 17 18 1 45 33 34 35 36 37 38 
13 2 
9 14 15 3 23 24 
13 20 
13 14 15 2 3 21 24 
14 23 21 
9 6 42 26 
9 6 42 25 27 
9 6 7 42 43 44 26 28 
6 7 43 44 27 29 
17 6 7 43 44 28 30 
6 7 43 44 29 
9 16 4 42 32 
9 4 42 31 
18 19 45 34 35 36 
18 19 1 45 33 35 36 
18 19 1 45 33 34 36 37 
18 19 45 33 34 35 37 
10 18 19 1 35 36 38 
10 18 19 1 45 37 
17 8 40 
17 18 8 39 
13 14 2 20 23 
9 4 6 31 32 25 26 27 
9 6 7 44 27 28 29 30 
9 6 7 43 27 28 29 30 
5 10 18 19 1 33 34 35 36 37 38 

