25 208
10 11 12 13 14 5 6 7 8 20 21 22 23 
10 11 14 9 24 25 2 
10 4 5 16 17 18 
10 12 3 17 18 
10 11 12 1 3 6 7 19 20 
10 11 12 1 5 8 19 20 21 
10 11 12 13 14 1 5 6 8 20 21 22 
10 11 13 14 1 6 7 20 21 22 
10 11 14 2 23 24 
11 12 13 14 1 2 3 4 5 6 7 8 9 19 20 21 22 23 
10 12 13 14 1 2 5 6 7 8 9 19 20 21 22 23 
10 11 1 3 4 5 6 7 15 16 17 18 19 20 
10 11 12 14 1 5 6 7 8 19 20 21 22 23 
10 11 13 1 2 7 8 9 22 23 24 
3 16 17 
12 15 
12 3 4 15 18 
12 3 4 17 
10 11 12 13 5 20 
10 11 12 13 1 5 6 7 8 19 21 
10 11 13 1 6 7 8 20 22 
11 13 14 1 7 8 21 
10 11 13 14 1 9 
2 9 25 
2 24 

