48 308
16 6 8 9 38 
15 4 3 37 
16 2 4 5 7 6 8 38 39 
16 2 3 37 
16 3 7 6 8 39 
16 1 3 5 7 8 38 39 40 
16 3 5 6 8 38 39 
16 1 3 5 7 6 38 39 40 
16 1 10 11 13 41 42 
9 11 13 41 42 
9 10 13 41 
13 41 42 12 
9 10 12 42 
15 19 43 44 45 46 47 23 21 22 28 29 30 31 
14 16 48 2 32 33 34 35 36 15 
15 1 2 4 3 5 6 8 9 37 38 39 40 
19 18 24 25 26 27 
19 17 25 26 27 
14 43 44 45 17 18 20 24 25 26 27 28 
14 19 43 44 45 21 22 28 29 
14 43 44 45 46 20 22 28 29 
14 43 44 45 46 21 28 29 
14 45 46 47 30 31 
17 25 
19 17 18 24 26 
19 17 18 25 
19 17 18 
14 19 43 44 45 20 21 22 29 
14 43 44 45 20 21 22 28 
14 46 47 23 31 
23 30 
14 15 
15 48 34 
15 48 33 
15 36 
15 2 35 37 
16 2 4 36 
16 1 3 5 7 6 8 39 40 
16 3 5 7 6 8 38 40 
16 6 8 38 39 
9 10 11 12 42 
11 13 12 41 
14 19 44 45 46 20 21 22 28 29 
14 19 43 45 46 47 20 21 22 28 29 
14 19 43 44 46 47 23 20 21 22 28 29 
14 43 44 45 47 23 21 22 30 
14 43 44 45 46 23 30 
15 33 34 

