83 645
10 25 26 46 47 48 83 2 
10 27 28 48 1 3 
10 27 28 29 47 48 49 2 
10 27 28 29 48 49 50 51 
12 30 53 
12 19 30 54 55 
12 14 19 20 58 8 
12 14 58 7 
58 8 
11 12 17 18 25 26 27 28 29 30 42 44 45 46 47 48 49 50 51 52 78 79 80 81 82 83 1 2 3 4 
10 13 17 18 24 25 26 41 42 43 44 45 46 73 74 75 76 77 79 
10 14 19 20 30 53 54 55 56 57 58 5 6 7 8 
11 16 17 23 24 36 37 38 39 40 66 67 68 69 70 71 
12 19 20 30 54 55 56 57 58 7 8 9 
21 31 32 33 34 35 59 60 61 62 63 
13 21 22 36 37 65 66 67 68 69 
10 11 13 18 24 41 42 43 74 75 76 77 
10 11 17 25 42 43 44 45 77 78 
12 14 20 30 54 55 56 57 58 6 7 
12 19 30 54 55 57 58 7 
15 16 22 35 63 
16 21 36 64 65 
24 37 38 39 70 71 72 
11 13 17 23 41 71 72 74 75 76 
10 11 18 26 27 44 45 46 47 79 80 81 83 1 
10 11 25 44 45 46 47 79 80 81 82 83 1 
10 25 28 29 47 48 49 50 51 2 3 4 
10 29 47 48 49 50 51 2 3 4 
10 27 28 48 49 50 51 3 4 
10 12 14 19 20 53 54 55 5 6 
15 32 33 34 60 61 
15 31 33 34 59 60 61 
15 31 32 34 59 60 61 
15 31 32 33 35 61 62 63 
15 21 34 62 63 35 
13 16 22 64 65 66 67 
13 16 23 38 68 69 70 
13 23 37 39 40 
13 23 38 70 71 72 
23 38 39 70 71 72 
11 17 24 72 73 74 75 76 
11 17 18 43 77 
11 17 18 42 
10 11 18 25 26 45 78 79 80 
10 11 18 25 26 44 46 79 80 81 82 83 
10 25 26 45 47 79 80 81 82 1 
10 25 26 27 28 48 49 1 2 3 
10 25 27 28 47 49 1 2 3 
10 27 28 29 47 48 3 4 
10 27 28 29 49 51 52 4 
10 27 28 29 50 52 4 
10 50 51 
52 5 
12 14 19 20 30 55 56 57 
12 14 19 20 30 54 56 57 6 
12 14 19 20 54 55 57 
12 14 19 20 54 55 56 
12 14 19 20 7 8 9 
15 31 32 33 60 
31 32 33 59 61 
15 31 32 33 34 60 
15 34 35 63 
15 21 34 35 62 
16 22 36 65 
16 22 36 64 
13 16 36 67 68 
13 16 36 66 68 
13 16 36 66 67 69 
13 16 37 68 
13 23 37 38 39 40 
13 23 24 39 40 72 
23 24 39 40 41 71 
17 24 41 74 75 
11 24 41 73 75 
11 17 24 41 73 74 76 
11 17 24 41 75 
11 17 42 43 
11 18 42 43 44 
10 11 25 26 44 45 46 80 81 82 83 
10 25 26 44 45 46 81 82 83 
10 25 26 45 46 79 80 82 83 
10 25 26 45 46 80 81 83 
10 25 45 46 79 80 81 82 1 

