58 502
9 30 24 44 
9 7 31 4 
5 6 9 7 10 11 31 45 46 3 35 36 25 26 56 57 49 
9 7 31 2 
3 6 10 11 12 35 36 37 38 39 40 18 19 20 21 49 50 51 52 
3 5 10 11 12 35 36 37 38 39 40 18 19 20 21 49 50 51 52 
3 9 31 45 46 25 26 2 4 47 48 54 55 56 
9 27 28 29 30 14 15 13 16 17 32 33 34 41 42 58 43 44 
3 8 7 30 31 45 46 24 25 26 1 2 4 47 48 54 55 
3 5 6 11 35 36 37 
3 5 6 10 35 36 37 38 39 18 49 50 51 52 
5 6 40 23 53 
8 27 28 29 14 15 32 33 34 41 
8 27 15 13 14 
8 27 14 13 
8 27 30 17 42 58 43 
8 29 30 16 43 44 
5 6 11 37 38 39 40 19 51 52 
5 6 38 39 40 18 20 52 
5 6 39 40 19 21 
5 6 40 20 22 
12 40 20 21 
12 53 
30 31 44 1 
3 9 7 45 46 26 47 54 55 56 
3 9 7 45 46 47 48 54 55 56 
8 28 29 14 15 13 16 32 33 34 41 42 58 
8 27 29 13 16 32 33 34 41 42 58 43 
8 27 28 13 16 17 32 33 34 41 42 58 43 
8 9 16 17 24 43 1 
3 9 7 45 24 2 4 47 
8 27 28 29 15 13 33 34 41 
8 27 28 29 13 32 34 41 
8 27 28 29 13 32 33 41 42 
3 6 10 11 36 49 
3 5 6 10 11 35 37 50 51 
5 6 10 11 36 38 39 18 49 50 51 52 
5 37 39 18 52 
5 6 11 37 38 40 18 19 20 51 52 
5 6 12 18 19 20 21 22 
8 27 28 29 13 32 33 34 
8 27 28 29 16 34 58 43 
8 28 29 30 16 17 42 58 
8 30 17 24 1 
3 9 7 31 46 25 26 47 48 54 55 56 57 
3 9 7 45 25 26 47 48 54 55 56 57 
9 7 31 45 46 25 26 4 48 54 55 
9 7 45 25 26 47 54 55 
3 5 6 10 11 35 36 37 
5 6 11 36 37 51 
5 6 11 36 37 38 39 18 50 52 
5 6 11 37 38 39 18 19 51 
12 23 
9 7 45 46 25 26 47 48 55 
9 7 45 46 25 26 47 48 54 56 
7 45 46 25 26 55 
3 45 
8 27 29 42 

