28 190
9 27 28 14 
26 4 10 3 8 5 18 19 20 21 
2 9 10 8 14 15 16 17 18 19 
10 11 5 4 
26 2 4 10 21 
26 11 12 7 22 23 24 25 
11 12 6 23 24 25 
2 9 10 3 17 18 19 20 
2 10 27 28 1 3 8 13 14 15 16 17 18 19 
26 2 4 3 8 5 18 19 20 21 
26 4 12 7 22 23 24 25 
26 11 6 7 22 23 24 25 
9 28 1 14 
9 1 3 13 15 16 17 18 
9 3 14 16 17 18 
9 3 14 15 17 18 
9 3 8 15 16 18 19 
2 9 10 3 8 14 15 16 17 19 
2 10 3 8 17 18 
26 2 10 8 5 21 
26 2 5 20 
26 11 23 
11 12 6 7 22 24 
11 12 6 7 23 25 
11 12 6 7 24 
2 4 10 11 12 5 6 20 21 22 
9 28 1 13 
9 27 1 13 

