85 570
27 38 53 83 84 85 2 3 
27 38 53 83 84 85 1 3 4 
38 53 83 84 85 1 2 4 
27 38 53 54 2 3 5 6 7 
27 38 54 4 6 7 
27 38 54 4 5 7 
27 38 54 4 5 6 8 
27 38 39 54 55 6 7 9 10 11 
38 39 54 55 7 8 10 11 
38 54 55 8 9 11 
39 40 55 8 9 10 
39 40 55 56 13 
40 56 12 14 15 
56 13 15 
56 13 16 
33 15 17 18 
33 57 16 18 
33 57 16 17 
33 41 57 
41 42 59 60 
41 42 59 60 20 
60 61 23 24 
61 22 
61 62 22 25 26 
61 62 24 
61 62 24 25 
28 32 37 38 39 40 52 53 54 55 80 81 82 83 84 85 1 2 3 4 5 6 7 8 
27 30 32 37 48 49 50 51 52 75 76 77 78 79 80 81 
30 31 34 35 36 46 47 66 67 68 69 70 71 
28 29 31 35 36 47 48 67 68 69 70 71 72 73 74 
29 30 34 35 45 46 47 64 65 66 
27 37 52 80 81 82 
41 42 57 58 59 16 17 18 19 
29 31 35 43 44 45 64 65 66 
29 30 31 34 46 47 66 
29 30 48 67 68 69 70 71 72 73 74 
27 28 32 52 79 80 81 82 
27 39 53 54 55 83 84 85 1 2 3 4 5 6 7 8 9 10 
27 38 40 54 55 56 8 9 10 11 12 
27 39 55 56 11 12 13 
33 42 58 59 60 19 20 21 
33 41 58 59 60 20 21 
34 44 45 63 64 
34 43 45 63 64 65 
31 34 43 44 63 64 65 
29 31 34 35 66 
29 30 31 35 67 68 
28 30 36 49 50 73 74 75 76 
28 48 50 75 76 
28 48 49 76 
77 78 
27 28 32 37 80 81 82 
27 38 54 83 84 85 1 2 3 4 
27 38 39 53 3 4 5 6 7 8 9 10 
27 38 39 40 8 9 10 11 12 
39 40 12 13 14 15 
58 17 18 19 
41 42 57 19 
33 41 42 60 20 21 
41 42 59 20 21 22 
62 22 23 24 25 26 
61 24 25 
43 44 45 64 
31 34 43 44 45 63 65 
31 34 44 45 64 
29 31 34 35 46 
29 30 36 47 68 69 70 71 
29 30 36 47 67 69 70 71 
29 30 36 67 68 70 71 
29 30 36 67 68 69 71 
29 30 36 67 68 69 70 
30 36 73 74 
30 36 48 72 74 
30 48 73 
28 48 49 50 76 
28 48 49 75 
28 51 
51 78 79 
28 37 78 
27 28 32 37 81 82 
27 28 32 52 80 82 
27 32 37 52 80 81 
27 38 53 84 85 1 2 3 
38 53 83 85 1 2 3 
27 38 53 83 84 1 2 3 

