226 1920
2 3 5 10 11 12 13 14 15 16 22 23 24 25 26 27 28 29 30 31 32 33 34 54 55 56 57 58 59 60 61 62 63 64 65 66 67 68 69 70 71 72 73 74 75 76 77 78 111 112 113 114 115 116 117 118 119 120 121 122 123 124 125 126 127 128 129 130 131 132 133 134 135 136 137 138 139 140 141 142 143 144 145 146 147 148 149 
1 10 22 23 25 54 55 56 57 58 59 60 2 111 112 113 114 115 116 117 118 119 
1 6 7 8 9 20 21 45 47 48 49 50 51 52 53 96 97 98 99 100 101 102 103 200 201 202 203 204 205 206 207 208 209 210 211 212 213 214 215 
3 6 7 19 41 42 43 44 89 90 91 92 93 185 186 187 188 189 190 191 192 193 194 
1 16 35 36 37 82 83 84 171 172 173 174 175 
3 4 7 19 41 42 43 44 45 91 92 93 94 188 189 190 191 192 193 194 195 196 197 
3 4 6 41 42 43 45 46 93 94 189 190 191 192 193 194 195 196 197 198 
3 9 21 51 52 53 101 102 103 104 105 106 214 215 216 217 218 219 220 221 222 
3 8 53 105 106 107 108 109 110 219 221 222 223 224 225 226 
1 2 25 26 27 28 63 64 65 127 128 129 130 131 
1 12 66 67 68 132 133 134 135 137 138 139 
1 11 29 30 68 69 70 137 138 139 140 141 
1 14 32 33 74 75 76 77 149 151 152 153 154 155 156 
1 13 33 77 78 79 80 155 156 157 158 159 160 161 162 
1 34 81 164 165 167 168 169 170 
1 5 36 37 38 83 84 85 173 174 175 176 177 
18 38 39 40 85 86 87 88 178 179 180 181 
17 38 39 40 88 178 179 181 182 183 
4 6 41 89 90 91 92 184 185 186 187 
3 48 49 50 97 98 99 201 202 203 204 
3 8 51 100 101 206 207 208 209 210 211 212 213 214 
1 54 55 112 113 114 115 
1 2 24 57 58 59 
1 2 23 58 118 119 
1 2 10 26 27 62 63 123 124 125 126 127 
1 10 25 27 62 63 64 125 126 127 
1 10 25 26 28 63 64 127 128 129 
1 10 27 64 65 128 129 130 
1 11 66 67 132 133 134 135 136 137 
1 12 70 71 72 140 141 142 143 144 145 
32 71 72 73 74 75 76 145 146 147 148 149 150 
1 13 31 73 74 75 76 149 150 151 152 153 
1 13 77 78 79 155 156 157 158 159 160 
1 15 79 80 164 165 
5 36 171 172 
5 16 35 82 83 173 174 
5 16 36 83 84 85 175 176 177 
16 17 18 39 85 86 87 177 178 179 
17 18 38 40 88 179 180 181 182 
17 18 39 88 180 181 182 183 
4 6 7 19 42 91 92 188 189 190 191 192 
4 6 7 41 43 44 93 94 192 193 195 196 197 198 
4 6 7 42 44 45 46 93 94 95 193 194 195 196 197 198 
4 6 7 42 43 45 46 93 94 95 193 194 195 196 197 198 
3 6 7 43 44 46 47 94 95 198 199 
3 7 43 44 45 47 94 95 198 199 
3 45 46 95 96 97 199 200 
3 20 49 50 97 98 99 201 202 203 
3 20 48 50 98 99 201 202 203 204 
3 20 48 49 98 99 203 204 
3 8 21 52 100 101 102 103 208 209 210 211 212 213 214 215 216 
3 8 21 51 53 101 102 104 212 213 214 215 216 217 218 
3 8 9 52 103 104 105 106 218 219 220 221 
1 2 22 111 112 113 114 
1 2 22 56 115 116 117 
1 2 115 116 117 
1 2 23 117 
1 23 24 59 
1 2 23 24 58 118 
1 2 61 119 120 121 122 
1 60 122 123 
1 25 26 61 63 123 124 125 126 127 
1 10 25 26 27 62 123 124 125 126 127 
1 10 25 26 27 28 128 129 130 
1 10 28 66 130 131 132 
1 29 65 130 131 132 133 
1 11 29 133 135 137 
1 11 12 69 137 138 139 
1 12 68 70 138 139 140 
1 12 30 69 140 141 142 
1 30 31 72 145 146 147 148 
1 30 31 71 145 146 147 148 
1 31 32 74 75 76 148 149 150 
1 13 31 32 73 75 76 149 150 151 152 153 
1 13 31 32 73 74 76 149 150 151 152 153 
1 13 31 32 73 74 75 149 150 151 152 153 
1 14 33 78 154 155 156 
1 13 14 33 77 79 156 157 158 159 160 
14 33 34 78 80 158 159 161 162 163 
14 79 161 162 163 
15 166 167 168 169 170 
5 172 
5 16 36 37 84 174 175 176 
5 37 83 175 176 
16 17 38 86 87 178 
17 38 85 87 177 178 
17 38 85 86 177 
17 18 39 40 179 180 181 182 
4 19 89 184 
4 19 91 92 186 187 
4 6 19 41 90 92 187 188 
4 6 19 41 90 91 188 
4 6 7 42 43 44 94 193 194 195 196 197 198 
6 42 43 44 45 46 93 95 196 197 198 199 
43 44 45 46 47 94 198 199 
3 47 97 200 
3 20 47 48 96 200 201 
3 20 48 49 50 201 202 203 
3 20 48 49 50 204 205 
3 21 51 208 209 210 211 212 213 
3 8 21 51 52 102 103 212 213 214 215 216 217 
3 8 51 52 101 103 104 214 215 217 218 
3 8 51 52 53 101 102 104 214 215 216 217 218 
8 52 53 102 103 105 218 219 220 
8 9 53 104 106 218 219 220 221 
8 9 53 104 105 219 220 221 
9 108 109 110 222 223 224 225 226 
107 109 110 223 224 226 
9 107 108 110 225 226 
9 107 108 109 226 
1 2 54 112 113 
1 2 22 54 111 113 
1 2 22 54 111 112 114 
1 2 22 54 113 
1 2 22 55 56 116 
1 2 55 56 115 
1 2 55 56 57 
1 2 24 59 119 120 121 
1 2 24 60 118 120 121 
1 60 119 121 
1 60 118 119 120 122 
1 60 61 121 
1 25 61 62 63 124 125 
1 25 61 62 63 123 125 126 
1 25 26 62 63 123 124 126 127 
1 25 26 62 63 124 125 127 
1 10 25 26 27 63 125 126 
1 10 27 28 64 129 
1 10 27 28 64 128 
10 28 64 65 131 
1 10 28 65 66 130 
1 11 29 65 66 133 
11 29 66 67 132 134 135 
1 11 29 67 133 135 136 137 
1 11 29 67 133 134 136 137 
1 11 29 67 134 135 137 
1 11 12 29 67 134 135 136 138 
1 11 68 69 137 139 
1 11 12 68 69 138 
1 12 30 69 70 141 142 
1 30 70 140 142 
1 30 70 140 141 143 
1 30 142 144 
1 30 142 143 
1 30 31 71 72 146 147 
1 31 71 72 145 147 148 
1 31 71 72 73 146 148 
1 31 71 72 73 146 147 
1 13 31 32 73 74 75 76 150 151 152 
31 32 73 74 75 76 151 152 
13 32 74 75 76 149 150 152 153 
13 32 74 75 76 149 150 151 153 
13 32 74 76 152 154 
13 77 153 155 
13 14 33 77 154 156 
13 14 77 78 155 
14 33 78 158 159 160 
14 33 78 79 157 159 160 161 162 
14 33 78 79 157 158 160 161 162 
14 33 78 79 157 158 159 162 
14 79 80 159 162 
14 79 80 158 159 160 161 
34 80 
15 34 165 
15 34 166 
15 81 165 167 
15 81 166 
15 81 167 169 170 
15 81 168 
15 81 168 169 
5 35 82 172 
5 35 82 171 
5 16 36 174 
5 16 36 173 
5 16 37 83 84 176 
16 37 83 84 175 
16 37 38 85 86 87 
18 38 85 86 87 179 
17 18 38 39 88 178 180 181 
17 18 39 40 88 179 181 
17 18 39 40 88 179 180 
17 18 39 40 88 183 
18 40 182 
19 89 185 
19 89 184 
4 19 90 187 
4 19 90 91 186 
4 6 41 91 92 
4 7 41 191 192 
4 6 7 41 189 191 192 
4 6 7 41 189 190 192 
4 6 7 41 42 189 190 191 193 
4 6 7 42 43 44 93 192 194 195 196 
4 6 7 42 43 44 93 193 196 
6 7 42 43 44 93 193 194 196 197 
6 7 42 43 44 93 94 193 194 195 197 198 
6 7 42 43 44 93 94 195 198 
7 42 43 45 46 93 94 95 196 197 
45 46 47 94 95 
3 47 
3 49 97 98 202 203 
3 20 48 49 98 201 203 
20 48 49 50 98 201 202 
3 20 49 99 205 
3 99 204 206 
21 205 
3 21 206 208 
3 21 51 210 
3 21 51 100 208 210 211 
3 21 51 100 208 209 211 212 213 
3 21 51 100 209 210 212 213 
3 21 51 100 101 210 211 213 214 
3 21 51 52 100 101 210 211 212 214 215 
3 8 21 51 52 101 102 103 212 213 215 216 217 
3 8 51 52 101 102 103 213 214 216 217 
8 51 52 101 102 103 214 215 217 
8 52 101 102 103 214 215 216 
8 52 53 102 103 104 105 219 
8 9 53 104 105 106 218 220 221 
8 53 104 105 106 219 221 
8 9 53 105 106 219 220 
8 9 107 223 224 225 
9 107 108 222 224 225 
9 107 108 222 223 225 
9 107 108 109 222 223 224 226 
9 107 108 109 110 225 

