119 939
90 2 3 
68 90 1 3 4 
68 90 91 1 2 4 
68 90 91 2 3 
68 91 6 7 8 9 
68 91 5 7 8 9 
68 91 5 8 9 
68 91 5 6 7 9 
68 5 6 7 8 
67 92 11 12 
67 92 10 12 
67 69 92 10 11 
64 65 67 69 70 92 14 
64 65 67 69 70 13 
64 65 69 70 93 
64 17 
64 71 93 16 
71 95 19 20 21 22 
72 95 18 20 21 22 
95 18 19 21 22 
72 95 18 19 20 22 
95 96 18 19 20 23 
72 95 97 22 24 25 
66 72 95 96 97 23 25 
66 72 96 97 23 24 
62 66 73 98 99 27 
62 66 73 99 26 
62 73 100 101 29 
100 101 28 
62 74 102 31 
62 74 101 102 103 30 32 
62 74 75 102 103 31 
62 75 76 104 
62 63 77 78 106 107 108 36 
62 63 77 78 106 107 108 34 36 
62 63 77 78 107 108 34 35 37 38 
62 63 77 78 107 108 36 38 39 
62 63 77 78 107 108 36 37 39 
62 63 77 78 107 108 37 40 
62 63 39 41 
62 63 80 109 40 42 
62 63 79 81 109 41 
62 63 80 81 82 109 110 44 45 
62 63 79 80 81 82 109 110 43 45 46 
62 63 79 80 81 82 83 109 110 111 43 44 46 
63 79 80 81 82 83 110 111 44 45 
63 83 84 111 112 113 
63 85 86 113 49 50 
84 85 86 113 48 50 
84 85 113 114 48 49 51 
85 86 87 114 50 52 53 
85 86 87 114 115 51 53 
85 86 87 114 115 116 51 52 
87 115 116 117 118 55 
88 118 54 56 
88 89 118 55 
89 58 
119 57 
119 60 61 
119 59 61 
119 59 60 
63 64 65 66 72 73 74 75 76 77 78 79 80 81 82 83 84 85 86 98 99 100 101 102 103 104 105 106 107 108 109 110 111 112 26 27 28 29 30 31 32 33 34 35 36 37 38 39 40 41 42 43 44 45 
62 74 75 76 77 78 79 80 81 82 83 84 85 86 87 104 105 106 107 108 109 110 111 112 113 114 34 35 36 37 38 39 40 41 42 43 44 45 46 47 48 
62 65 67 69 70 71 92 93 94 13 14 15 16 17 
62 64 67 69 70 71 92 93 94 13 14 15 16 
72 73 95 96 97 98 99 23 24 25 26 27 
64 65 68 69 70 92 10 11 12 13 14 
67 90 2 3 5 6 7 8 9 
64 65 67 70 92 12 13 14 15 
64 65 67 69 93 13 
65 17 
62 66 95 96 97 18 19 21 22 23 24 25 
62 66 98 99 100 26 27 28 
62 75 76 101 102 103 30 31 32 
62 63 74 76 103 104 32 33 
62 63 74 75 104 105 33 
62 63 78 105 106 107 108 34 35 36 37 38 39 
62 63 107 108 34 35 36 37 38 39 
62 63 80 81 82 83 109 110 111 41 42 43 44 45 46 
62 63 79 81 82 83 110 41 42 43 44 45 46 
62 63 79 80 82 83 109 110 111 42 43 44 45 46 
62 63 79 80 81 83 109 111 112 43 44 45 46 
62 63 79 80 81 82 84 110 111 112 45 46 47 
62 63 83 85 86 111 112 113 47 49 50 
62 63 86 87 113 114 48 49 50 51 52 53 
62 63 84 87 113 114 115 48 49 50 51 52 53 
85 86 114 115 116 117 51 52 53 54 
89 118 55 56 
88 118 56 57 
68 91 1 2 3 4 
68 2 3 4 5 6 7 8 
65 67 68 69 10 11 12 13 
64 65 70 94 15 16 17 
64 65 71 93 16 17 
66 72 96 97 18 19 20 21 22 23 24 
66 72 95 97 22 23 24 25 
66 72 95 96 23 24 25 
62 66 73 26 
62 66 73 98 26 27 
73 101 28 29 
62 100 102 28 29 30 31 
62 74 101 103 30 31 32 
62 74 75 102 31 
62 63 75 76 105 33 
62 63 76 77 104 106 
62 63 77 105 34 35 
62 63 77 78 108 34 35 36 37 38 39 
62 63 77 78 107 34 35 36 37 38 39 
62 63 79 80 81 82 110 41 42 43 44 45 
62 63 79 80 81 82 83 109 43 44 45 46 
62 63 79 81 82 83 84 112 45 46 47 
62 82 83 84 111 113 47 
63 84 85 86 112 47 48 49 50 
63 85 86 87 115 116 51 52 53 
86 87 114 116 117 52 54 
86 87 114 115 53 54 
87 114 115 116 54 
88 89 54 55 56 
58 59 60 61 

