79 649
60 2 3 
60 61 1 3 4 
60 61 1 2 4 
60 61 2 3 
36 62 6 7 
62 5 7 
36 45 5 6 
36 37 45 46 47 48 
36 37 47 48 49 63 10 
36 37 47 48 63 9 
34 49 65 66 
34 65 66 67 11 
34 38 50 51 68 69 14 15 
34 38 50 51 68 69 13 15 16 
34 38 39 50 51 68 69 13 14 16 17 
34 38 39 50 51 68 69 14 15 17 
34 38 39 50 51 15 16 
34 38 39 51 70 17 
34 38 39 40 70 20 
38 39 40 70 19 
35 40 52 53 22 23 
35 40 52 53 21 23 
35 40 52 53 21 22 
35 40 52 53 54 25 
35 53 54 24 
35 54 27 28 
35 55 26 28 
35 55 71 26 27 
42 56 75 76 
42 43 44 57 58 59 78 79 31 32 
43 44 57 58 59 78 79 30 32 
43 44 57 58 59 78 79 30 31 
43 59 
35 36 37 38 39 40 45 47 48 49 50 51 52 63 64 65 66 67 68 69 70 11 12 13 14 15 16 17 18 19 
34 38 39 40 41 42 43 52 53 54 55 56 57 70 71 73 74 75 76 21 22 23 24 25 26 27 28 
37 45 46 47 48 49 63 5 7 8 9 10 
34 36 45 46 47 48 49 63 8 9 10 
34 35 39 40 50 51 52 68 69 70 13 14 15 16 17 18 19 20 
34 35 38 40 50 51 52 68 69 70 15 16 17 18 19 20 
34 35 38 39 52 53 54 70 20 21 22 23 24 
35 42 43 56 57 71 72 73 74 75 76 29 
35 41 44 56 57 58 59 75 76 77 78 29 30 
35 41 42 44 57 58 59 77 78 79 30 31 32 33 
42 43 57 58 59 78 79 30 31 32 33 
34 36 37 46 47 48 7 8 
36 37 45 47 48 8 
34 36 37 45 46 48 63 8 9 10 
34 36 37 45 47 63 8 9 10 
34 36 37 63 64 65 9 11 
34 38 39 51 68 69 13 14 15 16 17 
34 38 39 50 68 69 13 14 15 16 17 18 
34 35 38 39 40 53 54 21 22 23 24 
35 40 52 54 21 22 23 24 25 
35 40 52 53 24 25 26 
35 41 56 72 73 74 75 27 28 
35 41 42 55 57 73 74 75 76 29 
35 41 42 43 44 56 58 59 76 77 78 30 31 32 
42 43 44 57 59 77 78 79 30 31 32 
42 43 44 78 79 30 31 32 33 
61 1 2 3 4 
60 62 2 3 4 
61 5 6 
34 36 37 47 48 49 64 9 10 
34 49 63 65 11 
34 64 66 67 11 12 
34 67 11 
34 65 66 11 12 
34 38 39 50 51 69 13 14 15 
34 38 39 50 51 13 14 15 16 
34 35 38 39 40 18 19 20 
35 41 55 72 73 74 27 28 
35 41 55 71 73 
35 41 55 56 71 72 74 75 
35 41 55 56 71 72 73 75 
35 41 42 55 56 73 74 76 29 
35 42 56 57 75 77 29 
42 43 57 58 76 
42 43 44 57 58 59 79 30 31 32 
44 58 59 78 30 31 32 33 

