42 401
31 19 20 21 22 40 41 42 2 3 
17 31 21 22 23 40 41 42 1 3 4 
17 31 22 23 41 42 1 2 4 
17 31 23 24 2 3 5 
17 31 23 24 25 4 6 7 8 
17 31 24 25 4 5 7 8 
17 31 32 24 25 5 6 8 
17 31 32 24 25 5 6 7 
17 15 32 33 34 35 26 10 
17 15 34 35 26 9 11 
15 34 36 37 27 28 10 
16 36 37 38 27 28 29 30 13 
16 37 38 29 30 12 
16 14 
17 16 32 34 35 36 37 38 26 27 28 29 9 10 11 
15 36 37 38 27 29 30 12 13 14 
15 31 32 33 34 35 23 24 25 26 2 3 4 5 6 7 9 10 
20 21 22 39 40 
18 20 21 22 23 39 40 41 42 1 
18 19 21 22 23 39 40 41 42 
18 19 20 22 23 39 41 42 1 2 
31 18 19 20 21 23 39 40 41 42 1 2 3 
17 31 19 20 21 22 24 40 41 42 1 2 3 4 5 
17 31 32 33 23 25 4 5 6 7 8 
17 31 33 24 5 6 8 
17 15 32 33 34 35 9 10 
15 16 35 36 37 38 28 29 30 11 12 
15 35 36 37 38 27 30 11 12 
15 16 36 37 38 27 28 30 12 13 
16 36 37 38 27 28 29 12 13 
17 32 33 22 23 24 25 42 1 2 3 4 5 7 8 
15 31 33 34 24 25 26 7 8 9 
17 15 31 32 34 24 25 26 9 
17 15 32 33 35 36 26 9 10 11 
17 15 34 36 37 26 27 28 9 10 11 
15 16 34 35 37 38 27 28 29 30 11 12 
15 16 36 38 27 29 30 11 12 13 
15 16 36 37 27 28 29 30 12 13 
18 19 20 21 22 40 
18 19 20 21 22 23 39 41 1 2 
19 20 21 22 23 40 42 1 2 3 
31 19 20 21 22 23 40 1 3 

