67 526
20 62 67 2 22 23 
61 20 62 1 3 4 23 24 
61 20 60 2 4 23 24 25 26 
61 20 2 3 24 25 26 
61 20 60 57 7 26 27 28 29 30 
47 14 19 41 42 43 15 
61 5 57 8 29 30 31 
61 63 7 30 31 32 
61 63 64 44 45 46 10 32 33 34 
63 64 44 45 46 9 35 
64 44 45 46 9 10 12 35 36 
63 64 45 46 11 13 36 37 38 39 40 
63 64 12 14 37 38 40 
13 19 41 42 43 6 15 
47 14 19 41 42 43 6 18 
48 49 50 21 
51 52 53 54 55 56 
47 48 49 15 21 
47 14 41 42 43 6 15 
61 62 60 1 2 3 5 23 24 25 26 27 28 
47 48 49 16 18 
62 66 67 1 59 
61 20 62 1 2 3 
61 20 60 2 3 4 25 
61 20 60 3 4 24 26 27 
61 20 60 3 4 25 27 
61 20 60 5 25 26 28 
61 20 60 5 27 
61 60 5 57 7 30 
61 5 57 7 8 29 31 
61 63 7 30 32 33 
63 44 8 9 31 33 
61 63 44 9 31 32 34 
61 63 44 9 32 33 
64 44 45 46 9 10 11 
63 64 44 45 46 11 12 37 
63 64 45 46 13 36 38 39 40 
63 64 46 12 13 36 37 39 40 
63 64 12 13 37 38 40 
63 12 13 37 38 39 
14 19 42 43 6 15 
14 19 41 43 6 15 
47 14 19 41 42 6 15 
61 63 64 45 46 9 10 11 33 34 35 36 
61 63 64 44 46 9 10 11 12 35 36 37 
63 64 44 45 9 10 11 12 35 36 37 38 
48 49 14 19 16 42 43 6 15 18 21 
47 49 16 21 
47 48 16 18 21 
51 52 16 53 
52 17 53 54 55 56 
50 51 53 54 55 56 
50 51 52 17 54 55 56 
51 52 17 53 55 56 
51 52 17 53 54 56 
51 52 17 53 54 55 
61 60 5 7 29 30 
62 65 66 67 59 
62 65 66 67 58 22 
61 20 3 4 5 57 24 25 26 27 28 29 
63 64 20 62 60 44 45 2 3 4 5 57 7 8 9 23 24 25 26 27 28 29 30 31 32 33 34 
61 20 65 66 67 1 2 58 59 22 23 
61 64 44 45 46 8 9 10 11 12 13 31 32 33 34 35 36 37 38 39 40 
61 63 44 45 46 9 10 11 12 13 35 36 37 38 39 40 
62 66 67 58 59 22 
62 65 58 59 22 
62 65 66 1 58 59 22 

