218 1739
71 99 149 
71 99 118 149 150 151 1 3 4 5 
71 99 149 150 151 2 4 
71 99 118 149 150 151 2 3 5 
71 99 100 150 151 152 2 4 
71 100 152 7 
71 100 153 6 8 
119 153 7 9 10 
119 153 8 10 
119 153 8 9 11 
119 154 155 10 12 13 
119 154 155 11 13 
119 154 155 156 11 12 
72 73 101 156 15 16 17 18 
72 73 16 17 18 
72 73 14 15 17 18 
72 73 101 14 15 16 18 
72 73 101 15 16 17 
72 73 101 102 
72 73 101 102 19 21 22 23 
72 73 101 102 20 22 23 
72 101 102 157 20 21 23 24 
101 102 157 20 21 22 
102 157 158 22 23 25 
157 158 24 
103 159 161 162 163 27 28 
103 160 161 162 163 26 28 29 
103 160 161 162 163 26 27 29 
59 103 160 161 162 27 28 
59 164 
59 60 164 165 32 33 
59 60 164 165 31 33 
59 60 164 165 32 
59 60 165 166 35 36 37 
59 60 165 166 34 36 37 
59 60 165 166 35 37 
59 60 166 34 35 36 39 
59 60 167 37 39 40 
37 38 40 
167 38 39 41 
167 168 40 
104 169 43 44 
104 170 42 44 
104 170 42 43 
104 105 170 171 
105 171 172 173 174 47 48 49 50 
105 171 172 173 174 46 48 49 50 
105 171 172 173 174 46 47 49 50 
105 171 172 173 174 46 48 50 
74 105 106 120 173 174 47 48 49 51 
61 74 105 106 120 174 50 52 
61 74 106 120 51 53 
61 74 106 120 175 52 54 
61 74 106 121 122 175 176 53 56 
61 74 76 80 77 81 106 107 108 109 110 120 121 122 123 124 125 126 127 175 177 178 179 62 115 117 63 64 65 66 67 69 68 70 136 138 144 147 148 84 85 86 87 88 89 
61 74 121 122 175 176 54 58 57 
61 74 121 122 176 56 58 62 115 116 
61 74 122 175 176 57 62 115 
60 103 104 160 161 162 163 164 165 166 29 30 31 32 33 34 35 36 37 38 
59 103 164 165 166 30 31 32 33 35 36 37 38 
55 74 76 105 106 120 121 122 123 124 174 175 176 51 52 53 54 56 58 57 62 115 116 117 
55 61 74 122 123 176 58 57 115 116 117 
55 123 124 177 64 65 
123 124 177 63 65 66 67 
55 123 124 177 63 64 66 67 
55 123 124 177 64 65 67 69 
55 123 124 177 64 65 66 69 
55 76 107 124 177 69 70 136 138 144 
55 124 177 66 67 68 70 
76 107 69 68 136 138 144 
99 100 118 119 149 150 151 152 153 1 2 3 4 5 6 
73 101 102 156 157 14 15 16 17 18 19 20 21 22 
72 101 102 14 15 16 17 18 19 20 21 
55 61 105 106 120 121 122 123 174 175 176 50 51 52 53 54 56 58 57 62 
78 95 113 114 137 145 146 139 140 141 202 204 205 218 212 213 214 206 207 
55 61 80 107 108 109 124 125 178 68 70 136 138 144 147 148 84 85 
55 80 81 79 110 111 128 129 180 90 91 92 93 94 96 97 
75 139 140 141 142 143 206 207 208 209 
77 81 130 131 180 184 185 216 193 194 196 201 210 
55 76 77 81 110 111 126 127 128 129 179 82 83 90 91 92 93 
55 80 77 79 111 128 129 180 90 91 92 93 94 96 97 98 181 
80 110 126 179 83 
80 110 126 127 179 82 
55 76 107 108 109 125 148 
55 76 108 109 178 86 87 88 
55 109 178 85 87 
178 85 86 88 89 
178 86 87 89 
55 110 178 87 88 
80 77 81 111 128 129 91 92 93 
80 77 81 111 128 129 90 92 93 
80 77 81 111 128 129 90 91 93 94 
80 77 81 111 128 129 90 91 92 94 
77 81 111 128 129 92 93 96 
112 113 134 135 137 189 190 191 192 95 
77 81 111 129 94 
77 81 180 98 181 182 183 
81 180 97 181 182 183 
71 100 118 149 150 151 152 1 2 3 4 5 
71 99 151 152 153 5 6 7 
72 73 102 157 14 17 18 19 20 21 22 23 
72 73 101 157 158 19 20 22 23 24 
59 60 159 160 161 162 163 26 27 28 29 
59 105 167 168 169 171 42 43 44 45 
61 74 104 106 120 170 171 172 173 174 45 46 47 48 49 50 51 
55 61 74 105 120 121 122 174 175 50 51 52 53 54 
55 76 108 109 125 68 70 136 138 144 147 148 84 
55 76 107 109 125 148 84 85 
55 76 107 108 125 178 148 84 85 86 
55 80 77 126 127 128 178 179 89 82 83 
80 77 81 128 129 180 90 91 92 93 94 96 
95 134 135 187 189 190 192 
75 95 114 137 145 195 197 198 199 200 
113 137 145 195 197 198 199 200 202 
55 61 122 123 58 57 62 116 117 
61 122 123 57 115 117 
55 61 123 62 115 116 
71 149 150 1 2 3 4 
71 153 154 155 8 9 10 11 12 13 
55 61 74 105 106 121 173 174 175 50 51 52 53 
55 61 74 106 120 122 175 176 53 54 56 58 57 
55 61 74 106 121 175 176 54 56 58 57 62 115 116 
55 61 74 124 177 62 116 117 63 64 65 66 67 
55 61 76 107 123 177 63 64 65 66 69 68 
55 76 107 108 109 147 148 84 
55 80 110 127 178 179 89 82 83 
55 80 110 126 179 89 82 83 
80 77 81 110 111 129 90 91 92 93 94 
80 77 81 111 128 90 91 92 93 94 96 
79 131 184 185 194 196 201 210 
79 130 132 185 216 217 211 215 
133 186 187 79 131 216 217 211 215 
186 187 188 189 216 217 211 215 
95 112 135 187 188 189 190 191 192 
95 112 134 189 190 191 192 
55 76 107 138 144 
75 95 113 114 145 195 197 198 199 200 
55 76 107 68 70 136 144 147 
75 78 140 141 142 206 207 
75 78 139 141 142 206 207 
75 78 139 140 142 207 
78 139 140 141 
78 208 209 
55 76 107 68 70 136 138 147 
75 113 114 137 195 198 199 200 202 
75 203 205 218 213 
55 76 107 125 138 
55 76 107 108 109 125 84 
71 99 118 150 151 1 2 3 4 
71 99 100 118 149 151 152 2 3 4 5 
71 99 100 149 150 2 3 4 5 
71 99 100 150 151 5 6 
71 100 119 7 8 9 10 
119 155 10 11 12 13 
119 154 156 12 13 
72 155 13 14 
72 101 102 158 159 22 23 24 25 
102 157 24 25 
157 26 
59 103 161 162 163 26 27 28 29 
59 103 160 162 163 26 27 28 29 
59 103 160 161 163 26 27 28 29 
59 103 160 161 162 26 27 28 29 
59 60 165 30 31 32 33 
59 60 164 166 31 32 33 34 35 36 
59 165 34 35 37 
104 168 169 38 41 
104 167 169 40 41 
104 167 168 42 
105 43 44 45 
104 105 172 173 174 45 46 47 48 49 
105 171 173 174 46 47 48 49 
105 120 171 174 46 47 48 50 
61 74 105 106 120 171 172 173 46 47 48 49 50 51 
55 61 74 106 120 121 122 176 53 54 56 58 
61 121 122 175 54 56 58 57 62 
55 123 124 63 64 65 66 67 69 68 
55 76 108 109 110 126 85 86 87 88 89 
55 80 110 126 127 82 83 
77 81 79 97 98 181 182 183 193 
81 180 97 98 182 183 
97 98 181 183 193 
180 97 98 181 193 
79 130 185 194 196 201 210 
79 130 131 184 201 210 
133 187 188 189 
112 133 134 186 189 190 
133 134 186 187 189 190 
95 133 134 135 186 187 188 190 191 
95 112 134 135 187 188 189 191 
95 112 134 135 189 190 192 
95 112 134 135 191 
79 180 182 183 
79 130 184 196 
113 114 137 145 197 198 199 200 
79 130 194 
113 114 137 145 195 198 199 200 
113 114 137 145 195 197 199 200 
113 114 137 145 195 197 198 200 
113 114 137 145 195 197 198 199 
79 130 184 185 210 
75 114 145 203 
75 202 204 
75 146 203 205 
75 146 204 218 212 213 214 
75 78 139 140 207 
75 139 140 142 206 
78 143 209 
78 143 
79 130 185 201 
131 132 216 217 215 
75 205 218 213 214 
75 146 205 218 212 
205 218 212 213 
131 132 216 217 211 
133 186 79 131 132 217 211 215 
133 186 131 132 216 211 215 
75 146 212 213 214 

