110 746
2 4 7 8 9 10 16 17 18 19 20 21 35 36 37 38 39 40 70 72 73 74 76 77 78 79 80 81 82 
1 15 16 17 35 60 61 62 63 64 65 2 66 67 68 69 
1 4 5 10 11 21 22 23 24 40 41 42 43 83 84 85 86 87 88 
1 3 7 8 9 10 11 21 22 23 39 40 41 82 83 84 85 
3 4 11 12 23 24 25 26 27 42 43 44 89 90 91 
12 13 26 27 28 29 30 46 47 48 93 94 
1 4 8 9 18 19 20 38 39 75 76 77 78 79 80 
1 4 7 9 20 21 38 39 77 78 79 80 81 
1 4 7 8 20 21 38 39 40 79 80 81 82 
1 3 4 11 21 22 40 41 83 84 
3 4 5 10 22 23 24 42 85 86 87 88 
5 6 25 26 27 45 46 92 93 
6 28 29 30 49 50 94 95 96 97 98 
15 34 56 57 58 
2 14 58 59 60 
1 2 66 67 68 69 
1 2 18 35 36 37 71 72 73 
1 7 17 19 35 36 37 72 73 74 75 
1 7 18 20 37 38 74 75 76 77 
1 7 8 9 19 38 39 77 78 79 80 
1 3 4 8 9 10 39 40 80 82 83 
3 4 10 11 23 41 84 85 86 
3 4 5 11 22 24 42 43 86 87 88 
3 5 11 23 42 43 89 90 
5 12 26 27 44 45 91 92 
5 6 12 25 27 45 93 
5 6 12 25 26 45 92 
6 13 29 30 47 48 
6 13 28 30 46 47 48 
6 13 28 46 47 48 94 
50 51 52 99 100 101 102 
53 54 55 103 104 105 106 107 108 109 
54 55 110 33 
14 57 
1 2 17 18 36 70 71 72 73 
1 17 18 35 37 70 72 73 74 
1 17 19 36 73 74 75 
1 7 8 9 19 77 78 79 
1 4 7 8 9 20 21 80 81 82 
1 3 4 9 10 21 82 83 
3 10 22 84 
3 5 11 23 24 43 86 87 88 
3 5 23 24 42 90 
5 25 90 91 
12 25 26 27 92 
6 12 28 29 30 47 48 93 
6 28 29 30 46 48 
6 28 29 30 46 47 
13 50 94 95 96 97 98 
13 31 49 98 99 100 101 
31 102 
31 51 53 102 103 
32 52 102 103 104 105 
32 33 55 107 108 109 110 
32 33 54 110 
14 57 
14 34 56 
14 15 58 59 
15 58 
2 15 59 
2 62 63 64 65 
61 63 64 65 
2 61 62 64 65 
2 62 63 65 
2 61 62 63 64 
2 16 67 68 69 
68 69 
2 16 66 69 
2 16 67 68 
1 17 35 36 71 72 
17 35 70 72 
1 17 35 36 70 71 73 
1 17 18 35 36 37 72 
1 18 36 37 75 
1 7 18 19 37 74 76 
1 7 19 75 
1 7 8 19 20 38 78 
1 7 8 20 38 77 79 
1 7 8 9 20 38 78 
1 7 9 20 21 39 81 
1 8 9 39 80 
1 4 8 9 21 39 40 
3 4 10 21 40 41 
3 4 10 22 41 
4 11 
3 11 22 23 42 87 
3 11 23 42 86 88 
3 23 42 86 87 
5 24 43 90 
5 43 44 89 91 
5 25 44 
12 25 26 27 45 
6 12 26 46 
6 13 30 49 95 96 97 
13 49 94 96 
13 94 95 98 
13 94 95 96 98 
13 49 50 96 97 
31 50 100 101 
31 50 99 101 
31 50 99 100 
31 51 53 
32 52 53 104 105 106 
32 53 103 105 106 
53 103 104 106 
32 104 105 107 108 
106 108 
32 54 106 109 
32 54 106 107 108 
33 54 55 

