200 1661
2 3 
1 3 
86 1 2 4 
86 3 
77 86 
77 78 103 104 143 
69 105 145 146 147 
87 106 149 150 151 
69 87 106 107 151 
68 69 73 79 108 152 11 12 
79 108 10 12 
69 73 79 108 152 10 11 13 
68 69 73 79 88 152 153 154 12 
68 69 73 79 88 89 109 110 111 112 155 156 15 16 17 
68 73 79 88 89 109 110 111 112 156 14 16 17 
68 73 79 88 89 90 109 110 111 112 155 156 14 15 17 
68 73 88 89 90 109 110 111 112 156 14 15 16 
68 73 80 89 90 91 157 
68 80 91 113 158 159 160 
68 99 113 114 115 158 159 160 21 23 
68 99 113 114 115 20 22 23 
68 99 113 114 115 20 21 23 
68 99 113 115 20 21 22 
68 99 114 115 116 
68 81 82 99 116 117 26 27 
68 81 116 117 25 27 
68 81 82 116 117 118 25 26 
68 81 82 83 84 118 
68 82 84 161 162 
68 84 31 
68 30 
68 163 164 165 33 
68 163 164 165 32 34 35 
68 163 164 165 33 35 
68 164 165 33 
68 119 166 
68 120 167 168 38 39 
120 167 37 39 
120 167 168 169 170 37 38 
120 167 168 169 170 41 
168 169 40 42 
121 41 43 44 
121 42 44 
121 43 
85 100 121 122 171 46 
85 100 122 45 47 48 49 
85 100 122 49 50 
85 100 122 46 47 49 50 
85 122 46 48 50 
85 122 47 48 49 
52 54 
51 53 54 
51 52 54 
51 52 53 55 
172 54 
101 173 174 
74 101 174 58 
74 101 174 175 57 
101 98 102 175 60 
74 98 102 123 59 61 62 63 
74 98 102 60 62 63 
98 102 123 60 63 
98 102 123 60 61 62 64 
98 102 123 176 63 65 66 
102 123 176 64 66 
176 65 
70 71 96 130 131 132 133 134 182 183 184 185 186 187 
69 73 74 77 78 79 80 81 82 83 84 85 87 88 89 90 91 99 100 105 106 107 108 109 110 111 112 113 114 115 116 117 118 119 120 121 152 153 154 155 156 157 158 159 160 161 162 163 164 165 166 167 168 169 170 10 13 14 15 16 17 18 19 20 21 22 23 24 25 26 27 28 29 30 31 32 33 34 35 36 37 
68 73 77 78 79 80 81 87 88 89 90 91 103 105 106 107 108 109 110 111 112 144 145 146 147 148 149 150 151 152 153 154 155 156 7 8 9 10 11 12 13 14 
67 71 75 76 95 127 128 129 180 181 182 183 
67 70 96 129 130 182 184 
97 138 139 140 193 194 195 196 197 198 199 
68 69 79 80 87 88 89 90 91 108 109 110 111 112 152 153 154 155 156 157 10 12 13 14 15 16 17 18 
68 101 98 102 123 172 174 175 56 57 58 59 60 61 
70 76 92 93 94 95 124 125 126 127 177 178 179 180 
70 75 92 93 94 95 125 126 127 177 178 179 180 
68 69 78 86 103 104 143 5 6 
68 77 86 103 104 143 144 6 
68 69 73 80 87 88 89 90 108 109 110 111 112 152 153 154 155 156 10 11 12 13 14 15 16 
68 69 73 79 81 88 89 90 99 112 113 114 157 158 159 160 18 19 
68 69 80 82 83 84 99 113 114 115 116 117 118 24 25 27 28 
68 81 83 84 99 116 117 118 25 26 27 28 29 
68 81 82 84 117 118 161 162 28 29 
68 81 82 83 118 161 162 28 29 30 
68 100 121 122 171 45 46 47 48 49 50 
77 78 3 4 5 
68 69 73 79 106 107 108 149 151 8 9 
68 69 73 79 80 89 90 109 110 111 112 152 153 154 155 156 13 14 15 17 
68 69 73 79 80 88 90 91 109 110 111 112 155 156 14 15 16 17 18 
68 69 73 79 80 88 89 91 109 110 111 112 157 16 17 18 
68 69 73 80 89 90 112 113 157 158 18 19 
75 76 93 94 124 177 176 64 65 66 
75 76 92 94 124 125 126 177 176 66 
75 76 92 93 125 126 127 177 178 179 
70 75 76 125 127 128 129 180 181 
67 71 130 131 132 133 185 186 187 
72 134 135 136 137 192 193 
74 101 102 123 175 176 59 60 61 62 63 64 
68 80 81 82 113 114 115 116 117 20 21 22 23 24 25 
68 85 121 122 171 45 46 47 48 
74 98 102 173 174 175 56 58 59 
92 74 101 98 123 176 59 60 61 62 63 64 65 
69 77 78 104 143 144 6 
77 78 103 143 144 6 
68 69 145 146 147 148 7 
69 87 107 149 150 151 8 9 
68 69 87 106 108 149 150 151 9 
68 69 73 79 87 107 152 10 11 12 
68 69 73 79 88 89 90 110 111 112 152 154 155 156 14 15 16 17 
68 69 73 79 88 89 90 109 111 112 155 156 14 15 16 17 
68 69 73 79 88 89 90 109 110 112 155 156 14 15 16 17 
68 69 73 79 80 88 89 90 91 109 110 111 155 156 14 15 16 17 
68 80 81 91 99 114 115 158 159 160 19 20 21 22 23 
68 80 81 99 113 115 158 159 160 20 21 22 23 24 
68 81 99 113 114 116 20 21 22 23 24 
68 81 82 99 115 117 118 24 25 26 27 
68 82 83 99 116 118 25 26 27 
68 81 82 83 84 116 117 161 27 28 
68 166 36 
68 167 168 169 170 37 38 39 40 
68 100 171 42 43 44 
85 100 171 45 46 47 48 49 50 
74 98 102 176 60 61 62 63 64 65 
75 92 93 177 176 64 65 66 
76 94 95 126 127 177 178 179 
75 76 93 94 125 127 178 179 
70 75 76 94 95 125 126 128 178 179 180 181 
70 95 129 180 181 
70 71 95 128 
67 71 96 184 185 186 
67 96 132 133 185 187 
67 96 131 187 188 189 
67 96 131 132 134 135 136 137 187 188 189 190 191 
67 97 133 135 136 137 187 188 189 190 191 
97 133 134 136 137 188 189 190 191 
97 134 135 137 190 191 192 
97 133 134 135 136 190 191 192 
72 139 140 194 195 196 197 198 199 
72 138 140 196 197 198 199 200 
72 138 139 141 142 199 200 
142 200 
140 141 200 
77 78 103 104 6 
69 78 103 104 
69 105 146 148 7 
69 105 145 147 148 7 
69 105 145 146 148 7 
69 105 145 146 147 
69 106 107 150 151 8 
69 87 106 107 151 8 
69 87 106 107 149 150 8 9 
68 69 73 79 88 108 109 153 154 10 11 12 13 
68 69 73 79 88 109 152 154 13 
68 69 73 79 88 109 152 153 155 13 
68 69 73 79 88 89 109 110 111 112 154 156 14 15 16 
68 69 73 79 88 89 90 109 110 111 112 155 14 15 16 17 
68 73 80 90 
68 80 91 113 114 159 160 19 20 
68 80 113 158 160 19 20 
80 113 114 158 159 19 20 
68 82 83 84 118 162 29 
68 83 84 161 29 
68 164 165 32 33 34 
68 163 165 32 33 34 35 
163 32 33 34 35 
68 119 36 
68 120 168 169 170 38 39 40 
68 120 167 169 170 37 39 40 41 
68 120 167 168 170 39 40 41 
68 120 167 168 169 39 40 41 
85 100 121 122 
74 101 173 55 56 
74 101 172 56 
74 101 175 57 58 
74 101 98 174 57 58 59 
124 98 102 123 64 65 66 
75 76 92 93 94 124 125 
75 76 94 125 126 127 179 
75 76 94 125 126 178 
70 75 76 95 127 128 181 
70 127 180 
67 70 71 129 183 
67 70 71 182 
67 71 130 
96 130 131 186 
67 96 130 131 185 
67 96 131 132 133 134 135 188 189 190 
133 134 135 187 189 190 
132 133 134 135 188 190 191 
133 134 135 136 137 187 188 189 191 
133 134 135 136 137 189 190 
97 136 137 
72 97 
72 138 195 196 
72 138 194 196 
72 138 139 194 195 197 198 199 
72 138 139 196 199 
72 138 139 140 196 197 199 
72 138 139 140 196 197 198 
139 141 142 

