30 261
2 25 16 17 18 19 20 21 3 4 5 6 7 8 
1 25 26 27 28 29 30 21 22 23 24 10 11 12 13 14 15 
1 16 17 
1 25 17 18 19 20 5 6 
1 25 17 18 19 20 6 
1 25 17 18 19 20 4 5 7 
1 25 19 20 21 6 8 9 
1 25 21 7 9 10 11 
25 21 22 8 10 11 
2 25 26 27 21 8 9 11 
2 26 27 28 21 22 23 9 10 12 
2 26 27 22 23 11 13 14 
2 26 27 28 22 23 12 14 
2 26 27 28 22 23 12 13 
2 29 30 24 
1 3 16 
1 25 18 19 20 3 4 5 6 
1 25 17 19 20 4 5 6 
1 17 18 20 4 5 6 7 
1 25 17 18 19 4 5 6 7 
1 2 25 26 22 7 8 9 10 11 
2 25 26 27 28 21 23 8 10 11 12 13 14 
2 26 27 28 29 10 11 12 13 14 
2 29 15 
1 2 17 18 19 20 21 22 4 5 6 7 8 9 10 
2 27 28 29 30 21 22 23 10 11 12 13 14 
2 26 28 29 22 23 10 11 12 13 14 
2 26 27 29 30 22 23 11 12 13 14 
26 27 28 30 23 24 15 
2 26 29 24 15 30 

