200 1419
18 142 78 200 
88 148 3 
52 88 148 2 4 
52 89 3 
14 28 123 6 7 
14 28 5 7 
14 28 5 6 
14 15 71 
14 15 30 71 124 10 
14 15 30 71 124 9 
14 15 30 72 125 126 12 
14 30 72 125 126 11 
16 53 89 
19 15 28 30 70 71 72 123 124 125 126 5 6 7 14 8 9 10 11 12 
19 26 14 30 71 72 124 125 126 8 9 10 11 12 
22 31 54 55 89 90 91 92 13 149 150 151 152 154 155 
33 34 35 36 62 63 64 65 66 67 68 107 108 109 110 179 180 181 182 183 184 185 186 187 188 189 190 191 192 
20 21 27 142 29 41 42 43 44 77 78 79 80 127 128 129 130 131 200 1 137 
20 21 26 27 39 40 73 74 75 76 114 115 116 117 118 119 120 15 
18 19 21 26 27 39 40 73 74 75 76 114 115 116 117 118 119 120 
18 19 27 41 75 76 117 119 120 121 127 
16 23 31 55 56 93 94 154 155 156 157 158 159 
22 24 56 57 93 94 95 96 158 159 160 161 162 
23 57 58 95 96 97 98 99 161 162 163 164 165 
32 60 61 103 104 105 171 172 173 174 
19 20 21 39 40 73 74 75 76 114 115 116 117 
18 19 20 21 75 76 117 119 120 121 
14 70 122 123 5 6 7 
18 142 38 44 45 79 81 82 139 
14 15 71 72 125 126 9 11 12 
16 22 55 153 154 155 156 157 
25 59 60 101 102 103 169 170 171 
17 34 65 66 108 184 185 186 187 188 189 
17 33 66 108 186 187 188 189 190 
17 36 67 68 69 109 110 111 112 113 192 193 194 195 
17 35 67 68 69 109 110 111 112 113 193 194 195 196 
198 199 
29 44 45 46 81 82 83 139 132 
19 20 26 40 73 74 114 115 
19 20 26 39 73 74 114 115 116 
18 21 142 42 43 77 78 127 128 129 130 131 200 
18 142 41 43 77 127 128 129 130 131 200 
18 142 41 42 77 78 128 129 130 131 200 
18 142 29 38 45 79 80 81 82 139 
29 38 44 46 83 84 139 132 133 134 
38 45 83 84 132 133 134 135 136 
48 86 87 
47 49 50 51 87 141 143 144 
48 50 87 141 143 144 145 
48 49 51 87 141 143 144 145 
48 49 50 87 88 143 144 145 146 147 
53 88 89 148 2 3 4 
16 52 13 
16 90 91 92 149 150 151 
16 22 31 154 155 157 
22 23 93 94 158 159 160 
23 24 58 95 96 97 161 162 
24 57 97 98 99 163 164 165 
32 60 101 102 168 169 170 
25 32 59 103 170 171 
25 62 104 106 173 174 
17 64 106 175 176 177 
17 62 64 106 107 175 176 177 178 
17 63 106 175 176 
17 33 107 179 180 181 182 183 184 185 
17 33 108 187 188 189 190 
17 35 36 68 108 109 110 111 190 191 192 193 
17 35 36 67 69 109 110 111 112 113 192 193 194 195 
35 36 68 112 113 194 195 196 197 
28 122 123 
14 15 30 124 8 9 10 
14 15 30 125 126 11 12 
19 20 26 39 40 74 114 
19 20 26 39 40 73 114 
19 20 21 26 27 76 114 115 116 117 118 119 120 
19 20 21 27 75 117 118 120 
18 41 42 43 127 129 130 131 
18 142 41 43 79 80 200 1 137 
18 142 29 44 78 80 81 137 138 
18 142 29 44 78 79 81 137 138 
29 38 44 79 80 82 
29 38 44 81 
38 46 84 132 133 134 135 
45 46 83 85 133 134 135 136 
84 86 136 140 
47 85 140 
47 48 49 50 51 141 143 
51 52 147 148 2 3 
16 52 53 4 13 
16 54 149 151 
16 54 92 151 152 153 
16 54 91 152 153 
22 23 56 94 158 
22 23 93 158 159 
23 24 57 96 161 
23 24 57 95 161 162 
24 57 58 98 163 164 
24 97 99 163 164 165 166 
24 58 98 100 165 166 167 
99 166 167 168 
32 59 100 102 167 168 169 
32 59 101 168 169 
25 32 60 171 
25 61 105 172 173 
25 61 104 173 174 
61 62 63 64 175 176 
17 63 65 179 180 181 182 
17 33 34 66 67 189 190 191 
17 35 36 67 68 110 111 112 191 192 193 194 
17 35 36 67 68 109 111 112 192 193 194 195 
35 36 67 68 109 110 112 193 194 195 
35 36 68 69 109 111 113 193 194 195 
35 36 68 69 194 195 
19 20 26 39 40 73 74 75 115 116 
19 20 26 39 40 75 114 116 
19 20 26 40 75 114 115 
19 20 21 26 27 75 76 118 119 120 
19 20 75 76 119 120 
19 20 21 27 75 76 117 118 120 
19 20 21 27 75 76 117 118 119 
21 27 
28 70 122 
14 28 70 5 
14 15 30 71 8 9 10 
15 30 72 126 11 12 
14 15 30 72 125 11 12 
18 21 41 42 77 128 
18 41 42 43 77 127 129 130 131 
18 41 42 43 77 128 130 131 
41 42 43 77 128 129 131 
18 41 42 43 77 128 129 130 
38 45 46 83 139 133 
45 46 83 84 132 134 
45 46 83 84 133 135 136 
46 84 134 136 
46 84 85 134 
18 142 78 79 80 138 
79 80 137 
38 44 45 
85 86 
48 49 50 87 
18 29 41 42 43 44 77 78 79 80 200 1 137 138 
48 49 50 51 87 144 145 146 
48 49 50 51 143 145 146 147 
49 50 51 143 144 146 147 
51 143 144 145 147 
51 88 144 145 146 
52 88 2 3 
16 54 90 150 
16 54 90 149 151 
16 54 90 91 150 
16 91 92 153 
16 31 92 152 
16 22 31 55 155 156 
16 22 31 55 154 156 
22 31 55 154 155 
22 31 55 
22 23 56 93 94 159 
22 23 56 94 160 
23 56 159 
23 24 57 95 96 162 
23 57 95 96 161 
24 58 97 98 164 
24 58 97 98 163 
24 58 98 99 166 
58 98 99 100 165 167 
99 100 101 166 
59 100 101 102 169 
32 59 101 102 168 
32 59 
25 32 60 103 
25 104 173 174 
25 61 104 105 174 
25 61 104 105 172 173 
62 63 64 106 176 
62 63 64 106 175 
62 63 64 178 
64 107 177 
17 65 107 180 181 
17 65 107 179 182 
17 65 107 179 180 182 183 
17 65 107 180 181 183 184 
17 65 180 181 182 185 
17 33 65 182 183 185 186 
17 33 183 184 186 
17 33 184 185 
17 33 34 
17 34 66 108 189 190 
17 33 34 66 108 188 190 
17 34 66 67 108 188 189 
17 67 108 109 192 
17 35 67 68 109 110 191 193 
35 36 67 68 109 110 111 112 192 194 195 
35 36 68 69 109 110 111 112 113 193 195 
35 36 68 69 111 112 113 194 
69 197 198 
69 196 198 
37 196 197 198 199 
37 198 
18 142 41 42 43 78 

