57 392
57 2 37 38 39 40 7 8 9 10 11 12 13 41 42 43 46 44 
57 1 39 40 47 12 13 14 15 19 17 44 45 49 
22 36 33 34 4 23 
22 36 3 23 
35 36 29 30 31 32 
57 22 26 24 
57 1 37 38 8 9 41 42 
57 1 37 38 7 9 41 42 
57 1 37 38 7 8 41 42 
57 1 37 38 11 43 
57 1 37 38 39 10 43 46 
1 2 39 40 13 14 44 45 
57 1 2 39 40 12 44 45 
57 2 39 40 12 13 45 
57 19 17 49 
57 47 48 20 50 51 53 52 54 
57 2 47 15 19 18 20 49 
57 47 48 19 17 20 50 
57 2 15 17 49 
57 16 47 48 17 18 50 
25 28 56 
57 36 6 33 34 3 4 23 26 24 
22 36 34 3 4 
22 6 26 
27 28 21 55 
22 6 24 
25 28 56 
25 27 21 56 
35 5 30 31 32 
35 5 29 31 32 
35 36 5 29 30 32 
35 36 5 29 30 31 33 
22 32 34 3 
36 33 3 4 23 
36 5 29 31 32 
22 35 5 31 32 33 34 3 4 23 
57 1 38 7 8 9 10 11 41 42 
57 1 37 7 8 9 10 11 41 43 
57 1 2 40 11 12 13 14 43 46 44 45 
57 1 39 12 13 14 44 45 
57 1 37 38 7 8 9 42 
57 1 37 7 8 41 
57 1 38 39 10 11 
57 1 2 39 40 12 13 45 
57 2 39 40 12 13 14 44 
57 1 39 11 43 
57 2 48 17 18 20 50 51 
57 16 47 18 20 50 51 
57 2 19 17 
16 47 48 18 20 51 
16 47 48 
16 53 54 55 52 
16 52 55 
16 53 52 55 
25 53 52 54 
27 28 21 
1 2 22 16 37 38 39 40 47 48 6 8 9 10 11 12 13 14 15 19 17 18 20 41 42 43 46 45 49 

