143 1170
52 56 74 92 141 142 143 2 3 
52 56 74 75 92 141 142 3 
52 74 75 92 93 142 143 1 2 4 
52 53 74 75 76 92 93 3 
52 53 67 75 76 6 
52 53 61 67 76 77 5 7 8 9 
52 53 61 67 76 77 94 6 8 9 
52 53 59 61 62 67 77 94 6 7 9 10 11 
52 53 59 61 67 77 94 6 7 8 10 11 
52 53 59 61 62 77 94 8 9 11 12 
52 53 59 62 67 77 94 8 9 10 12 
53 59 61 62 77 10 11 
52 53 59 61 62 14 15 16 
53 59 61 62 13 15 16 
53 59 61 62 13 14 16 
53 59 78 13 14 15 
53 68 78 
79 95 19 
79 95 18 20 
63 79 19 21 
63 20 22 
63 96 97 21 23 
63 96 97 98 22 24 25 
63 96 97 98 23 
63 97 98 99 23 24 
54 60 99 27 
54 60 99 26 
54 57 60 69 100 101 102 29 
54 81 102 28 
54 57 103 104 105 106 107 31 
54 57 104 105 106 107 30 
54 57 82 107 108 33 34 
54 82 108 32 
109 32 35 
82 34 
64 109 110 
64 70 83 38 
64 70 83 37 
64 70 
70 111 41 42 
111 40 42 
111 40 41 
84 112 113 114 
71 84 116 117 118 119 45 46 
84 116 117 118 119 44 46 
71 117 118 119 44 
71 120 121 122 
122 123 124 
85 125 126 50 51 
85 126 49 51 
85 126 127 49 50 
53 54 55 56 57 58 59 60 61 63 65 66 67 68 72 73 74 75 76 77 78 90 91 92 93 94 139 140 141 142 143 1 2 3 4 5 6 7 8 9 10 11 12 13 
52 54 55 56 57 58 59 60 61 62 63 67 68 73 74 75 76 77 79 92 93 94 95 4 5 6 7 8 9 10 11 12 13 14 15 16 17 
52 53 57 60 63 64 69 80 81 82 99 100 101 102 103 104 105 106 107 108 109 26 27 28 29 30 31 32 33 
52 53 56 65 66 72 86 87 88 89 90 129 130 131 132 133 134 135 136 137 138 
52 53 55 58 59 61 66 67 72 73 74 75 90 91 92 138 139 140 141 142 143 1 2 
52 53 54 60 63 64 69 80 81 82 100 101 102 103 104 105 106 107 108 28 29 30 31 32 33 
52 53 55 56 65 66 72 86 88 89 90 130 131 132 133 134 135 136 138 139 
52 53 56 61 62 67 68 76 77 78 94 8 9 10 11 12 13 14 15 16 17 
52 53 54 57 63 69 80 81 98 99 100 101 102 26 27 28 29 
52 53 56 59 62 67 76 77 78 94 6 7 8 9 10 11 13 14 15 
52 53 59 61 67 77 94 8 10 11 12 13 14 15 
52 53 54 57 60 79 95 96 97 98 99 20 21 22 23 24 25 
54 57 70 82 83 109 110 36 37 38 39 
52 55 58 86 87 88 129 130 65 
52 55 56 58 89 131 132 133 134 135 136 137 138 
52 53 56 59 61 62 74 75 76 77 93 94 5 6 7 8 9 10 11 
52 53 59 78 79 95 68 
54 60 80 101 28 
64 83 111 37 38 39 40 
118 119 120 121 122 44 46 47 
52 56 58 73 91 139 
52 53 56 72 91 140 
52 53 56 67 75 76 92 93 140 141 142 143 1 2 3 4 
52 53 56 74 76 92 93 143 2 4 5 
52 53 59 61 67 74 75 77 92 93 94 4 5 6 7 
52 53 59 61 62 67 76 94 6 7 8 9 10 11 12 
52 53 59 61 68 16 17 
53 63 68 95 18 19 
54 57 60 69 81 100 101 
54 57 60 69 80 100 101 102 28 29 
54 57 64 108 109 110 32 33 34 35 
64 70 37 38 39 
112 113 114 115 116 117 118 43 45 
124 125 126 49 50 51 
55 58 65 87 88 129 130 
65 86 88 129 130 
58 65 86 87 89 130 
55 58 88 131 
52 55 56 58 72 139 
52 56 72 73 140 
52 53 74 75 76 93 141 142 143 1 2 3 4 
52 53 67 76 92 3 4 5 
52 53 59 61 62 67 76 77 6 7 8 9 10 11 
53 63 68 79 18 19 
63 97 98 21 22 24 25 
63 96 98 99 22 23 24 25 
60 63 96 97 99 23 24 25 
54 60 63 97 98 25 27 
54 57 60 69 80 81 101 28 
54 57 60 69 80 81 100 28 
54 57 60 81 103 104 28 29 
54 57 102 104 105 30 
54 57 102 103 105 106 107 30 31 
54 57 103 106 107 108 30 31 
54 57 104 105 107 31 
54 57 104 105 106 108 31 32 
54 57 82 105 106 107 32 33 
54 82 110 34 35 36 
64 82 109 36 
70 112 40 41 42 
84 111 113 114 43 
84 112 114 115 116 43 
84 112 113 115 116 43 
84 113 114 116 117 43 
84 113 114 115 117 45 
84 115 116 118 119 44 45 46 
71 84 117 119 44 45 46 
71 117 118 44 45 46 
121 122 47 
71 120 122 47 
71 120 121 123 47 48 
122 48 
85 125 48 124 
85 124 
85 128 49 50 51 
126 128 51 
126 127 
55 65 86 
55 58 65 86 87 88 
55 66 89 132 
55 58 66 131 
55 58 66 134 135 136 137 138 
55 58 66 133 135 136 137 138 
55 58 66 133 134 136 137 138 
58 66 133 134 135 137 138 
58 66 134 135 136 138 
55 56 58 66 133 136 137 139 
52 56 58 72 90 138 
52 56 73 74 91 141 142 
52 56 74 92 140 142 143 1 2 
52 56 74 92 140 141 143 1 2 3 
52 56 74 75 92 141 142 1 2 3 

