51 338
48 7 
42 48 49 7 8 17 18 19 20 21 
36 14 15 33 34 35 
36 15 16 37 38 
51 40 39 
51 5 40 39 41 43 44 45 46 
42 48 8 1 2 17 18 19 20 
42 48 49 50 7 9 10 2 21 22 23 
42 48 49 50 8 10 2 21 22 23 24 
42 49 50 8 9 11 23 24 25 26 
42 10 12 24 25 26 27 
42 50 11 13 26 27 28 29 
42 50 11 12 28 29 30 31 
36 3 33 34 35 
36 51 16 38 
36 51 15 4 37 38 
48 49 7 2 18 19 20 
48 49 7 2 17 19 20 
48 49 7 2 17 18 20 
48 49 7 2 18 19 
42 49 8 9 2 22 
42 48 49 9 21 23 
42 49 8 9 10 22 24 
42 50 9 10 11 23 25 
42 50 10 11 24 
42 50 11 12 27 
42 50 11 12 26 
42 50 13 
13 30 31 
13 29 31 
13 29 30 
36 14 33 34 
36 14 3 32 34 35 
36 14 3 32 33 35 
36 14 33 34 
42 51 14 15 16 3 4 32 33 34 35 37 
36 51 15 16 4 38 
51 15 4 37 
51 5 6 40 41 43 
5 39 
6 40 39 43 
36 48 49 50 7 8 9 10 11 12 13 2 21 22 23 24 25 26 27 28 
6 41 44 
6 43 45 46 47 
6 44 46 47 
44 45 47 
44 45 46 
42 49 7 8 9 48 1 2 17 18 19 20 21 22 
42 48 50 7 8 9 10 2 17 18 19 20 21 22 23 
42 49 8 9 10 11 12 13 24 25 26 27 28 
36 15 16 4 5 6 37 38 40 39 

