47 448
21 27 28 44 45 46 47 2 
21 28 46 47 1 
26 36 37 22 24 30 4 5 6 
26 36 37 22 23 24 3 5 6 
26 36 37 22 24 30 3 4 6 
26 36 37 22 23 24 30 31 3 4 5 7 
26 36 37 24 30 31 32 33 6 
26 37 38 25 30 31 32 33 7 9 10 
26 38 25 31 32 33 8 10 
26 38 25 33 8 9 11 
26 38 39 40 25 34 10 12 
26 38 39 40 25 11 
38 39 40 25 34 11 14 
38 39 40 34 35 13 15 
39 40 34 14 16 17 
39 40 34 35 15 17 
40 35 41 15 16 18 
41 42 43 17 19 20 
41 42 43 18 20 
41 42 43 18 19 
26 36 22 27 28 45 46 47 1 2 
26 36 37 21 23 24 27 28 29 30 3 4 5 6 
26 36 37 22 24 28 29 30 3 4 5 6 
26 36 37 22 23 30 31 32 3 4 5 6 7 
26 37 38 39 40 31 32 33 34 8 9 10 11 12 13 
36 37 38 39 40 21 22 23 24 25 27 28 29 30 31 32 33 34 3 4 5 6 7 8 9 10 11 12 
26 36 21 22 28 29 44 45 46 47 1 2 
26 36 21 22 23 27 29 1 2 
26 36 21 22 23 27 28 
26 36 37 22 23 24 31 32 33 3 5 6 7 8 
26 36 37 38 24 25 30 32 33 6 7 8 9 
26 36 37 38 24 25 30 31 33 7 8 9 
26 37 39 25 30 31 32 7 8 9 10 
26 38 39 40 35 11 13 14 15 16 
39 40 34 14 15 16 17 
26 37 38 21 23 24 27 28 29 30 31 32 3 4 5 6 7 
26 36 38 22 23 24 25 30 32 33 3 4 5 6 7 8 
26 36 37 39 40 25 31 32 33 34 8 9 10 11 12 13 14 
26 38 40 25 33 34 35 11 12 13 14 15 16 
26 38 39 25 34 35 11 12 13 14 15 16 
42 43 17 18 19 20 
41 43 18 19 
41 42 18 20 
21 45 47 1 
21 27 44 46 47 1 
21 27 44 45 1 2 
21 27 44 45 46 1 2 

