206 1992
146 7 
53 54 103 147 
53 54 147 148 2 
138 4 
104 138 137 22 29 
145 146 7 1 
145 146 6 1 
10 17 18 19 20 21 34 43 44 45 46 47 48 49 50 67 68 69 70 71 72 73 74 75 76 77 78 106 107 108 109 110 111 112 113 114 115 116 117 118 119 120 121 122 123 124 125 126 127 42 51 52 53 54 104 105 140 144 141 142 143 30 32 33 31 
53 103 
8 11 23 24 25 26 27 28 35 36 37 38 39 40 41 55 56 57 58 59 81 82 83 84 85 86 87 88 89 90 91 92 93 161 162 163 164 165 166 167 168 169 170 171 172 173 174 175 176 177 178 179 180 181 182 183 184 
10 63 64 65 66 98 99 100 101 102 193 194 195 196 197 198 199 200 201 202 203 
42 52 140 144 141 32 33 
54 150 151 14 15 
54 148 149 150 13 
54 150 151 13 
151 16 
8 18 19 34 43 44 45 46 67 68 69 113 114 115 116 117 
8 17 19 20 34 46 47 68 69 70 71 117 118 119 120 121 122 123 
8 17 18 20 21 34 46 47 48 70 71 72 73 74 117 118 119 120 121 122 123 124 125 126 
8 18 19 21 46 47 48 49 71 72 73 74 75 76 77 78 125 126 127 128 129 130 
8 19 20 48 49 50 74 75 76 77 78 79 80 127 128 129 130 131 132 133 134 
42 104 138 137 139 5 29 
10 24 35 55 81 152 155 156 157 158 159 
35 36 55 56 81 82 83 84 160 161 162 163 164 165 166 167 168 
10 26 27 38 39 40 57 58 89 90 91 92 93 174 175 176 177 178 179 180 181 182 183 184 185 186 
10 25 27 39 40 57 58 59 91 92 93 177 178 179 180 181 182 183 184 185 186 
10 25 26 28 39 40 41 58 92 93 94 185 186 187 
10 27 39 40 41 59 60 61 62 94 95 97 187 188 189 190 191 
42 137 139 22 5 
42 51 104 
106 42 51 52 105 141 142 143 
42 51 52 105 141 142 12 33 
42 51 52 141 142 12 32 
8 17 18 19 46 47 68 69 70 117 118 119 120 
10 23 24 36 55 56 81 82 83 84 162 163 164 165 166 167 168 169 
10 24 35 37 38 56 85 86 169 170 171 
10 36 38 56 85 86 87 88 89 170 171 172 173 
10 25 36 37 56 85 86 87 88 89 171 173 
10 25 26 27 28 40 57 58 59 92 93 183 184 185 186 
10 26 27 28 39 41 59 94 95 187 
10 27 28 40 59 60 61 62 94 95 96 187 188 189 190 191 
17 18 19 34 43 44 45 67 106 107 108 109 110 51 52 53 54 104 105 138 137 139 140 144 141 142 143 22 29 30 12 32 33 31 
8 17 44 45 67 107 109 110 111 112 105 
8 17 43 45 67 110 111 112 113 114 115 
8 17 43 44 67 68 110 111 112 113 114 115 116 
8 17 18 19 20 34 47 70 71 117 118 119 120 121 122 123 124 
8 18 19 20 34 46 70 71 72 73 119 120 121 122 123 124 125 126 
8 19 20 21 49 50 72 73 74 75 76 77 78 127 129 130 
8 20 21 48 50 74 75 76 77 78 127 128 129 130 
8 20 21 48 49 75 76 77 78 127 128 129 130 
17 43 44 106 107 108 109 42 104 105 140 144 142 143 30 12 32 33 31 
17 43 106 107 108 109 42 51 104 105 140 144 141 142 143 12 32 33 31 
42 54 103 146 147 148 149 9 2 3 
42 53 147 148 149 150 151 2 3 14 13 15 
10 23 24 35 81 82 159 160 
10 24 35 36 37 38 85 169 170 171 
10 25 26 39 58 89 90 91 92 174 175 176 177 178 179 180 181 182 
10 25 26 27 39 57 91 92 93 178 179 180 181 182 183 184 185 186 
26 27 28 39 40 41 94 187 
28 40 41 61 62 94 95 96 97 188 189 190 191 
28 41 60 62 94 95 96 97 188 189 190 191 
28 41 60 61 95 96 97 188 189 190 191 192 
100 101 196 197 198 199 
11 65 101 201 202 203 204 
11 64 66 102 202 203 204 
11 65 102 205 206 
8 17 43 44 45 110 111 112 114 115 116 
8 17 18 34 45 67 69 115 116 
8 17 18 34 68 
8 18 19 34 46 47 117 118 119 120 121 122 123 
8 18 19 20 46 47 73 120 121 122 123 124 125 126 
8 19 20 47 48 74 75 124 125 
8 19 20 47 48 71 74 75 124 125 126 
8 19 20 21 48 49 50 72 73 75 127 
8 19 21 48 49 50 72 73 74 76 77 127 128 129 
8 20 21 48 49 50 75 77 78 127 128 129 130 
8 20 21 48 49 50 75 76 78 127 128 129 130 
8 20 21 48 49 50 76 77 79 128 129 130 131 
21 78 80 131 132 133 134 135 
21 79 131 132 133 134 135 136 
10 23 24 35 55 82 83 159 160 161 
10 24 35 55 81 160 161 
10 24 35 81 84 161 162 163 164 165 166 
24 35 83 163 164 165 166 167 168 169 
10 36 37 38 56 86 87 88 171 172 173 
10 36 37 38 85 87 88 89 171 172 173 
10 37 38 85 86 88 89 171 172 173 
10 37 38 85 86 87 89 90 171 172 173 
10 25 37 38 57 86 87 88 90 173 174 175 
25 57 88 89 174 175 176 
10 25 26 57 58 92 175 176 177 178 179 180 181 182 
10 25 26 27 39 57 58 91 93 178 179 180 181 182 183 184 185 
10 25 26 27 39 58 92 184 185 186 
27 28 40 41 59 60 61 95 187 188 189 
28 40 41 60 61 62 94 188 189 190 191 
28 41 60 61 62 97 191 192 
28 60 61 62 96 192 
11 99 193 
11 98 100 193 194 195 196 
11 63 99 194 195 196 
11 63 64 197 198 199 200 201 
11 65 66 205 206 
53 9 2 
42 51 52 137 139 22 5 29 30 
43 106 107 42 51 141 142 143 32 31 
8 107 108 109 31 
8 43 106 108 109 
8 43 106 107 109 
8 43 106 107 
8 43 45 67 111 112 113 114 
8 43 44 45 67 110 112 113 114 
8 43 44 67 110 111 113 114 
8 17 44 45 67 110 111 112 114 
8 17 44 45 67 110 111 112 113 
8 17 44 45 67 68 116 
8 17 45 67 68 115 
8 18 19 34 46 70 118 119 
8 18 34 46 70 117 
8 18 19 34 46 47 70 117 118 120 121 122 
8 18 19 34 46 47 70 71 119 121 122 123 
8 18 19 46 47 70 71 119 120 122 123 
8 18 19 46 47 70 71 119 120 121 123 124 
8 18 19 46 47 70 71 120 121 122 124 125 
8 19 46 47 71 72 73 122 123 125 126 
8 20 47 71 72 73 123 124 126 
8 19 20 47 71 72 73 125 
8 20 21 48 49 74 75 76 77 128 129 
21 48 49 50 75 76 77 78 127 130 
20 21 48 49 50 75 76 78 127 128 130 
20 21 48 49 50 76 77 78 128 129 
21 78 79 80 132 133 134 135 
21 79 80 131 133 134 135 
79 131 132 134 135 
21 79 80 131 132 133 135 
79 80 131 132 133 134 136 
80 135 
42 104 138 139 5 
137 139 4 22 5 
42 104 138 137 22 5 
42 51 52 144 141 12 32 
42 51 52 105 140 142 143 12 32 33 31 
42 51 52 105 141 143 32 33 31 
106 107 42 51 52 105 141 142 31 
42 51 52 12 
6 7 
53 6 1 9 
53 54 148 149 2 3 
53 54 147 149 3 14 
53 54 147 148 150 14 
54 149 151 14 13 15 
54 150 13 15 16 
153 154 155 
152 154 155 
23 152 153 155 
23 152 153 154 
23 157 
23 156 158 
23 157 
23 55 81 160 
24 55 81 82 159 
10 24 35 81 82 83 162 163 
10 24 35 83 161 163 164 
10 24 35 83 84 161 162 164 
10 24 35 83 84 162 163 165 166 167 
10 24 35 83 84 166 167 168 
10 24 35 83 84 164 165 167 168 
10 24 35 84 164 165 166 168 
10 24 35 84 165 166 167 169 
10 35 36 56 168 170 
10 36 37 56 
10 36 37 38 56 85 86 87 88 172 173 
10 37 38 86 87 88 171 173 
10 37 38 85 86 87 89 171 172 
10 25 57 89 90 175 176 
10 25 57 89 90 91 174 176 
10 57 90 91 174 175 177 
10 25 26 57 91 176 178 180 
10 25 26 57 58 91 92 177 179 180 181 182 183 184 185 
10 25 26 57 58 91 92 177 178 180 181 182 183 184 185 
10 25 26 57 58 91 92 177 178 179 181 182 183 184 185 
10 25 26 57 58 91 92 178 179 180 182 183 184 185 
10 25 26 58 91 92 178 179 181 183 184 185 
10 25 26 39 58 92 178 179 180 181 182 184 185 
10 25 39 58 92 93 178 179 180 181 182 183 185 
25 27 39 58 92 93 178 179 180 181 182 183 184 
25 26 27 39 58 93 
27 28 40 41 59 94 
28 41 60 61 62 94 95 189 190 191 
28 41 60 61 62 94 95 188 190 191 
28 41 60 61 62 95 188 189 191 
28 41 60 61 62 95 96 188 189 190 
62 96 97 
11 98 99 193 
11 99 100 195 196 
11 99 100 194 196 
11 63 99 100 194 195 
11 63 101 198 199 200 
11 197 
11 63 101 197 198 200 
11 101 197 199 201 
11 64 101 
11 65 203 204 
11 64 65 202 204 
64 65 202 203 
66 102 206 
66 102 205 

