27 182
3 4 9 13 14 15 16 17 18 19 20 
1 3 4 10 11 17 19 20 
8 1 2 4 5 10 11 12 19 20 
8 1 3 5 10 11 12 20 
8 3 4 6 10 11 12 21 22 23 24 
8 5 7 23 24 25 26 
8 6 25 26 27 
3 5 6 7 10 11 12 21 22 23 24 25 26 27 
1 13 14 15 16 17 18 
8 2 3 4 5 11 12 19 20 21 
8 2 3 4 5 12 21 
8 3 4 5 10 11 21 22 23 
1 14 
9 13 15 16 
1 9 13 14 16 17 
1 9 14 15 17 18 
2 15 18 
1 2 9 16 19 
1 2 3 4 10 20 
1 2 3 4 10 19 
8 5 10 11 12 22 23 
8 5 12 24 
8 5 6 12 21 22 24 
8 5 6 22 23 
8 6 7 26 27 
8 6 7 25 27 
8 7 25 26 

