625 4599
607 2 3 4 
607 615 1 3 4 
607 1 2 4 
607 615 1 2 
604 607 608 610 611 615 616 617 6 7 8 
604 607 608 610 615 616 617 5 7 8 
604 607 608 610 611 616 617 5 6 8 
604 608 610 611 617 618 5 6 7 9 
604 608 611 617 618 8 
604 605 608 612 619 620 621 
605 612 
606 13 14 
606 12 14 
606 12 13 15 
606 613 14 16 17 
613 15 18 
15 16 18 19 
613 16 17 19 20 22 
613 622 17 18 20 21 22 23 
613 622 18 19 22 
613 622 18 19 20 22 23 24 
613 622 19 20 21 23 24 
613 614 622 19 20 21 22 24 25 26 27 
613 614 622 623 21 22 23 25 26 27 
614 622 624 22 23 24 27 
609 614 622 623 624 23 24 25 27 28 
609 614 622 623 624 23 24 25 26 28 
609 614 622 623 624 625 26 27 
372 609 625 
31 34 35 36 40 41 42 60 61 62 63 64 65 100 101 102 103 104 105 106 168 169 170 192 193 215 252 253 371 601 602 603 
30 36 37 44 45 72 73 110 
38 49 50 51 80 81 82 120 121 122 124 125 126 
55 56 57 58 91 93 94 95 137 138 139 140 141 142 143 144 145 
30 253 602 603 
30 41 62 63 64 65 104 105 106 
30 31 42 43 66 69 70 71 108 109 36 
31 44 45 72 73 110 
32 51 52 53 83 84 127 128 129 130 131 
58 59 97 98 99 148 149 150 
30 61 100 101 
30 35 62 63 102 103 104 105 
30 36 43 66 67 68 69 70 71 107 108 109 
36 42 66 67 68 69 70 71 108 109 
31 37 45 46 72 73 74 111 112 113 114 115 
31 37 44 46 72 73 74 111 112 113 114 115 116 
44 45 74 75 76 111 112 113 114 115 116 
48 77 78 117 118 
47 77 78 79 118 
32 50 79 80 120 121 122 
32 49 80 81 120 121 122 123 124 
32 38 52 126 127 128 129 
38 83 84 128 129 130 131 
38 85 132 53 
85 86 87 88 89 132 133 134 135 
33 56 57 91 92 93 137 138 139 140 141 
33 55 57 91 92 93 94 141 142 143 144 
33 55 56 93 94 141 142 143 144 
33 39 96 145 146 147 148 
39 97 98 149 150 
40 61 101 
30 40 60 
30 35 41 63 102 103 104 105 
30 35 41 62 105 
30 35 65 106 
30 64 106 
36 42 43 67 68 66 107 108 
42 43 66 68 107 108 
42 43 66 67 107 108 
42 43 70 71 108 
36 42 43 69 71 109 
42 43 69 70 109 
31 37 44 45 73 110 
31 37 44 45 72 
44 45 46 75 76 111 112 113 114 115 116 
46 74 76 111 113 114 115 116 
46 74 75 117 
48 78 118 
47 48 77 79 118 119 
48 49 78 118 119 
32 49 50 120 121 122 123 
32 50 82 122 123 124 125 
32 81 123 124 125 126 
38 52 84 129 130 131 
38 52 83 130 131 
53 54 86 87 88 132 
54 85 87 88 132 
54 85 88 133 
54 85 86 87 132 133 
54 90 133 134 135 
89 133 134 135 90 136 
33 55 56 92 93 137 138 139 140 141 
33 55 56 91 93 137 138 139 140 141 
33 55 56 57 91 92 94 141 142 143 
56 57 142 143 144 
33 58 96 145 146 147 
58 95 145 146 147 
39 59 98 149 
39 59 97 149 
39 59 98 150 151 
30 101 
30 60 100 
30 41 62 103 
30 41 62 102 
30 35 41 62 63 105 
30 35 41 62 63 104 
30 35 64 106 
42 66 67 68 
36 42 43 66 67 68 69 109 
43 69 71 108 
31 37 72 
44 46 74 75 112 113 114 115 116 
44 45 46 74 111 113 114 115 116 
45 46 74 75 111 112 114 115 116 
44 45 46 74 75 111 112 113 115 116 
44 45 46 74 75 111 112 113 114 116 
45 46 74 75 111 112 113 114 115 
47 76 
47 48 77 78 79 119 
78 79 118 
32 49 50 80 121 
32 49 50 80 120 
32 49 50 80 81 123 124 
32 50 81 82 122 124 125 
32 50 81 82 122 123 125 
32 81 82 123 124 
32 51 82 
38 51 126 128 
51 52 127 129 
38 51 52 83 128 130 
38 52 83 84 129 
52 83 84 
53 54 85 86 87 88 
54 87 88 90 134 135 
54 89 133 135 
54 90 133 134 
90 137 
33 55 91 136 138 139 140 
33 55 91 92 137 139 
33 55 92 137 138 140 
33 55 91 92 137 139 141 
33 55 56 57 91 92 93 140 142 
33 56 57 93 94 141 143 
33 56 57 93 94 142 
33 56 57 94 95 145 146 
33 95 96 144 146 
58 95 96 144 145 
95 96 
39 58 97 149 
59 97 98 148 
39 59 99 151 
99 150 
30 31 32 33 34 35 36 37 38 40 41 42 43 44 46 60 61 62 63 64 65 66 69 100 101 102 104 153 154 159 160 161 162 163 165 166 167 168 169 170 178 180 181 182 183 184 185 186 187 188 189 190 191 192 193 205 206 207 208 209 210 211 212 213 214 215 236 239 240 241 242 243 244 245 246 247 248 249 250 251 252 253 324 325 327 328 330 331 332 333 334 335 336 337 338 339 340 341 342 343 344 345 346 347 348 349 350 351 352 353 354 355 356 357 358 359 360 361 362 363 364 365 366 367 368 369 370 371 541 542 543 545 546 547 548 549 550 551 552 553 554 555 556 557 558 559 560 561 562 563 564 565 566 567 568 569 570 571 572 573 574 575 576 577 578 579 580 581 582 583 584 585 586 587 588 589 590 591 592 593 594 595 596 597 598 599 600 601 602 603 
152 156 157 158 171 172 173 222 223 224 271 272 273 274 275 276 277 278 153 403 404 405 406 407 408 409 410 411 412 413 414 415 416 417 
152 161 181 182 183 184 185 186 187 206 239 324 325 326 327 328 329 330 523 524 525 526 527 528 529 530 531 532 
156 194 195 216 217 372 373 374 375 609 613 614 622 623 624 625 26 27 28 29 
153 155 157 171 196 197 219 220 221 256 257 258 259 381 382 383 384 385 386 387 388 389 390 391 
153 156 158 171 222 264 265 266 267 268 269 270 398 400 401 402 
153 157 223 271 272 273 274 275 276 405 406 407 408 409 410 412 413 414 
152 163 164 174 175 198 226 227 285 287 288 289 290 433 434 435 436 437 438 439 440 441 442 443 444 
152 166 180 204 308 309 496 497 499 500 501 502 160 
152 154 181 182 183 235 236 237 238 316 317 318 319 320 321 511 512 513 514 515 516 517 518 519 
152 188 189 190 207 208 209 243 244 338 339 340 341 553 556 557 558 559 560 561 562 
159 164 174 175 289 290 291 292 442 443 444 445 446 447 448 
159 163 175 289 290 291 442 443 444 445 446 447 448 
152 160 166 180 204 233 308 309 492 493 494 495 496 497 498 499 
152 160 165 180 204 308 309 310 499 500 501 502 
152 211 248 249 349 350 352 353 354 577 578 579 580 581 
152 169 170 192 193 213 214 215 251 252 367 368 369 370 596 597 
152 168 170 192 193 215 251 252 253 367 368 369 370 371 596 597 598 599 600 
34 152 168 169 192 193 215 252 253 371 599 600 601 602 603 
153 156 157 222 262 263 264 265 266 267 268 398 399 400 401 
153 173 225 278 279 420 421 422 172 
153 172 225 280 281 
159 163 198 226 227 284 285 286 287 288 427 428 429 430 431 432 433 434 435 436 437 438 
159 163 290 291 292 293 446 447 448 
177 199 200 228 229 230 296 297 298 299 461 462 463 464 465 466 
176 200 228 229 230 298 299 465 466 467 468 
152 179 202 203 232 305 483 484 485 486 
202 203 232 305 483 485 
152 160 165 166 204 233 492 493 494 495 496 
152 154 161 182 183 205 236 237 238 320 321 322 323 518 519 520 521 522 
152 154 161 181 183 184 185 205 238 321 322 323 522 523 
152 154 161 181 182 184 185 205 321 322 323 522 523 
152 154 182 183 185 205 239 324 523 524 525 
152 154 182 183 184 205 239 324 325 326 524 525 
152 187 206 331 533 534 535 536 537 538 539 540 541 542 
152 154 186 206 240 241 242 332 333 334 543 544 545 546 547 548 549 550 
152 162 189 207 208 209 244 337 338 339 553 554 555 556 557 
152 162 188 208 209 244 338 339 340 341 556 557 558 559 560 
152 162 191 210 245 246 247 343 344 345 346 569 570 571 572 
152 190 210 245 246 247 344 345 346 572 573 
34 152 168 169 170 193 215 252 253 371 600 601 602 603 
34 152 168 169 170 192 215 253 371 601 602 603 
155 216 217 372 373 374 375 609 614 625 29 
155 196 217 218 376 195 
156 195 197 218 255 376 377 378 379 380 
196 218 219 254 255 256 381 382 
159 174 226 227 283 284 285 286 287 424 425 426 427 428 429 430 433 
176 200 295 297 453 454 455 456 457 458 459 460 461 
176 177 199 228 295 296 297 298 461 462 463 464 
231 300 301 302 473 474 475 476 
178 203 232 305 483 202 
178 179 202 232 305 483 484 
160 165 166 180 308 309 495 496 497 498 
152 154 181 182 183 184 185 324 523 524 525 
152 154 186 331 538 539 540 541 542 543 
152 162 188 243 336 337 552 553 554 
152 162 188 189 209 244 338 339 556 557 558 
152 162 189 208 244 338 339 340 557 558 559 
152 190 191 245 246 343 344 345 346 570 571 572 
152 167 247 248 347 348 349 350 
152 250 358 359 360 361 362 363 364 586 587 588 589 
152 168 214 250 251 364 365 366 590 591 592 593 594 
152 168 213 251 365 366 592 593 594 595 
152 168 169 170 193 252 370 598 599 600 
155 194 372 373 374 375 625 29 
155 194 195 375 
195 196 197 254 376 377 378 379 380 
156 197 256 258 381 382 
156 257 258 383 384 385 
156 259 260 261 392 393 394 395 396 
153 157 171 267 268 269 270 401 402 
153 158 273 274 275 276 413 414 
153 415 418 419 
172 173 422 
159 174 198 227 284 285 286 287 427 428 429 430 431 432 433 434 435 
159 174 198 226 285 286 287 429 430 431 432 433 434 435 436 
176 177 199 200 229 230 296 297 298 461 462 463 464 465 
176 177 228 230 299 465 466 
176 177 228 229 299 465 466 
201 302 303 475 476 477 478 479 480 481 482 
178 179 202 203 305 483 
165 180 307 488 489 490 491 
310 311 312 313 503 504 505 506 
161 315 316 317 512 
152 161 181 237 238 320 321 515 516 517 518 519 520 
161 181 236 238 321 322 323 518 519 520 521 
161 181 182 236 237 322 323 518 519 520 521 
152 154 184 185 324 325 326 
152 187 241 242 332 333 545 546 547 548 549 
187 240 242 332 333 334 546 547 548 549 550 
152 187 240 241 332 333 334 335 550 551 
152 162 188 207 337 
152 162 188 189 208 338 339 556 557 
152 191 210 246 343 344 569 570 
152 190 191 210 245 343 344 569 571 
152 190 191 211 248 346 347 348 573 574 575 576 
152 167 211 247 347 348 575 576 
152 167 353 354 579 580 581 582 
212 213 362 363 364 365 588 589 590 591 
152 168 213 214 367 368 595 
152 168 169 170 192 215 370 598 599 
152 169 170 192 193 371 601 602 
196 197 218 255 379 380 
197 254 256 380 381 
197 219 255 381 382 
156 219 220 258 383 
156 219 220 257 383 384 
156 221 387 388 389 390 391 392 393 
221 261 262 263 394 395 396 397 
221 260 262 263 394 395 396 397 
171 260 261 263 396 398 
171 260 261 262 396 397 398 399 
157 171 265 398 399 400 
157 171 264 266 400 
157 171 265 
157 171 222 268 269 270 401 
157 171 222 267 270 401 
157 222 267 268 270 401 
157 222 267 268 269 402 
153 158 403 404 405 
153 158 407 408 409 410 411 412 
153 158 223 274 275 276 412 413 414 
153 158 223 273 275 276 412 413 414 
153 158 223 273 274 276 413 414 
153 158 273 274 275 414 
153 416 417 
153 172 224 279 418 419 
278 419 
173 281 
173 280 
283 423 282 
198 282 284 423 424 425 426 
174 198 226 283 285 424 425 426 427 428 
159 174 198 226 227 284 286 427 428 429 430 431 432 
174 198 226 227 285 428 430 431 432 
159 174 198 226 227 432 433 434 435 436 437 
159 174 437 438 439 
159 163 164 442 443 444 
159 163 164 175 444 445 446 447 448 
164 175 292 293 449 
163 175 291 293 
175 291 292 294 449 450 451 
293 449 450 451 452 453 
199 200 296 454 455 456 457 458 459 460 461 
176 199 200 228 295 297 457 458 459 460 461 462 
176 199 200 228 296 298 461 462 463 
176 177 200 228 297 463 464 465 
176 177 229 230 465 466 467 
201 301 471 472 473 474 
201 473 474 
201 231 475 476 
231 304 481 482 
303 304 
178 202 203 232 483 
307 487 488 
233 306 487 488 
160 165 166 204 309 496 497 498 499 
160 165 166 204 308 498 499 
166 234 311 
310 503 
234 311 313 503 504 
234 312 503 504 505 506 
315 507 508 509 510 
235 314 316 507 508 509 510 
161 235 315 507 510 511 512 
161 235 318 319 512 513 514 
161 317 319 513 514 
161 317 318 513 514 
161 181 236 515 516 517 
161 181 182 183 236 237 238 322 323 519 520 521 
181 182 183 238 321 323 520 521 
181 182 183 237 321 322 520 521 
152 154 184 185 205 239 525 
152 154 185 239 326 
154 185 239 325 
152 154 526 527 
152 154 329 330 528 529 530 531 
154 328 330 528 529 531 
152 154 328 329 531 532 533 
152 186 206 534 535 536 537 539 540 
152 187 240 241 242 333 545 546 547 548 549 
152 187 240 242 332 334 548 549 550 
152 187 241 242 333 335 550 551 
152 242 336 551 
152 207 335 552 
152 188 207 243 
152 162 188 189 208 209 244 339 556 557 
152 162 188 208 209 244 338 556 557 558 
152 162 209 341 559 560 561 
152 162 189 340 559 560 
152 162 562 563 564 565 
152 190 210 245 246 566 567 568 569 570 571 
152 190 191 210 245 246 345 572 
152 190 191 210 344 346 572 
152 190 191 210 247 345 572 573 
152 211 247 248 348 575 576 
152 211 247 248 347 576 
152 167 211 350 577 
152 167 211 349 351 352 577 
152 167 350 352 578 
152 167 350 351 578 
152 249 354 579 580 581 
152 167 249 353 579 580 581 582 
152 356 583 584 
152 355 357 583 584 
152 356 
152 212 359 360 361 362 586 588 
152 212 358 360 361 362 586 587 588 
152 212 358 359 361 362 587 588 
152 212 358 359 360 362 363 587 588 
152 212 250 358 359 360 361 363 588 589 
152 212 250 361 
152 212 213 250 365 590 591 
152 213 214 250 364 366 590 591 592 593 594 
152 213 214 593 594 
152 168 169 251 368 369 596 597 
152 168 169 251 367 369 596 597 
152 168 169 367 368 596 597 
152 168 169 215 598 
152 169 170 192 193 253 600 601 
155 216 373 29 
155 194 216 372 374 375 
155 194 216 373 375 
155 194 216 217 373 374 
195 196 218 377 
196 218 376 378 
196 218 377 379 
196 218 380 
196 218 254 379 
156 197 219 255 256 382 
156 197 219 256 381 
156 220 257 384 
156 258 383 385 
156 220 384 
156 388 
259 386 388 389 
156 259 386 389 390 
156 259 387 388 390 391 
156 388 389 
156 259 389 390 392 
221 259 391 393 
221 259 392 
221 260 261 395 396 
221 260 261 394 396 
221 260 261 262 263 394 395 397 
260 261 263 396 398 
157 171 262 263 264 399 
263 264 398 
157 171 264 265 266 
157 171 222 267 268 269 
157 222 270 153 
153 158 271 404 
153 271 403 
158 271 406 
153 158 405 407 
153 158 272 406 408 409 
153 158 272 407 409 410 
153 158 272 407 408 410 411 412 
153 158 272 408 409 411 412 
153 158 272 410 412 
153 158 272 273 274 409 410 411 413 
153 158 223 273 274 275 276 412 414 
153 158 223 273 274 275 276 413 
153 224 277 416 417 
153 277 415 417 
153 277 415 416 
224 419 
224 278 279 418 
172 421 
172 420 422 
172 225 421 
282 283 424 
198 283 284 423 425 
198 283 284 424 426 
198 283 284 424 425 427 
174 198 226 284 285 426 428 
174 198 226 284 285 286 427 429 
174 198 226 227 286 428 430 431 
174 198 226 227 285 429 431 432 433 
174 198 226 227 285 286 429 430 432 433 
174 198 226 227 285 286 287 430 431 433 434 435 
159 174 198 226 227 287 430 431 432 434 435 436 
159 174 226 227 287 432 433 435 436 
174 226 227 287 432 433 434 436 
159 174 227 287 433 434 435 437 
159 174 287 288 436 438 
159 174 288 437 
159 288 438 440 
159 439 441 
159 440 
159 163 164 289 443 
159 163 164 442 444 
159 163 164 289 443 445 
163 164 290 444 
163 164 175 290 447 448 
163 164 175 290 446 
163 164 175 446 447 
291 293 294 450 451 
293 294 449 451 452 
293 294 449 450 452 
294 450 451 453 
199 294 452 
199 295 455 456 
199 295 456 457 458 459 460 
199 295 454 457 458 
199 295 296 455 456 458 459 460 
199 295 296 455 456 457 459 460 
295 296 455 457 458 460 
199 295 296 455 457 458 459 
176 199 200 228 295 296 297 462 
176 200 228 296 297 461 
176 200 228 297 298 464 
176 200 228 298 463 465 
176 177 228 229 230 298 299 
176 177 229 230 299 467 
177 299 466 
177 470 471 
300 468 470 471 472 
300 468 469 471 472 
300 468 469 470 472 
300 469 470 471 473 
201 300 301 472 
201 300 301 302 475 
231 302 474 476 
201 231 302 475 
231 478 479 481 
231 477 479 480 481 
231 477 478 480 481 
231 477 478 479 
231 303 477 478 479 480 482 
231 303 481 
178 179 202 203 232 305 
178 179 203 485 486 
178 179 484 486 
178 484 
306 307 488 
233 306 307 487 
490 491 
233 489 491 
233 490 
165 180 493 494 
165 180 494 
165 180 492 493 495 
165 180 204 494 
160 165 180 204 308 497 498 
160 165 204 308 496 498 
165 204 308 309 496 497 
160 165 166 308 309 500 
160 166 499 501 
160 166 500 502 
160 166 501 
234 311 312 313 504 
234 312 313 503 
234 313 504 506 
234 313 505 
314 315 316 508 509 510 
315 507 509 510 
315 507 508 510 
314 315 316 507 509 
161 235 316 512 
161 235 316 317 511 
161 317 318 514 
161 317 318 319 513 
161 236 320 516 517 
161 236 515 517 
161 236 320 515 516 
161 181 236 237 519 
161 181 236 237 238 321 518 520 521 
181 236 237 238 321 322 323 519 521 
181 236 237 238 321 322 323 519 520 
181 182 183 
154 182 184 205 524 
154 184 185 205 523 525 
154 184 185 205 324 524 
154 527 
154 327 526 528 
154 327 329 529 530 
154 328 329 528 530 
154 328 329 528 529 
154 329 330 532 
154 330 531 
186 330 534 
186 331 533 535 536 537 
186 331 534 536 537 
186 331 534 535 537 
186 206 331 534 535 536 538 540 
186 331 537 539 540 
186 206 331 537 538 540 
206 331 537 538 539 
152 206 542 
152 186 206 541 543 544 
152 187 206 542 544 
187 543 
152 187 240 332 546 547 
152 187 240 241 332 545 547 548 549 
152 187 240 241 332 545 546 548 549 
152 187 240 241 332 333 546 547 549 
152 187 240 241 332 333 546 547 548 
152 187 242 333 334 
152 242 334 335 
207 336 
152 162 188 207 243 554 555 
152 188 207 553 555 
152 188 553 554 
152 162 189 208 209 244 338 339 557 
152 162 188 189 208 209 244 338 339 556 558 
152 162 189 208 209 339 557 
152 162 189 209 340 341 560 
152 162 189 340 341 559 
152 162 340 341 560 562 
152 162 342 563 
342 562 
152 342 
152 342 564 566 567 568 
152 343 565 567 568 
152 565 566 568 569 
152 343 565 566 567 569 
152 190 245 246 343 568 570 571 
152 190 210 245 246 343 569 571 
152 190 210 245 246 343 569 
152 190 191 210 344 345 346 
152 191 346 574 575 
152 247 575 
152 247 248 347 573 574 
152 247 248 347 348 
152 167 211 349 350 
351 352 
152 167 249 353 354 580 581 582 
152 167 249 353 354 579 581 582 
152 167 249 353 354 579 580 582 
152 249 354 579 580 581 
152 355 584 585 
152 356 583 585 
152 355 356 583 
152 212 358 359 360 587 
152 212 358 359 360 361 586 
152 212 250 358 359 360 361 362 363 
152 212 250 362 363 
152 213 250 365 591 
152 213 250 364 365 590 
152 213 214 365 366 593 594 
152 213 214 365 366 592 594 
152 213 214 365 366 592 593 
152 168 214 251 
152 168 169 367 369 597 
152 168 169 367 368 369 596 
152 215 252 599 
152 169 170 215 252 598 
152 169 170 192 215 371 
152 170 192 193 253 371 
152 170 192 193 253 603 
152 170 192 193 602 
605 607 608 610 611 612 615 616 617 618 619 620 621 5 6 7 8 9 10 
604 606 608 611 612 618 619 620 621 10 11 
605 613 12 13 14 15 
608 610 611 615 616 617 1 2 3 4 5 6 7 
604 605 607 610 611 612 615 617 618 619 620 6 7 8 9 10 
194 216 372 373 374 614 622 623 624 625 26 27 28 29 
607 608 611 615 616 617 5 6 7 8 
604 605 607 608 610 615 616 617 618 5 6 7 8 9 
604 605 608 619 620 621 10 11 
606 614 622 15 16 17 18 19 20 21 22 23 
609 613 622 623 624 625 23 24 25 26 27 28 
604 607 608 610 611 616 617 2 5 6 
604 607 610 611 615 617 5 6 7 
604 607 608 610 611 615 616 618 5 6 7 8 9 
604 605 608 611 617 619 8 9 
604 605 608 612 618 620 621 10 
604 605 608 612 619 621 10 
604 605 612 619 620 10 
609 613 614 623 624 19 20 21 22 23 24 25 26 27 28 
609 614 622 624 625 24 25 26 27 28 
609 614 622 623 625 25 26 27 28 
372 609 614 623 624 28 29 

