141 1183
68 71 81 105 140 141 
68 77 83 107 108 109 110 111 112 3 4 
68 77 83 107 108 109 110 111 112 2 4 
68 77 83 109 110 111 112 2 3 
66 77 109 110 111 112 6 
66 77 112 5 
66 69 78 84 113 114 8 9 
66 69 78 113 114 7 9 
66 69 78 84 113 114 7 8 
66 69 78 84 114 
65 66 69 79 84 85 12 
65 69 79 84 85 115 116 11 
65 67 79 86 87 88 117 14 15 
67 79 86 88 117 13 15 
65 67 86 87 88 117 13 14 16 
65 67 86 87 88 117 15 17 18 
65 67 87 88 16 18 
65 87 88 16 17 19 
65 67 18 20 21 22 
65 19 21 22 23 
65 67 19 22 23 
65 67 19 21 23 
65 67 20 21 22 
65 67 89 25 
65 67 89 24 
65 89 90 91 118 
70 90 91 118 119 26 
65 70 119 29 
65 70 28 30 
65 70 120 29 31 
70 120 121 30 32 33 
65 70 72 120 121 31 33 
65 70 72 80 120 121 31 32 34 
65 72 80 120 121 33 
65 72 80 36 37 
65 72 80 35 37 
65 72 80 92 35 36 38 39 
65 72 80 92 37 39 40 
72 80 37 38 40 
65 92 38 39 41 
72 92 40 
73 122 43 44 
73 122 42 44 
73 122 42 43 
73 93 94 122 123 124 125 126 46 
73 93 94 124 126 45 47 
73 93 94 124 125 126 46 48 
94 47 48 
95 50 51 
95 49 51 52 
95 49 50 52 
95 96 127 50 51 53 54 55 56 
95 96 97 127 128 52 54 55 56 
95 96 97 127 128 52 55 56 
95 96 97 127 128 52 53 54 56 
74 96 97 127 128 52 53 55 
74 96 97 98 127 128 58 59 
74 97 98 57 59 
74 98 57 58 
99 129 
99 129 62 
100 130 61 
100 130 131 64 
100 131 63 
66 67 68 69 70 71 72 73 74 77 78 79 80 84 85 86 87 88 89 91 92 93 113 114 115 116 117 118 119 120 121 122 11 12 13 14 15 16 17 18 19 20 21 22 23 24 25 26 27 28 29 30 31 32 33 34 35 36 37 38 40 
65 67 68 69 71 77 78 79 82 83 84 85 107 109 110 111 112 113 114 115 2 5 6 7 8 9 10 11 
65 66 69 70 79 86 87 88 89 90 91 117 118 13 14 15 16 17 18 19 20 21 22 23 24 25 
65 66 71 76 77 81 82 83 104 105 106 68 107 108 109 110 111 112 139 140 141 1 2 3 4 
65 66 67 78 79 84 85 86 113 114 116 8 9 10 11 12 
65 67 72 80 90 91 118 119 120 27 28 29 30 31 32 33 
65 66 68 75 76 81 82 71 104 105 106 138 139 140 141 1 
65 70 73 80 92 120 121 32 33 34 35 36 37 38 39 40 41 
65 72 92 93 94 122 123 124 125 126 42 43 44 45 46 47 
65 95 97 98 99 127 128 129 56 57 58 59 
71 76 101 102 103 132 133 134 135 136 137 
68 71 75 81 104 138 
65 66 68 82 83 107 108 109 110 111 112 2 3 4 5 6 
65 66 69 84 113 114 115 7 8 9 10 
65 66 67 69 84 85 86 87 88 115 116 117 11 12 13 14 
65 70 72 92 120 121 33 34 35 36 37 38 39 
68 71 76 104 105 138 139 140 141 1 
66 68 71 77 83 106 107 108 
66 68 77 82 107 108 109 110 111 112 2 3 4 
65 66 69 78 79 85 114 115 7 9 10 11 12 
65 66 69 79 84 86 115 116 11 12 
65 67 69 79 85 88 116 117 13 14 
65 67 79 86 88 117 14 15 16 17 18 
65 67 79 86 87 117 13 14 15 16 17 18 
65 90 118 24 25 26 
65 67 70 89 91 118 119 26 27 
65 67 70 90 118 119 26 27 
72 73 80 37 38 39 40 41 
65 73 94 122 123 124 125 45 46 47 
73 123 124 125 126 45 46 47 48 
127 49 50 51 52 53 54 55 
97 98 128 52 53 54 55 56 57 
74 96 98 127 128 53 54 55 56 57 58 
74 96 97 127 128 57 58 59 
74 129 60 61 
130 131 62 64 
75 102 103 132 
75 101 103 132 133 134 135 
101 102 132 133 134 135 136 
68 71 76 81 105 139 
68 71 104 139 140 141 1 
68 71 82 
66 68 77 82 83 108 2 3 
68 77 83 107 109 2 3 
66 68 77 83 107 108 110 111 112 2 3 4 5 
66 68 77 109 111 112 2 4 5 
66 68 77 83 109 110 112 2 3 5 
66 68 83 109 110 111 2 3 4 5 6 
65 66 69 78 114 7 8 9 
65 66 69 78 84 113 7 8 9 10 
65 66 69 78 79 84 85 10 11 12 
65 69 79 85 86 12 
65 67 79 86 87 88 13 14 15 16 
65 67 70 89 90 91 119 26 27 
65 70 90 91 118 27 28 
65 70 72 80 121 30 31 32 33 34 
65 70 72 80 120 31 32 33 34 
65 73 93 123 124 42 43 44 45 
73 93 94 122 124 125 126 45 
73 93 94 122 123 125 126 45 46 47 
73 93 94 123 124 126 45 46 47 
73 93 94 123 124 45 46 47 
74 95 96 97 98 128 52 53 54 55 56 57 
74 96 97 98 127 53 54 55 56 57 
74 99 60 61 
131 62 63 
100 130 63 64 
75 101 102 103 133 134 135 
75 102 103 132 134 135 136 
75 102 103 132 133 135 136 
75 102 132 133 134 136 137 
75 103 133 134 135 137 
75 135 136 
71 76 81 104 
68 71 81 104 105 140 141 
68 71 81 105 139 141 1 
68 71 81 105 139 140 1 

