39 301
39 2 11 12 30 32 37 16 6 7 8 9 28 29 36 33 31 
39 1 12 30 32 37 16 8 9 36 33 31 34 
15 17 
5 18 21 22 23 
11 4 21 22 23 
39 1 11 12 7 24 26 25 27 28 29 
39 1 11 12 6 24 26 25 27 28 29 
39 1 2 12 30 32 36 33 31 
39 1 2 30 32 37 16 31 34 35 
16 38 
39 1 12 4 5 6 7 21 23 24 26 25 27 28 
39 1 2 11 6 7 8 27 28 29 36 33 
14 20 15 
13 20 
3 13 20 17 15 
39 1 2 30 32 37 9 10 34 35 38 
3 17 19 
4 17 19 21 22 23 
17 18 21 22 23 
14 13 15 
11 4 5 18 19 22 23 
4 5 18 19 21 23 
11 4 5 18 19 21 22 
39 11 6 7 26 25 27 28 
39 11 6 7 24 26 27 
39 11 6 7 25 27 
39 11 12 6 7 24 26 25 28 29 
39 1 11 12 6 7 24 27 29 
39 1 12 6 7 27 28 
39 1 2 32 37 16 8 9 33 31 34 
39 1 2 30 32 8 9 33 
39 1 2 30 37 16 8 9 31 34 35 
39 1 2 12 30 8 31 
2 30 32 37 16 9 35 
32 37 16 9 34 
39 1 2 12 8 
1 2 30 32 16 9 31 34 
16 10 
1 2 11 12 30 32 37 16 6 7 8 9 24 26 25 27 28 29 36 33 31 

