90 634
7 11 12 13 22 23 24 25 46 47 48 49 50 51 
3 4 15 16 32 33 34 66 67 
2 4 15 16 34 66 67 
2 3 15 16 17 34 35 66 67 
6 8 9 17 36 37 38 39 40 71 72 73 74 75 
5 8 9 10 18 19 40 72 73 74 75 76 
1 13 26 28 29 52 53 54 55 56 57 58 59 60 
5 6 9 10 18 19 39 40 72 73 74 75 76 
5 6 8 10 18 19 40 41 76 77 78 79 
6 8 9 19 20 41 42 77 78 79 80 81 82 
1 12 22 45 46 47 
1 11 22 46 47 
1 7 14 26 27 28 52 53 54 56 57 58 
7 13 26 27 28 54 55 56 57 58 59 60 61 
2 3 4 32 33 66 
2 3 4 34 67 68 
4 5 34 35 36 37 38 68 69 70 
6 8 9 19 40 72 73 74 75 76 
6 8 9 10 18 40 41 76 77 
10 42 43 81 
43 44 83 84 85 86 87 88 89 90 
1 11 12 47 
1 24 48 49 50 51 
1 23 25 48 49 50 51 
1 24 
7 13 14 27 28 52 53 54 55 56 57 
7 13 14 26 28 52 53 54 55 56 57 58 59 
7 13 14 26 27 54 55 56 57 58 59 
7 30 31 60 61 62 
29 31 32 33 63 64 65 
29 30 32 33 63 64 
2 15 30 31 33 63 64 65 
2 15 30 31 32 63 64 65 
2 3 4 16 17 35 36 68 69 70 
4 17 34 36 68 69 70 
5 17 34 35 37 38 68 70 
5 17 36 38 39 71 
5 17 36 37 39 70 71 
5 8 37 38 71 72 
5 6 8 9 18 19 75 
9 10 19 77 78 79 80 
10 20 81 82 
20 21 44 43 83 
21 43 83 84 86 87 
11 46 
11 12 45 
1 11 12 22 
1 23 24 49 50 51 
1 23 48 50 51 
1 23 24 48 49 51 
1 23 24 48 49 50 
7 26 27 53 54 
7 13 26 27 54 
7 13 14 26 27 28 52 53 55 56 57 
7 13 26 27 28 54 56 57 58 59 
7 13 14 26 27 28 54 55 57 58 59 
7 13 14 26 27 28 55 56 58 59 
7 13 14 27 28 55 56 57 59 60 
7 14 27 28 55 56 57 58 60 
14 29 58 59 61 62 
14 29 60 62 
29 60 61 
31 32 33 64 65 
30 31 32 33 63 65 
30 31 32 33 63 64 
2 4 15 67 
2 3 4 16 66 
4 16 17 34 35 36 
17 34 35 68 
17 34 35 36 37 38 
5 37 38 39 72 
5 6 8 18 39 71 73 74 
5 6 8 18 72 74 
6 8 18 72 73 
5 6 18 40 
6 8 9 19 40 
9 10 19 41 78 79 80 
9 10 41 77 79 80 
10 41 77 78 80 
10 41 77 78 79 81 
10 42 80 82 
10 42 81 
21 43 44 84 85 86 87 88 
21 44 83 85 86 87 
21 44 83 84 86 88 
21 44 83 84 85 87 88 
44 83 84 86 
21 83 85 86 87 89 
21 88 90 
21 89 

