260 2447
105 111 112 147 148 169 
118 153 258 259 10 
95 175 176 177 178 4 
95 175 176 177 178 3 
95 178 179 
95 178 179 5 
95 133 179 8 9 
95 133 179 7 9 13 
95 133 179 7 13 
118 153 258 259 2 
77 133 134 180 181 182 13 12 173 
77 133 134 180 181 11 173 14 
133 180 181 8 9 11 
77 134 180 181 182 12 173 15 
77 134 182 183 14 
77 183 184 185 17 
77 184 185 186 16 18 19 
77 184 185 186 17 19 
77 184 185 186 187 17 18 20 21 
77 184 185 186 187 19 21 22 
77 185 186 187 19 20 22 
77 186 187 188 20 21 23 
77 187 188 22 24 
107 23 
107 135 189 190 26 27 
107 189 190 25 27 
107 135 189 25 26 
108 136 191 192 29 30 
108 136 192 28 30 
96 108 136 28 29 31 32 
96 108 136 137 192 194 30 32 
96 108 136 137 192 194 196 30 31 
78 96 109 138 139 195 197 199 166 34 
78 96 109 139 199 166 167 33 35 36 
78 96 109 139 199 166 167 34 36 
78 109 139 199 166 167 34 35 
78 97 110 140 141 142 200 201 202 203 38 
80 97 110 141 142 203 204 205 37 
80 81 98 40 
81 98 39 41 42 
81 98 40 
81 98 209 40 41 43 
81 82 98 209 210 42 
82 209 210 211 212 213 214 45 46 
75 82 209 210 211 212 213 214 44 46 
75 82 209 210 211 212 213 214 44 45 
75 82 213 214 215 
75 82 214 47 
75 82 143 215 50 257 
75 82 143 215 49 257 
117 73 74 
75 99 143 144 145 53 
75 99 144 145 52 54 57 260 
99 144 53 55 57 260 
75 99 144 145 53 54 57 260 
118 244 255 61 256 258 
75 99 144 145 53 54 55 260 
75 99 104 111 216 193 198 127 
75 104 111 146 198 127 223 222 60 
111 146 147 127 223 222 59 
118 244 255 56 256 
105 112 224 225 63 
105 112 113 149 225 226 227 228 62 64 65 
105 112 113 149 224 225 226 227 63 65 
105 112 113 149 224 225 226 227 228 63 64 
83 113 114 115 149 150 228 229 
84 116 152 233 243 68 69 70 
84 116 233 243 67 69 70 
84 116 117 233 243 67 68 70 71 72 
84 116 117 233 243 67 68 69 71 72 
84 116 117 233 243 69 70 72 73 
84 116 117 233 243 69 70 71 73 
84 116 117 243 71 72 74 51 
84 116 117 73 51 
78 80 81 82 83 97 98 99 104 105 111 112 143 144 145 146 147 148 209 210 211 212 213 214 215 216 193 198 127 223 222 169 44 45 46 47 48 49 50 257 52 53 54 57 260 58 59 
79 87 100 101 102 122 123 158 159 217 218 219 220 221 125 132 157 168 84 106 118 119 120 153 154 155 156 246 248 249 250 247 93 94 121 124 126 128 130 131 
78 95 107 133 134 135 180 181 182 183 184 185 186 187 188 189 190 11 12 173 14 15 16 17 18 19 20 21 22 23 24 
75 77 80 81 96 97 108 109 136 137 138 139 140 141 142 194 196 195 197 199 166 167 200 201 202 203 204 33 34 35 36 37 
87 100 102 122 123 158 159 160 161 162 221 125 132 157 168 174 170 129 251 106 156 
75 78 81 82 96 97 98 110 140 141 142 200 202 203 204 205 206 207 208 37 38 
75 78 80 82 97 98 110 206 207 208 209 39 40 41 42 43 
75 80 81 98 99 143 209 210 211 212 213 214 42 43 44 45 46 47 48 49 50 257 
75 84 105 112 113 114 115 116 117 149 150 151 152 230 231 232 66 
76 83 117 118 151 152 233 243 255 67 68 69 70 71 72 73 74 51 
118 245 86 88 
118 153 245 85 88 
79 100 101 102 103 123 161 162 163 164 165 251 252 253 254 234 235 236 237 238 240 
245 246 85 86 90 91 
154 155 246 90 91 92 
154 246 88 91 92 89 
154 246 88 90 92 
154 246 90 91 89 
119 154 155 94 
76 106 119 155 248 250 93 
77 133 175 176 177 178 179 3 4 5 6 7 8 9 
78 80 108 109 136 137 138 139 140 192 194 196 195 197 199 166 167 30 31 33 34 35 
75 78 80 81 98 141 142 202 203 204 205 206 207 208 37 38 
75 80 81 82 97 110 207 208 209 39 40 41 42 43 
75 82 104 111 143 144 145 215 216 193 52 53 54 55 57 260 58 
79 87 101 102 123 158 159 160 161 162 168 171 174 170 129 251 
79 87 100 102 123 160 161 162 174 170 129 251 252 253 254 
79 87 100 101 103 123 161 162 163 164 129 251 252 253 254 234 
87 102 163 164 165 235 236 237 238 239 240 241 242 
75 99 105 111 144 145 146 216 193 198 127 223 222 260 58 59 
75 83 104 111 112 113 146 147 148 149 222 169 172 224 225 226 227 1 62 63 64 65 
122 76 119 120 154 155 156 248 249 250 247 94 121 124 126 128 130 131 
77 135 188 189 190 191 24 25 26 27 
78 96 109 136 137 138 191 192 194 196 195 28 29 30 31 32 
78 96 108 136 137 138 196 195 197 199 166 167 33 34 35 36 
78 80 81 97 98 140 141 142 202 203 204 205 206 37 38 
75 99 104 105 112 146 147 148 216 193 198 127 223 222 169 172 58 59 60 1 
75 83 105 111 113 146 147 148 149 150 169 172 224 225 226 227 228 1 62 63 64 65 
83 105 112 114 115 149 150 224 225 226 227 228 229 63 64 65 66 
83 113 115 149 150 151 228 229 230 66 
83 113 114 149 150 151 230 66 
83 84 117 152 233 243 67 68 69 70 71 72 73 74 
83 84 116 233 243 244 69 70 71 72 73 74 51 
76 84 153 244 255 245 56 61 256 258 259 2 10 85 86 
76 106 120 154 155 156 248 249 250 247 93 94 121 126 
76 106 119 156 248 249 250 247 121 126 128 130 
76 106 120 249 250 247 124 
79 217 218 219 220 221 156 
79 87 100 101 102 160 161 162 174 170 129 251 252 253 254 
76 106 119 120 249 250 247 121 126 128 
79 158 221 132 157 
76 106 120 156 247 121 124 128 
75 104 111 146 216 193 198 223 58 59 60 
76 106 120 156 247 124 126 
79 100 101 123 161 162 174 170 251 
76 106 120 156 131 
217 218 76 106 156 
79 158 221 125 157 
77 95 134 179 180 181 182 7 8 9 13 11 173 
77 133 180 181 182 11 14 15 
77 107 188 189 190 191 25 26 27 
78 96 108 109 137 138 192 194 196 195 28 30 31 32 
96 108 109 136 138 192 194 196 195 197 31 32 
78 96 108 136 137 139 194 196 195 197 199 33 
78 96 109 138 195 197 199 166 167 33 34 35 36 
78 80 96 109 110 141 200 201 202 37 
78 80 97 110 140 142 200 201 202 203 204 205 37 38 
78 80 97 110 141 202 203 204 205 37 38 
75 82 99 144 215 49 50 257 52 
75 99 104 143 145 52 53 54 55 57 260 
75 99 104 143 52 53 54 55 57 260 
75 104 105 111 112 147 148 198 127 223 222 169 172 59 60 
75 105 111 112 146 148 223 222 169 172 60 1 
75 105 111 112 146 147 222 169 172 
83 105 112 113 114 115 150 224 225 226 227 228 229 63 64 65 66 
83 112 113 114 115 149 226 227 228 229 66 
83 84 114 115 152 231 232 
83 84 116 151 232 233 67 
76 118 245 258 259 2 10 85 86 
76 106 119 155 246 90 91 92 89 93 
76 119 154 248 89 93 94 
122 76 106 119 120 247 126 128 130 131 
79 158 168 
79 100 159 221 125 132 157 168 
79 100 158 160 168 171 
79 100 101 159 161 171 174 
79 87 100 102 123 160 162 174 170 129 251 
79 87 100 101 102 123 161 170 129 251 
87 102 103 164 165 234 235 236 237 238 239 
87 102 103 163 165 234 235 236 237 238 239 240 
87 103 163 164 235 236 237 238 239 240 241 242 
78 96 109 139 199 167 33 34 35 36 
78 96 109 139 199 166 33 34 35 36 
79 100 158 159 157 171 
75 105 111 112 146 147 148 222 172 1 
79 100 101 123 160 161 162 174 129 
79 100 159 160 168 
105 111 112 146 147 148 169 1 
77 133 134 180 181 182 11 12 14 
79 100 101 123 160 161 162 170 129 
95 176 177 4 
95 177 178 3 4 
95 175 176 178 3 4 
95 176 177 3 4 5 6 
95 133 5 6 7 8 9 
77 133 134 181 182 11 12 173 14 
77 133 134 180 182 13 11 12 173 14 
77 133 134 180 181 183 11 173 14 15 
77 182 184 15 16 
77 183 185 187 16 18 19 20 
77 184 186 187 16 17 18 19 20 21 
77 184 185 187 17 18 19 20 21 22 
77 184 185 186 188 20 21 22 23 
77 107 135 187 22 23 24 
77 107 135 190 25 26 
77 107 135 189 25 26 
107 108 135 
96 108 136 137 194 28 29 30 31 32 
75 99 111 216 198 127 58 
78 96 108 136 137 138 192 196 195 31 
78 96 108 109 136 137 138 139 194 196 33 
78 96 108 109 136 137 138 194 195 32 
78 96 109 137 138 139 196 195 199 33 
75 104 111 146 216 193 127 223 59 
78 96 109 138 139 197 166 167 33 34 35 36 
78 80 140 141 201 202 37 
78 140 141 200 202 37 
78 80 97 110 140 141 142 200 201 203 37 
78 80 97 110 141 142 202 204 205 37 38 
78 80 97 110 141 142 205 38 
80 97 110 141 142 203 204 206 38 
80 81 97 110 205 
80 81 97 98 208 
80 98 
75 81 82 98 210 211 212 213 214 42 43 44 45 46 
75 82 209 211 212 213 214 43 44 46 
75 82 209 210 212 213 214 44 45 46 
75 82 209 210 211 214 44 45 46 
75 82 209 210 211 212 214 44 45 46 47 
75 82 209 210 211 212 213 44 45 46 47 48 
75 82 99 143 47 49 50 257 
99 104 111 193 198 127 58 
122 218 219 131 
122 217 219 220 131 
122 217 218 220 
122 218 219 221 
79 122 158 125 132 
75 104 105 111 146 147 148 223 169 59 60 
75 104 111 146 147 198 127 222 59 60 
105 112 113 149 225 226 227 62 63 64 65 
105 112 113 149 224 226 227 62 63 65 
105 112 113 149 150 224 225 227 228 229 63 64 65 
105 112 113 149 150 224 225 226 228 229 63 64 65 
112 113 114 149 150 226 227 229 63 65 66 
113 114 149 150 226 227 228 66 
83 114 115 151 231 
83 151 230 232 
83 151 152 231 
84 116 117 152 243 67 68 69 70 71 72 
87 102 163 164 235 236 237 238 
87 103 163 164 165 234 236 237 238 
87 103 163 164 165 234 235 237 238 239 
87 103 163 164 165 234 235 236 238 240 
87 103 163 164 165 234 235 236 237 239 240 
87 103 163 164 165 236 237 238 240 241 
87 103 164 165 237 238 239 241 242 
103 165 239 240 242 
103 165 240 
84 116 117 233 67 68 69 70 71 73 
84 117 118 255 56 61 256 258 
118 153 246 85 86 88 
76 154 88 90 91 92 89 
76 106 119 120 156 248 249 250 121 124 126 128 
76 106 119 120 155 250 247 94 121 
76 106 119 120 248 250 247 94 121 124 
76 106 119 120 248 249 247 94 121 124 
79 87 100 101 102 123 161 162 129 252 
87 101 102 251 253 254 
87 101 102 123 252 254 
87 101 102 123 253 
84 118 244 56 61 256 258 
118 244 56 61 
75 82 143 215 49 50 
118 153 244 255 56 256 259 2 10 
118 258 2 10 
75 99 104 144 145 53 54 55 57 

