411 3550
2 3 4 5 6 7 11 12 13 18 19 20 21 22 23 24 25 41 42 43 44 45 46 47 48 49 50 51 52 53 54 55 95 97 98 99 100 101 102 103 104 105 106 107 108 109 110 111 112 113 175 176 177 178 179 180 181 182 183 184 185 186 187 188 189 190 191 192 193 194 195 196 197 198 199 200 201 202 346 347 348 349 350 351 1 352 353 354 355 356 357 358 359 360 361 362 363 364 365 366 367 368 369 370 371 372 373 374 375 376 377 378 379 380 381 382 383 384 385 386 387 388 389 391 
1 3 4 5 6 7 9 10 11 12 18 19 38 39 40 41 42 43 44 83 84 85 86 87 88 89 90 91 92 93 94 95 96 97 152 153 156 157 158 159 160 161 162 163 164 165 166 167 168 169 170 171 172 173 306 307 308 309 310 311 312 313 314 315 316 317 318 319 320 321 322 323 324 325 326 327 328 329 2 
1 2 8 27 28 60 61 62 63 64 65 66 67 124 125 126 127 235 236 237 238 239 240 241 242 3 
1 2 5 9 10 18 37 38 39 80 81 82 83 84 85 86 147 149 150 151 152 153 154 155 156 291 292 293 294 295 296 297 298 299 300 301 
1 2 4 8 9 10 17 34 35 36 73 74 75 76 77 78 79 137 138 139 140 141 142 143 144 272 273 274 275 276 277 278 279 280 281 
1 2 7 13 20 47 48 49 50 103 104 105 186 187 188 190 191 192 193 194 362 363 364 365 366 367 368 369 370 371 372 373 374 375 376 
1 2 6 20 47 48 49 50 102 103 105 186 187 188 189 358 359 360 361 362 363 364 365 366 367 368 369 370 371 
3 5 16 17 31 32 33 71 72 131 132 133 134 135 136 254 255 256 257 258 259 260 261 262 263 264 265 266 
2 4 5 10 34 35 36 74 75 76 77 78 79 139 140 141 142 143 144 145 275 276 277 278 279 280 281 282 283 
2 4 5 9 36 37 80 81 146 147 148 149 286 287 288 289 290 291 292 293 
1 2 18 19 40 88 89 90 91 163 165 166 167 316 317 319 320 
1 2 42 43 44 45 97 173 174 175 176 334 335 336 337 338 339 340 341 342 343 
1 6 20 21 50 51 106 192 194 195 196 197 378 379 380 381 382 383 384 385 
15 26 56 57 58 115 116 117 219 220 221 222 223 224 225 
14 26 56 57 58 118 119 120 121 219 220 221 222 223 224 225 226 
8 31 32 33 70 132 133 252 253 254 255 256 257 258 259 260 261 262 263 264 
5 8 71 72 73 136 137 268 269 270 271 272 
1 2 4 11 38 39 86 87 88 158 159 160 161 162 307 308 309 310 311 312 313 
1 2 11 40 89 90 91 165 166 316 317 318 319 320 
1 6 7 13 49 50 105 190 191 192 193 194 375 376 377 378 379 380 381 382 
1 13 51 52 107 108 109 110 198 199 387 388 389 390 391 
1 23 52 111 112 200 201 202 203 392 393 394 395 396 397 
1 22 111 112 201 202 203 204 205 396 397 398 
1 25 53 54 55 114 212 213 214 215 216 406 407 408 409 410 411 
53 54 55 114 214 215 216 408 409 410 411 25 
14 15 57 115 116 117 219 220 221 
3 66 67 127 128 244 245 246 247 
3 29 30 31 68 69 70 128 129 130 250 
28 30 68 69 70 129 130 250 
28 29 31 68 69 70 130 250 251 
8 16 28 29 30 69 70 251 252 253 
8 16 33 131 132 133 255 256 257 258 259 260 261 262 263 264 
8 16 32 131 132 133 255 257 258 259 260 261 262 263 264 
5 9 17 139 272 273 274 
5 9 36 74 75 76 77 78 79 142 144 276 277 278 279 280 281 282 
5 10 35 144 145 146 278 279 280 281 282 283 284 285 
4 10 80 81 147 148 288 289 290 291 292 293 
2 4 18 39 85 86 152 153 154 155 156 157 158 301 302 303 304 305 306 
2 4 18 38 86 87 158 159 306 307 308 309 
2 11 19 89 90 91 165 316 317 318 319 
1 2 93 94 95 169 170 171 325 326 327 328 
1 2 12 43 44 45 175 176 335 336 337 338 339 340 342 343 344 
1 2 12 42 44 45 175 176 339 340 341 342 343 344 345 
1 2 12 42 43 45 175 176 342 343 344 345 
1 12 42 43 44 175 176 342 343 344 345 346 
1 98 177 178 179 180 347 348 
1 6 7 101 102 181 182 183 184 185 354 355 356 357 358 
1 6 7 49 104 188 189 365 366 367 368 369 370 371 
1 6 7 20 48 50 104 105 189 190 370 371 372 373 374 375 
1 6 7 13 20 49 105 190 191 192 193 194 375 376 377 
1 13 21 52 107 108 109 198 199 387 388 389 390 
1 21 22 51 108 109 110 198 199 200 389 390 391 
1 24 25 54 55 114 211 212 213 214 402 403 404 405 406 407 
1 24 25 53 55 114 212 213 214 404 405 406 407 408 
1 24 25 53 54 212 213 214 406 407 408 409 410 411 
14 15 26 115 117 218 
14 15 26 219 220 221 222 223 224 225 
14 15 118 119 120 121 226 
122 123 228 59 
3 61 62 124 125 231 232 233 234 
3 60 62 124 231 232 233 234 
3 60 61 63 124 125 233 234 
3 62 235 
3 65 66 126 236 237 238 239 
3 64 66 126 237 238 239 
3 64 65 126 127 239 240 241 242 
3 27 127 128 243 244 245 246 247 
28 30 69 128 129 130 249 250 
28 29 30 31 68 130 250 
16 28 30 31 251 252 
8 17 72 134 136 265 266 267 268 269 
8 17 71 73 136 267 268 269 270 271 
5 17 71 72 137 270 271 
5 9 35 75 76 77 139 140 141 142 143 275 276 277 
5 35 74 76 77 78 79 139 140 141 142 275 276 
5 9 35 74 75 77 78 79 139 140 141 142 275 276 
5 9 35 74 75 76 78 79 142 143 276 277 278 
5 9 35 74 75 76 77 79 142 143 144 276 277 278 279 280 
5 9 35 74 75 76 77 78 142 143 144 276 277 278 279 280 
4 10 37 81 148 286 287 288 289 290 
4 10 37 80 147 148 286 287 288 289 290 
4 149 294 295 
4 84 150 151 296 297 
4 83 151 152 297 298 299 300 
2 4 38 152 153 154 155 156 157 301 302 303 
2 4 18 38 39 156 157 158 304 305 306 
2 18 39 160 161 309 310 
2 11 18 89 160 161 162 163 164 312 313 314 315 
2 11 19 40 88 163 164 315 316 317 
2 11 19 40 91 165 166 319 320 
2 11 19 40 90 165 166 319 320 
2 168 321 322 323 324 
2 41 94 169 325 
2 41 93 169 325 327 
2 41 96 171 172 328 329 330 331 
2 95 171 172 329 330 331 
1 2 12 173 174 332 333 
1 46 177 178 179 347 348 
1 100 99 
1 99 352 353 
1 47 100 181 182 183 352 353 354 355 356 
1 7 47 103 182 183 184 185 354 356 357 
1 6 7 47 102 185 358 359 360 361 
1 6 7 48 49 188 189 366 368 369 370 371 
1 6 7 20 49 50 190 191 374 375 
1 13 195 196 197 385 386 
1 21 51 108 198 386 387 
1 21 51 52 107 109 198 199 388 389 390 
1 21 51 52 108 198 199 388 389 390 
1 21 22 52 111 200 201 392 
22 23 110 200 201 202 392 393 394 395 396 
1 22 23 113 203 205 398 
23 112 204 206 398 
24 53 54 55 212 213 214 404 405 406 407 408 409 410 
14 26 56 116 217 218 
26 56 115 218 
14 26 56 
15 58 119 121 226 227 
58 120 121 226 
15 58 118 119 121 226 227 
15 118 119 120 226 227 
59 123 228 
59 122 229 230 
3 60 61 62 125 232 233 
3 60 61 62 124 233 
3 64 65 66 238 239 
3 27 66 67 243 
27 28 67 68 129 246 248 249 
28 29 68 128 248 249 
28 29 30 69 250 
8 16 32 33 132 133 259 260 261 262 263 264 
8 16 32 33 131 133 259 260 261 262 263 264 
8 16 32 33 131 132 259 260 261 262 263 
8 71 135 265 266 
8 134 265 266 
8 17 71 72 266 267 268 269 
5 17 73 
5 34 273 274 
5 9 34 74 75 76 140 141 275 
5 9 74 75 76 139 141 142 275 
5 9 74 75 76 139 140 275 
5 9 35 74 75 76 77 78 79 140 143 275 276 277 
5 9 35 74 77 78 79 142 144 276 277 278 279 
5 9 35 36 78 79 143 278 279 280 281 282 
9 36 146 283 284 285 
10 36 145 284 285 
4 10 37 80 81 148 286 287 288 289 290 
10 80 81 147 286 287 288 289 290 
4 37 82 294 
4 83 84 151 296 
4 83 150 296 
2 4 38 84 85 153 154 298 299 300 
2 4 38 152 154 155 156 301 302 
4 38 85 152 153 155 156 157 301 302 303 
4 38 85 153 154 156 157 301 302 303 
2 4 38 85 86 153 155 157 301 302 303 304 
2 38 85 86 154 155 156 301 302 303 304 305 
18 38 39 86 159 305 306 307 
2 18 39 158 307 308 
2 18 88 161 162 311 312 313 
2 18 87 88 160 162 311 312 313 314 
18 88 160 161 163 312 313 314 
2 11 88 89 162 164 315 
2 88 89 163 315 
2 11 19 40 90 91 319 320 
2 11 19 90 91 167 168 320 321 
2 11 166 168 321 322 
92 166 167 321 322 
2 41 93 94 170 325 326 327 
2 41 94 169 325 326 
2 41 95 96 172 328 329 330 331 
2 95 96 171 329 330 331 
12 97 174 332 333 
12 97 173 334 
1 12 42 43 44 45 176 337 338 339 340 341 342 
1 12 42 43 44 45 175 339 340 341 342 343 344 
46 98 178 179 
1 46 98 177 179 347 
1 46 98 177 178 347 
1 46 348 349 
1 47 100 101 182 183 352 353 355 356 
1 47 101 102 181 183 184 185 354 355 356 357 
1 47 101 102 181 182 184 185 354 355 356 357 
47 102 182 185 354 355 356 357 
1 47 102 103 182 183 184 357 
1 6 7 187 362 363 364 365 
1 6 7 186 362 363 364 365 
1 6 7 48 104 366 367 368 369 370 
1 6 7 48 49 104 369 370 371 372 373 
6 20 49 50 105 372 373 374 375 
1 6 20 50 105 192 193 376 377 
1 6 13 20 50 193 376 377 378 
1 6 20 50 191 192 194 376 377 378 
1 6 13 20 50 192 193 378 379 
1 13 196 384 385 
1 13 106 195 197 
1 386 
1 21 51 52 107 108 109 199 388 389 390 
1 51 52 108 109 198 388 389 390 
1 22 52 110 111 392 
1 22 23 110 111 202 392 393 394 395 396 
1 22 23 111 201 203 396 
22 23 202 397 
23 112 113 205 206 398 
23 112 113 204 206 
113 204 205 
209 210 399 
207 209 210 211 399 400 401 402 
207 208 210 211 400 401 
207 209 211 400 401 402 
53 208 209 210 400 401 402 403 
24 54 55 114 213 214 404 405 406 407 
53 54 55 114 212 214 405 406 407 
24 25 53 54 55 114 212 213 406 407 408 409 410 
24 25 55 216 411 
24 25 215 411 
115 218 
56 115 116 217 
14 15 26 220 221 222 
14 15 26 57 219 221 222 
14 15 26 57 219 220 222 223 224 
14 15 219 220 221 223 224 225 
14 15 57 221 222 224 225 
14 15 57 221 222 223 225 
14 15 57 222 223 224 
15 58 118 119 120 121 
118 120 121 228 
59 227 
60 123 231 232 
123 229 231 
60 61 229 230 232 
60 61 124 229 231 233 
60 61 62 124 232 
60 61 62 124 125 
3 63 
3 64 236 237 238 
3 65 236 238 
3 64 65 237 
3 64 65 66 126 240 241 242 
66 239 241 242 
3 66 239 240 242 
3 66 239 240 241 
27 67 127 244 246 
27 67 243 245 
27 67 243 244 
67 128 243 247 
27 67 246 
68 128 129 249 
68 128 129 248 
28 29 30 68 69 130 
30 31 70 
16 31 70 253 
16 31 252 
8 16 255 256 
8 16 32 33 254 256 258 
8 16 32 254 255 257 258 
8 16 32 33 255 256 258 
8 16 32 33 255 256 257 
8 16 32 33 131 132 133 260 261 262 
8 16 32 33 131 132 133 259 261 262 
8 16 32 33 131 132 133 259 260 262 263 264 
8 16 32 33 131 132 133 259 261 263 264 
8 16 32 33 131 132 133 261 262 264 
8 16 32 33 131 132 133 261 262 263 
8 71 134 135 266 
8 71 136 265 267 
71 72 136 266 
17 71 72 136 269 270 
17 71 72 136 268 270 
17 72 73 268 269 271 
17 72 73 
5 17 34 
5 34 138 274 
5 34 138 273 
5 9 74 75 76 77 139 140 141 142 
5 9 35 74 75 76 77 78 79 142 143 277 
5 9 35 74 77 78 79 142 143 276 
5 9 35 36 77 78 79 143 144 279 280 281 282 
5 9 35 36 78 79 143 144 278 280 281 282 
5 9 35 36 78 79 144 278 279 281 282 
5 9 36 144 279 280 282 
9 35 36 144 278 279 281 283 
36 282 
36 145 146 285 
36 145 146 284 
10 80 81 147 148 287 
10 80 81 147 148 286 288 289 
10 37 80 81 147 287 289 290 
10 37 80 81 147 148 287 288 290 
10 37 80 81 147 148 288 289 
4 10 37 292 293 
4 10 37 293 
4 10 37 291 292 
4 82 149 295 
4 82 
4 83 150 151 
4 83 298 
4 84 152 297 299 300 
4 152 298 300 
4 84 152 298 299 
4 38 85 153 154 155 156 157 302 303 
85 153 154 155 156 157 301 303 
38 85 86 154 155 156 301 302 304 
38 86 157 303 305 
38 86 157 158 304 306 
2 38 39 86 158 305 
2 18 39 158 308 
2 18 39 307 
2 39 87 310 
2 18 87 309 311 
2 18 87 160 161 310 
2 18 88 160 161 162 313 314 
2 18 88 160 161 162 312 314 
88 161 162 
2 88 89 163 164 
2 19 40 89 317 318 
2 11 19 40 89 316 
2 11 19 40 316 317 
2 11 19 40 90 91 165 
2 11 19 90 91 165 166 
2 92 166 167 168 322 
2 92 167 168 321 
2 92 324 
2 92 323 
2 41 93 94 169 170 326 
2 41 94 169 170 325 
2 41 94 169 170 326 328 
2 41 95 171 329 330 
2 95 96 171 172 328 331 
95 96 171 328 329 331 
95 96 171 172 329 330 
97 173 333 
97 173 332 
12 174 
12 42 336 337 
12 42 335 337 338 
12 42 175 335 336 338 339 340 341 
12 42 175 336 337 339 340 341 
12 42 43 175 176 337 338 340 341 
12 43 175 337 338 339 341 
12 42 43 175 176 337 338 339 340 342 
42 43 44 45 175 176 341 343 344 
12 42 43 45 176 342 344 345 
42 43 44 45 176 342 343 
43 44 45 343 344 346 
1 44 345 
1 46 98 178 179 
46 98 180 
1 180 351 
1 349 351 
1 349 350 
1 100 101 181 353 
1 101 181 352 
1 47 101 102 181 182 183 355 356 357 
1 47 101 181 182 183 184 354 356 357 
1 47 101 102 181 182 183 184 354 355 357 
1 47 102 182 183 184 185 354 355 356 
1 7 47 103 359 360 361 
1 7 103 358 360 361 
1 7 103 359 361 
1 7 103 358 359 360 
1 6 7 186 187 363 
1 6 7 186 187 362 364 
1 7 186 187 363 365 
1 7 48 186 187 364 366 
1 6 7 48 104 188 365 367 
1 6 7 48 104 188 366 368 
1 6 7 48 104 188 367 369 370 
1 6 7 48 104 188 189 368 370 371 
1 6 48 49 104 188 189 368 369 371 
1 6 7 48 49 104 189 369 370 372 
1 6 49 189 190 371 373 374 
1 6 49 189 190 372 374 
1 6 49 105 190 372 373 
1 6 20 49 50 105 
1 6 20 50 191 192 193 377 
1 20 50 191 192 193 376 
1 13 20 192 193 194 379 
1 20 194 380 
1 13 20 379 381 382 
1 13 20 379 380 383 
1 13 380 381 383 
13 382 
1 13 106 195 385 
1 13 106 195 384 
1 106 107 197 
1 21 51 
1 21 51 108 109 199 389 390 
1 21 51 52 108 109 198 199 388 390 391 
21 51 52 108 109 198 199 388 389 
1 21 52 109 199 389 
22 110 111 200 201 393 394 395 
22 111 201 392 394 395 
22 111 201 392 393 395 396 
22 111 201 392 393 394 396 
22 23 111 201 202 394 395 397 
22 23 202 203 396 
23 112 113 204 
207 208 
208 209 210 211 401 402 
208 209 210 211 400 402 
53 208 210 211 400 401 403 
53 211 402 
53 54 114 212 405 
53 54 114 212 213 404 406 
24 53 54 55 114 212 213 214 405 
24 53 54 55 114 212 213 214 406 408 
24 25 54 55 114 214 407 409 410 
24 25 55 114 214 408 410 
24 25 55 114 408 409 
25 55 215 216 

