63 524
54 60 62 2 12 13 14 38 39 40 41 42 43 44 45 46 
54 62 1 12 13 14 42 43 44 45 46 47 
63 4 30 31 16 17 19 20 21 52 53 
63 3 31 19 20 21 22 23 24 55 56 61 57 58 59 
60 25 26 6 5 32 33 34 
60 25 26 27 5 7 32 33 
60 25 26 27 6 34 35 36 37 
60 28 29 9 10 
60 28 29 8 10 
60 28 29 9 11 
60 28 29 8 9 10 38 
54 62 1 2 13 42 43 44 45 
54 62 1 2 12 14 44 45 46 
54 62 1 2 13 15 44 45 46 47 
62 14 
54 3 30 17 50 51 52 
54 63 3 30 16 18 52 
54 63 3 17 19 20 52 53 
63 3 4 31 18 20 21 22 53 55 56 
63 3 4 31 18 21 22 53 55 56 
63 3 4 19 20 22 23 55 56 61 
63 4 31 19 20 21 23 55 56 61 
63 4 31 21 22 24 55 56 61 57 58 
63 4 31 23 57 58 59 
60 26 27 5 6 7 32 33 34 36 
60 25 27 5 6 7 33 34 35 36 37 
60 25 26 6 7 34 35 36 37 
60 29 8 9 10 11 38 
60 28 8 9 10 11 38 
54 63 3 16 17 49 50 51 52 
63 4 19 20 21 22 23 24 55 56 61 57 58 59 
25 5 6 33 
25 26 5 6 32 34 
60 25 26 27 5 6 7 
60 26 27 7 36 37 
60 25 26 27 7 35 37 
60 26 27 7 35 36 
60 1 28 29 11 39 40 41 
1 38 40 41 
1 38 39 41 
62 1 38 39 42 
62 2 12 41 43 
62 1 12 42 
54 62 1 2 12 13 45 46 
62 1 2 12 13 14 44 46 
54 62 1 2 13 14 44 45 47 
54 62 2 14 46 
54 62 15 
54 30 50 
54 30 16 49 51 
54 30 16 50 
54 63 3 30 16 17 18 53 
63 3 18 19 20 52 
60 62 63 1 2 3 30 12 13 14 15 16 17 18 44 46 47 48 49 50 51 52 
63 4 31 19 20 21 22 23 56 61 
63 4 31 19 20 21 22 23 55 
63 4 31 23 24 58 59 
63 4 31 23 24 57 59 
31 24 58 
54 62 25 26 27 28 29 5 6 7 8 9 10 11 34 35 36 37 38 
63 4 31 21 22 23 56 
54 60 1 2 12 13 14 15 41 42 43 44 45 46 47 48 
54 3 4 30 31 17 18 19 20 21 22 23 24 52 53 55 56 61 57 58 

