83 541
47 64 83 
47 64 65 4 5 
47 65 2 4 5 
47 65 2 5 6 
47 65 2 3 4 
47 53 65 4 5 
53 54 58 66 8 
48 53 54 7 
48 53 54 58 67 
48 49 54 59 11 12 
49 59 10 12 
49 59 10 11 13 
49 59 12 
49 68 
49 55 68 
55 69 70 
69 70 
46 19 20 21 
46 18 20 21 
46 18 19 21 
46 18 19 20 
46 71 23 24 
22 24 
46 71 22 23 25 
46 71 24 26 
46 72 25 27 
46 72 26 28 29 30 
46 60 72 73 27 29 30 
46 60 72 73 27 28 
46 60 72 73 27 28 29 
46 50 60 73 74 32 33 
50 60 74 31 33 
60 31 32 34 
50 56 60 74 75 33 35 36 
50 56 74 75 34 36 
50 56 57 61 74 75 34 35 37 
50 56 57 75 36 
50 56 75 
56 57 61 40 
52 39 
51 52 62 76 77 78 79 80 
51 52 62 63 78 79 80 43 
63 79 80 42 44 
63 43 45 
63 44 
49 50 55 56 57 60 71 72 73 74 18 19 20 21 22 23 24 25 26 27 28 29 30 31 46 
48 53 54 58 64 65 66 83 1 2 3 4 5 6 
47 49 53 54 58 59 66 67 7 8 9 10 
46 48 54 55 59 68 10 11 12 13 14 15 
46 51 52 56 57 60 61 74 75 31 32 33 34 35 36 38 
50 52 56 57 62 63 76 77 78 79 80 40 41 42 
50 51 62 63 76 77 78 79 80 40 41 42 
47 48 54 58 65 66 67 6 7 8 9 
47 48 49 53 58 59 66 67 7 8 9 10 
46 49 59 68 69 14 15 16 
46 50 51 57 60 61 74 75 34 35 36 37 38 39 
46 50 51 56 61 36 37 38 39 
47 48 53 54 66 67 7 8 9 
48 49 54 55 10 11 12 13 
46 50 56 72 73 28 29 30 31 32 33 34 
50 56 57 75 36 37 38 39 
51 76 77 78 79 80 41 42 
51 52 79 80 42 43 44 45 
47 83 1 2 
47 53 2 4 5 6 
47 48 53 54 58 67 7 8 
48 53 54 58 66 9 
49 55 15 
55 70 16 17 
69 16 17 
46 22 23 24 25 
46 60 73 26 28 29 30 
46 60 72 28 29 30 31 
46 50 56 60 75 31 32 33 34 35 36 
50 56 57 61 74 34 35 36 37 38 
51 52 62 77 41 
51 52 62 76 78 41 
51 52 62 76 77 79 80 41 42 
51 52 62 63 78 80 41 42 43 
51 52 62 63 78 79 42 43 
81 82 
81 83 
47 64 82 1 

