100 819
2 3 4 5 6 9 10 11 12 13 14 15 16 17 18 38 39 40 41 42 43 44 70 71 72 73 74 75 76 77 78 79 80 81 82 
1 3 4 5 6 9 10 11 12 13 14 15 16 38 39 40 41 42 69 70 71 72 73 74 75 77 78 
1 2 4 5 6 9 10 12 13 14 15 16 17 18 39 40 41 42 43 44 73 74 75 76 77 78 79 80 81 82 
1 2 3 9 11 28 29 30 32 33 34 35 36 37 63 64 65 66 67 
1 2 3 6 10 16 17 18 19 20 44 45 46 82 84 85 86 
1 2 3 5 10 16 18 19 20 44 45 46 82 83 84 85 
8 21 22 50 51 92 93 
7 21 22 23 24 25 26 51 52 53 54 92 93 95 96 97 
1 2 3 4 11 12 13 38 39 40 69 71 72 
1 2 3 5 6 16 17 42 43 44 45 78 79 80 81 82 83 84 
1 2 4 9 12 37 38 67 68 70 
1 2 3 9 11 13 39 40 70 71 72 
1 2 3 9 12 14 15 39 41 72 73 
1 2 13 15 41 73 74 75 76 77 
1 2 3 13 14 41 73 74 75 76 77 
1 2 3 5 6 10 17 42 43 44 78 79 80 81 82 
1 3 5 6 10 16 18 42 43 44 45 81 82 83 84 
1 3 5 6 17 44 45 84 
5 6 18 44 45 
5 6 46 47 86 87 88 
7 8 22 92 93 
7 8 21 92 93 
8 25 26 27 51 53 54 97 
8 23 25 26 27 54 97 
8 24 26 27 54 
8 23 24 25 27 54 
23 24 25 26 55 56 57 98 99 100 
4 29 30 58 60 61 62 
4 28 30 31 63 64 
4 28 29 31 32 63 
4 29 30 32 63 64 
4 29 30 31 63 64 
4 34 35 36 65 66 
4 35 36 37 66 
4 33 34 36 37 66 
4 33 34 35 37 66 67 
4 11 34 35 36 66 67 68 
1 2 9 11 69 
1 2 3 12 13 40 71 72 
1 2 3 9 12 13 39 72 73 
1 2 3 13 14 15 73 74 75 76 
1 2 3 10 16 17 43 78 79 81 
1 3 10 16 17 42 79 80 81 82 
1 3 5 6 10 16 17 18 19 45 82 83 84 
5 6 10 17 18 19 44 82 83 84 
5 6 20 85 
20 48 49 50 87 88 89 90 91 
47 50 88 89 90 91 
47 48 50 90 91 
7 47 48 49 91 
7 8 23 52 53 54 94 95 96 
8 51 53 54 94 95 96 
8 23 51 52 54 94 95 96 97 
8 23 24 25 26 51 52 53 95 96 97 
27 56 57 98 99 100 
27 55 57 99 100 
27 55 56 98 99 100 
28 59 60 61 
58 60 
28 58 59 61 62 
28 58 60 62 
28 61 
29 31 32 64 
4 29 30 32 63 
4 33 
4 33 34 35 36 37 67 
4 36 37 66 68 
11 37 
2 9 11 70 
1 2 9 12 38 69 
2 9 12 39 72 
1 2 9 12 13 39 71 
1 2 3 13 14 15 40 41 74 
1 2 3 14 15 41 73 75 76 77 
1 2 3 14 15 41 74 76 77 
1 2 3 14 15 41 74 75 77 
1 2 3 14 15 74 75 76 78 
2 3 10 42 77 79 80 
1 3 10 16 42 43 78 80 81 
1 3 10 16 42 43 78 79 81 
1 3 10 16 17 42 43 79 80 
1 3 5 6 10 16 17 43 44 45 83 84 
6 10 17 44 45 82 84 
5 6 10 17 18 44 45 82 83 
6 46 
5 20 46 87 
20 47 86 88 89 
20 47 48 87 89 
20 47 48 87 88 
47 48 49 50 91 
48 49 50 90 
7 8 21 22 93 
7 8 21 22 
7 8 51 52 53 95 96 
8 51 52 53 54 94 96 
8 51 53 54 94 95 
8 23 24 51 53 54 
27 55 56 57 99 
27 55 56 57 98 100 
27 55 57 99 

