24 193
23 24 2 3 4 5 6 7 8 22 19 11 17 
23 24 1 3 4 6 7 8 22 19 11 17 
23 24 1 4 6 7 8 9 11 17 
23 24 1 2 3 6 7 8 9 10 12 14 17 15 
23 20 21 22 
23 24 1 2 3 4 7 8 19 11 17 
23 1 2 3 4 6 8 11 17 
24 1 2 3 4 6 7 9 17 
23 24 3 4 8 10 12 14 15 
23 4 9 12 14 15 18 
23 24 1 2 3 6 7 19 17 
23 4 9 10 14 15 
16 18 
4 9 10 13 16 15 18 
4 9 10 12 18 
14 13 18 
24 1 2 3 4 6 7 8 11 
10 14 13 16 15 
23 24 1 2 6 22 11 
5 21 
23 5 20 22 
23 24 1 2 5 21 19 
24 1 2 3 4 5 6 7 10 12 21 22 19 11 17 15 
23 1 3 4 5 6 7 8 9 22 19 11 17 

