62 518
36 53 61 
36 12 22 25 26 23 24 27 28 
54 13 53 58 59 60 5 6 7 
20 21 29 
54 13 59 60 3 6 7 
54 13 58 60 3 5 7 
35 54 13 58 59 60 3 5 6 
35 54 13 62 
35 10 
20 35 14 9 11 19 
20 14 10 19 
2 36 22 25 26 23 24 27 28 30 
35 54 58 59 60 3 5 6 7 8 
20 29 10 11 19 
20 21 34 56 31 32 37 38 39 40 41 
20 21 34 55 56 15 17 32 33 40 41 42 43 
21 34 55 57 16 18 33 42 43 44 45 46 47 48 
21 34 55 56 57 17 33 44 45 46 47 48 49 
20 14 10 11 
21 35 34 55 56 14 15 16 29 4 31 32 10 11 19 37 38 39 
20 34 55 56 57 15 16 17 18 29 4 31 32 33 38 40 41 42 43 
12 23 
2 12 22 24 
2 36 12 22 25 26 23 27 28 
2 36 12 24 27 28 
2 36 12 25 24 27 28 30 
2 36 12 25 26 24 28 
2 36 12 25 26 24 27 
21 14 4 
36 12 25 26 
20 21 34 55 15 37 38 39 
20 21 34 55 56 15 16 38 41 
21 34 55 56 16 17 18 42 43 44 45 46 
20 21 55 56 57 15 16 17 18 31 32 33 38 39 40 41 42 43 44 45 46 
20 54 13 14 58 59 60 62 7 8 9 10 
2 54 12 25 26 53 24 27 28 30 61 1 
20 21 15 31 38 39 
20 21 34 55 15 31 32 37 
20 21 34 55 15 31 37 38 
21 34 55 56 15 16 41 42 
21 34 55 56 15 16 32 40 42 
21 34 55 56 16 17 33 40 41 43 44 
21 34 55 56 16 17 33 42 44 
34 55 56 17 18 33 42 43 45 46 47 
34 56 18 33 44 46 47 
34 56 17 18 33 44 45 47 
56 57 17 18 44 45 46 48 
57 17 18 47 49 50 
57 18 48 50 
57 48 49 
57 52 
57 51 
36 54 58 59 61 1 3 
20 36 35 13 53 58 59 60 62 3 5 6 7 8 
20 21 34 56 15 16 17 18 31 32 33 38 39 41 42 43 44 
20 21 34 55 57 15 16 17 18 32 33 40 41 42 43 44 45 46 47 
21 34 56 17 18 47 48 49 50 51 52 
35 54 13 53 59 60 3 5 7 
35 54 13 53 58 60 3 5 6 7 
35 54 13 58 59 62 3 5 6 7 
53 1 
35 54 13 60 8 

