444 3600
412 423 2 3 
412 423 1 3 4 
412 423 424 1 2 4 
412 423 424 2 3 5 6 
412 424 4 6 7 8 
412 424 4 5 7 8 
412 424 425 426 5 6 
404 412 424 425 426 5 6 7 
404 413 425 426 427 10 
404 413 425 426 427 9 
404 405 413 427 428 429 
404 405 414 428 429 430 
405 414 429 430 12 
403 406 414 415 416 430 431 15 
403 406 415 416 432 14 
403 406 416 431 432 
403 434 18 
403 433 434 435 17 
434 435 20 
19 21 
417 20 
407 417 23 
407 417 
407 436 25 26 
407 436 24 26 
24 25 
408 409 437 438 439 28 29 
408 409 437 438 439 27 29 
408 409 437 438 439 27 
408 409 418 439 31 
418 440 30 
419 440 33 
419 441 32 34 
419 442 35 
441 442 34 
410 411 420 421 422 37 
410 411 422 443 36 
41 51 64 65 66 91 92 93 94 146 147 148 149 150 151 260 261 262 263 264 265 266 267 268 269 270 271 
40 45 46 50 56 57 58 59 84 85 86 128 129 130 131 132 133 229 230 231 232 
39 45 46 50 59 86 87 88 89 130 131 132 133 134 135 232 233 234 235 236 237 
38 66 67 68 95 152 153 154 271 272 273 274 275 276 
43 44 49 54 78 79 111 112 113 197 198 199 200 201 202 203 204 343 344 345 346 347 348 349 350 351 352 353 354 
42 44 49 54 55 78 79 80 81 114 205 206 207 208 209 358 359 360 361 362 363 364 366 367 368 369 370 371 372 
42 43 54 55 80 81 82 114 115 116 206 207 208 209 210 211 367 368 369 370 371 372 373 374 375 376 377 378 379 380 
39 40 46 50 59 87 88 89 134 135 137 235 236 237 
39 40 45 59 60 87 88 89 134 135 136 137 238 
48 69 70 71 72 73 96 97 98 99 100 101 157 158 159 160 161 162 163 164 165 166 167 288 289 290 291 292 293 294 295 
47 70 71 72 73 97 98 99 100 101 163 164 165 166 167 168 291 292 293 294 295 296 
42 43 54 78 79 111 112 113 199 200 201 202 204 344 345 346 347 348 349 350 351 352 353 354 
39 40 45 58 86 128 129 130 131 132 232 
38 64 65 91 92 93 94 144 145 146 147 259 260 261 262 263 264 
53 103 104 105 106 173 174 175 304 305 306 307 308 309 310 311 
52 103 104 105 106 174 175 176 177 310 311 312 313 
42 43 44 49 78 79 111 112 113 114 203 204 205 355 356 357 358 359 360 361 362 
43 44 80 81 82 116 117 118 208 209 210 211 212 371 373 374 375 376 377 378 379 380 382 383 
39 57 84 85 125 126 127 222 224 225 226 227 228 
39 56 58 84 85 126 127 128 224 226 227 228 229 
39 50 56 57 84 85 127 128 227 228 229 230 231 
39 40 45 46 87 88 89 134 135 136 237 
46 61 62 63 90 138 139 140 238 239 240 241 242 243 244 245 
60 62 63 90 138 139 140 240 241 242 244 245 
60 61 63 90 138 139 140 240 241 242 243 244 245 246 247 
60 61 62 139 140 141 142 243 244 245 246 247 
38 51 91 144 253 254 255 256 257 258 259 
38 51 66 92 93 94 148 266 267 268 
38 41 65 92 93 94 148 149 150 267 268 269 270 
41 68 95 153 154 155 277 278 279 
41 67 69 154 155 156 277 278 279 280 281 
47 68 155 156 157 281 282 283 284 285 286 
47 48 71 96 97 98 99 157 158 159 160 161 162 163 164 288 289 290 291 292 293 
47 48 70 96 97 98 99 158 159 160 161 162 163 164 288 289 290 291 292 293 294 
47 48 73 100 101 102 166 167 168 169 170 296 297 298 299 
47 48 100 101 102 168 169 170 296 297 298 299 
75 76 108 109 110 188 189 190 326 327 328 329 331 
74 76 110 188 189 190 191 192 328 329 330 331 332 333 334 
74 75 190 191 192 193 332 333 334 335 336 
42 193 194 195 196 337 338 339 
42 43 49 54 79 111 112 113 203 204 205 348 349 350 351 352 353 354 355 356 357 
42 43 54 78 111 112 113 203 204 205 348 349 350 351 352 354 355 356 357 
43 44 55 81 115 206 207 208 209 210 371 372 373 374 375 376 377 378 379 
43 44 55 80 115 116 208 209 210 211 374 375 376 377 378 379 380 381 382 383 
44 55 115 116 117 118 119 211 212 213 384 385 386 387 388 389 
120 121 122 123 215 216 217 394 395 
39 56 57 58 85 126 127 224 225 226 227 228 
39 56 57 58 84 127 128 228 229 230 231 
39 40 50 130 131 132 232 
40 45 46 59 88 89 134 135 136 137 
40 46 59 87 89 134 135 136 137 
40 45 46 59 87 88 134 135 136 137 
60 61 62 138 139 238 239 240 241 242 
38 51 64 144 145 146 147 257 258 259 
51 65 66 93 94 148 265 266 267 268 
38 65 66 92 94 148 265 266 267 268 
38 51 65 66 92 93 148 265 266 267 268 
41 67 152 153 276 277 
47 70 71 98 157 158 159 160 161 162 286 287 288 289 
47 48 70 71 96 98 158 159 160 161 162 163 164 288 289 290 291 
47 48 70 96 97 158 159 160 161 162 163 164 288 289 290 291 
47 48 70 71 100 163 164 165 166 291 292 293 294 295 
47 48 72 73 99 101 165 166 167 294 295 
47 48 72 73 100 165 166 167 168 295 296 297 
72 73 168 169 170 171 298 299 300 301 
52 53 104 105 174 175 306 307 308 309 310 311 
52 53 103 105 174 175 307 308 309 310 311 
52 53 103 104 106 174 175 310 311 
52 53 105 175 176 311 312 313 
183 184 185 186 187 318 319 320 321 323 324 
74 109 187 325 326 327 
74 108 188 326 327 
74 75 188 189 190 328 329 330 331 332 
42 49 54 78 79 112 113 201 202 203 346 347 348 349 350 351 352 353 354 
42 49 54 78 79 111 113 203 204 348 349 350 351 352 353 354 355 356 
42 49 54 79 111 112 203 204 205 352 353 354 355 356 357 
43 44 54 206 363 364 365 366 367 
44 55 80 81 82 117 118 210 211 212 213 376 377 378 379 380 381 382 383 
44 55 81 82 115 117 118 211 212 213 381 382 383 384 385 386 387 388 
55 82 115 116 118 211 212 213 384 385 386 387 388 
55 82 115 116 117 212 213 384 385 386 387 388 
82 214 389 390 
83 121 214 215 391 393 
83 120 122 215 216 392 393 394 
83 121 123 216 217 395 396 
83 122 216 217 395 396 
125 222 444 
56 124 126 222 223 224 225 
56 57 84 125 127 222 223 224 225 226 
56 57 58 84 85 126 224 225 226 227 228 
39 50 57 229 230 231 
39 50 
39 40 50 86 131 
39 40 50 86 130 
39 40 50 86 133 232 233 234 
39 40 132 232 233 234 235 236 
40 45 46 59 87 88 89 237 
40 45 46 59 87 88 89 134 136 
45 59 87 88 89 134 135 137 
45 46 87 88 89 136 
60 61 62 90 139 239 240 241 242 
60 61 62 63 90 138 240 241 242 243 244 
60 61 62 63 141 243 245 246 247 248 
63 140 142 246 247 248 249 250 
63 141 143 248 249 250 251 252 
142 249 250 251 252 253 
51 64 91 145 253 254 255 256 257 258 259 
64 91 144 146 259 
38 51 64 91 145 147 259 
38 51 146 260 261 262 263 264 
38 65 66 92 93 94 265 266 267 268 
38 66 150 151 270 
38 149 151 270 271 
38 149 150 270 271 
41 153 275 276 
41 67 95 152 
41 67 68 277 278 
67 68 69 156 279 280 281 
68 69 155 279 280 281 
47 69 70 96 158 286 287 
47 70 71 96 97 98 157 159 160 161 162 288 289 
47 70 71 96 97 98 158 160 161 162 163 288 289 290 
47 70 71 96 97 98 158 159 161 162 163 288 289 290 
47 70 71 96 97 98 158 159 160 162 163 288 289 
47 70 71 96 97 98 158 159 160 161 163 164 288 289 290 291 
47 48 70 71 97 98 99 159 160 161 164 289 290 291 292 293 
47 48 70 71 97 98 99 162 290 291 292 293 
47 99 100 101 166 167 294 295 
47 48 99 100 101 165 167 295 
47 48 72 100 101 165 166 295 
48 72 73 101 102 169 170 296 298 299 
72 73 102 168 170 296 297 298 299 
72 73 102 168 169 298 299 
102 172 173 302 303 
171 173 302 303 
52 171 172 303 304 
52 53 103 104 105 175 307 308 309 310 311 
52 53 103 104 105 106 174 176 311 312 313 
53 106 175 177 312 313 
53 106 176 178 312 313 314 
179 180 
178 180 314 315 
178 179 181 315 
180 182 316 
181 183 184 185 316 317 318 
107 182 184 185 316 317 318 319 320 
107 182 183 185 186 317 318 319 320 
107 182 183 184 186 317 318 319 320 
107 184 185 320 321 322 
107 108 322 323 324 325 
74 75 109 110 189 328 329 330 331 
74 75 110 328 329 330 331 
74 75 76 110 191 192 328 331 332 
75 190 192 333 
75 76 190 191 332 333 
76 77 194 335 336 337 
77 193 195 336 337 338 
77 194 196 338 
77 339 
42 196 339 340 341 342 343 
42 49 199 200 
42 49 198 200 201 344 
42 49 198 199 201 344 
42 49 111 199 200 202 344 345 346 347 
42 49 111 200 201 346 
42 49 54 78 79 111 112 113 204 348 349 350 351 352 353 354 355 356 
42 49 79 112 113 203 352 353 354 355 356 357 
43 54 78 79 113 357 
43 44 80 114 207 367 368 369 370 
43 44 80 206 208 367 368 369 370 371 372 
43 55 80 81 207 209 371 372 373 374 375 
43 44 55 80 81 208 371 373 374 375 376 
44 55 80 81 115 211 376 377 378 379 380 381 382 
44 55 81 82 115 116 117 118 210 212 213 381 382 383 
55 82 115 116 117 118 211 213 383 384 385 
55 82 115 116 117 118 211 212 384 385 386 387 
119 120 390 391 
83 120 121 392 393 394 
83 121 122 123 394 395 
83 122 123 218 219 397 398 
217 397 398 
217 218 220 221 397 398 399 
217 218 219 221 397 399 
219 220 397 398 399 400 401 402 
56 124 125 126 
56 125 126 222 224 225 
56 57 84 125 126 127 223 225 226 
56 84 125 126 223 224 226 
56 84 126 127 224 225 227 
56 57 84 127 226 228 
56 57 58 84 85 127 227 
39 57 58 85 230 231 
39 85 128 229 231 
58 128 229 230 
39 40 50 86 132 133 233 234 
132 133 232 234 235 236 
40 132 133 233 235 236 
40 45 133 233 234 236 
40 45 133 233 235 
40 45 59 134 
60 90 238 239 
60 90 138 238 240 
60 61 62 90 138 139 239 241 242 
60 61 90 138 139 
60 61 62 90 138 139 240 241 
60 61 62 63 139 140 244 245 
60 61 63 139 243 245 
60 61 62 63 140 243 244 
62 63 140 141 247 248 
62 63 140 141 246 248 
63 140 141 142 246 247 249 
141 142 143 248 250 251 
141 142 143 249 251 
142 143 249 250 252 
142 143 251 
64 143 144 254 255 256 257 258 
64 144 253 255 256 257 258 
64 144 253 254 256 257 258 
64 144 254 255 258 
64 91 144 253 254 255 256 258 
64 91 144 253 254 255 256 257 
51 64 144 
38 51 146 147 261 262 263 
38 51 147 260 262 263 
38 51 147 260 261 263 264 
38 51 147 260 261 262 264 
38 147 260 261 262 263 
38 65 92 93 94 148 266 267 
38 65 92 94 148 265 267 
38 65 66 92 93 94 148 265 266 268 
38 65 66 93 94 148 267 
38 66 149 
38 66 149 150 151 
38 41 150 151 272 273 
41 271 273 
41 271 272 274 
41 273 
41 152 276 
41 95 152 275 
41 67 95 154 278 
67 68 154 277 
67 68 155 156 280 281 
155 156 279 
68 69 155 156 282 
69 281 283 
69 282 284 285 
69 283 285 
283 284 
69 96 157 287 
96 157 286 
47 70 71 96 97 98 158 159 160 161 162 289 
47 70 71 96 97 98 158 159 160 161 162 163 288 290 
47 70 71 97 98 159 160 161 162 163 164 289 291 
48 70 97 98 99 162 163 164 290 292 293 
47 48 70 71 99 163 164 291 293 
47 48 70 71 99 163 164 291 292 
47 48 71 99 100 165 295 
48 99 100 101 165 166 167 294 
48 72 73 101 168 169 297 298 
72 73 101 168 169 296 298 
72 73 102 168 169 170 296 297 299 
72 73 102 168 169 170 298 300 
102 301 
102 300 
171 303 
171 172 
52 305 
52 304 306 
103 305 307 
52 103 104 174 306 308 309 310 
52 103 104 174 307 309 310 
52 103 104 174 307 308 
52 53 103 104 105 174 307 308 309 
52 53 103 104 105 106 174 175 
53 106 175 176 177 313 
53 106 175 176 177 312 
177 178 179 
179 180 181 
182 183 317 
182 183 184 185 318 319 
107 182 183 184 185 317 319 320 
107 183 184 185 317 318 320 
107 183 184 186 317 318 319 
107 186 322 323 
107 186 187 321 323 324 
107 322 324 325 
107 187 322 323 325 
108 187 323 
74 108 109 327 
74 108 109 326 
74 75 188 189 190 329 330 331 332 
74 75 110 188 189 328 330 331 
75 110 188 189 328 329 331 
74 75 110 188 189 190 328 329 330 
75 76 110 190 191 192 328 
75 76 191 192 334 335 
75 76 333 
76 193 333 334 336 
76 193 194 335 337 
77 193 194 336 
77 194 195 
77 196 
197 339 341 342 343 
197 340 342 343 
197 340 341 343 
42 197 340 341 342 
42 199 200 201 345 
42 49 201 202 344 346 
42 49 111 201 202 345 347 
49 111 201 346 
42 49 78 79 111 112 203 349 350 351 352 353 354 
42 49 78 79 203 348 350 351 353 354 
42 49 78 79 111 112 203 348 349 351 352 353 354 
42 49 78 79 111 112 203 348 349 350 352 353 354 
42 49 78 79 111 112 113 203 204 348 349 350 351 353 354 
42 49 78 79 111 112 113 203 204 348 349 350 351 352 354 
42 49 78 79 111 112 113 203 204 348 349 350 351 352 353 
54 78 79 112 113 203 204 356 357 
54 79 112 113 203 204 355 357 
54 78 79 113 204 205 355 356 
43 54 205 360 
43 54 358 360 
43 54 358 359 361 363 
43 54 360 362 363 
43 54 360 361 363 364 
43 114 360 362 364 
43 114 362 363 365 
43 114 364 366 
364 365 
43 44 114 206 207 368 369 
43 44 206 207 367 369 370 
43 44 206 367 368 370 
43 44 206 207 369 
43 44 55 80 207 208 209 372 373 374 375 
43 44 80 207 208 371 373 375 
44 55 80 208 209 371 372 374 375 
44 81 208 209 371 372 373 375 
44 55 80 81 208 209 371 372 373 374 
44 55 80 81 115 209 210 377 378 379 380 
44 55 80 81 115 210 376 378 379 380 
80 81 115 210 376 377 379 
44 55 80 81 115 210 376 377 378 380 381 
44 55 81 115 210 376 377 378 379 381 382 
55 81 115 116 210 379 380 382 383 
81 115 116 210 211 380 383 
55 81 115 116 210 211 212 381 382 
82 116 117 118 212 213 385 386 387 388 
82 116 117 118 212 213 384 386 387 388 
82 116 117 118 213 384 385 387 388 389 
82 116 117 118 213 384 386 388 
82 116 117 118 384 385 386 387 389 
82 119 386 
119 214 
120 214 390 
121 215 393 
120 121 215 
83 121 215 216 
83 122 123 216 396 
83 122 123 395 
217 218 219 220 221 398 
217 220 221 397 399 
219 220 221 398 400 401 
221 401 
221 399 400 402 
221 400 401 402 
405 406 414 415 416 430 431 432 433 434 435 14 15 16 17 18 
405 406 412 413 414 424 425 426 427 428 429 8 9 10 11 12 
403 404 406 413 414 415 427 428 429 430 11 12 13 
403 404 405 414 415 416 430 431 432 14 15 16 
408 417 436 22 23 24 25 
407 418 438 27 28 29 
408 418 437 438 439 27 28 29 30 
124 411 420 421 422 443 444 36 37 
410 420 421 422 443 444 36 37 
404 423 424 425 1 2 3 4 5 6 7 8 
404 405 425 426 427 428 429 9 10 11 
403 404 405 406 415 428 429 430 12 13 14 
403 405 406 414 416 430 431 432 14 15 
403 406 415 431 433 14 15 16 
407 436 21 22 23 
408 409 419 437 438 439 440 30 31 
418 440 441 32 33 34 
410 411 421 422 441 36 
410 411 420 422 36 
410 411 420 421 443 36 37 
412 424 1 2 3 4 
404 412 423 425 3 4 5 6 7 8 
404 412 413 424 426 8 9 10 
404 413 425 427 7 8 9 10 
404 405 413 425 426 428 9 10 11 
404 405 413 414 427 429 11 12 
404 405 413 414 428 11 13 
405 406 414 415 12 13 14 
403 406 415 416 432 14 15 16 
403 406 415 416 431 15 16 
403 416 434 435 17 18 
403 433 435 17 18 
403 433 18 19 
407 417 24 25 
408 409 418 438 439 27 28 29 
408 409 418 437 439 27 29 
408 418 437 438 27 28 29 30 
418 419 31 32 
419 420 442 33 35 
441 34 35 
124 410 411 422 444 37 
124 410 422 443 

