75 583
22 2 3 
28 22 1 3 
28 22 23 1 2 
28 22 23 24 25 5 6 
74 28 29 30 24 25 26 4 6 7 
74 28 29 30 24 25 26 4 5 7 
74 28 29 30 24 25 26 5 6 8 
74 30 25 26 7 
74 31 27 32 33 10 11 
31 27 32 33 54 9 11 
31 27 32 33 54 9 10 
34 33 54 58 13 14 15 
34 54 58 12 14 
34 12 13 15 
34 58 12 13 14 
57 51 61 17 
57 51 61 16 
49 36 72 50 47 
57 75 51 52 55 59 62 65 68 64 67 70 20 
57 75 62 65 68 64 67 70 19 
57 75 51 52 55 59 62 65 
28 29 23 1 2 3 4 
28 22 24 3 
74 28 29 30 23 25 26 4 5 6 7 
74 29 30 24 26 5 6 7 8 
74 28 29 30 24 25 5 6 7 8 
74 31 32 33 9 10 11 
74 29 30 22 23 24 25 26 2 3 4 5 6 7 
74 28 30 22 23 24 25 26 4 5 6 7 
74 28 29 24 25 26 4 5 6 7 8 
74 27 32 33 54 10 11 
74 31 27 33 54 9 10 11 
31 34 27 32 54 58 9 10 11 12 
57 33 54 58 61 13 14 
49 37 42 41 48 
49 37 72 38 39 18 50 47 46 
49 36 38 39 40 41 46 48 35 
49 36 37 39 50 47 46 
49 36 37 38 46 48 
49 37 39 41 48 
49 37 42 40 48 35 53 
49 41 35 53 56 60 
44 45 63 66 69 71 73 
43 66 71 73 
43 44 69 71 73 
49 36 37 38 39 
49 18 50 
49 37 39 40 41 
57 36 37 42 72 38 39 40 41 18 50 47 46 48 35 53 56 
49 36 72 38 18 47 
57 75 52 55 59 62 65 68 61 64 67 16 17 21 19 
57 75 51 55 59 62 65 68 64 21 19 
49 42 41 
31 34 32 33 58 10 11 12 13 
57 75 51 52 59 62 65 68 64 21 19 
49 42 60 63 
49 75 34 51 52 55 59 62 65 68 61 64 67 70 16 17 19 20 
34 33 54 12 13 14 15 
57 75 51 52 55 62 65 68 64 67 21 19 
42 56 63 
57 34 51 16 17 
57 75 51 52 55 59 65 68 64 67 70 21 19 20 
43 56 60 66 69 
57 75 51 52 55 59 62 65 68 67 70 19 20 
57 75 51 52 55 59 62 68 64 70 21 19 20 
43 44 63 69 71 
57 75 51 59 62 65 68 64 70 19 20 
57 75 51 52 55 59 62 65 64 67 70 19 20 
45 63 71 
57 75 62 65 64 67 19 20 
43 44 45 66 69 73 
49 18 50 47 
43 45 
28 29 30 24 25 26 27 32 5 6 7 8 9 
57 51 52 55 59 62 65 68 64 67 70 21 20 

