23 212
2 3 20 21 22 23 14 15 16 17 18 19 4 5 6 7 8 9 10 
1 3 22 23 14 15 16 17 18 19 6 7 8 9 10 11 
1 2 20 21 22 23 14 15 16 17 4 5 6 7 8 
1 3 20 21 22 14 15 5 
1 3 20 22 14 4 
1 2 3 22 23 16 17 7 8 9 
1 2 3 22 23 16 17 6 9 
1 2 3 23 16 17 6 7 9 
1 23 17 6 7 8 10 
1 2 23 17 18 19 9 11 
2 23 18 19 
20 21 13 
20 21 12 
1 2 3 20 21 22 15 16 4 5 
1 2 3 20 22 14 4 5 
1 2 3 22 23 14 6 7 8 
1 2 3 23 18 19 6 7 8 9 10 11 
1 2 23 17 19 10 11 
1 2 23 17 18 10 11 
1 21 22 12 13 14 15 4 5 
1 3 20 12 13 14 21 4 
1 2 3 20 23 14 15 16 4 5 6 7 
2 3 22 16 17 18 19 6 7 8 9 10 11 

