114 909
3 4 12 24 25 26 27 50 51 52 53 54 55 56 101 103 104 105 106 107 108 109 110 111 112 
8 18 19 35 36 37 39 69 70 71 72 73 74 75 76 77 
1 4 10 23 24 43 44 45 46 47 48 49 50 51 52 97 98 99 100 101 
1 3 11 24 25 26 48 49 50 51 52 53 54 100 101 102 103 104 105 106 107 
6 7 13 14 15 16 17 28 29 30 31 62 63 64 65 66 
5 7 18 30 31 32 33 65 66 67 68 
5 6 18 30 31 32 33 65 66 67 
2 19 36 37 38 72 73 74 75 76 77 
10 84 85 9 87 88 89 90 92 
3 9 23 42 93 94 95 96 
1 4 12 24 25 26 53 54 55 56 105 106 107 108 110 
1 11 27 56 110 111 112 113 114 
5 14 15 16 17 28 29 58 59 60 61 62 
5 13 15 16 17 28 29 61 62 
5 13 14 16 17 28 29 61 62 
5 13 14 15 17 28 29 61 62 
5 13 14 15 16 29 30 62 63 64 
2 6 7 19 32 34 35 67 68 69 
2 8 18 34 35 36 37 69 71 72 73 
21 22 39 40 41 80 81 82 83 
20 22 81 84 
20 21 83 84 
3 10 42 43 93 94 95 96 
1 3 4 11 25 26 49 50 51 52 53 101 102 103 104 105 106 
1 4 11 24 26 52 53 103 104 105 106 
1 4 11 24 25 54 55 105 106 107 108 109 
1 12 56 112 113 114 
5 13 14 15 16 57 58 59 60 61 
5 13 14 15 16 17 30 62 63 64 
5 6 7 17 29 31 62 63 64 65 66 
5 6 7 30 64 65 66 
6 7 18 33 34 67 68 
6 7 18 32 34 
19 32 33 
2 18 19 36 37 69 70 71 72 73 
2 8 19 35 37 69 70 71 72 73 74 
2 8 19 35 36 72 73 74 75 
2 8 75 76 
2 20 40 41 78 79 
20 39 41 78 79 80 
20 39 78 79 80 
10 23 93 94 95 96 
3 23 44 45 97 98 99 
3 43 45 46 47 97 98 99 
3 43 44 46 47 49 97 98 99 100 
3 44 45 47 48 49 50 99 100 
3 44 45 46 48 49 50 99 100 
3 4 45 46 47 49 50 51 100 101 
3 4 24 45 46 47 48 50 51 100 101 102 
1 3 4 24 46 47 48 49 51 52 100 101 102 
1 3 4 24 48 49 50 52 100 101 103 
1 3 4 24 25 50 51 53 101 102 103 104 
1 4 11 24 25 26 52 104 105 106 
1 4 11 26 55 56 107 108 109 110 
1 11 26 54 56 107 108 109 110 111 
1 11 12 54 55 108 109 110 111 112 
28 59 
13 28 59 60 61 
13 28 57 58 60 61 
13 28 58 59 61 
13 14 15 16 28 58 59 60 
5 13 14 15 16 17 29 30 63 64 
5 17 29 62 64 65 
5 17 29 30 31 62 63 65 
6 7 30 31 63 64 66 
5 6 7 30 31 65 
6 18 32 68 
6 7 18 32 67 
2 18 19 35 36 70 71 
2 19 35 36 69 71 
2 19 35 36 70 72 
2 8 19 35 36 37 71 73 74 
2 8 35 36 72 74 
2 8 36 37 72 
2 8 37 38 
2 8 38 77 
2 8 
39 40 79 80 
39 40 41 78 80 
20 39 40 41 78 79 
20 21 80 82 83 
20 21 81 83 
20 21 22 81 82 
9 22 85 86 
9 84 86 
9 84 85 
9 88 89 
9 87 89 90 91 92 
9 87 88 90 91 92 
9 88 89 91 92 
9 88 89 90 92 
9 88 89 90 91 
10 23 42 94 
10 23 42 93 95 96 
10 23 42 94 96 
10 23 42 94 95 
3 43 44 45 98 99 
43 44 45 97 99 
3 43 44 45 46 47 97 98 
3 4 45 46 47 48 49 50 51 101 102 
1 3 4 48 49 50 51 52 100 102 103 
3 4 24 49 50 52 100 101 103 
1 4 24 25 51 52 101 102 104 
1 4 25 52 53 103 
1 4 11 24 25 26 53 106 
1 4 11 24 25 26 53 105 
1 4 11 26 54 55 108 109 
1 11 26 54 55 56 107 109 110 111 
1 11 26 54 55 56 107 108 110 
1 11 12 54 55 56 108 109 112 
1 12 55 56 108 110 
1 12 27 56 110 111 113 
12 27 112 
12 27 113 

