205 1648
2 3 5 6 7 15 16 30 31 32 33 34 35 36 37 38 39 77 78 79 80 81 82 83 84 85 86 87 88 139 140 141 142 143 144 145 146 147 148 149 
1 3 6 7 15 30 31 32 33 34 35 36 37 38 77 78 79 80 81 82 83 84 85 86 87 139 140 141 142 143 144 145 146 
1 2 8 18 19 20 21 22 23 43 44 45 46 47 48 49 50 51 94 95 96 97 98 99 171 172 173 174 175 176 177 178 179 180 
3 8 20 21 23 49 50 51 52 53 54 99 100 101 183 184 185 186 187 188 189 190 191 192 193 194 195 196 197 198 199 200 201 202 203 
1 9 12 13 14 27 65 66 68 69 70 71 120 121 122 123 124 
1 2 15 31 32 33 34 35 36 79 81 82 83 84 86 87 140 141 142 143 144 145 146 
1 2 28 29 72 73 74 75 128 129 130 131 133 134 135 
3 4 19 20 21 23 46 47 48 49 50 51 52 98 99 178 179 180 181 182 183 184 185 
5 12 27 65 66 67 68 120 121 122 123 
11 24 55 56 57 102 103 104 105 106 
10 24 55 56 57 103 105 106 
5 9 62 63 64 65 116 117 118 119 120 
5 14 70 71 124 125 126 
5 13 125 14 
1 2 6 35 36 37 38 84 85 86 87 144 146 147 148 
1 17 40 41 42 91 92 93 156 157 158 159 160 161 162 
16 40 41 42 93 158 159 160 161 162 163 164 
3 43 44 45 94 95 96 167 168 169 170 171 172 173 
3 8 45 46 47 48 97 174 175 176 177 178 
3 4 8 22 48 49 50 51 98 99 179 180 181 182 
3 4 8 20 22 23 48 49 50 51 98 99 179 180 181 182 
3 4 8 20 21 23 48 49 50 51 98 99 179 180 181 182 183 
3 4 8 20 21 22 51 52 99 183 184 185 186 187 188 189 
11 25 56 57 58 106 107 108 109 
24 58 59 60 107 108 109 110 111 
60 61 62 112 113 114 115 
5 9 66 67 68 69 70 122 123 
7 29 72 73 127 128 129 130 
7 28 72 73 129 130 131 132 
1 2 138 30 
1 2 6 32 77 78 79 80 81 139 
1 2 6 31 33 79 80 81 82 140 
1 2 6 32 81 82 140 141 
1 2 6 15 83 84 85 86 87 143 144 145 146 
1 2 6 15 36 37 38 39 147 148 
1 2 6 15 35 37 38 39 147 
1 2 15 35 36 38 39 147 148 
1 2 15 35 36 37 39 147 148 
1 35 37 38 88 149 150 151 152 153 
16 17 41 42 91 92 93 156 157 158 159 160 161 
16 17 40 42 92 93 156 157 158 159 160 
16 17 40 41 93 159 160 161 162 
3 18 44 45 95 96 170 171 172 173 
3 18 43 45 95 96 169 171 172 173 
3 18 19 43 44 96 97 174 
8 19 47 48 97 175 176 177 178 
3 8 19 20 46 48 98 177 178 
3 19 20 21 22 46 47 49 50 98 178 179 
3 4 8 20 21 22 48 50 51 98 99 179 180 181 182 
3 4 8 20 21 22 48 49 51 98 99 179 180 181 182 
3 4 8 20 21 22 23 49 50 98 99 180 181 182 
4 8 23 185 186 188 189 190 191 192 
4 54 100 101 193 194 195 196 197 198 199 200 201 
4 53 101 198 199 200 201 202 203 205 
10 11 102 103 104 105 106 
10 11 24 57 106 
10 11 24 56 
24 25 59 107 108 109 110 111 
25 58 60 109 110 111 
25 26 59 61 111 112 113 
26 113 
12 26 63 64 114 115 
12 62 64 114 115 116 
62 63 115 116 117 118 
5 9 12 117 118 119 120 
5 9 27 67 121 122 123 
5 9 27 66 121 122 123 
5 9 27 69 70 71 124 
5 27 68 70 71 124 
5 13 27 68 69 124 
5 13 68 69 70 124 
7 28 29 73 128 129 130 131 
7 28 29 72 129 130 131 132 
7 75 134 135 
7 74 136 
30 136 137 138 
1 2 31 78 
2 31 77 
1 2 6 31 32 80 81 139 
1 2 31 32 79 81 139 
1 2 6 31 32 33 79 80 82 
1 2 6 32 33 81 140 
1 2 6 34 141 142 143 144 
1 2 6 15 34 85 86 87 144 145 146 
1 2 6 15 34 84 86 87 144 145 146 
1 2 6 15 34 84 87 144 145 146 
1 2 15 34 84 86 145 146 
1 39 89 90 149 150 151 152 153 
88 90 153 154 
89 154 
16 40 92 154 155 156 
16 40 41 91 155 156 157 
16 40 41 42 158 159 160 161 162 
3 18 95 165 166 167 168 
3 18 43 44 94 167 168 169 170 171 172 173 
43 44 45 174 
3 19 45 46 174 175 177 
8 20 21 22 47 48 49 50 51 179 180 
3 4 8 20 21 22 23 49 50 51 180 182 183 184 
4 53 191 192 193 194 195 196 197 
4 53 54 201 202 203 204 205 
10 55 103 104 
10 11 55 102 104 105 
10 11 102 103 105 
10 11 55 103 104 106 
10 11 24 55 56 57 105 
24 25 58 108 109 110 
24 25 58 107 109 110 
24 25 58 59 107 108 110 
25 58 59 107 108 109 
25 58 60 
26 60 113 
26 60 61 112 
26 62 63 
26 62 63 64 114 
12 63 64 65 117 119 
12 64 65 118 119 120 
12 64 65 116 117 119 120 
12 65 116 117 118 
5 9 12 65 117 118 119 
5 9 66 67 122 123 
5 9 27 66 67 121 123 
5 9 27 66 67 121 122 
5 13 68 69 70 71 
14 
13 127 
28 126 
7 28 72 129 
7 29 72 73 130 
7 28 29 72 73 129 
7 29 72 73 130 
7 29 73 133 
7 134 
74 133 135 
7 74 134 
75 76 137 
75 76 136 138 
30 76 137 
1 2 31 79 80 
1 2 6 32 33 82 141 
1 2 6 33 83 140 142 
1 2 6 83 141 
1 2 6 34 83 142 144 
1 6 15 34 83 84 85 86 145 
1 2 15 34 84 85 86 87 144 146 
1 2 6 34 84 85 86 87 145 
1 35 37 38 148 
1 35 36 37 38 147 
1 39 88 150 151 152 153 
39 88 149 151 152 153 
88 149 150 152 153 
39 88 149 150 151 153 
39 88 89 149 150 151 152 
89 90 91 155 
91 92 154 156 
16 40 41 91 92 155 157 158 
16 40 41 92 156 158 
16 17 40 41 42 93 156 157 
16 17 40 41 42 93 160 161 162 
16 17 40 41 42 93 159 161 162 
16 17 40 42 93 159 160 162 
16 17 42 93 159 160 161 163 
17 162 164 165 
17 163 165 166 
94 163 164 166 
164 165 
18 94 95 169 170 
94 95 167 169 
18 43 44 95 167 168 170 171 
18 43 95 167 168 169 171 
3 43 44 95 169 170 172 173 
3 18 43 44 95 171 173 
3 18 43 44 95 171 172 
3 19 45 96 97 175 
3 19 46 97 174 176 177 
3 19 46 97 175 177 
3 19 46 47 97 175 176 
3 8 19 46 47 48 
8 20 21 22 49 50 98 
3 8 20 21 22 49 50 51 98 99 181 182 
8 20 21 22 49 50 51 98 180 182 
8 20 21 22 49 50 51 99 180 181 
4 8 22 99 184 
4 8 23 99 183 
4 8 23 52 186 187 188 189 
4 23 52 185 187 188 189 
4 23 52 185 186 188 189 
4 23 185 186 187 189 
4 23 52 185 186 187 188 190 
4 52 188 189 
4 52 192 193 
4 52 100 191 193 
4 53 100 191 192 194 195 
4 53 100 193 195 196 197 
4 53 100 193 194 197 
4 53 100 194 195 197 
4 53 100 194 195 196 198 199 
4 53 54 197 199 200 201 
4 53 54 197 198 200 201 
4 53 54 198 199 201 
4 53 54 101 198 199 200 202 203 
4 54 101 201 203 204 
4 54 101 201 202 204 
54 101 202 203 
54 101 

