46 328
23 3 21 9 10 
16 26 27 15 7 11 12 13 14 35 37 38 39 40 41 42 43 44 
23 24 4 8 21 22 1 9 10 28 
24 3 8 28 17 31 
25 30 32 33 18 
25 27 7 34 35 
2 25 26 27 6 34 35 36 37 38 
24 3 4 28 29 17 31 
23 3 21 22 1 10 
23 3 21 22 1 9 
2 16 15 12 13 14 42 43 44 
2 16 15 11 13 14 42 43 44 
2 16 15 11 12 14 42 43 44 
2 16 15 11 12 13 44 45 
2 16 11 12 13 14 43 44 45 15 46 
2 27 15 11 12 13 14 38 39 40 41 42 43 44 
24 4 8 28 30 
25 5 
20 21 
23 19 21 
23 3 19 20 1 9 10 
23 3 21 9 10 
24 3 19 20 21 22 1 9 10 
23 3 4 8 28 29 17 31 30 
26 27 5 6 7 18 34 
25 27 6 7 34 35 36 37 38 
2 16 26 6 7 34 35 36 37 38 39 40 
24 3 4 8 29 17 31 
24 4 8 28 17 31 30 
24 5 29 17 31 32 33 
24 4 8 28 29 17 30 32 33 
5 31 30 33 
5 32 
25 26 27 6 7 34 
2 26 27 6 7 36 37 38 39 
26 27 7 35 37 38 39 
2 26 27 7 35 36 38 39 
2 16 26 27 7 35 36 37 39 40 41 
2 16 27 36 37 38 40 41 
16 27 38 39 41 
16 38 39 40 
2 16 11 12 13 43 
16 15 11 12 13 42 44 
2 16 15 11 12 13 14 43 
15 14 46 
45 46 

