49 532
12 13 14 15 20 21 22 48 5 6 7 8 9 10 11 18 19 17 16 28 29 30 31 32 33 34 35 36 37 38 39 40 41 42 43 44 
12 20 47 3 4 23 24 25 
12 20 2 4 23 24 25 
12 20 47 2 3 23 24 25 
1 12 13 6 7 8 27 28 29 30 
1 12 13 5 7 8 27 28 29 
1 13 5 6 8 28 29 30 
1 13 5 6 7 28 29 
1 14 15 21 10 11 18 19 31 32 33 34 
1 14 15 21 9 11 18 19 34 
1 14 15 21 9 10 18 19 34 
1 13 20 47 2 3 4 5 6 23 24 25 26 27 
1 12 14 20 5 6 7 8 26 27 28 29 30 
1 13 15 21 22 48 9 10 11 18 17 31 32 33 34 35 36 37 38 39 40 41 
1 14 21 22 48 49 9 10 11 18 19 17 16 34 35 36 38 39 40 41 42 43 44 45 
1 15 22 48 49 45 46 
1 14 21 22 18 19 35 36 37 38 39 40 41 
1 14 15 21 9 10 11 19 17 34 
1 14 15 21 22 10 11 18 17 34 35 
1 12 13 47 2 3 4 23 24 25 26 
1 14 15 22 48 9 10 11 18 19 17 34 35 36 37 38 39 40 41 42 43 44 
1 14 15 21 48 19 17 16 35 36 37 38 39 40 41 42 43 44 45 
12 20 47 2 3 4 24 
12 20 2 3 4 23 25 
12 20 47 2 3 4 23 24 
12 20 27 
12 13 5 6 26 
1 13 5 6 7 8 29 30 
1 13 5 6 7 8 28 30 
1 13 5 7 8 28 29 31 
1 13 14 9 30 32 33 
1 14 9 31 33 
1 9 10 31 32 34 
1 14 15 21 9 10 11 19 33 
14 15 21 22 19 17 36 37 38 39 40 41 
1 14 15 21 22 17 35 37 38 39 40 
1 14 15 21 22 17 35 36 38 39 40 41 
1 14 15 21 48 17 35 36 37 39 40 41 42 43 
1 14 15 21 22 17 35 36 38 40 41 42 43 
1 14 15 21 22 48 17 35 36 37 38 39 41 42 43 44 
1 14 15 21 22 48 17 35 37 38 39 40 42 43 44 
1 15 21 22 48 38 39 40 41 43 44 
1 15 21 22 48 38 39 40 41 42 44 
1 15 21 22 48 40 41 42 43 
15 22 48 49 16 46 
48 49 16 45 
12 20 2 3 4 23 24 25 
1 14 15 21 22 49 16 38 40 41 42 43 44 45 46 
15 48 16 45 46 

