194 1396
2 28 61 97 98 109 110 111 93 94 151 
1 3 9 10 11 50 62 100 64 65 121 122 123 124 125 
2 4 10 11 50 64 65 66 67 121 122 123 124 125 126 130 131 132 
3 12 51 52 68 77 135 127 128 
96 152 153 6 7 8 
153 5 7 8 
96 5 8 
96 153 5 6 
1 2 28 61 97 98 109 110 111 93 94 
2 3 11 50 62 100 64 121 122 123 124 
2 3 10 50 64 65 66 121 122 124 125 126 130 131 132 
4 51 52 135 127 128 
1 2 3 9 10 28 14 31 56 55 83 84 85 86 87 88 89 90 91 92 93 94 136 139 140 141 142 143 144 145 146 147 148 149 150 151 23 20 21 22 24 25 26 27 35 36 34 32 37 38 33 39 40 
13 19 29 30 49 53 54 69 70 71 73 74 75 76 78 108 113 115 117 118 119 120 101 167 169 170 171 172 173 174 175 176 177 178 179 180 181 182 183 184 185 186 187 
96 153 154 155 156 157 59 
83 84 
84 136 137 138 139 18 
136 137 138 139 17 
14 49 53 57 69 71 104 105 99 107 108 160 161 162 163 164 165 166 
13 87 142 143 144 145 146 147 148 21 
13 87 144 145 146 147 148 20 22 
13 55 146 147 148 149 21 
13 56 86 87 142 
13 31 55 88 89 149 25 26 
13 31 55 88 89 149 24 26 
13 31 55 88 89 24 25 
13 31 150 35 36 
1 9 61 97 93 94 151 
14 30 54 75 76 78 120 101 185 186 187 
14 29 54 76 78 120 101 185 187 
13 55 88 89 90 149 150 24 25 26 35 36 34 
13 90 91 34 37 38 33 
13 90 91 92 32 37 38 39 
13 90 36 32 
13 31 150 27 36 
13 31 90 150 27 35 34 
13 90 91 32 38 33 
13 90 32 33 
13 91 92 33 
13 91 92 41 42 
92 40 42 
92 40 41 43 
42 44 45 
43 45 46 
93 151 43 44 46 47 
93 151 44 47 
93 151 45 46 
82 158 63 58 
14 19 57 69 105 99 107 161 162 164 
2 3 10 11 64 65 66 124 125 126 130 131 132 
4 12 133 134 135 127 
4 12 68 77 129 
14 19 71 72 108 113 115 117 118 169 170 171 172 173 
14 29 30 74 75 76 120 185 186 187 
13 31 89 147 148 149 22 24 25 26 
13 85 86 87 140 141 23 
19 104 105 99 107 
82 158 48 60 
96 153 154 155 15 
82 158 159 58 95 
1 9 28 98 109 110 111 
10 100 116 
82 156 157 158 48 
2 3 10 11 50 121 122 123 124 
2 3 11 50 66 124 126 130 132 
3 11 50 65 67 130 131 132 
3 66 
4 52 77 129 
19 49 70 71 165 166 
14 19 69 71 108 167 
14 19 53 69 70 72 108 167 168 169 
14 53 71 115 167 168 169 
14 74 118 119 175 176 177 178 179 180 181 
14 54 73 75 76 120 178 179 180 182 183 184 
14 29 54 74 76 120 181 182 183 184 
14 29 30 54 74 75 120 183 184 185 186 187 
4 68 129 
14 29 30 79 80 102 188 
78 80 81 102 103 106 188 189 190 191 
78 79 81 102 103 106 189 190 191 
79 80 103 106 189 190 191 192 193 
156 157 158 159 63 58 60 95 
13 84 159 83 16 
13 83 136 137 138 16 18 
13 56 86 140 141 
13 56 85 87 141 142 23 
13 56 86 142 143 144 145 147 148 23 20 21 
13 31 55 89 149 22 24 25 
13 31 55 88 24 25 26 
13 31 91 150 36 34 32 37 38 33 
13 90 92 32 37 38 33 39 40 
13 91 33 39 40 41 42 
13 94 151 45 46 47 
61 97 13 93 151 
159 60 
152 153 154 155 156 157 5 6 7 8 59 15 
1 9 28 
1 9 61 109 110 111 112 
19 49 105 
2 10 
14 29 30 
78 80 188 
79 80 81 106 189 190 191 192 193 
19 57 104 160 
19 49 57 99 
79 80 81 103 189 191 192 193 194 
19 49 57 161 162 
14 19 53 70 71 72 113 167 168 169 
9 61 110 
1 9 61 98 109 111 112 114 
1 9 61 98 109 110 112 114 
98 110 111 114 
14 53 72 108 115 117 169 170 171 
110 111 112 116 
14 53 72 113 117 118 170 171 172 173 
62 112 114 
14 53 113 115 118 170 171 172 173 174 
53 73 115 117 119 171 172 173 174 175 
14 73 118 175 176 177 178 179 
14 29 30 54 74 75 76 184 185 186 187 
2 3 11 123 
2 3 10 11 64 121 123 
2 3 10 11 64 121 122 
2 3 10 11 50 64 65 125 126 
2 3 11 50 65 124 126 130 
3 11 50 65 124 125 130 131 132 
4 12 51 135 
4 12 
52 77 
3 11 50 65 66 125 126 131 132 
3 11 50 65 66 126 
3 11 50 65 66 126 130 131 
51 134 
51 133 
4 12 127 
13 84 137 138 139 17 18 
84 136 138 139 17 18 
84 136 137 139 18 
136 137 138 17 18 
13 56 85 141 
13 56 86 140 
13 56 86 143 144 23 20 
13 87 142 144 145 146 147 148 20 
13 87 142 143 145 146 147 148 20 21 
13 87 143 144 146 147 148 20 21 22 
13 87 144 145 147 148 20 21 22 
13 55 87 143 144 145 148 20 21 22 
13 55 87 143 144 145 146 147 20 21 22 
13 31 55 88 89 22 24 25 26 
13 31 90 27 35 36 34 
13 93 45 46 47 
96 5 152 
96 154 155 156 157 6 7 8 59 15 
96 153 155 156 157 59 15 
96 153 154 156 157 59 15 
96 82 153 154 155 157 15 63 
96 82 153 154 155 156 15 63 
82 63 48 58 60 
82 83 60 95 
19 57 104 
19 49 107 162 163 164 
49 163 
19 161 162 164 
19 49 161 162 163 
19 70 166 
19 70 165 
14 70 71 72 108 168 169 
71 72 108 167 169 
14 53 71 72 108 113 167 168 
14 53 72 113 171 
14 53 113 115 117 118 170 172 
14 53 115 117 118 171 173 
14 53 115 117 118 171 172 174 
14 117 118 173 175 
14 73 118 119 174 176 177 
14 73 119 175 177 
14 73 119 175 176 178 179 
14 73 119 179 180 181 
14 73 74 119 177 178 180 181 
14 73 74 178 179 181 182 
14 73 74 75 178 179 180 183 
14 74 75 180 181 183 184 
14 75 76 181 182 184 
14 74 75 76 120 182 183 
14 29 30 54 76 120 186 187 
14 29 54 76 120 185 187 
29 30 54 76 120 185 
79 102 
79 80 81 103 106 190 
79 80 81 103 189 
79 80 81 103 106 192 193 194 
81 103 106 191 193 194 
81 103 106 191 192 194 
106 191 193 

