78 631
2 3 4 5 6 7 8 9 11 12 13 14 15 16 26 29 30 31 32 33 34 35 54 55 56 57 58 59 60 61 62 63 64 65 
1 5 10 11 12 24 25 26 27 44 45 46 47 48 49 50 51 
1 6 7 8 13 14 15 16 29 30 31 32 55 56 57 58 59 
1 9 17 33 34 35 63 65 66 67 68 
1 2 10 11 24 25 26 44 45 46 47 48 49 50 
1 3 7 8 13 14 15 28 29 30 54 55 56 57 
1 3 6 8 13 14 15 29 30 55 56 57 
1 3 6 7 14 15 16 29 32 57 58 59 60 
1 4 17 36 37 68 69 
2 5 21 22 23 24 40 41 42 43 44 45 
1 2 5 12 25 27 46 47 48 49 50 51 
1 2 11 26 27 28 51 52 53 54 
1 3 6 7 14 28 29 54 55 56 
1 3 6 7 8 13 15 29 30 55 56 
1 3 6 7 8 14 16 30 32 57 58 59 
1 3 8 15 30 31 57 58 59 60 61 
4 9 18 36 37 68 69 70 
17 19 36 70 71 
18 38 71 72 73 74 
38 75 76 77 78 
22 23 40 41 42 
10 21 23 40 41 42 43 
10 21 22 40 41 42 
2 5 10 44 45 46 
2 5 11 46 47 48 49 50 
1 2 5 11 12 28 50 51 52 53 
2 11 12 26 51 52 53 
1 6 12 13 26 53 54 
1 3 6 7 8 13 14 55 56 
1 3 6 7 8 14 15 16 31 32 57 58 59 
1 3 15 16 30 32 57 58 
1 3 8 15 16 30 31 57 58 59 
4 34 60 61 62 63 64 
1 4 33 35 63 64 65 66 67 
1 4 34 63 64 65 66 67 
9 17 18 37 69 70 
9 17 36 70 
19 20 39 74 75 76 77 
20 38 75 76 77 78 
10 21 22 23 41 42 43 
10 21 22 23 40 42 43 
10 21 22 23 40 41 43 
10 21 22 23 40 41 42 
2 5 10 24 45 46 
2 5 10 24 44 46 
2 5 11 24 25 45 47 
2 5 11 25 46 48 49 
2 5 11 25 47 49 
2 5 11 25 47 48 50 
2 5 11 25 26 48 49 
2 11 12 26 27 52 53 
12 26 27 51 53 
12 26 27 28 51 52 
1 6 12 13 28 
1 3 6 7 13 14 29 56 
1 3 6 7 13 14 29 55 
1 3 6 7 8 14 15 16 30 31 32 58 
1 3 8 16 30 31 32 57 59 
1 3 8 15 16 30 31 32 58 60 61 
1 8 16 33 59 61 62 
1 16 33 59 60 62 
1 33 60 61 63 
1 4 33 34 35 62 64 65 66 
1 34 35 63 65 66 
1 4 34 63 64 66 67 
4 34 35 63 64 65 67 
4 34 35 65 66 
4 9 17 69 
9 17 36 68 
17 18 36 37 
18 19 72 73 74 
19 71 73 
19 71 72 74 
38 71 72 73 
20 38 39 76 77 78 
20 38 39 75 77 78 
20 39 75 76 78 
20 39 75 76 77 

