200 1533
2 4 5 9 10 16 17 18 19 20 21 22 32 33 68 69 70 71 72 73 74 75 76 77 78 79 80 81 82 146 148 149 150 151 152 153 154 155 156 157 158 159 160 161 162 163 164 165 167 168 
1 4 9 10 16 17 18 32 67 68 69 70 71 72 73 74 75 76 144 145 146 147 148 149 150 151 152 
11 12 26 27 44 45 46 47 48 49 50 51 100 103 104 105 106 107 108 109 110 111 112 113 
1 2 10 18 19 76 77 78 79 80 157 158 159 160 161 162 163 164 165 
1 6 24 37 86 87 88 89 90 91 192 193 194 195 196 197 198 199 
5 24 89 90 91 197 198 199 200 
8 28 29 30 58 59 60 61 131 
7 30 58 59 60 61 131 
2 15 16 32 141 143 144 145 
1 2 4 72 73 74 75 76 150 151 152 153 154 155 156 157 158 
3 25 38 39 40 41 42 43 92 93 94 95 96 97 98 
3 26 27 45 46 47 48 49 50 51 108 109 110 111 112 113 
14 31 63 64 132 133 134 135 136 
13 15 31 65 66 138 139 
9 14 65 66 138 139 140 
1 2 9 17 32 68 144 145 146 148 
1 2 16 68 69 70 71 148 149 
1 2 4 77 78 79 80 160 161 162 163 164 165 166 
1 20 21 33 81 82 83 167 168 169 170 171 172 
1 19 21 33 81 82 83 168 169 170 171 172 173 174 
1 19 20 33 82 83 171 172 173 174 175 176 
1 23 34 35 84 177 178 179 180 181 182 183 
22 34 35 36 84 178 179 180 181 183 184 185 
5 6 89 90 91 200 
11 38 39 40 41 42 43 93 94 95 96 97 
3 12 27 45 46 47 48 49 50 109 110 111 112 
3 12 45 46 47 48 49 110 111 112 
7 29 30 57 58 129 130 
7 28 30 58 129 
7 28 29 59 
13 136 137 
1 2 9 16 144 145 146 147 
1 19 20 21 82 83 169 170 171 173 174 175 
22 23 84 176 177 178 179 
22 23 36 37 84 85 179 180 181 182 183 184 185 186 
23 35 37 85 86 184 185 186 187 188 
5 35 36 85 86 87 185 186 187 188 189 190 191 192 
11 25 39 40 92 93 94 95 96 
25 38 40 92 94 95 96 
11 25 38 39 41 42 96 97 
11 25 40 42 43 97 98 
11 25 40 41 43 97 98 
11 25 40 41 42 97 98 99 
3 45 105 106 107 108 
3 12 26 27 44 46 47 48 109 110 
3 12 26 27 45 47 109 110 111 
3 12 26 27 45 46 48 49 109 110 111 112 
3 12 26 27 45 46 47 49 50 110 111 112 
3 12 26 27 47 48 50 51 111 112 113 
3 12 26 27 48 49 51 112 113 114 
3 12 49 50 52 113 114 115 116 117 
51 53 113 114 115 116 117 
52 116 117 118 119 
55 122 123 124 125 126 
54 56 121 122 123 124 125 126 
54 55 125 126 127 
28 127 128 129 
7 8 28 29 30 59 
7 8 30 58 
7 8 61 131 
7 8 60 62 
61 132 
13 64 132 133 135 
13 63 132 133 134 135 
14 15 66 138 139 
14 15 65 139 140 141 142 
2 141 143 
1 2 16 17 146 147 148 149 
1 2 17 70 71 72 149 
1 2 69 71 74 
1 2 17 69 70 72 73 74 
1 2 69 70 71 73 74 150 
1 2 10 70 72 150 
1 2 10 71 72 73 150 
1 2 10 76 150 151 152 153 154 155 156 
1 2 4 10 75 152 153 154 155 156 157 
1 4 18 78 79 160 161 162 
1 4 18 77 79 160 161 162 
1 4 18 77 78 160 161 162 163 
1 4 18 164 165 166 
1 19 20 167 168 169 170 
1 19 20 21 83 171 172 173 174 175 
19 20 21 33 82 171 172 173 174 175 
22 23 34 35 178 179 180 181 182 183 
35 36 37 86 185 186 188 
5 36 37 85 87 88 187 188 189 190 191 192 193 
5 37 86 88 189 191 192 193 194 
5 86 87 189 191 192 193 194 195 
5 6 24 90 91 197 198 199 
5 6 24 89 91 197 198 199 
5 6 24 89 90 197 198 199 
11 38 39 93 94 95 
11 25 38 39 92 94 95 96 
11 25 38 39 92 93 95 96 
11 25 38 39 92 93 94 96 
11 25 38 39 40 93 94 95 
11 25 40 41 42 43 98 
11 41 42 43 99 100 101 102 
43 100 101 102 103 
3 98 99 101 102 103 104 105 106 107 
98 99 100 102 103 104 105 106 
98 99 100 101 103 104 105 106 
3 100 101 102 104 105 106 107 
3 100 101 102 103 105 106 107 
3 44 100 101 102 103 104 106 107 
3 44 100 101 102 103 105 107 
3 44 100 103 104 105 106 
12 44 
3 12 26 45 46 47 110 
3 12 26 27 45 46 47 48 109 111 
3 12 26 27 46 47 48 49 110 112 
3 26 27 47 48 49 50 111 113 
3 12 49 50 51 52 112 114 115 
50 51 113 115 
51 52 113 114 116 117 
51 52 53 114 115 117 
51 52 115 116 
53 119 120 
53 118 120 
53 118 119 121 
54 55 120 122 123 124 
54 55 121 123 124 125 126 
55 121 122 124 125 126 
54 121 122 123 125 126 
54 55 56 122 123 124 126 
54 55 56 123 124 125 
56 57 128 
57 127 129 
28 29 57 128 130 
28 57 129 
7 8 60 
62 63 64 133 
13 63 64 132 134 
13 63 64 135 136 
13 63 64 134 136 137 
13 31 135 137 
13 135 136 
14 65 
14 65 66 138 
15 66 142 
66 67 140 142 143 
66 140 141 143 
9 67 141 142 
2 9 16 32 
2 9 16 32 144 
1 2 16 32 68 147 
2 16 32 68 146 
1 2 16 17 68 149 
1 2 17 68 69 148 
1 2 72 73 74 75 151 
1 2 10 150 152 153 154 
1 10 75 76 151 153 154 155 
1 10 75 76 151 152 154 155 156 
1 10 75 76 151 152 153 156 
1 10 75 76 152 153 154 156 
1 10 75 76 153 154 155 
1 76 158 159 
4 10 157 159 
1 4 157 158 
1 4 18 77 78 79 161 
1 4 18 77 78 160 162 
1 4 18 77 78 79 160 161 163 
1 4 18 79 162 
1 4 18 80 165 166 
1 18 80 164 166 
1 18 80 164 165 
1 19 81 168 
1 19 81 167 
19 20 33 81 170 
19 20 33 169 171 
19 20 21 33 82 83 170 172 173 
19 20 21 33 82 83 171 173 174 175 
20 33 82 83 171 172 175 
20 21 33 82 83 172 175 
33 82 83 172 173 174 
21 34 177 
22 34 
22 34 84 
22 23 34 35 84 180 181 182 
22 23 35 84 179 181 182 
22 23 35 84 179 180 182 183 184 
22 23 35 84 179 180 181 183 184 
22 23 35 84 181 182 184 
23 35 36 181 182 183 185 186 
23 35 36 37 85 184 186 
35 36 37 85 184 185 187 
36 37 86 186 188 
36 37 85 86 187 189 190 191 
37 86 87 88 188 191 192 193 
37 86 87 188 189 191 192 193 
37 86 87 88 188 189 190 192 193 
5 37 86 87 88 189 190 191 193 194 
86 87 88 189 190 191 192 194 
5 87 88 192 
5 88 194 196 
5 195 
5 6 90 91 198 199 
5 6 89 90 91 197 199 
5 6 89 90 91 197 198 
6 24 

