790 6287
2 3 4 5 7 8 13 14 15 16 17 18 759 782 783 784 785 786 787 788 1 
1 3 6 18 2 
1 2 4 7 9 10 
1 3 7 11 12 
1 8 14 15 783 784 
2 6 
1 3 4 
1 13 
3 10 
3 9 
4 12 
4 11 
1 8 
1 5 
1 5 
1 2 3 17 18 19 16 
18 16 19 
2 16 17 
16 17 
20 24 
1 2 3 4 5 6 7 8 16 17 18 20 22 23 24 25 26 27 28 29 30 31 32 33 34 35 36 37 38 39 40 41 42 43 44 45 46 52 48 49 53 55 56 57 58 59 60 61 62 63 64 69 70 71 72 73 74 75 83 84 85 86 87 105 106 107 108 109 110 127 137 138 140 143 162 173 174 192 193 214 226 251 252 268 287 288 333 357 358 445 446 458 491 522 544 558 623 641 642 665 668 669 670 695 702 703 720 741 742 744 745 747 758 759 760 761 762 763 782 783 784 785 786 21 
21 25 22 33 39 
21 27 35 
20 21 30 31 37 38 
21 22 
21 29 
21 23 
21 32 
21 26 
24 36 
21 24 
21 28 
21 22 
21 23 35 
21 23 34 
21 30 
21 24 
21 24 
1 16 22 23 40 41 42 43 44 46 47 50 51 52 55 56 57 58 61 62 63 64 70 72 84 106 758 39 
39 50 
39 44 45 53 54 
39 43 46 47 51 
39 42 46 47 
39 41 45 49 53 44 
41 44 49 45 
39 42 43 47 
39 42 43 
41 44 53 54 
44 45 
39 40 
39 42 
39 52 
41 44 48 54 
41 48 53 
40 41 42 56 57 58 59 60 61 62 63 64 55 65 66 67 68 70 72 
55 56 70 72 
55 58 60 63 65 
55 57 59 
55 58 
55 57 63 
55 67 
55 64 68 
55 57 60 66 
55 62 
55 57 
55 63 
55 61 
55 62 
1 16 17 18 20 22 23 24 39 40 41 42 43 44 45 46 55 56 57 58 59 60 61 62 63 64 65 70 71 72 73 74 75 76 77 78 79 80 81 82 84 85 86 87 105 106 107 108 109 110 115 127 137 138 139 140 143 162 174 192 226 251 252 268 287 288 333 357 445 458 491 558 702 703 758 782 69 
56 69 72 73 74 75 76 78 79 80 81 82 
69 71 
69 70 73 74 75 76 78 79 80 81 
69 70 72 74 75 
69 70 72 73 75 76 78 
69 70 72 73 74 76 78 
69 70 72 73 74 75 79 
69 77 
70 72 74 75 76 79 
70 72 75 76 78 
69 72 81 
69 70 72 80 
69 70 
1 5 16 17 18 20 21 22 23 24 39 40 41 42 44 55 56 57 58 59 60 61 62 69 70 71 72 73 74 75 76 77 84 85 86 87 88 89 90 91 92 93 94 95 96 97 98 99 100 101 102 103 104 105 106 107 108 109 110 111 112 113 114 115 116 117 118 119 120 121 124 125 127 128 129 136 130 137 138 139 140 141 142 143 144 145 146 162 173 174 175 189 192 193 214 226 227 251 252 268 287 288 316 333 334 357 358 445 446 458 479 491 522 544 558 642 668 669 695 702 703 720 741 744 745 758 759 782 83 
39 55 70 83 85 86 87 88 89 90 91 84 92 93 94 97 98 99 100 101 102 103 105 106 107 108 109 110 115 116 121 137 138 139 192 
84 86 87 88 89 97 
83 84 85 87 88 89 97 
83 84 85 86 92 98 
84 85 86 89 97 
83 84 85 86 
83 84 93 
83 84 95 
83 84 87 
83 84 90 103 
84 104 
83 91 96 
83 95 
83 84 85 86 88 
83 84 87 
83 84 100 
83 99 
83 84 
83 84 
83 84 93 
83 94 
106 107 108 109 110 111 112 113 114 117 118 119 122 105 123 130 137 138 139 
85 86 87 88 105 107 108 109 110 113 114 115 116 106 120 121 124 125 126 137 138 139 
105 106 108 109 111 112 113 117 118 122 107 130 
105 106 107 111 112 113 117 118 
106 107 110 114 109 
105 106 109 115 120 124 125 126 
105 107 108 122 
105 117 118 
105 107 108 123 
106 109 119 
106 110 116 
106 115 116 
105 107 108 112 118 
105 107 108 112 117 
105 114 
106 110 
106 115 116 
105 107 111 
105 113 
106 110 
106 110 
106 110 
1 16 39 55 69 70 84 85 86 87 105 106 107 108 109 110 111 112 113 114 115 117 128 129 130 131 132 133 134 135 136 137 138 139 140 141 142 143 144 145 146 148 150 151 156 159 160 161 162 174 192 226 251 252 287 333 357 458 491 558 758 127 
127 133 
127 135 
127 130 
127 134 
127 132 
127 128 
127 131 
127 129 
127 136 
105 106 107 128 138 139 140 141 142 143 144 145 146 147 148 149 150 152 153 154 155 162 137 
105 106 107 128 129 136 132 127 137 139 140 141 142 143 145 146 148 149 150 151 156 157 158 159 160 161 
105 106 107 128 129 132 127 137 138 140 141 142 143 146 150 151 156 157 158 159 160 161 
137 138 139 141 142 143 144 145 147 152 153 
137 138 139 140 142 144 147 141 
137 138 139 140 141 143 145 146 148 149 154 155 
137 138 139 140 142 150 151 156 157 158 160 161 
137 140 141 144 
137 138 140 142 
137 138 139 142 
137 140 141 147 
137 138 142 149 154 155 
137 138 142 148 154 155 
138 143 
138 139 143 156 
137 140 
137 140 
137 142 148 149 155 
137 148 154 
138 139 143 151 
138 139 143 158 
138 139 143 157 
138 139 143 
138 143 
138 139 143 
137 163 164 166 167 168 169 162 172 174 
162 168 172 
162 165 170 171 
164 165 
162 167 
162 166 
162 163 
162 169 
164 171 
164 170 
162 163 
1 16 21 39 55 56 69 70 83 84 85 105 106 107 108 109 110 127 137 138 139 140 141 142 143 144 162 163 164 165 166 167 168 169 170 171 172 174 175 176 177 178 179 180 181 182 183 184 185 186 187 188 189 190 192 193 194 195 196 197 198 199 201 213 214 215 216 226 227 228 229 230 231 232 235 239 251 252 253 254 268 271 287 288 316 333 334 357 358 396 445 446 458 479 491 522 544 558 642 668 669 695 702 703 720 758 173 
162 173 175 176 177 179 180 182 183 174 184 193 
173 176 181 
173 174 175 181 
173 174 175 180 
185 186 
173 174 
173 174 177 
173 175 176 
173 174 
173 174 
173 174 
173 178 
173 178 
173 188 
173 187 
190 191 193 195 198 199 189 
189 190 191 
189 190 
84 137 138 162 174 175 189 193 194 195 196 197 198 199 192 200 201 202 203 204 213 214 215 216 226 227 228 229 252 268 333 
189 192 194 195 197 198 199 201 205 206 207 208 209 210 211 212 214 
192 193 196 197 200 203 204 
192 193 198 199 206 207 208 209 210 211 
192 194 
192 194 
192 193 195 199 206 207 208 209 
192 193 195 198 212 
192 194 203 
192 193 
192 196 
192 194 200 
192 194 
193 205 
193 195 198 
193 195 198 208 
193 195 198 207 
193 195 198 210 
193 195 209 
193 195 
193 199 
214 227 228 229 230 238 239 249 250 213 
193 194 213 215 216 214 217 218 219 220 221 222 223 224 225 227 
214 216 217 219 221 215 222 223 224 
214 215 219 220 221 223 224 225 
214 215 218 
214 217 
214 215 216 222 
215 216 223 
214 215 223 
214 215 219 
215 216 220 221 
215 216 
214 216 
193 213 214 215 227 228 229 230 231 232 233 234 235 236 237 238 239 240 241 242 243 244 245 226 246 247 248 252 253 254 268 
213 214 226 228 229 230 232 233 234 235 236 237 238 239 240 241 242 243 244 
226 227 229 230 232 234 235 236 237 238 243 244 245 
226 227 228 230 235 238 239 248 249 
226 227 228 229 238 239 248 249 
226 231 
226 227 228 233 234 240 241 
226 227 232 240 
226 227 228 232 241 242 
226 227 228 229 236 237 243 244 
226 227 228 235 237 244 
226 227 228 235 236 245 
226 227 229 230 246 247 
226 227 230 249 250 
226 227 233 
226 227 232 234 
226 227 234 
226 227 228 235 
226 227 228 235 236 237 
226 228 237 
226 238 247 
238 246 
226 229 230 
229 230 239 250 
239 249 
39 69 84 106 127 137 138 139 162 174 189 192 193 194 195 213 214 215 216 226 227 228 229 230 231 232 233 234 235 236 237 238 239 252 253 254 255 256 257 251 258 259 260 261 262 263 264 265 268 269 270 271 272 273 274 279 280 281 282 283 284 287 288 316 333 334 357 358 445 458 491 558 
226 227 228 231 251 253 254 255 256 257 258 259 260 261 252 262 268 271 
252 254 256 259 
251 252 253 257 260 264 
251 252 
251 252 253 
251 252 254 263 
251 252 258 
251 252 253 
251 252 254 
252 253 
251 252 
251 257 
251 254 
251 266 267 
265 267 
265 266 
226 252 253 269 270 271 268 272 273 274 278 279 280 281 282 283 288 
270 275 
268 269 
268 272 273 274 280 281 282 283 284 271 
268 271 279 280 
268 271 281 282 
268 271 283 284 
269 270 276 
275 277 
276 277 
268 286 278 
268 272 
268 272 
268 271 273 282 
268 271 273 281 
268 271 274 284 
274 283 
278 286 
278 285 
69 84 127 192 226 251 252 268 288 289 290 291 292 293 294 295 296 297 298 299 300 301 287 302 303 304 306 307 308 309 313 314 316 317 318 320 321 333 334 335 336 338 357 358 445 458 491 558 
268 287 289 290 291 293 294 295 296 297 298 299 303 304 305 310 311 288 312 316 358 
287 288 290 292 300 
287 288 289 292 300 
288 295 296 303 310 311 
287 289 290 300 301 
287 288 
287 288 302 308 
287 288 291 309 
287 288 291 295 
287 298 299 304 305 312 
287 288 297 299 
287 288 297 298 
287 289 290 
287 292 
287 294 308 
287 288 291 310 311 
287 288 297 
288 297 
287 307 
287 306 
287 294 302 
287 295 
288 291 303 
288 291 303 
297 305 
313 315 317 321 
315 317 
313 314 
288 317 319 322 316 324 325 334 336 337 338 358 
313 314 316 318 320 321 323 317 326 327 328 
317 320 321 323 326 328 329 330 331 
316 319 
317 318 321 323 326 328 329 
317 318 320 321 
316 324 325 
318 320 328 329 330 331 
316 322 
316 324 
317 318 320 327 
317 326 327 
317 318 329 
318 320 323 328 
318 323 
318 323 
1 2 3 4 5 6 7 8 16 17 18 20 21 22 23 24 25 26 27 29 30 39 40 41 42 43 44 45 46 48 55 56 57 58 59 60 61 62 63 64 69 70 71 72 73 74 75 76 83 84 85 86 87 88 89 90 91 92 93 94 105 106 107 108 109 110 111 112 113 114 115 116 117 119 120 121 127 128 129 136 130 132 131 137 138 139 140 141 142 143 144 145 146 147 148 150 151 162 163 164 165 166 167 168 169 170 171 172 173 174 175 176 177 178 179 180 181 182 183 187 189 190 192 193 194 195 196 197 198 199 200 201 202 203 204 205 206 207 212 213 214 215 216 217 218 219 220 221 222 223 226 227 228 229 230 231 232 233 234 235 236 237 238 239 240 241 242 243 244 245 246 248 249 250 251 252 253 254 255 256 257 258 259 260 261 262 263 264 265 268 269 270 271 272 273 274 275 276 277 278 279 280 281 282 283 284 285 286 287 288 289 290 291 292 293 294 295 296 297 298 299 300 301 302 303 304 305 306 307 308 309 310 311 312 313 314 315 316 317 318 319 320 321 322 323 324 325 326 327 328 329 330 331 333 334 335 336 337 338 339 340 341 342 343 344 345 346 347 348 349 350 351 332 352 353 354 355 356 357 358 359 360 361 362 363 364 365 366 367 368 369 370 371 372 373 374 375 376 377 378 379 380 381 382 383 384 385 386 387 388 389 390 391 392 393 394 395 396 397 398 399 400 401 402 403 404 405 406 407 408 409 410 411 412 413 414 415 416 417 418 419 420 421 422 423 424 425 426 427 428 429 430 431 432 433 434 435 436 437 438 439 440 441 442 443 444 445 446 447 448 449 450 451 452 453 454 455 456 457 458 459 460 461 462 463 464 465 466 467 468 469 470 471 472 474 475 476 477 478 479 480 481 482 483 484 485 486 487 488 489 490 491 492 493 494 495 496 497 498 499 500 501 502 503 504 505 506 507 508 509 510 511 515 519 522 523 524 525 526 527 528 529 530 531 532 533 534 535 536 537 538 539 540 541 544 545 546 547 548 549 550 551 552 553 554 555 558 559 560 561 562 563 564 565 566 572 573 574 575 581 582 583 584 585 586 587 588 589 590 591 592 593 609 610 611 612 613 614 615 616 617 619 623 624 625 626 627 628 629 630 631 632 634 636 641 642 643 644 645 646 647 648 649 650 653 665 666 668 669 670 671 672 674 675 677 678 695 696 697 698 699 702 703 704 705 706 707 708 720 721 722 723 724 725 726 727 731 741 742 744 745 746 747 748 749 750 751 754 758 759 760 761 762 763 764 765 766 767 768 769 771 772 782 783 784 785 786 787 
192 252 268 288 313 314 316 317 318 319 320 322 324 332 334 335 336 337 338 339 340 341 342 347 348 352 353 354 355 356 358 359 360 361 363 364 375 376 396 445 
316 332 333 335 336 337 338 339 343 344 345 346 349 350 358 359 360 361 363 364 
332 333 334 336 337 339 343 344 345 359 360 361 363 364 
332 333 334 335 337 339 344 345 346 350 351 361 363 364 
332 333 334 335 336 339 340 347 348 
332 333 334 342 353 354 
332 333 334 335 336 337 
332 333 337 341 
332 333 340 
332 333 338 
332 334 335 
332 334 335 336 
332 335 336 344 
332 336 351 
332 333 337 
332 333 337 
332 334 
334 336 
332 336 346 
332 333 
332 333 338 
332 333 338 
332 333 
332 333 
69 127 192 226 251 252 268 287 288 316 317 333 334 335 336 337 338 339 340 358 359 360 361 357 362 363 364 365 366 367 369 375 376 377 378 379 380 374 385 386 389 390 396 397 402 445 446 458 491 558 
288 316 334 335 337 338 339 343 344 357 359 360 358 362 363 364 366 367 368 369 370 371 372 373 375 376 
357 358 360 361 362 366 367 368 371 
357 358 359 361 367 369 372 
357 358 359 360 363 364 370 373 
357 358 359 
349 357 358 361 364 
349 357 358 361 363 
357 
357 358 359 
357 358 359 360 368 
358 359 360 367 
357 358 360 372 
358 361 370 
358 359 
358 360 369 
358 361 
1 16 21 39 55 69 70 83 84 105 106 127 137 138 139 140 162 173 174 175 189 192 193 195 213 214 215 226 227 228 229 251 252 253 254 268 269 270 271 287 288 289 290 291 292 293 294 295 297 313 314 316 317 318 319 320 321 322 323 333 334 335 336 337 338 339 340 341 342 343 344 345 346 347 348 350 332 357 358 360 361 362 363 364 365 366 367 368 369 370 371 372 373 375 376 377 378 379 380 381 382 374 383 384 385 386 387 388 389 390 391 392 393 394 395 396 397 398 399 400 401 402 403 404 405 406 407 408 409 410 411 412 419 420 421 422 423 424 418 427 439 440 441 442 445 446 447 448 449 450 458 459 460 461 479 480 481 483 491 492 494 522 523 524 544 558 560 572 573 582 583 609 610 623 624 641 642 665 668 669 670 695 702 703 720 758 
374 376 378 379 380 383 384 387 375 
374 375 385 386 390 
374 382 
374 375 380 388 
374 375 380 
374 375 378 379 
374 377 382 
374 377 381 
374 375 
374 375 
374 376 390 
374 376 
374 375 
374 378 
374 389 
374 376 385 
392 393 394 391 402 
391 393 394 395 
391 392 394 395 
391 392 393 395 
392 393 394 
397 398 399 400 401 403 407 408 419 
396 399 400 401 402 403 404 405 406 410 411 416 417 
396 399 407 
396 397 398 400 403 408 
396 397 399 401 403 404 405 410 411 414 
396 397 400 403 404 405 410 411 415 416 
391 397 406 412 
396 397 399 400 401 404 409 413 403 
397 400 401 403 414 
397 400 401 417 
397 412 
396 398 
396 399 
403 413 
397 400 401 415 
397 400 401 410 415 
402 406 
403 409 
400 404 
401 410 411 
397 401 
397 405 
1 2 3 4 5 7 16 17 18 20 21 22 23 24 39 40 41 44 55 56 57 58 69 70 71 72 73 83 84 85 86 87 105 106 107 108 109 110 115 127 130 137 138 139 140 141 142 143 162 163 164 173 174 175 176 177 189 192 193 194 195 196 197 198 199 213 214 215 216 226 227 228 229 230 231 232 233 234 235 236 237 238 239 251 252 253 254 255 256 257 268 269 270 271 272 273 274 278 283 287 288 289 290 291 292 293 294 295 296 297 298 299 300 302 303 304 313 314 315 316 317 318 319 320 321 322 323 324 333 334 335 336 337 338 339 340 341 342 343 344 345 346 347 348 350 332 352 353 354 357 358 359 360 361 362 363 364 365 366 367 368 369 370 371 372 374 375 376 377 378 379 380 381 382 383 384 385 386 387 388 389 390 391 392 393 394 395 396 397 398 399 400 401 402 403 404 405 406 407 408 409 410 411 412 413 414 415 416 417 419 420 421 422 423 424 425 418 426 427 428 429 430 431 432 433 434 435 436 437 438 439 440 441 442 443 444 445 446 447 448 449 450 451 452 453 454 455 456 457 458 459 460 461 462 463 464 465 466 467 468 469 470 471 472 474 475 476 477 478 479 480 481 482 483 484 485 486 487 488 489 490 491 492 493 494 495 496 497 498 499 501 503 504 505 506 507 508 509 510 522 523 524 525 526 527 528 529 530 531 532 533 534 535 539 544 545 546 547 548 549 551 555 558 559 560 561 562 563 572 573 581 582 583 584 585 586 587 588 589 590 591 609 610 611 612 613 614 615 616 623 624 625 626 627 628 629 630 631 632 641 642 643 644 645 646 647 648 665 666 668 669 670 671 695 696 702 703 704 720 721 722 725 726 741 742 744 745 746 747 758 759 760 761 762 763 782 783 784 785 
418 420 421 423 435 436 
418 419 421 423 435 
418 419 420 436 
418 429 430 431 
418 420 425 433 
418 424 426 
418 423 432 
418 424 
418 428 437 
418 437 
418 422 
418 422 
418 422 
418 425 
418 423 
418 419 
418 419 420 
418 419 421 
418 427 428 
418 437 
440 441 439 449 
439 442 443 444 440 
439 441 
440 443 444 442 
442 444 440 
440 442 443 
333 396 419 439 440 446 447 448 449 450 445 451 452 453 454 455 459 460 479 522 
439 440 445 447 448 449 450 451 452 453 455 446 456 457 460 
445 446 448 454 
445 446 447 451 
445 449 
445 446 456 457 
445 446 448 452 455 
446 451 455 
445 446 
445 447 
445 446 451 452 
446 450 
446 450 
69 127 251 287 333 357 358 396 419 439 445 446 447 448 449 459 460 461 462 463 464 465 466 467 468 469 470 471 472 473 474 475 476 477 458 478 479 480 481 482 483 484 485 491 492 494 522 523 544 558 
460 461 464 465 466 474 475 
458 459 461 463 460 
458 459 460 462 468 469 470 477 
458 459 461 467 476 
458 460 463 
458 459 474 
458 459 
458 459 
458 462 
458 461 469 
458 461 468 
458 461 
458 478 
458 473 
458 472 
458 464 
458 459 
458 462 
458 461 
458 471 
459 460 480 481 482 483 484 485 486 487 479 488 522 
479 481 482 483 484 485 486 488 
479 480 482 483 487 489 481 
479 480 481 483 487 489 
479 480 481 482 
479 480 485 486 488 
479 480 484 486 488 
479 480 484 485 488 
479 481 482 
479 480 484 485 486 
481 482 
1 2 3 4 5 16 17 18 20 21 22 23 24 39 41 55 56 57 69 70 71 72 83 84 85 87 105 106 107 108 109 110 127 137 138 139 140 141 142 143 162 173 174 175 176 177 189 192 193 194 195 213 214 215 216 226 227 228 229 230 231 232 251 252 253 254 268 269 270 271 287 288 289 290 291 292 294 295 297 313 314 316 317 318 319 320 321 333 334 335 336 337 338 339 340 357 358 359 360 361 362 363 364 374 375 376 377 378 379 380 391 392 393 394 396 397 398 399 400 401 402 403 404 405 406 407 409 410 412 419 420 421 422 423 424 425 418 426 427 439 440 441 442 443 444 445 446 447 448 449 450 451 452 453 454 455 458 459 460 461 462 463 464 465 466 467 468 469 470 471 472 473 474 475 476 477 478 479 480 481 482 483 484 485 486 487 488 489 491 492 493 494 495 496 497 498 499 500 501 502 503 504 505 506 507 508 509 510 511 512 513 514 515 516 517 518 519 520 521 522 523 524 525 526 527 528 529 530 531 532 533 534 535 536 537 538 539 540 541 542 543 544 545 546 547 548 549 550 551 552 553 554 555 556 557 558 559 560 561 562 563 564 565 566 567 572 573 574 575 578 581 582 583 584 585 586 587 588 589 590 591 592 593 609 610 611 612 613 614 615 616 617 619 623 624 625 626 627 628 629 630 631 632 641 642 643 644 645 646 647 648 649 650 665 666 668 669 670 671 695 696 702 703 704 720 721 722 725 726 741 742 744 745 746 747 758 759 760 761 762 763 782 783 785 490 
69 127 251 287 333 357 445 446 458 459 460 479 480 490 492 493 494 495 496 497 498 499 500 501 502 503 504 505 506 507 508 509 510 511 512 513 514 515 522 523 524 525 530 531 533 544 558 560 572 642 
490 491 493 494 495 496 497 500 501 502 503 511 512 513 522 
490 491 492 501 502 
490 491 492 495 496 497 498 504 506 507 516 
490 491 492 494 496 498 506 507 516 
491 492 494 495 490 517 
490 491 492 494 504 515 
490 491 494 495 
490 491 519 520 521 
490 491 492 
491 492 493 502 
490 491 492 493 501 
490 491 492 
490 491 494 497 505 
490 504 
490 491 494 495 507 516 
490 491 494 495 506 
490 509 
490 508 
490 491 518 
490 491 492 
491 492 
490 491 492 
490 491 
490 491 497 
490 494 495 506 
490 496 
490 510 
490 499 520 521 
490 499 519 
490 499 519 520 
479 492 523 524 525 526 529 530 531 532 533 534 522 543 544 
522 524 525 526 527 528 529 530 523 539 
522 523 529 530 531 539 540 524 542 
522 523 526 527 528 535 536 537 538 541 
522 523 527 535 536 
525 526 528 535 536 537 
523 525 527 538 541 
522 523 
522 523 524 539 540 542 
522 524 532 533 543 
522 531 533 543 
522 531 532 534 
522 533 
525 526 527 536 537 
527 535 537 
525 527 535 536 
525 528 
523 524 530 
524 530 542 
525 528 
524 530 540 
522 531 532 
522 523 524 525 545 546 547 548 549 551 552 553 554 555 557 560 
544 546 547 548 551 556 545 
544 545 549 553 554 
544 545 548 547 
544 545 547 
546 553 
547 
544 545 
544 557 
544 546 549 
544 546 554 
544 555 
545 548 
544 552 
1 39 69 84 127 192 251 287 333 357 358 396 445 446 458 459 460 479 491 492 493 494 522 523 524 525 526 527 528 529 530 531 533 535 544 545 546 547 548 549 550 551 552 553 554 555 556 557 559 560 561 562 563 564 565 566 567 568 569 570 571 572 573 582 583 584 590 591 609 610 611 612 623 624 641 642 665 669 702 703 758 558 
558 562 565 566 567 568 569 
558 571 
558 559 566 569 
558 559 570 
558 563 
558 
558 559 568 
558 559 561 
558 559 
558 565 
558 559 561 
558 562 
558 560 
573 574 572 579 582 583 584 591 
572 575 573 578 580 583 
572 579 
572 573 576 577 
575 577 
575 576 
573 580 
572 574 
573 578 
1 5 16 17 18 21 39 55 56 69 70 83 84 105 106 107 127 137 138 139 140 162 173 174 175 189 192 193 213 214 215 226 227 228 251 252 268 287 288 317 333 334 335 336 357 358 359 374 375 376 396 397 398 399 400 402 419 420 439 440 445 446 447 448 449 458 459 460 461 479 480 481 482 483 484 490 491 492 493 494 495 496 497 498 499 522 523 524 525 526 527 528 529 530 531 532 533 534 535 539 544 545 546 547 548 549 550 551 552 553 555 558 559 560 561 562 563 564 565 566 567 569 572 573 574 575 576 577 578 579 580 582 583 584 585 586 587 588 589 590 591 592 593 594 595 596 597 598 599 600 601 602 603 604 605 606 607 608 609 610 611 612 613 614 615 616 617 618 620 621 622 623 624 625 626 627 628 629 630 631 632 633 634 635 636 637 638 639 640 641 642 643 644 645 646 647 648 649 650 651 652 653 656 658 661 664 665 666 668 669 670 671 695 696 702 703 704 720 721 722 725 741 742 744 745 758 759 760 761 782 581 
583 584 585 586 587 588 592 595 596 597 598 599 609 610 
573 581 582 584 590 591 593 601 604 
581 582 583 590 591 593 603 604 
581 582 594 
581 582 587 599 
581 582 586 592 
581 582 589 600 
581 588 600 
581 583 584 601 602 
581 583 584 605 606 607 608 
581 582 586 587 
581 584 
581 585 
581 582 
581 582 
581 582 
581 582 
581 582 587 
581 588 
581 583 
583 590 
581 583 584 
581 583 584 
581 591 
581 591 
581 591 
581 591 
582 610 612 613 614 611 617 609 620 624 
582 609 611 612 613 614 617 618 621 
609 610 612 613 614 611 617 621 
609 611 614 615 617 
609 610 611 
609 610 611 612 615 616 619 614 
612 614 616 619 622 
614 615 619 622 
609 610 611 612 618 
610 617 
614 615 616 
609 620 
610 611 
615 616 622 
624 625 626 627 628 630 633 634 638 641 642 643 645 646 647 653 665 
609 623 625 626 627 628 629 631 632 624 639 
623 624 626 627 628 630 634 635 
623 624 625 627 628 630 636 626 
623 624 625 626 628 636 637 627 
623 624 625 626 627 636 637 
623 624 631 639 640 
623 625 634 635 
624 629 
624 632 
623 638 
623 625 630 635 
625 630 634 
626 628 
627 628 
623 633 
624 629 640 
629 639 
623 642 643 644 645 646 654 655 641 665 666 667 
609 623 624 625 626 627 628 641 643 644 645 646 647 648 649 650 651 652 653 660 661 662 663 664 665 666 
641 642 644 645 643 656 657 
641 642 643 645 656 657 644 
641 642 643 644 646 648 658 659 645 
641 642 645 647 648 649 650 651 652 661 662 663 
642 646 653 664 647 
642 645 646 650 648 
642 646 663 
642 646 648 660 
642 646 652 661 
642 646 661 662 
642 647 
641 655 
641 654 
643 644 656 657 
643 644 656 
645 659 
645 658 
642 650 
642 646 651 652 
642 646 652 
642 646 649 
642 647 
643 644 645 646 654 655 641 666 667 665 
665 667 666 
665 666 
1 16 21 39 55 69 83 84 105 106 127 137 138 139 173 174 192 226 251 252 268 287 288 333 357 358 445 446 458 479 491 492 522 544 558 572 573 582 583 609 610 623 624 641 642 643 646 665 666 669 670 671 672 673 674 675 676 677 678 679 680 681 682 683 684 685 686 687 688 689 690 691 692 693 694 695 696 697 698 699 700 702 703 704 705 706 707 720 721 722 723 725 726 741 742 744 745 758 759 668 
668 670 671 672 673 674 675 676 677 681 682 683 684 685 686 687 688 695 696 702 703 
668 671 675 677 678 689 690 691 692 
668 669 670 677 689 690 
668 669 
668 669 
669 681 
668 669 670 676 
669 675 687 
669 670 671 689 690 
668 670 
668 680 
668 679 
668 669 682 
668 669 681 
668 684 
668 669 683 
668 669 
668 669 
668 669 676 
668 669 
668 670 671 677 690 
668 670 671 677 689 
668 670 
668 670 
668 694 
668 693 
669 670 696 697 698 699 700 701 702 703 695 
695 698 699 700 696 
695 698 
695 697 
695 696 700 701 
695 696 699 701 
695 699 700 
669 695 696 703 704 705 706 707 708 709 710 711 712 721 722 725 726 702 
669 695 696 702 704 706 707 711 712 713 714 715 716 717 718 719 703 
702 703 
702 705 
702 703 711 713 
702 703 707 
702 709 710 
702 708 710 
702 708 709 
702 703 706 
702 703 
703 706 714 
703 713 
703 715 
703 717 
703 716 718 
717 719 
703 718 
1 5 16 21 39 55 69 83 84 105 106 127 137 138 139 173 192 251 287 333 357 358 445 458 491 522 544 558 572 623 641 642 665 668 669 670 671 695 696 697 698 699 702 703 704 705 706 707 708 709 710 711 721 722 723 724 725 726 727 728 729 730 731 732 733 734 735 736 737 738 739 740 741 742 744 745 747 758 759 760 761 763 782 720 
720 722 725 
720 721 725 731 732 738 739 
720 724 734 735 
720 723 
720 721 722 731 732 738 739 
720 727 740 726 
720 726 
720 728 733 
720 723 724 736 
720 737 
720 722 725 732 738 
720 722 725 731 738 739 
720 728 
720 723 
720 723 
720 724 729 
720 730 
720 722 725 731 732 
720 722 725 732 
720 726 
742 743 745 
741 742 743 745 
741 742 
745 746 747 748 752 753 754 756 761 763 
741 742 744 747 751 745 
744 752 753 756 
744 745 748 749 750 755 757 
744 754 
747 750 755 757 
749 755 
745 751 
744 746 753 756 
744 746 752 
744 748 754 
747 749 750 
744 746 752 
747 749 755 
1 5 16 39 741 744 745 746 747 759 760 761 762 763 764 765 766 767 768 769 770 771 772 773 774 775 777 778 779 780 782 783 784 785 786 
758 760 761 762 763 772 773 774 780 781 759 
758 759 766 767 771 772 777 778 779 
758 759 762 763 768 769 775 776 
758 759 761 763 768 769 776 762 
758 759 761 762 763 
758 770 
758 767 
758 760 765 767 771 
758 760 765 766 771 
758 759 761 769 
758 761 762 768 776 
758 764 
758 760 767 
759 760 773 
758 759 
758 759 
758 761 768 
761 762 769 
758 760 778 
758 760 
758 760 
758 759 781 
759 780 
5 783 784 787 782 
5 782 784 785 787 788 789 790 
5 782 783 785 788 789 790 
782 783 784 786 785 
785 786 
782 783 787 
783 784 789 790 
783 784 790 
783 784 788 789 

