45 261
30 33 34 43 
30 33 34 35 
30 35 
29 31 5 6 7 8 9 10 11 13 14 4 
4 6 7 8 9 10 11 12 
4 5 7 8 9 10 13 
4 5 6 
4 5 6 9 11 12 
4 5 6 8 10 
4 5 6 9 
4 5 8 12 
5 8 11 
4 6 
4 15 16 17 18 19 20 21 
14 16 18 
14 15 17 19 20 21 22 23 
14 16 19 21 22 
14 15 
14 16 17 
14 16 
14 16 17 22 
16 17 21 
16 23 
25 26 29 30 33 34 35 43 3 24 
24 26 27 29 30 25 
24 25 27 28 
25 26 28 
26 27 
25 30 31 32 33 34 35 36 37 38 39 40 41 42 43 44 45 4 
25 29 32 33 34 35 37 38 39 41 42 43 45 1 2 3 
29 32 31 
29 30 31 36 
29 30 34 35 37 38 39 40 41 42 43 45 1 2 
29 30 33 35 38 41 42 43 45 1 2 
29 30 33 34 43 2 3 
29 32 
29 30 33 38 44 
29 30 33 34 37 39 40 41 42 
29 30 33 38 40 41 42 
29 33 38 39 41 42 
29 30 33 34 38 39 40 42 
29 30 33 34 38 39 40 41 
29 30 33 34 35 45 1 
29 37 
29 30 33 34 43 

