1047 8848
2 3 4 5 6 7 8 9 10 11 13 14 15 16 18 20 38 1040 1 
1 3 4 5 6 7 11 2 20 
1 2 4 5 7 8 11 12 15 
1 2 3 5 7 11 12 
1 2 3 4 7 8 11 15 
1 2 
1 2 3 4 8 15 
1 3 5 7 
1 10 13 14 16 
1 9 10 
2 3 4 5 12 
1 3 4 11 
1 9 
1 9 
1 3 7 
1 9 10 
1 2 3 4 5 6 7 8 9 10 11 13 18 19 20 21 22 23 24 25 26 27 28 29 30 31 32 33 34 35 36 37 38 39 40 41 42 43 44 45 46 49 51 52 53 54 59 61 62 63 64 68 69 70 72 91 92 93 94 95 96 97 98 129 175 193 232 303 426 491 521 624 793 831 879 902 952 974 975 996 1025 1040 17 
1 2 3 17 19 20 21 22 24 25 26 30 31 32 33 38 39 41 42 45 46 52 53 54 62 
17 18 21 22 25 26 
17 18 28 
17 18 19 25 26 
17 19 34 
27 35 36 
17 18 54 
17 18 19 21 
17 18 19 21 
17 23 
17 20 
17 37 
17 18 
17 18 
17 18 
17 18 
17 22 
17 23 27 36 
23 35 
17 29 37 
1 2 3 18 19 20 21 39 40 41 42 43 44 45 46 49 51 52 53 54 56 57 58 59 63 68 69 93 38 
38 40 41 42 43 44 47 48 49 55 39 
38 39 
38 39 42 49 50 51 56 57 58 
38 39 41 51 56 57 58 
38 39 48 55 
38 39 
38 46 52 53 59 60 61 62 
38 45 52 53 54 61 62 
39 47 
39 43 
38 39 41 
38 41 
38 41 58 
38 45 59 60 61 
38 45 46 54 53 
24 38 53 
39 43 
38 41 42 
38 41 42 
41 42 51 
38 45 52 60 
45 52 59 
45 46 52 
45 46 
64 66 67 68 69 70 72 73 
63 65 
64 65 
63 67 
63 66 
63 69 70 71 72 73 74 77 78 79 68 82 94 96 97 98 99 
63 64 68 71 72 73 74 75 76 79 80 81 83 84 85 86 87 88 89 90 96 97 98 
63 68 69 72 73 74 75 76 79 80 81 86 87 88 89 90 96 
68 69 71 97 98 99 
69 70 73 74 75 76 79 80 86 87 88 89 
68 69 70 72 74 75 76 79 80 87 
68 69 70 72 73 75 76 86 87 88 
69 70 72 73 74 76 88 
69 70 72 73 74 75 88 89 
68 78 
68 77 
68 69 70 72 73 80 84 85 
69 72 73 79 
69 70 72 90 
68 82 
69 83 
69 79 85 
69 79 84 
69 70 72 73 74 87 
69 70 72 73 74 86 
69 70 72 75 76 
69 70 72 75 76 
69 70 81 
1 17 18 38 39 41 63 64 68 69 70 71 72 73 74 75 77 92 93 94 95 96 97 98 99 100 91 101 102 103 104 105 106 107 108 109 110 111 112 113 114 115 116 117 118 119 120 121 122 123 124 125 126 129 130 131 132 133 137 138 139 140 141 142 128 155 156 175 176 177 178 193 194 195 196 223 232 233 303 426 491 521 624 793 831 879 902 952 974 975 1025 1040 
1 18 38 39 41 63 64 68 69 70 71 72 73 74 75 76 77 78 79 91 93 94 95 96 97 98 99 100 101 102 103 104 105 106 107 108 109 110 111 115 119 120 121 122 92 123 124 125 126 127 129 130 131 132 133 128 155 175 176 178 193 223 303 1025 1040 
38 68 69 71 91 92 94 95 96 97 98 99 100 101 102 103 114 115 116 93 117 118 119 129 130 131 132 193 
68 91 92 93 95 96 97 98 101 112 113 114 115 129 130 
91 92 93 94 96 97 101 114 115 
68 69 70 71 72 91 92 93 94 95 97 98 99 100 103 104 105 106 107 108 109 110 111 125 126 127 
71 91 92 93 94 95 96 98 99 100 104 105 106 107 108 109 110 111 125 126 
71 91 92 93 94 96 97 99 104 105 107 108 109 110 111 126 127 
71 91 92 96 97 98 110 111 126 127 
91 92 93 96 97 103 120 121 
91 92 93 94 95 102 
91 92 93 101 119 
91 92 93 96 100 121 
91 92 96 97 98 105 106 107 108 
91 92 96 97 104 106 107 108 
91 92 96 97 104 105 108 125 
91 92 96 97 98 104 105 106 108 109 125 
91 92 96 97 98 104 105 106 107 109 125 
91 92 96 97 98 107 108 125 
91 92 96 97 98 99 
91 92 96 97 98 99 126 
91 94 
94 91 
91 93 94 95 
92 93 94 95 116 
93 115 
91 93 
91 93 
91 92 102 
91 100 
100 103 122 
91 121 
91 92 124 
92 123 
91 92 96 106 107 108 109 
91 92 96 97 98 99 111 127 
92 96 98 99 126 
1 2 3 4 5 6 7 8 9 10 11 17 18 19 20 21 22 23 25 27 38 39 40 41 42 43 44 45 46 47 48 49 50 51 52 53 54 55 63 64 65 66 67 68 69 70 71 72 73 74 75 76 77 78 79 80 81 82 83 84 85 86 87 88 89 90 91 92 93 94 95 96 97 98 99 100 101 102 103 104 105 106 107 108 109 110 111 112 113 114 115 116 117 118 119 120 121 122 123 124 125 126 127 129 130 131 132 133 134 135 136 137 138 139 140 141 142 128 143 144 145 146 147 148 149 150 151 152 153 154 155 156 157 158 159 160 161 162 163 164 165 166 167 168 169 170 171 172 173 175 176 177 178 179 180 181 182 183 184 189 190 191 174 192 193 194 195 196 197 198 199 200 201 202 203 204 205 206 207 208 209 210 211 212 213 214 215 222 223 224 225 226 227 228 229 232 233 234 235 236 237 238 247 269 271 272 273 275 276 277 278 279 292 293 303 304 306 325 326 327 328 347 348 349 350 384 385 403 404 405 406 426 427 428 429 430 431 459 460 461 477 478 479 491 492 493 494 520 521 522 523 524 525 553 563 580 581 582 583 584 607 617 623 624 625 655 656 669 670 671 694 695 728 748 769 770 771 793 794 817 818 831 832 833 862 863 879 880 881 892 893 902 903 929 930 931 933 934 952 953 954 955 956 974 975 996 997 998 1019 1020 1021 1022 1025 1037 1040 1041 1043 1044 
94 128 131 132 136 137 138 149 
94 128 129 131 132 133 137 138 139 150 151 
128 129 130 132 137 138 150 
128 129 130 131 133 139 151 152 153 
128 130 132 140 141 142 154 
128 135 143 144 145 
128 134 145 146 
128 129 
128 129 130 131 149 
128 129 130 
128 130 132 
128 133 
128 133 140 
128 133 154 
128 134 
128 134 
128 134 135 146 
128 135 145 
128 148 
128 147 
128 129 137 
128 130 131 
128 130 132 152 
128 132 151 153 
128 132 152 
128 133 142 
156 157 158 161 162 163 164 167 168 169 176 178 
155 158 159 160 163 164 165 166 156 170 171 172 173 178 
155 161 167 168 
159 163 164 
155 156 158 165 170 171 172 
156 166 160 
155 157 162 167 168 
155 157 161 169 
155 156 158 164 
155 156 163 
156 159 173 
156 160 
157 161 168 
155 157 161 167 
155 162 
156 159 171 
159 170 172 
156 159 171 
156 165 
1 2 3 4 5 6 7 8 9 10 11 13 17 18 19 20 21 22 23 25 27 29 38 39 40 41 42 43 44 45 46 47 48 49 50 51 52 53 54 63 64 65 66 67 68 69 70 71 72 73 74 75 76 77 78 79 80 81 82 83 86 90 91 92 93 94 95 96 97 98 99 100 101 102 103 104 105 106 107 108 109 110 111 112 113 114 115 116 117 118 119 120 121 122 123 125 126 128 129 130 131 132 133 134 135 136 137 138 139 140 141 142 143 144 145 146 147 148 149 150 151 152 153 154 155 156 157 158 159 160 161 162 163 164 165 166 167 168 169 170 171 172 173 175 176 177 178 179 180 181 182 183 184 174 185 186 187 188 189 190 191 192 193 194 195 196 197 198 199 200 201 202 203 204 205 206 207 208 209 210 211 212 213 214 215 216 217 218 219 220 221 222 223 224 225 226 227 228 229 230 231 232 233 234 235 236 237 238 239 240 241 242 243 244 245 246 247 248 249 250 251 259 260 262 263 264 265 266 267 268 269 270 271 272 273 274 275 276 277 278 279 282 292 293 294 298 303 304 305 306 307 308 309 310 311 312 319 325 326 327 328 329 330 331 332 347 348 349 350 351 352 353 354 355 356 357 358 360 361 384 385 386 387 389 403 404 405 406 407 423 426 427 428 429 430 431 435 459 460 461 462 477 478 479 480 491 492 493 494 520 521 522 523 524 525 526 527 553 554 563 564 566 580 581 582 583 584 585 586 588 607 608 617 623 624 625 626 627 628 629 655 656 657 669 670 671 674 694 695 728 729 730 748 769 770 771 772 774 793 794 795 796 817 818 819 831 832 833 834 836 862 863 864 866 879 880 881 882 892 893 894 902 903 904 905 906 929 930 931 932 933 934 952 953 954 955 956 957 958 959 974 975 996 997 998 1000 1019 1020 1021 1022 1025 1026 1037 1040 1041 1042 1043 1044 1045 
155 156 174 176 177 178 179 180 181 182 183 184 186 187 188 189 190 193 194 195 196 197 198 223 
155 156 174 175 177 178 180 181 184 190 191 
174 175 176 178 180 181 184 
156 157 174 175 176 177 192 
174 175 182 185 186 
174 175 176 189 
174 175 176 177 
174 175 179 185 
174 175 188 
174 175 177 190 
174 179 182 
174 175 179 
174 175 
174 175 183 
174 175 180 
175 176 184 
174 176 
174 178 
93 129 155 156 175 176 177 178 179 180 181 182 183 174 185 194 195 196 197 198 201 202 203 205 206 207 211 213 214 215 221 222 223 233 
193 195 196 197 199 200 201 202 203 204 205 208 209 210 216 217 218 223 
193 194 196 197 199 200 201 202 203 204 205 208 209 210 216 217 218 223 
193 194 195 197 198 202 203 204 205 206 207 211 212 213 220 196 223 
193 194 195 196 198 202 203 204 205 206 211 212 219 220 
193 196 197 207 213 214 215 222 
194 195 
194 195 201 208 209 
193 194 195 200 202 209 216 
193 194 195 196 197 201 203 204 210 218 
193 194 195 196 197 202 204 210 
194 195 196 197 202 203 210 
193 194 195 196 197 211 219 
193 196 197 207 
193 196 198 206 213 207 
194 195 200 
195 200 201 
194 195 202 203 204 
193 196 197 205 212 
196 197 211 
193 196 198 207 214 221 
193 198 213 
193 198 
195 201 
194 195 201 
194 195 202 
197 205 
196 197 
193 213 
193 198 
194 195 196 197 199 200 201 202 208 224 225 223 229 230 231 233 
223 225 226 227 228 
223 224 228 
224 227 
224 226 227 
224 225 
223 230 231 
223 229 231 
223 229 230 
17 38 91 92 93 94 96 129 155 175 176 177 178 193 194 195 196 197 198 200 223 224 225 226 227 228 233 234 235 236 237 238 239 240 241 242 243 244 245 246 247 248 249 250 251 252 253 254 255 256 257 258 259 260 261 262 263 264 265 266 267 268 269 271 272 303 304 325 347 348 350 403 404 426 491 521 624 793 879 902 952 974 975 1025 1040 232 
223 232 234 236 237 238 247 248 262 263 264 265 266 267 
232 233 237 262 263 
232 242 243 244 245 257 258 
232 233 234 237 262 263 
232 233 234 236 264 265 
232 233 247 248 249 250 251 268 
232 269 
232 241 253 254 255 
232 240 254 255 
232 235 243 256 257 
235 242 257 258 
232 235 245 259 
232 235 246 259 
232 245 
232 233 238 248 
232 233 238 247 
232 238 250 251 268 
232 249 251 268 
232 238 249 
232 239 
232 240 
232 240 241 
232 240 241 
232 242 
232 235 242 243 
232 235 243 
232 235 244 245 
232 261 
232 260 
232 233 234 236 
232 233 234 236 
232 233 237 
232 233 237 
232 233 
232 233 
232 238 250 
239 252 
1 2 3 4 5 7 17 18 19 20 38 39 40 41 42 43 45 63 64 68 69 70 71 72 73 74 75 91 92 93 94 95 96 97 98 99 100 128 129 130 131 132 133 139 155 156 157 158 159 160 161 163 165 174 175 176 177 178 179 180 181 182 193 194 195 196 197 198 199 200 201 202 203 204 205 206 207 208 209 210 211 213 214 215 223 224 225 226 227 228 229 230 232 233 234 235 236 237 238 239 240 241 242 243 244 245 246 247 248 249 250 251 252 257 259 260 262 264 268 269 271 272 273 274 275 276 277 278 279 280 281 282 283 284 285 286 287 288 289 290 291 292 293 294 295 296 297 298 299 300 301 302 303 304 305 306 307 308 309 310 311 312 313 314 315 316 317 318 319 320 321 322 323 324 325 326 327 328 329 330 331 332 333 334 335 336 337 338 339 340 341 342 343 344 345 346 347 348 349 350 351 352 353 354 355 356 357 358 359 360 361 362 363 364 365 366 367 368 369 370 371 372 373 377 380 381 383 384 385 386 387 388 389 390 391 392 393 394 395 396 400 403 404 405 406 407 408 409 410 411 413 416 417 423 426 427 428 429 430 431 432 433 434 435 436 437 438 459 460 461 462 463 464 466 477 478 479 480 481 482 491 492 493 494 495 520 521 522 523 524 525 526 527 553 554 555 563 564 565 566 580 581 582 583 584 585 586 587 588 590 607 608 617 623 624 625 626 627 628 629 655 656 657 669 670 671 672 673 674 694 695 696 728 729 730 748 769 770 771 772 774 793 794 795 817 818 819 831 832 833 834 836 862 863 866 879 880 881 892 893 902 903 904 906 929 930 931 932 933 934 952 953 954 955 956 974 975 996 998 1019 1020 1021 1025 1037 1040 1044 270 
270 272 273 274 275 280 281 292 293 298 299 301 302 304 348 
270 271 273 276 277 278 279 282 285 286 287 288 289 290 291 293 
270 271 272 276 277 283 284 
270 271 
270 271 
270 272 273 277 284 
270 272 273 276 285 
270 272 279 282 
270 272 278 282 
270 271 
270 271 
272 278 279 291 
270 273 
270 273 
270 272 277 
270 272 
270 272 286 288 289 290 
270 272 287 289 290 
270 287 288 290 
270 272 287 288 289 
270 282 
294 292 295 296 297 300 304 309 312 319 325 
274 280 298 299 301 302 293 
292 296 297 
292 296 
292 295 300 
292 294 
293 299 301 302 
293 298 302 
292 296 
293 298 
293 298 299 
92 271 272 292 293 294 304 305 306 307 308 309 310 311 312 303 313 314 315 316 317 318 319 320 321 322 323 325 326 327 328 329 330 331 332 335 347 348 349 350 403 404 406 
292 303 305 306 307 308 309 310 311 317 318 325 
304 313 320 321 
303 304 307 308 
303 304 306 308 
303 304 306 307 309 
303 304 308 310 311 
303 304 309 311 318 
303 304 309 310 318 
303 304 319 312 324 
303 305 
303 322 
303 316 
303 315 323 
303 304 
303 304 309 310 311 
292 303 312 
303 305 313 
303 305 
303 314 
303 316 
312 324 
292 304 305 303 313 326 327 328 330 331 332 335 340 341 344 325 345 346 350 
325 327 328 329 330 331 333 334 336 
325 326 328 330 331 332 337 338 339 
325 326 327 332 339 
326 329 
325 326 327 333 334 
325 326 327 328 337 338 
325 327 328 340 341 342 343 344 
326 330 336 
326 330 
325 345 346 
326 333 
327 331 
327 331 
327 328 
325 332 
325 342 343 
332 343 
332 341 342 
325 332 
325 335 
325 335 
325 326 348 349 350 351 352 353 354 355 356 357 358 359 360 361 362 363 364 365 366 367 368 373 374 375 376 377 378 379 384 385 386 389 403 404 405 406 347 
271 304 325 326 327 328 329 330 347 349 350 351 353 354 355 356 357 358 359 360 361 367 368 369 370 371 372 380 381 382 383 384 385 403 404 405 406 348 
347 348 350 351 353 362 385 389 406 
325 326 327 329 347 348 349 357 358 359 360 361 368 369 370 371 372 383 
347 348 349 352 353 362 363 364 
347 349 351 362 
347 348 349 351 354 366 374 375 
347 348 353 355 356 377 
347 348 354 356 377 378 379 
347 348 354 355 367 
347 348 350 358 359 367 380 357 
347 348 350 357 359 
348 350 358 381 
347 348 350 361 369 370 
347 348 350 360 370 371 372 383 
349 351 352 363 
347 351 362 364 
347 351 363 365 
347 364 373 
347 353 354 376 
347 348 356 357 
347 348 350 359 382 
348 360 
348 350 360 361 
348 350 361 370 372 383 
350 361 371 383 
347 365 
347 353 
347 353 
347 366 
347 354 355 378 379 
347 355 377 379 
347 355 377 378 
348 357 
348 359 
348 368 
348 350 361 371 372 
385 387 384 390 391 392 398 405 406 
384 386 389 393 394 395 400 
385 393 394 395 400 
384 388 390 391 392 
384 387 399 
385 396 401 402 
384 387 397 398 
384 387 
384 387 388 399 
385 386 394 
385 386 393 
385 386 
389 401 
384 390 
384 397 
388 392 
385 386 
389 396 402 
389 396 401 
347 348 349 350 384 385 387 404 405 406 407 408 409 403 410 411 412 413 414 415 416 417 418 420 421 422 
347 348 349 350 384 385 387 403 405 406 407 408 409 413 414 415 416 417 422 404 
384 403 404 406 407 408 409 410 411 412 413 414 415 418 419 420 421 
349 384 385 387 388 390 403 404 405 407 416 417 
403 404 405 406 408 411 412 413 418 420 421 
403 404 405 407 410 
403 404 405 407 411 412 418 419 
403 405 408 
403 405 407 409 412 419 
403 405 407 411 420 
403 405 407 
403 404 405 
403 404 405 
403 404 406 
403 404 406 
403 405 407 409 
405 409 411 
403 405 407 412 
403 405 407 
403 404 
424 425 431 
423 431 
423 431 
17 91 92 232 303 325 347 348 350 384 403 404 405 406 423 424 425 427 428 429 430 431 432 433 434 435 436 437 438 439 440 441 442 443 444 445 446 447 448 449 450 451 452 453 454 455 457 459 460 461 462 463 464 465 466 473 477 478 479 480 482 491 492 493 494 521 522 523 524 525 553 563 580 581 582 583 584 617 624 625 670 728 793 831 879 902 952 974 975 426 
426 428 429 430 431 432 433 434 435 439 440 441 446 447 459 460 461 462 464 478 
426 427 429 430 431 432 433 434 435 439 440 441 442 447 448 449 462 478 
426 427 428 430 431 432 434 435 436 437 442 443 452 
423 426 427 428 429 431 435 436 437 438 443 444 445 453 454 455 456 457 
423 431 424 425 426 427 428 429 430 435 436 437 438 445 457 458 
426 427 428 440 441 
426 427 428 429 434 450 451 
426 427 428 429 433 442 452 
426 427 428 429 430 431 436 443 
426 430 431 435 437 443 444 
426 429 430 431 436 438 454 455 456 
426 430 431 437 454 455 456 
426 428 
426 427 428 441 
426 427 428 432 440 
426 428 429 434 
426 429 430 436 
426 430 436 
426 430 431 457 458 
426 427 
426 427 428 448 
426 428 447 
426 433 450 
426 433 451 
426 433 450 
426 429 434 
426 430 436 
426 430 437 438 
426 430 437 438 456 
430 437 438 455 
426 430 431 445 458 
445 457 
427 428 429 460 461 462 463 464 467 468 469 470 471 472 474 475 477 478 479 480 482 486 
459 461 463 467 468 469 470 474 477 478 479 480 482 
459 460 462 463 468 469 470 471 472 475 477 478 479 480 
461 465 466 473 
459 461 472 463 
459 462 465 466 464 476 
462 464 476 
462 464 473 
459 460 
459 460 461 469 
459 460 461 468 
459 460 461 
459 461 472 
459 461 463 471 475 
466 473 
459 460 
459 461 472 
464 
460 461 478 479 480 481 477 483 484 487 493 494 
428 460 461 462 463 467 468 469 470 474 477 479 480 481 482 485 486 488 490 478 
477 478 480 482 479 486 488 489 490 
477 478 479 482 485 486 490 
477 478 483 484 487 
478 479 480 485 488 489 
477 481 
481 477 487 
478 479 480 488 489 
478 479 480 
477 481 484 
478 479 482 485 489 
479 482 485 488 
478 479 480 
17 91 92 193 232 271 303 325 347 348 350 384 403 404 405 406 423 426 427 428 429 430 431 432 433 435 459 460 461 462 463 464 465 466 467 468 477 478 479 480 481 482 483 484 485 486 487 488 492 493 494 495 496 497 491 498 499 500 501 502 503 504 506 507 508 509 510 511 512 513 514 515 516 517 518 519 521 522 523 524 525 526 527 528 529 530 533 520 551 553 554 555 563 564 566 580 581 582 583 584 607 617 624 625 670 694 728 793 831 863 879 902 952 974 975 1025 
491 493 494 495 496 497 498 499 504 505 492 506 524 525 
477 491 492 494 495 500 501 507 508 510 511 512 513 514 515 516 493 525 
491 492 493 501 502 503 519 
491 492 493 500 510 511 513 
491 492 497 505 
491 492 504 505 
491 492 499 
492 506 
491 493 510 511 
491 493 494 517 518 
491 494 
491 494 519 
491 492 496 497 505 
492 496 497 504 
491 499 
491 493 508 
491 493 507 509 
491 508 
491 493 495 500 
491 493 500 
491 493 495 
493 495 514 
491 493 513 
491 493 
491 493 
491 501 
491 501 
491 494 503 
1 17 18 38 68 69 91 92 93 94 96 128 129 130 155 175 176 193 194 195 196 223 232 233 271 272 273 292 293 303 304 325 326 327 328 347 348 349 350 351 353 384 385 386 403 404 405 406 407 408 423 426 427 428 429 430 431 432 433 434 435 436 437 438 439 440 442 443 445 459 460 461 462 463 464 465 466 467 468 469 470 471 472 473 475 477 478 479 480 481 482 483 484 485 486 487 488 491 492 493 494 495 496 497 498 499 500 501 502 503 504 505 506 507 508 509 510 511 512 513 514 515 516 517 518 519 521 522 523 524 525 526 527 528 529 530 531 532 533 534 535 536 537 538 539 540 541 542 543 544 545 546 547 548 549 550 551 552 553 554 555 556 557 558 559 560 561 562 563 564 565 566 567 568 569 570 580 581 582 583 584 585 586 587 588 589 590 591 592 594 595 596 597 598 607 608 609 610 611 612 615 617 618 619 623 624 625 626 627 628 629 630 631 632 655 656 657 669 670 671 672 673 674 694 695 696 728 729 730 748 769 770 771 772 774 793 794 795 817 818 831 832 833 862 863 879 880 881 892 902 903 929 930 931 952 974 975 996 1025 1040 520 
17 91 92 232 303 347 348 403 404 426 427 428 429 430 459 460 461 477 478 479 491 492 493 494 495 496 520 522 523 524 525 526 527 528 529 530 531 532 533 534 535 536 537 538 539 540 541 542 543 544 545 546 547 548 549 550 553 554 555 556 558 559 560 563 564 565 566 580 581 582 583 584 586 588 607 617 624 625 670 728 793 831 879 902 952 974 975 
492 520 521 523 524 525 526 527 528 529 530 531 532 533 539 540 541 542 553 554 555 563 580 582 583 584 
492 493 520 521 522 524 525 526 527 528 529 530 532 533 534 535 536 542 543 544 545 546 547 553 563 580 582 584 
492 520 521 522 523 525 526 527 528 529 530 533 534 535 536 546 547 548 
492 493 520 521 522 523 524 537 538 550 
520 521 522 523 524 527 528 531 539 540 
520 521 522 523 524 528 532 542 543 544 545 
520 521 522 523 524 526 527 532 541 
521 522 523 530 533 534 546 547 
520 521 522 523 524 529 533 534 535 546 
520 521 522 526 539 
520 521 522 523 527 528 
520 521 522 523 524 529 530 
520 521 523 524 529 530 535 
520 521 523 524 530 534 536 
520 521 523 524 535 
520 521 525 
520 521 525 
520 521 522 526 531 
520 521 522 
520 521 522 528 
520 521 522 523 527 
520 521 523 544 
520 521 523 527 543 
520 521 523 527 
520 521 523 524 529 530 547 
520 521 523 524 529 
520 524 
520 521 
520 521 525 
520 552 
520 551 
522 523 524 554 555 553 557 558 561 563 580 581 582 583 584 617 
553 555 558 559 554 
553 554 556 559 555 562 
555 560 
553 561 
553 554 558 
554 555 562 
556 560 
553 557 
555 559 
522 523 553 564 565 566 567 568 569 570 571 572 573 563 574 575 576 580 581 582 583 584 585 586 587 588 590 598 617 
563 565 566 569 574 575 576 577 
563 564 566 568 569 575 576 577 
563 564 565 570 578 579 566 
563 571 572 573 584 
563 564 565 576 577 568 
563 564 565 574 
563 578 579 
563 567 572 
563 567 571 
563 567 
563 569 
563 565 
563 564 565 568 577 
564 568 
566 570 
566 570 578 
522 523 553 563 564 565 566 581 582 583 584 585 586 587 588 589 590 591 592 593 594 595 596 597 599 600 601 602 603 607 608 617 
553 563 580 582 583 584 585 586 587 588 589 590 591 592 593 594 595 601 602 607 617 
522 523 553 563 564 565 566 567 580 581 583 584 585 586 587 588 589 590 592 593 594 595 596 597 598 601 603 604 605 607 608 617 
522 553 563 564 565 566 567 580 581 582 584 585 586 587 588 589 590 594 595 596 597 598 603 604 605 606 617 
522 523 524 553 563 564 565 566 567 568 569 570 571 572 573 574 575 576 580 581 582 583 585 586 587 588 589 590 595 597 598 606 607 617 584 
580 581 582 583 584 587 589 591 592 593 599 600 
580 581 582 583 584 585 587 588 589 594 601 
580 581 582 583 584 585 586 588 589 594 
580 581 582 583 584 586 587 596 597 603 604 
580 581 582 583 584 585 586 587 592 593 
580 581 582 583 584 598 
580 581 585 591 
580 581 582 585 593 
581 582 585 589 592 
580 581 582 583 586 587 
580 581 582 583 584 588 596 603 
580 582 583 588 595 603 
580 582 583 584 588 
582 584 590 
580 585 
580 585 
580 581 582 586 
580 581 586 
580 582 588 596 
582 583 588 
582 583 
583 584 
608 609 612 613 614 607 617 
607 610 611 615 616 608 
607 612 613 614 
608 615 616 
608 610 615 616 
607 609 613 614 
607 609 612 
607 609 612 
608 610 611 615 
608 610 611 
553 563 580 581 582 583 584 585 586 607 608 609 610 611 612 613 614 615 618 619 617 620 621 627 628 629 
617 618 
617 620 619 622 
617 619 622 
617 621 
619 620 
1 17 18 38 91 92 93 175 193 232 271 272 303 304 325 347 348 350 403 404 405 406 426 427 428 429 430 431 459 460 461 462 477 478 479 480 491 492 493 494 521 522 523 524 525 526 527 553 554 555 563 564 565 566 567 568 580 581 582 583 584 585 586 587 588 589 590 591 592 594 595 598 607 608 609 610 611 612 613 614 615 617 618 619 620 621 622 624 625 626 627 628 629 630 631 632 633 634 635 636 637 638 639 640 641 642 643 644 645 646 647 648 649 650 651 652 623 653 654 655 656 657 658 659 660 661 662 663 664 665 666 667 668 670 671 672 673 674 675 676 677 669 683 694 695 696 697 698 699 700 701 702 703 704 705 706 728 729 730 748 749 750 770 771 772 774 793 794 795 817 818 831 832 833 862 863 879 892 902 903 929 930 931 952 974 975 996 1025 1040 
17 91 92 232 303 426 491 521 522 523 553 563 580 581 582 583 584 585 607 608 617 618 619 623 625 626 627 628 629 630 631 632 633 634 635 636 637 638 639 640 641 642 643 644 645 646 647 648 649 650 651 655 656 657 658 659 660 661 665 666 667 668 670 671 672 673 674 677 694 695 728 748 793 831 863 879 902 952 974 975 
580 581 582 583 584 607 617 623 624 626 627 628 629 630 631 632 633 634 635 636 637 638 639 641 642 643 644 645 655 656 657 658 660 661 666 667 668 670 671 674 694 695 728 
623 624 625 630 635 642 643 657 
623 624 625 628 629 632 633 634 649 650 651 652 
623 624 625 627 629 651 652 653 
623 624 625 627 628 654 
623 624 625 626 635 641 642 643 
623 624 638 639 646 
623 624 625 627 633 634 647 648 
623 624 625 627 632 634 
623 624 625 627 632 633 
623 624 625 626 630 644 
623 624 625 
623 625 
623 624 625 631 
623 624 625 631 
623 624 639 
623 624 625 630 642 
623 624 625 626 630 641 
623 624 625 626 630 
623 624 625 635 
623 624 625 
623 624 631 
623 624 632 
623 624 632 
623 624 627 
623 624 
623 624 627 628 652 
623 627 628 651 
623 628 
623 629 
656 658 659 662 663 655 674 677 
655 657 658 660 661 656 665 674 
626 656 666 667 657 668 
655 656 659 664 
655 658 664 
656 665 
656 665 
655 663 
655 662 
658 659 
656 660 661 
657 667 
657 666 668 
657 667 
1 17 18 38 91 92 93 128 175 193 232 271 272 303 304 347 348 350 403 404 405 406 426 427 428 429 430 459 460 461 477 478 479 491 492 493 494 520 521 522 523 524 525 553 554 563 564 565 566 580 581 582 583 584 585 586 587 588 590 607 608 609 610 617 619 623 624 625 626 627 628 629 630 631 632 633 634 635 636 637 638 655 656 657 658 659 660 661 662 663 664 665 666 667 670 671 672 673 674 675 676 677 678 679 680 681 682 683 684 685 686 687 688 689 690 691 692 693 694 695 696 697 698 699 700 701 702 703 704 705 706 707 708 709 710 711 712 713 714 715 716 717 718 719 720 721 722 723 724 725 726 727 728 729 730 731 732 733 734 735 736 737 738 739 748 749 750 751 752 755 767 768 769 770 771 772 773 774 793 794 795 796 817 818 819 831 832 833 834 862 863 866 879 880 881 892 902 903 929 930 931 952 974 975 996 1025 1040 669 
580 584 617 625 655 656 657 669 671 672 673 674 675 676 677 678 679 680 681 682 684 685 686 687 688 694 695 696 699 702 703 704 705 706 711 715 727 728 730 748 831 
670 672 675 676 678 679 680 681 686 688 695 706 
669 670 671 673 675 678 679 685 686 687 
669 670 671 672 675 676 681 688 
669 670 677 683 
669 670 671 672 673 676 681 688 
669 670 671 673 675 682 
669 670 674 683 692 693 
669 670 671 672 685 
669 670 671 672 
669 670 671 
669 670 671 673 675 688 
669 670 689 
669 674 677 692 
669 670 
669 670 672 678 
669 670 671 672 687 
669 670 671 672 686 
669 670 671 673 675 681 
669 682 
669 691 
669 690 
669 677 683 
669 677 
671 695 696 697 698 699 700 701 702 703 694 707 708 709 716 717 718 729 730 748 
671 672 673 694 696 702 703 704 705 706 711 712 713 714 715 722 725 726 727 
694 695 699 700 702 709 718 719 720 721 
694 698 707 708 716 717 
697 707 708 716 717 
694 696 700 709 718 719 
694 696 699 701 709 719 720 
694 696 699 700 709 720 721 
695 696 703 710 702 
694 695 702 704 711 712 713 703 
695 703 705 711 712 713 714 722 
695 704 725 726 
695 715 727 706 
694 697 698 708 717 707 
694 697 698 707 
694 696 699 700 701 720 721 
702 710 
703 704 712 
695 703 704 711 
695 703 704 714 722 723 724 
695 704 713 722 723 724 
695 706 727 
694 697 707 
694 697 698 
694 696 700 
696 699 700 
696 700 701 709 721 
696 701 709 720 
695 704 713 714 723 
713 714 722 724 
713 714 722 723 
695 705 
695 705 
695 706 715 
580 617 625 670 671 694 695 696 697 698 699 702 729 730 731 732 733 734 735 736 737 738 739 740 741 742 743 744 745 746 747 748 749 750 751 831 902 728 
728 730 732 735 
728 729 733 736 737 738 739 747 
728 734 740 741 
728 729 743 745 
728 730 736 737 746 
728 740 741 
728 729 
728 730 733 737 746 
728 730 733 736 746 
728 730 739 
728 730 
728 731 734 
728 731 734 
728 742 
732 744 
728 743 
728 732 
728 733 736 737 
728 730 
729 749 750 751 755 756 757 762 763 764 765 766 748 
748 752 749 753 754 758 759 760 761 
748 755 756 757 762 764 
748 765 
749 753 758 
749 752 758 
749 761 
748 750 762 
748 750 763 
748 750 
749 752 753 
749 760 
749 759 
749 754 
748 750 755 
748 750 756 
748 750 
748 751 
748 766 
768 774 776 
767 774 776 
1 2 3 17 18 38 39 63 68 69 70 91 92 93 94 95 96 97 128 129 130 155 175 176 193 194 195 196 223 232 233 271 272 292 293 303 304 325 347 348 349 350 384 403 404 405 406 426 427 428 429 430 431 459 460 461 462 477 478 479 491 492 493 494 520 521 522 523 524 525 553 554 563 564 565 566 580 581 582 583 584 585 586 587 588 607 608 617 618 623 624 625 626 627 628 629 630 631 655 656 657 658 660 669 670 671 672 673 674 675 676 677 694 695 696 697 698 699 700 701 702 703 704 705 706 707 709 728 729 730 731 732 733 734 735 736 738 748 749 750 751 752 753 754 755 756 757 767 768 770 771 772 773 774 775 776 777 778 779 780 781 782 783 784 785 786 787 788 789 790 791 792 793 794 795 796 797 798 799 800 801 802 803 804 805 806 807 808 809 810 811 812 813 814 815 816 817 818 819 820 821 822 823 824 825 826 827 828 829 831 832 833 834 835 836 837 838 839 840 841 842 843 844 845 846 847 848 849 850 857 862 863 864 865 866 867 873 875 879 880 881 882 883 884 885 886 887 892 893 894 895 896 902 903 904 905 906 907 908 910 911 929 930 931 932 933 934 935 936 939 952 953 954 955 956 958 959 974 975 996 1019 1021 1025 1037 1040 769 
769 771 772 773 774 775 780 781 783 784 785 794 795 796 797 
767 768 770 772 773 774 776 777 778 779 769 787 788 789 794 
769 770 771 775 785 786 
769 770 771 772 775 785 786 
767 768 769 770 771 776 779 789 790 791 
769 770 772 773 782 783 
769 771 774 779 790 791 
769 771 772 
769 771 
769 771 776 789 
769 781 
769 770 780 
769 770 775 
769 770 775 
769 770 
769 770 772 773 
769 772 773 
769 771 
769 771 787 
769 771 779 
769 774 776 
769 774 776 792 
769 791 
17 91 92 232 303 426 491 521 580 582 583 584 617 624 625 670 694 695 728 748 767 768 770 771 772 773 774 775 776 769 777 778 779 780 781 782 783 784 785 786 787 789 791 794 795 796 797 798 799 800 801 802 803 804 805 806 807 808 809 810 811 812 813 814 815 816 793 817 818 819 820 821 824 831 832 833 834 835 836 838 862 863 864 866 879 880 881 892 893 902 903 929 930 931 952 974 975 996 1025 1040 
770 771 772 793 795 796 797 800 801 802 803 804 811 812 813 814 
793 794 796 797 800 801 802 795 810 811 
794 795 797 801 802 803 812 
793 794 795 796 804 813 814 815 
793 799 
793 798 
793 794 795 806 
793 794 795 796 802 803 811 
793 794 795 796 801 
793 794 796 801 
793 794 797 815 
793 816 
793 800 
793 808 809 
793 807 809 
793 807 808 
793 795 
793 795 801 
793 794 
793 794 797 814 
793 794 797 813 
793 797 804 
793 805 
818 819 820 821 822 823 824 827 832 833 817 
817 819 820 821 824 825 826 828 
817 818 821 824 825 826 828 
817 818 822 823 820 827 
817 818 819 
817 820 823 
817 820 822 
817 818 819 
818 819 826 828 
818 819 825 828 
817 820 
818 819 825 826 
821 830 
829 830 
670 728 770 771 794 795 817 818 819 820 821 822 832 833 834 835 836 837 838 839 840 841 842 843 844 845 846 847 848 849 850 853 854 855 856 857 858 859 860 861 862 863 864 865 866 873 880 881 892 902 903 929 931 831 
817 831 833 834 835 838 839 840 842 843 844 845 846 847 853 854 855 856 866 
817 831 832 834 835 836 838 839 840 847 848 857 858 859 
831 832 833 835 836 838 839 840 842 843 845 846 853 
831 832 833 834 836 838 839 840 845 846 847 853 855 856 
831 832 833 834 835 840 848 857 859 860 
831 851 852 
831 833 834 835 839 845 
831 832 833 834 835 838 846 853 854 856 
831 832 833 834 835 836 847 
831 841 
831 832 834 843 842 
831 834 842 844 
831 832 
831 832 834 835 838 
831 835 839 853 
831 832 833 835 840 
831 833 836 849 850 861 
831 850 861 
831 848 849 861 
837 852 
837 851 
831 832 834 835 839 846 854 
831 832 835 839 846 853 855 
831 832 835 839 846 854 
831 832 835 839 
831 833 836 858 
831 833 857 
831 833 836 
831 836 
831 848 849 850 
832 863 864 865 866 867 862 868 869 870 876 877 880 881 882 883 886 887 879 892 
817 818 832 833 834 835 836 837 838 839 841 842 851 852 862 864 865 866 867 873 874 875 880 881 892 929 863 
862 863 865 867 868 869 870 877 864 
862 863 864 867 870 871 
837 862 863 873 874 
862 864 865 872 878 
862 864 869 876 
864 868 
862 864 865 
865 867 872 878 
867 871 
863 866 874 
863 866 873 
863 866 
862 868 
862 864 
867 871 
17 91 92 232 303 426 491 521 580 584 617 624 625 670 694 728 770 771 772 793 794 795 796 817 818 819 831 832 833 834 835 836 837 838 839 840 841 842 862 863 864 865 866 867 868 869 870 871 872 873 874 875 876 877 878 880 881 882 883 884 885 886 887 888 889 890 891 892 893 894 895 896 898 899 902 903 904 905 906 907 908 910 911 929 930 931 932 933 934 952 974 975 996 1025 1040 879 
879 881 882 883 884 885 889 892 880 
879 880 882 883 885 889 
879 880 881 883 885 889 
879 880 881 882 885 890 
879 880 
879 880 881 882 
879 886 887 888 
879 886 
879 886 
879 880 881 882 
879 883 
879 891 
862 863 880 881 882 893 894 895 896 897 898 900 903 906 908 929 930 931 892 
892 894 893 897 911 
897 894 900 
892 898 895 
892 899 901 896 
892 893 894 897 
892 895 
896 901 
892 894 
896 899 
728 831 832 862 863 880 881 882 883 892 893 894 895 896 897 903 904 905 906 907 908 909 910 911 912 913 914 915 916 919 920 921 922 923 924 925 926 927 928 929 930 931 932 933 934 935 936 939 940 1025 902 
892 893 904 905 906 907 908 912 903 917 918 929 930 931 933 934 936 939 940 949 
902 903 905 906 912 917 933 934 
902 903 904 906 912 917 918 934 
902 903 904 905 907 908 913 919 920 921 
902 903 906 908 913 921 922 
902 903 906 907 909 910 914 923 
902 908 910 909 923 
902 908 909 911 914 915 924 
902 910 915 916 925 926 
902 903 904 905 
902 906 907 919 920 
902 908 910 924 
902 910 911 
902 911 
903 904 905 
903 905 
902 906 913 
902 906 913 
902 906 
902 907 
902 908 909 
902 910 914 
902 911 
902 911 
902 928 
902 927 
863 892 893 903 904 905 906 907 930 931 932 933 934 935 936 937 938 939 940 941 942 943 944 945 946 947 948 929 
892 903 904 905 929 931 932 933 934 935 936 937 938 939 940 942 943 945 946 947 930 
904 905 906 907 903 929 930 932 933 934 936 937 938 939 940 948 949 950 951 
929 930 931 935 932 
904 929 930 931 934 936 938 939 940 948 
904 905 903 929 930 931 933 939 940 949 950 951 
929 930 932 941 942 944 
929 930 931 933 937 938 945 946 
929 930 931 936 938 947 
929 930 931 933 936 947 
929 930 931 933 934 940 
929 930 931 933 934 939 948 
929 935 
929 930 935 944 
929 930 
929 935 942 
929 930 936 
929 936 
929 930 936 937 938 
929 931 933 939 940 
931 934 950 951 
931 934 949 
931 934 949 
1 17 38 91 92 232 426 491 521 624 728 793 831 862 863 879 892 902 903 929 930 931 933 953 954 955 956 957 958 959 960 961 962 963 964 965 966 967 952 968 969 970 971 972 973 974 975 976 979 982 985 986 996 997 998 1000 1019 1021 1025 1040 
952 954 955 956 957 958 961 962 963 968 
952 953 955 957 958 959 962 963 969 
952 953 954 956 957 958 959 962 963 
952 953 954 955 957 958 959 964 971 
952 953 954 955 956 958 959 971 
952 953 954 955 956 957 959 964 965 966 
952 954 955 956 957 958 964 966 967 959 972 
952 973 
952 953 
952 953 954 955 970 
952 953 954 955 
952 957 958 959 965 
952 958 964 
958 959 
952 959 972 
952 953 
952 954 962 
954 962 969 
952 956 957 
959 967 
952 960 
1 17 38 91 92 232 426 491 521 624 728 793 831 863 879 892 902 903 929 930 931 952 953 954 955 956 957 958 959 960 961 962 964 975 976 977 978 979 980 981 982 983 984 985 986 987 988 989 990 991 992 993 994 995 996 997 998 1000 1001 1002 1003 1004 1005 1006 1007 1008 1009 1010 1011 1019 1020 1021 1022 1024 1025 1037 1040 974 
1 17 18 38 91 92 193 232 303 426 491 521 624 670 728 793 831 862 863 879 892 902 903 929 930 931 952 953 954 955 956 957 958 959 960 961 962 963 964 965 966 967 968 969 970 971 974 976 977 978 979 980 981 982 983 984 985 986 990 991 992 993 994 995 975 996 997 998 1000 1001 1002 1008 1019 1020 1021 1022 1025 1037 1040 
974 975 977 978 988 989 
974 975 976 978 987 
974 975 976 977 988 
974 975 980 991 
974 975 979 991 
974 992 
974 975 983 
974 975 984 
974 975 982 983 
974 975 
975 985 
974 977 
974 976 978 
974 976 
974 975 
974 975 979 980 
974 975 981 
974 975 
974 975 
974 975 
953 997 998 1000 1001 1002 1003 1004 1005 1006 1007 1008 1009 1010 1011 996 1013 1015 1016 1017 1018 1019 1021 1040 
996 999 1012 1021 
996 1000 1003 998 
997 1012 
996 998 1005 1006 1007 1015 
996 1002 1016 1017 
996 1001 1016 1017 1018 
996 998 1004 1014 
996 998 1003 1013 1014 
996 1000 1006 1007 
996 1000 1005 1007 1015 
996 1000 1005 1006 1015 
996 1009 1010 1011 
996 1008 1010 
996 1008 1009 1011 
996 1008 
997 999 
996 1003 1004 1014 
1003 1004 1013 
996 1000 1006 1007 
996 1001 1002 
996 1001 1002 
996 1002 
1020 1021 1022 1023 1019 
1019 1033 1020 
999 1019 1024 1021 
1019 1023 1022 
1019 1022 
1021 1024 
1 92 902 996 997 1019 1020 1021 1022 1026 1027 1028 1029 1030 1031 1032 1033 1034 1035 1036 1037 1040 1025 
1025 1030 1034 
1025 1031 
1025 1029 
1025 1029 
1025 1026 1034 
1025 1027 
1025 1036 1032 
1025 1033 
1025 1030 
1025 1035 
1025 1032 
1028 1037 1039 
1038 1044 1045 
1037 1039 
1 996 1037 1038 1041 1042 1043 1044 1045 1047 1040 
1042 1046 
1040 1041 1046 
1040 1043 
1038 1045 1047 
1038 1040 1044 1047 
1041 1042 
1040 1044 1045 

