2263 16839
2 3 4 5 6 7 8 9 10 11 12 13 14 15 16 17 18 19 20 21 22 23 24 25 26 27 28 29 30 31 32 33 35 36 37 38 39 40 41 42 43 44 45 46 47 48 49 50 51 52 53 54 55 56 57 58 59 60 61 62 63 64 65 66 67 68 69 70 71 74 75 85 76 81 86 87 90 92 93 94 118 122 123 124 125 126 127 128 129 130 131 132 135 190 191 192 193 194 265 266 311 364 365 366 433 434 716 2127 
3 4 5 6 7 10 11 12 17 18 19 20 36 37 38 39 40 41 42 43 44 45 69 71 
1 2 5 6 7 8 9 11 12 13 14 20 21 22 23 24 47 50 51 52 53 
1 2 10 16 17 33 34 35 69 70 71 
1 2 3 6 11 18 19 20 39 41 42 43 44 
1 2 3 5 7 11 12 20 21 22 46 47 48 49 50 51 
1 2 3 6 13 21 22 23 24 51 
1 3 9 14 25 27 52 53 54 55 
1 3 8 15 28 29 30 55 56 57 58 59 60 
1 2 4 16 
1 2 3 5 6 12 20 43 44 46 
1 2 3 6 7 11 21 47 48 50 
7 14 24 
1 3 8 13 53 
9 28 29 30 31 32 59 60 61 62 63 
4 10 
1 2 4 35 36 
19 39 40 42 
1 2 5 18 42 
1 2 3 5 6 11 44 45 46 
3 7 12 22 50 51 
1 3 6 7 13 21 23 51 
1 3 7 13 22 24 
7 13 
1 3 8 14 26 52 
1 3 8 14 25 53 
8 9 55 
1 9 15 29 59 60 
1 9 30 31 59 60 
1 9 15 29 
1 15 30 32 61 62 63 
1 15 31 61 63 64 
1 4 34 35 
4 33 35 
1 4 17 33 34 
1 2 17 35 
1 38 
1 2 37 39 40 
1 2 5 38 40 41 
1 2 18 38 39 41 
1 5 18 38 39 
1 2 5 18 
1 2 5 
1 2 5 20 43 45 
1 2 11 20 
1 6 11 20 
1 3 6 49 50 
1 6 47 49 50 
1 6 12 47 48 50 
3 6 12 21 47 48 49 
1 6 7 21 
3 8 
1 3 25 26 52 
1 55 
1 8 9 27 54 56 
1 9 55 57 58 
9 56 
1 9 57 
1 9 15 28 29 60 
1 9 28 29 59 
1 15 30 31 32 63 
1 15 31 61 63 
1 15 31 61 62 64 
1 63 
66 72 77 78 95 96 130 132 
65 67 73 78 79 80 96 97 98 99 100 132 
66 73 80 
69 70 71 76 86 88 89 90 91 92 93 94 113 114 115 116 68 
4 10 68 70 71 94 118 119 120 121 
4 68 69 71 118 119 
4 10 16 69 70 118 119 120 121 
77 95 
65 66 67 78 79 80 96 97 98 99 100 
81 82 83 101 102 103 104 106 107 
82 83 84 85 109 110 
68 86 87 88 89 90 112 113 114 
65 72 
65 73 79 98 
66 73 78 80 96 99 100 
66 67 79 
74 75 82 83 107 108 
74 75 83 82 108 109 110 
74 75 85 81 82 109 110 83 84 
75 85 
75 111 
76 87 111 112 
68 76 86 88 89 90 113 114 
68 76 87 89 90 91 113 114 
68 87 88 91 113 114 
76 88 89 91 114 
68 88 89 90 
68 93 115 
68 94 
68 93 117 
72 77 
65 66 73 78 98 
66 78 79 96 98 99 
73 78 79 96 97 99 
73 78 79 96 97 98 
79 80 
74 102 103 
74 101 103 104 105 
74 102 104 105 
74 102 105 106 
74 102 103 104 106 107 
74 104 105 107 
74 81 105 106 
81 82 83 109 
75 82 83 108 110 
75 83 
85 86 
76 86 87 113 
68 76 87 88 89 112 
68 76 87 90 91 
68 92 
68 93 94 117 
94 116 
69 70 71 119 120 
69 70 120 121 
69 70 71 118 121 
69 71 118 119 120 
123 124 125 126 128 129 133 139 140 141 142 143 122 159 160 161 162 191 192 193 194 195 212 213 214 260 262 263 
122 124 125 127 128 129 130 132 133 134 135 142 143 144 145 146 147 148 149 150 151 123 163 164 166 167 168 169 170 171 172 173 174 191 194 
123 125 128 133 139 140 141 142 143 144 159 160 161 162 163 195 213 214 
122 123 124 126 128 129 134 143 144 145 147 163 164 165 166 167 168 169 170 
122 123 125 127 128 129 130 131 132 134 135 136 137 138 149 150 151 152 153 154 155 156 178 179 180 181 182 183 
123 126 129 130 131 132 135 137 138 154 155 156 157 181 182 183 184 185 186 187 
122 123 124 125 126 133 134 146 148 166 167 168 170 171 
122 123 125 126 127 128 134 135 149 150 151 152 153 154 155 173 174 175 176 177 179 180 
65 123 126 127 131 132 135 136 137 138 156 157 158 183 184 185 186 187 188 189 
126 127 130 132 135 136 137 138 156 157 158 187 188 189 
65 66 72 73 77 78 79 96 123 126 127 131 
122 123 124 128 143 145 146 163 164 165 
125 126 128 129 147 148 171 172 173 
123 126 127 129 131 136 137 138 156 181 182 183 184 185 
126 127 130 131 135 137 138 156 157 181 182 183 184 185 
126 127 130 131 135 136 138 156 183 184 185 186 187 
126 127 130 131 135 136 137 156 157 183 184 185 186 187 
122 124 140 141 159 160 
122 124 141 159 160 161 
139 140 
122 123 124 162 
122 123 124 125 133 144 145 165 
123 124 125 133 143 145 163 164 165 
123 125 133 143 163 164 165 
128 133 167 
123 125 128 
128 134 147 
123 126 150 152 153 174 177 178 179 
123 126 129 152 153 178 
123 126 129 149 152 153 179 180 
129 149 151 153 178 180 
126 129 149 151 152 154 178 179 180 
126 127 129 153 155 180 
126 127 129 154 179 
126 127 130 131 135 136 137 157 183 184 185 186 187 
127 131 136 137 138 156 184 185 186 187 
130 131 188 189 
122 124 139 140 
122 124 140 141 161 
122 124 140 141 160 
122 142 162 
123 125 133 143 144 145 164 165 
123 125 133 143 144 145 165 
123 125 133 143 144 145 163 164 
123 125 128 146 167 168 
123 125 128 146 166 168 
123 125 128 146 166 167 
123 125 128 170 
123 125 128 
123 128 134 147 172 
123 134 171 
129 134 123 
123 129 149 175 176 177 
129 174 177 
174 175 
149 174 175 
126 129 149 150 152 153 179 180 
126 129 149 151 152 153 154 155 178 180 
126 129 151 152 154 178 179 
126 127 135 136 182 
126 127 135 181 
126 127 130 135 136 137 138 156 184 185 
130 137 138 156 157 183 185 
127 130 135 136 137 138 156 183 184 
127 130 131 137 138 156 157 187 
127 130 131 137 157 186 
130 131 
130 131 158 188 
122 123 191 192 193 194 195 196 197 198 199 200 202 203 204 205 206 207 208 209 215 216 217 218 219 220 231 232 233 234 235 236 237 265 266 267 272 273 274 275 276 277 278 284 286 287 288 289 290 307 308 309 310 311 
122 123 190 192 193 194 195 196 197 199 200 202 203 204 205 206 207 208 215 216 217 218 219 220 231 233 234 235 236 237 238 265 266 267 278 287 310 
190 191 193 194 198 199 200 204 205 206 207 208 209 217 218 219 220 221 222 239 240 241 242 243 
191 192 194 195 199 200 201 208 209 210 211 221 222 223 224 225 244 246 247 248 249 250 251 252 
190 191 192 193 195 201 209 210 211 212 224 226 227 228 229 253 254 255 
124 190 191 193 194 201 212 213 214 229 230 257 258 259 260 261 262 
190 191 197 198 202 203 215 231 232 233 267 287 289 290 309 310 
190 191 196 198 202 203 216 231 232 233 235 310 
190 191 192 196 197 203 216 234 236 
190 191 192 193 200 204 205 206 207 208 220 221 238 239 240 
190 191 192 193 199 207 208 220 221 222 238 240 241 242 243 244 245 
194 195 212 213 229 230 257 258 259 
190 196 197 203 215 231 232 233 310 
190 196 197 216 233 234 235 
190 192 198 199 205 206 207 217 218 219 
190 191 192 199 204 206 219 220 
190 191 192 199 204 205 207 218 219 
190 191 192 199 200 204 205 206 220 
190 191 192 193 199 200 209 222 223 241 242 243 244 245 
190 192 194 208 210 211 246 247 249 250 
209 211 224 247 248 249 250 251 252 
193 194 209 210 224 225 247 248 249 250 251 
194 195 201 213 259 260 261 262 263 
195 201 212 214 262 263 
122 195 212 262 
190 191 196 197 202 231 232 
191 198 203 234 235 
190 191 204 205 218 219 237 
190 191 192 204 205 206 217 219 
191 192 204 217 218 
199 200 205 207 238 
192 193 199 208 222 223 241 242 244 245 
192 193 208 221 223 243 244 245 
193 208 222 246 
193 194 209 210 211 225 247 249 250 251 252 
193 194 211 253 
194 227 228 254 
194 226 228 254 
194 227 
194 195 201 230 257 
229 257 258 
190 191 197 202 215 232 310 
190 196 197 202 215 231 310 
190 191 196 197 202 
190 191 197 198 235 
190 191 203 216 234 
190 191 198 
190 191 204 217 
191 199 200 207 220 
192 240 
192 199 200 239 
208 243 
192 200 221 241 
192 200 221 241 
193 200 208 221 222 245 
200 208 221 222 
193 209 223 
193 209 210 224 248 
193 209 211 247 
210 211 224 250 251 252 
193 211 224 249 251 252 
193 210 211 249 250 252 
210 224 249 250 251 
194 225 
194 226 227 255 256 
194 256 
194 254 
195 201 230 258 
195 201 230 257 
195 201 212 
212 261 
212 260 
212 213 214 
212 214 
268 269 270 271 279 280 281 282 283 291 293 294 295 296 297 298 316 
196 197 266 267 272 273 274 275 276 277 278 284 285 286 287 300 302 303 304 305 306 307 
192 196 197 198 203 215 231 265 267 276 277 278 287 288 289 290 307 308 309 310 
196 265 266 272 274 275 276 277 284 286 287 305 306 307 
269 270 282 283 293 294 295 296 297 
264 270 282 283 295 297 
264 268 269 282 283 296 297 
264 270 299 
265 273 274 275 276 284 285 300 301 302 
265 272 274 276 284 285 300 301 
265 267 272 273 275 276 284 285 302 303 304 
265 267 272 273 274 276 284 285 302 303 304 
265 266 267 272 273 274 275 277 284 285 286 302 303 304 305 
265 266 267 278 286 305 306 
265 266 267 277 287 288 307 308 
280 281 291 292 343 
264 281 291 
264 279 280 291 292 
268 269 270 283 295 297 
264 268 269 270 295 296 297 
265 267 272 273 274 275 276 285 303 304 
272 273 274 275 276 284 302 303 304 
265 266 267 276 277 305 306 
265 266 267 278 288 289 290 308 
266 278 287 289 290 308 309 
266 287 288 290 308 309 
266 287 288 289 309 
279 281 292 
279 280 281 291 
264 268 269 294 
268 293 
264 268 269 282 283 296 
264 268 269 270 282 295 
264 268 269 270 282 283 296 
264 299 
270 271 298 
265 272 273 274 301 
273 300 
265 272 275 276 284 
265 274 275 276 284 285 304 
265 274 284 
265 267 276 277 286 306 
267 286 305 
265 266 278 287 
278 288 289 
266 287 288 289 290 
231 232 266 
264 312 313 314 315 316 320 321 322 323 324 325 326 331 332 333 334 335 336 337 338 339 340 341 351 352 353 354 355 356 357 358 364 365 366 367 
311 313 317 318 319 327 328 329 330 348 349 
311 320 321 331 350 313 
311 315 322 323 325 338 339 340 356 357 358 
311 314 316 324 325 341 359 360 361 362 363 
311 315 326 341 342 343 
312 318 327 344 345 346 
312 317 319 327 328 329 346 347 
312 318 327 329 348 
313 321 322 331 332 333 351 352 
311 313 320 322 332 351 352 
311 314 320 321 323 332 333 335 336 352 353 354 
311 314 322 334 335 336 337 338 339 354 355 
314 325 359 
311 315 324 326 359 
311 324 325 341 359 360 361 362 363 
317 319 328 329 346 347 
318 327 329 346 
312 318 319 327 328 347 
312 349 
311 313 320 331 350 
320 321 322 323 334 335 336 352 353 
311 320 322 332 334 335 336 353 
311 322 323 332 333 335 336 353 354 
311 322 323 332 333 334 336 337 353 354 
311 322 323 332 334 335 337 354 
311 322 323 334 335 336 
311 314 323 339 340 355 357 
311 314 323 338 340 356 357 
311 314 338 339 357 358 
311 316 326 361 362 363 
316 342 343 
279 316 
317 345 
317 344 
317 318 
318 327 328 329 346 
312 319 330 349 
312 330 348 
313 331 
311 320 321 
311 320 321 322 332 
311 322 332 333 335 354 
311 322 323 334 335 336 337 353 
311 314 323 338 356 
311 314 339 355 
314 338 339 340 
311 314 340 
315 324 325 
315 326 361 
315 326 341 360 362 
315 326 363 
315 326 362 
311 365 366 367 368 369 370 372 373 374 375 376 377 378 379 380 381 382 383 384 385 387 388 389 390 391 392 393 394 404 405 406 407 408 409 410 411 412 413 414 415 416 417 418 419 420 421 441 
312 364 366 367 371 372 373 374 375 376 377 378 381 382 383 384 385 388 389 390 391 392 393 394 395 410 411 412 413 414 415 416 417 418 419 420 421 422 423 424 
312 317 318 364 365 367 371 372 373 374 375 376 381 382 383 384 385 391 392 393 394 395 421 422 423 424 425 426 427 428 429 431 432 
312 317 318 364 365 366 372 373 374 375 376 377 384 385 391 392 393 394 395 422 423 424 425 426 427 428 429 430 431 432 
369 370 386 396 397 398 400 441 452 468 495 
364 368 370 386 396 397 398 399 400 441 452 468 
364 368 369 371 401 
364 365 366 372 373 378 379 380 381 388 389 404 405 406 408 409 
364 365 366 367 371 373 374 375 381 388 389 390 409 410 411 412 413 414 415 
364 365 366 367 371 372 374 375 376 381 382 383 390 391 392 415 416 417 418 419 420 421 
364 365 366 367 372 373 376 377 381 382 383 384 390 391 392 418 419 421 
364 365 366 367 372 373 374 376 377 382 383 384 385 391 392 393 394 419 421 
364 365 366 367 373 375 377 384 385 391 392 393 394 395 422 423 
365 366 367 374 375 376 393 394 395 422 423 424 425 
364 365 370 371 379 387 402 403 380 404 
364 371 378 380 403 404 
364 371 378 379 403 380 404 405 406 
364 365 366 371 372 373 374 382 383 390 410 412 413 414 415 416 417 
364 365 366 372 373 374 375 381 383 390 416 417 418 419 420 
364 365 366 373 374 375 381 382 384 391 418 419 420 421 
364 365 366 367 373 374 375 376 377 383 391 393 421 
364 365 366 367 375 376 393 394 395 422 423 
368 396 397 398 399 
364 370 378 401 
364 365 371 372 389 408 
364 365 371 372 388 409 
364 365 372 373 381 382 410 412 413 414 415 416 417 
364 365 366 367 373 374 375 376 383 384 392 421 
364 365 367 373 374 375 376 384 391 393 
364 365 366 367 376 377 384 385 392 394 
366 367 375 376 385 393 422 
365 366 377 385 424 425 
368 369 
368 369 386 396 398 399 
368 369 386 397 399 400 
368 369 386 397 398 400 
368 369 386 397 398 
370 387 
378 403 
378 380 402 
371 379 380 
364 371 380 406 407 
364 371 380 405 407 
371 406 
364 371 
364 371 372 
365 372 381 390 412 
364 365 372 381 390 413 414 
364 365 372 381 390 410 411 413 414 415 
364 365 381 390 411 412 415 
364 372 381 411 412 413 415 416 
364 365 372 373 381 390 413 414 416 
364 365 373 381 414 415 417 
364 365 373 382 390 416 
364 373 374 382 383 419 
364 365 373 374 375 382 383 418 420 
364 365 373 374 382 383 419 
364 366 373 374 375 383 384 391 
365 366 367 376 377 385 394 423 
365 366 367 377 385 
365 366 377 425 
366 367 377 395 424 426 
366 367 425 427 
366 426 
366 367 429 430 431 432 
366 367 428 430 431 432 
366 367 429 431 432 
366 367 428 429 430 
366 428 429 430 431 
311 364 365 366 367 368 369 434 435 436 437 439 440 441 442 443 444 445 446 447 448 449 450 451 453 454 455 456 457 458 459 469 470 471 472 473 474 475 476 477 479 496 497 498 499 500 503 505 506 507 514 515 516 517 518 519 520 521 531 532 533 534 535 536 537 542 
190 311 364 365 366 367 368 369 370 371 372 373 374 375 376 377 378 379 380 381 382 386 387 388 396 397 398 399 400 401 433 435 436 437 438 439 440 441 443 444 446 447 448 449 450 451 452 454 455 456 457 458 459 460 461 462 463 464 465 466 467 468 477 479 480 481 482 483 484 485 486 487 488 489 490 491 492 493 494 495 496 497 499 536 537 
433 434 436 437 438 440 442 443 444 445 454 455 470 471 472 499 
433 434 435 437 440 443 444 445 446 454 455 470 471 473 499 
433 434 435 438 440 444 445 446 447 455 471 472 473 474 475 476 
433 434 435 436 437 439 440 445 446 447 448 449 455 456 457 458 476 477 478 479 480 
433 434 438 441 449 450 451 459 460 461 462 463 464 486 487 488 
433 434 435 436 437 438 443 444 445 454 455 470 471 472 
369 396 433 434 439 452 464 465 466 467 493 494 495 
433 435 443 521 469 
433 435 436 440 442 454 470 
433 434 435 436 437 440 443 454 470 
433 434 435 438 440 446 473 474 476 
434 436 437 438 445 447 456 476 
433 434 437 438 456 457 458 477 478 479 
433 434 449 450 480 481 
433 438 439 448 481 
433 434 439 448 449 459 481 450 
433 434 460 461 462 463 486 
434 441 467 468 493 494 495 
433 521 469 
433 434 435 436 440 443 444 470 
433 434 435 436 437 438 440 445 472 473 474 475 
433 437 438 446 447 457 477 
434 438 447 456 458 478 479 
433 434 438 447 457 479 
433 434 439 449 450 482 484 
434 439 451 461 462 463 
434 439 451 460 462 463 
439 451 461 
434 439 451 460 
434 439 441 465 489 490 491 492 
441 464 466 489 490 491 492 
441 452 467 
441 452 466 
396 434 452 493 494 495 
442 453 469 
435 436 440 443 444 454 
435 436 437 440 
433 436 437 440 455 
433 436 445 455 475 
433 437 445 455 473 475 
433 437 445 455 473 474 
433 438 445 446 
433 434 438 447 456 457 478 479 
438 447 457 477 
433 434 438 447 457 458 477 
434 438 
449 450 
434 459 450 483 484 
459 450 484 485 
434 459 482 483 
434 459 482 484 
434 439 451 
434 439 486 488 
434 487 
434 464 465 490 491 492 
434 464 465 491 492 
434 464 465 489 492 
434 464 465 489 490 
441 452 468 494 
434 441 452 468 493 
396 441 452 468 493 
435 436 437 440 442 443 497 499 506 507 514 515 516 517 518 520 521 531 532 533 534 535 537 
496 498 500 501 502 503 504 505 511 512 513 506 526 527 528 
496 497 506 514 498 
442 443 453 469 496 507 520 521 534 535 499 
497 501 502 508 509 510 500 522 523 524 
497 500 502 503 504 508 509 510 511 522 523 524 525 526 
497 500 501 504 508 509 510 522 523 524 525 
497 501 502 504 505 510 511 512 513 526 527 528 529 
503 505 510 511 512 513 526 527 529 
497 503 511 512 513 527 528 530 
498 506 514 515 516 517 531 
499 532 533 
500 501 509 522 523 
500 501 502 508 510 522 523 524 
500 501 502 503 504 509 524 525 
497 501 503 505 512 513 526 527 528 529 
503 504 505 511 513 527 528 529 
497 503 504 505 511 512 529 530 
496 498 506 515 
496 514 516 531 
496 515 517 
496 516 
496 507 519 532 533 
496 507 532 
496 499 534 
453 469 496 499 
500 501 502 508 509 523 
500 501 502 509 522 
500 501 502 509 510 525 
501 502 
497 501 503 511 527 
497 504 505 511 526 528 
497 503 504 505 511 512 527 529 
497 503 504 505 511 512 528 
497 505 513 
496 506 515 516 517 
496 507 518 519 
496 518 
496 499 520 
496 499 
537 539 540 541 542 543 548 549 550 551 552 553 558 559 560 571 573 574 576 577 578 579 536 
496 536 542 543 550 551 552 553 560 578 579 580 581 582 537 
539 544 545 546 561 591 602 603 618 619 538 
536 538 540 546 547 554 555 539 
536 539 541 548 556 557 558 564 565 566 567 568 569 570 
536 540 548 556 557 558 564 565 566 567 568 569 570 
536 537 552 553 582 583 
536 537 542 
545 561 
538 544 561 
538 539 547 554 555 562 563 
546 554 555 547 563 539 
536 540 541 558 559 572 
536 558 559 571 572 
537 551 573 574 576 550 
536 537 550 552 553 578 
536 537 542 551 553 560 578 579 580 
536 537 542 551 552 578 579 580 581 
539 546 547 555 562 563 
539 546 547 554 563 
541 564 
540 541 564 566 567 568 569 570 
536 541 548 571 572 
549 573 
536 537 551 552 577 
544 545 
546 554 
546 547 554 555 
540 541 556 557 565 566 567 
541 564 
540 541 557 564 565 567 568 
541 557 564 566 568 569 
540 541 557 566 567 569 
540 568 
540 541 569 
536 548 549 558 572 
558 571 
536 550 559 574 575 
536 550 575 576 
536 550 574 576 
536 550 574 575 
536 551 560 
536 537 552 553 
536 552 578 580 581 
537 553 579 581 
537 579 
537 542 583 
537 542 582 
538 585 586 590 591 597 598 599 600 601 602 612 613 614 615 616 628 629 630 631 632 633 634 635 636 637 638 639 646 647 584 
584 587 588 589 590 592 593 594 595 596 597 608 609 610 611 625 626 627 585 
584 591 598 599 600 601 612 613 614 615 616 634 636 637 638 639 
585 588 589 592 593 594 595 596 604 605 606 607 608 622 623 624 660 
587 589 590 592 593 594 596 605 606 607 608 609 625 626 
585 587 590 594 595 596 597 608 609 610 611 625 626 
585 588 589 597 610 627 
584 586 599 600 601 603 614 615 616 617 640 641 642 
585 587 588 593 594 595 596 605 606 607 622 623 624 
585 587 588 592 594 595 596 605 606 607 
585 587 588 589 592 593 606 607 608 
585 587 588 589 592 593 594 596 607 608 609 
585 587 588 589 592 593 594 595 607 608 609 625 626 
589 590 611 
584 586 612 613 629 630 632 633 
584 586 591 598 600 613 614 634 635 636 637 638 
584 591 599 614 615 637 638 639 
586 591 602 603 615 617 640 641 
584 591 601 603 618 619 642 
591 602 619 643 
587 621 
587 592 593 604 606 622 623 624 
588 592 594 605 624 
587 588 593 595 596 
585 587 588 589 594 596 609 610 625 626 
585 588 595 596 608 610 625 626 
585 589 590 608 609 
589 590 627 
584 586 598 613 631 632 633 
586 598 599 612 631 633 
584 586 591 599 600 639 
584 586 591 600 601 616 639 
584 586 591 601 615 617 
591 616 640 641 
603 619 643 
602 618 
621 715 
604 620 
587 592 623 624 
587 592 624 
622 623 
585 588 589 595 596 608 609 626 
588 589 608 609 625 
585 590 597 611 
584 630 629 
628 630 
584 628 629 
598 612 613 633 
584 612 631 
584 598 612 613 631 632 
584 586 599 635 636 637 
584 586 599 634 636 637 
584 586 599 634 635 637 
584 586 599 600 635 636 
586 599 600 614 
584 586 600 614 
591 601 641 
591 601 617 640 
591 601 602 
603 618 619 
645 646 647 648 649 650 653 654 655 656 658 663 664 666 667 668 669 670 692 693 695 696 697 698 699 700 701 702 703 704 
644 646 647 649 650 654 655 656 657 658 659 664 665 666 667 668 669 670 671 672 704 705 706 
584 585 587 588 592 604 644 645 647 649 657 658 659 660 668 669 670 671 672 673 674 675 676 677 678 706 707 708 709 710 711 712 713 714 715 
584 585 587 588 589 590 592 593 594 595 596 604 605 606 607 620 621 622 623 624 644 645 646 649 659 660 670 673 674 675 676 677 678 710 711 712 713 714 715 
644 651 652 661 679 680 681 682 683 684 721 726 732 747 748 
644 645 646 647 654 655 656 663 664 665 690 691 692 693 694 695 696 697 698 699 700 701 702 
644 645 649 654 655 656 663 664 690 691 692 693 695 696 697 698 699 700 701 
648 652 679 681 
648 651 679 680 681 682 683 684 
644 648 662 685 686 687 688 
644 645 649 650 655 663 664 690 691 692 693 694 695 696 697 698 699 
644 645 649 650 654 663 664 692 693 694 695 696 697 698 699 700 
644 645 649 650 664 665 666 702 703 
644 645 646 666 667 668 704 
644 645 646 647 669 670 672 673 706 707 708 
645 646 647 660 673 674 675 676 677 678 711 712 713 
604 620 621 647 659 677 678 712 713 715 
648 652 680 681 
653 685 686 687 
644 649 650 654 655 691 692 693 694 695 
644 645 649 650 654 655 656 699 700 701 
644 645 649 656 666 702 703 
644 645 656 657 667 666 
644 666 668 
644 646 667 704 
644 646 658 670 704 
644 645 646 647 658 669 672 706 
645 646 658 670 672 706 707 
645 646 658 670 671 706 707 
646 647 658 659 674 675 676 708 709 710 711 
646 647 659 673 675 676 711 
646 647 659 673 674 676 711 
646 647 659 673 674 675 711 712 
646 660 678 712 713 714 715 
646 647 660 677 713 714 715 
648 651 661 681 
651 652 681 
648 651 679 680 
648 652 683 
648 682 
648 652 
653 662 685 
653 687 688 686 
653 662 686 688 689 
662 686 687 689 
686 687 688 
649 650 654 663 691 
649 650 654 663 690 
644 649 650 654 655 663 693 694 
644 649 650 654 655 663 692 694 
649 654 655 663 692 693 
644 649 650 654 655 663 693 694 696 697 
644 649 650 654 655 695 697 698 699 
644 649 650 654 655 695 696 698 699 
644 650 654 655 697 699 
650 655 664 696 698 700 
644 649 655 699 701 
644 649 650 655 664 
644 649 665 
644 702 
644 669 705 
645 704 
645 646 658 670 672 
646 658 671 672 707 
646 658 673 709 
646 673 710 
646 647 673 
647 659 673 674 675 
646 647 659 660 676 677 
646 659 660 677 712 714 
646 647 677 
620 646 660 677 678 
1 364 433 434 496 536 537 538 584 585 586 587 588 589 590 644 645 646 647 648 649 650 651 652 653 654 655 656 657 658 659 660 661 662 663 664 665 666 679 680 681 682 683 685 717 718 719 720 721 722 723 724 725 726 727 728 729 730 731 732 733 734 735 736 737 738 739 740 741 742 743 744 745 746 747 748 749 750 751 752 753 754 755 756 757 758 759 760 761 762 763 764 765 766 767 768 769 770 771 772 773 774 775 776 777 778 779 780 781 782 783 784 785 786 787 788 789 790 791 792 793 795 796 797 798 799 800 801 804 805 806 807 808 809 810 811 812 813 814 815 830 831 832 833 834 835 836 837 838 839 840 841 842 843 844 846 847 848 849 852 904 905 906 907 909 967 1167 1168 1368 2127 
644 716 718 719 720 721 722 723 724 725 727 728 729 730 731 733 734 735 736 737 750 751 752 753 754 755 756 757 758 759 779 780 783 786 787 788 789 790 791 800 801 812 813 814 815 840 841 842 843 
644 645 646 647 648 649 651 716 717 719 720 721 722 724 725 726 729 730 731 732 737 738 739 740 741 742 743 744 745 746 747 765 766 767 768 769 770 771 772 773 
716 717 718 722 723 724 725 727 728 729 730 731 733 734 735 750 753 754 755 756 758 759 789 790 791 801 
716 717 718 719 721 722 723 724 728 730 731 735 736 737 738 739 757 759 760 761 762 763 765 766 
648 716 717 718 719 720 726 732 740 741 742 743 767 771 772 
716 717 718 719 720 723 724 727 728 733 734 750 751 752 
716 717 719 720 722 724 727 728 734 750 752 753 
716 717 718 719 720 723 725 728 729 735 753 754 755 756 757 
716 717 718 720 724 728 729 735 736 758 
651 652 661 716 718 721 732 743 744 745 746 747 748 773 777 778 
716 717 719 722 723 733 750 751 752 
716 717 719 720 722 724 725 735 753 754 755 756 
716 717 718 719 724 725 730 735 736 757 758 759 
716 718 719 720 729 731 736 737 759 760 761 762 
716 717 719 720 730 737 763 764 
718 726 743 744 745 746 747 748 773 776 777 778 
727 734 750 
716 717 719 722 723 733 750 751 752 
716 717 719 720 724 725 728 729 736 757 758 
716 717 719 720 729 730 735 
716 718 720 730 731 763 764 
720 739 765 766 
716 718 720 738 766 
716 718 721 741 767 768 770 771 
716 718 740 767 768 769 770 771 
716 721 743 772 
716 718 721 726 732 742 744 745 746 773 774 775 776 
716 718 726 732 743 745 746 773 774 775 776 
716 718 726 732 743 744 746 776 
716 718 726 732 743 744 745 747 777 
716 726 732 746 748 777 778 
726 732 747 777 778 
716 717 
716 717 719 723 727 733 734 751 752 
716 717 722 727 734 750 
716 717 722 727 734 750 
716 717 719 723 724 728 754 
717 719 724 728 753 
716 717 728 
716 717 719 724 728 755 
716 717 719 720 724 725 729 735 758 
716 717 719 725 729 735 757 
716 717 719 720 730 760 
716 720 730 759 761 
716 720 760 762 
720 730 761 
716 720 730 731 
731 737 
716 718 738 766 
716 718 720 738 739 765 
716 718 721 740 741 768 769 770 
716 718 740 741 767 769 770 
716 718 740 741 767 768 
716 718 740 741 767 768 769 
716 718 721 740 741 
716 742 
716 718 726 732 743 744 774 776 
716 744 775 
716 732 743 744 773 774 
716 732 743 744 773 774 775 
726 732 746 747 778 
716 726 732 747 748 
717 718 720 780 781 782 783 784 785 786 787 788 790 792 793 794 795 796 797 798 799 800 802 803 804 805 817 818 819 820 821 822 824 825 826 827 828 829 842 843 844 847 848 849 852 867 868 903 906 907 967 
779 781 782 783 784 786 787 788 789 797 798 799 800 804 805 806 807 808 828 829 830 843 
779 780 782 785 792 793 794 795 796 802 816 817 818 819 820 844 848 867 868 902 903 
779 780 783 785 786 792 793 794 795 796 802 803 821 822 823 824 825 848 849 
779 782 797 798 799 804 827 828 829 
779 780 783 786 787 788 797 798 799 800 805 806 807 808 830 
779 781 782 793 794 816 817 818 848 849 902 903 
779 782 783 784 797 799 804 827 828 829 
779 780 784 788 789 790 800 808 809 810 832 
779 780 784 787 789 800 808 810 811 831 832 
779 780 787 788 791 801 812 813 814 815 833 834 835 836 837 838 839 840 
779 787 789 791 801 812 813 814 815 836 837 838 839 840 841 
789 790 801 812 813 814 815 838 839 840 841 
779 781 782 785 794 795 802 817 818 819 820 
779 782 785 794 795 802 819 820 
779 781 782 785 792 793 795 802 803 818 819 820 821 
779 782 792 794 796 803 821 
779 781 782 795 802 803 822 823 824 825 
779 780 783 784 786 798 804 829 
779 780 783 784 797 799 
779 780 783 784 786 798 805 
779 780 784 787 788 808 809 831 832 
749 789 790 791 813 814 815 841 
779 781 782 792 793 794 796 803 821 822 823 
779 782 794 795 796 802 821 822 823 
779 780 783 786 797 827 
779 780 784 807 830 
780 784 805 807 
780 784 830 
780 784 787 788 800 831 
787 788 810 831 
787 788 809 833 
787 810 833 
789 790 791 834 835 836 
789 790 791 801 815 837 838 839 840 
789 790 791 801 813 838 839 
789 790 791 801 813 841 
779 781 785 
781 785 792 816 
779 781 785 792 793 794 819 820 
779 781 792 793 794 818 820 
779 781 792 793 794 818 
782 795 822 
779 782 795 796 803 821 823 
779 782 796 802 803 822 
779 796 
779 782 796 826 
779 825 
779 783 804 
779 786 797 804 829 
779 780 786 797 828 
780 784 805 807 
787 800 808 809 832 
787 788 800 809 
789 810 811 
789 812 835 836 
789 834 836 
790 812 
790 838 
789 790 791 813 837 839 
789 790 814 
789 790 791 801 813 814 815 841 
790 791 801 815 840 
717 718 779 780 781 782 783 785 843 844 845 846 847 848 849 850 851 842 852 853 854 855 856 857 858 859 860 861 862 863 864 874 875 876 877 878 879 880 881 882 883 884 885 886 887 888 889 890 891 904 905 906 907 909 920 921 967 
780 781 782 783 785 792 793 794 842 844 847 848 849 852 862 863 864 865 866 867 868 893 894 895 896 897 898 899 900 901 902 903 
781 843 847 848 849 842 852 862 863 864 865 891 892 893 894 895 896 
842 846 853 854 873 874 921 
842 845 850 851 855 856 858 877 878 879 880 881 882 883 884 885 
843 844 842 889 890 
785 792 793 794 816 817 842 843 844 849 852 867 868 900 901 902 903 
792 793 794 816 817 842 843 844 867 868 902 903 
842 846 851 880 881 882 883 885 
842 846 858 859 884 885 886 
844 848 865 866 896 897 898 899 852 
842 845 870 871 873 853 
842 845 874 
846 856 857 876 877 
842 846 855 857 876 877 
842 846 855 856 877 878 
842 846 850 851 859 885 886 
842 851 858 886 887 
842 859 886 887 888 
842 887 
842 843 844 863 891 892 
842 843 844 862 891 892 
842 843 844 893 894 895 
843 844 852 866 897 899 
852 865 897 898 899 
843 848 849 868 900 901 
843 848 849 867 901 
870 871 
869 871 872 873 
853 870 872 
853 870 871 873 
845 871 872 
842 845 875 
842 854 874 
842 855 
842 846 855 856 
842 846 857 877 
846 857 877 878 
842 846 850 881 882 883 
842 846 880 882 
842 846 850 880 881 883 
842 846 880 882 884 
842 846 850 851 883 885 
842 846 851 884 
859 860 887 
842 859 860 886 888 
859 861 887 842 
842 890 
842 890 
844 863 
844 862 863 
844 895 
864 893 895 
843 844 864 895 894 
843 844 852 865 897 
843 852 865 866 896 
843 852 865 866 899 
843 852 865 866 
843 848 867 901 
843 848 867 868 900 
843 848 849 
843 849 
905 906 907 908 909 910 911 912 913 914 915 916 917 922 923 924 925 926 927 928 929 941 942 943 944 945 946 947 948 949 969 973 980 981 1000 1018 
904 906 907 908 909 910 911 912 913 914 915 916 917 922 923 924 925 927 928 929 905 941 942 943 944 945 946 947 948 949 950 969 973 980 981 1000 
904 905 907 909 910 911 912 913 914 915 916 917 918 919 929 930 931 932 933 934 935 947 948 949 950 951 952 953 954 969 973 
845 904 905 906 909 918 919 920 921 930 931 932 933 934 935 936 937 938 939 953 954 955 956 957 958 959 960 961 962 
904 905 906 909 910 911 912 913 914 915 916 922 923 924 925 926 927 928 941 943 944 945 946 973 
904 905 906 907 908 916 917 918 929 930 931 932 951 952 909 953 
904 905 906 908 911 912 913 914 915 916 924 926 927 928 945 946 947 
904 905 906 908 910 912 913 914 915 916 926 927 928 946 947 
904 905 906 908 909 910 911 915 916 917 929 948 949 
905 906 908 910 911 914 922 923 924 925 926 941 942 943 944 
904 905 906 908 910 911 913 915 924 926 927 928 945 946 
904 905 906 908 910 911 912 914 916 928 947 948 
904 905 906 908 909 910 911 912 917 929 948 949 950 
904 905 906 909 912 916 929 949 950 
906 907 909 932 933 934 935 936 937 954 955 956 
906 907 920 938 961 962 963 
907 919 921 940 964 965 966 
869 907 920 940 966 
904 905 913 941 942 943 944 
904 905 908 913 922 924 925 944 
904 905 908 913 914 923 925 
904 905 908 913 914 923 924 
904 905 908 910 911 913 914 927 928 946 
904 905 908 910 911 914 928 945 
904 905 908 910 911 914 926 927 945 946 
904 905 909 916 917 950 
906 907 909 930 951 
906 909 
907 918 933 934 935 954 955 
906 907 918 932 934 935 954 955 
906 907 918 932 933 935 936 954 955 
906 907 918 932 933 934 936 954 955 
907 918 934 935 937 956 957 958 
918 956 959 
907 961 962 
920 921 940 964 965 966 
921 939 966 
904 905 908 922 942 943 944 
904 913 941 943 
904 905 908 913 922 923 941 942 944 
904 905 908 913 923 941 943 
904 905 910 911 914 926 927 928 946 
904 905 908 910 911 914 927 928 945 
904 905 906 910 911 
904 905 906 912 915 916 949 
904 912 916 948 
906 912 916 917 929 
906 909 930 
906 909 951 
906 909 931 
906 907 918 932 933 934 935 955 
907 918 932 933 934 935 954 
907 937 957 958 
936 937 956 958 
907 936 937 957 
907 937 960 
907 959 
907 938 962 
907 919 961 963 
919 938 961 
920 965 
920 964 
920 940 
779 842 904 905 906 907 908 968 969 970 971 972 973 974 975 976 977 978 979 984 985 986 987 988 967 989 990 991 992 993 994 995 996 1004 1005 1006 1007 1008 1009 1010 1011 1012 
967 970 971 974 975 976 982 983 984 1001 1002 1003 
967 973 978 979 980 994 995 996 997 998 999 1013 
967 968 971 982 983 
967 970 974 975 976 982 984 1001 1002 1003 
967 977 987 988 1007 
913 922 905 967 969 980 981 1000 1014 1015 1016 1017 1018 
967 968 970 971 975 976 982 983 1001 1002 1003 
967 968 971 974 976 984 1003 
967 968 971 974 975 984 976 
967 972 989 990 991 992 1008 1009 1010 
967 969 979 993 1012 
967 969 978 994 
981 1000 1014 
973 980 1000 1014 1015 1016 1017 
968 971 974 983 1001 
968 970 974 982 1001 
967 968 971 975 976 985 1004 1005 1006 
967 984 1004 1005 1006 
967 972 987 986 
967 988 1007 
967 972 987 
967 972 990 1008 
967 977 991 992 1010 
967 977 990 992 1009 1010 
967 977 990 991 1009 1010 992 
967 978 1011 
978 979 1012 
967 969 996 1013 
967 969 995 997 998 1013 
969 996 998 1013 
969 996 997 1013 999 
969 998 999 
973 980 981 1016 1018 
968 971 974 982 1002 
971 974 1001 
968 974 975 
967 984 985 1005 1006 
967 984 985 1004 
967 985 1005 
967 972 988 
977 989 
967 991 992 
967 977 990 991 992 1009 
967 993 
967 994 
969 996 997 998 
973 980 981 
973 980 981 1016 1017 
973 981 1000 1015 
981 1000 1015 1016 1018 
973 1000 
1021 1027 1026 1034 1035 1041 
1022 1028 1029 1030 1052 1053 1067 1068 1086 1087 
1019 1023 1024 1025 
1028 1030 1031 1032 1033 
1019 1021 1026 1027 1034 1035 1036 1037 
1019 1021 1025 
1019 1021 1023 1024 
1019 1023 1034 1035 
1023 1027 1026 1036 1037 
1022 1029 
1020 1028 
1020 1022 1029 1031 1032 
1022 1033 
1022 1030 1031 1033 
1022 1031 1032 
1023 1035 
1019 1023 1026 1034 
1023 1026 1037 
1023 1027 1036 
1039 1040 1042 1043 1045 1046 1048 1049 1054 1055 1056 1057 1058 1059 1070 1071 1072 1073 1074 1075 1076 1077 1078 1079 1089 1090 1098 
1038 1040 1041 1043 1044 1045 1046 1049 1056 1057 1058 1059 1060 1061 1062 1077 1079 1080 1081 1082 1089 1090 
1038 1039 1042 1043 1044 1048 1054 1055 1056 1057 1070 1071 1072 1073 1074 1075 1076 
1019 1020 1022 1039 1047 1050 1051 1052 1053 1063 1064 1065 1066 1067 1068 1083 1084 1085 1086 
1038 1040 1048 1069 1098 1126 1166 
1038 1040 1044 1056 1058 1059 1071 1072 1073 1074 1075 1076 
1038 1039 1040 1043 1045 1046 1049 1060 1061 1080 1081 1082 
1038 1039 1044 1046 1049 1061 1082 
1038 1039 1044 1045 1049 1060 1061 1062 1082 
1020 1041 1050 1051 1053 1063 1065 1066 1067 1084 1085 
1038 1040 1042 1054 1055 1070 
1039 1044 1045 1046 1060 1061 1062 1080 1081 1082 
1047 1051 1063 1083 1050 
1041 1047 1063 1083 
1041 1047 1053 1064 1066 1067 1084 1085 
1041 1047 1052 1065 1066 1067 1086 1087 
1038 1040 1048 1055 1070 
1038 1040 1048 1070 
1038 1040 1058 1076 1077 
1038 1040 1043 1056 1077 
1038 1039 1043 1056 1059 
1038 1039 1043 1078 1079 
1039 1044 1045 1046 1061 1080 1081 1082 
1039 1044 1045 1046 1082 
1046 1049 
1041 1050 
1041 1047 1052 1053 1065 1066 1084 1085 
1047 1052 1053 1064 1066 
1041 1047 1052 1064 1065 1067 1085 
1047 1052 1066 1086 1087 
1053 1087 
1042 1166 
1040 1048 1055 
1038 1040 1043 1072 
1040 1043 1071 
1040 1043 
1038 1040 1043 1073 1075 
1038 1040 1043 1074 1076 
1040 1043 
1038 1039 1056 1057 1058 
1038 1039 1058 1079 
1038 1039 1059 1078 
1039 1044 1045 1049 1060 1081 
1039 1044 1045 1049 1060 1080 
1044 1045 1046 1060 
1041 1050 1051 1063 
1041 1047 1052 1064 1065 1085 
1041 1047 1064 1065 1066 1084 
1041 1053 1067 1068 
1053 1067 1068 
1089 1090 1091 1092 1093 1094 1095 1096 1099 1100 1111 1112 1113 1114 1115 1116 1127 1128 1129 1130 1131 1132 1133 1134 1135 1136 1137 1138 1139 1140 1141 1175 1199 
1038 1039 1040 1088 1090 1091 1092 1093 1094 1095 1097 1098 1100 1101 1102 1104 1105 1106 1107 1108 1109 1110 1119 1120 1121 1122 1123 1124 1125 1089 1152 1153 1154 1155 1156 1157 1158 1159 1160 
1038 1039 1040 1043 1048 1054 1069 1088 1089 1092 1093 1094 1095 1097 1098 1103 1105 1106 1107 1108 1109 1110 1125 1126 1160 1161 1162 1163 1164 1165 1166 
1088 1089 1092 1093 1094 1096 1099 1100 1111 1112 1113 1114 1115 1127 1128 1129 1130 1131 1132 1133 1134 1135 1136 1137 1138 1139 1140 1182 
1088 1089 1090 1091 1093 1094 1095 1096 1100 1101 1102 1115 1116 1117 1118 1141 1142 1143 1144 1145 1146 1147 1148 1149 
1088 1089 1090 1091 1092 1094 1095 1100 1102 1115 1116 1117 1118 1146 1147 1148 1149 1150 
1088 1089 1090 1091 1092 1093 1095 1100 1101 1102 1116 1117 1147 1148 1149 1150 
1088 1089 1090 1092 1093 1094 1097 1101 1102 1103 1104 1119 1120 1121 1122 1151 1152 1154 1155 1156 
1088 1091 1092 1099 1111 1112 1114 1128 1130 1131 1132 1133 1134 1135 1136 1137 
1089 1095 1098 1102 1103 1104 1105 1106 1107 1119 1121 1122 1123 1124 1154 1155 1156 1157 1158 1159 1160 
1042 1089 1090 1097 1105 1106 1107 1108 1109 1110 1098 1162 1163 1164 1165 
1088 1091 1111 1112 1113 1129 1130 1131 1132 1134 
1088 1089 1091 1093 1094 1101 1115 1116 1117 1118 1146 1147 
1089 1092 1093 1094 1095 1100 1117 1118 1147 1148 1149 1150 
1089 1092 1094 1103 1119 1120 1151 1152 
1089 1090 1095 1097 1102 1104 1119 1120 1121 1122 1123 1153 1154 1155 1156 1157 
1089 1095 1097 1103 1121 1122 1154 1155 1156 
1089 1090 1097 1098 1106 1107 1108 1109 1110 1125 1160 1161 1162 
1089 1097 1098 1105 1107 1108 1109 1125 1160 1161 1162 
1089 1090 1097 1098 1106 1108 1109 1110 1125 1161 
1090 1098 1105 1106 1107 1109 1110 1162 1163 
1089 1090 1098 1105 1107 1108 1110 1163 1164 
1089 1090 1098 1105 1107 1108 1109 1163 1164 1165 
1088 1091 1112 1127 
1091 1096 1111 1113 1127 1128 
1088 1091 1096 1099 1112 1128 1129 
1088 1091 1096 1136 1137 1138 1139 
1088 1091 1092 1093 1100 1116 1141 1142 1143 1145 
1088 1093 1100 1115 1117 1143 1144 1145 
1092 1093 1094 1100 1101 1116 
1092 1094 1100 1101 1117 1147 
1089 1095 1097 1102 1103 1120 1151 1152 1153 
1089 1095 1102 1103 1119 1151 1153 
1089 1095 1104 1122 1123 1155 1157 1158 
1089 1095 1097 1104 1121 1123 1124 1157 1158 1159 
1089 1097 1103 1121 1122 1124 1157 1158 1159 
1089 1097 1158 1159 
1089 1090 1097 1106 1107 1160 
1069 1098 1166 
1088 1091 1112 
1088 1091 1096 1112 1113 1129 1130 1131 
1088 1091 1096 1099 1113 1128 1130 
1088 1091 1096 1099 1128 1129 1131 1132 1133 
1088 1091 1096 1099 1128 1130 1133 
1096 1130 1131 1134 
1088 1091 1096 1099 1130 1132 1134 
1088 1091 1096 1099 1131 1132 1133 1135 
1088 1096 1134 
1088 1091 1096 1137 1138 
1088 1091 1096 1114 
1088 1091 1114 1137 
1088 1091 1114 
1088 1091 1139 
1092 1142 
1115 1143 1144 
1092 1115 1116 1142 
1092 1116 1143 1145 
1092 1100 1116 1144 1146 
1092 1100 1116 1145 
1092 1094 1101 1118 
1092 1093 1094 1101 1149 1150 
1092 1093 1094 1101 1148 1150 
1093 1101 1149 
1089 1095 1120 1152 
1095 1102 1119 1120 
1089 1095 1103 1154 
1089 1095 1097 1103 1104 1153 1155 
1089 1095 1097 1103 1104 1121 
1089 1095 1097 1103 1121 
1089 1097 1103 1104 1121 1122 1123 1158 
1089 1097 1121 1122 1123 1157 1159 
1089 1097 1122 1123 1158 
1089 1090 1097 1106 1125 1161 
1090 1105 1106 1107 1125 1161 
1105 1106 1107 1108 
1090 1098 1109 
1090 1098 1109 1110 1165 
1098 1110 
1069 1090 1126 
1038 1088 1089 1090 1091 1092 1093 1094 1095 1096 1099 1168 1169 1170 1171 1172 1173 1174 1175 1176 1177 1178 1179 1180 1181 1182 1187 1188 1189 1190 1191 1192 1193 1194 1195 1196 1198 1203 1204 1205 1206 1207 1208 1209 1210 1211 1212 1213 1214 1215 1224 1225 1226 1227 1235 1236 1286 1319 1167 
1038 1039 1088 1089 1090 1091 1092 1093 1094 1095 1096 1097 1099 1100 1101 1102 1111 1112 1113 1114 1115 1116 1127 1128 1129 1130 1131 1132 1133 1134 1135 1136 1137 1138 1139 1167 1169 1170 1171 1172 1173 1174 1175 1176 1179 1180 1181 1182 1189 1190 1191 1192 1193 1194 1195 1196 1197 1198 1199 1208 1210 1212 1213 1214 1215 1216 1217 1218 1219 1220 1221 1222 1223 1224 1225 1286 1319 
1167 1168 1170 1171 1172 1176 1177 1187 1188 1202 1203 1204 1205 1236 
1167 1168 1169 1171 1184 1185 1186 1187 1200 1201 1236 
1167 1168 1169 1170 1176 1187 1201 1202 
1167 1168 1169 1176 1177 1188 1203 1205 1206 1207 
1167 1168 1174 1175 1178 1179 1180 1181 1190 1191 1192 1193 1194 1195 1212 1213 1214 
1167 1168 1173 1175 1179 1180 1181 1193 1194 1195 1212 1213 1214 
1167 1168 1173 1181 1195 1196 1215 1216 1217 1218 1219 1220 
1168 1169 1171 1172 1177 1188 1203 1204 
1167 1169 1172 1176 1188 1203 
1167 1168 1173 1179 1190 1191 1209 1210 1211 
1168 1173 1174 1178 1180 1190 1192 1193 1211 
1167 1168 1175 1179 1181 1192 1193 1212 1213 1214 
1167 1168 1173 1174 1175 1180 1195 1216 1217 
1167 1168 1175 1196 1197 1198 1199 1221 1222 
1170 1184 1183 1253 
1185 1186 1183 1200 
1186 1200 
1170 1184 1185 1200 
1167 1169 1170 1171 1201 
1167 1169 1172 1176 1177 1203 
1167 1168 
1168 1173 1178 1179 1191 1192 1210 1211 
1167 1168 1173 1179 1190 1193 
1167 1168 1173 1174 1179 1180 1190 1191 1193 1194 1212 
1167 1168 1173 1174 1179 1180 1191 1192 1194 1212 
1167 1168 1173 1174 1180 1192 1193 1212 1213 1214 
1167 1168 1173 1174 1175 1181 1216 1217 1218 1219 
1167 1168 1175 1182 1197 1198 1220 1221 1222 
1168 1182 1196 1198 1221 1222 1223 
1167 1168 1182 1196 1197 1199 1221 1222 1223 
1168 1182 1196 1198 1223 
1170 1184 1185 1186 
1170 1171 1201 
1169 1171 
1172 1176 1204 
1167 1169 1176 1203 
1167 1172 1206 1207 
1167 1172 1205 1207 
1167 1172 1205 1206 
1167 1168 1178 1209 
1167 1178 
1167 1168 1179 1190 1211 
1167 1178 1179 1190 1210 
1168 1174 1180 1192 1193 1213 1214 
1167 1168 1173 1174 1180 1194 1212 1214 
1167 1168 1173 1180 1194 1212 1213 
1167 1175 1181 1195 1216 1217 
1168 1175 1181 1195 1215 1218 1219 
1168 1175 1195 1216 1218 1219 
1168 1175 1195 1216 1217 1219 
1175 1195 1217 1218 
1168 1175 
1182 1196 1197 1198 
1168 1196 1197 1221 
1168 1182 1196 1197 1198 1199 
1225 1226 1227 1228 1229 1230 1231 1232 1233 1237 1238 1239 1241 1242 1243 1244 1245 1246 1255 1257 1258 1259 1260 1261 1262 1263 1264 1265 1266 1267 1268 1286 1291 1292 
1224 1226 1227 1230 1231 1232 1233 1240 1241 1242 1243 1244 1245 1246 1257 1262 1263 1264 1265 1266 1267 1268 1269 1270 1271 1272 1286 
1224 1225 1227 1230 1232 1233 1234 1243 1244 1245 1246 1247 1265 1267 1268 1269 1270 1271 1272 1273 1274 
1224 1225 1226 1234 1235 1248 1249 1250 1251 1275 1276 1277 1278 1279 1281 1282 
1224 1237 1238 
1224 1238 1239 1255 1256 
1224 1225 1231 1232 1240 1241 1257 1258 1259 1260 1261 1262 
1224 1225 1230 1240 1241 1257 1259 1260 1262 
1224 1225 1226 1230 1240 1241 1243 1263 1264 1265 1266 
1224 1226 1246 1272 1273 1274 
1226 1227 1248 1249 1250 1251 1275 1276 1277 1278 
1227 1236 1252 1253 1282 1283 1284 1285 
1183 1184 1235 1252 1253 1284 1285 
1224 1228 1254 
1224 1228 1239 1255 1256 
1229 1238 1255 1256 
1224 1230 1231 1242 1263 
1225 1230 1231 1232 1240 1242 1243 1263 1264 
1224 1225 1232 1240 1241 1243 1263 1264 
1224 1225 1232 1241 1242 1264 1265 
1224 1225 1268 1269 
1224 1225 1226 1244 1268 1269 1270 1271 1272 
1225 1226 1233 1247 1274 
1233 1274 
1227 1234 1275 1276 
1227 1234 1250 1251 1277 1278 
1234 1249 1251 1278 1279 1280 1281 
1227 1234 1249 1250 1278 1279 1281 
1235 1236 1253 
1183 1235 1252 
1228 1254 
1224 1229 1238 1256 
1229 1238 1239 
1224 1225 1230 1231 1258 1259 1260 1261 
1224 1230 
1230 1231 1257 1258 1260 1261 1262 
1231 1257 1258 1259 1262 
1224 1230 1231 1257 1260 1262 
1224 1225 1230 1231 1259 1260 1261 
1224 1225 1230 1232 1241 1242 1264 
1224 1225 1232 1241 1242 1243 1263 
1224 1225 1243 1266 1267 
1224 1225 1232 1267 
1224 1226 1232 1265 
1225 1226 1244 1245 1269 1271 
1225 1226 1244 1268 1270 
1226 1268 1269 1271 
1225 1226 1269 1270 1272 
1225 1245 1271 1273 
1226 1233 
1226 1233 1246 1247 
1227 1234 1248 1276 
1234 1275 
1227 1234 1249 
1234 1250 
1227 1278 1280 1281 
1227 1250 1281 
1250 1251 1280 
1227 1235 1281 1282 
1235 1236 1252 1284 1285 
1235 1236 1252 1285 
1236 1252 1283 1284 
1225 1228 1237 1291 1292 1297 1298 1299 1303 1305 1306 1307 1313 1314 1315 1316 1317 1318 
1288 1293 1300 1301 1287 1321 1333 1334 1335 1336 1345 1346 1347 1348 1349 1367 
1287 1289 1293 1300 1301 
1287 1288 1290 1293 1294 1295 1296 1308 1309 1310 1311 1312 
1289 1296 1302 
1286 1292 1298 1299 1307 1313 1317 
1286 1291 1299 1318 
1287 1288 1294 1295 1301 
1288 1289 1293 1295 1296 1309 1310 1311 1312 
1288 1289 1293 1294 1296 1309 1310 1311 1312 
1289 1290 1294 1295 1309 1310 1311 1312 
1286 1298 1303 1304 1305 1306 1297 
1286 1291 1297 1307 1313 1314 1315 
1286 1291 1292 1318 
1287 1288 
1287 1308 
1290 1302 
1286 1297 1304 
1303 1305 1306 1297 
1286 1303 1304 1306 
1286 1297 1305 
1286 1291 1298 1314 1315 1316 1317 
1288 1289 1293 1301 
1289 1294 1295 1296 1310 1311 1312 
1289 1294 1295 1296 1309 1312 
1289 1294 1295 1296 1309 1310 1312 
1295 1296 1309 1310 1311 
1286 1291 1298 1314 1315 1316 1317 
1286 1298 1307 1313 1315 1316 1317 
1298 1313 1314 1316 1317 
1286 1291 1307 1313 1314 1315 1317 
1291 1307 1313 1314 1315 1316 
1291 1292 1299 
1167 1168 1224 1286 1287 1288 1289 1320 1321 1322 1323 1324 1325 1326 1327 1328 1329 1330 1331 1332 1333 1334 1335 1336 1337 1338 1339 1340 1341 1342 1343 1345 1353 1354 1355 1356 1357 1358 1359 1360 1361 1362 1363 1380 1417 1319 
1319 1321 1322 1323 1324 1329 1340 1341 1342 1354 1355 1356 1357 1358 
1287 1319 1320 1324 1330 1331 1332 1333 1334 1335 1336 1343 1360 1361 1363 1364 1365 
1319 1320 1323 1329 1339 1341 1342 1354 1355 
1319 1320 1322 1341 1342 1354 1355 
1319 1320 1321 1325 1330 1331 1332 1344 1360 1361 1362 1363 
1319 1321 1330 1331 1343 1344 1360 1361 1362 1363 
1319 1327 
1326 1337 
1319 1327 1337 1338 1350 1351 1352 
1319 1320 1322 1323 1342 1354 1355 1356 
1319 1321 1325 1331 1343 1344 1359 1360 1361 1362 1363 
1319 1324 1325 1330 1332 1333 1344 1364 
1319 1321 1324 1325 1331 1333 1334 1335 1336 1344 1364 1365 1366 
1319 1334 1335 1336 1345 1365 1366 
1319 1321 1332 1333 1345 1346 1366 
1319 1321 1332 1333 1334 1336 1345 1366 
1319 1321 1332 1333 1334 1335 1345 1346 1366 
1319 1327 1328 1350 1351 1352 
1328 1353 
1319 1339 
1319 1320 1322 1323 1339 1341 
1319 1322 1354 
1319 1320 1322 1323 1329 1355 1356 
1324 1325 1330 1360 1361 1362 
1319 1321 1324 1325 1330 1331 1332 1363 
1319 1334 1335 1336 1346 1347 
1345 1347 1346 
1345 1348 1349 1367 
1347 1367 
1287 1347 1367 
1327 1328 1337 1351 1352 
1328 1337 1352 
1327 1328 1337 1350 
1319 1338 
1320 1322 1341 
1320 1323 1329 1342 1356 
1319 1320 1329 1355 
1319 1320 
1319 1358 
1319 1330 
1319 1321 1325 1330 1361 
1319 1321 1324 1330 1343 1360 
1319 1321 1325 1330 1343 
1319 1321 1324 1325 1330 1344 
1321 1331 1332 
1321 1332 1333 1366 
1333 1335 1365 
1347 1348 
1167 1168 1224 1286 1319 1320 1321 1322 1324 1326 1327 1328 1329 1337 1369 1370 1371 1372 1373 1374 1375 1376 1377 1378 1379 1380 1381 1382 1383 1384 1385 1386 1387 1389 1390 1391 1392 1393 1394 1395 1397 1400 1401 1402 1403 1404 1405 1406 1407 1408 1409 1410 1411 1412 1413 1414 1416 1417 1418 1419 1420 1421 1422 1425 1446 1525 
1368 1370 1371 1374 1375 1376 1377 1383 1384 1385 1386 1400 1401 1402 
1368 1369 1372 1374 1375 1383 1396 1370 1397 1398 1399 
1368 1376 1377 1378 1385 1386 1402 1403 
1368 1370 1373 1382 1395 
1368 1372 1382 1395 
1368 1369 1370 1375 1383 1384 1400 
1368 1369 1370 1374 1383 1384 1385 1400 
1368 1369 1374 1375 1384 1385 1400 
1368 1369 1371 1378 1403 
1368 1377 1379 1387 1403 1404 1405 
1368 1378 1387 1388 1404 1405 1406 
1368 1391 1392 1393 1394 1412 1413 1414 1415 1416 
1380 1393 1394 1414 1415 1416 1381 
1368 1372 
1368 1369 1370 1376 1384 1400 
1368 1374 1375 1376 1383 1400 
1368 1369 1371 1375 1376 1401 
1368 1369 1371 1385 1401 1402 
1368 1378 1379 1404 1406 
1368 1379 1389 1407 
1388 1407 
1368 1409 
1368 1380 1392 1393 1412 1413 
1368 1380 1391 1412 1413 
1368 1380 1381 1391 1414 1415 
1368 1381 1416 
1368 1372 1373 1396 
1370 
1368 1398 1399 
1370 1397 1399 
1370 1397 1398 
1369 1374 1383 1384 
1368 1371 1385 1386 
1368 1369 1371 1377 1386 
1368 1371 1377 
1368 1378 1379 1406 
1378 1379 1387 1404 1406 
1368 1378 1387 1404 1405 
1388 1389 
1368 1390 1409 
1368 1390 1408 
1368 1411 
1368 1410 
1368 1380 1391 1392 1413 
1368 1380 1391 1392 1412 
1368 1380 1381 1393 1415 
1368 1380 1381 1393 
1368 1380 1381 1394 
1369 1370 1372 1418 1419 1420 1421 1422 1423 1424 1425 1429 1430 1441 1442 1443 1444 1445 1446 1460 1461 1462 1463 1464 1465 1466 1467 1417 
1417 1419 1420 1422 1423 1424 1426 1427 1428 1429 1430 1435 1436 1437 1438 1439 1440 1441 1449 1450 1451 1452 1453 1454 1455 
1417 1418 1420 1421 1425 1442 1443 1444 1463 1464 1465 1466 
1372 1417 1418 1419 1421 1425 1443 1444 1445 1446 1466 1467 1468 1469 
1417 1419 1420 1425 1443 1444 1445 1446 1466 1467 1468 1469 
1417 1418 1423 1424 1428 1429 1438 1439 1451 1453 
1417 1418 1422 1424 1428 1429 1438 1439 1440 1452 1453 
1417 1418 1422 1423 1429 1430 1439 1440 1441 1453 1454 1455 
1417 1419 1420 1421 1443 1444 1445 1446 1466 1467 1468 1469 
1418 1431 1432 1447 1426 1448 
1418 1422 1428 1433 1435 1436 1437 
1418 1422 1423 1427 1435 1436 1438 1449 1450 1451 
1418 1423 1424 1439 1440 1453 1454 
1417 1424 1441 1456 1457 1458 1459 
1426 1447 
1426 1433 1447 1448 1432 
1426 1427 1432 1434 
1433 1435 
1418 1427 1428 1434 1436 1449 
1418 1427 1428 1435 1449 
1422 1427 1428 1436 1449 1451 
1428 1451 
1418 1422 1424 1429 1440 1452 
1418 1422 1423 1424 1439 
1418 1424 1456 1457 1458 1459 
1419 1460 1461 1462 
1417 1419 1420 1421 1425 1466 
1417 1420 1425 1445 1467 1468 
1417 1420 1421 1425 1444 1467 1468 1469 
1417 1421 1425 
1426 1431 1432 
1426 1432 
1418 1427 1428 1435 1436 1437 
1418 1436 1449 
1418 1422 1428 1437 1438 
1418 1422 1423 1438 
1422 1424 1429 
1418 1424 1429 
1418 1424 1454 
1441 1455 1457 1458 
1430 1458 
1430 1441 1456 1457 1459 
1430 1441 1457 1458 
1417 1461 1462 
1417 1460 
1417 1460 1461 1462 
1419 1464 1465 
1463 1464 1465 
1419 1463 1464 
1417 1419 1421 1425 1443 
1417 1420 1421 1425 1444 1445 1468 
1421 1425 1444 1467 
1420 1421 1425 1445 
1471 1472 1473 1474 1476 1477 1478 1479 1482 1483 1484 1485 1486 1487 1496 1497 1498 1499 1500 1501 1502 1503 1504 1505 1506 1526 1527 1528 1529 1530 1531 1534 1535 1570 1572 1573 1576 1470 
1470 1473 1474 1475 1480 1488 1489 1490 1491 1492 1511 1512 1513 1515 1516 1517 
1470 1476 1477 1478 1479 1485 1500 1501 1502 1504 1505 1535 
1470 1471 1474 1486 1487 1488 1489 1507 1508 1509 1510 1511 
1470 1471 1475 1480 1490 1491 1492 1512 1513 1514 1515 1516 1517 1518 
1471 1474 1480 1481 1491 1492 1493 1494 1519 1520 1521 1522 1523 1524 1475 1495 
1472 1482 1498 1499 1500 
1470 1472 1478 1479 1484 1485 1503 1504 
1470 1472 1477 1479 1484 1485 1503 1504 1505 
1470 1472 1477 1478 1485 1505 1506 
1471 1474 1475 1490 1491 1492 1513 1514 1515 1516 1517 
1493 1494 1495 1519 1521 1522 1523 1524 
1470 1476 1483 1496 1497 1498 
1470 1476 1482 1497 1499 
1470 1472 1477 1478 1502 1503 1504 
1470 1472 1477 1478 1479 1506 
1470 1473 1487 1507 
1470 1473 1486 
1471 1473 1508 1509 1510 
1471 1473 1511 
1471 1474 1480 1491 1513 1514 1515 1516 1517 
1471 1474 1475 1480 1490 1492 1517 
1471 1474 1475 1480 1491 1517 1518 
1481 1519 1520 1521 1522 
1475 1481 1495 1522 1523 1524 
1481 1494 1495 
1470 1476 1482 
1470 1476 1482 1483 1498 1499 
1470 1482 1483 1497 1499 
1470 1476 1482 1483 1497 1498 
1470 1476 
1470 1472 1500 
1472 1477 1478 1484 1503 1504 1505 
1470 1472 1477 1478 1484 1502 1504 1505 
1470 1472 1477 1484 1502 1503 1505 
1470 1472 1477 1478 1479 1502 1503 1504 
1470 1479 1485 
1473 1486 1487 
1488 1509 
1473 1488 1508 1510 
1473 1488 1509 
1471 1473 1488 1489 
1471 1474 
1471 1474 1480 1490 1514 1515 
1471 1474 1480 1490 1513 1515 1516 
1471 1480 1490 1513 1514 1516 
1471 1474 1480 1490 1514 1515 
1471 1474 1480 1490 1491 1492 1518 
1474 1480 1492 1517 
1493 1520 1521 
1493 1519 1521 
1475 1493 1519 1520 1522 
1475 1481 1493 1494 1521 1524 
1475 1481 1494 1522 1524 
1475 1481 1522 1523 
1368 1470 1471 1472 1473 1474 1475 1476 1477 1478 1479 1480 1482 1483 1484 1485 1486 1487 1488 1496 1497 1498 1499 1500 1501 1502 1503 1505 1506 1526 1527 1528 1529 1530 1531 1532 1533 1534 1535 1536 1537 1538 1539 1540 1541 1542 1543 1544 1545 1547 1548 1549 1550 1551 1552 1553 1554 1567 1568 1569 1570 1571 1572 1573 1574 1575 1576 1579 1580 1616 1617 
1470 1525 1527 1528 1529 1530 1531 1532 1533 1536 1537 1544 1545 1555 1556 1557 1558 1559 1560 1561 1575 1576 1579 1580 1596 1597 1598 1599 1614 1615 
1470 1525 1526 1528 1529 1530 1531 1532 1533 1534 1536 1537 1538 1539 1544 1545 1546 1547 1548 1549 1558 1559 1560 1561 1562 1563 1564 1565 1527 1566 1575 1576 1579 1580 1599 
1525 1526 1527 1529 1531 1533 1534 1536 1537 1538 1539 1540 1541 1545 1546 1547 1548 1549 1550 1565 1566 1567 1575 1576 1580 
1525 1526 1527 1528 1530 1531 1533 1534 1537 1538 1539 1540 1541 1542 1548 1549 1550 1567 1575 
1525 1526 1527 1528 1529 1531 1534 1538 1539 1540 1541 1542 1549 1550 1551 1567 1568 1575 1576 
1472 1476 1525 1526 1527 1528 1529 1530 1534 1535 1540 1541 1542 1543 1551 1552 1553 1554 1531 1568 1569 1570 1576 
1525 1526 1536 1556 1557 1599 1615 
1525 1526 1527 1528 1530 1531 1534 1538 1540 1548 1549 1550 
1525 1527 1528 1529 1530 1531 1533 1540 1541 1542 1543 1551 1552 1553 1568 
1472 1476 1482 1570 1571 1572 1573 1574 
1525 1526 1528 1559 1561 
1527 1528 1529 1545 1546 1547 1564 
1527 1528 1530 1533 1539 1548 1566 
1525 1528 1529 1530 1533 1548 1549 
1525 1528 1529 1530 1533 1534 1550 1567 
1525 1528 1529 1530 1531 1534 1542 1543 1551 1552 1553 1568 
1525 1529 1530 1531 1534 1541 1543 1551 1552 1553 1554 1569 
1525 1531 1534 1541 1551 1553 1554 1569 
1525 1527 1536 1559 1560 1561 
1525 1527 1528 1537 1546 1563 1564 
1528 1537 1545 1564 
1525 1528 1537 1565 
1525 1527 1528 1529 1533 1538 1539 1566 
1525 1527 1529 1530 1533 
1525 1528 1529 1530 1533 1540 
1525 1530 1531 1534 1541 1542 1543 1552 
1525 1531 1534 1541 1542 1543 1551 1553 
1525 1531 1534 1543 1551 1552 
1525 1531 1542 1543 1569 
1526 1532 
1526 1557 
1526 1532 1556 
1526 1527 1532 
1526 1527 1536 
1526 1527 1536 1544 1559 1561 
1526 1527 1536 1544 1560 
1527 1563 
1527 1545 1562 1564 
1527 1545 1546 1563 
1528 1547 
1527 1528 1538 
1525 1528 1529 1530 1540 
1525 1530 1534 1541 
1525 1542 1543 1554 1569 
1525 1531 1535 1571 1573 1574 
1525 1535 1570 1572 1574 
1525 1535 1570 1571 1573 
1525 1535 1570 1572 1574 
1525 1535 1570 1571 1572 
1528 1529 1530 1532 1536 1576 1579 1580 1587 1594 1595 1596 1597 1598 1613 1575 1614 1615 
1528 1529 1530 1531 1532 1536 1537 1544 1545 1555 1556 1557 1558 1559 1579 1580 1587 1596 1597 1598 1599 1614 1615 
1578 1581 1582 1600 1602 1603 1604 1629 
1577 1582 1583 1584 1585 1588 1605 
1575 1576 1587 1595 1596 1597 1613 
1532 1555 1575 1576 1579 1596 1598 1599 1615 
1577 1582 1600 1601 1602 
1577 1578 1601 1603 1604 
1578 1584 1585 1586 1588 1589 1590 1606 1608 
1578 1583 1585 1586 1588 1589 1590 1605 1606 1607 1608 
1578 1583 1584 1586 1589 1590 1605 1606 1607 1608 1609 
1583 1584 1585 1588 1589 1590 1591 1606 1607 1609 1610 
1576 1579 1592 1594 1613 
1578 1583 1584 1585 1586 1589 1590 1605 1606 1607 1608 
1583 1584 1585 1586 1588 1590 1607 1608 
1583 1584 1585 1586 1588 1589 1606 1607 1608 1609 
1586 1610 
1611 1612 
1587 1592 
1575 1579 1587 1595 1613 
1579 1587 1594 
1575 1576 1579 1580 1598 1614 
1575 1598 
1575 1576 1596 1614 
1555 1575 1576 1615 
1577 1581 1600 
1577 1581 1582 1602 
1581 1582 1601 
1577 1601 1602 1604 
1582 1603 
1578 1583 1584 1585 1588 
1584 1585 1586 1588 1589 1590 1607 
1583 1584 1585 1586 1588 1589 1590 1606 1608 1609 
1583 1584 1585 1586 1588 1589 1590 1606 1607 1609 
1585 1586 1607 
1586 1591 
1592 1593 1612 1611 
1587 1593 1611 
1575 1579 
1575 1596 1597 1598 
1575 1599 
1526 1575 1576 1617 1618 1619 1620 1621 1622 1623 1624 1625 1626 1627 1630 1631 1632 1633 1634 1635 1636 1637 1644 1645 1646 1647 1648 1649 1650 1651 1652 1653 1654 1656 1671 1673 1683 
1616 1618 1619 1620 1621 1622 1623 1624 1625 1626 1628 1634 1635 1636 1637 1638 1639 1650 1651 1652 1653 1654 1655 1656 1657 1658 1659 1660 1674 
1616 1617 1619 1621 1630 1631 1632 1633 1643 1644 1645 1646 1674 1670 
1616 1617 1618 1621 1622 1625 1626 1634 1635 1636 1648 1649 1650 1651 1652 1653 1674 
1577 1616 1617 1622 1623 1624 1629 1639 1640 1641 1642 1661 1662 1663 1664 1665 1666 1667 1668 
1616 1617 1618 1619 1625 1634 1646 1647 1648 1649 
1616 1617 1619 1620 1623 1627 1628 1637 1638 1654 1656 1657 1658 1659 1660 
1616 1617 1620 1622 1624 1640 1661 1663 1664 1665 1666 
1577 1581 1600 1616 1617 1620 1629 1641 1668 1669 
1616 1619 1634 1635 1650 1651 
1616 1617 1619 1625 1635 1650 1651 
1616 1617 1622 1628 1637 1654 1656 1657 
1616 1617 1622 1627 1637 1638 1657 1659 1660 
1600 1620 1624 1669 
1616 1618 1630 1643 
1616 1618 1632 1633 
1616 1618 1631 1633 1644 
1616 1618 1631 1632 1644 
1616 1617 1619 1621 1625 1648 
1616 1617 1619 1625 1626 1636 1651 1652 1653 
1616 1617 1619 
1616 1617 1622 1627 1628 1638 1658 1659 1660 
1617 1622 1628 1637 1657 1660 
1623 1640 
1620 1639 
1624 1642 1641 1668 
1620 1668 
1618 1630 
1618 1632 1633 1645 
1616 1618 1644 
1616 1618 
1616 1621 1646 
1616 1621 1634 1649 
1616 1619 1634 
1616 1617 1619 1625 1626 1651 1652 
1616 1617 1619 1625 1626 1635 1650 1652 1653 
1616 1617 1619 1635 1650 1651 1653 
1616 1635 1651 
1616 1627 1656 
1654 1656 
1616 1617 1654 1655 
1617 1622 1627 1628 1637 1638 1658 1659 
1617 1622 1637 1657 
1617 1622 1628 1637 1638 1657 1660 
1622 1637 1638 1659 
1620 1662 
1623 1661 1664 
1620 1623 1661 1662 1664 1665 
1620 1623 1661 1662 1663 1665 
1623 1662 1663 
1623 1667 
1620 1666 1641 
1620 1624 1641 1642 
1624 1629 
1 434 716 1167 1168 1319 1368 1417 1470 1471 1525 1526 1527 1528 1529 1530 1531 1533 1575 1576 1577 1578 1579 1580 1581 1582 1583 1616 1617 1618 1619 1620 1621 1622 1623 1624 1625 1626 1627 1628 1629 1630 1631 1632 1633 1634 1635 1636 1637 1638 1639 1641 1643 1644 1645 1646 1647 1648 1650 1654 1671 1672 1673 1674 1675 1676 1677 1678 1679 1680 1681 1682 1683 1684 1685 1686 1687 1688 1689 1690 1691 1692 1693 1694 1695 1696 1697 1698 1670 1699 1700 1701 1702 1703 1704 1705 1706 1707 1708 1709 1710 1711 1712 1713 1714 1715 1716 1717 1718 1719 1720 1721 1722 1723 1724 1725 1726 1727 1728 1729 1730 1731 1732 1733 1734 1735 1736 1737 1738 1739 1740 1741 1742 1743 1744 1745 1746 1747 1748 1749 1750 1751 1752 1753 1754 1755 1756 1758 1759 1760 1761 1762 1763 1764 1765 1766 1767 1768 1769 1770 1771 1772 1773 1774 1775 1776 1777 1778 1779 1780 1781 1782 1783 1784 1787 1788 1789 1790 1791 1792 1793 1794 1801 1802 1832 1833 1834 1835 1836 1837 1838 1839 1889 1890 1891 1892 1896 1949 1951 1952 2004 2127 
1670 1672 1673 1675 1677 1678 1684 1685 1701 1702 1734 1736 1737 1738 1744 1745 1753 1754 1775 1777 
1670 1671 1673 1675 1677 1678 1684 1685 1700 1701 1702 1703 1736 1737 1738 1745 1754 1777 
1671 1672 1675 1676 1678 1679 1680 1686 1687 1688 1689 1690 1691 1708 1709 1710 
1619 1621 1630 1631 1643 1670 1682 1683 1694 1695 1696 1697 1698 1728 1730 1731 1732 1733 1674 
1670 1671 1672 1676 1679 1687 1704 1705 1706 1707 
1670 1673 1675 1688 
1670 1671 1672 1678 1685 1702 1703 
1670 1671 1672 1673 1675 1677 1686 1704 1705 1706 
1670 1673 1676 1687 1688 1708 
1670 1673 1692 1713 1715 
1670 1693 1718 1719 1720 1721 1722 1723 
1670 1674 1683 1693 1694 1695 1724 1725 1726 1727 
1670 1674 1682 1695 1698 1728 1730 
1670 1671 1672 1699 1754 1777 
1671 1672 1677 1701 1702 1703 
1670 1673 1675 1678 1704 1705 1706 1707 
1670 1673 1675 1676 1679 1688 
1670 1673 1679 1687 1689 1690 1691 1708 1709 
1670 1673 1688 1691 1708 1709 1710 
1673 1689 1708 1709 1710 
1673 1688 1689 1708 1710 1711 
1680 1681 1716 
1670 1681 1694 1724 1725 1726 
1670 1682 1695 1696 1726 
1670 1674 1682 1694 1696 1726 1727 1728 
1670 1674 1682 1683 1728 1729 
1670 1674 1683 1698 1728 1730 1731 
1670 1674 1731 1732 
1670 1671 1672 1684 1700 
1671 1672 1699 
1670 1671 1672 1677 1685 
1670 1672 1677 1685 1703 
1670 1672 1685 
1670 1675 1686 1705 1706 1707 
1670 1675 1678 1686 1704 1706 1707 
1670 1675 1678 1686 1704 1705 1707 
1670 1675 1678 1686 1704 1705 1706 
1670 1673 1688 1689 1691 1709 
1670 1673 1688 1689 1690 1691 
1670 1673 1689 1691 1711 1712 
1670 1691 1710 1712 
1670 1710 
1670 1714 
1670 1680 
1670 1680 1714 
1670 1717 1718 
1670 1692 1716 1718 1719 
1670 1681 1716 1717 1719 1720 
1681 1717 1718 
1670 1681 1718 1719 
1670 1681 1722 
1721 1723 
1670 1681 1722 
1682 1693 1725 
1670 1682 
1670 1682 1693 1695 1727 
1670 1694 1695 1726 
1670 1674 1683 1696 1697 1729 1730 
1696 1728 
1670 1674 1728 
1670 1674 1697 1698 1732 1733 
1698 1731 
1670 1674 1698 1732 
1671 1672 1735 1736 1737 1738 1740 1741 1742 1743 1744 1748 1749 1762 1734 1763 1764 1765 1766 
1734 1739 1740 1741 1742 1747 1748 1757 1758 1759 1735 1760 1761 
1672 1734 1737 1738 1743 1744 1745 1749 1750 1752 1753 1754 1767 1768 1769 1770 1771 1772 1773 1774 1775 1776 1777 
1672 1734 1736 1738 1744 1745 1751 1752 1753 1754 1772 1773 1774 1775 1776 1777 
1734 1737 1743 1744 1745 1749 1750 1751 1752 1753 1768 1769 1770 1771 1772 1773 
1735 1746 1755 
1741 1742 1756 1757 1758 
1734 1735 1740 1758 1759 
1734 1735 1740 1741 1748 1759 
1734 1738 1749 1763 1765 1766 
1734 1737 1738 1749 1750 1751 1752 1768 1769 1770 1771 1772 
1684 1700 1736 1737 1738 1777 
1739 1755 
1735 1740 1756 1757 
1735 1759 1760 1761 1762 1748 
1734 1736 1738 1743 1744 1750 1766 1767 1768 
1736 1738 1744 1749 1767 1768 
1736 1737 1738 1744 1752 1769 
1736 1744 1751 1769 1770 1771 
1736 1737 1738 1773 1774 
1684 1737 1745 
1739 1746 
1740 1747 1757 
1735 1740 1747 
1740 1741 
1735 1742 1760 
1735 1748 1759 1761 
1735 1748 1760 1762 
1748 1761 
1734 1743 1764 
1743 1763 
1734 1743 1764 
1734 1749 1767 
1738 1750 1768 
1736 1744 1749 1750 1767 
1736 1738 1744 1751 1752 1770 1771 
1736 1738 1744 1751 1752 1769 1771 
1736 1738 1744 1751 1752 1769 1770 
1736 1737 1751 
1736 1737 1738 1753 1774 
1736 1753 1773 
1736 1753 1776 
1736 1737 1775 
1737 1745 
1779 1780 1785 1786 1795 1804 1805 1806 1807 1808 1809 1810 1837 1838 1839 1849 1850 1851 1867 1869 1888 
1778 1781 1782 1783 1784 1787 1790 1791 1792 1793 1794 1798 1799 1800 1801 1802 1820 1821 1822 1823 1824 1825 1826 1827 1828 1829 
1778 1781 1785 1786 1795 1804 1805 1806 1807 1839 1851 1869 
1778 1779 1780 1786 1787 1788 1789 1796 1797 1811 1812 1813 1814 1815 1781 
1779 1783 1784 1791 1792 1793 1794 1800 1801 1823 1824 1825 1826 1827 1828 
1779 1782 1784 1793 1800 1801 1824 1825 1826 1827 1828 
1782 1783 1793 1794 1801 1826 1827 1828 
1778 1780 1786 1795 1805 1807 1808 1809 1810 
1778 1780 1781 1785 1808 1809 1810 1786 
1779 1781 1788 1789 1790 1796 1797 1813 1814 1815 1816 1817 1787 
1781 1787 1789 1790 1797 1816 1817 1818 
1781 1788 1790 1816 1787 1818 1789 
1779 1787 1788 1789 1798 1790 1819 
1779 1782 1792 1799 1820 1821 1822 
1779 1782 1791 1799 1800 1821 1822 
1779 1782 1783 1784 1794 1801 1826 1827 1828 1829 
1779 1782 1784 1793 1803 1829 
1778 1780 1785 1805 1806 1807 1808 1809 
1781 1787 1811 1812 1813 1814 
1781 1787 1788 1814 1815 
1779 1790 1819 1798 
1791 1792 1820 1821 
1779 1783 1791 1822 1823 
1779 1782 1783 1784 1793 1829 
1779 1794 1803 1831 
1794 1802 1831 
1780 1804 
1778 1780 1785 1795 1807 1808 1809 
1778 1780 1785 1795 1805 1807 1808 
1778 1780 1785 1795 1805 1806 1808 1809 1810 
1778 1780 1785 1786 1795 1805 1806 1807 1809 1810 
1778 1785 1786 1795 1805 1806 1807 1810 
1778 1786 1807 1809 
1796 1812 
1781 1796 1811 1813 
1781 1787 1796 1812 1814 1815 
1781 1787 1796 1797 1813 1815 
1781 1787 1797 1813 1814 
1787 1788 1789 1797 1817 
1787 1789 1816 
1788 1789 1790 1787 
1790 1798 
1779 1791 1799 
1779 1791 1799 1820 
1779 1782 1791 1792 1800 1823 
1779 1782 1822 
1782 1783 1823 1825 
1782 1783 
1779 1782 1783 1784 1793 
1779 1782 1783 1784 1793 1826 1828 
1779 1782 1783 1784 1793 1827 
1793 1794 1801 1830 
1794 1829 1830 
1802 1803 1831 
1778 1779 1780 1781 1785 1786 1787 1795 1804 1805 1806 1807 1808 1809 1834 1835 1836 1837 1838 1839 1844 1845 1846 1847 1848 1849 1850 1851 1861 1862 1863 1864 1865 1866 1867 1868 1869 1883 1884 1885 1886 1887 1888 1889 1891 
1834 1840 1841 1870 1833 1891 1892 1896 1921 
1832 1833 1842 1843 1844 1852 1853 1854 1855 1856 1858 1859 1871 1872 1873 1891 
1834 1836 1844 1845 1846 1847 1856 1858 1859 1860 1874 1875 1876 
1832 1835 1837 1845 1846 1847 1848 1861 1862 1878 1879 1880 1881 1882 1836 
1836 1838 1849 1850 1862 1866 1883 1884 1885 
1832 1836 1837 1849 1862 1863 1864 1865 1866 1885 
1832 1837 1849 1850 1851 1867 1868 1869 1888 
1833 1841 
1833 1834 1840 1842 1871 
1841 1843 1853 1871 1872 
1834 1842 1852 1853 1854 1855 1856 1872 
1832 1834 1835 1846 1859 1860 1874 1875 1876 
1832 1835 1836 1846 1860 1874 1875 1877 
1832 1835 1836 1844 1845 1847 1878 1879 1880 
1832 1835 1836 1846 1848 1861 1878 1881 1882 
1832 1836 1847 1861 1881 1882 
1832 1838 1839 1850 1864 1865 1866 1867 1885 1887 
1832 1837 1839 1849 1851 1864 1867 1868 1886 1887 
1832 1839 1850 1867 1868 1869 1888 
1834 1841 1843 1853 1871 1872 
1842 1843 1871 
1834 1843 1856 1857 1873 
1834 1843 1854 1856 1858 1873 
1834 1835 1854 1855 1857 1858 1873 
1834 1854 1855 1856 1858 1873 
1835 1854 1855 1856 1857 
1834 1835 1844 1860 1874 
1835 1844 1845 1859 1874 1875 
1832 1836 1837 1847 1848 1881 1882 
1832 1836 1883 1884 
1832 1837 1838 1862 1883 1884 
1832 1837 1838 1849 1850 1866 1885 1886 
1832 1837 1838 1864 1866 1885 
1832 1838 1849 1864 1865 1886 
1832 1849 1850 1887 
1832 1839 1850 1851 1867 
1832 1839 1851 1888 
1833 
1841 1842 1852 1853 
1842 1843 1852 1853 
1834 1843 1854 1855 1856 1857 
1835 1844 1845 1859 1874 1860 
1835 1844 1845 1860 1876 
1835 1845 1877 
1835 1876 
1836 1846 1879 1880 
1836 1846 1878 1880 
1836 1846 1878 1879 
1847 1861 
1836 1847 1848 1861 1881 
1832 1837 1838 1862 1863 
1832 1837 1838 1863 
1832 1838 1864 1865 
1849 1850 1864 1866 
1832 1850 
1832 1839 1851 1869 
1832 1833 1834 1835 1840 1841 1890 1891 1892 1895 1896 1904 1905 1906 1912 1914 1915 1916 1917 1918 1919 1920 1921 1936 1937 1938 1939 1940 1941 1942 1943 1944 1945 1946 1947 1948 1952 
1889 1891 1895 1903 1904 1905 1912 1913 1914 1932 1933 1935 1936 
1833 1834 1840 1870 1889 1890 1892 1896 1916 1917 1918 1919 1947 1948 
1833 1840 1889 1891 1896 1918 1919 1921 
1894 1897 1922 
1893 1897 1898 1899 1900 1902 1907 1924 1925 1926 1927 
1889 1890 1903 1904 1912 1913 1932 1933 1934 1935 
1840 1870 1889 1891 1892 1920 1921 1833 
1893 1894 1898 1907 1922 1897 
1893 1894 1897 1899 1900 1923 1924 1925 
1894 1900 1924 1926 
1898 1899 1907 1924 1925 1926 
1894 1902 1908 1909 1910 1927 1928 1929 
1901 1908 1909 1910 1930 
1890 1895 1911 1932 
1889 1895 1912 1913 1934 1935 
1889 1914 1936 1937 1938 1939 
1914 1945 
1894 1897 1898 1899 1900 1923 1924 1925 
1901 1902 1910 1911 1929 1931 
1901 1902 1908 1910 1929 1930 1931 
1901 1902 1908 1909 1911 1929 1930 1931 
1903 1908 1910 1931 
1889 1890 1895 1904 1913 1934 1935 
1890 1904 1912 1934 1935 
1889 1890 1905 1906 1937 1938 1939 1940 1941 1942 1943 
1889 1906 1944 1945 
1889 1891 1917 1946 
1889 1891 1946 
1889 1891 1892 1919 1947 1948 
1889 1891 1892 1918 1947 1948 
1889 1891 1892 1896 1918 1919 
1892 1896 
1897 
1894 1924 
1894 1898 1899 1900 1907 1923 
1894 1898 1899 1900 1907 
1894 1899 1900 1927 
1894 1901 1926 1928 
1901 1927 
1901 1902 1908 1909 1910 1930 
1902 1908 1909 1910 1929 1931 
1908 1909 1910 1911 1930 
1895 1933 
1890 1895 1932 
1890 1895 1904 1912 1913 
1890 1895 1904 1912 1913 1934 
1890 1905 1937 
1889 1905 1936 1938 1939 
1889 1905 1914 1937 1939 
1889 1905 1914 1937 1938 
1889 1914 1941 
1889 1914 1940 1942 
1889 1914 1940 1943 
1889 1914 
1906 1915 
1889 1906 1915 1944 
1889 1916 1946 
1889 1918 1919 1948 
1889 1891 1918 1919 1947 
1950 1958 1967 1968 1969 1982 1983 1984 2001 2003 
1949 1950 
1952 1953 1954 1955 1960 1961 1970 1971 1972 1973 1974 1985 1986 1987 2004 2005 2009 2011 2015 2016 1951 
1889 1949 1950 1951 1953 1954 1955 1957 1958 1959 1962 1963 1964 1965 1966 1967 1968 1969 1976 1977 1978 1979 1980 1981 1982 1983 1984 1996 1997 1998 1999 2000 2001 2002 2003 2004 2005 
1951 1952 1954 1961 1970 1972 1973 1974 1975 1987 1988 1989 1990 1992 1953 
1951 1952 1953 1955 1956 1975 1954 1994 
1951 1954 1956 1957 1962 1963 1976 1995 
1952 1954 1955 1957 1962 1963 1976 1995 
1952 1955 1956 1958 1959 1962 1964 1965 1966 1977 1978 1979 1981 1997 1998 
1952 1957 1959 1964 1965 1966 1967 1968 1969 1978 1979 1980 1981 1982 1983 2001 2002 2003 
1952 1957 1958 1966 1967 1968 1969 1982 1983 1984 2001 2002 2003 
1951 1953 1961 1970 1971 1985 
1951 1953 1960 1970 1971 1972 1973 1985 1986 1987 1988 1990 
1952 1955 1956 1963 1976 1995 1996 
1952 1955 1956 1962 1976 1995 
1952 1977 1978 
1952 1957 1958 1964 1977 1978 1979 1980 1981 1997 1998 
1952 1957 1958 1959 1967 1968 1980 1981 1982 1983 1999 2000 2001 2002 
1952 1958 1959 1966 1969 1982 1984 2001 2002 2003 
1952 1958 1959 1966 1969 1983 1984 2003 
1952 1958 1959 1968 1984 
1953 1960 1971 1985 
1951 1960 1961 1970 1985 
1951 1953 1973 1986 1987 
1951 1953 1961 1972 1974 1987 1988 1989 1991 1992 1993 
1951 1953 1991 1992 1993 
1953 1954 1994 
1952 1955 1956 1962 1963 1995 1996 
1952 1957 1964 1965 1978 
1952 1957 1958 1964 1965 1980 1997 1998 
1952 1957 1958 1964 1965 1978 1980 1981 1997 1998 
1952 1957 1965 1966 1978 1979 1981 1998 
1952 1957 1958 1965 1966 1978 1979 1980 1982 1999 
1952 1958 1959 1966 1967 1999 2000 
1952 1958 1959 1966 1967 1968 1969 2001 2002 2003 
1952 1959 1968 1969 
1951 1960 1961 1970 1972 1986 
1951 1961 1985 
1951 1972 1973 1988 1989 1990 
1953 1961 1973 1989 1990 
1953 1987 
1953 1961 1973 1987 1988 1989 1991 
1953 1973 1974 1990 1992 1993 
1973 1974 1991 1993 
1973 1974 1992 
1954 1975 
1955 1962 1963 1976 
1952 1962 1976 
1952 1957 1964 1978 1979 1980 1998 
1952 1957 1965 1978 1979 1980 
1952 1958 1966 1981 1982 
1952 1958 1981 1999 
1952 1958 1959 1966 1968 1983 2002 2003 
1952 1959 1966 1967 1983 2001 2003 
1958 1959 1967 1968 1983 2002 
1952 2005 2006 2007 2008 2009 2010 2011 2012 2014 2015 2017 2018 2019 2020 2032 2033 2034 2035 2036 2037 2038 2039 2040 2041 2042 2043 2044 2045 2046 2047 2054 2055 
2004 2006 2008 2009 2010 2011 2015 2016 2018 2019 2020 2021 2022 2023 2024 2047 2048 2049 2050 2051 2052 2053 2055 
2004 2005 2007 2008 2012 2013 2014 2017 2025 2026 2027 2028 2029 2030 2031 2032 
2004 2006 2008 2012 2013 2014 2017 2025 2026 2027 2028 2029 2030 2031 2032 
2004 2005 2007 2009 2010 2014 2018 2019 2037 2038 2039 2040 2041 2042 2043 2044 2045 2046 2047 
2004 2008 2010 2015 2018 2019 2020 2046 2047 2048 2049 2050 2051 
2005 2008 2009 2015 2018 2019 2020 2047 2048 2049 2050 2051 
2004 2005 2015 2016 2021 2022 2023 2011 2053 2024 
2004 2006 2007 2013 2026 2027 2030 
2004 2006 2007 2012 2017 2031 
2006 2008 2032 2014 2033 2034 2035 
2004 2005 2009 2010 2011 2021 2015 
2005 2011 2023 2024 
2004 2007 2013 2032 
2004 2005 2008 2009 2019 
2005 2008 2009 2010 2018 2020 2047 2048 2049 
2004 2005 2009 2010 2019 2049 2050 
2005 2011 2015 2022 2052 
2005 2011 2021 2052 
2005 2011 2016 2024 2053 
2011 2016 2023 2024 
2006 2012 
2006 2007 2025 2027 2028 2029 
2006 2007 2012 2026 2028 
2006 2007 2012 2026 2027 2029 
2007 2012 2027 2028 
2007 2012 2031 
2013 2030 
2006 2014 2017 
2004 2014 2034 
2004 2014 2033 2035 
2004 2034 2036 
2035 2037 
2004 2008 2036 2038 
2004 2008 2037 2039 2040 
2004 2038 2040 
2004 2008 2038 2039 2041 
2004 2008 
2004 2041 
2004 2008 2042 2044 
2004 2008 2043 2045 
2004 2008 2044 
2004 2008 
2004 2005 2008 2009 2010 2018 2019 
2009 2010 2019 2020 2047 2050 
2005 2010 2019 2020 2048 
2005 2009 2010 2020 2048 2049 
2005 2010 
2021 2022 
2005 2022 2023 
2004 2056 2057 2059 2060 2061 2054 2065 2066 2067 2068 2069 2082 2083 2097 2107 2108 
2006 2007 2054 2057 2058 2062 2063 2064 2074 2075 2076 2078 2079 2080 2081 2093 2094 2055 
2054 2059 2065 2066 2067 2082 2083 2084 
2054 2055 2062 2073 2074 2090 2091 2092 
2063 2075 2076 2077 2078 2093 2094 
2054 2056 2060 2061 2067 2068 2069 2070 2084 2085 
2054 2059 2061 2068 
2054 2059 2060 2068 2070 2071 2085 
2057 2072 2073 2087 2088 2089 
2055 2058 2064 2075 2076 2077 2078 2093 
2055 2058 2079 
2054 2056 
2054 2056 2083 
2054 2056 2059 2083 
2054 2059 2060 2061 2069 2070 
2054 2059 2060 2061 2068 2070 2085 
2059 2060 2061 2068 2069 2085 
2061 2086 
2062 2073 2087 
2057 2062 2087 2088 
2055 2092 
2055 2058 2063 2076 2077 
2055 2075 2077 2078 
2058 2063 2075 2076 2093 
2055 2058 2063 2076 2077 2093 
2055 2064 2079 2080 
2055 2079 
2055 2081 
2066 2083 
2054 2056 2066 2082 
2054 2056 2059 
2059 2060 2068 2069 2070 
2071 2086 
2062 2072 2073 2088 2089 
2062 2073 2087 2089 
2062 2088 
2057 2091 
2057 2074 2090 
2057 2074 
2055 2078 
2058 2063 
2096 2098 2102 2103 2110 2115 2116 2117 2118 2119 2132 
2098 2101 2102 2103 2110 2111 2119 
2099 2100 2105 2114 2124 2125 2097 
2095 2096 2099 2101 2102 2103 2110 2111 
2096 2097 2098 2100 2104 2111 2112 2113 2120 
2097 2099 2104 2105 2106 2112 2113 2114 2120 2121 2122 2123 
2095 2096 2098 2102 2103 2110 2115 2116 2117 
2095 2096 2098 2101 2110 2117 2118 2119 
2096 2098 2101 2102 2118 
2097 2100 2105 2106 2112 2113 2114 2120 2121 
2097 2100 2104 2106 2114 2121 2122 2124 
2097 2100 2104 2105 2114 2122 2123 2124 
2097 2108 2126 
2126 2108 
2109 2156 2158 2185 
2096 2098 2101 2102 2103 2116 2117 2118 
2096 2098 2111 
2099 2100 2104 2112 
2099 2104 2120 2121 
2097 2100 2104 2105 2106 2124 
2095 2101 
2095 2101 2110 2117 
2095 2101 2102 2110 2116 2118 
2095 2103 2117 
2095 2096 2102 
2099 2100 
2100 2104 2105 2113 2122 
2100 2104 2105 2106 2121 2123 
2100 2105 2106 
2097 2105 2106 2114 
2097 2125 
2107 2108 
1 716 1525 1832 1889 1951 1952 2004 2005 2006 2007 2008 2054 2055 2056 2057 2058 2059 2095 2096 2097 2098 2099 2100 2101 2102 2103 2104 2105 2106 2107 2108 2109 2110 2111 2112 2113 2114 2115 2116 2117 2118 2119 2120 2128 2129 2130 2131 2132 2133 2134 2135 2136 2137 2138 2139 2140 2141 2142 2143 2144 2145 2146 2147 2148 2149 2150 2151 2152 2153 2154 2155 2156 2157 2158 2159 2160 2161 2162 2163 2164 2165 2166 2127 2167 2168 2169 2170 2171 2172 2173 2174 2175 2176 2177 2178 2179 2180 2181 2182 2183 2184 2185 2187 2188 2189 2190 2191 2192 2193 2194 2195 2196 2197 2198 2202 2205 2207 2208 2209 2210 2211 2212 2213 2214 2233 2235 2236 2237 2238 2239 2240 
2127 2129 2130 2133 2134 2135 2136 2137 2142 2143 2144 2145 2146 2147 2148 2159 2160 2161 2162 2187 2194 2211 2212 2213 2214 2236 
2127 2128 2135 2136 2137 2148 2149 2162 2163 2164 2165 2166 
2127 2128 2131 2138 2139 2140 2152 2168 2169 2170 2171 
2127 2132 2140 2141 2152 2153 2154 2173 2174 2175 2176 2177 2178 2179 2180 2181 2182 
2109 2127 2131 2141 2154 2155 2156 2157 2158 2182 2183 2184 2185 
2128 2134 2142 2143 2144 2159 
2127 2133 2145 2146 2147 2159 
2127 2128 2129 2136 2137 2148 2163 2164 2165 2166 
2128 2135 2137 2148 2149 2163 2164 2165 2166 
2127 2129 2136 2148 2149 
2130 2140 2168 2169 2170 2171 
2130 2138 2140 2152 2172 
2130 2139 2153 2172 2173 
2127 2131 2132 2154 2181 2182 
2127 2128 2133 2144 
2127 2128 2133 2142 2144 
2127 2133 2143 
2127 2128 2146 2147 2160 
2127 2128 2134 2145 2160 
2127 2128 2134 2145 2146 2160 
2127 2128 2129 2135 2136 2137 
2127 2129 2136 2137 2148 2150 
2127 2137 2149 2151 
2127 2150 
2127 2130 2131 2139 2140 2153 2173 
2127 2131 2140 2152 2173 2174 
2127 2131 2132 2141 2155 2182 2183 
2127 2132 2154 2183 
2109 2127 2132 2155 2157 2158 2183 2184 2185 
2127 2132 2158 2185 
2109 2127 2132 2156 2185 
2127 2128 2133 2134 
2134 2146 2147 
2127 2128 2129 
2128 2129 
2129 2135 2136 2164 2165 
2127 2129 2135 2136 2163 2165 
2127 2129 2135 2136 2163 2164 
2127 2129 2135 2165 
2127 
2127 2130 2138 2169 2170 2171 
2127 2138 2170 2171 
2138 2168 2171 
2127 2138 2168 
2127 2139 2140 2152 2153 
2131 2140 2152 2153 2174 
2131 2153 2173 
2127 2176 2177 
2127 2175 2178 2179 
2127 2176 2178 2179 
2127 2131 2176 2177 2179 
2127 2131 2175 2176 2180 
2127 2131 2179 2181 
2141 2180 
2131 2132 2141 
2127 2155 2184 
2155 2183 
2132 2156 2157 2158 
1 190 433 434 716 779 842 967 1167 1168 1319 1368 1417 1470 1525 1526 1527 1528 1575 1576 1616 1617 1670 1734 1778 1779 1832 1889 1890 1891 1892 1949 1951 1952 1953 1954 1955 1956 1957 1958 1959 1962 2004 2005 2006 2007 2008 2009 2010 2011 2012 2013 2014 2015 2016 2054 2055 2056 2057 2058 2059 2060 2061 2062 2063 2064 2065 2066 2067 2068 2069 2070 2071 2086 2072 2073 2074 2075 2079 2081 2095 2096 2097 2098 2099 2100 2101 2102 2103 2104 2105 2106 2107 2108 2109 2110 2111 2112 2113 2114 2115 2116 2117 2118 2119 2120 2121 2122 2123 2125 2126 2127 2128 2129 2130 2131 2132 2133 2134 2135 2136 2137 2138 2139 2140 2141 2142 2143 2144 2145 2146 2147 2148 2149 2150 2151 2152 2153 2154 2155 2156 2157 2158 2159 2160 2161 2162 2163 2164 2165 2166 2167 2168 2169 2170 2171 2172 2173 2174 2175 2176 2177 2178 2179 2180 2181 2182 2183 2184 2185 2187 2188 2189 2190 2191 2192 2193 2194 2195 2196 2197 2198 2199 2200 2201 2186 2202 2203 2204 2205 2206 2207 2208 2209 2210 2211 2212 2213 2214 2215 2216 2217 2218 2219 2220 2221 2222 2223 2224 2225 2226 2227 2228 2229 2230 2231 2232 2233 2234 2235 2236 2237 2238 2239 2240 2241 2242 2243 2244 2245 2246 2247 2248 2249 2250 2251 2252 2253 2254 2255 2256 2257 2258 2259 2260 2261 2262 2263 
2186 2189 2190 2192 2193 2194 2196 2197 2198 2207 2208 2209 2210 2211 2231 2232 2187 2233 2234 2235 2239 
2191 2195 2215 2239 
2186 2187 2190 2192 2193 2196 2201 2202 2203 2204 2205 2221 2222 2223 2224 2225 2226 2227 2228 
2186 2187 2189 2192 2193 2203 2204 2205 2206 2225 2226 2227 2190 2229 
2186 2215 
2186 2187 2189 2190 2193 2202 2203 2205 2222 2223 2224 
2186 2187 2189 2190 2192 2196 2205 2206 2207 2229 2230 
2133 2142 2143 2144 2187 2211 2212 2213 2214 2236 2237 2238 
2186 2188 2199 2200 2216 2217 2218 2220 
2186 2187 2189 2190 2193 2197 2207 2208 2231 2232 
2187 2196 2198 2207 2208 2231 2232 
2186 2187 2197 2208 2209 
2186 2195 2216 2217 2218 2219 2220 
2195 2199 2218 2219 2220 
2186 2189 
2186 2189 2190 2192 2204 2221 2222 2223 
2186 2189 2190 2202 2204 2222 2223 
2186 2189 2203 2221 2222 2223 
2186 2189 2190 2192 2193 2206 2226 2227 2228 
2186 2190 2193 2205 2227 2228 
2186 2193 2197 2208 2231 2232 
2186 2187 2197 2198 2207 2209 
2186 2198 2208 
2233 2187 
2186 2212 2236 
2186 2194 2213 2214 2236 2237 
2186 2194 2211 2212 2236 2237 2238 
2186 2194 2211 2212 2213 2237 2238 
2186 2188 
2186 2195 2199 2217 
2216 2218 
2186 2195 2199 2200 2217 2219 2220 
2186 2199 2200 2218 
2186 2195 2199 2218 2219 
2186 2192 2203 2222 2223 
2186 2192 2202 2204 2221 2223 
2189 2192 2204 2221 
2186 2190 2192 2205 2225 2226 
2186 2190 2205 2224 2226 2227 2228 
2186 2189 2205 2224 2225 2228 
2186 2189 2190 2205 2206 2225 2226 2228 
2190 2205 2225 2226 2227 
2186 2190 
2186 2190 2193 
2186 2187 2196 2197 2207 2232 
2186 2187 2196 2207 2231 
2186 2187 2210 
2186 2210 2233 
2211 2235 
2186 2194 2211 2212 2213 2237 2238 
2186 2194 2213 2214 2236 
2194 2213 2214 2236 2237 
2187 2188 2189 2191 2240 2245 2253 2254 2255 2239 2263 
2239 2241 2242 2243 2244 2249 2250 2251 2252 2253 2258 2259 2260 2261 
2240 2242 2243 2244 2247 2248 2256 2257 
2241 2243 2244 2246 2247 2248 2257 
2240 2241 2242 2247 2248 2257 2258 2259 2260 
2240 2241 2242 2243 2247 2248 2249 2258 2259 2260 
2239 2254 
2241 2248 2256 
2242 2243 2244 2246 2248 2256 2257 
2240 2241 2243 2244 2246 2256 2257 
2240 2243 2244 2250 2251 2252 2260 
2240 2249 2251 2252 
2249 2250 
2240 2249 2251 
2239 2240 2261 2262 
2239 2245 
2239 2254 2263 
2241 2242 2243 2246 2248 2257 
2241 2242 2243 2244 2247 2248 2256 
2240 2244 2248 
2240 2243 2244 
2240 2244 2249 
2240 2253 
2253 2261 
2239 2255 

