871 5068
2 4 5 
1 4 5 
6 14 21 26 
1 2 5 
2 4 6 
3 4 5 14 15 21 25 
8 9 10 12 13 33 34 
7 33 35 
7 10 
7 9 
12 39 40 46 47 
7 11 13 33 37 39 40 
11 12 33 37 39 40 
3 6 21 25 
6 15 
18 22 24 25 26 28 30 15 16 
17 19 
16 19 20 27 28 30 31 67 
17 18 20 29 31 67 75 19 
17 18 19 29 30 31 75 
3 14 22 24 26 
16 24 25 26 27 28 
32 48 49 51 53 
16 21 22 25 26 27 
3 6 14 16 21 22 24 26 
3 21 22 24 25 
16 18 22 24 28 29 30 31 32 
16 18 22 29 30 31 32 
18 19 20 27 30 31 67 75 
16 18 20 27 28 29 31 67 75 
18 19 20 27 28 29 30 67 74 75 
23 28 50 53 
7 8 12 13 34 35 37 39 
8 33 35 
8 33 34 35 
37 38 39 40 46 47 56 60 
11 12 13 33 36 38 39 40 
36 37 39 40 
11 12 13 33 36 37 38 40 
11 13 36 37 38 39 
42 43 123 
41 43 119 42 
41 42 
45 54 56 57 58 59 60 
44 54 56 57 59 121 122 132 
11 36 47 48 
11 36 46 48 
46 47 49 51 53 
23 48 51 53 
32 52 92 
23 48 49 64 
50 63 90 92 95 97 
23 32 48 49 
44 45 55 56 57 58 59 60 
57 58 59 61 62 64 66 128 130 131 
36 44 45 54 57 58 59 60 
44 45 54 55 56 58 59 60 121 122 128 130 132 133 
54 55 56 57 59 60 64 
44 45 55 56 57 58 122 128 131 132 133 
36 44 54 56 57 58 
55 62 63 64 65 66 128 131 
55 63 66 128 131 
52 61 62 64 65 66 95 97 
51 55 58 61 63 65 66 
52 61 63 64 66 95 96 97 
55 58 62 65 131 
18 19 20 29 30 31 68 74 75 
67 69 70 71 72 74 
68 70 71 72 
68 69 71 72 
68 69 70 72 
68 71 
77 79 83 85 
31 67 68 75 76 91 
19 20 29 30 31 74 
74 91 76 
73 79 
79 80 81 83 84 
73 77 78 79 
78 81 82 84 88 89 
78 80 82 83 84 89 
80 81 89 245 248 
73 78 81 84 85 
78 81 85 88 
73 83 84 
87 88 
82 86 88 245 254 
80 81 84 86 87 89 
81 82 86 87 88 
50 52 91 92 
76 90 92 
32 90 91 
76 99 104 
93 100 102 104 105 
52 63 65 96 97 
65 97 
52 63 65 95 96 
110 190 191 
93 102 110 99 111 
94 102 103 104 105 
100 102 103 104 105 107 108 
94 99 100 101 103 104 105 109 
100 101 102 104 105 107 108 
93 94 100 101 102 103 
94 100 101 102 103 104 107 108 
107 108 109 114 
103 106 108 
101 103 105 106 107 109 
102 106 108 114 115 
98 111 112 
112 202 
98 110 111 
115 202 
106 109 113 115 
109 113 114 
117 119 120 125 
116 118 120 124 125 
116 117 119 120 123 125 
41 42 116 118 
116 117 118 124 125 
45 57 122 132 
45 59 121 123 132 
41 118 121 122 
117 126 
116 120 
124 126 127 135 144 150 154 
126 140 150 153 154 170 171 
55 57 59 61 62 130 131 132 133 
130 133 134 136 137 138 139 142 144 148 
55 57 59 128 129 131 132 133 
55 59 61 62 66 128 130 133 
45 57 121 122 128 130 133 
57 59 128 129 130 131 132 
129 136 142 145 147 
126 127 137 140 143 144 150 153 154 170 171 174 
134 137 138 139 140 142 144 
129 136 138 139 140 143 144 
136 137 139 140 141 142 143 144 145 
129 136 137 138 140 141 143 144 145 148 173 176 
127 135 136 137 138 139 142 143 144 
138 139 143 145 173 176 178 180 
129 134 136 137 138 140 144 145 148 
135 137 138 139 140 141 144 170 171 173 176 178 180 
126 129 135 136 137 138 139 140 142 143 
134 138 139 141 142 146 147 148 179 
145 147 148 179 193 
134 145 146 148 193 
129 134 142 145 146 147 
151 152 153 164 165 167 
126 151 153 
150 152 153 154 160 
149 160 165 
127 135 149 150 151 154 164 169 170 171 174 
126 135 150 151 153 
156 157 158 159 160 162 163 473 
155 157 158 159 160 161 162 163 473 
155 156 158 159 161 163 473 
155 156 157 160 161 163 473 479 
155 156 157 163 473 
151 152 155 156 158 162 163 
156 157 158 166 473 475 476 479 
155 156 160 163 
155 156 157 158 159 160 161 162 473 
149 153 165 166 167 183 184 
149 152 164 166 167 
161 164 165 167 183 474 479 
149 164 165 166 183 
169 170 171 172 174 175 176 184 187 
153 168 170 171 172 174 175 176 187 
127 135 143 153 168 169 171 172 173 174 176 
127 135 143 153 168 170 172 173 174 176 
168 169 170 171 173 174 175 176 178 184 187 
139 141 143 170 172 176 177 178 180 
135 149 164 168 169 170 171 172 184 
168 169 172 173 176 177 178 180 184 188 189 
139 141 143 168 169 170 171 173 175 178 
173 175 178 179 180 
141 172 173 175 176 177 179 180 
145 146 177 178 180 
141 143 173 175 177 178 179 
182 183 184 185 186 187 494 495 
181 185 186 187 188 495 
164 166 167 181 184 185 186 187 494 
164 168 169 172 174 175 181 183 186 187 
181 182 183 186 187 494 495 
181 182 183 184 185 187 494 495 
172 181 182 183 184 185 186 
175 182 189 188 
175 177 188 
98 191 
98 190 
193 195 198 199 200 201 217 
146 192 194 195 217 
193 195 201 190 
192 193 194 198 199 200 201 
197 198 200 206 
196 206 218 
192 196 199 200 217 
192 195 217 
192 195 196 197 198 201 
192 194 195 198 200 
111 113 202 
204 206 207 208 209 210 233 
203 205 206 207 208 209 210 231 233 238 
203 204 206 207 209 210 233 238 
196 197 203 204 205 208 209 210 218 231 233 
203 204 205 208 209 210 212 
203 204 205 206 207 209 210 212 
203 204 205 206 207 208 210 212 238 
203 204 205 206 207 208 209 231 233 
214 215 236 237 
209 213 214 
211 212 214 357 
211 212 213 357 
211 237 238 
217 220 222 223 
192 193 198 199 217 
196 197 206 219 229 230 231 232 233 
227 229 230 232 
217 216 221 222 223 225 
220 222 225 226 228 539 540 
216 220 221 223 225 226 228 539 
188 216 220 222 
219 225 227 228 240 
221 222 224 226 227 228 539 
221 222 224 225 227 228 545 
219 225 226 228 240 
221 222 225 226 227 545 
218 219 230 231 232 
218 219 229 231 232 233 234 240 
204 206 210 218 229 230 232 233 234 
229 230 231 233 234 
203 204 205 206 210 229 230 231 232 234 238 
229 230 231 232 233 239 234 
236 239 243 244 378 379 380 
235 237 238 239 378 379 
211 215 236 238 378 
204 205 209 215 233 236 237 239 
234 235 236 238 
224 227 230 234 
545 547 
243 244 556 557 558 560 562 
235 242 244 386 387 558 711 
242 243 378 379 380 386 387 
82 87 246 247 248 254 
245 247 248 249 254 255 
245 246 248 249 253 254 255 257 
82 245 247 249 254 248 
245 246 247 248 253 254 
251 252 
250 253 257 260 262 
250 251 253 260 
249 250 251 252 257 
87 245 246 247 248 249 255 
246 247 249 254 257 
257 266 270 
247 251 253 255 256 262 
261 262 264 266 268 272 279 
258 264 266 269 272 279 
251 252 261 
258 260 264 
251 257 258 260 266 272 
264 299 301 
259 261 263 265 268 279 302 
263 264 299 301 302 
256 258 259 262 267 268 269 270 271 272 279 
256 266 270 271 281 282 267 
259 264 266 269 275 278 279 
256 259 266 268 270 271 272 275 279 281 282 
256 266 267 269 271 272 282 
266 267 269 270 273 275 278 281 282 
258 259 262 266 268 269 270 279 
271 274 275 276 278 281 282 
273 275 276 277 278 281 308 309 311 
268 269 271 273 274 276 279 281 282 
273 274 275 277 279 308 309 311 
274 276 278 299 308 309 311 
268 271 274 275 276 277 279 
258 266 268 269 272 275 276 278 
290 291 354 356 
267 269 271 273 274 275 278 282 284 
267 269 270 271 273 275 281 284 
284 286 287 288 289 
281 282 283 286 287 289 
293 341 
283 284 285 287 295 
283 284 294 295 
283 289 
283 284 288 290 291 
288 289 292 356 365 366 367 
280 289 290 292 356 365 366 
290 291 294 295 296 365 368 
285 295 330 340 341 
287 292 293 295 296 340 
286 287 292 293 294 296 340 
294 295 364 365 368 
298 300 301 304 
299 300 301 302 304 
265 277 298 301 302 309 
297 298 301 303 304 306 
263 265 297 298 299 300 302 
263 264 265 298 299 301 
300 305 306 316 
297 298 300 303 306 
303 314 316 324 
297 303 304 
308 310 311 317 318 319 329 332 
274 276 277 307 309 310 311 
274 276 277 299 308 310 311 
307 308 309 311 312 318 319 
274 276 277 307 308 309 310 
310 314 316 
314 315 317 318 319 320 324 326 327 333 
305 312 313 316 317 319 
313 317 318 319 320 324 326 327 
303 305 312 314 317 319 320 
307 312 313 314 315 318 319 320 332 
307 310 313 315 317 319 320 329 332 335 
307 310 312 313 314 315 316 317 318 320 332 
312 313 315 316 317 318 319 
323 328 
321 323 324 325 328 
321 322 
305 313 315 322 325 
322 324 326 327 328 
313 315 325 327 345 347 348 
313 315 324 326 347 
321 322 325 
307 318 330 332 341 
285 329 339 340 341 
332 333 334 335 342 344 345 347 348 
317 318 329 331 333 334 335 
313 331 332 334 335 342 344 345 347 348 
331 332 333 335 342 344 345 347 348 
331 332 333 334 342 344 345 348 
337 338 339 340 341 408 410 411 
336 338 339 409 410 
336 337 339 408 409 410 411 
330 336 337 338 341 
293 294 295 330 
285 329 330 339 340 
331 333 334 335 343 344 
342 344 
331 333 334 335 342 343 345 347 348 349 
331 333 334 335 344 346 347 
345 347 348 349 
327 331 333 345 346 348 
326 331 333 334 335 344 345 346 347 
343 344 346 
352 353 
352 353 357 
350 357 
350 351 352 354 357 358 361 362 
280 353 355 356 361 
354 356 361 365 366 367 369 373 
280 290 291 354 355 366 367 
213 214 351 352 353 358 362 
353 357 361 363 
360 361 362 363 369 371 383 384 385 
359 371 382 383 384 385 391 394 
353 354 355 358 359 362 
353 357 358 359 361 
358 359 361 362 
296 365 366 367 368 364 
290 291 292 296 364 366 367 368 
290 291 356 364 365 367 373 
354 355 356 364 365 369 
292 296 364 365 
355 359 367 371 373 
371 372 374 391 392 393 397 399 
359 360 369 370 372 374 385 394 
370 371 374 392 393 397 399 400 
355 366 367 369 371 364 
370 372 392 393 394 
376 398 400 447 
375 377 368 376 
375 376 407 
235 236 244 379 380 388 
235 236 244 378 380 388 
235 244 378 379 388 
382 383 384 
360 381 383 384 385 
359 360 381 383 382 384 385 
359 381 382 383 385 391 394 
359 360 371 382 383 384 391 394 
243 244 387 388 389 711 713 
243 244 386 389 711 713 
378 379 380 386 387 390 
386 387 711 713 
388 390 
360 370 371 374 384 385 394 
370 372 374 393 395 396 397 399 400 402 
370 372 374 392 395 397 399 402 405 
371 374 384 385 391 
392 393 399 402 403 405 406 
392 393 395 403 405 
372 392 393 398 400 402 
375 397 400 401 402 445 447 
370 372 392 395 396 397 400 405 406 
370 372 375 397 398 399 401 402 447 
398 400 402 445 447 
393 395 397 398 399 400 401 406 
395 396 
727 730 
393 395 399 403 406 
399 402 405 445 406 
377 408 409 410 411 414 
336 338 407 410 411 
336 337 338 407 408 410 411 412 
337 338 407 408 409 411 
336 338 407 
412 413 417 
412 425 
407 419 421 
416 417 418 419 420 422 423 438 439 448 449 450 
415 417 418 420 422 437 438 439 449 450 
412 415 416 419 420 422 425 438 439 
416 419 420 422 423 438 439 448 449 450 451 
414 415 416 418 420 422 438 
415 416 417 418 419 421 422 423 439 449 450 414 420 
414 420 
416 417 418 419 420 423 425 438 439 449 450 
415 416 418 420 422 438 439 448 449 450 
429 430 434 435 436 
412 413 417 422 437 438 
427 428 429 430 431 434 
426 428 429 430 432 433 434 
426 427 429 430 431 432 433 434 
424 426 427 428 430 432 433 434 435 
424 426 427 428 429 431 432 433 434 435 
426 428 429 430 432 434 
426 427 428 429 430 431 433 434 
424 427 428 429 430 432 434 
424 426 427 428 429 430 431 432 433 435 
424 429 430 434 436 443 
424 435 437 438 439 440 443 
416 425 436 438 439 440 
415 416 417 418 419 420 422 423 425 436 439 449 450 
415 416 417 418 420 422 423 436 437 438 449 450 
436 437 443 444 458 459 
443 444 
431 441 443 444 
435 436 440 441 442 444 
440 441 442 443 458 459 
398 401 406 
448 451 
375 398 400 401 
415 418 423 446 449 450 451 
415 416 418 420 423 438 439 448 450 
415 416 418 420 422 423 438 439 448 449 
418 446 
453 456 776 777 778 779 
456 776 777 778 779 
456 781 783 784 
454 456 457 461 462 463 
452 453 454 455 777 781 783 
455 461 462 463 464 
440 444 459 460 
440 444 458 460 467 
458 459 465 468 470 
455 462 463 
455 457 461 463 464 467 
455 457 461 462 464 469 798 
457 461 462 463 466 467 469 470 
460 470 
464 467 468 469 470 805 
459 462 464 466 468 469 470 
460 465 466 469 470 
463 464 466 467 468 470 
460 464 466 467 468 469 
472 474 475 476 477 479 483 487 491 
471 473 475 476 477 483 487 
155 156 157 158 159 161 163 472 475 476 479 
166 471 476 477 478 487 490 
161 471 472 473 474 476 477 483 487 
161 471 472 473 474 475 477 479 483 487 
471 472 474 475 479 483 487 488 490 491 
474 487 490 493 494 496 501 
158 161 166 471 473 474 475 476 477 
481 482 483 484 485 
480 482 483 484 488 
480 481 
471 475 476 477 480 481 485 487 488 490 491 
481 482 485 486 492 513 
480 481 482 483 484 486 488 489 490 491 492 
485 488 489 490 491 513 
471 474 475 476 477 478 483 485 488 491 501 
477 481 483 484 485 486 487 489 490 491 492 
485 486 488 491 492 511 513 
474 477 478 483 485 486 487 488 491 501 
471 477 483 485 486 487 488 489 490 492 
484 485 486 488 489 491 511 513 
478 494 496 501 
181 183 185 186 478 493 495 496 
181 182 185 493 494 496 
478 493 494 
498 499 538 
497 499 
497 498 507 508 549 
502 503 504 505 
490 500 
500 503 504 505 506 507 508 
500 502 504 505 
500 502 503 505 506 507 508 
489 500 502 503 504 511 525 
502 504 507 508 
499 502 504 506 508 
499 502 504 
510 516 517 518 523 
510 509 517 
489 492 505 513 514 
521 524 525 528 535 
484 486 489 492 511 514 
511 512 513 521 522 525 528 
516 517 518 520 
517 518 519 520 523 
509 510 515 516 518 523 
509 515 516 517 519 523 602 
518 523 597 602 
515 516 599 
512 522 524 528 535 
512 514 521 524 534 535 
509 516 517 518 519 602 
512 521 522 534 535 
505 512 514 526 527 528 
525 527 528 529 531 
525 526 528 529 531 537 
514 521 525 526 527 
527 531 537 
531 532 530 571 
526 527 529 530 532 
530 531 571 
534 535 614 
522 524 533 535 614 616 
512 521 522 524 534 
578 580 619 662 
527 529 533 
497 539 540 541 542 
222 538 540 542 
221 538 539 546 
538 542 550 
538 539 540 541 546 549 
544 545 546 547 548 550 552 
543 545 546 547 548 552 
226 228 241 543 546 547 554 
539 540 542 543 544 545 550 552 
241 543 544 545 548 554 
543 544 547 552 563 
499 538 541 542 550 
541 543 544 546 550 551 
552 565 572 
544 546 548 550 551 
565 572 574 
547 555 556 557 
554 560 
234 242 554 555 557 560 
242 554 555 556 558 560 561 
242 243 556 557 560 561 562 
560 561 562 568 569 722 
242 555 556 557 558 559 561 562 
557 558 559 560 562 566 569 
242 558 559 560 561 711 
564 566 567 
563 565 566 567 585 
551 553 564 567 572 585 
563 564 567 569 
548 563 564 565 
559 569 590 720 721 722 723 
559 560 566 568 
571 575 
530 532 570 575 
553 565 574 585 
574 575 576 577 579 581 
553 572 573 575 576 577 585 
570 571 573 574 579 
573 574 575 577 579 581 
574 576 
536 580 
573 575 576 580 
536 578 579 581 
573 576 579 580 583 584 
581 583 584 664 666 
581 582 584 664 666 
581 582 583 664 
565 572 574 
589 590 591 742 
585 588 589 590 591 592 
586 587 589 590 591 592 594 
586 587 588 590 591 594 
568 586 587 588 589 591 592 
586 587 589 590 592 
587 588 590 
678 679 680 681 
588 589 
596 747 748 830 
595 680 681 682 830 
519 599 600 602 603 
597 599 600 602 603 604 606 607 
520 597 598 603 604 606 607 
597 598 601 603 604 607 610 611 612 
603 609 612 615 617 623 624 
518 519 523 597 598 
597 598 599 600 601 604 605 606 607 610 612 
598 599 600 603 605 606 607 608 
600 603 604 606 607 608 610 611 
598 599 603 604 605 607 608 
598 599 600 603 606 608 610 
604 605 607 633 
601 610 611 612 613 622 623 624 625 
600 601 603 605 609 611 612 613 
600 605 609 610 612 613 633 
600 601 603 609 610 611 613 623 
609 611 612 622 623 625 
534 616 617 
601 614 616 617 624 
533 534 614 615 617 
601 614 615 616 623 624 
619 620 662 
536 618 
618 621 626 
618 620 626 
609 625 
601 609 612 613 617 622 624 625 
609 613 615 617 623 625 626 
609 613 622 624 
620 621 624 
618 628 660 661 668 669 671 
627 629 668 669 670 671 
646 649 650 669 670 
631 632 633 634 637 639 642 
630 633 634 639 642 
630 631 633 634 637 639 642 
605 608 611 630 631 632 634 
632 633 635 
634 642 644 655 
637 638 639 640 641 
630 632 636 639 640 641 
636 640 643 645 
630 631 632 636 637 640 641 
636 637 639 641 
632 636 637 639 640 
630 643 644 645 
638 644 645 
635 642 643 645 653 
638 644 653 
628 629 648 649 650 669 670 671 
648 649 650 
646 647 650 
629 646 647 648 650 670 
629 646 647 648 649 
652 653 656 
651 653 654 656 658 
644 645 651 652 654 655 
651 656 
644 653 655 
651 652 658 
658 657 
652 656 
660 663 667 
627 659 661 662 663 668 
627 659 660 662 663 668 
536 618 660 661 663 
659 660 662 668 
582 583 665 666 667 
664 667 672 674 676 
582 583 584 664 
659 664 665 668 674 
627 628 659 660 661 663 667 669 671 
627 628 629 646 668 670 671 
629 646 649 671 
627 628 646 668 669 670 
665 673 674 675 676 687 
672 674 676 687 688 694 
667 672 675 676 
673 674 687 694 675 
665 672 673 674 679 
676 678 680 681 685 688 689 
593 677 679 680 681 
593 676 678 680 681 
593 596 677 678 679 681 
593 596 677 678 680 
595 596 683 830 831 
684 830 831 832 
683 831 832 836 
677 686 687 688 689 690 691 
685 687 688 690 691 
672 675 685 686 688 694 
673 677 685 686 687 689 690 691 
685 688 691 693 
686 688 689 691 692 693 
685 686 688 689 690 692 693 706 
690 691 693 704 705 706 836 865 
685 686 689 690 691 692 706 
673 675 
696 697 699 700 
657 700 696 
695 696 698 699 700 
695 697 699 700 
695 697 698 700 
695 696 697 698 699 
702 703 708 709 710 
703 708 709 710 
701 702 707 710 
692 705 706 864 865 
692 704 706 707 865 
691 692 693 704 705 836 865 
703 710 705 707 
699 701 702 709 
701 702 708 
701 702 703 707 
243 386 387 389 562 713 
716 717 719 721 
386 387 389 711 
716 724 725 727 735 
712 716 717 719 724 
712 714 715 719 724 
712 715 719 721 
568 720 721 722 723 
712 716 717 724 
568 718 721 722 723 
568 712 717 718 720 722 723 
559 568 718 720 721 723 
568 718 720 721 722 
714 715 716 719 735 
714 726 727 728 729 731 
725 727 728 729 730 731 732 733 737 738 
404 714 725 726 728 735 
725 727 729 731 735 737 738 
404 725 726 728 730 731 733 
404 725 726 727 729 731 
725 726 728 729 730 732 733 737 
726 733 737 738 740 
726 729 731 732 737 738 
736 758 
714 724 725 728 
734 758 
726 728 731 732 733 738 740 741 
726 728 732 733 737 739 740 741 
760 762 763 765 
732 737 738 741 780 787 788 790 
732 737 738 740 762 787 788 790 791 
586 755 
744 745 751 752 753 754 758 766 769 
743 745 752 753 754 755 
743 744 751 752 753 754 759 766 769 
747 748 749 750 756 831 833 834 
595 746 748 750 755 833 834 
595 746 747 749 750 830 831 833 834 
746 747 748 750 751 755 833 834 
746 747 748 755 833 834 
743 745 749 752 753 754 755 756 766 769 
743 744 745 751 753 754 759 766 769 
743 744 752 754 
743 744 745 751 752 753 755 756 759 766 769 
742 744 745 747 749 750 751 752 753 754 
746 749 754 
759 760 761 766 769 
734 736 743 759 
743 745 752 754 757 758 766 769 
739 757 763 765 
757 760 765 
739 741 763 765 787 791 813 
739 760 761 762 764 765 811 813 
761 763 765 772 773 811 813 819 
739 760 761 762 763 764 813 
743 745 751 752 754 757 759 769 770 
768 770 845 847 848 
770 774 
743 745 751 752 754 757 759 766 770 847 
766 767 768 769 847 
772 773 774 819 850 851 852 853 
764 768 771 773 774 818 819 851 
764 771 772 774 818 819 821 
768 771 772 773 819 851 852 
776 777 778 790 
452 453 777 779 780 
452 453 775 776 778 779 781 
452 453 775 776 777 779 780 
452 453 775 776 777 778 780 
740 775 776 778 779 790 
454 456 777 782 783 784 798 
781 784 792 794 796 799 
454 456 781 798 
454 781 782 792 794 798 
786 789 793 795 812 
785 790 793 
741 762 788 789 790 791 813 
740 741 787 789 790 791 
785 786 787 788 791 811 812 813 
740 741 775 780 786 787 788 
741 762 787 788 789 811 812 813 
782 784 793 794 807 
785 786 794 795 807 814 
782 784 792 793 807 
785 793 807 814 
782 794 797 799 800 801 803 805 
796 799 800 801 803 805 806 
454 463 781 783 784 799 
782 796 797 798 800 803 805 
796 797 799 801 805 806 
797 800 802 803 805 806 
801 804 806 
466 796 797 799 801 805 806 
802 806 
466 796 797 799 800 801 803 806 
797 800 801 802 803 804 805 806 
792 793 794 795 823 826 
823 826 
810 811 812 815 817 818 820 821 
809 811 812 815 817 818 821 
763 764 789 791 809 810 812 813 
785 789 809 810 811 813 815 817 
762 763 764 765 787 789 791 811 812 
785 793 795 815 816 817 
809 810 812 816 817 820 822 
814 815 820 822 816 870 
809 810 812 814 815 820 822 
772 773 809 819 820 821 
764 771 772 773 774 818 821 
809 810 815 816 817 818 821 822 
773 809 810 819 820 
815 816 817 820 
808 824 826 827 828 
808 823 825 826 827 828 829 
824 828 829 825 
807 808 823 824 828 
823 824 825 826 828 
823 824 826 827 
824 829 
595 596 682 683 684 748 831 832 833 
683 684 746 748 832 833 834 
683 684 830 831 
746 747 748 749 750 830 831 834 
746 747 748 749 750 831 833 
843 846 847 848 
692 837 839 
836 838 839 841 844 
837 839 844 862 864 866 867 
836 837 838 841 844 
842 844 840 866 867 
837 842 
840 841 843 
835 842 846 840 
837 838 839 840 841 842 866 
767 846 847 848 852 
835 843 845 848 
767 770 
767 770 835 845 846 847 
845 850 852 853 858 
771 849 851 852 853 858 
771 772 774 850 852 853 868 
771 774 845 849 850 851 853 
771 849 850 851 852 858 861 
840 857 860 
856 857 858 859 860 861 
855 857 859 860 
854 855 858 859 860 
850 853 855 856 857 859 860 861 871 
855 856 857 858 860 861 871 
854 855 856 857 859 
853 855 858 859 871 
838 863 864 865 866 
862 864 865 
704 838 862 863 865 866 
692 704 705 706 862 863 864 
838 844 862 864 867 
838 840 866 867 
851 869 870 
868 870 
868 869 
858 859 861 

