91 534
89 2 
87 89 1 2 
87 88 89 91 4 
87 88 91 3 
6 8 10 11 17 18 19 25 26 27 28 29 30 31 41 
5 9 10 14 15 22 23 48 86 
5 8 10 17 18 25 26 27 28 29 30 
5 7 10 17 18 19 29 30 
6 10 14 15 16 22 23 24 
5 6 7 8 14 15 16 17 24 25 26 27 
5 12 13 20 21 34 35 
11 13 20 21 34 35 36 
11 12 
6 9 15 16 24 
6 9 10 14 16 
9 10 15 24 
5 7 8 10 26 27 28 
7 8 19 30 31 33 
5 8 18 30 31 32 33 
12 21 
20 34 
6 9 23 
6 14 22 
10 16 
10 26 
5 27 28 
5 7 10 17 26 28 
7 17 26 27 
5 7 
8 19 
5 18 19 33 
18 33 
18 19 32 
11 12 35 36 
12 34 36 
12 34 35 
38 39 40 43 44 45 49 53 54 55 56 57 58 59 67 68 69 70 71 73 87 88 
37 39 40 42 43 44 45 46 50 55 56 58 59 60 71 72 73 74 75 76 77 
37 38 41 42 44 45 46 47 48 50 51 60 61 62 63 80 81 82 83 39 
37 38 42 49 52 66 87 88 89 90 91 3 4 
5 6 7 8 9 10 14 15 16 22 23 24 39 46 47 48 64 65 86 
37 38 39 40 43 53 55 56 57 67 68 69 70 71 
37 38 42 56 57 68 70 71 
37 38 39 45 46 50 59 60 61 78 79 
37 38 39 44 50 60 78 79 
38 39 44 47 48 50 51 81 84 85 
39 41 46 51 62 63 81 82 83 84 85 
6 9 39 41 46 64 65 86 
37 40 52 
38 39 44 46 61 80 
39 46 47 62 63 81 82 
49 66 
37 42 67 
37 53 
37 38 42 56 67 68 
37 38 42 43 57 68 69 
37 38 42 43 56 68 70 
37 38 72 73 74 
37 44 75 76 59 
38 44 45 50 78 79 
39 50 60 78 79 
39 46 47 51 63 81 82 83 
39 46 47 62 81 82 83 84 
41 48 
41 48 86 
40 49 
42 53 54 55 
37 42 55 57 
42 56 68 
38 42 57 
37 38 43 72 
38 58 71 72 
37 38 58 72 
37 38 58 
38 59 76 77 
75 77 
38 59 75 
44 45 60 79 
44 45 61 
39 50 
46 47 51 62 63 82 
39 46 47 62 63 81 
39 46 47 62 84 85 
46 63 83 85 
46 47 63 83 84 
41 48 65 
49 52 88 89 90 91 1 2 3 
89 90 91 3 
87 90 1 2 
87 88 89 91 3 4 
87 88 90 4 

