112 707
4 5 7 8 9 10 14 18 19 20 21 22 23 24 25 26 32 33 34 35 36 37 38 39 
3 6 7 11 12 15 27 28 46 52 55 
2 4 6 7 11 12 15 16 3 27 28 29 46 52 55 
1 3 5 7 8 9 13 14 17 18 19 20 21 22 30 31 32 
1 8 9 14 18 19 20 22 23 32 33 
2 3 12 15 16 27 28 29 
1 2 3 6 8 12 13 17 
4 5 7 9 13 17 18 19 30 31 
1 4 5 8 14 19 20 22 32 
1 24 25 39 41 
2 3 6 12 15 16 28 
2 3 6 7 11 15 16 29 
4 7 8 17 30 
1 4 5 9 21 22 23 33 
2 3 11 12 16 27 28 
3 6 12 29 
7 13 30 
1 4 5 8 9 19 18 
1 4 8 9 18 20 
4 5 9 18 19 
1 4 5 9 14 32 
1 5 9 14 21 32 
1 5 14 33 23 
1 10 25 26 34 35 36 37 38 39 
1 10 24 26 37 38 39 
10 25 40 
2 3 11 15 28 
2 3 6 11 15 27 
3 6 12 16 
4 8 13 17 31 
4 8 13 30 
1 4 5 9 14 21 22 
1 5 23 
1 24 35 
1 37 
1 24 35 37 38 
1 24 25 35 36 38 
1 24 25 35 36 37 
1 24 25 26 38 
10 41 
10 40 41 
43 44 45 47 48 49 50 53 57 58 59 60 76 77 78 79 80 81 105 106 
42 44 47 48 56 69 70 71 72 74 105 106 107 108 109 
42 43 45 48 49 50 53 59 60 61 76 77 78 79 81 82 84 85 86 
42 44 46 49 50 51 53 60 61 62 63 64 65 88 89 90 91 92 93 94 
2 3 6 45 50 51 52 54 55 67 68 103 104 46 
42 43 56 69 70 72 106 107 108 
42 43 44 49 57 58 59 76 77 78 
42 44 45 48 50 53 59 60 61 62 80 81 82 83 84 85 86 87 88 89 90 
42 44 45 49 51 62 63 64 65 93 94 95 96 97 98 
45 46 50 54 65 66 67 95 96 97 99 100 
6 11 3 46 55 102 103 
42 45 49 50 61 62 63 64 89 90 91 92 
46 51 67 68 101 
46 52 103 104 
43 47 69 70 71 
42 43 48 73 75 
42 48 
42 44 48 49 79 80 
42 44 45 49 61 83 84 85 86 
45 49 53 60 86 87 88 89 
45 49 53 63 64 92 
45 50 53 62 64 
45 50 53 62 63 65 93 
45 50 51 64 94 
50 51 95 97 99 100 
46 51 54 
46 54 101 
43 47 56 70 71 
47 56 69 71 
43 47 56 70 
43 47 73 
43 57 
43 57 75 
57 74 
42 44 48 77 
42 44 48 76 
44 48 
42 44 59 
42 44 49 81 83 
42 44 49 80 82 84 
44 49 80 81 83 84 
44 49 60 80 81 82 84 85 
44 49 60 81 82 83 85 
49 60 83 84 86 
44 49 60 61 85 
49 61 60 88 89 
45 49 61 87 89 
87 88 
45 49 53 62 
45 53 62 
45 53 91 
45 50 64 65 94 
50 65 93 
50 51 66 
50 95 
50 51 66 95 96 98 
50 66 97 99 
51 66 98 
51 99 
46 54 68 
52 55 
46 52 55 102 
46 55 
43 47 106 107 108 109 110 111 
47 105 107 108 109 110 112 
105 108 109 112 
105 106 107 109 108 
106 108 
106 111 
105 110 
105 106 107 108 

