42 177
14 31 
1 3 
1 2 
14 15 2 3 
23 24 33 
23 33 
25 34 8 9 10 
25 26 34 7 9 10 
34 7 8 10 
26 34 7 8 9 
12 28 29 16 37 
11 13 16 30 38 39 
12 14 18 19 31 39 40 
13 15 18 19 20 21 31 41 42 1 2 3 4 
14 20 21 22 4 
11 12 17 29 30 37 38 
13 16 30 39 
13 14 19 31 40 
13 14 31 
14 15 21 22 
14 15 20 22 32 
15 20 21 32 
25 32 5 6 
25 33 5 6 
23 26 33 5 6 7 9 10 
25 27 34 7 8 10 
26 27 
35 36 28 
11 12 
12 16 17 
13 14 18 19 41 42 1 
21 24 32 
23 24 25 6 
25 26 27 7 8 9 10 
11 28 36 
28 35 
29 16 
12 16 30 
12 17 
13 18 19 
14 19 42 
19 31 41 

