126 895
3 13 19 20 21 22 23 35 39 
4 7 8 9 15 16 17 24 25 35 
1 13 19 20 21 22 39 
5 7 8 9 10 14 15 16 17 18 26 27 
2 4 10 12 29 5 11 
11 6 
2 4 9 16 17 25 
2 4 7 9 10 17 18 26 27 28 
2 4 7 8 10 17 18 27 28 
2 4 5 8 9 17 18 26 27 28 
5 6 12 29 
5 11 29 
3 19 20 
2 7 15 16 24 25 
4 7 14 25 
2 4 7 14 15 
2 4 7 8 9 26 27 
8 9 10 
1 3 13 20 
1 3 13 
22 23 
3 21 23 
1 21 22 
2 14 
2 14 15 
8 10 
4 8 9 10 17 26 
8 9 10 
5 11 12 
1 2 3 4 5 6 7 8 11 13 14 19 31 32 33 34 35 36 37 38 39 40 41 42 43 44 45 46 47 48 49 50 51 52 54 55 56 57 58 59 60 61 62 63 64 65 66 67 68 69 70 71 72 73 74 75 76 30 77 78 79 80 81 82 83 84 85 86 87 88 89 90 91 92 93 94 95 96 97 99 100 101 102 103 104 105 106 107 108 109 117 118 119 126 
30 32 36 42 53 54 55 56 69 70 71 72 73 74 75 100 102 
30 33 34 36 37 42 44 56 57 58 59 60 77 78 79 80 81 82 83 84 85 86 87 
30 32 34 35 37 38 42 44 45 46 60 61 62 88 89 90 91 92 93 
30 32 33 35 37 38 39 45 46 88 89 90 92 93 94 
1 2 3 13 19 20 30 33 34 37 38 39 64 95 96 97 
30 32 42 56 57 72 73 74 75 76 
30 32 33 34 38 45 46 60 61 62 88 89 90 91 92 
30 33 34 35 37 39 45 46 94 
3 19 30 33 34 35 63 64 97 
30 41 47 48 40 118 126 
30 40 47 49 118 119 126 
30 31 32 33 36 43 44 56 57 58 59 79 80 81 82 83 84 
30 32 42 44 59 84 
30 32 42 43 59 60 84 85 86 87 
30 33 34 37 46 88 89 90 91 92 
30 33 34 37 38 45 92 93 94 
30 41 48 40 
30 40 41 47 49 51 65 66 
30 41 48 50 51 65 66 67 
30 48 49 51 65 66 67 
30 48 49 52 65 66 67 
30 50 51 65 66 67 68 
30 31 54 55 69 70 71 
30 31 55 70 71 
31 53 72 
30 31 32 36 42 57 77 
30 32 36 42 56 77 78 79 
30 32 42 82 83 
30 42 44 84 
30 32 33 37 44 61 86 87 
30 33 60 62 
33 34 37 61 88 
30 35 38 39 95 96 
30 39 97 
30 48 49 50 51 52 66 67 
30 49 50 51 65 67 
30 49 50 51 52 65 66 68 
30 51 52 
30 31 53 
30 31 53 54 71 
31 53 54 70 
31 55 
30 31 
30 31 36 73 
30 31 36 
30 75 
30 32 36 56 78 
30 32 36 56 57 
30 42 56 
30 32 42 58 81 82 
32 42 58 80 
30 32 42 58 80 81 83 
30 32 58 81 82 
30 32 42 43 44 85 
32 43 44 84 
30 32 44 87 
30 44 60 
30 34 37 45 62 
30 33 34 37 45 
33 34 45 89 91 
30 34 37 45 89 
33 34 37 45 46 
38 46 
34 38 46 93 
30 35 63 96 
30 95 
30 39 64 
31 32 36 40 41 48 49 50 51 65 99 101 102 107 108 109 116 117 118 119 124 125 126 
98 100 101 104 105 106 112 113 114 115 116 120 121 122 123 99 
31 40 41 47 48 49 50 98 99 101 102 106 107 108 109 117 118 119 124 125 126 
99 100 102 106 107 108 116 124 
40 41 47 48 98 100 101 106 107 108 109 117 118 119 
99 104 110 111 112 
99 103 105 112 113 114 120 121 122 
99 104 113 114 120 122 
98 99 100 101 102 107 108 109 124 125 
98 100 101 106 108 109 124 125 
98 100 101 102 106 107 109 117 124 125 
98 100 102 106 107 117 125 
103 111 
110 111 
103 104 
105 114 122 
99 104 105 113 122 
99 123 
98 99 101 116 
98 100 106 107 108 109 
98 100 102 126 
47 40 98 102 118 126 
99 104 105 121 
99 104 
99 104 105 114 
99 115 
98 100 101 106 107 108 125 
98 100 107 108 109 124 
98 100 102 118 119 

