69 397
2 5 6 7 8 9 10 15 16 17 18 23 24 25 26 30 32 1 
1 3 4 5 6 11 12 13 14 19 32 2 
2 4 12 19 
2 3 5 11 12 13 
1 2 4 6 7 14 20 21 22 
2 5 7 14 20 21 22 
1 22 
9 25 26 
1 8 18 9 
1 27 28 
2 3 4 12 19 
2 3 11 
3 4 
2 5 6 20 
1 7 23 
1 15 23 24 
1 9 18 
1 9 17 18 
2 3 11 
5 21 
5 6 14 20 
6 7 
15 16 
1 16 
1 8 
1 8 26 
28 
10 27 28 
30 31 32 33 35 37 39 40 43 44 46 47 48 49 57 58 59 60 61 
2 29 31 32 35 36 37 38 41 42 49 51 52 53 62 63 64 65 66 67 
29 30 32 36 37 38 41 49 50 51 52 31 62 63 64 65 
29 30 31 37 41 42 52 53 54 55 56 66 68 69 
29 34 44 45 57 58 59 
29 33 39 43 44 45 46 57 58 59 
29 30 31 33 34 36 40 47 48 49 60 61 
29 30 31 35 40 49 61 
29 30 31 32 38 41 51 52 64 65 66 67 
30 31 32 37 41 42 52 53 54 55 68 
29 33 34 44 45 46 57 58 59 
29 35 47 60 
30 31 32 38 42 53 54 68 
30 32 38 41 53 68 
29 34 39 44 45 58 
29 33 39 43 
29 33 39 43 46 59 
29 33 34 39 45 59 
40 60 
29 35 36 40 
30 31 35 36 50 61 
31 36 49 50 
64 65 
30 32 67 
30 32 38 41 42 54 55 68 
38 41 53 55 56 68 
32 38 53 56 68 69 
32 54 55 69 
29 33 34 39 43 58 
33 34 43 44 57 
29 33 34 39 46 
29 35 40 47 
29 35 36 49 
30 31 63 
30 62 
30 31 37 51 65 
30 31 37 51 64 
37 52 67 
37 52 66 
32 38 41 42 53 54 55 
32 55 56 

