104 708
2 3 4 5 8 28 
1 4 28 86 87 
1 6 9 10 11 
2 7 
1 3 8 
3 6 
2 4 
1 5 8 
3 10 11 
3 9 
3 9 
13 14 15 16 17 18 19 20 21 29 30 31 50 51 52 53 54 55 56 57 58 59 88 89 90 91 92 94 95 96 103 104 
12 14 16 17 18 20 21 29 30 31 32 52 53 54 55 57 58 59 90 91 92 
1 12 13 15 17 18 19 22 23 24 25 27 28 38 39 40 41 42 43 44 45 46 47 48 74 75 76 77 79 80 81 82 83 84 
1 2 3 4 7 12 14 18 19 22 23 24 25 26 27 28 42 43 44 45 46 47 48 81 82 83 84 85 86 87 
12 13 17 20 29 50 51 52 53 90 91 92 97 103 104 
12 13 14 16 20 29 30 31 32 53 54 55 56 57 91 
12 13 14 15 17 21 32 33 34 18 36 61 64 65 66 67 68 
12 14 15 18 22 23 24 25 39 40 41 42 71 72 73 74 75 76 77 78 79 
12 13 16 17 30 31 54 55 56 
12 13 17 18 32 33 61 62 63 64 
14 19 23 24 38 39 40 41 74 75 76 77 78 
14 15 19 22 24 39 41 42 76 77 78 79 
14 19 22 23 25 39 40 41 42 43 78 79 80 
14 15 19 24 26 42 43 44 80 25 81 82 83 
14 15 25 27 44 46 47 48 84 85 
14 15 26 28 45 46 47 48 49 84 85 
2 4 7 14 15 27 48 49 86 87 
12 13 16 17 52 53 
12 13 17 20 31 54 55 56 
12 13 17 20 30 57 58 59 
12 17 18 21 61 63 
18 21 34 35 65 67 68 
18 33 35 64 67 68 
18 33 34 67 68 
18 37 69 
36 69 70 
14 19 22 71 72 73 74 
14 19 22 24 40 41 77 78 
14 19 23 24 39 41 76 78 79 
14 19 23 24 39 40 42 78 79 
14 19 23 24 25 41 79 80 
14 15 24 80 
14 25 81 83 
14 15 26 27 46 47 48 85 
14 15 26 27 48 84 85 
14 15 26 27 45 46 48 85 
14 26 27 28 45 46 47 49 
15 27 48 86 87 
12 51 104 
16 50 
13 16 17 29 
12 13 17 29 52 
12 17 20 30 55 56 
12 13 20 30 54 56 
12 13 17 20 30 54 55 
12 13 17 58 59 60 
12 31 57 59 
12 13 31 57 58 60 59 
57 59 
21 32 62 63 
32 61 63 
18 21 62 
18 21 33 34 66 67 
18 66 67 
18 33 64 65 67 
18 33 34 35 64 65 66 
33 34 35 
36 37 70 
70 37 69 
19 38 72 73 
19 38 71 73 
19 38 72 
14 19 22 75 
22 74 
14 19 22 23 39 40 77 
14 19 22 23 39 40 76 
14 19 22 23 24 39 40 41 79 
19 24 40 41 42 78 
14 24 25 42 43 
15 83 
14 15 25 44 81 83 
14 15 25 81 82 
14 15 26 27 45 46 85 
15 26 27 45 46 47 84 
28 48 49 87 
15 49 
89 93 94 98 100 88 
88 93 98 99 100 
91 92 94 95 96 101 102 103 
50 51 90 92 96 103 104 
51 91 103 104 
88 89 98 
88 89 90 100 101 
90 94 96 97 101 102 
91 95 97 102 
90 91 95 96 102 103 
88 89 93 99 
88 98 
88 89 94 
90 94 95 
95 96 97 
90 92 97 
50 51 

