38 238
2 4 6 11 12 13 14 18 19 20 21 22 23 1 
1 3 4 5 6 8 9 10 17 32 33 34 35 36 37 38 
2 9 10 3 17 32 33 34 35 36 37 38 
1 2 6 7 8 13 14 15 16 18 22 23 24 25 26 27 
2 3 6 8 9 10 29 30 31 32 33 
1 2 4 5 7 8 13 14 15 16 24 25 26 
1 4 6 14 15 16 26 
2 4 5 6 7 15 16 28 
2 3 5 10 32 33 
2 3 5 9 33 34 35 37 
1 12 
1 11 
1 4 6 14 18 22 
1 4 6 7 13 
4 6 7 8 16 24 25 26 27 
4 7 8 15 26 27 
3 38 
1 13 19 21 22 
18 20 21 
1 18 19 
1 18 19 20 22 
1 18 21 
1 4 13 22 
4 6 7 14 15 25 26 27 
4 6 15 26 27 
4 6 15 25 27 
4 6 7 15 16 25 26 
5 29 30 
5 8 30 31 
5 28 29 31 
5 29 
2 3 5 33 
2 3 5 9 10 32 
2 3 9 10 36 37 
2 3 10 36 37 
2 10 34 35 37 
2 3 10 34 35 36 
2 3 

