70 530
66 67 69 70 4 15 16 30 31 32 33 61 62 63 
66 68 3 7 8 9 10 11 12 13 22 23 24 39 40 41 42 43 44 45 
66 67 68 2 13 25 26 45 46 47 48 49 50 51 
66 67 68 69 70 1 14 15 29 30 58 59 
66 6 17 19 34 35 36 
66 5 17 19 34 35 36 
66 2 8 10 20 21 38 
66 2 7 9 10 11 20 21 22 39 
66 2 7 8 10 11 20 21 22 39 
66 2 7 8 9 11 12 21 22 39 
66 68 2 9 10 12 22 39 40 41 42 43 
66 68 2 10 11 22 23 24 39 40 41 42 43 44 
66 68 2 3 25 26 47 49 
66 67 68 69 4 27 28 29 54 55 56 
67 69 4 30 58 59 60 
67 69 70 1 33 62 63 64 65 
66 6 18 19 34 
66 5 6 17 19 34 
66 5 6 17 18 34 
66 7 8 21 37 38 
66 7 8 9 20 37 38 
66 8 9 10 11 12 39 40 
66 68 2 11 12 24 44 
2 12 23 44 
66 68 3 13 26 48 49 50 51 
66 68 3 13 25 49 50 51 52 
66 68 14 28 53 
14 27 54 55 
69 4 14 56 57 
67 69 70 1 4 60 61 
1 32 
67 69 70 1 16 31 62 
67 70 1 62 63 
66 5 6 17 18 19 
66 5 36 
66 5 6 35 
66 7 20 21 38 
66 7 20 21 37 
66 2 8 9 10 11 12 22 
66 2 11 12 22 41 42 43 
2 11 42 
11 12 40 41 43 
2 11 12 40 41 42 44 
66 2 12 23 24 
66 68 2 3 13 46 
66 68 45 
66 68 3 13 
68 3 25 49 
68 3 13 25 26 48 50 
68 3 25 26 49 51 
3 25 26 50 52 
68 26 51 53 
68 27 
27 55 
28 54 
29 57 
29 56 
69 4 15 59 
4 15 58 
67 69 70 4 15 30 
67 69 70 1 
67 70 32 33 
67 1 33 64 
67 16 63 65 
16 64 
67 68 69 70 1 2 3 4 6 7 8 9 10 11 12 13 14 17 18 19 20 21 22 23 24 25 26 27 34 35 37 38 39 40 41 42 43 44 45 46 47 48 
66 68 69 70 1 3 4 14 15 16 30 31 32 33 60 61 62 63 64 65 
67 69 70 2 3 4 11 13 14 23 24 25 26 27 28 45 46 47 48 49 50 51 52 53 
66 67 68 70 1 14 15 16 29 30 32 69 58 59 60 61 
66 67 68 69 1 4 15 16 30 31 32 33 60 61 62 

