183 1449
152 1 
157 162 163 3 
157 162 2 
152 157 163 164 5 6 
152 157 163 164 4 6 
152 157 163 164 4 
152 158 165 
155 159 167 168 169 
151 153 155 168 169 170 171 172 
151 153 171 172 
151 153 173 174 175 176 
151 153 176 177 178 
151 153 178 
151 156 160 179 15 
151 160 14 
156 160 180 17 
154 156 180 16 18 
154 160 17 
154 156 20 
154 156 19 21 
156 181 
154 181 
154 161 182 183 
128 129 154 161 182 183 23 
26 27 28 29 31 34 35 57 90 92 93 95 96 97 98 99 106 107 108 126 
25 27 28 29 30 31 32 33 35 36 37 38 39 40 43 44 45 46 47 48 49 50 51 52 60 63 64 65 66 67 68 69 70 71 72 73 74 75 76 77 
25 26 28 29 30 31 32 33 35 36 37 38 39 40 43 46 47 48 49 50 51 52 53 66 68 70 71 72 73 74 75 76 77 78 79 
25 26 27 29 34 35 43 57 58 28 59 92 108 
25 26 27 28 30 31 32 35 36 37 38 43 44 45 46 47 48 49 50 64 65 66 67 68 69 70 71 72 73 
26 27 29 32 33 38 39 40 51 52 53 54 55 56 78 80 81 82 83 84 85 86 87 
25 26 27 28 29 32 35 36 37 43 44 45 47 48 60 63 64 65 66 67 68 
26 27 29 30 31 37 38 46 47 48 49 50 68 69 70 71 72 73 
26 27 30 41 56 33 42 89 
25 28 57 58 108 
25 26 27 28 31 43 44 59 60 62 63 
26 27 29 31 32 37 46 47 48 49 68 69 70 72 
26 27 29 31 32 36 47 49 68 69 70 71 72 
26 27 29 30 32 50 52 73 74 75 76 77 
26 27 30 40 54 55 78 79 80 81 82 
26 27 30 39 53 54 80 81 82 
30 56 41 88 
33 42 89 
26 27 28 29 31 35 45 60 61 62 63 64 65 
29 31 35 43 45 46 63 65 
26 29 31 43 44 46 47 64 65 
27 31 36 44 65 66 67 68 
26 27 31 32 36 45 46 66 67 68 
26 27 29 31 32 36 37 49 69 70 71 72 
26 27 29 32 36 37 48 69 70 71 72 
26 27 32 38 74 75 76 
26 27 30 50 52 76 77 
26 27 30 38 51 76 77 78 
27 30 39 40 54 81 82 
30 39 40 53 55 82 
30 39 54 82 83 84 
30 33 41 88 
28 34 58 
25 28 34 57 
28 35 59 
31 35 43 61 62 
35 43 60 62 
35 43 60 61 63 
26 31 35 43 44 60 62 
26 29 31 44 45 65 
26 29 31 43 45 46 64 
26 27 29 31 36 46 47 67 68 
26 29 31 36 46 47 66 68 
26 27 29 31 32 36 37 46 47 67 
26 27 29 31 32 36 37 49 70 
26 27 37 48 49 69 72 
26 27 32 36 37 48 49 72 
26 27 32 37 48 49 70 71 
26 27 32 38 50 74 
26 27 50 73 75 
26 38 50 74 
26 27 38 50 51 52 77 
27 38 51 52 76 
27 30 52 
39 78 81 
30 39 40 78 79 
39 40 53 79 80 
30 39 53 54 
84 85 86 
55 83 86 
30 55 83 84 86 
30 41 84 85 87 
30 41 56 
33 41 56 
33 42 
25 91 92 93 94 95 96 97 100 101 102 103 104 105 115 116 117 118 119 120 134 135 136 137 138 139 140 141 142 143 151 154 
90 94 100 110 111 112 113 114 115 130 131 132 133 154 
28 90 93 94 95 96 97 98 99 103 104 105 106 107 121 122 124 125 145 146 148 
90 92 95 96 97 98 99 105 106 107 121 122 123 124 125 146 147 148 149 150 
90 91 92 95 100 101 102 103 116 117 118 119 120 138 139 141 
92 93 94 96 97 98 103 121 122 145 146 
90 92 93 95 97 98 99 104 105 106 107 121 122 123 124 125 146 147 148 
90 92 93 95 96 98 99 106 107 122 123 124 125 126 147 148 149 150 
92 93 95 96 97 99 106 107 108 123 124 125 126 147 149 150 
92 93 97 106 107 108 123 126 149 150 
90 91 94 101 102 115 116 117 118 138 139 140 141 
90 94 100 102 116 117 118 138 139 
90 94 101 116 117 118 119 138 139 140 141 
92 94 104 105 120 142 143 144 
92 95 96 103 105 121 145 
90 92 93 95 96 103 104 121 145 
92 93 95 96 97 98 99 107 122 123 124 125 146 147 148 149 
92 93 97 99 106 108 126 150 
34 98 107 108 
127 128 129 182 183 23 
91 111 130 
91 110 130 
113 114 132 133 
112 114 132 133 
91 113 133 
100 134 135 136 137 
90 94 100 101 117 118 138 
90 94 100 101 102 116 118 138 139 
90 94 100 101 102 116 138 139 140 141 
90 94 102 120 
90 94 119 142 
92 93 95 96 104 105 122 145 146 
92 93 96 97 121 146 
92 96 97 98 99 106 124 125 147 148 
92 93 96 98 106 123 147 148 
92 93 96 97 98 99 106 123 124 147 148 149 
97 98 99 107 150 126 
109 128 129 23 24 
109 127 129 24 
109 127 128 24 
91 110 
91 112 113 
91 131 
91 112 113 114 
135 136 137 
90 115 134 136 137 
90 115 134 135 137 
90 115 134 135 136 
90 94 100 101 102 116 117 118 
90 94 100 101 102 116 117 118 140 141 
90 94 100 118 139 141 
90 94 100 102 118 139 140 
90 120 142 
90 144 
103 143 
92 95 104 105 
96 106 122 
92 93 96 97 98 106 123 124 125 
92 93 96 97 106 123 124 125 147 
93 97 98 99 125 
93 98 99 
90 91 152 153 154 155 156 159 160 161 167 168 170 171 172 173 174 175 176 177 178 180 9 10 11 12 13 14 15 16 
151 152 157 158 162 163 164 165 166 1 2 3 4 5 6 7 
151 154 155 156 159 160 167 168 169 170 171 173 174 175 176 177 178 8 9 10 11 12 13 
91 109 127 128 151 153 156 160 161 180 181 183 17 18 19 20 21 154 22 24 
151 153 167 168 169 170 159 155 8 9 
151 160 161 180 181 14 15 16 17 18 19 20 21 
152 158 163 164 165 2 3 4 5 6 
152 164 7 
153 155 168 169 159 8 
151 153 154 156 179 180 14 15 16 17 18 
109 127 128 129 151 154 156 182 183 23 24 
157 2 3 
152 157 164 2 3 4 5 6 
152 157 158 163 165 5 6 
157 166 
152 165 7 
155 159 168 169 8 
151 153 155 159 167 170 8 9 
155 159 167 168 170 171 172 8 9 
151 153 155 169 171 172 
151 153 155 169 170 172 173 9 10 
151 153 169 170 171 9 10 
151 153 174 175 176 10 11 
151 153 173 175 176 
151 174 176 11 
151 173 174 175 177 12 
153 176 178 12 13 
151 153 177 12 13 
151 156 160 14 
151 154 156 15 16 17 
154 156 20 22 
109 127 128 154 161 183 23 24 182 
127 128 129 182 24 

