232 1486
2 3 4 5 6 7 9 10 11 12 13 14 15 17 18 19 21 22 23 24 25 26 36 37 38 39 40 54 55 56 57 104 188 189 
1 3 4 5 6 7 8 9 10 11 12 13 14 17 18 19 20 21 22 23 36 37 2 38 55 
1 2 4 6 7 8 9 10 13 14 15 16 24 25 26 27 28 29 30 31 32 33 46 47 49 51 52 189 190 192 193 194 199 200 208 
1 2 3 7 8 9 10 15 16 28 29 30 31 32 33 48 49 50 51 52 189 190 192 193 194 199 200 201 208 209 210 211 
1 17 34 35 
1 2 3 7 13 14 21 22 38 39 
1 2 3 4 6 8 9 10 14 15 24 25 26 27 28 40 43 44 45 46 
1 2 3 4 7 9 10 15 16 24 25 26 27 43 44 45 46 
1 2 3 4 7 10 15 16 26 28 44 46 47 
1 2 3 4 7 8 9 15 16 27 28 46 47 
1 2 12 18 19 20 36 37 
1 2 11 19 
1 2 6 22 23 
1 2 3 6 7 24 40 
1 3 7 8 9 10 16 27 46 47 
4 8 10 15 28 47 
1 5 34 35 
1 2 11 19 20 36 37 
1 2 11 18 20 37 
2 19 
1 6 
2 13 38 39 
1 2 6 13 22 38 39 
1 3 7 8 14 25 26 41 42 
1 3 7 8 40 41 42 43 
1 3 7 8 9 24 25 27 43 44 
3 7 8 9 10 15 26 43 44 45 
3 4 7 8 9 10 15 16 47 
3 4 30 31 32 
3 4 29 31 32 48 
3 4 29 30 48 49 
3 29 30 31 48 49 
3 4 50 
5 17 
5 17 34 
1 2 11 
1 18 19 20 
1 6 13 22 23 39 
6 22 23 
1 7 14 24 25 41 42 
24 25 40 42 
25 41 
7 24 25 26 27 44 
7 8 9 27 43 45 
7 8 27 44 
3 7 8 9 15 
3 9 10 15 16 28 
3 4 29 30 31 32 49 
3 31 32 48 
3 4 33 
3 4 33 50 
4 193 
54 58 59 69 85 86 87 103 104 106 107 115 131 132 160 161 
56 58 59 60 61 69 70 71 87 88 89 90 103 104 54 
5 56 57 67 68 80 81 82 83 84 100 101 
54 55 57 61 62 63 64 66 72 73 74 75 76 77 78 95 96 97 98 
55 56 63 64 65 66 68 76 77 78 79 80 98 99 
53 54 69 86 87 
53 54 60 70 90 
54 59 
54 56 62 71 72 73 74 91 92 93 94 
56 61 64 65 66 74 75 76 95 96 97 
56 62 64 65 66 75 76 77 96 97 98 
56 57 62 63 65 66 75 76 77 96 97 
56 57 62 63 64 66 76 77 78 96 97 98 
56 57 62 63 64 65 76 77 78 79 98 99 
55 57 78 79 80 
55 57 67 80 
54 58 85 86 
54 59 89 90 
61 72 73 91 71 92 93 
56 61 71 73 74 91 92 93 94 
56 61 71 94 
56 61 62 72 73 94 95 
62 63 96 
56 57 62 63 64 65 66 77 78 79 98 
56 57 63 64 66 76 98 
56 57 65 66 67 76 77 99 
67 78 99 
55 57 67 68 81 
55 68 80 
55 83 100 101 
55 82 84 100 101 
55 82 83 100 101 
53 69 86 
53 58 69 85 
53 54 88 
54 87 
54 59 70 
54 59 70 
61 71 92 
61 91 71 93 
61 71 91 92 
72 73 74 
62 73 74 
56 63 64 65 97 
56 65 96 
56 57 63 64 65 66 76 77 78 
57 66 79 
82 83 101 
55 82 83 84 100 
103 104 105 108 109 110 111 112 116 117 118 119 120 121 122 123 134 135 136 137 138 139 140 141 166 
53 54 102 104 106 107 112 113 114 115 126 127 128 129 130 131 132 148 149 150 151 152 153 154 155 156 157 
53 54 58 69 102 103 106 107 114 115 130 131 132 151 152 153 154 155 156 157 158 159 160 161 
102 109 117 118 119 134 105 135 
103 104 107 113 114 127 128 129 130 148 150 
103 106 114 115 130 151 152 153 
102 116 133 108 175 187 
102 105 110 119 136 138 139 140 
102 111 121 122 123 124 125 141 142 143 
102 110 121 122 123 125 141 143 
102 103 126 112 
103 106 126 128 148 149 
103 104 107 115 130 151 152 
103 104 107 114 131 151 153 154 155 
108 117 
102 105 118 117 
102 105 117 134 
102 105 109 120 136 137 138 
109 138 140 
102 109 110 111 122 
102 110 111 124 141 142 
102 110 122 124 125 141 142 143 
110 111 122 123 125 141 142 143 
110 111 123 124 143 
103 112 113 144 145 146 147 
103 148 
103 106 113 129 148 149 150 
103 128 148 149 
103 104 106 107 114 
103 104 115 155 156 157 158 
103 104 159 160 
108 187 
102 105 
102 135 
102 109 
119 136 
109 119 120 137 139 140 
102 109 120 140 
102 109 120 
102 111 121 122 123 124 142 
110 111 122 123 124 141 
110 123 124 125 
126 145 146 147 
126 147 
126 144 145 
126 144 146 
103 113 129 149 
103 106 113 128 129 148 
106 128 129 
103 104 107 115 152 
103 107 114 
103 104 115 154 
104 115 153 155 
104 115 154 
104 115 131 157 
103 104 156 
131 157 
104 132 160 
104 132 161 
104 132 
163 164 165 167 168 169 170 176 177 
162 164 165 169 170 178 
162 163 166 170 171 172 173 178 179 180 181 
162 163 167 168 169 176 177 
108 133 164 174 175 185 186 187 
162 165 167 
162 176 
162 163 177 
163 164 
164 172 180 
171 180 
164 180 181 182 183 
166 175 185 
166 174 185 186 187 
162 165 177 
162 165 168 176 
164 170 179 
164 178 
171 172 173 181 
164 173 180 182 183 
173 181 183 
181 182 
166 175 185 186 
166 174 175 184 
166 175 184 187 
133 166 175 186 
1 2 3 4 7 9 10 33 189 190 191 192 193 194 195 196 199 200 201 203 204 205 206 207 208 209 210 211 212 213 214 215 216 217 218 219 220 221 222 223 224 225 
188 190 191 192 194 200 201 202 203 204 210 211 212 213 215 216 
188 189 191 192 194 203 204 217 218 219 220 221 
189 190 192 195 205 206 207 218 219 220 221 222 224 225 
188 189 190 191 203 216 217 218 
52 188 199 193 208 
188 189 190 201 202 212 213 214 215 
188 191 228 230 195 
188 197 198 231 232 196 
196 198 231 232 197 
196 197 231 232 
200 209 
188 189 199 209 210 211 
188 189 194 202 212 213 214 215 
188 189 194 201 212 213 214 215 
189 190 204 216 
188 190 192 203 216 217 
188 191 206 207 225 226 227 
188 191 205 227 
188 191 205 206 225 226 227 
188 193 200 209 
188 199 200 208 
188 189 210 211 
188 200 210 
188 189 194 202 213 214 
188 189 194 201 202 212 
188 189 194 201 202 215 
188 189 201 202 214 
188 189 190 192 204 
188 190 192 204 
188 190 191 192 
188 190 220 221 
188 190 219 
188 191 219 220 
188 191 223 224 
188 222 224 
188 191 222 223 
188 191 205 206 207 226 227 
205 206 207 
206 207 225 226 
229 230 
195 228 230 
195 228 229 
196 197 198 232 
197 198 231 

